0.1514735 -0.00143097 -0.001904663 0 0.02433925 -0.05552768 0.03297611
0.1518919 -0.001096309 -0.0009723649 110091 0.0247472 -0.05578319 0.03293654
0.1518919 -0.001096309 -0.0009723649 220194 0.0247472 -0.05578319 0.03293654
0.1520661 -0.000605183 -0.0002008384 340307 0.02509541 -0.05607688 0.03307941
0.1523954 -0.0004805046 0.0006067757 450394 0.02548309 -0.05631911 0.03349395
0.1523954 -0.0004805046 0.0006067757 560497 0.02548309 -0.05631911 0.03349395
0.1524747 -3.318824E-05 0.001230116 670597 0.0256749 -0.05632032 0.03378488
0.15257 0.000436206 0.002038701 780700 0.02583681 -0.05632296 0.03402855
0.15257 0.000436206 0.002038701 890787 0.02583681 -0.05632296 0.03402855
0.1526113 0.001120465 0.00290557 1020921 0.0260037 -0.05624983 0.03429693
0.1526884 0.00169551 0.003667379 1121003 0.02613303 -0.05607952 0.03452228
0.1526884 0.00169551 0.003667379 1231106 0.02613303 -0.05607952 0.03452228
0.1528222 0.002085453 0.004255363 1371241 0.02621303 -0.05574954 0.03477546
0.1529225 0.002512993 0.004549747 1451301 0.02626969 -0.05521071 0.03509952
0.1529225 0.002512993 0.004549747 1581431 0.02626969 -0.05521071 0.03509952
0.1530498 0.002812702 0.004767284 1681517 0.02630025 -0.0546574 0.03539392
0.152998 0.003536369 0.004958331 1791612 0.02625556 -0.054007 0.03547667
0.1528157 0.004539772 0.005106586 1901704 0.02618661 -0.05331852 0.03549963
0.1528157 0.004539772 0.005106586 2042288 0.02618661 -0.05331852 0.03549963
0.1524498 0.005644075 0.004854145 2121910 0.02601724 -0.05255883 0.03540708
0.1518753 0.007135449 0.00469821 2242027 0.02575904 -0.05166396 0.03541555
0.1518753 0.007135449 0.00469821 2372144 0.02575904 -0.05166396 0.03541555
0.1513497 0.008804254 0.004403191 2462213 0.02558315 -0.05063871 0.03531526
0.1507959 0.01059191 0.003893136 2572313 0.02544533 -0.04956282 0.03511634
0.1507959 0.01059191 0.003893136 2682412 0.02544533 -0.04956282 0.03511634
0.1500894 0.01290049 0.003482327 2792507 0.025336 -0.04835176 0.03496265
0.1494246 0.01533846 0.003174784 2912616 0.02527936 -0.04711207 0.03470466
0.1494246 0.01533846 0.003174784 3022723 0.02527936 -0.04711207 0.03470466
0.1487738 0.0184128 0.002902659 3132831 0.02540418 -0.04564183 0.03425838
0.1482473 0.02161454 0.002788893 3252939 0.02553914 -0.04388451 0.0337537
0.1482473 0.02161454 0.002788893 3353025 0.02553914 -0.04388451 0.0337537
0.148013 0.0249351 0.002116116 3473130 0.02586468 -0.04160418 0.03307667
0.147908 0.02803443 0.001425805 3583237 0.02612068 -0.03905753 0.03261483
0.147908 0.02803443 0.001425805 3693324 0.02612068 -0.03905753 0.03261483
0.147747 0.03131881 0.0002730947 3813441 0.026392 -0.03620207 0.03221293
0.1475085 0.03482005 -0.0007299443 3933545 0.0266613 -0.03326051 0.03193886
0.1475085 0.03482005 -0.0007299443 4023631 0.0266613 -0.03326051 0.03193886
0.1469298 0.0384687 -0.001661885 4163749 0.02670419 -0.03038468 0.03167369
0.1460336 0.04278883 -0.002023303 4253838 0.02673203 -0.02765297 0.03131357
0.1460336 0.04278883 -0.002023303 4373955 0.02673203 -0.02765297 0.03131357
0.1452251 0.04700671 -0.001374547 4474029 0.02671783 -0.02523845 0.03091956
0.1438979 0.0516002 -0.0007658213 4594133 0.026477 -0.02288808 0.03038019
0.1438979 0.0516002 -0.0007658213 4704245 0.026477 -0.02288808 0.03038019
0.1428141 0.05611658 0.0007301831 4814348 0.02635621 -0.02054106 0.03018209
0.1413731 0.06071389 0.001473133 4934449 0.02607796 -0.0181285 0.02970679
0.1413731 0.06071389 0.001473133 5044544 0.02607796 -0.0181285 0.02970679
0.1396462 0.0651498 0.002053628 5144646 0.02559724 -0.01577521 0.02944411
0.1376874 0.06978147 0.002898753 5274752 0.02495895 -0.01327423 0.02936197
0.1376874 0.06978147 0.002898753 5374842 0.02495895 -0.01327423 0.02936197
0.1358196 0.0740605 0.003957299 5484937 0.02429854 -0.010929 0.02937566
0.1339174 0.07820315 0.005059121 5615071 0.02363044 -0.008665836 0.02948909
0.1339174 0.07820315 0.005059121 5705152 0.02363044 -0.008665836 0.02948909
0.1319169 0.08195608 0.005603754 5825248 0.02282674 -0.006519175 0.0296394
0.1296186 0.08572684 0.006378654 5955370 0.02180899 -0.004413592 0.03000169
0.1277374 0.08885463 0.006808558 6045459 0.02082133 -0.00238093 0.03028786
0.1277374 0.08885463 0.006808558 6155546 0.02082133 -0.00238093 0.03028786
0.1257834 0.09173045 0.007072962 6275651 0.01966439 -0.0003880629 0.03071982
0.1257834 0.09173045 0.007072962 6385762 0.01966439 -0.0003880629 0.03071982
0.1236068 0.09474472 0.007087579 6495854 0.01834782 0.001778211 0.03125421
0.1216899 0.09699245 0.007218119 6605949 0.01687708 0.003694996 0.03203947
0.1216899 0.09699245 0.007218119 6716064 0.01687708 0.003694996 0.03203947
0.1198068 0.09928367 0.007163773 6826160 0.01542615 0.005663844 0.03258528
0.1178785 0.1013522 0.007233557 6936251 0.01390626 0.007400666 0.03310108
0.1178785 0.1013522 0.007233557 7076385 0.01390626 0.007400666 0.03310108
0.1156499 0.1036614 0.007203543 7166459 0.01224515 0.009234757 0.03361034
0.1135288 0.1057626 0.007362045 7276562 0.0106267 0.01092711 0.03426211
0.1135288 0.1057626 0.007362045 7406688 0.0106267 0.01092711 0.03426211
0.1110382 0.1077987 0.007110021 7506778 0.008749932 0.01257817 0.03497402
0.1086154 0.1098932 0.006665944 7616865 0.006963092 0.01436926 0.03579054
0.106116 0.1116244 0.006315271 7716960 0.004874323 0.01607976 0.03677154
0.106116 0.1116244 0.006315271 7837076 0.004874323 0.01607976 0.03677154
0.1032239 0.1136398 0.006138887 7957176 0.002613032 0.0177979 0.03773058
0.1032239 0.1136398 0.006138887 8057263 0.002613032 0.0177979 0.03773058
0.100256 0.1155251 0.0060245 8177371 0.0002996891 0.01932043 0.0385767
0.09679908 0.1178458 0.006141995 8287474 -0.002109234 0.02083421 0.03949089
0.09679908 0.1178458 0.006141995 8397566 -0.002109234 0.02083421 0.03949089
0.09364311 0.1197036 0.006299508 8507681 -0.004538864 0.02219495 0.04033793
0.09063602 0.1213528 0.006591473 8627786 -0.006811845 0.02335065 0.0413154
0.08699892 0.1233909 0.006889359 8727876 -0.009392304 0.02453963 0.04215125
0.08699892 0.1233909 0.006889359 8857989 -0.009392304 0.02453963 0.04215125
0.08337608 0.1251598 0.007059948 8968089 -0.01194133 0.02548795 0.04292594
0.07953384 0.1269924 0.006861581 9068187 -0.01458744 0.02647353 0.04351387
0.07953384 0.1269924 0.006861581 9188287 -0.01458744 0.02647353 0.04351387
0.07587312 0.1285907 0.007000627 9308392 -0.01723198 0.02728588 0.04408198
0.07212748 0.1303171 0.007146113 9398850 -0.01995152 0.02821984 0.04461432
0.07212748 0.1303171 0.007146113 9518581 -0.01995152 0.02821984 0.04461432
0.06848911 0.1319607 0.006865459 9648711 -0.02258588 0.02929578 0.04522571
0.06511413 0.1332072 0.005762139 9738975 -0.02515044 0.03052137 0.045939
0.06511413 0.1332072 0.005762139 9858905 -0.02515044 0.03052137 0.045939
0.06094639 0.135238 0.005825905 9958995 -0.02809218 0.03188817 0.04702303
0.05752913 0.1367312 0.005994731 10079087 -0.03063544 0.03296732 0.04802224
0.05752913 0.1367312 0.005994731 10189191 -0.03063544 0.03296732 0.04802224
0.05392001 0.1383399 0.006576434 10299403 -0.03333069 0.03401006 0.04910706
0.050558 0.1397119 0.007247481 10419410 -0.03596199 0.03494479 0.05019383
0.050558 0.1397119 0.007247481 10519485 -0.03596199 0.03494479 0.05019383
0.04730878 0.1408689 0.007784012 10629730 -0.03854445 0.03580247 0.05133316
0.0438736 0.142178 0.008410562 10779719 -0.04110261 0.0366183 0.05248366
0.0438736 0.142178 0.008410562 10859796 -0.04110261 0.0366183 0.05248366
0.0406763 0.1432414 0.00860476 10969891 -0.04363329 0.03754008 0.05360899
0.03740949 0.1441072 0.008845501 11079994 -0.04624731 0.03831119 0.05483451
0.03740949 0.1441072 0.008845501 11200111 -0.04624731 0.03831119 0.05483451
0.03414579 0.1448005 0.009067272 11310210 -0.04892894 0.03899537 0.05607918
0.03072879 0.145481 0.009118597 11420314 -0.05158903 0.03959288 0.05726148
0.03072879 0.145481 0.009118597 11550415 -0.05158903 0.03959288 0.05726148
0.02704023 0.1464023 0.009062147 11650505 -0.0542165 0.04024162 0.05839257
0.02326918 0.1469023 0.008536667 11760609 -0.05703524 0.04076422 0.05945
0.02326918 0.1469023 0.008536667 11910740 -0.05703524 0.04076422 0.05945
0.01889252 0.1475873 0.007970579 12130955 -0.0600306 0.04118636 0.06047033
0.009883599 0.1485411 0.006460273 12351154 -0.06592926 0.0416562 0.06244497
0.004933936 0.1489246 0.005362133 12601363 -0.06873272 0.04176898 0.06364725
0.0002279232 0.1492714 0.004132163 12811565 -0.07134247 0.04215307 0.06503865
-0.008249142 0.1490744 0.001473666 13041761 -0.07584056 0.04283032 0.06818083
-0.01298873 0.1489335 0.0004581274 13241949 -0.07816014 0.04277182 0.06965812
-0.01777184 0.1490387 0.0001496776 13472169 -0.08055715 0.04255759 0.07104415
-0.02589289 0.1485679 -0.0005076117 13692360 -0.08491789 0.04206366 0.07351372
-0.02953014 0.1479782 -0.0008639788 13932557 -0.08704839 0.04165122 0.07458448
-0.03286382 0.1469474 -0.001063034 14142771 -0.08917417 0.04085839 0.07562149
-0.04064884 0.1450451 -0.001738517 14382983 -0.0936466 0.03886449 0.07714856
-0.04471596 0.1445598 -0.001288042 14583164 -0.09593017 0.03762366 0.07775641
-0.04833809 0.1436861 -0.001009007 14803816 -0.09826431 0.03624724 0.07817769
-0.05522241 0.1411031 -0.000623643 15053588 -0.1031137 0.03336998 0.07941546
-0.05900617 0.1400818 -8.959698E-05 15263762 -0.1055563 0.0318046 0.08000655
-0.06272753 0.1389682 0.0005350524 15473956 -0.1080313 0.03009185 0.08053359
-0.07064812 0.1364388 0.001510928 15704167 -0.1135986 0.027113 0.08219163
-0.07410335 0.1346439 0.001427527 15934383 -0.1162522 0.02592004 0.08333514
-0.07790886 0.1328545 0.001456738 16154590 -0.118662 0.0245246 0.0845836
-0.08454907 0.1289369 0.001472417 16384782 -0.1235683 0.02143044 0.08647892
-0.08752297 0.1266559 0.001308598 16594967 -0.1259043 0.01960129 0.08717152
-0.09048041 0.1246657 0.001328158 16815170 -0.1281695 0.01783776 0.08777797
-0.09569686 0.120215 0.001790321 17045382 -0.1325431 0.01388997 0.08921807
-0.09821107 0.1179554 0.002127236 17275577 -0.1346887 0.01191199 0.09005018
-0.100463 0.115978 0.002824368 17516005 -0.136691 0.009922486 0.09083579
-0.1057279 0.11174 0.004095773 17715995 -0.1406764 0.005874532 0.0928503
-0.1081008 0.1093816 0.004613637 17946187 -0.1426125 0.003760687 0.09382915
-0.1102939 0.107009 0.005094701 18156376 -0.1444088 0.001662735 0.09478638
-0.1148561 0.1020938 0.006051915 18386588 -0.1481873 -0.002855067 0.09650093
-0.1169687 0.09942878 0.006436567 18626801 -0.1500008 -0.005285767 0.09726606
-0.1188742 0.09677205 0.006831465 18826981 -0.1516668 -0.007596029 0.09814525
-0.1227919 0.09081514 0.007568653 19057205 -0.1549752 -0.01283525 0.09991091
-0.1246605 0.08795626 0.008055375 19307877 -0.1564993 -0.01559027 0.1006333
-0.1278415 0.08160205 0.008925878 19507600 -0.1593878 -0.02139283 0.1022165
-0.1292729 0.0782745 0.009656215 19737803 -0.1608004 -0.02458669 0.1031006
-0.131002 0.07459272 0.00990512 19968011 -0.1622037 -0.02787529 0.1038892
-0.1342496 0.06661711 0.01138126 20178205 -0.1648178 -0.03563651 0.1058061
-0.1362544 0.06194821 0.0112622 20408409 -0.1662814 -0.03979262 0.1064117
-0.1381338 0.05739867 0.01142749 20648633 -0.1677115 -0.04405279 0.1070257
-0.1411951 0.04755228 0.01120016 20838797 -0.1705044 -0.0530888 0.107733
-0.1430583 0.0426553 0.01097803 21069005 -0.1719004 -0.05770751 0.1079403
-0.1445647 0.03759516 0.01072214 21319526 -0.1732068 -0.06236133 0.1081623
-0.1483766 0.02781591 0.01047472 21529420 -0.1756657 -0.07181218 0.1086369
-0.1495345 0.02267598 0.01016204 21739610 -0.1766643 -0.07642074 0.1089045
-0.1516336 0.01829061 0.01032371 21969814 -0.1779576 -0.08076377 0.1093264
-0.1532228 0.01365759 0.01015631 22190016 -0.1790287 -0.08503562 0.1096549
-0.1539523 0.005180023 0.01149572 22430849 -0.1802558 -0.09349146 0.1108854
-0.1542966 0.0009906222 0.01205007 22640415 -0.1806519 -0.09777495 0.1113326
-0.1548141 -0.006844691 0.01332261 22870631 -0.1811219 -0.1057666 0.1124619
-0.1548426 -0.01104495 0.01366147 23100842 -0.1811572 -0.1097221 0.1130427
-0.1535087 -0.01509607 0.0142802 23321228 -0.1808618 -0.1134488 0.1137025
-0.1534596 -0.01849722 0.01535899 23561266 -0.1807048 -0.1171881 0.1144755
-0.1506799 -0.02618014 0.01667759 23751421 -0.1796069 -0.1242293 0.1159543
-0.1492669 -0.02993569 0.01731929 23981629 -0.1789234 -0.1277944 0.1165685
-0.1480046 -0.03369382 0.01796913 24212015 -0.1782259 -0.1314245 0.1171742
-0.1452882 -0.04155357 0.01890169 24432036 -0.1767372 -0.1388586 0.1181435
-0.1438427 -0.04572173 0.01910868 24662251 -0.1758189 -0.1426154 0.1185842
-0.1404894 -0.05438586 0.01896864 24872433 -0.1739696 -0.1502751 0.1189216
-0.1390688 -0.05848801 0.01888954 25092632 -0.1732277 -0.1540565 0.11892
-0.1377212 -0.06275597 0.01842484 25342870 -0.1725004 -0.1578292 0.1187131
-0.135119 -0.07148846 0.01703104 25543050 -0.1709266 -0.1654342 0.1180175
-0.1336802 -0.07565577 0.01641199 25773246 -0.170074 -0.1691975 0.1175638
-0.1320969 -0.07923965 0.01612195 25983440 -0.1690439 -0.1726781 0.1171686
-0.1281926 -0.08593188 0.01577716 26223665 -0.166572 -0.1790166 0.1166162
-0.1261733 -0.08875241 0.01587649 26483891 -0.1652189 -0.1817297 0.1165588
-0.1205689 -0.09387567 0.01652539 26664232 -0.1615327 -0.1867093 0.116576
-0.117854 -0.0958657 0.01715481 26894262 -0.1596999 -0.188823 0.1167244
-0.1146029 -0.09789494 0.01777048 27124465 -0.1572757 -0.1908871 0.1169558
-0.1108446 -0.09991719 0.01840848 27334825 -0.1548458 -0.192687 0.117221
-0.1036273 -0.1036208 0.01967528 27554858 -0.1497432 -0.1962823 0.1176213
-0.09997913 -0.1054751 0.02013447 27815105 -0.1471841 -0.1979914 0.1176982
-0.09301125 -0.1100705 0.02048739 27995397 -0.142528 -0.2014198 0.1180048
-0.08953638 -0.111982 0.02065488 28245481 -0.1399406 -0.203114 0.1179207
-0.08598106 -0.1138894 0.02081483 28465676 -0.1374583 -0.2047284 0.1177923
-0.07787262 -0.1181128 0.02078733 28675873 -0.1323822 -0.2077411 0.1172328
-0.07346751 -0.1201125 0.02071935 28916086 -0.1298203 -0.2092176 0.1165885
-0.06977864 -0.121119 0.02096556 29116259 -0.1270798 -0.2107383 0.1157875
-0.0649858 -0.123294 0.02033708 29346620 -0.1239933 -0.2122075 0.1147764
-0.05491611 -0.1278228 0.01805169 29586853 -0.1172411 -0.2149273 0.1120444
-0.04963577 -0.1305395 0.01634947 29796881 -0.1135425 -0.2163664 0.1104554
-0.04450642 -0.1325832 0.01507704 30037106 -0.1098734 -0.2174898 0.1090146
-0.03391711 -0.1369894 0.01204788 30237278 -0.102418 -0.2196797 0.1057292
-0.02896831 -0.138725 0.01060668 30487504 -0.0987692 -0.2205249 0.1041099
-0.01860668 -0.1433093 0.007202688 30698022 -0.09138086 -0.2224275 0.1007467
-0.01383753 -0.145128 0.005714297 30907884 -0.08783258 -0.2232087 0.09917223
-0.009859111 -0.1458404 0.004430484 31138091 -0.08454935 -0.2236452 0.09756503
4.463395E-05 -0.1487365 0.001930307 31358290 -0.07719852 -0.2250067 0.09424826
0.005116729 -0.1504852 0.000717479 31578489 -0.07354898 -0.2258344 0.09258945
0.01027545 -0.1515841 -0.0003159388 31808697 -0.06967857 -0.2264578 0.0908297
0.02035039 -0.153695 -0.00221052 32028895 -0.06232211 -0.2272062 0.08760933
0.02495447 -0.1538226 -0.00275195 32249252 -0.0587714 -0.2272118 0.08618774
0.03010117 -0.1535193 -0.003015332 32509333 -0.05488893 -0.2269402 0.08469047
0.04022766 -0.152469 -0.003405985 32699492 -0.04731755 -0.2254686 0.0821109
0.04532884 -0.1512822 -0.00347861 32929712 -0.04352053 -0.2241363 0.08080851
0.05069497 -0.1495516 -0.003233149 33169925 -0.03934498 -0.2226132 0.07959834
0.0609788 -0.1447216 -0.002901396 33370106 -0.03084814 -0.2187039 0.07710296
0.06663626 -0.1426394 -0.002600271 33600321 -0.02650826 -0.2165352 0.07594749
0.07203685 -0.1396316 -0.002113458 33820524 -0.02224922 -0.2138812 0.07472
0.08274947 -0.1330446 -0.00107488 34060733 -0.01383965 -0.2078189 0.07231181
0.08769057 -0.1291187 -0.0007148145 34290937 -0.009856165 -0.2042246 0.07104858
0.09726027 -0.1213243 -0.0008266557 34491117 -0.002004341 -0.1966843 0.06826496
0.1017514 -0.1170654 -0.0009237121 34711332 0.001783128 -0.1927079 0.06683183
0.1056527 -0.1119402 -0.001031402 34931507 0.005262326 -0.1883169 0.06526053
0.1099171 -0.1073792 -0.001397029 35151867 0.008882794 -0.1839362 0.06369796
0.1177724 -0.09722976 -0.002012482 35412062 0.01576796 -0.17458 0.06058371
0.1215006 -0.09178852 -0.002446782 35612129 0.01916201 -0.1696112 0.05900796
0.1253369 -0.08652316 -0.00285933 35832332 0.02252461 -0.1646365 0.05742493
0.132375 -0.0748469 -0.003687689 36082549 0.02868471 -0.1537318 0.05403358
0.1352505 -0.06926132 -0.004973988 36282738 0.0312391 -0.1480244 0.05233433
0.137803 -0.06327058 -0.006687674 36512934 0.0335845 -0.141839 0.05051149
0.1419086 -0.05084827 -0.0100205 36753163 0.03749286 -0.128842 0.04760392
0.1437203 -0.0437696 -0.01090622 36953335 0.03925773 -0.1220335 0.04626526
0.1453033 -0.03674041 -0.01168316 37183551 0.04084957 -0.1153165 0.04507483
0.1483151 -0.02305773 -0.01261425 37393737 0.0438594 -0.1023194 0.0431786
0.1495234 -0.01675042 -0.01304887 37643975 0.04526587 -0.09642033 0.04253275
0.1506175 -0.01043141 -0.01332918 37864311 0.04658658 -0.09052147 0.04207303
0.1528904 0.0009896551 -0.0134093 38074347 0.04907121 -0.07959735 0.04166845
0.1538287 0.00695742 -0.01271053 38304555 0.05019134 -0.07425113 0.04179382
0.1546359 0.01213116 -0.01235967 38504743 0.05116083 -0.06944798 0.04189904
0.1553669 0.02209623 -0.01118018 38734955 0.05232117 -0.06049996 0.04235215
0.1551729 0.0262995 -0.01058375 38965155 0.05245248 -0.0568107 0.04277788
0.155742 0.02891451 -0.009919431 39175344 0.05242206 -0.05359701 0.04321343
