0.1430805 0.004942514 0.000798136 0 0.07691008 -0.01037362 0.2264473
0.1430805 0.004942514 0.000798136 100443 0.07691008 -0.01037362 0.2264473
0.1430206 0.004980596 -0.001074433 200342 0.07609402 -0.01023001 0.2256431
0.1429662 0.004909854 -0.002860829 340307 0.07532451 -0.01010948 0.2248806
0.142926 0.004941038 -0.004573509 440413 0.07451528 -0.009823341 0.2241164
0.142926 0.004941038 -0.004573509 540487 0.07451528 -0.009823341 0.2241164
0.1428244 0.00609277 -0.005571052 660596 0.0735727 -0.009220765 0.2235147
0.1428244 0.00609277 -0.005571052 770740 0.0735727 -0.009220765 0.2235147
0.1431907 0.005527508 -0.007174 880803 0.07304874 -0.008976651 0.2225482
0.1435025 0.006945795 -0.007310987 990918 0.07244202 -0.008291471 0.2219305
0.1435025 0.006945795 -0.007310987 1101269 0.07244202 -0.008291471 0.2219305
0.1439235 0.006982598 -0.00870131 1221106 0.07201475 -0.007856891 0.2209835
0.1445131 0.007696844 -0.009045824 1331387 0.07166399 -0.007230863 0.2201933
0.1445131 0.007696844 -0.009045824 1451629 0.07166399 -0.007230863 0.2201933
0.1452328 0.008539382 -0.00892438 1551412 0.07145041 -0.006537638 0.2194641
0.1459404 0.009079756 -0.008859083 1671512 0.07123792 -0.005690717 0.2187711
0.1459404 0.009079756 -0.008859083 1782248 0.07123792 -0.005690717 0.2187711
0.1465297 0.009826825 -0.008471623 1892023 0.07119334 -0.004785299 0.2183235
0.1470719 0.01073275 -0.007825211 2001964 0.07136644 -0.00375032 0.2180614
0.1470719 0.01073275 -0.007825211 2122154 0.07136644 -0.00375032 0.2180614
0.1473869 0.01219844 -0.007678375 2222005 0.07152769 -0.002581391 0.2178298
0.147671 0.01387469 -0.007279456 2332104 0.07177852 -0.00139212 0.2177077
0.147671 0.01387469 -0.007279456 2452213 0.07177852 -0.00139212 0.2177077
0.1478954 0.01640429 -0.006698728 2552299 0.07218426 -3.302003E-05 0.2176691
0.147908 0.01941456 -0.006119862 2672411 0.07252236 0.001451076 0.2177572
0.147908 0.01941456 -0.006119862 2792532 0.07252236 0.001451076 0.2177572
0.1479281 0.02267336 -0.005492434 2892614 0.0728837 0.00311463 0.2178303
0.1477761 0.02673097 -0.004097357 3012718 0.07326978 0.005059894 0.2181703
0.1477761 0.02673097 -0.004097357 3142836 0.07326978 0.005059894 0.2181703
0.1475582 0.03087961 -0.002817303 3232933 0.07361223 0.007078318 0.2184784
0.1471147 0.03551954 -0.001499951 3343016 0.0738707 0.009235278 0.218871
0.1462939 0.04075748 -0.0009566694 3483143 0.07386774 0.01154876 0.2192243
0.1462939 0.04075748 -0.0009566694 3573228 0.07386774 0.01154876 0.2192243
0.1453106 0.0459809 -0.0003083497 3673335 0.0738073 0.01386229 0.2196704
0.1453106 0.0459809 -0.0003083497 3793427 0.0738073 0.01386229 0.2196704
0.1440855 0.05129544 0.000199154 3903530 0.0736021 0.01627271 0.2202038
0.1426796 0.0564772 0.0007771552 4013622 0.07321143 0.0186794 0.2208207
0.1426796 0.0564772 0.0007771552 4153748 0.07321143 0.0186794 0.2208207
0.1410723 0.0615053 0.001066849 4243842 0.07274857 0.02101857 0.2215179
0.1393231 0.06652395 0.001409441 4343920 0.07222612 0.02333354 0.2222682
0.1374531 0.07160704 0.001729742 4464369 0.07159294 0.02567923 0.2230046
0.1374531 0.07160704 0.001729742 4574144 0.07159294 0.02567923 0.2230046
0.1353556 0.07676303 0.00192678 4684227 0.07083318 0.02806155 0.2238104
0.1353556 0.07676303 0.00192678 4804331 0.07083318 0.02806155 0.2238104
0.1330364 0.08217692 0.00197874 4914455 0.06996809 0.03052402 0.2246194
0.1305944 0.08756408 0.002110139 5024530 0.06904985 0.0330601 0.2254878
0.1278374 0.0931336 0.001928836 5144829 0.0679182 0.03562561 0.2263865
0.1278374 0.0931336 0.001928836 5254758 0.0679182 0.03562561 0.2263865
0.1249588 0.09848244 0.001823902 5354836 0.06671394 0.03814515 0.2273675
0.1221066 0.1034866 0.00154534 5474940 0.06543469 0.0405573 0.2283066
0.1221066 0.1034866 0.00154534 5605066 0.06543469 0.0405573 0.2283066
0.1188155 0.1088846 0.0008226782 5695143 0.0639516 0.04298339 0.2292657
0.1155142 0.11387 0.0001858622 5815256 0.0624042 0.04527227 0.2302683
0.1155142 0.11387 0.0001858622 5915342 0.0624042 0.04527227 0.2302683
0.1120543 0.118844 -0.0006987602 6025441 0.06067276 0.04752032 0.2312252
0.1085969 0.1234006 -0.00177449 6145554 0.05879712 0.04958157 0.2321658
0.1085969 0.1234006 -0.00177449 6255661 0.05879712 0.04958157 0.2321658
0.1051451 0.1276551 -0.002656356 6365748 0.05683622 0.05157229 0.2331381
0.1017825 0.1315551 -0.003582388 6485853 0.05479482 0.05342249 0.2340603
0.1017825 0.1315551 -0.003582388 6595956 0.05479482 0.05342249 0.2340603
0.09822537 0.1355302 -0.0045643 6706055 0.05267453 0.0551893 0.2349415
0.09444013 0.1396175 -0.005649507 6826160 0.05046239 0.05690628 0.2357842
0.09444013 0.1396175 -0.005649507 6936259 0.05046239 0.05690628 0.2357842
0.09062478 0.1435135 -0.006540209 7036354 0.04825945 0.05846841 0.2365824
0.08699039 0.1468937 -0.007118136 7156458 0.04602985 0.05990126 0.2374024
0.08699039 0.1468937 -0.007118136 7256552 0.04602985 0.05990126 0.2374024
0.08302391 0.150425 -0.007828757 7376673 0.04357058 0.06128737 0.2381716
0.07914118 0.1536693 -0.008493274 7486760 0.04110177 0.06251664 0.238863
0.07914118 0.1536693 -0.008493274 7596851 0.04110177 0.06251664 0.238863
0.07509423 0.1566519 -0.009135783 7716968 0.03865124 0.06354845 0.2396068
0.07073729 0.1595722 -0.00994353 7817054 0.03614344 0.06439377 0.2403256
0.07073729 0.1595722 -0.00994353 7947184 0.03614344 0.06439377 0.2403256
0.06643321 0.1621208 -0.01076341 8047270 0.03365958 0.06506209 0.2410204
0.06207832 0.1643318 -0.01140249 8157361 0.03104901 0.06560465 0.2417344
0.06207832 0.1643318 -0.01140249 8277676 0.03104901 0.06560465 0.2417344
0.05747994 0.1663684 -0.0119236 8377568 0.02833253 0.06606126 0.2424858
0.05301032 0.1680489 -0.01225165 8497668 0.02560952 0.06638213 0.2431857
0.05301032 0.1680489 -0.01225165 8607772 0.02560952 0.06638213 0.2431857
0.04865855 0.1693661 -0.01248151 8738189 0.02288863 0.06654151 0.2438411
0.04400041 0.1706115 -0.01260903 8827966 0.01999906 0.06660993 0.2444493
0.04400041 0.1706115 -0.01260903 8948079 0.01999906 0.06660993 0.2444493
0.03911905 0.1716511 -0.01262657 9058190 0.01707268 0.06654502 0.2450377
0.03459278 0.1721518 -0.01216643 9178449 0.01412281 0.06642614 0.2457055
0.03459278 0.1721518 -0.01216643 9288382 0.01412281 0.06642614 0.2457055
0.03007657 0.1723625 -0.0115393 9388476 0.01114318 0.06618714 0.2463567
0.0253857 0.1724249 -0.01084013 9508597 0.008157149 0.06588617 0.246989
0.02059376 0.1721718 -0.009899467 9618684 0.005105108 0.06547999 0.2476512
0.02059376 0.1721718 -0.009899467 9718790 0.005105108 0.06547999 0.2476512
0.01583037 0.171549 -0.008490846 9848892 0.002279907 0.0649759 0.2483865
0.01074402 0.1708685 -0.007217973 9948990 -0.0007443726 0.06441238 0.2489977
0.01074402 0.1708685 -0.007217973 10069098 -0.0007443726 0.06441238 0.2489977
0.005631978 0.1698538 -0.005952135 10189203 -0.003855318 0.06370044 0.2495843
0.001274683 0.1685483 -0.004833788 10279280 -0.006664753 0.0628437 0.2500974
0.001274683 0.1685483 -0.004833788 10389379 -0.006664753 0.0628437 0.2500974
-0.003735872 0.1672032 -0.003770143 10529518 -0.009757459 0.06199658 0.2505466
-0.003735872 0.1672032 -0.003770143 10619587 -0.009757459 0.06199658 0.2505466
-0.007732124 0.1656777 -0.002730027 10729686 -0.0124867 0.06114901 0.2510239
-0.01214265 0.1642576 -0.001741856 10839976 -0.01540125 0.06034964 0.251324
-0.01214265 0.1642576 -0.001741856 10959890 -0.01540125 0.06034964 0.251324
-0.01680786 0.1628738 -0.0008199513 11070188 -0.01848674 0.05959565 0.2514794
-0.02082015 0.1614647 0.0004919916 11170080 -0.02149138 0.05911117 0.2518328
-0.02082015 0.1614647 0.0004919916 11290383 -0.02149138 0.05911117 0.2518328
-0.0246623 0.1602338 0.001422808 11410297 -0.02455753 0.05860666 0.251939
-0.02849545 0.1590064 0.002020553 11520416 -0.02761841 0.05802153 0.2518959
-0.03230147 0.157717 0.002203494 11630512 -0.03073436 0.05730387 0.2517278
-0.03230147 0.157717 0.002203494 11750624 -0.03073436 0.05730387 0.2517278
-0.03561121 0.1562134 0.002756014 11860857 -0.033499 0.05667729 0.2518691
-0.03916186 0.1547087 0.002828494 11960797 -0.03621268 0.05588603 0.2517327
-0.03916186 0.1547087 0.002828494 12090911 -0.03621268 0.05588603 0.2517327
-0.04276813 0.1530886 0.002887264 12191017 -0.03885573 0.0550081 0.2515125
-0.04670271 0.151423 0.003062204 12321119 -0.04163066 0.05418344 0.2511791
-0.04670271 0.151423 0.003062204 12411204 -0.04163066 0.05418344 0.2511791
-0.05037722 0.1498552 0.002698779 12531329 -0.04418072 0.05330534 0.2506776
-0.05353405 0.1482522 0.002662033 12631395 -0.04671538 0.05258713 0.2504627
-0.05353405 0.1482522 0.002662033 12751523 -0.04671538 0.05258713 0.2504627
-0.05722548 0.1466252 0.001972407 12861602 -0.04933828 0.05175911 0.2498508
-0.05995274 0.1449875 0.001206994 12971904 -0.05151463 0.05088917 0.2494893
-0.05995274 0.1449875 0.001206994 13091830 -0.05151463 0.05088917 0.2494893
-0.06251011 0.143229 0.0005185306 13191908 -0.05367467 0.04997555 0.2491938
-0.06509098 0.1409805 -0.0001962781 13322022 -0.05552161 0.0487688 0.2489516
-0.06509098 0.1409805 -0.0001962781 13412277 -0.05552161 0.0487688 0.2489516
-0.06757544 0.1386154 -0.0005588681 13532216 -0.05735856 0.04758898 0.2488308
-0.06984706 0.1361051 -0.001294434 13642311 -0.05893105 0.04608346 0.2485193
-0.06984706 0.1361051 -0.001294434 13752418 -0.05893105 0.04608346 0.2485193
-0.07212763 0.1335217 -0.001252756 13862546 -0.06054193 0.04461068 0.2483538
-0.07443762 0.1308911 -0.001545116 13982630 -0.06225637 0.04294475 0.2479572
-0.07443762 0.1308911 -0.001545116 14082712 -0.06225637 0.04294475 0.2479572
-0.07665749 0.1283541 -0.001356661 14202829 -0.06398869 0.04126994 0.2475844
-0.07888578 0.1255178 -0.001765877 14312924 -0.06564495 0.03929885 0.2470344
-0.07888578 0.1255178 -0.001765877 14433227 -0.06564495 0.03929885 0.2470344
-0.08155956 0.1222037 -0.001868099 14553149 -0.06744468 0.03713791 0.246475
-0.08441328 0.1185115 -0.00208801 14673253 -0.06916225 0.03480055 0.2458531
-0.08761918 0.1142897 -0.002148837 14763335 -0.07089657 0.03226766 0.245214
-0.08761918 0.1142897 -0.002148837 14913462 -0.07089657 0.03226766 0.245214
-0.09092849 0.1099192 -0.002057523 15013556 -0.0726338 0.02969667 0.2445343
-0.09406511 0.1056294 -0.001781017 15223908 -0.07428321 0.02717426 0.2439014
-0.0974787 0.1011123 -0.001461446 15473964 -0.07601511 0.02459365 0.2431286
-0.1009126 0.09669498 -0.0006172955 15684162 -0.07782638 0.02213536 0.242444
-0.1070169 0.08824366 0.000314191 15924395 -0.08112904 0.01696563 0.2407117
-0.1097152 0.08421712 0.0005702674 16144577 -0.08269322 0.01433016 0.2397886
-0.1122166 0.08018486 0.0006419122 16374967 -0.0841583 0.01163565 0.2388594
-0.1164164 0.07243466 -1.965463E-05 16625185 -0.08658892 0.006052968 0.2368641
-0.1178571 0.06890083 -0.001242608 16815182 -0.0874837 0.003219589 0.2357492
-0.1193235 0.06514075 -0.002050951 17035397 -0.0884307 0.000350582 0.2348435
-0.1214607 0.05681404 -0.004959807 17285595 -0.08977577 -0.005619791 0.2331881
-0.122137 0.05244321 -0.006306455 17495792 -0.09009773 -0.008753762 0.2326013
-0.1231872 0.04780831 -0.007400602 17706286 -0.09030449 -0.01206328 0.2318182
-0.125011 0.03837608 -0.008997694 17956374 -0.09019369 -0.01889435 0.2305508
-0.1261536 0.03354631 -0.009582117 18166410 -0.09018344 -0.02238693 0.2298234
-0.128312 0.02402143 -0.01051262 18366594 -0.09010226 -0.02930765 0.2284841
-0.1293908 0.01931603 -0.01094969 18596956 -0.09016457 -0.03276297 0.2277927
-0.1305158 0.01461291 -0.01147567 18826994 -0.09035558 -0.03624195 0.2270071
-0.1317267 0.009842996 -0.01165678 19057214 -0.09062582 -0.0396992 0.2263639
-0.1341012 0.000102589 -0.01253881 19277396 -0.09102404 -0.04678985 0.2247706
-0.1351287 -0.004829194 -0.01299617 19507616 -0.09127691 -0.05033058 0.224093
-0.1374188 -0.01484749 -0.01378368 19717810 -0.09172845 -0.05729779 0.2226546
-0.1384256 -0.01996192 -0.01427114 19958391 -0.09187409 -0.06073068 0.222002
-0.1393738 -0.02497575 -0.01446594 20188380 -0.09202415 -0.0640748 0.2215424
-0.1412306 -0.03497448 -0.01513018 20378390 -0.09236598 -0.07067025 0.2204757
-0.1418203 -0.03990943 -0.01579298 20618627 -0.09248108 -0.07384881 0.2200056
-0.1423604 -0.04492925 -0.01634859 20858827 -0.09259492 -0.07701106 0.2196424
-0.14314 -0.05632669 -0.01771171 21059182 -0.09284192 -0.08329567 0.2192556
-0.1434409 -0.06257392 -0.0184463 21289208 -0.0929985 -0.08644699 0.2191608
-0.143875 -0.0687408 -0.0190105 21519752 -0.09309775 -0.08961213 0.2189965
-0.1440515 -0.07854774 -0.01958865 21729617 -0.0934028 -0.09566199 0.2190605
-0.1440554 -0.08275394 -0.01974168 21949824 -0.09360272 -0.09854989 0.2191356
-0.1439323 -0.08700998 -0.01999006 22190183 -0.09381041 -0.1014131 0.2192546
-0.1434555 -0.09611956 -0.02033979 22400226 -0.0941143 -0.1072653 0.2197894
-0.1421661 -0.1014591 -0.0212425 22630580 -0.09396946 -0.1102602 0.220425
-0.141594 -0.1065053 -0.02126397 22870659 -0.09396512 -0.1133255 0.2210314
-0.1399041 -0.1168284 -0.02157013 23080849 -0.09372252 -0.1194399 0.222434
-0.1388958 -0.1216402 -0.02172808 23301031 -0.09344882 -0.1224651 0.2231761
-0.1376908 -0.126436 -0.02195677 23521230 -0.09315613 -0.1253823 0.2240054
-0.1351073 -0.135489 -0.0224058 23741425 -0.09258634 -0.1310084 0.2257081
-0.1334815 -0.1401156 -0.02279162 23991650 -0.09207582 -0.1337929 0.2266467
-0.1319439 -0.1444534 -0.02294911 24191843 -0.09162536 -0.1365488 0.2276442
-0.1281404 -0.1542164 -0.02362788 24422035 -0.09027809 -0.1420796 0.2298537
-0.1262055 -0.1591732 -0.02394499 24662264 -0.08952573 -0.1448466 0.2309499
-0.1228428 -0.1678787 -0.02377236 24862440 -0.08802652 -0.1503903 0.2332686
-0.1205405 -0.1729378 -0.02415569 25092660 -0.08697206 -0.1531417 0.2344601
-0.1180211 -0.1775427 -0.02449429 25313057 -0.0858466 -0.1557844 0.2357611
-0.1152064 -0.1825873 -0.02513631 25543046 -0.08457524 -0.1583962 0.2369741
-0.1091665 -0.1924677 -0.0264416 25793301 -0.08168298 -0.163429 0.2394266
-0.1057529 -0.1976853 -0.02726959 25993457 -0.07997125 -0.1658746 0.2406282
-0.1020317 -0.2030943 -0.02813892 26213866 -0.07815087 -0.1682421 0.2418706
-0.09441156 -0.2134275 -0.02985408 26453929 -0.07418028 -0.1727114 0.2441646
-0.09199741 -0.2174558 -0.03006814 26654053 -0.07216805 -0.1748831 0.2451007
-0.08775256 -0.2224015 -0.03097788 26894286 -0.06994891 -0.1769066 0.2461899
-0.07852499 -0.2323923 -0.03276283 27104460 -0.06523275 -0.1808912 0.2483209
-0.07393244 -0.2367204 -0.03347709 27344692 -0.06276143 -0.1827088 0.2493475
-0.06307167 -0.245818 -0.03520572 27545011 -0.05726251 -0.1859862 0.2512207
-0.0575384 -0.2497584 -0.03600534 27775077 -0.05433888 -0.1873347 0.2519951
-0.05147947 -0.2530314 -0.03676017 28015302 -0.05130583 -0.1884777 0.2527531
-0.03887644 -0.2576498 -0.03802852 28205473 -0.04493809 -0.1899861 0.2539818
-0.03254728 -0.2593199 -0.03852307 28445686 -0.0416038 -0.1905307 0.2544302
-0.02638877 -0.2602891 -0.03887505 28685911 -0.03812873 -0.1908745 0.2548248
-0.01357271 -0.2606916 -0.03927048 28886602 -0.03099421 -0.1910123 0.2553469
-0.007369012 -0.2598003 -0.03928248 29116275 -0.02741021 -0.1907065 0.2555006
-0.0009354184 -0.258315 -0.03919518 29356711 -0.02371925 -0.190153 0.255549
0.01149932 -0.2540435 -0.03871258 29556859 -0.01641762 -0.1884958 0.2553817
0.0177089 -0.2508661 -0.03828395 29777195 -0.01263291 -0.1873561 0.2552111
0.0241021 -0.2469317 -0.03769485 30007087 -0.008786201 -0.1860246 0.2549577
0.03550336 -0.2389739 -0.03673931 30217277 -0.001267105 -0.1828839 0.2540056
0.04136161 -0.2336223 -0.03598238 30467640 0.002424672 -0.180861 0.253456
0.04703604 -0.227624 -0.03514773 30677700 0.006049782 -0.1785733 0.2528363
0.05745262 -0.2153987 -0.03351569 30897895 0.0130807 -0.1734531 0.2513774
0.06199441 -0.2093346 -0.03283038 31128285 0.0162937 -0.1706208 0.2505499
0.06648722 -0.2032216 -0.03213453 31348589 0.0194988 -0.167694 0.2496344
0.07489426 -0.1903412 -0.03074674 31598531 0.02545104 -0.1613207 0.2476441
0.07857754 -0.1837722 -0.03027732 31798882 0.02812989 -0.1578872 0.2465255
0.08259856 -0.176999 -0.02955925 32018907 0.03080718 -0.1543846 0.2453276
0.08985095 -0.1640219 -0.02842698 32259281 0.03578806 -0.1471422 0.2428336
0.09340944 -0.15731 -0.02775453 32459312 0.0381816 -0.1434199 0.2415574
0.09647965 -0.1511087 -0.0274059 32689824 0.04042065 -0.139715 0.2402678
0.1024183 -0.1400567 -0.02689457 32909873 0.04502094 -0.1323035 0.2376867
0.1054371 -0.1338285 -0.02628937 33149915 0.04717872 -0.1284627 0.2364618
0.1084739 -0.1273554 -0.02553 33380135 0.04937519 -0.1245497 0.2352652
0.1141838 -0.1135985 -0.02362955 33580312 0.05367813 -0.1164475 0.2331024
0.1167957 -0.1067864 -0.02279542 33810507 0.05579197 -0.1122781 0.2320272
0.1195849 -0.09991466 -0.02174833 34061057 0.05803129 -0.1080416 0.2309238
0.1246918 -0.08616559 -0.0196649 34260938 0.06232971 -0.09936894 0.228829
0.1272683 -0.07929926 -0.01848209 34491125 0.06456292 -0.09484877 0.2277907
0.132241 -0.06570329 -0.0156157 34741367 0.06896335 -0.08557399 0.225943
0.1344529 -0.05871146 -0.01425003 34941730 0.07107407 -0.08081534 0.2250478
0.1366434 -0.05153546 -0.01265369 35151722 0.07320216 -0.07596026 0.2241904
0.1386431 -0.04443688 -0.0112405 35381937 0.07520115 -0.07105487 0.2233078
0.1423603 -0.03061433 -0.007992327 35602306 0.0792094 -0.06118464 0.221819
0.1438238 -0.0239675 -0.006766737 35842365 0.08104673 -0.05621372 0.2211641
0.1464289 -0.01094366 -0.003924578 36042530 0.08440983 -0.04644046 0.2200437
0.1473012 -0.004535771 -0.002902657 36272729 0.08581771 -0.04163317 0.219576
0.1478757 0.001787105 -0.001970723 36513829 0.08714734 -0.03694933 0.2192793
0.1483539 0.01410209 0.0002312362 36713147 0.08934794 -0.0282265 0.2190641
0.1482316 0.01991967 0.001396254 36953351 0.09031081 -0.02440598 0.2191356
0.1476131 0.02601199 0.002292618 37163549 0.09117921 -0.02104973 0.2192602
0.1443121 0.03900385 0.003748283 37383740 0.09213847 -0.01580886 0.2199754
