0.1516884 -0.0001803335 0.004508495 0 0.03305529 -0.09890245 0.06048381
0.1508204 0.001737532 0.003973857 109726 0.0329041 -0.09764742 0.0606649
0.1495239 0.004131287 0.003420651 219813 0.03278155 -0.09611247 0.06090819
0.1495239 0.004131287 0.003420651 340124 0.03278155 -0.09611247 0.06090819
0.1476607 0.006797281 0.003064573 440219 0.03269245 -0.09436249 0.06130262
0.1456668 0.0104558 0.002165154 550111 0.0325582 -0.09217201 0.06183085
0.1456668 0.0104558 0.002165154 670228 0.0325582 -0.09217201 0.06183085
0.1433872 0.01385017 0.001586169 780327 0.03233979 -0.09000633 0.06255139
0.1411957 0.01732229 0.001042396 890427 0.03210379 -0.0877131 0.0633425
0.1411957 0.01732229 0.001042396 1010539 0.03210379 -0.0877131 0.0633425
0.1390687 0.02064882 0.0009636283 1110625 0.03193304 -0.08523263 0.06439546
0.1368683 0.02379161 0.001220748 1230742 0.03180753 -0.08266889 0.06545452
0.1350552 0.02711216 0.001393586 1340845 0.03158377 -0.07983281 0.06657273
0.1350552 0.02711216 0.001393586 1450928 0.03158377 -0.07983281 0.06657273
0.1333058 0.03001944 0.002034456 1561040 0.03131133 -0.07688909 0.06771331
0.1317746 0.03278119 0.002909571 1681128 0.03101739 -0.07378884 0.06894586
0.1317746 0.03278119 0.002909571 1791227 0.03101739 -0.07378884 0.06894586
0.1302849 0.03595859 0.003657758 1901335 0.03070983 -0.07037415 0.07023156
0.1286975 0.03877079 0.005087674 2011434 0.03049975 -0.06676229 0.07172032
0.1286975 0.03877079 0.005087674 2131543 0.03049975 -0.06676229 0.07172032
0.1267202 0.0422922 0.006041154 2251659 0.03009105 -0.06288205 0.07325786
0.1246725 0.0461079 0.006839439 2351749 0.0295255 -0.05875216 0.07481538
0.1246725 0.0461079 0.006839439 2461837 0.0295255 -0.05875216 0.07481538
0.122365 0.04960962 0.00801082 2591966 0.02879516 -0.05453597 0.07657469
0.120273 0.05354611 0.008815154 2692048 0.02797972 -0.05010473 0.07827428
0.120273 0.05354611 0.008815154 2802156 0.02797972 -0.05010473 0.07827428
0.1178503 0.05717539 0.009942383 2922264 0.02707359 -0.04572264 0.08017907
0.1160981 0.06201396 0.01007961 3032360 0.02616385 -0.04094527 0.08197193
0.1160981 0.06201396 0.01007961 3142455 0.02616385 -0.04094527 0.08197193
0.1133939 0.06653087 0.01067854 3242545 0.02515409 -0.03628992 0.08394389
0.1101253 0.07107345 0.0113603 3362649 0.02390363 -0.03153179 0.08590886
0.1101253 0.07107345 0.0113603 3462744 0.02390363 -0.03153179 0.08590886
0.1067503 0.07557053 0.01192655 3572835 0.02234916 -0.0267655 0.08781493
0.1031324 0.08046066 0.01222745 3692952 0.02070749 -0.02200653 0.08982507
0.1031324 0.08046066 0.01222745 3803051 0.02070749 -0.02200653 0.08982507
0.09938249 0.08460429 0.01298533 3913162 0.01893388 -0.0174532 0.09184642
0.09543075 0.08934154 0.01328626 4033259 0.0171307 -0.01295388 0.0938963
0.09543075 0.08934154 0.01328626 4153367 0.0171307 -0.01295388 0.0938963
0.09157067 0.09329017 0.01399596 4253453 0.01526528 -0.008731606 0.09596133
0.08756778 0.09757417 0.01431805 4363553 0.01316331 -0.004567506 0.09797969
0.08756778 0.09757417 0.01431805 4473656 0.01316331 -0.004567506 0.09797969
0.08347821 0.100982 0.01502207 4583755 0.01086041 -0.0007824394 0.09998181
0.07943062 0.1042968 0.01556411 4703868 0.008513732 0.002709196 0.1019174
0.07943062 0.1042968 0.01556411 4813963 0.008513732 0.002709196 0.1019174
0.07487434 0.1072938 0.01607488 4924063 0.005908512 0.005768431 0.1037227
0.07047007 0.1106563 0.01601951 5054188 0.003281464 0.008515536 0.1054365
0.07047007 0.1106563 0.01601951 5154432 0.003281464 0.008515536 0.1054365
0.0657895 0.1135901 0.01603538 5264370 0.0004604493 0.01087464 0.1070518
0.06101584 0.1164749 0.01598212 5404508 -0.002234311 0.01294147 0.1085993
0.05619236 0.1182295 0.01646993 5484560 -0.005095779 0.01456263 0.1100556
0.05619236 0.1182295 0.01646993 5594668 -0.005095779 0.01456263 0.1100556
0.05176041 0.1189666 0.01752353 5704771 -0.007915818 0.01591728 0.1114929
0.05176041 0.1189666 0.01752353 5824884 -0.007915818 0.01591728 0.1114929
0.04702058 0.1203373 0.01809479 5924974 -0.01088829 0.0172917 0.112747
0.04280167 0.1208917 0.01897161 6045074 -0.01387884 0.01839953 0.1138646
0.04280167 0.1208917 0.01897161 6165183 -0.01387884 0.01839953 0.1138646
0.03787926 0.1224577 0.01922326 6265285 -0.01693574 0.01947227 0.1149829
0.03307404 0.1233989 0.01980078 6385377 -0.0200644 0.02032673 0.1160745
0.03307404 0.1233989 0.01980078 6495493 -0.0200644 0.02032673 0.1160745
0.02839024 0.123789 0.02065568 6595571 -0.02319065 0.0209423 0.1171213
0.02422858 0.1240321 0.02141646 6715683 -0.02631936 0.02149121 0.1180216
0.02422858 0.1240321 0.02141646 6835792 -0.02631936 0.02149121 0.1180216
0.02049505 0.1241475 0.0220447 6935878 -0.02937205 0.02184844 0.1188368
0.01689375 0.1240153 0.02268672 7045973 -0.0325256 0.02206026 0.1194975
0.01689375 0.1240153 0.02268672 7166086 -0.0325256 0.02206026 0.1194975
0.01342439 0.1239235 0.02316797 7266176 -0.03574114 0.02221227 0.120002
0.009730232 0.1237486 0.02377543 7386297 -0.03901054 0.02235979 0.1203931
0.009730232 0.1237486 0.02377543 7506547 -0.03901054 0.02235979 0.1203931
0.005840218 0.1236627 0.0243227 7616488 -0.04241377 0.02249301 0.1206827
0.002038826 0.1233106 0.02505493 7716587 -0.04587062 0.02258842 0.1209156
0.002038826 0.1233106 0.02505493 7836703 -0.04587062 0.02258842 0.1209156
-0.001997652 0.1233902 0.02546801 7946790 -0.04947214 0.02273754 0.1210014
-0.005743744 0.123337 0.0258899 8056886 -0.05297857 0.02283373 0.1209893
-0.009587026 0.12336 0.02615485 8177152 -0.05670519 0.02285862 0.1208696
-0.009587026 0.12336 0.02615485 8297439 -0.05670519 0.02285862 0.1208696
-0.01332381 0.1234654 0.02629153 8397197 -0.06026167 0.02280031 0.120659
-0.01705089 0.1234666 0.02640678 8517455 -0.063839 0.02261369 0.1203401
-0.01705089 0.1234666 0.02640678 8617400 -0.063839 0.02261369 0.1203401
-0.02081579 0.1236623 0.02636537 8727702 -0.06741676 0.02247103 0.1198747
-0.02466775 0.1240845 0.0261603 8857770 -0.07093451 0.02233046 0.1193277
-0.02466775 0.1240845 0.0261603 8957857 -0.07093451 0.02233046 0.1193277
-0.02831643 0.124393 0.02596061 9067802 -0.07437108 0.02216322 0.1186496
-0.03204865 0.1246257 0.02576737 9187910 -0.07791471 0.02193946 0.1178404
-0.03204865 0.1246257 0.02576737 9288001 -0.07791471 0.02193946 0.1178404
-0.03574539 0.1247337 0.02555747 9398116 -0.08153436 0.02162355 0.1168956
-0.03926015 0.1251336 0.02510153 9518225 -0.08483182 0.02131444 0.1159467
-0.03926015 0.1251336 0.02510153 9618465 -0.08483182 0.02131444 0.1159467
-0.04318891 0.1256971 0.02448922 9758770 -0.08827679 0.02090181 0.1148454
-0.04643488 0.1257527 0.02389856 9858512 -0.09148204 0.02023206 0.1136065
-0.04643488 0.1257527 0.02389856 9958606 -0.09148204 0.02023206 0.1136065
-0.04971802 0.1261701 0.0228956 10089080 -0.09453016 0.01946614 0.1122793
-0.05303498 0.1261677 0.02214809 10189004 -0.09756912 0.01852128 0.110865
-0.05303498 0.1261677 0.02214809 10298917 -0.09756912 0.01852128 0.110865
-0.05639151 0.1263794 0.02110362 10409004 -0.1004725 0.01746058 0.1093604
-0.05962589 0.1264335 0.01998016 10539126 -0.1033099 0.01622646 0.1077352
-0.05962589 0.1264335 0.01998016 10639212 -0.1033099 0.01622646 0.1077352
-0.06272923 0.1262773 0.01900829 10739319 -0.1060508 0.01492216 0.1062023
-0.06581732 0.1260778 0.0178671 10869424 -0.108745 0.01346031 0.1044927
-0.06581732 0.1260778 0.0178671 10969522 -0.108745 0.01346031 0.1044927
-0.06883848 0.1256146 0.01686488 11089631 -0.1113568 0.01185893 0.1028144
-0.0719835 0.1251517 0.01567404 11219748 -0.1139546 0.01005927 0.1010129
-0.07512014 0.1247263 0.01430039 11310040 -0.1163109 0.008099868 0.09912762
-0.07512014 0.1247263 0.01430039 11410066 -0.1163109 0.008099868 0.09912762
-0.07808316 0.1240446 0.01285537 11550038 -0.1185391 0.0059128 0.09711041
-0.08131271 0.1235038 0.01118703 11650149 -0.1207347 0.003612859 0.09493736
-0.08131271 0.1235038 0.01118703 11750227 -0.1207347 0.003612859 0.09493736
-0.08460532 0.1225101 0.009743303 11870331 -0.1228986 0.0010704 0.09269861
-0.08784906 0.1216123 0.007829994 11980589 -0.124783 -0.001808879 0.09040666
-0.08784906 0.1216123 0.007829994 12080719 -0.124783 -0.001808879 0.09040666
-0.09145426 0.120419 0.006064281 12210642 -0.126603 -0.004947415 0.088013
-0.09477472 0.1188112 0.004546821 12350761 -0.1281474 -0.008224948 0.08574831
-0.09477472 0.1188112 0.004546821 12420832 -0.1281474 -0.008224948 0.08574831
-0.09787481 0.1172927 0.00231953 12540952 -0.1295624 -0.01181081 0.08320224
-0.1011459 0.1156541 0.0003403723 12671418 -0.1308884 -0.01538381 0.0808538
-0.1011459 0.1156541 0.0003403723 12751138 -0.1308884 -0.01538381 0.0808538
-0.1041049 0.1136092 -0.001652658 12901261 -0.1322335 -0.0191441 0.0784728
-0.1073152 0.1119757 -0.003857151 13021516 -0.1333381 -0.02274862 0.07610549
-0.1073152 0.1119757 -0.003857151 13121472 -0.1333381 -0.02274862 0.07610549
-0.1102327 0.1096821 -0.005556092 13391704 -0.1344939 -0.02643506 0.07390045
-0.1158235 0.1048834 -0.008827209 13571863 -0.1366071 -0.0337101 0.06974503
-0.1182673 0.1021718 -0.01018998 13812428 -0.1376765 -0.03726815 0.06789894
-0.1203857 0.0987247 -0.01090859 14032282 -0.138948 -0.04087597 0.06612501
-0.1233504 0.09578217 -0.01157786 14242476 -0.1400641 -0.0443159 0.06442463
-0.1292166 0.09014771 -0.01313342 14492702 -0.1420911 -0.0510551 0.06127109
-0.1320025 0.08730952 -0.01396611 14692878 -0.1430069 -0.05440565 0.05981375
-0.1348166 0.08412988 -0.01442447 14913089 -0.1441177 -0.05778862 0.05836336
-0.14026 0.07734153 -0.01531897 15183483 -0.1464175 -0.06482359 0.05578002
-0.1432199 0.07390682 -0.01548475 15363479 -0.1475643 -0.06830987 0.05459419
-0.1454708 0.06991741 -0.01608746 15593691 -0.1481429 -0.07241384 0.05360573
-0.1503156 0.06281686 -0.01631477 15833920 -0.1505452 -0.0791574 0.05154386
-0.1521613 0.05872115 -0.01624405 16054301 -0.1513967 -0.08294505 0.05084246
-0.1549396 0.0499785 -0.01612546 16254283 -0.1531093 -0.09079897 0.04959377
-0.1563155 0.04567253 -0.01625398 16484491 -0.1539503 -0.0946996 0.04897125
-0.1576961 0.04127483 -0.01615803 16714711 -0.154823 -0.09866348 0.04851224
-0.15943 0.03213223 -0.01640089 16934906 -0.1562789 -0.1067937 0.04785141
-0.1601861 0.02735025 -0.01625447 17155100 -0.1570638 -0.111002 0.0476436
-0.1608165 0.02257954 -0.01645303 17385320 -0.157767 -0.1152095 0.04753929
-0.1628972 0.01253532 -0.0162897 17636129 -0.1593938 -0.1242634 0.04766802
-0.1645331 0.007604645 -0.01588494 17825722 -0.1600745 -0.1289754 0.04806158
-0.1655414 0.002484572 -0.01552731 18065918 -0.160778 -0.1337425 0.04870455
-0.1651673 -0.007950342 -0.01459685 18266103 -0.162404 -0.1429649 0.05001787
-0.1635632 -0.01321713 -0.01441561 18506498 -0.1629761 -0.14735 0.05085609
-0.161942 -0.01848277 -0.01445872 18736544 -0.1633824 -0.1517255 0.05185593
-0.1589424 -0.02944621 -0.01447041 18946883 -0.1641672 -0.1609622 0.05420167
-0.1588177 -0.03415991 -0.01342456 19186930 -0.1647952 -0.1656115 0.05543549
-0.1583334 -0.03909919 -0.01277348 19387131 -0.1652081 -0.1703251 0.05668906
-0.1576007 -0.04889314 -0.01231124 19627343 -0.1659141 -0.1794175 0.05907108
-0.1568744 -0.05329116 -0.0117867 19847542 -0.1662324 -0.1836186 0.06034967
-0.1559045 -0.05742057 -0.01120283 20077746 -0.1665485 -0.1875873 0.06176498
-0.1533284 -0.06599991 -0.01074001 20298151 -0.1675498 -0.1951277 0.06444251
-0.1521014 -0.06962394 -0.01026765 20518386 -0.1679899 -0.1984997 0.06591879
-0.150654 -0.07289315 -0.009491399 20748343 -0.1683999 -0.2017345 0.06750613
-0.1486011 -0.07846552 -0.007473692 20958533 -0.169551 -0.2078391 0.0708691
-0.1470137 -0.08136567 -0.006687537 21188939 -0.1699923 -0.2107735 0.07264147
-0.1453672 -0.08379412 -0.005514592 21418956 -0.1702913 -0.2136222 0.07448927
-0.1418172 -0.08894468 -0.004384995 21629284 -0.1706292 -0.2186657 0.07784343
-0.1402261 -0.09161747 -0.004253551 21849336 -0.1709385 -0.2209246 0.07953225
-0.1386909 -0.09372678 -0.003462449 22069531 -0.1711084 -0.2232719 0.08124889
-0.1348398 -0.09763963 -0.001761556 22310668 -0.1709114 -0.227791 0.0849763
-0.1328053 -0.1001426 -0.001687959 22519950 -0.1708349 -0.2298323 0.08661257
-0.1309842 -0.1024314 -0.001228034 22740148 -0.1706617 -0.232123 0.08830231
-0.1295705 -0.1048206 -0.0009796619 22980511 -0.1701688 -0.2346008 0.09001312
-0.1271807 -0.1096946 -0.0005169809 23210561 -0.1683475 -0.2401617 0.09379464
-0.126239 -0.1131424 -0.00142616 23421241 -0.1673004 -0.2429437 0.09552211
-0.1224802 -0.1193501 -0.002151057 23651161 -0.1652443 -0.2481509 0.09873134
-0.1199877 -0.1224603 -0.002682522 23891191 -0.1640593 -0.2503957 0.1001999
-0.1175764 -0.1249458 -0.002664283 24091360 -0.1630319 -0.2525403 0.1015719
-0.1131078 -0.12994 -0.003214955 24321576 -0.1604578 -0.2565481 0.1045599
-0.1103724 -0.1327358 -0.003566593 24541758 -0.159141 -0.258554 0.1060223
-0.1080498 -0.1348976 -0.003785789 24762135 -0.1577677 -0.260247 0.1073984
-0.1016902 -0.1399891 -0.004565328 25002486 -0.154509 -0.263498 0.1102998
-0.09887821 -0.1419262 -0.004763916 25212367 -0.152687 -0.2649554 0.1116621
-0.09537986 -0.1443187 -0.005147412 25442587 -0.1507414 -0.2663924 0.1131498
-0.0887167 -0.1483818 -0.005710661 25652769 -0.1465808 -0.2689912 0.1158555
-0.08483102 -0.1510196 -0.00632894 25882977 -0.1445499 -0.2701403 0.1171169
-0.0810851 -0.1531345 -0.006652549 26103187 -0.1422768 -0.2713038 0.1184619
-0.07518452 -0.1562898 -0.007149205 26333541 -0.1381866 -0.2732167 0.1206658
-0.07108026 -0.1580068 -0.007050589 26553582 -0.1357944 -0.2743195 0.1219375
-0.06370892 -0.1616777 -0.0077485 26763767 -0.130837 -0.2761095 0.1242714
-0.0601841 -0.1630896 -0.00788337 27003984 -0.1284326 -0.2768652 0.1253103
-0.05665581 -0.1647761 -0.008313403 27214174 -0.1259368 -0.277546 0.126168
-0.0490458 -0.1678177 -0.008812219 27434377 -0.1206975 -0.2788042 0.1277028
-0.04535558 -0.1691394 -0.009063303 27674605 -0.1180393 -0.2793055 0.128401
-0.0416517 -0.1703217 -0.00917013 27894796 -0.1153288 -0.2798557 0.1290354
-0.03442613 -0.1725806 -0.009614065 28104982 -0.1097536 -0.2807693 0.1303266
-0.03049882 -0.1733281 -0.009462878 28335185 -0.1068953 -0.2811472 0.1309799
-0.02663691 -0.1735363 -0.008967221 28585744 -0.1040785 -0.2814185 0.1316888
-0.01872893 -0.1737268 -0.008007184 28785596 -0.0981297 -0.2817364 0.133127
-0.01500707 -0.1732062 -0.007288456 29015812 -0.0950494 -0.2817667 0.1338656
-0.01141717 -0.1723319 -0.00632143 29246036 -0.09199889 -0.2817555 0.1345535
-0.003963734 -0.1705954 -0.005055651 29456209 -0.08521606 -0.2812238 0.1358014
0.0001828332 -0.1694133 -0.004233316 29686405 -0.08152434 -0.2807352 0.136457
0.004440411 -0.1675455 -0.003030077 29926938 -0.07772138 -0.2799226 0.137248
0.01259911 -0.161322 0.0007743835 30126968 -0.069672 -0.2774473 0.1391624
0.01626784 -0.1571678 0.003391102 30357030 -0.06549729 -0.2759425 0.1402495
0.02005566 -0.153065 0.005848035 30607252 -0.06131598 -0.2740912 0.1414682
0.02720091 -0.1450169 0.01100838 30797411 -0.05291045 -0.2704609 0.1437923
0.0307725 -0.1412092 0.01354443 31027798 -0.04869339 -0.2685571 0.1448694
0.03422437 -0.1375119 0.01590264 31247822 -0.0444073 -0.2666223 0.1458949
0.04088138 -0.1305093 0.02035426 31468025 -0.03599545 -0.2625878 0.1475025
0.04401072 -0.1270465 0.02256346 31708229 -0.03186306 -0.2604609 0.1481181
0.04720374 -0.12381 0.02454796 31918423 -0.02774308 -0.2582876 0.1485632
0.05297589 -0.1170331 0.02824086 32148631 -0.01970942 -0.2534434 0.1493336
0.05570462 -0.1135677 0.02993219 32388840 -0.01579182 -0.2507513 0.1495869
0.05847579 -0.1100631 0.03177246 32589190 -0.01189233 -0.2479017 0.1497348
0.06399426 -0.1032075 0.03501782 32809231 -0.004340718 -0.2417713 0.1495918
0.06675501 -0.0998857 0.03637119 33069458 -0.0006161074 -0.2385856 0.1492576
0.0698725 -0.09677353 0.03745411 33259625 0.003242294 -0.2353799 0.1487185
0.07552094 -0.09061617 0.0387817 33500130 0.01046845 -0.2288591 0.1472442
0.07890192 -0.08798759 0.0388419 33710234 0.01404167 -0.2256585 0.1461451
0.08202954 -0.08529947 0.03852805 33920246 0.01738387 -0.2223704 0.144866
0.08859921 -0.08044087 0.03694294 34180477 0.02370668 -0.2160158 0.1415871
0.0918855 -0.07812276 0.03582083 34380657 0.02651016 -0.212805 0.1397262
0.09498236 -0.07578916 0.03433679 34600852 0.02901911 -0.2095553 0.1377187
0.1014488 -0.07124314 0.03105192 34861075 0.03403463 -0.2033063 0.1334193
0.1043375 -0.06889949 0.02907225 35051246 0.03648486 -0.2004133 0.1313064
0.1080137 -0.06682891 0.02736256 35271765 0.03885447 -0.1974388 0.1290437
0.1147154 -0.06257201 0.02403674 35501831 0.04333717 -0.1918153 0.1243796
0.1177001 -0.06037768 0.02231392 35721872 0.04543694 -0.1891631 0.1219628
0.1244329 -0.05625081 0.01918177 35972231 0.04922744 -0.1837714 0.1170232
0.1269941 -0.0540487 0.01673031 36182271 0.05070731 -0.1812737 0.1147351
0.1305883 -0.05196394 0.01551552 36402482 0.05266824 -0.1786828 0.1124305
0.1367971 -0.04752391 0.01201245 36612813 0.05564465 -0.1734537 0.1077566
0.1398659 -0.04519611 0.0101189 36833170 0.05702626 -0.1708279 0.1054811
0.143022 -0.04289116 0.008390188 37073079 0.05834137 -0.1682032 0.1034716
0.1485765 -0.0377635 0.005276605 37283269 0.06069635 -0.1627363 0.09952523
0.1506493 -0.03497201 0.004488483 37503710 0.06177433 -0.1599378 0.09769499
0.1525234 -0.0319187 0.003388122 37744073 0.06266305 -0.1569474 0.09593661
0.1550119 -0.02546489 0.002219677 37953870 0.0644896 -0.1509534 0.09304512
0.1560061 -0.02226178 0.00184609 38204091 0.06530278 -0.1479702 0.09196888
0.1567084 -0.01877405 0.001181006 38394462 0.06585603 -0.1447622 0.09090131
0.1571475 -0.0120357 0.001102418 38624475 0.06712009 -0.1386107 0.08942036
0.1574084 -0.008773313 0.001263767 38854679 0.06774871 -0.1355477 0.0887628
0.1577089 -0.00561114 0.001527146 39074885 0.06824788 -0.1324571 0.08814899
0.1577274 0.0006555996 0.00193122 39325107 0.06913627 -0.1264551 0.08721969
0.1576668 0.003571001 0.002460539 39535301 0.06957704 -0.1235335 0.08681934
0.1571552 0.009174031 0.003306806 39765500 0.07013863 -0.117899 0.08624694
0.1567807 0.01167211 0.00381346 39985719 0.07018621 -0.1152374 0.08607472
0.1562594 0.01407912 0.004206046 40196047 0.07016511 -0.112714 0.08597814
0.1555982 0.0164724 0.004333407 40416092 0.06999453 -0.110294 0.08590321
0.1536898 0.02094469 0.003833741 40656329 0.06899045 -0.1060092 0.08585268
0.1527526 0.02308091 0.002871767 40866689 0.06813969 -0.1042011 0.08568592
0.1516355 0.02501252 0.001645848 41086689 0.06704149 -0.1027008 0.08548466
0.1494587 0.02813307 -0.002139017 41317067 0.06402048 -0.1008749 0.08446498
0.148296 0.02923527 -0.004883304 41537103 0.06201461 -0.1007298 0.08360529
0.147422 0.02970929 -0.007962301 41777332 0.05967389 -0.1011689 0.08232298
0.1456491 0.02879774 -0.01556697 41997697 0.05397919 -0.1040987 0.07847182
