0.149719 5.195633E-06 0.001470774 0 0.0176322 -0.08038043 0.04832811
0.1496762 6.431762E-05 0.002418265 80084 0.01821039 -0.07987487 0.04850049
0.1493637 0.0008260214 0.00322175 190175 0.01876591 -0.07896984 0.04876299
0.1493637 0.0008260214 0.00322175 340323 0.01876591 -0.07896984 0.04876299
0.1487255 0.002399476 0.003796279 420395 0.01931537 -0.07777476 0.04923446
0.1479106 0.0050902 0.003917798 530487 0.01980294 -0.07617616 0.04995663
0.1479106 0.0050902 0.003917798 660612 0.01980294 -0.07617616 0.04995663
0.1465112 0.008380866 0.003990769 750685 0.02013797 -0.07423245 0.05110497
0.1450637 0.01229506 0.003823802 860789 0.02038378 -0.07203387 0.0526091
0.1450637 0.01229506 0.003823802 1000911 0.02038378 -0.07203387 0.0526091
0.1426565 0.01645402 0.004322574 1091005 0.02074123 -0.06917548 0.05421103
0.1398309 0.02088744 0.005027026 1211097 0.02098782 -0.06583309 0.05599291
0.1398309 0.02088744 0.005027026 1331221 0.02098782 -0.06583309 0.05599291
0.1369299 0.02536097 0.005825087 1421291 0.02100015 -0.06215644 0.05798341
0.1335698 0.03021855 0.006551534 1541395 0.02078263 -0.05814981 0.06011231
0.1335698 0.03021855 0.006551534 1661519 0.02078263 -0.05814981 0.06011231
0.1301214 0.03511428 0.00741975 1761606 0.02046943 -0.05389583 0.06235672
0.126118 0.04061565 0.007976085 1871693 0.01980279 -0.04937219 0.06479187
0.126118 0.04061565 0.007976085 1991805 0.01980279 -0.04937219 0.06479187
0.1217778 0.04649907 0.008372992 2091900 0.01892967 -0.04466581 0.06733919
0.1172221 0.05257265 0.008748576 2212004 0.01783452 -0.03980517 0.07012368
0.1172221 0.05257265 0.008748576 2322103 0.01783452 -0.03980517 0.07012368
0.1123668 0.0589542 0.008879274 2432211 0.01638723 -0.03476214 0.07286281
0.1065362 0.06520507 0.009346023 2542298 0.01459042 -0.02969765 0.07594979
0.1065362 0.06520507 0.009346023 2652397 0.01459042 -0.02969765 0.07594979
0.1003087 0.07150283 0.009546056 2772510 0.01222665 -0.02482176 0.07926441
0.09386131 0.07812508 0.00953643 2882605 0.009261495 -0.01981628 0.08300364
0.09386131 0.07812508 0.00953643 3012743 0.009261495 -0.01981628 0.08300364
0.08668421 0.08472905 0.009725645 3102808 0.005536503 -0.01455641 0.08704048
0.07884751 0.09090332 0.0106665 3212903 0.001279361 -0.008758783 0.09101701
0.07884751 0.09090332 0.0106665 3323011 0.001279361 -0.008758783 0.09101701
0.07042219 0.09596445 0.01289819 3443119 -0.003217184 -0.002644658 0.09495205
0.06190848 0.1000206 0.01611324 3553214 -0.007860654 0.003577471 0.09890372
0.06190848 0.1000206 0.01611324 3663314 -0.007860654 0.003577471 0.09890372
0.05375727 0.1034161 0.01959178 3773417 -0.01258924 0.009430408 0.1028466
0.04597297 0.107 0.02252619 3883513 -0.01738163 0.01482534 0.1065686
0.04597297 0.107 0.02252619 4013634 -0.01738163 0.01482534 0.1065686
0.03823614 0.1104368 0.02522886 4113732 -0.02206185 0.01948869 0.1102335
0.03075235 0.1133378 0.02804518 4223816 -0.02653273 0.02352142 0.1138719
0.03075235 0.1133378 0.02804518 4333939 -0.02653273 0.02352142 0.1138719
0.02327766 0.116831 0.03012277 4444026 -0.03089403 0.02716899 0.1172371
0.01647879 0.1202228 0.03173774 4554126 -0.03497048 0.03031003 0.1203633
0.01647879 0.1202228 0.03173774 4674238 -0.03497048 0.03031003 0.1203633
0.01016968 0.1231745 0.03310029 4784334 -0.03908598 0.0330218 0.123077
0.004508264 0.1250304 0.03492835 4894421 -0.04322585 0.03547561 0.1254904
0.004508264 0.1250304 0.03492835 5004528 -0.04322585 0.03547561 0.1254904
-0.0005098652 0.1265046 0.03649117 5114624 -0.04734449 0.03763854 0.1273285
-0.005435623 0.1281879 0.03741634 5224719 -0.05152323 0.03948402 0.1286282
-0.0103289 0.1297495 0.03798138 5344831 -0.05568426 0.04087174 0.1294953
-0.0103289 0.1297495 0.03798138 5454931 -0.05568426 0.04087174 0.1294953
-0.01534016 0.1310957 0.03822668 5565034 -0.05988901 0.04167509 0.1299651
-0.02065176 0.1325487 0.03801686 5675129 -0.06393956 0.04189014 0.130216
-0.02065176 0.1325487 0.03801686 5805251 -0.06393956 0.04189014 0.130216
-0.02629516 0.1333155 0.03800483 5895328 -0.06785893 0.04135728 0.1303449
-0.02629516 0.1333155 0.03800483 6015436 -0.06785893 0.04135728 0.1303449
-0.03198506 0.1336947 0.03793512 6135561 -0.071554 0.04017806 0.1304972
-0.03818168 0.1343136 0.0372587 6235639 -0.07514964 0.03850174 0.1302892
-0.04401229 0.133462 0.03753063 6355898 -0.07861047 0.03627991 0.130211
-0.04401229 0.133462 0.03753063 6455834 -0.07861047 0.03627991 0.130211
-0.04947004 0.1317806 0.03806669 6595956 -0.08206342 0.03355908 0.1299785
-0.05505545 0.1304195 0.03793903 6686050 -0.08566438 0.03060734 0.1293329
-0.05505545 0.1304195 0.03793903 6806150 -0.08566438 0.03060734 0.1293329
-0.05976757 0.1275456 0.03878196 6906248 -0.08929406 0.02715182 0.128732
-0.06455328 0.1250108 0.03880417 7026357 -0.09304009 0.02331114 0.1276968
-0.06455328 0.1250108 0.03880417 7136460 -0.09304009 0.02331114 0.1276968
-0.06921387 0.1221373 0.03869329 7266574 -0.09661358 0.01896965 0.1264953
-0.07348254 0.1184278 0.03890996 7366660 -0.09994625 0.013978 0.1253878
-0.07348254 0.1184278 0.03890996 7476755 -0.09994625 0.013978 0.1253878
-0.07782771 0.1150703 0.03820135 7576845 -0.1030619 0.008547306 0.1239593
-0.08161296 0.1106867 0.0380595 7716968 -0.1058779 0.002438307 0.1229029
-0.08161296 0.1106867 0.0380595 7817070 -0.1058779 0.002438307 0.1229029
-0.08540264 0.1067507 0.03677811 7917161 -0.1084089 -0.004087567 0.1215798
-0.08842601 0.1021179 0.03568409 8027252 -0.1106011 -0.01111114 0.1205068
-0.08842601 0.1021179 0.03568409 8147364 -0.1106011 -0.01111114 0.1205068
-0.09171411 0.09749104 0.03401893 8247459 -0.1126408 -0.01850319 0.1191409
-0.09441845 0.09234266 0.03245795 8377576 -0.1144182 -0.02622044 0.1178991
-0.09441845 0.09234266 0.03245795 8487684 -0.1144182 -0.02622044 0.1178991
-0.09730231 0.08715219 0.03046395 8587770 -0.1160608 -0.0341711 0.1164685
-0.09987239 0.0815441 0.02842909 8707874 -0.117434 -0.04242038 0.1150468
-0.09987239 0.0815441 0.02842909 8837992 -0.117434 -0.04242038 0.1150468
-0.1024734 0.07556091 0.02638581 8918056 -0.1187299 -0.05093753 0.1136113
-0.1050251 0.06943682 0.02386089 9038160 -0.1197186 -0.05970406 0.1121926
-0.1050251 0.06943682 0.02386089 9178291 -0.1197186 -0.05970406 0.1121926
-0.1066573 0.06305929 0.02052656 9258367 -0.1200635 -0.06880414 0.1108541
-0.1077768 0.05635969 0.01659803 9378467 -0.1198783 -0.07817733 0.1097823
-0.1077768 0.05635969 0.01659803 9498584 -0.1198783 -0.07817733 0.1097823
-0.1093096 0.04930777 0.0127428 9598674 -0.1196415 -0.08757281 0.1088417
-0.1103822 0.04137481 0.00957939 9708769 -0.1191615 -0.09726238 0.1083429
-0.1103822 0.04137481 0.00957939 9848912 -0.1191615 -0.09726238 0.1083429
-0.1110936 0.03312623 0.006140456 9938973 -0.118409 -0.1069481 0.1079984
-0.1112796 0.0243612 0.003008366 10049072 -0.1175881 -0.116647 0.1079495
-0.1112796 0.0243612 0.003008366 10179206 -0.1175881 -0.116647 0.1079495
-0.1109137 0.01517782 -2.881885E-05 10269283 -0.1167738 -0.126302 0.1082051
-0.1102663 0.005680983 -0.002806053 10389384 -0.1160251 -0.1358271 0.108769
-0.1102663 0.005680983 -0.002806053 10499483 -0.1160251 -0.1358271 0.108769
-0.1091745 -0.004101866 -0.005066246 10609590 -0.1153409 -0.1452321 0.1095831
-0.1077934 -0.01387721 -0.006615877 10719686 -0.1147368 -0.1543865 0.1107564
-0.1077934 -0.01387721 -0.006615877 10829785 -0.1147368 -0.1543865 0.1107564
-0.1059661 -0.02365085 -0.007426426 10959898 -0.1140866 -0.1634533 0.1122655
-0.1034597 -0.03346289 -0.008395448 11059993 -0.1132883 -0.1723294 0.1140194
-0.1034597 -0.03346289 -0.008395448 11160079 -0.1132883 -0.1723294 0.1140194
-0.1010458 -0.04288121 -0.00876455 11300214 -0.1125737 -0.1809123 0.1161456
-0.09816381 -0.0520862 -0.008861721 11390441 -0.1117912 -0.1892981 0.1186048
-0.09553577 -0.06093806 -0.008528769 11500386 -0.1111644 -0.1975357 0.1213829
-0.09553577 -0.06093806 -0.008528769 11630512 -0.1111644 -0.1975357 0.1213829
-0.08996597 -0.0718021 -0.01073283 11730598 -0.1089998 -0.2060507 0.1239025
-0.08619854 -0.08019938 -0.009747088 11840701 -0.108337 -0.2139659 0.1272258
-0.08619854 -0.08019938 -0.009747088 11940788 -0.108337 -0.2139659 0.1272258
-0.08405255 -0.08651417 -0.007173449 12060892 -0.108486 -0.2211974 0.1306875
-0.08405255 -0.08651417 -0.007173449 12170999 -0.108486 -0.2211974 0.1306875
-0.07960431 -0.0941632 -0.006219313 12281099 -0.1075132 -0.2285249 0.1340581
-0.07477991 -0.1014037 -0.005215049 12391186 -0.1063135 -0.2355023 0.1374749
-0.07477991 -0.1014037 -0.005215049 12511298 -0.1063135 -0.2355023 0.1374749
-0.06963605 -0.1081289 -0.004007891 12621398 -0.1049783 -0.2421305 0.1408288
-0.06466197 -0.114009 -0.002665937 12731505 -0.1034667 -0.2481534 0.1441578
-0.05969572 -0.1194376 -0.001447096 12841601 -0.1017189 -0.2537091 0.1472645
-0.05969572 -0.1194376 -0.001447096 12951688 -0.1017189 -0.2537091 0.1472645
-0.05483877 -0.1236759 0.0003561825 13071812 -0.1000006 -0.2586571 0.1503084
-0.0506244 -0.12614 0.002901047 13181916 -0.09821825 -0.2627604 0.1533253
-0.0506244 -0.12614 0.002901047 13292011 -0.09821825 -0.2627604 0.1533253
-0.04590234 -0.1287564 0.004812926 13422120 -0.0961405 -0.26634 0.1560435
-0.04106453 -0.1308949 0.006689072 13522361 -0.09382354 -0.2694058 0.1586026
-0.04106453 -0.1308949 0.006689072 13622313 -0.09382354 -0.2694058 0.1586026
-0.03564933 -0.1322412 0.009386837 13762423 -0.09133201 -0.2722096 0.1614163
-0.03056993 -0.1325592 0.01168634 13862522 -0.08826922 -0.2738124 0.1635806
-0.03056993 -0.1325592 0.01168634 13962612 -0.08826922 -0.2738124 0.1635806
-0.02840494 -0.1331709 0.01261753 14092738 -0.08641415 -0.2751634 0.1650234
-0.02398369 -0.1339682 0.01390187 14192816 -0.08363747 -0.276391 0.1666337
-0.02398369 -0.1339682 0.01390187 14292918 -0.08363747 -0.276391 0.1666337
-0.01788642 -0.1327299 0.01784357 14453063 -0.08013837 -0.2772295 0.1689998
-0.01495093 -0.1340413 0.01722693 14543132 -0.07802688 -0.2775955 0.1694176
-0.01495093 -0.1340413 0.01722693 14663240 -0.07802688 -0.2775955 0.1694176
-0.01120556 -0.1344545 0.01757756 14903473 -0.07567143 -0.2774989 0.1699089
-0.001774905 -0.1346456 0.01931125 15133673 -0.07012539 -0.2766409 0.1705739
0.002699069 -0.1345651 0.01984051 15353876 -0.0673533 -0.2757458 0.1709739
0.007090392 -0.1348325 0.01943141 15574062 -0.06462442 -0.2744287 0.1713395
0.0162121 -0.1360575 0.01634461 15804286 -0.05792725 -0.2711201 0.1715113
0.0215614 -0.1372744 0.01395908 16024485 -0.05411344 -0.2691818 0.1706601
0.02655779 -0.1371058 0.01258668 16234659 -0.05036801 -0.2668241 0.1692723
0.03673537 -0.1313145 0.0158532 16454857 -0.04178488 -0.2613983 0.1675431
0.0410244 -0.1286141 0.01582356 16675056 -0.03768861 -0.2580726 0.1655462
0.04520836 -0.1253882 0.01628853 16915269 -0.03364482 -0.2545298 0.1635936
0.05476068 -0.1195084 0.01662259 17125466 -0.02539041 -0.2469251 0.1595242
0.05919586 -0.1159723 0.01755449 17355662 -0.02145454 -0.2429583 0.1577716
0.06473068 -0.1134638 0.01691985 17575869 -0.01706928 -0.2389201 0.1554776
0.07303161 -0.1056647 0.01824279 17796072 -0.008939057 -0.2305539 0.1514469
0.07778372 -0.1022261 0.01768084 18026271 -0.004643976 -0.2262504 0.1493465
0.08142131 -0.09779377 0.01845151 18246466 -0.0007274744 -0.2217948 0.1475365
0.09057011 -0.08975385 0.01866874 18476674 0.007316917 -0.2123251 0.1430839
0.09454457 -0.08514467 0.01935491 18697055 0.01110154 -0.2073074 0.1409323
0.09840485 -0.08062319 0.01955172 18917091 0.01491153 -0.202458 0.1386018
0.1054603 -0.07082938 0.02004813 19137278 0.0221428 -0.1921601 0.1344596
0.1088528 -0.065937 0.02033074 19367494 0.02543169 -0.1868791 0.1322997
0.1123227 -0.06104142 0.02024065 19617712 0.02874511 -0.1816257 0.1300697
0.1190026 -0.05102922 0.01984644 19817892 0.0347679 -0.1707539 0.1260373
0.1219993 -0.04576203 0.01964386 20048096 0.03755921 -0.1651459 0.1241763
0.1254242 -0.04087909 0.01942909 20258286 0.04024443 -0.1596832 0.1221742
0.1316461 -0.03042612 0.01887622 20498506 0.04484227 -0.1479891 0.1180387
0.1346006 -0.02497773 0.01903614 20718701 0.04687112 -0.1417034 0.1158487
0.1375108 -0.01948731 0.01932847 20928895 0.04853854 -0.1350825 0.1136429
0.1430664 -0.008690682 0.02028538 21159111 0.05083853 -0.1211572 0.1099632
0.1452501 -0.003389339 0.02078648 21419350 0.0516437 -0.1142793 0.108854
0.1485563 0.008678778 0.01878427 21600383 0.05242267 -0.1006837 0.1078003
0.1499967 0.01480804 0.01740593 21829720 0.05292761 -0.09438276 0.1073031
0.1505548 0.02114152 0.01599397 22049902 0.05296298 -0.08811712 0.1069142
0.1507131 0.02712589 0.01480749 22270113 0.0526691 -0.08214497 0.1064907
0.1495289 0.03768824 0.01224831 22520331 0.05119759 -0.07226013 0.1060253
