0.1578327 -0.009460371 -0.01219217 0 0.06717928 -0.008992217 0.2056552
0.1575164 -0.009254349 -0.01100223 120097 0.0673169 -0.009116092 0.2062239
0.1575164 -0.009254349 -0.01100223 220191 0.0673169 -0.009116092 0.2062239
0.1572228 -0.008165083 -0.009456307 330286 0.06753362 -0.008948917 0.2068571
0.1567569 -0.006268177 -0.007886991 470417 0.06767651 -0.008434282 0.2076239
0.1567569 -0.006268177 -0.007886991 560506 0.06767651 -0.008434282 0.2076239
0.156247 -0.00317403 -0.0059558 670606 0.06779881 -0.007489388 0.2084495
0.155731 0.001068834 -0.00303489 780709 0.06798522 -0.005993302 0.2093858
0.155731 0.001068834 -0.00303489 900813 0.06798522 -0.005993302 0.2093858
0.1550211 0.006576302 -0.0002396405 1011083 0.06813005 -0.003901255 0.2103633
0.1540214 0.01315687 0.003585786 1121000 0.06825836 -0.001178631 0.2115945
0.1540214 0.01315687 0.003585786 1241120 0.06825836 -0.001178631 0.2115945
0.1527924 0.0207344 0.007708311 1341215 0.06844039 0.002143014 0.2128704
0.1511346 0.02853852 0.01195733 1461307 0.06847382 0.006113798 0.2143798
0.1511346 0.02853852 0.01195733 1591441 0.06847382 0.006113798 0.2143798
0.1491161 0.03643655 0.01599777 1681522 0.0682584 0.01069977 0.2160184
0.1467306 0.04450187 0.01941836 1791613 0.06766268 0.01580577 0.2177168
0.1467306 0.04450187 0.01941836 1901704 0.06766268 0.01580577 0.2177168
0.1440271 0.05266324 0.02197252 2011820 0.06664717 0.02114458 0.2193816
0.140747 0.0613191 0.02388078 2121903 0.0651996 0.02668037 0.2212021
0.140747 0.0613191 0.02388078 2242024 0.0651996 0.02668037 0.2212021
0.1368483 0.07070724 0.02460882 2352127 0.06323802 0.03228649 0.2230252
0.1321149 0.08104002 0.02428824 2462210 0.06064681 0.03820803 0.2249869
0.1321149 0.08104002 0.02428824 2582323 0.06064681 0.03820803 0.2249869
0.1295121 0.08478077 0.02494045 2682421 0.05894098 0.04140818 0.2267662
0.1233966 0.09634902 0.02233027 2802517 0.05539854 0.04729859 0.2289825
0.1233966 0.09634902 0.02233027 2902620 0.05539854 0.04729859 0.2289825
0.1162332 0.1083777 0.01920848 3022720 0.05135848 0.05285687 0.2312821
0.1078107 0.1211932 0.01575361 3142833 0.04687128 0.05808501 0.2334452
0.1078107 0.1211932 0.01575361 3242919 0.04687128 0.05808501 0.2334452
0.09674267 0.1361461 0.01134603 3353022 0.04115402 0.06389913 0.2359259
0.08461358 0.1498653 0.007228255 3473127 0.03512762 0.06895006 0.2384777
0.08461358 0.1498653 0.007228255 3593251 0.03512762 0.06895006 0.2384777
0.07288016 0.1609495 0.003658563 3693325 0.02929849 0.07282887 0.240694
0.06016086 0.1708141 0.0008410215 3813442 0.02312588 0.07626916 0.2428543
0.04705606 0.1787303 -0.001007855 3913532 0.01698628 0.07891737 0.2447039
0.04705606 0.1787303 -0.001007855 4023627 0.01698628 0.07891737 0.2447039
0.03376608 0.1844502 -0.001535997 4143728 0.01072168 0.08115569 0.2464722
0.01874713 0.1888167 -0.001548305 4263848 0.003713793 0.08309003 0.2479351
0.01874713 0.1888167 -0.001548305 4363930 0.003713793 0.08309003 0.2479351
0.004236201 0.1908969 -0.001480341 4494060 -0.003382896 0.08437768 0.2489851
-0.009383856 0.1909764 -0.001193359 4594134 -0.01033782 0.0851142 0.2496645
-0.009383856 0.1909764 -0.001193359 4694228 -0.01033782 0.0851142 0.2496645
-0.02257374 0.1891143 -5.675852E-05 4834355 -0.01730485 0.08549648 0.2501947
-0.03539523 0.1855186 0.001640588 4924444 -0.02409555 0.08518562 0.2502322
-0.03539523 0.1855186 0.001640588 5034536 -0.02409555 0.08518562 0.2502322
-0.04778708 0.1803795 0.003725648 5154636 -0.03072853 0.08429588 0.2499059
-0.05933018 0.1743761 0.005247533 5264751 -0.03713305 0.08293821 0.2492567
-0.05933018 0.1743761 0.005247533 5374847 -0.03713305 0.08293821 0.2492567
-0.07042348 0.1675053 0.006147355 5484942 -0.04335906 0.08120668 0.2483127
-0.0809961 0.1594445 0.006665722 5605059 -0.04913646 0.07897311 0.2471823
-0.0809961 0.1594445 0.006665722 5715158 -0.04913646 0.07897311 0.2471823
-0.091357 0.1494092 0.007785365 5815240 -0.05443202 0.07626328 0.2461008
-0.1006761 0.1386534 0.008863285 5955549 -0.05894399 0.07292395 0.2446283
-0.1006761 0.1386534 0.008863285 6045456 -0.05894399 0.07292395 0.2446283
-0.1093396 0.1268988 0.01104608 6155547 -0.0632411 0.0691811 0.2431343
-0.1161403 0.1169636 0.01153846 6265651 -0.06660499 0.06543357 0.2411921
-0.1161403 0.1169636 0.01153846 6375754 -0.06660499 0.06543357 0.2411921
-0.1220037 0.1073784 0.01143496 6495862 -0.06941401 0.06152276 0.2391169
-0.1271754 0.09810089 0.01079699 6595953 -0.07177171 0.05736153 0.2368117
-0.1271754 0.09810089 0.01079699 6716061 -0.07177171 0.05736153 0.2368117
-0.1317056 0.08941198 0.009910345 6826161 -0.07364064 0.05304898 0.2343064
-0.1355375 0.08174912 0.008641109 6956274 -0.07514545 0.04864121 0.2317126
-0.1355375 0.08174912 0.008641109 7056360 -0.07514545 0.04864121 0.2317126
-0.1389996 0.07417289 0.006542429 7156450 -0.07641872 0.04407693 0.2290352
-0.1422297 0.06555017 0.004530042 7296573 -0.07749058 0.03929998 0.2265872
-0.1422297 0.06555017 0.004530042 7386658 -0.07749058 0.03929998 0.2265872
-0.1453404 0.05602849 0.003628671 7496770 -0.07845384 0.03415791 0.224381
-0.1478551 0.0469528 0.002878293 7626883 -0.07935641 0.02874544 0.2225204
-0.1478551 0.0469528 0.002878293 7726965 -0.07935641 0.02874544 0.2225204
-0.149554 0.03797436 0.001325652 7837065 -0.08028871 0.02336876 0.221201
-0.1514461 0.02812149 0.001259223 7947164 -0.08137304 0.01767041 0.2200162
-0.1514461 0.02812149 0.001259223 8077294 -0.08137304 0.01767041 0.2200162
-0.1530255 0.01856319 0.002417684 8167371 -0.08266463 0.01192299 0.2193667
-0.1541813 0.009432323 0.003647223 8287475 -0.08409823 0.006457353 0.2190997
-0.1541813 0.009432323 0.003647223 8397591 -0.08409823 0.006457353 0.2190997
-0.1548085 0.0006000724 0.005071014 8517679 -0.0856842 0.001227179 0.2193737
-0.1548242 -0.007539683 0.007078886 8627774 -0.08732525 -0.003555949 0.2203463
-0.1548242 -0.007539683 0.007078886 8757896 -0.08732525 -0.003555949 0.2203463
-0.1546793 -0.01483328 0.009717986 8847973 -0.08898923 -0.008347998 0.2215804
-0.1540876 -0.02183423 0.01260325 8958068 -0.09078758 -0.01287859 0.2233366
-0.1540876 -0.02183423 0.01260325 9078197 -0.09078758 -0.01287859 0.2233366
-0.1530178 -0.02853886 0.01531242 9178275 -0.0924964 -0.0172307 0.2254958
-0.1516005 -0.03507752 0.01821196 9288370 -0.0942318 -0.02143445 0.2280316
-0.1516005 -0.03507752 0.01821196 9418504 -0.0942318 -0.02143445 0.2280316
-0.1498774 -0.041655 0.02135418 9508573 -0.09585264 -0.02553365 0.2308215
-0.1476666 -0.04727599 0.02459748 9628681 -0.09711605 -0.02929337 0.2341177
-0.1476666 -0.04727599 0.02459748 9728772 -0.09711605 -0.02929337 0.2341177
-0.1456962 -0.05278685 0.02899994 9848896 -0.09931895 -0.03246467 0.2375335
-0.1424304 -0.05915743 0.03147699 9968985 -0.1000963 -0.0360604 0.2413207
-0.1424304 -0.05915743 0.03147699 10069083 -0.1000963 -0.0360604 0.2413207
-0.1395175 -0.06483221 0.0346809 10189187 -0.101073 -0.03941775 0.2448926
-0.1360631 -0.07083107 0.03703116 10299283 -0.1017296 -0.04282898 0.2485591
-0.1360631 -0.07083107 0.03703116 10409390 -0.1017296 -0.04282898 0.2485591
-0.132193 -0.07632829 0.03923735 10529498 -0.1016491 -0.04613101 0.2524295
-0.1278424 -0.08201536 0.04096858 10639594 -0.1010869 -0.04957299 0.256387
-0.1278424 -0.08201536 0.04096858 10739684 -0.1010869 -0.04957299 0.256387
-0.1230235 -0.08769125 0.04241197 10859805 -0.09990342 -0.0530587 0.260433
-0.1179833 -0.09332102 0.04356541 10979901 -0.09823819 -0.05666909 0.2643526
-0.112487 -0.09878853 0.04404178 11079999 -0.09588443 -0.06025822 0.2682763
-0.112487 -0.09878853 0.04404178 11220130 -0.09588443 -0.06025822 0.2682763
-0.106589 -0.1044203 0.04395027 11310195 -0.09281997 -0.06393228 0.2719476
-0.1001861 -0.1102417 0.04342169 11420298 -0.08909667 -0.06754224 0.2753415
-0.1001861 -0.1102417 0.04342169 11530406 -0.08909667 -0.06754224 0.2753415
-0.09299713 -0.116344 0.04233906 11640505 -0.0847572 -0.07106555 0.2785249
-0.08528886 -0.1224902 0.04085726 11750592 -0.07980691 -0.07457818 0.2813627
-0.08528886 -0.1224902 0.04085726 11860696 -0.07980691 -0.07457818 0.2813627
-0.07667338 -0.1292516 0.03876264 11990825 -0.07377033 -0.07859372 0.2837898
-0.06822541 -0.1352762 0.03722973 12090920 -0.06760021 -0.0821825 0.2858167
-0.06822541 -0.1352762 0.03722973 12211012 -0.06760021 -0.0821825 0.2858167
-0.05962448 -0.1409254 0.03548257 12331124 -0.06122633 -0.08541529 0.2872573
-0.04932756 -0.1464815 0.03284974 12431227 -0.05416119 -0.08795214 0.2880855
-0.04932756 -0.1464815 0.03284974 12531305 -0.05416119 -0.08795214 0.2880855
-0.03999842 -0.1513778 0.03068879 12671440 -0.04657892 -0.09066436 0.2884195
-0.0300919 -0.1560769 0.02862281 12761517 -0.0385622 -0.09322211 0.2882062
-0.0300919 -0.1560769 0.02862281 12871612 -0.0385622 -0.09322211 0.2882062
-0.01972174 -0.1599886 0.02573121 12981707 -0.03047249 -0.09497973 0.2872025
-0.009593992 -0.1633132 0.02238329 13091823 -0.02217288 -0.09624391 0.2854477
-0.009593992 -0.1633132 0.02238329 13201914 -0.02217288 -0.09624391 0.2854477
-0.00302972 -0.1669458 0.01730049 13332023 -0.0145814 -0.09706692 0.2824372
0.007765206 -0.1690176 0.01325095 13452128 -0.006524557 -0.09712535 0.2794899
0.007765206 -0.1690176 0.01325095 13542213 -0.006524557 -0.09712535 0.2794899
0.02043307 -0.1691042 0.009432152 13662322 0.0014465 -0.09644395 0.2761938
0.03174581 -0.1688803 0.005570576 13792435 0.009368081 -0.09533706 0.2721806
0.03174581 -0.1688803 0.005570576 13892529 0.009368081 -0.09533706 0.2721806
0.04230174 -0.1680584 0.00197199 14102727 0.01704212 -0.09371655 0.2678154
0.05375062 -0.1649206 -0.001838371 14212835 0.02430259 -0.09143437 0.2632263
0.06480744 -0.1603221 -0.005078748 14362962 0.03119463 -0.08829036 0.2584385
0.07554605 -0.1540572 -0.008455753 14593174 0.03768939 -0.08449925 0.2535068
0.08580349 -0.1466669 -0.01160717 14833391 0.04350206 -0.08004014 0.2483138
0.1068575 -0.1248326 -0.01570801 15033559 0.05400895 -0.06964519 0.2380676
0.116499 -0.1126395 -0.01727295 15263913 0.05846018 -0.06401505 0.2328531
0.1255482 -0.09966355 -0.01814522 15483970 0.06261703 -0.0581113 0.2278559
0.1410301 -0.07340678 -0.01912846 15704164 0.06942527 -0.04593027 0.2185584
0.1488132 -0.0593974 -0.01706475 15934368 0.07325347 -0.04010397 0.2143378
0.1552585 -0.04608602 -0.01595899 16154587 0.07640735 -0.03425654 0.2102827
0.1641373 -0.0228333 -0.01567228 16374777 0.08091564 -0.02301311 0.2037931
0.1672618 -0.01223146 -0.014604 16645009 0.0828944 -0.01783623 0.2015893
