0.1598701 0.002986941 -0.008265331 0 0.06468387 -0.08179501 0.1713357
0.1598701 0.002986941 -0.008265331 130138 0.06468387 -0.08179501 0.1713357
0.1602047 0.003970875 -0.007813022 240233 0.06505456 -0.08078746 0.1712354
0.1603754 0.005320521 -0.00701791 340307 0.06556478 -0.07943753 0.1713712
0.1603417 0.007170275 -0.005537704 450775 0.06624158 -0.07763318 0.1717499
0.1603417 0.007170275 -0.005537704 570523 0.06624158 -0.07763318 0.1717499
0.1600601 0.009846252 -0.003367811 680618 0.06700786 -0.07515386 0.1722478
0.1595165 0.01311435 -0.000596121 790859 0.06762435 -0.07183103 0.1730226
0.1595165 0.01311435 -0.000596121 900813 0.06762435 -0.07183103 0.1730226
0.1584953 0.01790975 0.002724841 1010908 0.06839197 -0.0670369 0.1741979
0.1565647 0.02399885 0.006973431 1131021 0.06894086 -0.0609136 0.1759492
0.1565647 0.02399885 0.006973431 1241136 0.06894086 -0.0609136 0.1759492
0.1540123 0.03162627 0.01111244 1351227 0.06906073 -0.05333141 0.1777585
0.1508148 0.03991716 0.01596056 1471510 0.06897877 -0.04457764 0.1801019
0.1508148 0.03991716 0.01596056 1581435 0.06897877 -0.04457764 0.1801019
0.1473436 0.04864439 0.0200644 1681513 0.06855821 -0.03497747 0.1828166
0.1432329 0.05785687 0.02394047 1801630 0.06794634 -0.02493647 0.1859366
0.1432329 0.05785687 0.02394047 1931942 0.06794634 -0.02493647 0.1859366
0.1384666 0.06766917 0.02742466 2021824 0.06703019 -0.01450518 0.1892879
0.1337006 0.0781766 0.02914633 2131924 0.06595958 -0.00413326 0.192237
0.1337006 0.0781766 0.02914633 2262284 0.06595958 -0.00413326 0.192237
0.128495 0.08777053 0.03134334 2352122 0.06422357 0.005878174 0.1954917
0.1224521 0.09783646 0.03245366 2462222 0.06172922 0.01567944 0.1989353
0.1224521 0.09783646 0.03245366 2602364 0.06172922 0.01567944 0.1989353
0.115288 0.1087128 0.03214373 2692438 0.05858006 0.02480849 0.2021986
0.1072129 0.1201126 0.03096916 2802525 0.0545297 0.03355428 0.2049266
0.1072129 0.1201126 0.03096916 2912624 0.0545297 0.03355428 0.2049266
0.09861041 0.1317715 0.02857584 3022732 0.04965704 0.0418038 0.207317
0.08969586 0.143292 0.02527794 3142832 0.04389228 0.0494394 0.2093913
0.08969586 0.143292 0.02527794 3252935 0.04389228 0.0494394 0.2093913
0.08025617 0.154721 0.02143595 3363031 0.03737343 0.05641886 0.2110701
0.07001186 0.1660213 0.017405 3473126 0.03020797 0.06260105 0.2120423
0.07001186 0.1660213 0.017405 3593433 0.03020797 0.06260105 0.2120423
0.05889004 0.1769407 0.01310758 3703342 0.02245306 0.0678465 0.2126624
0.04688683 0.1870791 0.008810669 3813798 0.01441485 0.07195803 0.212865
0.04688683 0.1870791 0.008810669 3923553 0.01441485 0.07195803 0.212865
0.03432647 0.1963088 0.004302084 4054229 0.006292357 0.07481608 0.2125008
0.02147137 0.2041361 9.822845E-05 4153744 -0.001651505 0.07660266 0.2117034
0.02147137 0.2041361 9.822845E-05 4263856 -0.001651505 0.07660266 0.2117034
0.008157693 0.210944 -0.004421145 4373947 -0.009428011 0.07726594 0.2104722
-0.005341544 0.2162023 -0.009033605 4494055 -0.01681984 0.07672735 0.2089559
-0.005341544 0.2162023 -0.009033605 4594174 -0.01681984 0.07672735 0.2089559
-0.01940564 0.2198479 -0.01358198 4704253 -0.02375566 0.07521912 0.2071186
-0.03350976 0.221374 -0.01791145 4814344 -0.03014518 0.07261917 0.2049186
-0.03350976 0.221374 -0.01791145 4934465 -0.03014518 0.07261917 0.2049186
-0.04727259 0.2209893 -0.02214807 5044560 -0.03581763 0.0690653 0.2023123
-0.060359 0.2182841 -0.02590302 5154652 -0.04091725 0.06468936 0.1996064
-0.060359 0.2182841 -0.02590302 5274788 -0.04091725 0.06468936 0.1996064
-0.07290304 0.2132561 -0.02914374 5374854 -0.04532548 0.05959722 0.1968658
-0.08455716 0.2065857 -0.03221124 5494959 -0.04928498 0.05393275 0.1941243
-0.08455716 0.2065857 -0.03221124 5605066 -0.04928498 0.05393275 0.1941243
-0.09572081 0.1975116 -0.03448531 5715157 -0.05283502 0.04771372 0.1915018
-0.1057962 0.1867997 -0.03617662 5825257 -0.05582507 0.04113408 0.1891274
-0.1057962 0.1867997 -0.03617662 5935364 -0.05582507 0.04113408 0.1891274
-0.1141524 0.1755769 -0.03771855 6045455 -0.05819716 0.03429111 0.1870463
-0.1221509 0.1634591 -0.03886481 6185598 -0.06036868 0.02732989 0.1849808
-0.129176 0.1505113 -0.03967874 6275679 -0.06232643 0.0202212 0.1833726
-0.129176 0.1505113 -0.03967874 6385758 -0.06232643 0.0202212 0.1833726
-0.1355627 0.1368805 -0.04026271 6525897 -0.0640406 0.01298293 0.1820367
-0.1411226 0.1226929 -0.04075407 6616128 -0.06549566 0.005508864 0.181025
-0.1411226 0.1226929 -0.04075407 6716061 -0.06549566 0.005508864 0.181025
-0.1462861 0.1080571 -0.04088336 6856183 -0.06694246 -0.002105153 0.1801283
-0.1506825 0.09337988 -0.04098657 6946268 -0.06839251 -0.009816801 0.1795259
-0.1506825 0.09337988 -0.04098657 7056368 -0.06839251 -0.009816801 0.1795259
-0.1549118 0.07755652 -0.04102595 7176492 -0.06977207 -0.01738647 0.1794847
-0.158976 0.06065828 -0.04052287 7286766 -0.07103381 -0.02503518 0.1797752
-0.158976 0.06065828 -0.04052287 7396675 -0.07103381 -0.02503518 0.1797752
-0.161147 0.04533334 -0.04019483 7506774 -0.0720394 -0.03281359 0.1804437
-0.1626711 0.03013585 -0.03951708 7617064 -0.07303309 -0.0404828 0.1815528
-0.1626711 0.03013585 -0.03951708 7736986 -0.07303309 -0.0404828 0.1815528
-0.1633206 0.01550396 -0.03870069 7837076 -0.0739497 -0.04802016 0.1831122
-0.1630138 0.001594707 -0.03810095 7967558 -0.07464506 -0.05533055 0.1850803
-0.1630138 0.001594707 -0.03810095 8067300 -0.07464506 -0.05533055 0.1850803
-0.1617458 -0.01180911 -0.03752387 8177379 -0.0751726 -0.06254617 0.1875473
-0.159253 -0.02541373 -0.03744399 8297848 -0.07547511 -0.06944469 0.1908047
-0.159253 -0.02541373 -0.03744399 8397574 -0.07547511 -0.06944469 0.1908047
-0.1561304 -0.03947593 -0.03708307 8517699 -0.07557921 -0.0761793 0.1946667
-0.1520242 -0.05269132 -0.03630588 8637965 -0.0755076 -0.0827525 0.1991263
-0.1520242 -0.05269132 -0.03630588 8758069 -0.0755076 -0.0827525 0.1991263
-0.1468061 -0.06599872 -0.03575162 8858152 -0.07507078 -0.0892394 0.2041396
-0.1417011 -0.08078151 -0.03533504 8958080 -0.07417743 -0.09602634 0.2089874
-0.1417011 -0.08078151 -0.03533504 9078334 -0.07417743 -0.09602634 0.2089874
-0.1362936 -0.09283647 -0.03314072 9188604 -0.07368231 -0.1019727 0.2147716
-0.1281674 -0.107095 -0.03287904 9318425 -0.07173463 -0.1078589 0.2210918
-0.1281674 -0.107095 -0.03287904 9408482 -0.07173463 -0.1078589 0.2210918
-0.1204771 -0.1190765 -0.03137917 9528615 -0.0696438 -0.1136191 0.2273836
-0.1115041 -0.129005 -0.03012925 9638690 -0.0670867 -0.1189543 0.2338483
-0.1115041 -0.129005 -0.03012925 9738963 -0.0670867 -0.1189543 0.2338483
-0.1034186 -0.1360846 -0.02797867 9879113 -0.06467047 -0.1237915 0.240104
-0.09280174 -0.1421657 -0.02649985 9969004 -0.06081876 -0.1278656 0.2468724
-0.09280174 -0.1421657 -0.02649985 10079096 -0.06081876 -0.1278656 0.2468724
-0.08217648 -0.1474163 -0.0247281 10189199 -0.05619035 -0.131516 0.2534185
-0.07023545 -0.1515278 -0.02293839 10319329 -0.05085697 -0.134619 0.2600373
-0.07023545 -0.1515278 -0.02293839 10409390 -0.05085697 -0.134619 0.2600373
-0.05783107 -0.1559393 -0.02090089 10529656 -0.04485469 -0.137576 0.2663885
-0.04597066 -0.158529 -0.0187449 10659619 -0.03840429 -0.1408272 0.2719027
-0.04597066 -0.158529 -0.0187449 10749713 -0.03840429 -0.1408272 0.2719027
-0.03384538 -0.1609467 -0.01632318 10859800 -0.03132241 -0.1438857 0.2770019
-0.02249115 -0.1621402 -0.01355588 10999931 -0.02404184 -0.1462796 0.2815357
-0.009651044 -0.1624743 -0.01030371 11090020 -0.01636158 -0.1484591 0.2858292
-0.009651044 -0.1624743 -0.01030371 11200107 -0.01636158 -0.1484591 0.2858292
0.002897343 -0.1618798 -0.006605804 11320365 -0.008538923 -0.1503289 0.2894835
0.002897343 -0.1618798 -0.006605804 11430315 -0.008538923 -0.1503289 0.2894835
0.01463772 -0.1604172 -0.002642974 11530405 -0.0006715014 -0.1518716 0.2924004
0.02588629 -0.1581691 0.001664504 11650510 0.007131783 -0.1528886 0.2946791
0.02588629 -0.1581691 0.001664504 11770622 0.007131783 -0.1528886 0.2946791
0.03675803 -0.1551101 0.006419703 11870712 0.01476726 -0.1535908 0.2963947
0.04732342 -0.1507931 0.01174027 11990817 0.0222901 -0.1536708 0.297612
0.04732342 -0.1507931 0.01174027 12101090 0.0222901 -0.1536708 0.297612
0.05431565 -0.1477717 0.01498722 12211019 0.02904405 -0.1531111 0.2978921
0.05431565 -0.1477717 0.01498722 12321131 0.02904405 -0.1531111 0.2978921
0.06267101 -0.1420491 0.01952639 12461561 0.03601015 -0.1516309 0.2979575
0.06985733 -0.1370933 0.02311733 12551318 0.04236595 -0.1499467 0.2972197
0.07595965 -0.1324807 0.02599253 12651413 0.0477859 -0.1480325 0.2960269
0.07595965 -0.1324807 0.02599253 12821570 0.0477859 -0.1480325 0.2960269
0.08250076 -0.1270519 0.02928023 13021759 0.05361303 -0.145573 0.2944423
0.09628937 -0.1120412 0.03859322 13251971 0.06547635 -0.1386072 0.2907676
0.1016058 -0.1059047 0.04133469 13502363 0.07027589 -0.1347894 0.2881673
0.1106242 -0.09181063 0.04432805 13692770 0.07807621 -0.1251754 0.281827
0.1143705 -0.08499838 0.04438712 13932768 0.08113971 -0.1196874 0.278215
0.1179354 -0.0779695 0.0443562 14172952 0.0840091 -0.114017 0.2745585
0.1246363 -0.06227791 0.04479001 14362953 0.08907231 -0.1019726 0.2671141
0.1275427 -0.05380676 0.0447491 14563150 0.09107219 -0.09535078 0.2633261
0.130588 -0.04651497 0.04463369 14663240 0.09288175 -0.08872345 0.2594115
0.1328745 -0.03812507 0.04312861 14773340 0.09410415 -0.08182506 0.2553551
0.1328745 -0.03812507 0.04312861 14893444 0.09410415 -0.08182506 0.2553551
0.1350899 -0.02976721 0.04162295 15003531 0.09517392 -0.07495097 0.2512589
0.1375806 -0.02246165 0.04009655 15113631 0.09618734 -0.06829838 0.2470662
0.1375806 -0.02246165 0.04009655 15233751 0.09618734 -0.06829838 0.2470662
0.1399822 -0.01529389 0.03900872 15343851 0.09709787 -0.06195644 0.2430474
0.1423746 -0.008662186 0.03732949 15443941 0.09783042 -0.05575648 0.2389857
0.1423746 -0.008662186 0.03732949 15564053 0.09783042 -0.05575648 0.2389857
0.1447263 -0.002047637 0.03547741 15684154 0.09846213 -0.049835 0.2348489
0.1469848 0.004256931 0.03342232 15784414 0.09890759 -0.04422406 0.2308017
0.1469848 0.004256931 0.03342232 15904360 0.09890759 -0.04422406 0.2308017
0.1489908 0.01061315 0.03093053 16014448 0.09927918 -0.03870264 0.2269915
0.1506931 0.01658729 0.02870277 16124551 0.09952726 -0.03344134 0.2237471
0.1506931 0.01658729 0.02870277 16254677 0.09952726 -0.03344134 0.2237471
0.152197 0.02229611 0.02731694 16354917 0.09981675 -0.02851466 0.2209631
0.1532749 0.02842457 0.02568784 16454849 0.1001997 -0.02375153 0.2184648
0.1532749 0.02842457 0.02568784 16564949 0.1001997 -0.02375153 0.2184648
0.1543235 0.03393144 0.02536376 16675064 0.1005821 -0.01923839 0.216372
0.154976 0.03940303 0.02649754 16805169 0.1011387 -0.0150936 0.2147193
0.154976 0.03940303 0.02649754 16905260 0.1011387 -0.0150936 0.2147193
