0.1499023 0.03007492 0.005374272 0 0.07998421 -0.06010846 0.09072455
0.1481531 0.03481766 0.00583785 110103 0.07912053 -0.05630473 0.09091119
0.1481531 0.03481766 0.00583785 220202 0.07912053 -0.05630473 0.09091119
0.1467893 0.03986927 0.007160825 330318 0.07817718 -0.05239502 0.09133869
0.1467893 0.03986927 0.007160825 450418 0.07817718 -0.05239502 0.09133869
0.1453754 0.04495975 0.008258864 560509 0.07721455 -0.04826525 0.0917421
0.1438583 0.05008718 0.009385456 660600 0.07619172 -0.0440903 0.09219897
0.1438583 0.05008718 0.009385456 780704 0.07619172 -0.0440903 0.09219897
0.1421939 0.05527672 0.01036036 890807 0.07514051 -0.03987423 0.09255762
0.1408157 0.05999049 0.01121189 1000903 0.07409292 -0.03580312 0.09293032
0.1408157 0.05999049 0.01121189 1111010 0.07409292 -0.03580312 0.09293032
0.1393344 0.06459232 0.0119901 1231111 0.07293523 -0.03181092 0.0932539
0.1372003 0.0698305 0.01297695 1341222 0.07166898 -0.02768377 0.09361729
0.1356831 0.07467385 0.0139679 1451321 0.07030663 -0.02354745 0.09387255
0.1356831 0.07467385 0.0139679 1571418 0.07030663 -0.02354745 0.09387255
0.133529 0.07962056 0.01488715 1671520 0.06876394 -0.01948432 0.09419637
0.1307659 0.08486828 0.01569103 1781607 0.06708055 -0.01531795 0.09451465
0.1307659 0.08486828 0.01569103 1911729 0.06708055 -0.01531795 0.09451465
0.1281618 0.08978232 0.01663165 2011819 0.06528798 -0.01129535 0.09496706
0.1238248 0.09525344 0.01699115 2121914 0.06311359 -0.007168806 0.09528595
0.1238248 0.09525344 0.01699115 2252040 0.06311359 -0.007168806 0.09528595
0.1208318 0.1000528 0.01796922 2342117 0.06100846 -0.003266847 0.09576681
0.1171999 0.1050685 0.01871159 2462234 0.05869285 0.0006720662 0.0960715
0.1171999 0.1050685 0.01871159 2572333 0.05869285 0.0006720662 0.0960715
0.1138254 0.1096278 0.01951857 2682420 0.05622768 0.004428351 0.09647193
0.1099347 0.1142338 0.0201643 2792520 0.05365015 0.008095587 0.09679968
0.1099347 0.1142338 0.0201643 2912624 0.05365015 0.008095587 0.09679968
0.1058352 0.1188234 0.02127397 3022739 0.05080482 0.01160785 0.09731829
0.1011978 0.1227752 0.02086153 3122822 0.0480516 0.0148923 0.09730123
0.1011978 0.1227752 0.02086153 3242930 0.0480516 0.0148923 0.09730123
0.09666003 0.1268718 0.02135532 3363038 0.04486709 0.01823469 0.09765555
0.09147748 0.1308741 0.02189633 3463133 0.04156175 0.02128335 0.09808383
0.09147748 0.1308741 0.02189633 3583237 0.04156175 0.02128335 0.09808383
0.08634236 0.1344835 0.02202656 3713351 0.03808797 0.02417787 0.09825274
0.08117131 0.1378221 0.02221641 3803432 0.03460938 0.02686116 0.09854395
0.08117131 0.1378221 0.02221641 3913535 0.03460938 0.02686116 0.09854395
0.07565682 0.1411316 0.02238747 4043649 0.03086485 0.02954575 0.09886309
0.0691547 0.1444333 0.02158897 4143743 0.02696056 0.03217622 0.09855811
0.0691547 0.1444333 0.02158897 4243846 0.02696056 0.03217622 0.09855811
0.06495995 0.146232 0.02143625 4373947 0.02348289 0.03414377 0.09903867
0.05966837 0.1483247 0.02079306 4474041 0.01971909 0.03617641 0.09910696
0.05966837 0.1483247 0.02079306 4594154 0.01971909 0.03617641 0.09910696
0.0541365 0.1504036 0.02034745 4694252 0.01597079 0.03798767 0.09916563
0.04888881 0.1518304 0.01934428 4814348 0.01219088 0.03955218 0.09905069
0.04888881 0.1518304 0.01934428 4924448 0.01219088 0.03955218 0.09905069
0.04327619 0.1531076 0.01835888 5034547 0.008285592 0.04098149 0.09904125
0.03778392 0.1538554 0.01721565 5164660 0.004448102 0.04212257 0.09913473
0.03778392 0.1538554 0.01721565 5264921 0.004448102 0.04212257 0.09913473
0.03268897 0.153581 0.01524151 5364841 0.0005194536 0.04294964 0.09909905
0.02657942 0.1528812 0.01277467 5504967 -0.003493405 0.04337832 0.09886177
0.02104538 0.1514914 0.01038203 5595049 -0.007293868 0.04320296 0.09856794
0.02104538 0.1514914 0.01038203 5705160 -0.007293868 0.04320296 0.09856794
0.01545684 0.1502995 0.008586845 5815260 -0.01112706 0.04276511 0.09823004
0.01545684 0.1502995 0.008586845 5935356 -0.01112706 0.04276511 0.09823004
0.009914639 0.1492499 0.007279616 6035446 -0.01506874 0.04218598 0.09794051
0.004162986 0.1480747 0.006032627 6155554 -0.0190627 0.04153176 0.09776817
0.004162986 0.1480747 0.006032627 6265654 -0.0190627 0.04153176 0.09776817
-0.0005254725 0.1463996 0.005198857 6375757 -0.02275165 0.04052814 0.09795385
-0.006703204 0.1450878 0.004583918 6485865 -0.02692102 0.03948041 0.09809637
-0.006703204 0.1450878 0.004583918 6605965 -0.02692102 0.03948041 0.09809637
-0.01279343 0.1434015 0.004169259 6706055 -0.03095401 0.03801914 0.09835536
-0.01956813 0.1414493 0.003640123 6826176 -0.03494819 0.0362471 0.09852005
-0.01956813 0.1414493 0.003640123 6966286 -0.03494819 0.0362471 0.09852005
-0.02576765 0.1387233 0.002680035 7056371 -0.03882698 0.03406152 0.09850078
-0.03205582 0.136057 0.002544165 7166475 -0.04279586 0.03160938 0.09888525
-0.03781642 0.1322608 0.00134299 7276590 -0.04666229 0.02877232 0.09890392
-0.03781642 0.1322608 0.00134299 7386670 -0.04666229 0.02877232 0.09890392
-0.04207309 0.12789 -0.0002146476 7496773 -0.05031626 0.02552267 0.09857423
-0.04207309 0.12789 -0.0002146476 7606868 -0.05031626 0.02552267 0.09857423
-0.04788432 0.1235003 -0.001511916 7716968 -0.05420247 0.02217122 0.09848181
-0.05365698 0.1195171 -0.002075012 7827067 -0.05805283 0.01873585 0.09857325
-0.05365698 0.1195171 -0.002075012 7937166 -0.05805283 0.01873585 0.09857325
-0.05962687 0.1152156 -0.00285892 8057275 -0.06202305 0.015197 0.09861412
-0.06259862 0.109179 -0.005078088 8167370 -0.06629483 0.01153322 0.09864219
-0.06800447 0.1045813 -0.005800748 8287495 -0.07004782 0.007775032 0.09874887
-0.06800447 0.1045813 -0.005800748 8387573 -0.07004782 0.007775032 0.09874887
-0.07199335 0.09865292 -0.006959163 8507689 -0.07365612 0.003624404 0.09921559
-0.07672931 0.09337469 -0.007836957 8617789 -0.07709429 -0.0003126025 0.09953541
-0.07672931 0.09337469 -0.007836957 8727880 -0.07709429 -0.0003126025 0.09953541
-0.08580153 0.09215935 -0.00500179 8837975 -0.0793324 -0.004370487 0.09962326
-0.09095044 0.08841964 -0.004098083 8948091 -0.08259368 -0.00825981 0.1002546
-0.09095044 0.08841964 -0.004098083 9068576 -0.08259368 -0.00825981 0.1002546
-0.09421485 0.08351323 -0.003902904 9178432 -0.08549132 -0.01251224 0.1010222
-0.09768657 0.07783553 -0.004598711 9288386 -0.08865973 -0.01668469 0.101659
-0.09768657 0.07783553 -0.004598711 9408498 -0.08865973 -0.01668469 0.101659
-0.1001051 0.07180365 -0.005552494 9528602 -0.09125362 -0.02104286 0.1021853
-0.1018003 0.06524238 -0.006775959 9618692 -0.09328382 -0.02574948 0.1025593
-0.1018003 0.06524238 -0.006775959 9738792 -0.09328382 -0.02574948 0.1025593
-0.1040481 0.05920085 -0.007277893 9848896 -0.09518625 -0.03054956 0.1030516
-0.1065265 0.05357155 -0.007228188 9969012 -0.0968795 -0.03545693 0.1036191
-0.1065265 0.05357155 -0.007228188 10079099 -0.0968795 -0.03545693 0.1036191
-0.1085957 0.04750475 -0.00749051 10179194 -0.0985319 -0.04041521 0.1042013
-0.1105435 0.04146703 -0.007470132 10309315 -0.1000812 -0.04556993 0.1048746
-0.1105435 0.04146703 -0.007470132 10409397 -0.1000812 -0.04556993 0.1048746
-0.1127912 0.03527745 -0.007448086 10519505 -0.1015714 -0.05086903 0.1055083
-0.1192801 0.0321587 -0.003398432 10649610 -0.1017116 -0.05696491 0.1063949
-0.1192801 0.0321587 -0.003398432 10739695 -0.1017116 -0.05696491 0.1063949
-0.120226 0.02486559 -0.004197973 10849791 -0.1028962 -0.06265954 0.1069114
-0.1189141 0.01571544 -0.006966863 11009935 -0.1047399 -0.06808571 0.1074128
-0.1203502 0.00861975 -0.007076794 11090016 -0.1056787 -0.07407347 0.1080442
-0.1203502 0.00861975 -0.007076794 11190102 -0.1056787 -0.07407347 0.1080442
-0.1210879 0.0008784175 -0.007857993 11330232 -0.1064199 -0.08007697 0.1084921
-0.1210879 0.0008784175 -0.007857993 11420310 -0.1064199 -0.08007697 0.1084921
-0.1224616 -0.006757891 -0.008242239 11520400 -0.1073637 -0.08613304 0.109137
-0.1231915 -0.01441256 -0.00865637 11640508 -0.1080393 -0.09222702 0.1097563
-0.1231915 -0.01441256 -0.00865637 11760617 -0.1080393 -0.09222702 0.1097563
-0.1242472 -0.02208392 -0.008958949 11860715 -0.1086895 -0.09834317 0.1104092
-0.12484 -0.02959255 -0.00907549 11980824 -0.1090909 -0.1044 0.1111828
-0.12484 -0.02959255 -0.00907549 12090927 -0.1090909 -0.1044 0.1111828
-0.1252319 -0.03722385 -0.009078211 12201014 -0.1092944 -0.1106482 0.1120048
-0.1250015 -0.04489604 -0.009126891 12311105 -0.1092163 -0.1168638 0.1128474
-0.1250015 -0.04489604 -0.009126891 12431226 -0.1092163 -0.1168638 0.1128474
-0.124577 -0.05255882 -0.009220981 12531312 -0.1090549 -0.1229608 0.1136972
-0.1241388 -0.0602111 -0.009424967 12641416 -0.1088486 -0.1287733 0.1145576
-0.1241388 -0.0602111 -0.009424967 12781538 -0.1088486 -0.1287733 0.1145576
-0.1232709 -0.06765691 -0.009325456 12861622 -0.1084745 -0.1346386 0.1155776
-0.1221557 -0.07487229 -0.009091722 13001749 -0.1078675 -0.1403916 0.1166434
-0.1206596 -0.08182863 -0.008728629 13131854 -0.1070522 -0.1459799 0.117785
-0.1206596 -0.08182863 -0.008728629 13231957 -0.1070522 -0.1459799 0.117785
-0.118657 -0.08868554 -0.008311749 13482174 -0.1059926 -0.1514502 0.1189928
-0.1166477 -0.09540824 -0.00790108 13682351 -0.1047966 -0.156677 0.120208
-0.1120399 -0.1074751 -0.006585086 13922572 -0.1018805 -0.1663527 0.1227845
-0.1095649 -0.1133019 -0.006023131 14172802 -0.1002871 -0.1708196 0.1240226
-0.1042562 -0.1231817 -0.0043142 14362973 -0.09652484 -0.1789404 0.1265959
-0.1013584 -0.1275545 -0.003313381 14593181 -0.09441816 -0.1826651 0.1279151
-0.09825552 -0.1318006 -0.00239708 14813368 -0.0920395 -0.1862724 0.129134
-0.09455271 -0.1361636 -0.001584513 15033578 -0.08942047 -0.1897541 0.1303548
-0.08494014 -0.145534 -0.0005107833 15293813 -0.08318895 -0.1966366 0.1324994
-0.08074627 -0.1492645 0.0003745755 15473968 -0.08022825 -0.1995651 0.1337006
-0.07650294 -0.1528545 0.001156451 15694183 -0.07699116 -0.2024064 0.1347627
-0.06735779 -0.1590153 0.002974885 15924374 -0.07028281 -0.2074236 0.1369687
-0.06239441 -0.1616708 0.003908796 16154760 -0.06677594 -0.2096079 0.1380322
-0.05729897 -0.1651702 0.004487849 16364784 -0.0632614 -0.2120667 0.1389178
-0.04713219 -0.1708588 0.005761923 16594979 -0.05580985 -0.216341 0.1405296
-0.04194443 -0.1731139 0.006542061 16815182 -0.05202237 -0.2181797 0.1413521
-0.03636941 -0.1753253 0.007186231 17055399 -0.04809777 -0.2197839 0.1420645
-0.02597631 -0.1781545 0.008499041 17275598 -0.04038534 -0.2221655 0.1432642
-0.02057036 -0.1796047 0.008896691 17495792 -0.03635678 -0.2232192 0.1436365
-0.009114791 -0.1819708 0.009724413 17736017 -0.02811997 -0.2247857 0.144305
-0.003526667 -0.1828194 0.00998265 17936360 -0.02387644 -0.2252732 0.144481
0.002098427 -0.1832815 0.01022363 18176415 -0.01959693 -0.2254836 0.1445909
0.01498714 -0.1852411 0.01034409 18386596 -0.0107977 -0.2260036 0.144433
0.02081184 -0.1848063 0.01059126 18606803 -0.006588736 -0.2256837 0.1443242
0.0261002 -0.1841867 0.0105785 18857033 -0.002659712 -0.2251804 0.1439901
0.0369193 -0.1824962 0.01028604 19057201 0.005798164 -0.2238772 0.1430465
0.04196653 -0.1807863 0.01022809 19287425 0.009800386 -0.2228429 0.1425264
0.04696002 -0.1790221 0.01009056 19527630 0.01377142 -0.2216163 0.1419636
0.05690515 -0.1750825 0.009333925 19717802 0.02145322 -0.2188111 0.1402432
0.06161154 -0.1727542 0.008898491 19948005 0.02519344 -0.2171632 0.1393125
0.06628601 -0.1705396 0.008281226 20178217 0.02874933 -0.2154526 0.1382046
0.07496792 -0.1653731 0.006730588 20398416 0.03580663 -0.2116328 0.1356984
0.07928307 -0.1625424 0.005857041 20628619 0.03921136 -0.2094869 0.1342966
0.08310692 -0.1593047 0.004827395 20848818 0.04244424 -0.2071571 0.1327451
0.09070103 -0.1525926 0.00274129 21069017 0.04870718 -0.2020662 0.1296079
0.09447664 -0.1489306 0.00165853 21309246 0.05176384 -0.1992311 0.1279587
0.09809807 -0.1447993 0.0006227163 21529436 0.05475426 -0.1961124 0.126299
0.105365 -0.1360481 -0.001356247 21749643 0.06065835 -0.189317 0.1230222
0.1088509 -0.131146 -0.002150126 21989852 0.06348279 -0.1855271 0.1215054
0.1118892 -0.1254575 -0.002797832 22190024 0.06623188 -0.1813745 0.1200636
0.1182623 -0.1141794 -0.003831095 22430257 0.07169677 -0.1727169 0.1174589
0.121804 -0.1084338 -0.003953699 22640443 0.07444279 -0.1682313 0.11641
0.1248822 -0.1026595 -0.00425305 22880656 0.07711058 -0.1636443 0.1153503
0.1314328 -0.09089747 -0.004095395 23110868 0.08215435 -0.1542137 0.1136711
0.1338796 -0.08446363 -0.003911781 23321061 0.08439659 -0.1492566 0.1129624
0.1361491 -0.07775656 -0.003399679 23531251 0.08645011 -0.1442332 0.1124326
0.1410674 -0.0646278 -0.002042233 23751434 0.0906778 -0.1340613 0.1117389
0.1432405 -0.05806461 -0.001173941 23991650 0.09244627 -0.1288207 0.1116081
0.1452631 -0.05135838 -2.121043E-05 24232301 0.09421473 -0.1236344 0.111677
0.1485482 -0.03760485 0.002668027 24432048 0.09730906 -0.1130448 0.1121652
0.1524523 -0.03228656 0.004508947 24652246 0.0993318 -0.1082964 0.1127077
0.1527178 -0.02492062 0.005867091 24892471 0.1003062 -0.1028357 0.1130516
0.1557785 -0.01189235 0.009591047 25092952 0.1026853 -0.09263042 0.1143227
0.1564147 -0.005244649 0.01124932 25342870 0.1035367 -0.08747676 0.1149221
0.1588962 0.007015908 0.01522391 25533370 0.1053899 -0.07787672 0.1163998
0.1590829 0.01331099 0.01668681 25763261 0.1059719 -0.07294957 0.1169095
0.1608701 0.01854452 0.01839712 25993465 0.1068031 -0.06838969 0.1175205
0.162917 0.02829715 0.02073435 26203651 0.1075302 -0.059418 0.1184309
0.1627749 0.03371152 0.022474 26453888 0.1077424 -0.05529825 0.119195
0.161912 0.03918668 0.02390986 26684100 0.1077384 -0.05113796 0.1198939
0.1613383 0.04891106 0.02771945 26894598 0.1080183 -0.04392222 0.1217684
0.160131 0.05398783 0.02996548 27114797 0.1079033 -0.040682 0.1227887
0.1599239 0.0580109 0.03230107 27354693 0.1078254 -0.03793649 0.1238767
