0.04878857 0.0007013149 -0.004557681 0 0.01733295 0.01995473 0.1330871
0.04878857 0.0007013149 -0.004557681 110119 0.01733295 0.01995473 0.1330871
0.04865429 0.0007132276 -0.004506927 220206 0.01738681 0.02116758 0.1330075
0.04878394 0.0007382448 -0.004409236 330305 0.01757421 0.02273006 0.1328808
0.04878394 0.0007382448 -0.004409236 440396 0.01757421 0.02273006 0.1328808
0.04850835 0.003312081 -0.004479429 570530 0.01722385 0.0234195 0.1330823
0.04773337 0.006578195 -0.004499928 660611 0.01685928 0.02418277 0.1334969
0.04773337 0.006578195 -0.004499928 780707 0.01685928 0.02418277 0.1334969
0.04666309 0.009751895 -0.004652338 890969 0.01627222 0.02565328 0.1336581
0.04520104 0.01332414 -0.004788163 1000910 0.01524469 0.02732001 0.1338227
0.04520104 0.01332414 -0.004788163 1111009 0.01524469 0.02732001 0.1338227
0.04295777 0.01805932 -0.004986832 1231117 0.01376757 0.02915438 0.1340494
0.03960755 0.02325517 -0.005187592 1331211 0.01164089 0.03102449 0.134325
0.03960755 0.02325517 -0.005187592 1451478 0.01164089 0.03102449 0.134325
0.03522652 0.02916905 -0.005307208 1561439 0.008696324 0.0333267 0.1346396
0.02991457 0.03453169 -0.005363311 1671514 0.004814179 0.03596459 0.1349013
0.02991457 0.03453169 -0.005363311 1781617 0.004814179 0.03596459 0.1349013
0.02369808 0.0388834 -0.005451093 1911731 -2.178961E-05 0.03847901 0.1350603
0.01633365 0.0426906 -0.005421086 2001820 -0.005605496 0.04088589 0.1353683
0.01633365 0.0426906 -0.005421086 2121916 -0.005605496 0.04088589 0.1353683
0.00838258 0.04556857 -0.005369355 2232035 -0.01158156 0.04279045 0.1356979
-0.0003138225 0.04751398 -0.005275769 2342110 -0.01798257 0.04404307 0.136082
-0.0003138225 0.04751398 -0.005275769 2452214 -0.01798257 0.04404307 0.136082
-0.009583869 0.04892077 -0.005157233 2572326 -0.02478916 0.04475112 0.1364679
-0.01876548 0.04883399 -0.005086008 2672428 -0.03171442 0.04479918 0.1367671
-0.01876548 0.04883399 -0.005086008 2792528 -0.03171442 0.04479918 0.1367671
-0.02747052 0.04764822 -0.004974578 2912625 -0.03844534 0.0442313 0.1370611
-0.035786 0.04523554 -0.004786276 3012719 -0.04499934 0.04311758 0.1373998
-0.04323845 0.04140186 -0.004578189 3122814 -0.05110377 0.04150817 0.1377045
-0.04323845 0.04140186 -0.004578189 3232917 -0.05110377 0.04150817 0.1377045
-0.0500891 0.03691744 -0.004476709 3343025 -0.05690337 0.03940658 0.1378385
-0.0559017 0.03112865 -0.004376232 3453120 -0.06202685 0.03654075 0.1378892
-0.0559017 0.03112865 -0.004376232 3573248 -0.06202685 0.03654075 0.1378892
-0.06056555 0.02412067 -0.004188805 3683323 -0.06596502 0.03312255 0.137924
-0.06342015 0.01623396 -0.004003077 3793418 -0.06855184 0.02920584 0.1378125
-0.06342015 0.01623396 -0.004003077 3913559 -0.06855184 0.02920584 0.1378125
-0.06463458 0.008049742 -0.003818349 4023634 -0.07020365 0.02506855 0.1375521
-0.06456239 -0.0006208385 -0.00356665 4123720 -0.07092312 0.02082773 0.1371662
-0.06456239 -0.0006208385 -0.00356665 4243828 -0.07092312 0.02082773 0.1371662
-0.06269929 -0.009730822 -0.003282951 4353923 -0.0706939 0.01661492 0.1365321
-0.05951851 -0.0182016 -0.002989111 4464027 -0.06948267 0.01248423 0.1358105
-0.05951851 -0.0182016 -0.002989111 4604161 -0.06948267 0.01248423 0.1358105
-0.05566526 -0.02572868 -0.002824594 4684225 -0.06733508 0.008264465 0.1350686
-0.050879 -0.03233533 -0.0026837 4804333 -0.06427281 0.004406933 0.134345
-0.050879 -0.03233533 -0.0026837 4914429 -0.06427281 0.004406933 0.134345
-0.04508526 -0.0382743 -0.002601966 5024544 -0.06066938 0.001013061 0.1334858
-0.03849896 -0.04348056 -0.002597687 5134627 -0.05652354 -0.001743896 0.1324557
-0.03849896 -0.04348056 -0.002597687 5244726 -0.05652354 -0.001743896 0.1324557
-0.03091414 -0.04756214 -0.002573258 5364847 -0.05198547 -0.003758226 0.13138
-0.02313709 -0.05040645 -0.002586926 5464933 -0.04691657 -0.005155747 0.1304287
-0.02313709 -0.05040645 -0.002586926 5585045 -0.04691657 -0.005155747 0.1304287
-0.01527632 -0.05162413 -0.002600653 5695128 -0.04147016 -0.005922524 0.1298059
-0.007788769 -0.05170563 -0.00263612 5805231 -0.03574409 -0.005921315 0.1293811
-0.007788769 -0.05170563 -0.00263612 5915529 -0.03574409 -0.005921315 0.1293811
-0.0008173766 -0.05114441 -0.002687594 6045464 -0.03007568 -0.005305929 0.1290281
0.006179811 -0.04950992 -0.002783332 6135537 -0.02462175 -0.00384031 0.1286389
0.006179811 -0.04950992 -0.002783332 6245628 -0.02462175 -0.00384031 0.1286389
0.01293984 -0.04724444 -0.002837753 6365736 -0.01954922 -0.00199459 0.128323
0.01973011 -0.04358456 -0.002884045 6475848 -0.01468637 0.0005655114 0.12816
0.01973011 -0.04358456 -0.002884045 6585947 -0.01468637 0.0005655114 0.12816
0.02630119 -0.03893093 -0.0030098 6696034 -0.009967206 0.003288845 0.1281708
0.03204896 -0.03329971 -0.00321122 6816159 -0.005543794 0.006574862 0.1283298
0.03204896 -0.03329971 -0.00321122 6916237 -0.005543794 0.006574862 0.1283298
0.03708125 -0.0269193 -0.003428561 7036341 -0.001826512 0.009985268 0.128596
0.04081784 -0.02012551 -0.003785251 7146456 0.0009617565 0.01332496 0.1288752
0.04081784 -0.02012551 -0.003785251 7256543 0.0009617565 0.01332496 0.1288752
0.04397831 -0.01245628 -0.004021698 7366651 0.002938464 0.0171577 0.1291886
0.04542734 -0.004956326 -0.004157315 7476754 0.003940204 0.02096285 0.1296832
0.04542734 -0.004956326 -0.004157315 7596850 0.003940204 0.02096285 0.1296832
0.04531384 0.003037912 -0.004285799 7716970 0.004153678 0.02479708 0.130394
0.04330047 0.01153109 -0.004485698 7837079 0.003554215 0.02805449 0.1313578
0.04330047 0.01153109 -0.004485698 7927452 0.003554215 0.02805449 0.1313578
0.04017103 0.01908065 -0.004653004 8037243 0.002226569 0.03036075 0.1322383
0.03704908 0.02511104 -0.004434334 8147338 0.0004443667 0.03178657 0.1331221
0.03704908 0.02511104 -0.004434334 8267463 0.0004443667 0.03178657 0.1331221
0.03534912 0.02795082 -0.002597821 8377554 -0.002548691 0.03338891 0.1346626
0.0340599 0.02847337 0.0003144494 8477640 -0.005998848 0.03490277 0.1369168
0.0340599 0.02847337 0.0003144494 8607757 -0.005998848 0.03490277 0.1369168
0.03362587 0.0271167 0.004266726 8707859 -0.009081963 0.03545601 0.1399603
0.03352804 0.02464895 0.009149323 8817959 -0.01204952 0.03507947 0.1437604
0.03352804 0.02464895 0.009149323 8938071 -0.01204952 0.03507947 0.1437604
0.03393812 0.02048702 0.01479318 9048154 -0.0145271 0.03383687 0.1481317
