0.05879507 -0.002965687 -0.007534427 0 0.03246927 -0.007856592 0.1324273
0.0587141 -0.003012184 -0.007415388 110083 0.03234607 -0.007877043 0.1325393
0.0587141 -0.003012184 -0.007415388 220182 0.03234607 -0.007877043 0.1325393
0.05858503 -0.002920478 -0.007571898 330277 0.03151535 -0.007649774 0.1322534
0.05840923 -0.002848433 -0.00760604 450389 0.03022612 -0.007281786 0.1320088
0.05840923 -0.002848433 -0.00760604 550479 0.03022612 -0.007281786 0.1320088
0.05623 -0.003184509 -0.007535186 670588 0.02892684 -0.006838583 0.1322769
0.05333322 -0.003015479 -0.00747112 801053 0.02694502 -0.00650185 0.1325209
0.05333322 -0.003015479 -0.00747112 890794 0.02694502 -0.00650185 0.1325209
0.04980594 -0.002704399 -0.007349912 1000889 0.0242152 -0.006389205 0.1327849
0.04560706 -0.002470363 -0.007415208 1111130 0.02059179 -0.006335217 0.1328187
0.04560706 -0.002470363 -0.007415208 1231101 0.02059179 -0.006335217 0.1328187
0.04051203 -0.002187075 -0.00741453 1341192 0.01623302 -0.006124148 0.1329467
0.0343799 -0.001973254 -0.007472784 1451461 0.01084703 -0.005820488 0.1330179
0.0343799 -0.001973254 -0.007472784 1561399 0.01084703 -0.005820488 0.1330179
0.02711787 -0.001364391 -0.007395421 1671498 0.004283968 -0.005493161 0.1332026
0.01899438 -0.0009721376 -0.007360633 1781597 -0.003557576 -0.005101935 0.1332829
0.01899438 -0.0009721376 -0.007360633 1901697 -0.003557576 -0.005101935 0.1332829
0.01040565 -0.0008723069 -0.007215128 2011825 -0.01254179 -0.004679264 0.1333735
0.0006141348 -0.0003630684 -0.007275216 2121904 -0.02288475 -0.004158831 0.1332226
-0.009198256 -0.0002957417 -0.007265729 2231999 -0.03357179 -0.003997122 0.1330855
-0.009198256 -0.0002957417 -0.007265729 2342102 -0.03357179 -0.003997122 0.1330855
-0.01942303 -0.0002012407 -0.007234018 2462210 -0.0443883 -0.004202222 0.1330049
-0.0290999 -0.0003865388 -0.007366996 2572318 -0.0550289 -0.004510758 0.1326934
-0.0290999 -0.0003865388 -0.007366996 2682409 -0.0550289 -0.004510758 0.1326934
-0.03842516 -0.0008985313 -0.007167436 2792504 -0.06479876 -0.005135196 0.1328066
-0.04699991 -0.001683966 -0.007122617 2902599 -0.07387819 -0.005704256 0.1327618
-0.04699991 -0.001683966 -0.007122617 3022707 -0.07387819 -0.005704256 0.1327618
-0.05466104 -0.002444053 -0.007113339 3132811 -0.08185618 -0.006202614 0.132717
-0.06116521 -0.002881119 -0.007006302 3232901 -0.08851119 -0.006620191 0.1327952
-0.06116521 -0.002881119 -0.007006302 3353021 -0.08851119 -0.006620191 0.1327952
-0.06654093 -0.003496721 -0.007159031 3463112 -0.09376284 -0.006718483 0.1326795
-0.07116329 -0.003703152 -0.006980774 3573216 -0.09737732 -0.006867616 0.1330515
-0.07116329 -0.003703152 -0.006980774 3683335 -0.09737732 -0.006867616 0.1330515
-0.07445245 -0.003865912 -0.006969537 3803561 -0.09974931 -0.006803208 0.1332363
-0.07583993 -0.003839747 -0.00694394 3903517 -0.1007503 -0.006796425 0.1333307
-0.07583993 -0.003839747 -0.00694394 4033922 -0.1007503 -0.006796425 0.1333307
-0.0755623 -0.003890606 -0.006797013 4133717 -0.1002716 -0.007231494 0.1335046
-0.07606348 -0.003812588 -0.006926026 4244112 -0.09886308 -0.008046946 0.1336744
-0.07606348 -0.003812588 -0.006926026 4363932 -0.09886308 -0.008046946 0.1336744
