0.2995428 -0.00378143 -0.007678003 0 0.2762474 0.01318968 0.1318769
0.2995334 -0.003624507 -0.007723354 110116 0.2759577 0.01359851 0.1317536
0.299548 -0.003440861 -0.007822624 220243 0.2756789 0.01405837 0.13157
0.2994623 -0.003289649 -0.007861286 340311 0.2754594 0.01435982 0.1314893
0.2994623 -0.003289649 -0.007861286 450406 0.2754594 0.01435982 0.1314893
0.2994103 -0.003106044 -0.007887639 560505 0.2753188 0.01483821 0.1314101
0.2994103 -0.003106044 -0.007887639 670609 0.2753188 0.01483821 0.1314101
0.2993973 -0.00316189 -0.007840789 780704 0.2752231 0.01565501 0.1313274
0.2994114 -0.002399899 -0.007811056 890807 0.2750169 0.01692915 0.1312485
0.2994527 0.001764685 -0.007932656 1000906 0.2744778 0.01808898 0.1314087
0.2994527 0.001764685 -0.007932656 1121395 0.2744778 0.01808898 0.1314087
0.2988297 0.006299422 -0.008016379 1231110 0.2742333 0.02020665 0.1316542
0.298146 0.01134573 -0.008038945 1341209 0.2737939 0.02363254 0.1318262
0.298146 0.01134573 -0.008038945 1452273 0.2737939 0.02363254 0.1318262
0.2975374 0.01701787 -0.008074395 1561411 0.2731783 0.02839898 0.1318662
0.2969543 0.02341721 -0.008089895 1671511 0.2724212 0.03434543 0.1318564
0.2969543 0.02341721 -0.008089895 1791619 0.2724212 0.03434543 0.1318564
0.2960902 0.03135327 -0.008134048 1891709 0.2713801 0.04118226 0.1318626
0.2945266 0.04097633 -0.008242721 2011817 0.2698134 0.04895698 0.1318709
0.2945266 0.04097633 -0.008242721 2141963 0.2698134 0.04895698 0.1318709
0.2922203 0.05162495 -0.008292861 2232012 0.2675714 0.05804559 0.1319122
0.2896116 0.06285481 -0.008345847 2342111 0.2646347 0.06844512 0.1318367
0.2896116 0.06285481 -0.008345847 2472236 0.2646347 0.06844512 0.1318367
0.286639 0.07477076 -0.008404622 2562305 0.260937 0.08002146 0.13166
0.2829355 0.0873487 -0.008415299 2682422 0.2565492 0.09236695 0.1315305
0.2829355 0.0873487 -0.008415299 2792517 0.2565492 0.09236695 0.1315305
0.2780667 0.1011859 -0.008515653 2902624 0.2514409 0.1050605 0.1314211
0.2725178 0.1157659 -0.008511573 3012715 0.2456536 0.1179563 0.1314161
0.2725178 0.1157659 -0.008511573 3122810 0.2456536 0.1179563 0.1314161
0.2657298 0.1301873 -0.008487038 3242935 0.2389253 0.1306214 0.1314686
0.2589925 0.1458474 -0.008697632 3353034 0.2317726 0.1441245 0.1311679
0.2589925 0.1458474 -0.008697632 3463137 0.2317726 0.1441245 0.1311679
0.250532 0.1613952 -0.008866522 3583238 0.2236712 0.1573427 0.1310203
0.2420631 0.1770049 -0.008860535 3683320 0.2147096 0.1704813 0.1308373
0.2420631 0.1770049 -0.008860535 3793411 0.2147096 0.1704813 0.1308373
0.2322243 0.192681 -0.008925943 3903514 0.2051102 0.1832025 0.1306493
0.2218176 0.207977 -0.008843939 4023626 0.1949563 0.1952742 0.1305237
0.2218176 0.207977 -0.008843939 4133948 0.1949563 0.1952742 0.1305237
0.2107607 0.222638 -0.008892371 4243829 0.1840331 0.207019 0.1302045
0.1985525 0.234911 -0.009293151 4353924 0.1720649 0.21826 0.1297299
0.1985525 0.234911 -0.009293151 4474356 0.1720649 0.21826 0.1297299
0.1861014 0.247494 -0.009338848 4574114 0.1591284 0.2292584 0.1293917
0.172504 0.2592931 -0.009480559 4694243 0.1456679 0.2391393 0.1290109
0.172504 0.2592931 -0.009480559 4804346 0.1456679 0.2391393 0.1290109
0.1568083 0.270939 -0.009414029 4914433 0.1317845 0.247611 0.1289184
0.1409673 0.2813425 -0.009817931 5024532 0.1177972 0.2550559 0.1283067
0.1409673 0.2813425 -0.009817931 5135195 0.1177972 0.2550559 0.1283067
0.1220352 0.2914575 -0.008955719 5244727 0.1030029 0.2606889 0.128875
0.1055236 0.2995386 -0.008747504 5374864 0.08761775 0.2662224 0.1286412
0.1055236 0.2995386 -0.008747504 5475109 0.08761775 0.2662224 0.1286412
0.08806799 0.3061235 -0.008642997 5585033 0.07182334 0.2709846 0.1284979
0.06860435 0.3110617 -0.008271504 5695137 0.0556608 0.274598 0.1288748
0.06860435 0.3110617 -0.008271504 5815237 0.0556608 0.274598 0.1288748
0.05044031 0.3148902 -0.009013118 5915331 0.03911469 0.2782264 0.128223
0.03149365 0.3180743 -0.009419628 6025434 0.02194295 0.2808459 0.1277995
0.03149365 0.3180743 -0.009419628 6155548 0.02194295 0.2808459 0.1277995
0.01123877 0.3198638 -0.009368772 6255638 0.004275028 0.2820936 0.1278579
-0.008484667 0.3200626 -0.009365185 6365741 -0.01367235 0.2825555 0.1280122
-0.008484667 0.3200626 -0.009365185 6475982 -0.01367235 0.2825555 0.1280122
-0.02872327 0.3190783 -0.009303013 6595949 -0.03178395 0.2819943 0.128253
-0.04884964 0.3164689 -0.009221953 6696035 -0.05034837 0.2802744 0.1285966
-0.04884964 0.3164689 -0.009221953 6816139 -0.05034837 0.2802744 0.1285966
-0.06998701 0.31237 -0.008695981 6926250 -0.06913266 0.2771344 0.1293764
-0.08985987 0.308147 -0.008531182 7036350 -0.08725218 0.2736089 0.1296953
-0.08985987 0.308147 -0.008531182 7146445 -0.08725218 0.2736089 0.1296953
-0.1093391 0.3018204 -0.008405932 7256548 -0.1049795 0.2687096 0.1301253
-0.1278895 0.2941303 -0.008354493 7366639 -0.1221737 0.2628161 0.1305448
-0.1278895 0.2941303 -0.008354493 7476742 -0.1221737 0.2628161 0.1305448
-0.1460318 0.2849095 -0.008169838 7596851 -0.1387824 0.2559942 0.1311772
-0.1648911 0.2762309 -0.008083638 7706994 -0.1544015 0.2483158 0.1312611
-0.1648911 0.2762309 -0.008083638 7817049 -0.1544015 0.2483158 0.1312611
-0.1819742 0.2653868 -0.007928877 7927152 -0.1699785 0.2397055 0.1317236
-0.1979715 0.2545338 -0.007562513 8037248 -0.1849557 0.2303791 0.1322709
-0.1979715 0.2545338 -0.007562513 8157356 -0.1849557 0.2303791 0.1322709
-0.2119289 0.2413481 -0.007898889 8267451 -0.1991976 0.2201281 0.1324359
-0.2266683 0.2283845 -0.007263207 8377546 -0.2125752 0.2093903 0.1332603
-0.2266683 0.2283845 -0.007263207 8497662 -0.2125752 0.2093903 0.1332603
-0.239116 0.2149 -0.007118612 8597753 -0.2243426 0.1978649 0.133586
-0.2499834 0.2004858 -0.007036554 8707852 -0.2350526 0.1858584 0.1339222
-0.2499834 0.2004858 -0.007036554 8817951 -0.2350526 0.1858584 0.1339222
-0.2598972 0.1843654 -0.006774659 8928050 -0.2447308 0.1731019 0.1344675
-0.2690509 0.1680406 -0.006506118 9048155 -0.2536172 0.1597756 0.1349143
-0.2690509 0.1680406 -0.006506118 9158254 -0.2536172 0.1597756 0.1349143
-0.277369 0.1516308 -0.006235207 9268349 -0.2613882 0.1460383 0.1352554
-0.2842124 0.1354726 -0.006106487 9378456 -0.2679432 0.1318026 0.1354141
-0.2842124 0.1354726 -0.006106487 9488555 -0.2679432 0.1318026 0.1354141
-0.289052 0.1182627 -0.005909672 9608656 -0.2733611 0.1172804 0.1357204
-0.2919219 0.100445 -0.00574907 9708746 -0.2776852 0.1025119 0.1360229
-0.2919219 0.100445 -0.00574907 9828862 -0.2776852 0.1025119 0.1360229
-0.2940758 0.08242738 -0.005530428 9938961 -0.2808737 0.08750275 0.1362659
-0.2958214 0.06516162 -0.005387229 10069091 -0.2826733 0.072017 0.1363392
-0.2958214 0.06516162 -0.005387229 10169169 -0.2826733 0.072017 0.1363392
-0.2967881 0.0479304 -0.005313505 10289273 -0.2834633 0.05637294 0.1363108
-0.2958749 0.0309427 -0.005498987 10389367 -0.2838553 0.04065903 0.1361604
-0.2958749 0.0309427 -0.005498987 10499462 -0.2838553 0.04065903 0.1361604
-0.2936573 0.01308126 -0.005404247 10609562 -0.2837195 0.02497683 0.1362502
-0.2906241 -0.004724368 -0.005289915 10719843 -0.2823582 0.009256021 0.1362815
-0.2867844 -0.0224813 -0.005102362 10839781 -0.279575 -0.006570292 0.1363229
-0.2867844 -0.0224813 -0.005102362 10949881 -0.279575 -0.006570292 0.1363229
-0.2811401 -0.04008248 -0.004998507 11049963 -0.2757396 -0.0224563 0.136304
-0.2811401 -0.04008248 -0.004998507 11170071 -0.2757396 -0.0224563 0.136304
-0.2743199 -0.05772561 -0.004892841 11280170 -0.2711498 -0.03826853 0.136237
-0.2663341 -0.07543544 -0.004726654 11390257 -0.2658478 -0.05399204 0.1361499
-0.2573994 -0.0925744 -0.004769638 11510369 -0.2595109 -0.06937616 0.1358135
-0.2573994 -0.0925744 -0.004769638 11620485 -0.2595109 -0.06937616 0.1358135
-0.2466464 -0.1098068 -0.004587322 11730584 -0.2514668 -0.08444507 0.1355547
-0.2357872 -0.126396 -0.004506915 11840667 -0.2429939 -0.0989062 0.1351306
-0.2357872 -0.126396 -0.004506915 11950762 -0.2429939 -0.0989062 0.1351306
-0.2232544 -0.1425691 -0.004327313 12070895 -0.2336576 -0.1127662 0.1346324
-0.2080922 -0.1592279 -0.004282944 12170981 -0.2229178 -0.1262419 0.1335517
-0.2080922 -0.1592279 -0.004282944 12291077 -0.2229178 -0.1262419 0.1335517
-0.194519 -0.1732327 -0.004151233 12391171 -0.2115873 -0.1388344 0.1330774
-0.1797897 -0.1858226 -0.00420754 12531302 -0.1993166 -0.1504776 0.1324515
-0.1797897 -0.1858226 -0.00420754 12621375 -0.1993166 -0.1504776 0.1324515
-0.162612 -0.1978907 -0.003853031 12731482 -0.1857234 -0.1612751 0.1319093
-0.1470519 -0.2096805 -0.00371851 12861583 -0.1723356 -0.1708994 0.1310517
-0.1470519 -0.2096805 -0.00371851 12961694 -0.1723356 -0.1708994 0.1310517
-0.1302393 -0.2190052 -0.003880409 13071781 -0.1579521 -0.1789544 0.1300382
-0.1126357 -0.2271591 -0.004179929 13201898 -0.1427663 -0.1862521 0.1289554
-0.1126357 -0.2271591 -0.004179929 13291983 -0.1427663 -0.1862521 0.1289554
-0.09455816 -0.2356268 -0.004084288 13402082 -0.126904 -0.1927954 0.1279212
-0.07311249 -0.2449696 -0.00365006 13512178 -0.1094418 -0.19855 0.1260868
-0.07311249 -0.2449696 -0.00365006 13632294 -0.1094418 -0.19855 0.1260868
-0.05614625 -0.251394 -0.004120095 13732380 -0.09284079 -0.2026787 0.1246688
-0.03734133 -0.257269 -0.003781424 13852488 -0.0755643 -0.2055993 0.1234015
-0.03734133 -0.257269 -0.003781424 13972609 -0.0755643 -0.2055993 0.1234015
-0.0170856 -0.2610647 -0.003865738 14072683 -0.05628439 -0.2082675 0.1225548
0.002542142 -0.2633027 -0.004084076 14182782 -0.03723229 -0.2099592 0.1219267
0.002542142 -0.2633027 -0.004084076 14312903 -0.03723229 -0.2099592 0.1219267
0.02189008 -0.264605 -0.004405382 14412989 -0.0181617 -0.210435 0.1211642
0.04072634 -0.2645971 -0.004723444 14513084 0.0006079514 -0.209668 0.1204946
0.04072634 -0.2645971 -0.004723444 14633200 0.0006079514 -0.209668 0.1204946
0.05971076 -0.2630978 -0.004848897 14743295 0.01907945 -0.2076638 0.1199807
0.07699768 -0.2598473 -0.004954433 14853386 0.03647816 -0.2041458 0.1197924
0.07699768 -0.2598473 -0.004954433 14963494 0.03647816 -0.2041458 0.1197924
0.09679487 -0.254979 -0.005230137 15083594 0.05556924 -0.2004249 0.1197921
0.1149566 -0.2487286 -0.00541035 15193875 0.07313723 -0.1954282 0.1199549
0.1149566 -0.2487286 -0.00541035 15303804 0.07313723 -0.1954282 0.1199549
0.1323542 -0.2411709 -0.005641899 15423900 0.09024469 -0.1892681 0.1202118
0.1479635 -0.2325087 -0.005739415 15523991 0.1064449 -0.1820817 0.120908
0.1479635 -0.2325087 -0.005739415 15634552 0.1064449 -0.1820817 0.120908
0.1644766 -0.2214361 -0.006030524 15754198 0.1221977 -0.1734355 0.1213063
0.179852 -0.2099148 -0.006496572 15864314 0.1373834 -0.1642899 0.121648
0.179852 -0.2099148 -0.006496572 15984410 0.1373834 -0.1642899 0.121648
0.1953214 -0.1981844 -0.006294257 16084508 0.1519332 -0.1541651 0.1221036
0.2096003 -0.1845171 -0.006846976 16194595 0.1655628 -0.1424489 0.1219832
0.2096003 -0.1845171 -0.006846976 16324899 0.1655628 -0.1424489 0.1219832
0.2219462 -0.1716234 -0.006859484 16424798 0.1773051 -0.1296891 0.1218065
0.2348776 -0.1567228 -0.00689092 16534906 0.1889321 -0.1157947 0.1216398
0.2348776 -0.1567228 -0.00689092 16655176 0.1889321 -0.1157947 0.1216398
0.245772 -0.1413186 -0.006924496 16755112 0.1993193 -0.1018094 0.1218677
0.2549624 -0.1247632 -0.007342943 16865199 0.2086275 -0.08767253 0.1222087
0.2549624 -0.1247632 -0.007342943 16995317 0.2086275 -0.08767253 0.1222087
0.2634085 -0.1080021 -0.007450769 17095403 0.2168646 -0.07364634 0.1227783
0.270973 -0.09123928 -0.007544412 17205741 0.2241763 -0.05969364 0.1233036
0.270973 -0.09123928 -0.007544412 17325618 0.2241763 -0.05969364 0.1233036
0.2772692 -0.07527478 -0.007813753 17425704 0.2304689 -0.04562887 0.1234764
0.2823744 -0.0600559 -0.007789613 17535808 0.2351124 -0.03160029 0.1235984
0.2823744 -0.0600559 -0.007789613 17665925 0.2351124 -0.03160029 0.1235984
0.2867579 -0.0453544 -0.007875063 17756002 0.2388966 -0.0180617 0.1235428
0.2903145 -0.03096127 -0.007880562 17876123 0.2417159 -0.005012447 0.1235389
0.2903145 -0.03096127 -0.007880562 17996223 0.2417159 -0.005012447 0.1235389
0.2921478 -0.01644579 -0.008055252 18096309 0.2433721 0.007672569 0.123647
0.292599 -0.001890805 -0.008117533 18206424 0.2438425 0.01987617 0.1240008
0.292599 -0.001890805 -0.008117533 18336521 0.2438425 0.01987617 0.1240008
0.2920362 0.01251466 -0.008325567 18426611 0.2431507 0.03165385 0.1241514
0.2915825 0.02447795 -0.008370399 18537010 0.2421298 0.04293972 0.1239921
0.2915825 0.02447795 -0.008370399 18646955 0.2421298 0.04293972 0.1239921
0.2907395 0.03453903 -0.008326226 18756908 0.2409035 0.05288122 0.1239092
0.2891717 0.04311523 -0.008207734 18867003 0.2396668 0.06115886 0.1241929
0.2891717 0.04311523 -0.008207734 18987116 0.2396668 0.06115886 0.1241929
0.2866634 0.05195295 -0.008297394 19097215 0.2382582 0.06711412 0.1248691
0.2833404 0.05982853 -0.008356163 19217319 0.2361179 0.07028246 0.1256849
0.2833404 0.05982853 -0.008356163 19327418 0.2361179 0.07028246 0.1256849
0.282779 0.06443638 -0.005619274 19437522 0.2322958 0.07303007 0.1273614
0.2841828 0.06360688 5.406766E-05 19547771 0.226826 0.07560945 0.1299478
0.2841828 0.06360688 5.406766E-05 19657716 0.226826 0.07560945 0.1299478
0.2841322 0.06018038 0.007519522 19777840 0.2192383 0.07671548 0.1333035
0.2831621 0.05570756 0.01707784 19877923 0.2105608 0.07590262 0.1380219
