0.1539604 -0.02259455 -0.005292126 0 0.1545467 -0.03203684 0.1368934
0.1538925 -0.02239827 -0.005415045 110095 0.1549058 -0.03179281 0.1367713
0.1538925 -0.02239827 -0.005415045 220202 0.1549058 -0.03179281 0.1367713
0.153919 -0.02243508 -0.005559582 330293 0.1551868 -0.03161536 0.1366387
0.1540804 -0.02249931 -0.005685661 440389 0.1551635 -0.03131855 0.136537
0.1540804 -0.02249931 -0.005685661 550492 0.1551635 -0.03131855 0.136537
0.1541 -0.02265459 -0.005890601 660591 0.1546696 -0.03088478 0.1363703
0.1540053 -0.02282394 -0.00611296 770686 0.153637 -0.03034016 0.1361881
0.1540053 -0.02282394 -0.00611296 880785 0.153637 -0.03034016 0.1361881
0.151826 -0.02226576 -0.006263521 1020916 0.1524811 -0.02956623 0.1360478
0.1501627 -0.02218162 -0.00640173 1111009 0.1509316 -0.02899682 0.1359331
0.1501627 -0.02218162 -0.00640173 1221092 0.1509316 -0.02899682 0.1359331
0.1467862 -0.02195699 -0.006290589 1341200 0.1485204 -0.02863158 0.1360424
0.1427753 -0.02185415 -0.006208278 1451304 0.1450361 -0.02837804 0.1361243
0.1427753 -0.02185415 -0.006208278 1551394 0.1450361 -0.02837804 0.1361243
0.1376418 -0.02191168 -0.006138535 1671506 0.1399491 -0.02800452 0.1362124
0.1312941 -0.02245815 -0.006012217 1781605 0.133338 -0.02740568 0.1363872
0.1231693 -0.02274735 -0.005855026 1891705 0.1250038 -0.02637608 0.1365869
0.1231693 -0.02274735 -0.005855026 2002023 0.1250038 -0.02637608 0.1365869
0.1133576 -0.02291724 -0.00563753 2111911 0.1152874 -0.0252661 0.13683
0.1020943 -0.02281643 -0.00530999 2222010 0.1044508 -0.02417509 0.137164
0.1020943 -0.02281643 -0.00530999 2332110 0.1044508 -0.02417509 0.137164
0.08911192 -0.02226362 -0.005098632 2452206 0.09242132 -0.02316838 0.13736
0.07510395 -0.02135078 -0.004938445 2562305 0.07913933 -0.02204377 0.1375027
0.07510395 -0.02135078 -0.004938445 2672400 0.07913933 -0.02204377 0.1375027
0.0594842 -0.020274 -0.004879561 2782507 0.06427585 -0.02079478 0.1375389
0.04224526 -0.0186307 -0.004915549 2892607 0.04812839 -0.01947128 0.1374604
0.04224526 -0.0186307 -0.004915549 3002698 0.04812839 -0.01947128 0.1374604
0.02403642 -0.01753072 -0.00480082 3122826 0.0309416 -0.01823269 0.13753
0.005286175 -0.01680578 -0.00480132 3232913 0.01292569 -0.01697101 0.1374936
0.005286175 -0.01680578 -0.00480132 3353018 0.01292569 -0.01697101 0.1374936
-0.01399096 -0.01617725 -0.004791582 3463125 -0.00548425 -0.01614311 0.1374542
-0.03315018 -0.01568699 -0.004900412 3563211 -0.02411925 -0.01574151 0.1373131
-0.03315018 -0.01568699 -0.004900412 3683311 -0.02411925 -0.01574151 0.1373131
-0.05274622 -0.01494414 -0.004906746 3793427 -0.04278506 -0.01539706 0.1372439
-0.07207019 -0.01449795 -0.005052829 3903526 -0.06133104 -0.01500622 0.137041
-0.07207019 -0.01449795 -0.005052829 4033631 -0.06133104 -0.01500622 0.137041
-0.09135288 -0.01468608 -0.005023913 4133725 -0.07959292 -0.01474899 0.1369899
-0.1084093 -0.0134702 -0.005110148 4234010 -0.09660564 -0.01402946 0.136899
-0.1084093 -0.0134702 -0.005110148 4353924 -0.09660564 -0.01402946 0.136899
-0.1233565 -0.01316061 -0.005408343 4464027 -0.1121101 -0.01372496 0.136646
-0.1367511 -0.01305384 -0.005490565 4574126 -0.1256107 -0.01375393 0.1365715
-0.1367511 -0.01305384 -0.005490565 4684221 -0.1256107 -0.01375393 0.1365715
-0.1478418 -0.01297505 -0.005816514 4794325 -0.1372275 -0.01378369 0.1362853
-0.1573228 -0.01297437 -0.006033706 4914437 -0.1472642 -0.01371146 0.1361089
-0.1573228 -0.01297437 -0.006033706 5024520 -0.1472642 -0.01371146 0.1361089
-0.1643379 -0.0132933 -0.00620737 5134619 -0.1551094 -0.0136418 0.135993
-0.1691911 -0.01334198 -0.006340517 5244722 -0.1608066 -0.01340267 0.1359125
-0.1691911 -0.01334198 -0.006340517 5354813 -0.1608066 -0.01340267 0.1359125
-0.1719711 -0.01347246 -0.006315684 5474930 -0.16429 -0.01313887 0.1359767
-0.1730027 -0.01357684 -0.006167151 5575028 -0.1657705 -0.01285466 0.1361473
-0.1730027 -0.01357684 -0.006167151 5695124 -0.1657705 -0.01285466 0.1361473
-0.1730495 -0.01364234 -0.005984077 5805236 -0.1660197 -0.01264728 0.1363389
-0.1732248 -0.01214094 -0.00500062 5915331 -0.1654676 -0.01375507 0.1372789
