0.04972015 0.00445831 -0.00507623 0 0.01542603 -0.006480886 0.1328024
0.04972015 0.00445831 -0.00507623 100090 0.01542603 -0.006480886 0.1328024
0.04922245 0.004873724 -0.006635546 220219 0.01625191 -0.005765199 0.1315889
0.04937665 0.005646176 -0.007923185 330318 0.01714169 -0.005071371 0.1304686
0.04937665 0.005646176 -0.007923185 440413 0.01714169 -0.005071371 0.1304686
0.04911076 0.006857325 -0.00913 570514 0.01787554 -0.004490792 0.1294407
0.04858331 0.008669987 -0.01066345 660595 0.01854419 -0.003964737 0.1280602
0.04858331 0.008669987 -0.01066345 780704 0.01854419 -0.003964737 0.1280602
0.04710053 0.01144426 -0.01213956 880794 0.01903438 -0.003237531 0.1267956
0.04468052 0.01603589 -0.01303523 1000902 0.01860647 -0.002552822 0.1258203
0.04468052 0.01603589 -0.01303523 1111001 0.01860647 -0.002552822 0.1258203
0.04083304 0.02215672 -0.01261741 1221101 0.01680206 -0.001705557 0.1257999
0.03619902 0.02836159 -0.01106244 1331216 0.01404767 -0.0005120336 0.1267123
0.03619902 0.02836159 -0.01106244 1451332 0.01404767 -0.0005120336 0.1267123
0.03001564 0.03388267 -0.009206709 1551398 0.0105338 0.0009067361 0.1280496
0.0235173 0.0380015 -0.007568474 1671510 0.006976955 0.00239277 0.1294157
0.0235173 0.0380015 -0.007568474 1781610 0.006976955 0.00239277 0.1294157
0.01580625 0.04136462 -0.006304617 1891705 0.003408128 0.003776566 0.1305883
0.007692751 0.04356246 -0.005312915 2021822 0.0001525829 0.004490496 0.1315182
0.007692751 0.04356246 -0.005312915 2111903 0.0001525829 0.004490496 0.1315182
-9.691867E-05 0.04373141 -0.004818077 2222003 -0.002861623 0.005014853 0.1322937
-0.007400513 0.04157119 -0.005001004 2362145 -0.005499188 0.005623298 0.1328771
-0.007400513 0.04157119 -0.005001004 2452210 -0.005499188 0.005623298 0.1328771
-0.0146904 0.03784849 -0.005489405 2562329 -0.007573786 0.006081657 0.1332422
-0.02233809 0.03282302 -0.005970892 2672408 -0.009112361 0.006204935 0.1333948
-0.02233809 0.03282302 -0.005970892 2782508 -0.009112361 0.006204935 0.1333948
-0.02851796 0.02705637 -0.005709526 2892607 -0.009839776 0.005850332 0.1339604
-0.0341373 0.02030149 -0.004923819 3002706 -0.0107404 0.004897091 0.1347957
-0.0341373 0.02030149 -0.004923819 3122814 -0.0107404 0.004897091 0.1347957
-0.03771525 0.01377013 -0.003311573 3232914 -0.01084343 0.003963354 0.1362878
-0.04094058 0.006243372 -0.002172828 3343025 -0.01127446 0.002690855 0.1371597
-0.0417695 -0.001765321 -0.001301647 3483143 -0.01046196 0.001472536 0.137679
-0.0417695 -0.001765321 -0.001301647 3563215 -0.01046196 0.001472536 0.137679
-0.04365676 -0.008942677 -0.0006318708 3683319 -0.009611252 0.0002390925 0.1374364
-0.04365676 -0.008942677 -0.0006318708 3793419 -0.009611252 0.0002390925 0.1374364
-0.04148244 -0.0167344 -0.0004590183 3903522 -0.007461075 -0.002043288 0.1371381
-0.03851163 -0.02369712 2.818922E-05 4013617 -0.005026345 -0.004059028 0.1371388
-0.03441194 -0.03056299 0.0003142907 4123720 -0.002122765 -0.006039214 0.1369241
-0.03441194 -0.03056299 0.0003142907 4243829 -0.002122765 -0.006039214 0.1369241
-0.02901104 -0.0362828 0.0004875011 4343923 0.001563066 -0.008013856 0.1367678
-0.02321259 -0.04100942 0.000319773 4464031 0.005224518 -0.009721276 0.1364029
-0.02321259 -0.04100942 0.000319773 4584131 0.005224518 -0.009721276 0.1364029
-0.0166466 -0.04585779 8.695674E-05 4684222 0.009101621 -0.01141679 0.1359439
-0.009799846 -0.04935579 -0.0006147095 4794321 0.01267408 -0.01254345 0.1352014
-0.009799846 -0.04935579 -0.0006147095 4934447 0.01267408 -0.01254345 0.1352014
-0.001214991 -0.05211085 -0.001550801 5014519 0.01632242 -0.01360018 0.1345214
0.009451258 -0.0531767 -0.002359755 5134627 0.02017902 -0.01450075 0.1343711
0.009451258 -0.0531767 -0.002359755 5254736 0.02017902 -0.01450075 0.1343711
0.01960014 -0.05157572 -0.003138847 5354826 0.02324943 -0.01506458 0.134556
0.02796875 -0.04814465 -0.003843314 5464929 0.0253328 -0.01500608 0.1347248
0.02796875 -0.04814465 -0.003843314 5575024 0.0253328 -0.01500608 0.1347248
0.03555159 -0.04423924 -0.004427975 5685128 0.02685343 -0.01411275 0.1345792
0.04188136 -0.03932454 -0.004814809 5795223 0.02748488 -0.01251554 0.1343982
0.04188136 -0.03932454 -0.004814809 5915331 0.02748488 -0.01251554 0.1343982
0.04746 -0.03251101 -0.00508279 6025434 0.0273075 -0.01061527 0.1342754
0.05015061 -0.02309641 -0.004768554 6135529 0.02593385 -0.00856246 0.1349045
0.05015061 -0.02309641 -0.004768554 6245633 0.02593385 -0.00856246 0.1349045
0.04927538 -0.01597679 -0.004456701 6365753 0.02425813 -0.005491911 0.1354377
0.04590051 -0.007810304 -0.004601659 6475836 0.02213286 -0.002603083 0.1358057
0.04590051 -0.007810304 -0.004601659 6585956 0.02213286 -0.002603083 0.1358057
0.04195248 -0.002352445 -0.004921794 6716057 0.01980989 3.701511E-05 0.135827
0.03917633 0.002387837 -0.004252791 6806134 0.01688754 0.0021327 0.1364931
0.03917633 0.002387837 -0.004252791 6916233 0.01688754 0.0021327 0.1364931
0.03757571 0.005616198 -0.002571225 7046350 0.01313882 0.003514753 0.1378021
0.03707056 0.007038771 5.209434E-05 7146441 0.008939974 0.003828676 0.139711
0.03707056 0.007038771 5.209434E-05 7256540 0.008939974 0.003828676 0.139711
0.03685038 0.007280608 0.003786802 7366639 0.004488224 0.003116357 0.1425009
