0.1475571 0.002222512 0.001450039 0 0.1086761 0.00838635 0.1384045
0.1480939 0.003061983 0.001124613 110099 0.1092255 0.008735514 0.1381038
0.1478853 0.003668401 0.0005667318 240216 0.1102111 0.009331203 0.1378797
0.1478853 0.003668401 0.0005667318 340306 0.1102111 0.009331203 0.1378797
0.1466623 0.004260513 4.19987E-05 450405 0.1112153 0.009985662 0.1379441
0.1453234 0.004561994 -0.0002010466 560513 0.1118397 0.01087496 0.1381653
0.1453234 0.004561994 -0.0002010466 670604 0.1118397 0.01087496 0.1381653
0.1431868 0.00452039 -5.813494E-05 780707 0.1113195 0.0119103 0.1386362
0.1401324 0.004691218 -8.959288E-05 900819 0.1100446 0.01285718 0.1389582
0.1401324 0.004691218 -8.959288E-05 1010915 0.1100446 0.01285718 0.1389582
0.1356884 0.004970883 -0.0004275266 1121010 0.1080045 0.01368544 0.1390856
0.1297094 0.005055045 -0.001161786 1241118 0.1051682 0.01453862 0.1388884
0.1297094 0.005055045 -0.001161786 1341208 0.1051682 0.01453862 0.1388884
0.1222073 0.005218959 -0.001848139 1451307 0.1011286 0.01532683 0.1387213
0.1138458 0.00541637 -0.002432245 1561407 0.09596076 0.01618908 0.1385299
0.1138458 0.00541637 -0.002432245 1671506 0.09596076 0.01618908 0.1385299
0.1047559 0.005948521 -0.002981926 1781605 0.08945538 0.0170202 0.138261
0.09475452 0.006425002 -0.003392837 1901717 0.0822443 0.01800523 0.1380838
0.09475452 0.006425002 -0.003392837 2031835 0.0822443 0.01800523 0.1380838
0.08375616 0.006827214 -0.003426813 2121916 0.07451179 0.01915596 0.1382376
0.07224811 0.007514576 -0.003221403 2232011 0.06623247 0.0205581 0.1385528
0.07224811 0.007514576 -0.003221403 2362128 0.06623247 0.0205581 0.1385528
0.05993772 0.008218747 -0.003164683 2462219 0.05700734 0.0218067 0.1386557
0.04703225 0.008665067 -0.003588705 2572322 0.04722633 0.0228226 0.1382061
0.04703225 0.008665067 -0.003588705 2702439 0.04722633 0.0228226 0.1382061
0.03362042 0.01075552 -0.004323227 2792516 0.03721955 0.02436565 0.1374797
0.01979751 0.01234113 -0.004950045 2902615 0.02689614 0.02583264 0.1367321
0.01979751 0.01234113 -0.004950045 3022732 0.02689614 0.02583264 0.1367321
0.005807706 0.01415931 -0.005607222 3132827 0.01566686 0.02694438 0.1359752
-0.009222261 0.0156381 -0.006108269 3242922 0.003834627 0.02819537 0.1352356
-0.009222261 0.0156381 -0.006108269 3363034 0.003834627 0.02819537 0.1352356
-0.02425813 0.01736759 -0.006529173 3463121 -0.008043149 0.02964448 0.134512
-0.04036175 0.01892959 -0.006584198 3573220 -0.02033148 0.03095959 0.1339872
-0.04036175 0.01892959 -0.006584198 3693332 -0.02033148 0.03095959 0.1339872
-0.05741339 0.01950311 -0.005981501 3803427 -0.03312693 0.03203319 0.1338735
-0.07305377 0.02074181 -0.005288163 3913526 -0.04587684 0.03291487 0.1340656
-0.07305377 0.02074181 -0.005288163 4023626 -0.04587684 0.03291487 0.1340656
-0.09054976 0.02077424 -0.004104869 4143734 -0.0592644 0.03340434 0.1343435
-0.1049752 0.02142429 -0.003248988 4243828 -0.07103274 0.03434133 0.1345455
-0.1049752 0.02142429 -0.003248988 4353923 -0.07103274 0.03434133 0.1345455
-0.1187072 0.02222597 -0.002386873 4464023 -0.0820614 0.03530823 0.1346977
-0.1314525 0.02324712 -0.001693897 4584131 -0.09255985 0.03609967 0.1347921
-0.1314525 0.02324712 -0.001693897 4694234 -0.09255985 0.03609967 0.1347921
-0.1434505 0.02378941 -0.00116719 4804337 -0.1026182 0.0366739 0.1347481
-0.1543892 0.02445555 -0.0007301643 4924458 -0.1121256 0.03693651 0.1347847
-0.1543892 0.02445555 -0.0007301643 5024532 -0.1121256 0.03693651 0.1347847
-0.1640748 0.0242486 -0.000360976 5134635 -0.1209108 0.0366497 0.1348771
-0.1711678 0.02368796 9.366647E-05 5254735 -0.1281181 0.03621256 0.1353567
-0.1711678 0.02368796 9.366647E-05 5364834 -0.1281181 0.03621256 0.1353567
