0.04972667 0.00220172 -0.02019365 0 0.02814467 0.03415691 0.1169899
0.04874975 0.002061411 -0.02095026 130109 0.02790232 0.03397587 0.1163563
0.04765398 0.001977487 -0.02131054 220190 0.02731676 0.03392088 0.1160658
0.04765398 0.001977487 -0.02131054 330289 0.02731676 0.03392088 0.1160658
0.04621608 0.001951202 -0.02131969 470416 0.02640887 0.03413248 0.1160786
0.04442687 0.001631483 -0.02105997 550488 0.02522893 0.03419742 0.1163342
0.04442687 0.001631483 -0.02105997 670596 0.02522893 0.03419742 0.1163342
0.04173321 0.001738056 -0.0209319 810722 0.0233738 0.03424146 0.1165916
0.03808839 0.001967713 -0.0207782 890795 0.02088876 0.03452646 0.1168821
0.03808839 0.001967713 -0.0207782 1000898 0.02088876 0.03452646 0.1168821
0.03293641 0.001831935 -0.020678 1141020 0.01772209 0.03500178 0.1170701
0.02654047 0.001943158 -0.02079792 1231101 0.01374217 0.0357247 0.1170472
0.02654047 0.001943158 -0.02079792 1331192 0.01374217 0.0357247 0.1170472
0.01932688 0.001099813 -0.02094958 1451300 0.008780676 0.03561803 0.1169037
0.01362879 0.0003934982 -0.0212217 1561403 0.003293592 0.035108 0.1165982
0.01362879 0.0003934982 -0.0212217 1671498 0.003293592 0.035108 0.1165982
0.004390433 0.0009881747 -0.02207916 1781597 -0.003962795 0.03526121 0.1159854
-0.00494556 0.001849999 -0.02255253 1891697 -0.01158194 0.03575939 0.1156949
-0.00494556 0.001849999 -0.02255253 2011805 -0.01158194 0.03575939 0.1156949
-0.01521079 0.002245835 -0.02312024 2121904 -0.01944856 0.03634414 0.1151751
-0.02581576 0.002703778 -0.02362274 2232011 -0.02772955 0.03689224 0.114702
-0.02581576 0.002703778 -0.02362274 2342111 -0.02772955 0.03689224 0.114702
-0.0361555 0.003254527 -0.02406015 2452210 -0.03635052 0.03735391 0.1142997
-0.04660074 0.004022057 -0.02463495 2562301 -0.04509762 0.03803674 0.1137377
-0.04660074 0.004022057 -0.02463495 2672400 -0.04509762 0.03803674 0.1137377
-0.05680505 0.004318412 -0.02526208 2792508 -0.05331662 0.03870339 0.1129832
-0.06716862 0.004973766 -0.02600648 2912617 -0.06119707 0.03930721 0.1121666
-0.06716862 0.004973766 -0.02600648 3012707 -0.06119707 0.03930721 0.1121666
-0.07753912 0.006000755 -0.02682927 3132815 -0.06916109 0.03993795 0.1113168
-0.0851182 0.006176113 -0.02776715 3252923 -0.07574179 0.04025073 0.1102809
-0.0851182 0.006176113 -0.02776715 3343005 -0.07574179 0.04025073 0.1102809
-0.09133186 0.0066635 -0.02851569 3463113 -0.08142307 0.04125804 0.1093657
-0.09610488 0.006602168 -0.02904223 3593234 -0.08588221 0.04200048 0.1086121
-0.09610488 0.006602168 -0.02904223 3683315 -0.08588221 0.04200048 0.1086121
-0.09906926 0.006086529 -0.02938996 3803424 -0.08909514 0.04218177 0.1081015
-0.1006353 0.005885661 -0.02955308 3903514 -0.09091379 0.04212562 0.1079184
-0.1006353 0.005885661 -0.02955308 4013617 -0.09091379 0.04212562 0.1079184
-0.1006123 0.005442679 -0.02916623 4133721 -0.09135046 0.0420735 0.1082334
