0.2942812 0.002816157 0.0003445721 0 0.258416 0.04585391 0.1313701
0.2944634 0.002376394 0.0007228884 90073 0.258695 0.04558521 0.1317186
0.2945718 0.001945631 0.001085976 200172 0.2589655 0.04538315 0.1320502
0.2945718 0.001945631 0.001085976 310276 0.2589655 0.04538315 0.1320502
0.2949928 0.001714663 0.001443672 440401 0.2592144 0.04538968 0.1322819
0.2951756 0.001692311 0.001776942 530470 0.2592528 0.04548254 0.1325371
0.2951756 0.001692311 0.001776942 650582 0.2592528 0.04548254 0.1325371
0.2949935 0.001554684 0.001964611 770695 0.2592435 0.04556757 0.1326973
0.2939961 0.001118319 0.001856135 860776 0.25925 0.04561928 0.1326943
0.2939961 0.001118319 0.001856135 980916 0.25925 0.04561928 0.1326943
0.292121 0.000537293 0.001649156 1101008 0.2589593 0.04557323 0.1327152
0.2898894 -0.0003671476 0.001707129 1201074 0.258096 0.04551392 0.1328191
0.2898894 -0.0003671476 0.001707129 1311186 0.258096 0.04551392 0.1328191
0.2866899 -0.0008889262 0.001871688 1431290 0.2561337 0.04581794 0.1329863
0.2830367 -0.00101338 0.002398928 1541381 0.2531417 0.04645449 0.1333926
0.2830367 -0.00101338 0.002398928 1651484 0.2531417 0.04645449 0.1333926
0.2780117 -0.0007778816 0.002925554 1761579 0.2491434 0.04734612 0.1339101
0.2721746 -0.0009538337 0.003403529 1871683 0.2444898 0.04821917 0.1342539
0.2721746 -0.0009538337 0.003403529 1981778 0.2444898 0.04821917 0.1342539
0.2650497 -0.0009984768 0.003627659 2101886 0.2389365 0.04883128 0.1345526
0.256807 -0.0005214002 0.003505371 2201976 0.2321647 0.04949933 0.1346424
0.256807 -0.0005214002 0.003505371 2322085 0.2321647 0.04949933 0.1346424
0.2479399 -0.0002879278 0.003590474 2432184 0.2244208 0.05034054 0.1347006
0.238135 -0.0001874332 0.003706097 2542283 0.2158537 0.05125428 0.1347158
0.238135 -0.0001874332 0.003706097 2652382 0.2158537 0.05125428 0.1347158
0.227148 -0.0001361719 0.003631861 2772495 0.2064789 0.05204067 0.1346151
0.2154262 -0.0003196932 0.003449717 2872585 0.1964789 0.05267206 0.1343662
0.2154262 -0.0003196932 0.003449717 2992693 0.1964789 0.05267206 0.1343662
0.2029617 -3.823868E-05 0.003147918 3102796 0.1858454 0.05332775 0.1341645
0.190038 0.000130742 0.002778662 3212887 0.1747075 0.05449004 0.1336079
0.190038 0.000130742 0.002778662 3322987 0.1747075 0.05449004 0.1336079
0.176606 0.0002864308 0.002091083 3443095 0.1633653 0.05585466 0.1326403
0.1626038 0.0002507293 0.001239473 3543193 0.1517094 0.05688212 0.1315485
0.1626038 0.0002507293 0.001239473 3663297 0.1517094 0.05688212 0.1315485
0.1481488 0.0007917621 0.0001734753 3773393 0.1394616 0.05775456 0.1305039
0.1335506 0.001513755 -0.0009262937 3883496 0.1267934 0.0585048 0.1295061
0.1335506 0.001513755 -0.0009262937 3993599 0.1267934 0.0585048 0.1295061
0.1185507 0.00202737 -0.001729971 4113699 0.1138538 0.05957113 0.1285501
0.1032682 0.001580337 -0.002014255 4213789 0.1008901 0.06086193 0.1275476
0.1032682 0.001580337 -0.002014255 4333898 0.1008901 0.06086193 0.1275476
0.08764762 0.001161974 -0.00237331 4444001 0.08785434 0.06186076 0.1265525
0.07162172 0.001069588 -0.002685057 4554096 0.0744402 0.06248219 0.1258715
0.05643625 0.001507386 -0.00327952 4664195 0.06094964 0.06326591 0.1250629
0.05643625 0.001507386 -0.00327952 4784312 0.06094964 0.06326591 0.1250629
0.04063172 0.001806603 -0.003888419 4884398 0.04737313 0.0643216 0.1239892
0.02430387 0.002224851 -0.004784245 5024520 0.03390368 0.06540912 0.1225807
0.02430387 0.002224851 -0.004784245 5114601 0.03390368 0.06540912 0.1225807
0.008006412 0.002469172 -0.00565693 5224705 0.02042445 0.06640958 0.1210856
-0.007751146 0.002931467 -0.006628891 5334804 0.007001008 0.06743439 0.1195773
-0.007751146 0.002931467 -0.006628891 5444899 0.007001008 0.06743439 0.1195773
-0.02406493 0.002605372 -0.006904169 5554998 -0.006640585 0.06814667 0.1184233
-0.03976551 0.003767009 -0.007378085 5665097 -0.02016607 0.06913226 0.1177198
-0.03976551 0.003767009 -0.007378085 5785206 -0.02016607 0.06913226 0.1177198
-0.05497149 0.004730937 -0.008174976 5895309 -0.03329697 0.07009262 0.1165821
-0.07065466 0.005727051 -0.008864095 6005404 -0.04660644 0.07100973 0.1154987
-0.07065466 0.005727051 -0.008864095 6115503 -0.04660644 0.07100973 0.1154987
-0.08671262 0.007006348 -0.009285653 6225603 -0.05989566 0.07173041 0.1148026
-0.1035048 0.009588065 -0.009596142 6335702 -0.07337202 0.07327011 0.1142702
-0.1035048 0.009588065 -0.009596142 6455810 -0.07337202 0.07327011 0.1142702
-0.1186221 0.009828869 -0.009168623 6565909 -0.0865034 0.07380617 0.1140448
-0.134275 0.01035414 -0.008884105 6676008 -0.0994736 0.07438863 0.1135687
-0.134275 0.01035414 -0.008884105 6816135 -0.0994736 0.07438863 0.1135687
-0.1500136 0.01105244 -0.008403606 6896211 -0.1122063 0.07512481 0.1131348
-0.1651996 0.01180715 -0.007826838 7006306 -0.1245478 0.07576881 0.1128487
-0.1651996 0.01180715 -0.007826838 7126414 -0.1245478 0.07576881 0.1128487
-0.1799455 0.01274721 -0.006925161 7236514 -0.136628 0.07610874 0.113138
-0.193301 0.01346816 -0.005712475 7346613 -0.1482799 0.07629253 0.1140057
-0.193301 0.01346816 -0.005712475 7456712 -0.1482799 0.07629253 0.1140057
-0.2057415 0.01444288 -0.004410838 7576820 -0.1592321 0.07671408 0.1150271
-0.2171312 0.01524614 -0.003052708 7676910 -0.1691915 0.07737114 0.1158948
-0.2171312 0.01524614 -0.003052708 7787010 -0.1691915 0.07737114 0.1158948
-0.2284829 0.01560001 -0.001357916 7927136 -0.1786171 0.07799889 0.1166507
-0.2387317 0.01661466 -0.0001185702 8017221 -0.1871431 0.07903554 0.1171354
-0.2387317 0.01661466 -0.0001185702 8127320 -0.1871431 0.07903554 0.1171354
-0.2480962 0.01690223 0.001214359 8237420 -0.1947092 0.08019494 0.1171889
-0.2566993 0.01706537 0.002608934 8347515 -0.201363 0.08058865 0.117539
-0.2566993 0.01706537 0.002608934 8467623 -0.201363 0.08058865 0.117539
-0.2634983 0.01727527 0.00335511 8577730 -0.2073478 0.0793886 0.1186603
-0.2695723 0.01736896 0.004721776 8687822 -0.2121032 0.07939442 0.1194232
-0.2695723 0.01736896 0.004721776 8797925 -0.2121032 0.07939442 0.1194232
-0.2743374 0.01757433 0.005758611 8908028 -0.2161459 0.07958053 0.1201056
-0.2782548 0.01756778 0.00662727 9018131 -0.219515 0.07985239 0.1205417
-0.2782548 0.01756778 0.00662727 9138231 -0.219515 0.07985239 0.1205417
-0.2813953 0.01708349 0.007207809 9248347 -0.2220882 0.07993566 0.120515
-0.2835738 0.01684758 0.007326193 9378444 -0.2238712 0.07985666 0.1203381
