0.1523398 0.003767014 -0.00656556 0 0.09085875 -0.003317952 0.1217938
0.1522639 0.004364371 -0.007095877 110103 0.09128212 -0.002503037 0.1215132
0.1522639 0.004364371 -0.007095877 220202 0.09128212 -0.002503037 0.1215132
0.1523021 0.005780578 -0.007115051 340302 0.09177136 -0.00118041 0.121702
0.1520619 0.008273005 -0.006957594 450405 0.09226739 0.0004571676 0.1221539
0.1520619 0.008273005 -0.006957594 560513 0.09226739 0.0004571676 0.1221539
0.1515754 0.01205277 -0.006545983 670604 0.09252768 0.002672791 0.1228048
0.1509695 0.01743257 -0.005674504 780703 0.09265726 0.005782723 0.1238253
0.1509695 0.01743257 -0.005674504 890802 0.09265726 0.005782723 0.1238253
0.1499494 0.02452385 -0.004348986 1010907 0.09246825 0.009872079 0.1252176
0.1484449 0.03295457 -0.002252037 1110997 0.09167426 0.0148288 0.1271883
0.1484449 0.03295457 -0.002252037 1231109 0.09167426 0.0148288 0.1271883
0.1460636 0.04124832 6.131789E-05 1351213 0.0899794 0.02022672 0.1293629
0.1411558 0.05239272 0.002198881 1451303 0.08696913 0.0269959 0.1315242
0.1411558 0.05239272 0.002198881 1571416 0.08696913 0.0269959 0.1315242
0.1353317 0.06316209 0.004698256 1691520 0.08315473 0.034145 0.1340884
0.128071 0.07413137 0.0074281 1781601 0.07811182 0.04161346 0.1368611
0.128071 0.07413137 0.0074281 1901713 0.07811182 0.04161346 0.1368611
0.119513 0.08572245 0.01063621 2021822 0.07181071 0.04932618 0.1398881
0.1088219 0.09754705 0.01391054 2121908 0.06362807 0.05718529 0.1428861
0.1088219 0.09754705 0.01391054 2232015 0.06362807 0.05718529 0.1428861
0.09631079 0.1088331 0.01723428 2352115 0.05392354 0.06482685 0.1459706
0.08251178 0.1188678 0.02044148 2452205 0.04309248 0.07169735 0.1490001
0.08251178 0.1188678 0.02044148 2572314 0.04309248 0.07169735 0.1490001
0.06777346 0.126981 0.02316653 2702439 0.03152119 0.0776614 0.1518506
0.05216056 0.1337837 0.02554852 2792512 0.01966225 0.08267093 0.1545354
0.05216056 0.1337837 0.02554852 2902620 0.01966225 0.08267093 0.1545354
0.03716135 0.1400526 0.02894138 3022728 0.008702625 0.08702445 0.1581094
0.02077371 0.1437322 0.03099674 3122810 -0.004005921 0.08927345 0.1603276
0.00161302 0.1433136 0.03089329 3242938 -0.01871083 0.08896053 0.161043
0.00161302 0.1433136 0.03089329 3353029 -0.01871083 0.08896053 0.161043
-0.01520082 0.1419933 0.03205482 3463117 -0.03149865 0.08812237 0.1629691
-0.03074658 0.138518 0.03296573 3573216 -0.04376866 0.08606529 0.1648194
-0.03074658 0.138518 0.03296573 3683315 -0.04376866 0.08606529 0.1648194
-0.04774189 0.1334029 0.03346802 3803423 -0.05639769 0.08280981 0.1664028
-0.06410825 0.1272343 0.03447967 3913522 -0.06861548 0.07834017 0.168253
-0.06410825 0.1272343 0.03447967 4023626 -0.06861548 0.07834017 0.168253
-0.07919765 0.1205306 0.03603341 4143730 -0.08021073 0.07268775 0.1702581
-0.09319344 0.1106023 0.03674594 4243820 -0.0912651 0.06557262 0.1719305
-0.09319344 0.1106023 0.03674594 4353923 -0.0912651 0.06557262 0.1719305
-0.1050184 0.1001838 0.03784951 4494046 -0.1018452 0.05760062 0.1738011
-0.1176477 0.08874583 0.03893208 4574118 -0.111038 0.0487529 0.1755451
-0.1176477 0.08874583 0.03893208 4694226 -0.111038 0.0487529 0.1755451
-0.1287186 0.07512796 0.03938588 4824343 -0.1198592 0.03818262 0.1767278
-0.1384609 0.06035924 0.03970481 4914424 -0.1274813 0.02681005 0.1777633
-0.1384609 0.06035924 0.03970481 5024524 -0.1274813 0.02681005 0.1777633
-0.1466146 0.0447228 0.03942782 5154641 -0.1343952 0.01484835 0.1782243
-0.1527286 0.02793443 0.03894639 5254731 -0.1401553 0.00212872 0.1785251
-0.1527286 0.02793443 0.03894639 5364838 -0.1401553 0.00212872 0.1785251
-0.1579183 0.01021242 0.03822109 5474938 -0.1447976 -0.01103926 0.1785153
-0.161638 -0.007378578 0.03754573 5585029 -0.148222 -0.02446473 0.1783801
-0.161638 -0.007378578 0.03754573 5695128 -0.148222 -0.02446473 0.1783801
-0.1635789 -0.02578294 0.03671666 5805227 -0.1505687 -0.0382756 0.1780705
-0.1637171 -0.04447472 0.03574469 5925336 -0.1516613 -0.05202055 0.1775332
-0.1637171 -0.04447472 0.03574469 6035435 -0.1516613 -0.05202055 0.1775332
-0.162134 -0.06300342 0.03475657 6145534 -0.151217 -0.06562006 0.1768137
-0.1582184 -0.08114922 0.03385379 6255633 -0.1489976 -0.078982 0.1760386
-0.1582184 -0.08114922 0.03385379 6365732 -0.1489976 -0.078982 0.1760386
-0.153274 -0.09899926 0.03297064 6475832 -0.1458453 -0.09209096 0.1751091
-0.1459565 -0.1167469 0.03198854 6585931 -0.1415796 -0.1046969 0.1739107
-0.1459565 -0.1167469 0.03198854 6706039 -0.1415796 -0.1046969 0.1739107
-0.1368541 -0.1329322 0.03089005 6816138 -0.1360826 -0.1162921 0.1724131
-0.1259084 -0.1456027 0.03005607 6926238 -0.1306518 -0.1263446 0.1711691
-0.1259084 -0.1456027 0.03005607 7036430 -0.1306518 -0.1263446 0.1711691
-0.1117297 -0.1585337 0.02902144 7146436 -0.1206663 -0.1358596 0.1694218
-0.09982675 -0.1703593 0.02839218 7256535 -0.1118767 -0.1444077 0.1679901
-0.09982675 -0.1703593 0.02839218 7376643 -0.1118767 -0.1444077 0.1679901
-0.08637312 -0.1784669 0.02766998 7486743 -0.1023647 -0.1507715 0.166535
-0.07149833 -0.1854122 0.02690761 7596842 -0.09153612 -0.1560284 0.1648979
-0.07149833 -0.1854122 0.02690761 7706945 -0.09153612 -0.1560284 0.1648979
-0.05535644 -0.1908414 0.02610406 7817040 -0.07978307 -0.159933 0.1630502
-0.03909633 -0.1940942 0.02513824 7937161 -0.06692816 -0.1626903 0.1613199
-0.03909633 -0.1940942 0.02513824 8037255 -0.06692816 -0.1626903 0.1613199
-0.02188948 -0.196448 0.02452274 8147338 -0.05427552 -0.1642587 0.1595088
-0.004471719 -0.1968116 0.02388722 8267446 -0.04150156 -0.16466 0.157683
-0.004471719 -0.1968116 0.02388722 8377545 -0.04150156 -0.16466 0.157683
0.01294428 -0.1958754 0.02322184 8497654 -0.02886898 -0.1640079 0.1556694
0.03032768 -0.1936015 0.02260549 8597744 -0.01650972 -0.1621948 0.1534723
0.03032768 -0.1936015 0.02260549 8707843 -0.01650972 -0.1621948 0.1534723
0.0477286 -0.1903666 0.02203335 8827951 -0.00355364 -0.1592866 0.1513021
0.06420916 -0.1856446 0.02141449 8938051 0.008984793 -0.1556259 0.1493028
0.06420916 -0.1856446 0.02141449 9048150 0.008984793 -0.1556259 0.1493028
0.07914066 -0.1796037 0.02056563 9158249 0.0208156 -0.1509587 0.147388
0.09403628 -0.1719373 0.02002134 9268352 0.0322728 -0.1452478 0.1456366
0.09403628 -0.1719373 0.02002134 9378448 0.0322728 -0.1452478 0.1456366
0.106022 -0.1629895 0.01923941 9498568 0.04188125 -0.1383814 0.1440859
0.1173084 -0.1522988 0.01897136 9608659 0.05065398 -0.1304171 0.1430061
0.1173084 -0.1522988 0.01897136 9718770 0.05065398 -0.1304171 0.1430061
0.1262133 -0.1388758 0.01877427 9838867 0.05738984 -0.1211513 0.1422871
0.1342076 -0.1250913 0.01873709 9938957 0.06354349 -0.1116401 0.1417488
0.1342076 -0.1250913 0.01873709 10049052 0.06354349 -0.1116401 0.1417488
0.1400402 -0.1103245 0.01835646 10179177 0.06850421 -0.1013249 0.1412705
0.144374 -0.0951767 0.0180033 10279259 0.07225882 -0.09050977 0.1408197
0.144374 -0.0951767 0.0180033 10389359 0.07225882 -0.09050977 0.1408197
0.1471657 -0.07852316 0.01787209 10509471 0.07482337 -0.07922518 0.1406415
0.1494732 -0.06380749 0.01790372 10609557 0.07729208 -0.06902122 0.1406593
0.1494732 -0.06380749 0.01790372 10719660 0.07729208 -0.06902122 0.1406593
0.1506022 -0.04794705 0.01846324 10859783 0.07881498 -0.05891335 0.1410707
0.1507459 -0.03294063 0.01918696 10949868 0.07926308 -0.04915011 0.1413905
0.1507459 -0.03294063 0.01918696 11059971 0.07926308 -0.04915011 0.1413905
0.1506718 -0.02016783 0.01972958 11170070 0.07889508 -0.03960454 0.1412885
0.1496047 -0.008969665 0.01940024 11290170 0.07807343 -0.03080714 0.140696
0.1496047 -0.008969665 0.01940024 11390261 0.07807343 -0.03080714 0.140696
0.1475621 0.000513792 0.01870869 11500360 0.07617008 -0.02300537 0.1397718
0.1452473 0.007452726 0.01791839 11620468 0.07412671 -0.01677406 0.1390017
0.1452473 0.007452726 0.01791839 11730567 0.07412671 -0.01677406 0.1390017
