0.1468213 -0.0003876305 -0.006925673 0 0.09586152 0.007687249 0.1259056
0.1468213 -0.0003876305 -0.006925673 110508 0.09586152 0.007687249 0.1259056
0.1465538 -0.00142344 -0.00757286 220199 0.09562805 0.008011378 0.1251818
0.1465538 -0.00142344 -0.00757286 340303 0.09562805 0.008011378 0.1251818
0.1503535 -0.003977261 -0.006541134 440393 0.09704264 0.007881202 0.1250779
0.1500136 -0.004631481 -0.007217184 550493 0.09689178 0.008536258 0.1243538
0.1496759 -0.004526696 -0.00785479 670597 0.09669556 0.00938002 0.1236972
0.1496759 -0.004526696 -0.00785479 780704 0.09669556 0.00938002 0.1236972
0.1491877 -0.003703198 -0.008391486 890812 0.09630694 0.01041237 0.1231783
0.1482456 -0.001760087 -0.009018511 1000895 0.09559938 0.01160756 0.1227234
0.1482456 -0.001760087 -0.009018511 1141030 0.09559938 0.01160756 0.1227234
0.1439618 0.002439179 -0.01090838 1231111 0.09330585 0.0136098 0.1218148
0.1412927 0.006735839 -0.01196344 1341206 0.09162439 0.01535479 0.121322
0.1412927 0.006735839 -0.01196344 1451305 0.09162439 0.01535479 0.121322
0.1398811 0.01128618 -0.01226553 1561405 0.0902433 0.01713149 0.1211817
0.1399258 0.01564292 -0.01176649 1671500 0.08914556 0.01894657 0.1213376
0.1399258 0.01564292 -0.01176649 1791613 0.08914556 0.01894657 0.1213376
0.1420765 0.01965038 -0.01040372 1891703 0.0894412 0.02016715 0.122018
0.1400512 0.02563266 -0.01001123 2011811 0.0873557 0.02233843 0.1223465
0.1400512 0.02563266 -0.01001123 2131920 0.0873557 0.02233843 0.1223465
0.1380684 0.03175393 -0.009168818 2232010 0.08504745 0.02466766 0.12291
0.13527 0.038021 -0.008331864 2342113 0.08223893 0.02710406 0.1234815
0.13527 0.038021 -0.008331864 2462218 0.08223893 0.02710406 0.1234815
0.1326578 0.04434851 -0.007193535 2572317 0.07931455 0.02954856 0.1241141
0.1300781 0.05066875 -0.005875318 2702435 0.07652416 0.03237943 0.1249059
0.1300781 0.05066875 -0.005875318 2792520 0.07652416 0.03237943 0.1249059
0.1286752 0.05656532 -0.004226922 2912628 0.0737678 0.03528825 0.1255372
0.1268803 0.06220499 -0.002840652 3022728 0.07112595 0.03842596 0.1261255
0.1268803 0.06220499 -0.002840652 3142848 0.07112595 0.03842596 0.1261255
0.1234883 0.06816521 -0.001936434 3242930 0.06790778 0.04160694 0.1265615
0.121691 0.07373575 -0.0006679429 3353026 0.06547165 0.04450623 0.1269693
0.121691 0.07373575 -0.0006679429 3463141 0.06547165 0.04450623 0.1269693
0.1188358 0.07912627 0.0004457403 3573220 0.0621933 0.04761712 0.1273514
0.1155662 0.08419207 0.001349272 3693337 0.05867123 0.05087963 0.1276802
0.1155662 0.08419207 0.001349272 3803432 0.05867123 0.05087963 0.1276802
0.1123169 0.08941571 0.002411264 3913527 0.05501339 0.05431047 0.1280702
0.1090245 0.09445158 0.00335938 4033636 0.05161723 0.05748514 0.1284359
0.1090245 0.09445158 0.00335938 4143792 0.05161723 0.05748514 0.1284359
0.1055723 0.09930483 0.004361468 4253835 0.04836523 0.0604258 0.1289489
0.1019801 0.1041075 0.005426559 4363934 0.0453409 0.0631806 0.1296169
0.1019801 0.1041075 0.005426559 4474041 0.0453409 0.0631806 0.1296169
0.0977787 0.1087681 0.006389979 4604147 0.04197165 0.06600085 0.1303366
0.09307811 0.1132522 0.007070739 4704241 0.03852189 0.06874171 0.1309605
0.09307811 0.1132522 0.007070739 4804327 0.03852189 0.06874171 0.1309605
0.09006167 0.1173674 0.008452479 4924440 0.03597942 0.0714542 0.1320378
0.08675021 0.1211936 0.009675343 5034539 0.03326559 0.07360808 0.1328876
0.08675021 0.1211936 0.009675343 5144638 0.03326559 0.07360808 0.1328876
0.08351677 0.1246019 0.01081343 5264747 0.03073365 0.0756127 0.1337779
0.07948285 0.128042 0.01188502 5364837 0.02805811 0.07743636 0.1347704
0.07948285 0.128042 0.01188502 5484941 0.02805811 0.07743636 0.1347704
0.07494042 0.1312973 0.01269128 5595045 0.02531615 0.07919016 0.1356894
0.07100488 0.1338452 0.01325472 5705144 0.02278209 0.08082536 0.1364201
0.07100488 0.1338452 0.01325472 5815252 0.02278209 0.08082536 0.1364201
0.06668206 0.1361255 0.01356841 5925343 0.02006123 0.08255973 0.1371138
0.06246905 0.1379259 0.01377016 6055464 0.01711208 0.08415917 0.1376981
0.06246905 0.1379259 0.01377016 6175569 0.01711208 0.08415917 0.1376981
0.05757916 0.1398684 0.01388355 6265658 0.01403296 0.08570067 0.1382854
0.0528261 0.1412757 0.01372192 6385767 0.01098618 0.087091 0.1387007
0.04838182 0.1421558 0.01330597 6485853 0.008064215 0.08845845 0.1389934
0.04838182 0.1421558 0.01330597 6605957 0.008064215 0.08845845 0.1389934
0.04383169 0.1428135 0.01265589 6726070 0.005179202 0.08973816 0.1391282
0.03918736 0.1432516 0.01192954 6826156 0.00188083 0.09083764 0.13908
0.03918736 0.1432516 0.01192954 6956273 0.00188083 0.09083764 0.13908
0.03366171 0.144132 0.01113365 7046355 -0.001760954 0.09184626 0.1388744
0.02836463 0.1446016 0.01033669 7156458 -0.005334341 0.0925471 0.1386369
0.02836463 0.1446016 0.01033669 7266561 -0.005334341 0.0925471 0.1386369
0.02330201 0.1451519 0.009664965 7396679 -0.0090793 0.09309688 0.1383039
0.01819291 0.1453853 0.00885847 7496769 -0.01304399 0.09347621 0.1378389
0.01819291 0.1453853 0.00885847 7606877 -0.01304399 0.09347621 0.1378389
0.01318144 0.1455289 0.008151992 7746987 -0.01707148 0.09394757 0.1374979
0.007907677 0.1456526 0.007505476 7827071 -0.02113613 0.09418097 0.1371719
0.007907677 0.1456526 0.007505476 7947168 -0.02113613 0.09418097 0.1371719
0.002700021 0.1457815 0.007113323 8057271 -0.02524521 0.0943288 0.1370284
-0.002655501 0.1458097 0.006717042 8167374 -0.02949231 0.09455446 0.1369435
-0.002655501 0.1458097 0.006717042 8287479 -0.02949231 0.09455446 0.1369435
-0.00839241 0.1454852 0.006003471 8397578 -0.03383421 0.09480122 0.1367325
-0.01320747 0.1451954 0.005327763 8497668 -0.03746625 0.0949302 0.1364428
-0.01320747 0.1451954 0.005327763 8617777 -0.03746625 0.0949302 0.1364428
-0.01792836 0.1447537 0.004609483 8727876 -0.04089807 0.09494082 0.1361287
-0.02282279 0.1443087 0.003953952 8837971 -0.04445298 0.09498277 0.1358832
-0.02282279 0.1443087 0.003953952 8968085 -0.04445298 0.09498277 0.1358832
-0.02804769 0.1438924 0.003362034 9058166 -0.04808738 0.09488312 0.13566
-0.03302355 0.1431634 0.002655854 9178287 -0.05178018 0.09481136 0.1353831
-0.03302355 0.1431634 0.002655854 9288386 -0.05178018 0.09481136 0.1353831
-0.0381997 0.1423837 0.001974678 9398481 -0.05541061 0.09476701 0.1351763
-0.04318171 0.1414334 0.00119201 9508581 -0.05905314 0.09477059 0.1348966
-0.04318171 0.1414334 0.00119201 9618676 -0.05905314 0.09477059 0.1348966
-0.04831701 0.1405453 0.0004704664 9728779 -0.06276573 0.0947148 0.1346235
-0.05356401 0.1397332 -0.0001029147 9848892 -0.06659769 0.09446672 0.1343862
-0.05356401 0.1397332 -0.0001029147 9958991 -0.06659769 0.09446672 0.1343862
-0.0585093 0.1388083 -0.0007636464 10069086 -0.07052131 0.09419004 0.1340368
-0.06354363 0.13747 -0.001560217 10189191 -0.07455115 0.09390166 0.1336688
-0.06354363 0.13747 -0.001560217 10289285 -0.07455115 0.09390166 0.1336688
-0.06858526 0.1359223 -0.002438238 10419407 -0.07841204 0.09348002 0.1332391
-0.07353264 0.1342967 -0.003305246 10519489 -0.08224739 0.09302024 0.1328071
-0.07353264 0.1342967 -0.003305246 10659623 -0.08224739 0.09302024 0.1328071
-0.07808518 0.1324481 -0.004133631 10899836 -0.08589433 0.09233896 0.132382
-0.08612143 0.1282287 -0.005592871 11120031 -0.09312202 0.09061363 0.1316746
-0.0899405 0.1260776 -0.005974638 11360385 -0.09636714 0.08967522 0.1316473
-0.09344612 0.1234786 -0.006404893 11560444 -0.09927036 0.08847693 0.1316068
-0.09693283 0.120635 -0.006721304 11760613 -0.1019109 0.08715657 0.1317008
-0.1027346 0.1151223 -0.006788195 11870708 -0.1068991 0.08437959 0.1322937
-0.1027346 0.1151223 -0.006788195 11980816 -0.1068991 0.08437959 0.1322937
-0.1055149 0.1121598 -0.006746531 12080902 -0.109169 0.08281032 0.1326504
-0.1086271 0.109242 -0.00657241 12201006 -0.1112403 0.08116166 0.1331091
-0.1086271 0.109242 -0.00657241 12311106 -0.1112403 0.08116166 0.1331091
-0.1114489 0.1063434 -0.006450831 12421205 -0.1133484 0.07941679 0.1334691
-0.1135785 0.103095 -0.006417318 12561331 -0.1153322 0.07770172 0.1337909
-0.1158511 0.100205 -0.00633256 12661422 -0.1176153 0.07641831 0.1341571
-0.1158511 0.100205 -0.00633256 12751503 -0.1176153 0.07641831 0.1341571
-0.1178118 0.0966299 -0.006180375 12921665 -0.1192561 0.07464364 0.1346059
-0.1198215 0.09275034 -0.006176232 13131846 -0.1206188 0.07292084 0.1349351
-0.1219511 0.08905569 -0.006102456 13352049 -0.1216182 0.07110754 0.1352623
-0.124087 0.0853459 -0.006136147 13572244 -0.1225175 0.06890217 0.1354032
-0.1282939 0.07820609 -0.006296975 13802456 -0.1242877 0.06401316 0.1354378
-0.1302795 0.07409529 -0.006678444 14022666 -0.1253595 0.06164924 0.1351917
-0.1319627 0.07008008 -0.007073191 14252858 -0.1265109 0.05940238 0.1349216
-0.1349064 0.06134656 -0.007943328 14493075 -0.1288397 0.05469707 0.1342721
-0.1362013 0.05679885 -0.008323383 14713273 -0.129858 0.05224601 0.1339625
-0.1376208 0.05208913 -0.008655574 14953490 -0.1307933 0.04965821 0.13366
-0.1403107 0.04253439 -0.009243856 15143666 -0.1328736 0.0442262 0.1330519
-0.1415653 0.03766051 -0.009565603 15373874 -0.1339954 0.04141084 0.1326838
-0.1427159 0.03273384 -0.009935821 15584063 -0.1349245 0.03851084 0.1322337
-0.1453721 0.02267019 -0.01057045 15814275 -0.1367472 0.03237299 0.1313369
-0.1462957 0.01746527 -0.011022 16054484 -0.1377677 0.02935973 0.1307244
-0.1478579 0.007253327 -0.01162287 16234646 -0.1397637 0.02313773 0.1297575
-0.1478579 0.007253327 -0.01162287 16344746 -0.1397637 0.02313773 0.1297575
-0.1487383 0.00202755 -0.01201371 16474859 -0.1408495 0.01999799 0.1291283
-0.1491016 -0.003076634 -0.01234258 16574953 -0.1415509 0.01685623 0.1285542
-0.149328 -0.007552585 -0.01264232 16795148 -0.1420307 0.0138642 0.12805
-0.149342 -0.01234289 -0.01295211 17045382 -0.142473 0.01090793 0.1274703
-0.1502832 -0.02126869 -0.01328271 17265581 -0.1432108 0.005007424 0.1265951
-0.1503194 -0.02581044 -0.01340883 17495784 -0.1435765 0.002190747 0.1261501
-0.1498821 -0.02985318 -0.0136483 17715983 -0.143621 -0.0003987169 0.1256337
-0.1491655 -0.0341142 -0.0137788 17946191 -0.1435202 -0.003075442 0.1251851
-0.1475224 -0.04208239 -0.01396332 18156381 -0.1428975 -0.007959684 0.1243136
-0.1466233 -0.0458556 -0.01397515 18386592 -0.1425611 -0.01034435 0.1239694
-0.1444098 -0.05312486 -0.01382103 18616796 -0.1417383 -0.0149773 0.123452
-0.1430793 -0.05648215 -0.01357346 18857013 -0.1410114 -0.01700314 0.123333
-0.1417951 -0.06002339 -0.01307934 19067207 -0.1400743 -0.01898797 0.1233735
-0.1379069 -0.06623395 -0.01185262 19277392 -0.1371842 -0.02262326 0.1238081
-0.1363017 -0.06979652 -0.01107362 19507600 -0.1357358 -0.02447637 0.1240264
-0.1348 -0.07294007 -0.01032164 19727807 -0.1340907 -0.02636071 0.1243487
-0.1305023 -0.08017333 -0.008592946 19948001 -0.1302786 -0.03060969 0.1250096
-0.1281399 -0.08356293 -0.007833746 20178213 -0.1283585 -0.03282627 0.1253278
-0.1261167 -0.08748658 -0.007127387 20428439 -0.1268052 -0.03524752 0.1254503
-0.1209423 -0.09418734 -0.006055711 20618607 -0.1240807 -0.04048737 0.1259015
-0.1185831 -0.09754534 -0.005590021 20838809 -0.1232179 -0.04305347 0.125998
-0.1169007 -0.1005154 -0.005252897 21069009 -0.1226475 -0.04554887 0.1260936
-0.1122031 -0.1064896 -0.00535652 21289224 -0.120916 -0.05019863 0.1252638
-0.1096762 -0.1094037 -0.00562036 21509415 -0.1195517 -0.05216904 0.1245062
-0.1078092 -0.112575 -0.005818009 21749623 -0.1181246 -0.05421467 0.1237733
-0.1034192 -0.1185452 -0.006204904 21989836 -0.1148971 -0.0578893 0.1222293
-0.1014438 -0.1214282 -0.006268592 22190029 -0.1132944 -0.05966087 0.1216009
-0.09866986 -0.1238939 -0.006326081 22430242 -0.111406 -0.06132432 0.1210673
-0.09302472 -0.1290385 -0.006354214 22630418 -0.1075939 -0.06495292 0.1200856
-0.08969118 -0.1315046 -0.006337392 22870655 -0.1053255 -0.06662591 0.1195696
-0.08646015 -0.1337966 -0.00637545 23080833 -0.1029851 -0.06818672 0.1190379
-0.07866998 -0.1380881 -0.006449778 23301023 -0.09712465 -0.07130845 0.118074
-0.07424431 -0.1400789 -0.006552775 23561258 -0.09387113 -0.0729024 0.1175776
-0.06913783 -0.1418412 -0.006701787 23751434 -0.09028177 -0.07436021 0.1170135
-0.05999674 -0.1452093 -0.006948596 23971637 -0.08307372 -0.07684739 0.1159349
-0.05560555 -0.1468296 -0.007000333 24201840 -0.07935627 -0.07789191 0.1154323
-0.05068703 -0.1481638 -0.007048569 24422055 -0.0755301 -0.0790015 0.1150401
-0.04133621 -0.151207 -0.006620028 24642242 -0.06808595 -0.081539 0.1147763
-0.03659616 -0.1528173 -0.006256038 24862432 -0.06431975 -0.0828801 0.1147664
-0.03212096 -0.1542199 -0.005892346 25112658 -0.06058906 -0.0840859 0.114843
-0.02383584 -0.1571366 -0.005093302 25322852 -0.05393164 -0.08661409 0.1150194
-0.01959757 -0.1582566 -0.00473934 25573548 -0.0509473 -0.08783038 0.1151088
-0.01170508 -0.1605886 -0.003790778 25763253 -0.04546829 -0.08988245 0.1152341
-0.007910619 -0.1614184 -0.003383068 25993461 -0.04280403 -0.09053595 0.1152103
-0.004326958 -0.1619015 -0.003097621 26223669 -0.04016127 -0.0911084 0.1152683
0.002769399 -0.1624931 -0.002491115 26433859 -0.03485691 -0.0920691 0.1155384
0.006243687 -0.1623852 -0.002153456 26654061 -0.03220036 -0.09226353 0.1157926
0.009850214 -0.1619013 -0.001898348 26884265 -0.02944281 -0.09232076 0.1160883
0.01361534 -0.1614338 -0.001340986 27134483 -0.02660563 -0.09205981 0.1164545
0.02111007 -0.1595685 -0.0003593726 27334676 -0.02098688 -0.09115346 0.1173414
0.02425651 -0.1580345 3.038137E-06 27564871 -0.01830691 -0.09048112 0.1180333
0.03166404 -0.1553726 0.001449672 27775069 -0.01270347 -0.08892544 0.1194435
0.03523441 -0.1538525 0.002115038 27995268 -0.009894366 -0.08810647 0.1202129
0.03878246 -0.1521258 0.002784979 28235484 -0.007313575 -0.08726414 0.1209982
0.04448943 -0.1484938 0.003853614 28445674 -0.002731051 -0.08550222 0.1226329
0.04730518 -0.146589 0.004433299 28695892 -0.0007618625 -0.08455773 0.1233784
0.04939209 -0.1446833 0.005022178 28896068 0.0009270946 -0.08341022 0.1241985
0.05201791 -0.1424349 0.005625689 29146298 0.002515558 -0.08230372 0.1249572
0.05652182 -0.1382012 0.00682708 29346483 0.005588088 -0.08000286 0.126514
0.05887186 -0.1359533 0.007414468 29576683 0.007198099 -0.07867916 0.1272299
0.06360257 -0.1313906 0.008537881 29786876 0.01047498 -0.0757509 0.1284875
0.06585831 -0.1292563 0.009046814 30007083 0.01206777 -0.07423587 0.1289867
0.06915371 -0.1266723 0.009700454 30257317 0.01409072 -0.07258041 0.1294852
0.07383917 -0.1220043 0.01063037 30467495 0.01778767 -0.06952746 0.1306747
0.07644094 -0.1195975 0.01097604 30707707 0.0197843 -0.06788404 0.1310676
0.07925596 -0.117089 0.0113775 30907896 0.02167771 -0.06610663 0.1313433
0.08599667 -0.1123681 0.0121993 31148109 0.02563182 -0.06276735 0.1313719
0.08888786 -0.1102552 0.01218757 31348293 0.02771053 -0.06131967 0.1312207
0.09107081 -0.108321 0.01180445 31598519 0.02973291 -0.06001921 0.1310137
0.09792539 -0.1045923 0.01120219 31798700 0.03509089 -0.0575796 0.1301471
0.1017264 -0.1025527 0.01082348 32028904 0.03773487 -0.05606731 0.129358
0.1049162 -0.1008019 0.01014321 32279138 0.04009506 -0.05456444 0.1283234
0.1103339 -0.09740002 0.008455457 32489315 0.04452207 -0.05161031 0.1262619
0.1128029 -0.09555085 0.007817911 32709518 0.04635748 -0.05010946 0.1254034
0.1154945 -0.09356399 0.007294656 32929721 0.04818955 -0.0485489 0.1245547
0.1204148 -0.08955915 0.006370009 33149911 0.05173343 -0.04526861 0.1231067
0.123138 -0.08755596 0.006051571 33390136 0.05358594 -0.04343208 0.1223349
0.1253599 -0.08569546 0.005752847 33590321 0.05537229 -0.04173943 0.1218384
0.1303745 -0.08126278 0.005633414 33840534 0.05915191 -0.03848119 0.1214061
0.1328806 -0.07858916 0.005526661 34060741 0.06100368 -0.03682335 0.1212659
0.1374278 -0.07301612 0.004738777 34271117 0.06487548 -0.03299864 0.1206741
0.1397419 -0.06993182 0.004197805 34611230 0.06689306 -0.03077598 0.1202414
0.1438849 -0.06243797 0.003500475 34821428 0.07048896 -0.02606674 0.1201042
0.1458618 -0.05775817 0.003346889 35091672 0.07214066 -0.02354868 0.1203988
0.1493802 -0.04730888 0.003307534 35271834 0.07505115 -0.01774462 0.1212372
0.1511379 -0.04175683 0.00335869 35492029 0.0764828 -0.01429661 0.1215906
0.152796 -0.03614088 0.003381294 35712236 0.07793352 -0.01066907 0.1219268
0.1541676 -0.03020974 0.003354919 35942439 0.07937637 -0.006833873 0.1223763
0.1555738 -0.01711508 0.002594811 36292747 0.08205601 0.0008575105 0.1233357
0.1554445 -0.003040514 0.000648496 36492924 0.08428707 0.008731999 0.1235479
0.1550854 0.003796615 -0.0004789853 36773181 0.08513781 0.01317982 0.1233174
0.1547149 0.0169671 -0.001543554 36953348 0.08592262 0.02211825 0.1231454
0.1537681 0.02385572 -0.001520859 37173563 0.08577981 0.0260338 0.1236953
0.1526021 0.03063134 -0.001008721 37393745 0.08523955 0.02951375 0.1245591
0.1509126 0.03692786 -0.0002084691 37623949 0.08435287 0.03265706 0.1257193
0.1458576 0.04737345 0.001481159 37834305 0.08123443 0.03835014 0.1281645
0.1437716 0.05104366 0.002922161 38064354 0.07960083 0.04035322 0.1297057
0.1391504 0.05530135 0.007672756 38314572 0.07502267 0.040867 0.1341067
