0.1590107 -0.00754362 -0.01458764 0 0.1093244 -0.007284007 0.21377
0.1590107 -0.00754362 -0.01458764 110099 0.1093244 -0.007284007 0.21377
0.1585913 -0.005780071 -0.01460145 220194 0.1087213 -0.006608686 0.2140528
0.1577374 -0.003365745 -0.01452874 330298 0.1080938 -0.005685291 0.2147117
0.1577374 -0.003365745 -0.01452874 450601 0.1080938 -0.005685291 0.2147117
0.1568959 -0.0006534624 -0.01431161 550497 0.1075566 -0.004592142 0.2154179
0.1558099 0.002506097 -0.0139115 690623 0.1068859 -0.003092966 0.2163814
0.1548691 0.005791372 -0.01316473 780708 0.1063093 -0.001411161 0.2173837
0.1548691 0.005791372 -0.01316473 890804 0.1063093 -0.001411161 0.2173837
0.1535321 0.009369222 -0.01254858 1000903 0.1055417 0.0005550766 0.2186207
0.1535321 0.009369222 -0.01254858 1141038 0.1055417 0.0005550766 0.2186207
0.1524257 0.01346404 -0.01145183 1231119 0.1048157 0.002849498 0.2198708
0.1508955 0.01795639 -0.01078543 1341214 0.1038812 0.005254187 0.2212122
0.1508955 0.01795639 -0.01078543 1471332 0.1038812 0.005254187 0.2212122
0.1494459 0.0224475 -0.009479046 1561409 0.103037 0.007766046 0.2227745
0.1475919 0.02746523 -0.008824959 1681517 0.1021235 0.01042406 0.2243052
0.1454097 0.03292715 -0.008099318 1791625 0.1012886 0.01311902 0.2260664
0.1454097 0.03292715 -0.008099318 1901716 0.1012886 0.01311902 0.2260664
0.1429026 0.03890849 -0.007207498 2011823 0.1002814 0.01604811 0.2280617
0.1399991 0.04528832 -0.006443694 2121919 0.09879449 0.0192242 0.2301718
0.1399991 0.04528832 -0.006443694 2262049 0.09879449 0.0192242 0.2301718
0.1367355 0.05190687 -0.005637094 2342117 0.09692331 0.02276734 0.232488
0.133523 0.05787019 -0.004423082 2462230 0.09488884 0.02630667 0.234971
0.133523 0.05787019 -0.004423082 2582334 0.09488884 0.02630667 0.234971
0.1298065 0.06421939 -0.003400624 2682433 0.09254852 0.0301601 0.2376473
0.1259694 0.07038513 -0.002441183 2792528 0.09008679 0.0340362 0.2403367
0.1259694 0.07038513 -0.002441183 2902627 0.09008679 0.0340362 0.2403367
0.1218333 0.07645107 -0.00158529 3022728 0.08762279 0.03776292 0.2431157
0.1175863 0.08210123 -0.0005525351 3132827 0.08500656 0.04126123 0.2459908
0.1175863 0.08210123 -0.0005525351 3242934 0.08500656 0.04126123 0.2459908
0.1139161 0.08627832 0.001321331 3363031 0.08249655 0.04445139 0.24907
0.1095505 0.09104273 0.002528399 3473130 0.07941625 0.04762355 0.2520406
0.1095505 0.09104273 0.002528399 3583404 0.07941625 0.04762355 0.2520406
0.1048558 0.09577031 0.0037269 3683332 0.07601663 0.0507609 0.2551072
0.1006437 0.09950351 0.004480243 3803440 0.07246992 0.05358282 0.2577217
0.1006437 0.09950351 0.004480243 3913535 0.07246992 0.05358282 0.2577217
0.09594242 0.1038845 0.004634157 4023631 0.06878987 0.05651084 0.2601118
0.09120877 0.1079541 0.00424169 4133730 0.0650574 0.05918351 0.2621699
0.09120877 0.1079541 0.00424169 4253839 0.0650574 0.05918351 0.2621699
0.08647585 0.1115102 0.003787279 4363942 0.06117243 0.06149975 0.2641083
0.0815765 0.1150512 0.003631145 4474037 0.0569335 0.06366173 0.2660453
0.0815765 0.1150512 0.003631145 4584137 0.0569335 0.06366173 0.2660453
0.07705794 0.1180307 0.004058257 4694236 0.05216375 0.06564394 0.2679363
0.07276506 0.1205532 0.004846424 4814344 0.04684184 0.06772522 0.2698658
0.07276506 0.1205532 0.004846424 4944466 0.04684184 0.06772522 0.2698658
0.06916646 0.1224477 0.006134942 5034543 0.04162092 0.06976084 0.2717426
0.06566465 0.1242893 0.007038951 5144638 0.03667039 0.07147077 0.2732192
0.06566465 0.1242893 0.007038951 5254742 0.03667039 0.07147077 0.2732192
0.06156065 0.1267138 0.007121488 5364841 0.03205473 0.07307366 0.2743764
0.05771141 0.1291704 0.007084981 5484958 0.0280335 0.07466499 0.2753406
0.05771141 0.1291704 0.007084981 5595053 0.0280335 0.07466499 0.2753406
0.05337244 0.1318886 0.006736681 5705148 0.02372707 0.07627836 0.2761739
0.0488279 0.1348123 0.00610733 5825257 0.01921166 0.07804886 0.2767987
0.0488279 0.1348123 0.00610733 5935364 0.01921166 0.07804886 0.2767987
0.04465971 0.1373836 0.005970627 6045455 0.01456539 0.07977191 0.2774275
0.04056306 0.1399596 0.005459622 6155555 0.009590995 0.08168498 0.2777527
0.04056306 0.1399596 0.005459622 6265650 0.009590995 0.08168498 0.2777527
0.03627815 0.1428233 0.004532024 6375757 0.004625541 0.08359233 0.2777264
0.0314602 0.1462927 0.00281994 6505871 -0.0005741592 0.08567289 0.2771964
0.02689463 0.1494868 0.001155004 6595952 -0.005676733 0.08759037 0.2765093
0.02689463 0.1494868 0.001155004 6706051 -0.005676733 0.08759037 0.2765093
0.02269546 0.1524518 -0.0006088167 6846178 -0.01082836 0.08937565 0.2755261
0.01781939 0.155822 -0.002787635 6936259 -0.01608966 0.09108928 0.2742266
0.01781939 0.155822 -0.002787635 7046359 -0.01608966 0.09108928 0.2742266
0.01304573 0.1586994 -0.004889444 7166471 -0.02114727 0.09238545 0.2728574
0.01304573 0.1586994 -0.004889444 7266565 -0.02114727 0.09238545 0.2728574
0.008493265 0.1610855 -0.006767049 7396679 -0.02594055 0.09353545 0.2716032
0.004280574 0.1629949 -0.008806258 7496765 -0.03065376 0.09423224 0.2700517
0.004280574 0.1629949 -0.008806258 7626882 -0.03065376 0.09423224 0.2700517
-0.0001640326 0.1647895 -0.01035902 7726973 -0.0353732 0.09485868 0.2686878
-0.00415383 0.1656701 -0.01119275 7827063 -0.04012213 0.09522406 0.2677083
-0.00415383 0.1656701 -0.01119275 7937175 -0.04012213 0.09522406 0.2677083
-0.008591725 0.1668526 -0.01216458 8057279 -0.0450481 0.09570876 0.2665178
-0.01199307 0.1667413 -0.01274112 8177379 -0.04925866 0.09549323 0.2656288
-0.01682148 0.1676885 -0.01342307 8277482 -0.05356006 0.09564117 0.2645576
-0.01682148 0.1676885 -0.01342307 8417600 -0.05356006 0.09564117 0.2645576
-0.0214376 0.1681503 -0.01366304 8517686 -0.05754624 0.0956618 0.2637838
-0.02802338 0.16978 -0.0140253 8617785 -0.06194202 0.09613362 0.2626215
-0.02802338 0.16978 -0.0140253 8727884 -0.06194202 0.09613362 0.2626215
-0.03231024 0.1695611 -0.01424237 8847988 -0.06535821 0.095812 0.2618108
-0.03318574 0.167228 -0.01504909 8958088 -0.06766699 0.09477345 0.2612415
-0.03318574 0.167228 -0.01504909 9058178 -0.06766699 0.09477345 0.2612415
-0.03722434 0.1667002 -0.01520272 9188304 -0.07062567 0.09433738 0.2605257
-0.04409662 0.1676589 -0.01493223 9288382 -0.0742181 0.0946664 0.2595071
-0.04409662 0.1676589 -0.01493223 9398481 -0.0742181 0.0946664 0.2595071
-0.04480261 0.1649988 -0.0160155 9528607 -0.07567928 0.0933781 0.2589629
-0.05166536 0.1655081 -0.01508397 9638698 -0.07891495 0.09351341 0.258173
-0.05166536 0.1655081 -0.01508397 9728791 -0.07891495 0.09351341 0.258173
-0.05514555 0.1641907 -0.0153756 9848888 -0.08116312 0.09280768 0.2573354
-0.05801082 0.162512 -0.01552483 9968996 -0.08328502 0.09201112 0.2567027
-0.05801082 0.162512 -0.01552483 10069086 -0.08328502 0.09201112 0.2567027
-0.06192913 0.1614845 -0.01529722 10189195 -0.08558432 0.09146228 0.2558945
-0.06196213 0.1587589 -0.01623696 10289289 -0.08662499 0.08996192 0.2554684
-0.06196213 0.1587589 -0.01623696 10419415 -0.08662499 0.08996192 0.2554684
-0.06882627 0.1584802 -0.01535937 10519501 -0.08972795 0.09002582 0.2541894
-0.06890193 0.1556527 -0.01592331 10629592 -0.090789 0.08850805 0.2539999
-0.06890193 0.1556527 -0.01592331 10769727 -0.090789 0.08850805 0.2539999
-0.07154381 0.1538631 -0.01622047 10849791 -0.0926506 0.08760169 0.2531119
-0.07624359 0.1529684 -0.01502915 10959898 -0.09527455 0.08719055 0.2523001
-0.07624359 0.1529684 -0.01502915 11100017 -0.09527455 0.08719055 0.2523001
-0.07852203 0.1509975 -0.01566061 11200115 -0.09710989 0.08625571 0.2512459
-0.08300988 0.1498439 -0.01512243 11300197 -0.09933481 0.08598176 0.2501212
-0.08300988 0.1498439 -0.01512243 11420310 -0.09933481 0.08598176 0.2501212
-0.08757722 0.1485686 -0.01461042 11540430 -0.1013616 0.08561578 0.2488602
-0.09112798 0.1469845 -0.01460578 11640509 -0.103221 0.08510772 0.2476064
-0.09112798 0.1469845 -0.01460578 11750604 -0.103221 0.08510772 0.2476064
-0.09399159 0.1454107 -0.01510461 11860707 -0.1049603 0.08446947 0.2462052
-0.09774422 0.1437865 -0.01508592 12010835 -0.1068443 0.08391575 0.2447253
-0.09774422 0.1437865 -0.01508592 12090919 -0.1068443 0.08391575 0.2447253
-0.1007985 0.1418572 -0.01529026 12201014 -0.1084564 0.08300546 0.2433408
-0.1042588 0.1396928 -0.01547939 12311110 -0.1103387 0.08212712 0.2417615
-0.1042588 0.1396928 -0.01547939 12421213 -0.1103387 0.08212712 0.2417615
-0.1080193 0.1376033 -0.01513143 12531308 -0.1122108 0.08122209 0.2402584
-0.1112672 0.1356165 -0.01526913 12651417 -0.1140237 0.08026902 0.2385987
-0.1112672 0.1356165 -0.01526913 12751507 -0.1140237 0.08026902 0.2385987
-0.1150154 0.133025 -0.01531796 12861619 -0.1158634 0.07922056 0.2368114
-0.1190185 0.1303151 -0.0152044 13001737 -0.1177864 0.0781627 0.2349128
-0.1190185 0.1303151 -0.0152044 13101839 -0.1177864 0.0781627 0.2349128
-0.1225706 0.1275072 -0.01545773 13211939 -0.119619 0.07707301 0.2329826
-0.1261156 0.1249617 -0.01548339 13312013 -0.1215708 0.0760788 0.2310558
-0.1261156 0.1249617 -0.01548339 13442130 -0.1215708 0.0760788 0.2310558
-0.1301925 0.1216635 -0.01514842 13542225 -0.1236565 0.07481673 0.2290376
-0.1335232 0.1183982 -0.0147801 13682359 -0.1254399 0.07324699 0.2273495
-0.1366611 0.1151449 -0.01470256 13762419 -0.1272396 0.07159737 0.2255273
-0.1366611 0.1151449 -0.01470256 13912551 -0.1272396 0.07159737 0.2255273
-0.1401471 0.1116834 -0.0141903 14132944 -0.129202 0.06994799 0.2236906
-0.1427898 0.1082041 -0.01414993 14362965 -0.1308137 0.06802026 0.2220617
-0.1488695 0.101085 -0.01339859 14613187 -0.134188 0.0641655 0.2185218
-0.151397 0.09734019 -0.0133954 14803359 -0.1353436 0.06205002 0.2168919
-0.1543864 0.09341522 -0.01298079 15033566 -0.1367578 0.05995098 0.215119
-0.1591152 0.08596941 -0.01230797 15253765 -0.1388443 0.05558101 0.2122433
-0.1617796 0.08165482 -0.01145501 15483973 -0.1400716 0.05317799 0.2108258
-0.1632769 0.07806823 -0.01133035 15704176 -0.1410505 0.05082706 0.209802
-0.1679178 0.06990714 -0.008963197 15924370 -0.1439391 0.04613021 0.2075236
-0.1687622 0.06551537 -0.009336889 16174596 -0.1444827 0.04361073 0.2068282
-0.1707281 0.05797692 -0.007357135 16374773 -0.1466178 0.03856055 0.2062763
-0.171243 0.05436141 -0.006138444 16614998 -0.1475044 0.03613583 0.206492
-0.1714301 0.05043704 -0.005388319 16835196 -0.1481251 0.03370825 0.2067974
-0.1715701 0.04609856 -0.004944026 17055391 -0.1487472 0.03141514 0.2070313
-0.1712076 0.03931892 -0.003280506 17275598 -0.1504937 0.02716914 0.2082047
-0.1710918 0.03527807 -0.002410322 17505814 -0.1511219 0.0247809 0.2088069
-0.1709949 0.02721617 0.000221774 17715995 -0.1525751 0.02010063 0.210323
-0.1708075 0.02320901 0.001336426 17936186 -0.1533132 0.01772837 0.2110729
-0.1704633 0.01925038 0.002319872 18186420 -0.1540234 0.01533345 0.2118772
-0.1701176 0.01177309 0.004676774 18406614 -0.1554169 0.01040284 0.2133581
-0.1697175 0.007538806 0.005431041 18616800 -0.1559378 0.007708587 0.2140746
-0.1694066 0.00340419 0.006190702 18837003 -0.1564292 0.005015769 0.2147028
-0.1688982 -0.005064643 0.00725387 19057193 -0.1573229 -0.0001810408 0.2155565
-0.1687473 -0.007410589 0.008490339 19287580 -0.1582512 -0.00194355 0.216244
-0.1686422 -0.01210415 0.008900002 19507612 -0.1586692 -0.004743657 0.2164129
-0.1685326 -0.01667204 0.009432599 19757826 -0.1592065 -0.007570347 0.2166166
-0.1677726 -0.02514809 0.01053785 19968024 -0.1609319 -0.01287266 0.2173993
-0.167448 -0.02900745 0.01117764 20178213 -0.1617766 -0.01529439 0.217764
-0.1668847 -0.03368144 0.01134433 20398412 -0.1624466 -0.01767667 0.2179598
-0.1653166 -0.0418361 0.01169711 20628612 -0.1636695 -0.02207669 0.2187432
-0.164494 -0.04592519 0.01180279 20868832 -0.1642074 -0.02421935 0.2190595
-0.1614801 -0.05398725 0.01073818 21079042 -0.1648296 -0.02788075 0.2199648
-0.1597879 -0.05808689 0.01013362 21299221 -0.164823 -0.02973421 0.2204629
-0.1579319 -0.06183884 0.009466603 21539438 -0.1645527 -0.03136643 0.2210693
-0.1540691 -0.06864619 0.007823259 21739626 -0.1632032 -0.03428848 0.2222849
-0.1523435 -0.072033 0.007231817 21959829 -0.1622051 -0.03553804 0.2227934
-0.1500949 -0.07593948 0.006312028 22190029 -0.1610468 -0.03692051 0.2233505
-0.1459657 -0.08224625 0.004953086 22430241 -0.1593987 -0.03943761 0.2245546
-0.1438414 -0.08536714 0.004320011 22640427 -0.1586381 -0.04059573 0.2250996
-0.1419398 -0.08844625 0.003873482 22870639 -0.1577147 -0.04168518 0.2255751
-0.1385109 -0.09345787 0.00299345 23090838 -0.1558637 -0.04396649 0.2266519
-0.1367613 -0.09595946 0.002435386 23341063 -0.1549847 -0.04518755 0.2271192
-0.1343327 -0.09932677 0.001633748 23531247 -0.1540702 -0.0464259 0.2274701
-0.129526 -0.1064774 -0.0003223419 23751442 -0.1520156 -0.04870589 0.2275008
-0.1272649 -0.1101105 -0.001200944 23981646 -0.1508669 -0.04981216 0.2273742
-0.1244822 -0.1141573 -0.002304822 24211849 -0.1494512 -0.0511144 0.2272885
-0.1193213 -0.1212752 -0.004403248 24442057 -0.1466798 -0.05346425 0.227075
-0.1168395 -0.1250236 -0.005441397 24642246 -0.1452747 -0.05472215 0.2267794
-0.1142792 -0.1288285 -0.00646776 24872616 -0.1436326 -0.05591806 0.2264771
-0.1088161 -0.1365341 -0.008669004 25092644 -0.1397271 -0.05806132 0.2257576
-0.1058106 -0.1401741 -0.009895936 25332861 -0.1376574 -0.05918856 0.2255306
-0.1031658 -0.1433532 -0.01077475 25573086 -0.1357163 -0.06032057 0.2255207
-0.09755608 -0.1492223 -0.01226172 25763257 -0.13172 -0.06254728 0.2258686
-0.09459656 -0.1518303 -0.01273881 26013479 -0.1296885 -0.06345578 0.2261785
-0.09171235 -0.15421 -0.01314023 26213656 -0.1277059 -0.06429907 0.2265152
-0.0850713 -0.1583167 -0.01394877 26443868 -0.12347 -0.06586249 0.2275694
-0.08185561 -0.1600216 -0.01422027 26654057 -0.1212279 -0.06650528 0.2282008
-0.07854931 -0.161692 -0.01438843 26894278 -0.1187713 -0.06713052 0.2289108
-0.07158116 -0.1642893 -0.01443142 27104464 -0.1137899 -0.06817909 0.2305816
-0.06832142 -0.1651366 -0.01431265 27334663 -0.1113534 -0.06855614 0.2315044
-0.06515695 -0.1658726 -0.01409847 27574884 -0.1089539 -0.06888683 0.2324052
-0.05805523 -0.1668285 -0.0134059 27785074 -0.1040539 -0.06961592 0.2344647
-0.05475498 -0.1669053 -0.01310377 28025287 -0.1015802 -0.06991477 0.2356284
-0.04797011 -0.1669609 -0.0121647 28225467 -0.09618296 -0.07015045 0.2377878
-0.04439114 -0.1668437 -0.01166169 28455679 -0.09323589 -0.07011326 0.2388244
-0.0410594 -0.1666214 -0.01119836 28685883 -0.09026406 -0.07002326 0.2398639
-0.03434603 -0.16565 -0.01018248 28896076 -0.08449854 -0.06986792 0.2420485
-0.03096318 -0.1651323 -0.009510338 29116275 -0.08170883 -0.06981857 0.2430463
-0.02762422 -0.1646117 -0.008917525 29366509 -0.07887699 -0.06953939 0.243791
-0.02199933 -0.1636813 -0.007779807 29566682 -0.07351859 -0.06914564 0.2452994
-0.01924906 -0.1629812 -0.007190615 29796889 -0.07092933 -0.06892367 0.2461164
-0.01666018 -0.162295 -0.00669758 30027105 -0.06850339 -0.06877335 0.2468948
-0.01200699 -0.1610595 -0.005622849 30247300 -0.06375338 -0.06802543 0.2479925
-0.009532916 -0.160454 -0.005035698 30457485 -0.06130065 -0.06767495 0.2484719
-0.006991671 -0.1596642 -0.00454478 30707732 -0.05896259 -0.06725509 0.2489
-0.002215352 -0.158162 -0.003816515 30927910 -0.05439667 -0.06667168 0.2498488
0.0001719621 -0.1573719 -0.003350765 31138116 -0.05215396 -0.06640442 0.2503092
0.002589485 -0.1564472 -0.002961785 31358306 -0.04993074 -0.06594999 0.2506477
0.00698716 -0.1551468 -0.002379313 31578505 -0.04528229 -0.06517978 0.2511877
0.00926091 -0.1545304 -0.002049997 31808851 -0.042888 -0.0648932 0.2514627
0.01181196 -0.1533766 -0.001829475 32058931 -0.04053147 -0.06433376 0.251736
0.01695826 -0.1511773 -0.0009930879 32249110 -0.03604661 -0.06327422 0.2519969
0.01935873 -0.1503772 -0.0005666465 32479314 -0.03363194 -0.06274983 0.252009
0.02208475 -0.1491326 -0.0002416521 32699517 -0.03105955 -0.06199654 0.252029
0.02703408 -0.146725 0.0004432946 32929716 -0.02620925 -0.06060525 0.2521539
0.02943726 -0.1452227 0.000659287 33179942 -0.02391555 -0.05974599 0.2522475
0.0318811 -0.1437232 0.00100562 33380123 -0.02167391 -0.05884894 0.2522211
0.03627966 -0.1408808 0.001375988 33610331 -0.01762276 -0.05674275 0.2517755
0.03846992 -0.1392604 0.001845673 33820520 -0.01567819 -0.05564483 0.2516255
0.04050773 -0.1377401 0.00198485 34050744 -0.01396259 -0.05460103 0.2513802
0.04500959 -0.1342045 0.002461299 34291310 -0.01049592 -0.05224641 0.2506917
0.04721883 -0.1326688 0.002648413 34491130 -0.008625288 -0.05107864 0.2502187
0.04974157 -0.1310063 0.003047466 34721341 -0.006486168 -0.04981287 0.2496365
0.05469944 -0.1281569 0.0035045 34931523 -0.002018681 -0.04743822 0.248252
0.05726527 -0.1265455 0.003896147 35171744 0.0002376524 -0.04624732 0.2476055
0.06210157 -0.1231493 0.004442722 35401956 0.004483231 -0.04391034 0.246502
0.06450941 -0.1213179 0.004651725 35612145 0.00647045 -0.04276582 0.2459631
0.06679792 -0.1194817 0.00473386 35852354 0.008317627 -0.04162141 0.2454247
0.07117591 -0.1158745 0.004895195 36062548 0.01180334 -0.03929301 0.2442485
0.07328252 -0.1140261 0.004958913 36282746 0.01335222 -0.03813597 0.2436304
0.07537973 -0.1121712 0.005211189 36492936 0.01488174 -0.03701313 0.2430245
0.07744095 -0.1103422 0.005318344 36723148 0.01636696 -0.03596659 0.2424343
0.08165282 -0.106833 0.005152345 36953348 0.0194586 -0.03379019 0.2409572
0.08355364 -0.1052979 0.005206302 37193568 0.02085767 -0.0327334 0.240176
0.08738226 -0.1022227 0.005137414 37393741 0.02357621 -0.03071829 0.2385516
0.08921019 -0.1008012 0.005034983 37623953 0.0246653 -0.02992066 0.2377061
0.09115555 -0.098992 0.005149961 37864169 0.025758 -0.02899726 0.2369186
0.09454355 -0.09652538 0.004640326 38064346 0.02804 -0.02722462 0.2350911
0.09624711 -0.09522828 0.004694626 38294574 0.02917236 -0.02626165 0.2341512
0.09789553 -0.09378544 0.004502609 38554797 0.03014902 -0.02525183 0.2332286
0.1010708 -0.09088186 0.004119784 38734951 0.03196186 -0.02327522 0.2314432
0.1026638 -0.08938583 0.003887907 39005207 0.03282977 -0.0221742 0.2304606
0.1041375 -0.08803038 0.003690481 39185382 0.03364688 -0.02102645 0.2294502
0.1072089 -0.08491722 0.003484771 39415570 0.03516016 -0.01867755 0.22743
0.1088262 -0.08322977 0.003365174 39635772 0.03600571 -0.01743706 0.2264116
0.1103582 -0.08189277 0.00309895 39865980 0.03682205 -0.01629587 0.2252996
0.1136884 -0.07916262 0.003266901 40116202 0.03881738 -0.01389345 0.2229424
0.1155607 -0.07741765 0.003816873 40306373 0.03990966 -0.01267799 0.2217958
0.1173212 -0.07597374 0.004285425 40546586 0.04077864 -0.0117509 0.2206068
0.1208864 -0.0731587 0.005439714 40776806 0.0425179 -0.01031931 0.2183203
0.1228519 -0.07152276 0.006459042 40966970 0.04375121 -0.009582362 0.2172633
0.1246763 -0.07017194 0.006963477 41197177 0.04477459 -0.009005866 0.2161637
0.128518 -0.06759614 0.007370263 41417376 0.04713428 -0.007941327 0.2139103
0.1302646 -0.06710963 0.006745532 41677615 0.04837748 -0.007630429 0.2127464
0.1342412 -0.06413773 0.006695136 41887801 0.05103626 -0.006681284 0.2108133
0.1360191 -0.06270064 0.006461516 42108007 0.05205974 -0.00631555 0.2099316
0.1379444 -0.06094372 0.005744487 42328202 0.05307635 -0.005899034 0.2090425
0.1397858 -0.05861974 0.005279794 42538392 0.05396378 -0.00538846 0.2083695
0.1433319 -0.05406614 0.004008994 42758590 0.05556729 -0.004501781 0.2069863
0.1448995 -0.05126145 0.00350368 42998803 0.05627468 -0.003738246 0.2065017
0.1463473 -0.04877359 0.003085151 43239032 0.0568209 -0.002862177 0.2058254
0.1490317 -0.04419103 0.001889616 43429192 0.05786574 -0.0009418344 0.2044064
0.1502246 -0.04118124 0.001165658 43679417 0.05835893 2.137661E-05 0.2040863
0.1523168 -0.03574602 -0.0004994869 43879602 0.05918264 0.001639523 0.2034514
0.1531815 -0.03290443 -0.001569599 44099805 0.05935534 0.002560296 0.2031396
0.1537967 -0.03041276 -0.002317071 44330008 0.05962547 0.003437795 0.2030393
0.154432 -0.02834919 -0.00325349 44580226 0.06010395 0.004196086 0.2029158
0.1552234 -0.02385014 -0.005100891 44800425 0.06044769 0.005899944 0.2028242
0.1555028 -0.02099128 -0.006616846 45000610 0.06049445 0.006962218 0.2028423
0.1555995 -0.01883353 -0.008011475 45220808 0.06053796 0.007717409 0.2029347
0.1552729 -0.01320764 -0.008666053 45451020 0.06061172 0.009285368 0.2039618
0.1546925 -0.01011577 -0.009101436 45691237 0.06025371 0.01039723 0.2046416
0.1540264 -0.007297941 -0.009250194 45901431 0.05993488 0.01143185 0.205404
0.1528278 -0.001400471 -0.0118652 46131646 0.06002646 0.01286296 0.2068093
0.1527448 0.001685119 -0.01143289 46351833 0.060236 0.01393989 0.2072425
0.1520275 0.005246883 -0.01134571 46582033 0.06004306 0.01519791 0.2080703
0.1504685 0.01216418 -0.01106527 46822282 0.05955264 0.01815049 0.2096956
0.1495513 0.01503795 -0.01087022 47022434 0.05936876 0.01961068 0.2106297
0.1470247 0.02032309 -0.009693384 47262809 0.05869385 0.0217884 0.2131977
0.1449839 0.02227414 -0.008972675 47462840 0.05784082 0.02215198 0.2150529
0.1427612 0.02340551 -0.007229954 47703048 0.05677825 0.02176658 0.2172244
