0.1629064 0.00460619 -0.007318661 0 0.07961127 0.03037955 0.2037186
0.162813 0.005283146 -0.007377446 100090 0.07917431 0.03085472 0.2036741
0.162813 0.005283146 -0.007377446 220198 0.07917431 0.03085472 0.2036741
0.1625113 0.005727917 -0.007383063 330294 0.07864565 0.03132781 0.2037696
0.1618321 0.006125434 -0.007514358 440401 0.07797129 0.03191271 0.2041343
0.1618321 0.006125434 -0.007514358 550492 0.07797129 0.03191271 0.2041343
0.1610848 0.006719952 -0.007257104 660592 0.07719305 0.03233694 0.2046655
0.1601307 0.00747641 -0.007053107 770699 0.07640281 0.03281869 0.2054088
0.1601307 0.00747641 -0.007053107 880798 0.07640281 0.03281869 0.2054088
0.159261 0.008291193 -0.006749675 1000903 0.07561177 0.03314813 0.2061248
0.1584654 0.009497774 -0.006416187 1111010 0.07490508 0.03349774 0.2068701
0.1584654 0.009497774 -0.006416187 1221110 0.07490508 0.03349774 0.2068701
0.1575784 0.01123034 -0.006051391 1341214 0.0741192 0.03381883 0.2077742
0.1569631 0.01261204 -0.005033046 1451313 0.07360122 0.03420173 0.2085546
0.1569631 0.01261204 -0.005033046 1561417 0.07360122 0.03420173 0.2085546
0.1559449 0.01414855 -0.005051553 1671512 0.0725747 0.0348294 0.2093214
0.1551265 0.01625303 -0.004545555 1801625 0.0716728 0.03555056 0.2100986
0.1551265 0.01625303 -0.004545555 1891723 0.0716728 0.03555056 0.2100986
0.1542195 0.01874236 -0.004231974 2001814 0.07054996 0.03619393 0.2108852
0.1533553 0.02143068 -0.003802091 2121927 0.06952828 0.03682401 0.211692
0.1533553 0.02143068 -0.003802091 2232014 0.06952828 0.03682401 0.211692
0.1522615 0.02414737 -0.003175959 2342129 0.06850496 0.03778278 0.2127137
0.1511754 0.02734288 -0.003203645 2472231 0.06734559 0.03907993 0.2135264
0.1497805 0.03016756 -0.003041565 2562312 0.06589144 0.04073297 0.2144812
0.1497805 0.03016756 -0.003041565 2672411 0.06589144 0.04073297 0.2144812
0.1481363 0.03314608 -0.003091797 2792524 0.06423457 0.04239955 0.2155591
0.1481363 0.03314608 -0.003091797 2902627 0.06423457 0.04239955 0.2155591
0.1465881 0.03626307 -0.003009751 3012726 0.06253344 0.04376926 0.2165501
0.1451066 0.03931528 -0.002694979 3122818 0.06084603 0.04508346 0.2174954
0.1451066 0.03931528 -0.002694979 3252943 0.06084603 0.04508346 0.2174954
0.1434163 0.04290245 -0.002433613 3353021 0.05884634 0.04668053 0.2184795
0.1416412 0.04627259 -0.002106085 3463125 0.05687334 0.04832184 0.2195355
0.1416412 0.04627259 -0.002106085 3573244 0.05687334 0.04832184 0.2195355
0.1396824 0.0495091 -0.00193885 3683328 0.05486665 0.04995774 0.2207056
0.1377665 0.05276653 -0.001753122 3793427 0.05301861 0.0513364 0.2218841
0.1377665 0.05276653 -0.001753122 3903530 0.05301861 0.0513364 0.2218841
0.135912 0.0558617 -0.001595914 4033640 0.05125863 0.05249863 0.2229987
0.1340068 0.05902393 -0.001430809 4133734 0.04932417 0.05372235 0.2240405
0.1340068 0.05902393 -0.001430809 4243837 0.04932417 0.05372235 0.2240405
0.1322043 0.0618891 -0.001368791 4363942 0.04748735 0.05486264 0.2249702
0.130441 0.06496687 -0.001525447 4474041 0.04578325 0.0560373 0.2258361
0.128849 0.06772433 -0.001627162 4584136 0.04439196 0.05719476 0.2266858
0.128849 0.06772433 -0.001627162 4694240 0.04439196 0.05719476 0.2266858
0.1271564 0.07068907 -0.001991868 4824353 0.04281682 0.05847453 0.2274501
0.1254721 0.07340767 -0.002377599 4914435 0.0410272 0.05975475 0.2280744
0.1254721 0.07340767 -0.002377599 5024542 0.0410272 0.05975475 0.2280744
0.1238697 0.07604896 -0.002640545 5154659 0.03930467 0.06112968 0.2286679
0.1222221 0.07864542 -0.003096372 5254750 0.0375551 0.06230616 0.2292094
0.1222221 0.07864542 -0.003096372 5364841 0.0375551 0.06230616 0.2292094
0.1206067 0.08116724 -0.003436729 5474948 0.03574568 0.06333467 0.2296732
0.1189424 0.08363285 -0.003844664 5605054 0.03392002 0.06430879 0.2301372
0.1189424 0.08363285 -0.003844664 5705148 0.03392002 0.06430879 0.2301372
0.1172194 0.08617619 -0.004273698 5815251 0.03202641 0.06516247 0.2305624
0.1154565 0.0886241 -0.004642949 5915346 0.03019851 0.0659225 0.2310506
0.1154565 0.0886241 -0.004642949 6055464 0.03019851 0.0659225 0.2310506
0.1136615 0.09118907 -0.005005732 6155555 0.02841598 0.06638411 0.2314956
0.1117463 0.09377137 -0.005599454 6255645 0.02649806 0.06670564 0.2318606
0.1117463 0.09377137 -0.005599454 6375753 0.02649806 0.06670564 0.2318606
0.1098211 0.09620804 -0.005945116 6485857 0.02448349 0.06708985 0.2322289
0.1079289 0.09853478 -0.006129935 6595956 0.02252463 0.0674675 0.2326099
0.1079289 0.09853478 -0.006129935 6706055 0.02252463 0.0674675 0.2326099
0.1060479 0.1006858 -0.006278396 6826156 0.020665 0.06781062 0.2330379
0.1041798 0.1027611 -0.006354108 6926250 0.01887117 0.0680935 0.2334742
0.1041798 0.1027611 -0.006354108 7046354 0.01887117 0.0680935 0.2334742
0.1023503 0.104818 -0.006378829 7176472 0.01715606 0.06826165 0.2338656
0.1005041 0.1066319 -0.00653483 7266553 0.01546167 0.06836957 0.2342694
0.1005041 0.1066319 -0.00653483 7376652 0.01546167 0.06836957 0.2342694
0.09862801 0.1084279 -0.006546348 7486760 0.01372741 0.06847873 0.2346805
0.09693178 0.109813 -0.006400317 7606860 0.01185672 0.06849318 0.2349023
0.09693178 0.109813 -0.006400317 7716964 0.01185672 0.06849318 0.2349023
0.09520084 0.1111758 -0.006461158 7827063 0.00995338 0.06843385 0.2350501
0.09352081 0.1125278 -0.006239876 7967193 0.008250386 0.06808984 0.2352021
0.09352081 0.1125278 -0.006239876 8057271 0.008250386 0.06808984 0.2352021
0.0920671 0.1136593 -0.005656242 8167370 0.006790057 0.06764423 0.2353346
0.09021731 0.1151089 -0.005816817 8277469 0.004996747 0.06702896 0.2353176
0.09021731 0.1151089 -0.005816817 8387573 0.004996747 0.06702896 0.2353176
0.088294 0.1164642 -0.005778491 8497668 0.003219247 0.06650981 0.2354462
0.08641052 0.117704 -0.005531341 8607776 0.001591355 0.06609353 0.2357097
0.08641052 0.117704 -0.005531341 8727884 0.001591355 0.06609353 0.2357097
0.08465517 0.1188811 -0.005222827 8837975 0.0001005083 0.06570321 0.2359352
0.0829071 0.1201402 -0.005128473 8948075 -0.001449466 0.06531423 0.2360064
0.0829071 0.1201402 -0.005128473 9058174 -0.001449466 0.06531423 0.2360064
0.08119893 0.1215057 -0.004683584 9188291 -0.003013968 0.06513768 0.2360743
0.07966757 0.1223383 -0.004235789 9288382 -0.004533947 0.0647375 0.2360832
0.07966757 0.1223383 -0.004235789 9388476 -0.004533947 0.0647375 0.2360832
0.0781009 0.1232364 -0.003731832 9508576 -0.005742639 0.06437706 0.2363208
0.07626544 0.1244526 -0.003330022 9628693 -0.007143021 0.06395572 0.2364656
0.07626544 0.1244526 -0.003330022 9728779 -0.007143021 0.06395572 0.2364656
0.07404935 0.1262707 -0.003176525 9838878 -0.008647799 0.06368384 0.2366347
0.07225704 0.1270008 -0.002753913 9979005 -0.01022381 0.0633327 0.2368165
0.07011908 0.1280795 -0.002522439 10069082 -0.01187062 0.06300479 0.2370923
0.07011908 0.1280795 -0.002522439 10179182 -0.01187062 0.06300479 0.2370923
0.06821888 0.1285886 -0.001452714 10309307 -0.01354417 0.06268599 0.2374272
0.06821888 0.1285886 -0.001452714 10399392 -0.01354417 0.06268599 0.2374272
0.06598578 0.1294855 -0.0009557307 10509480 -0.01503798 0.06222137 0.2378825
0.06370822 0.1302603 -0.000259757 10619583 -0.0165306 0.06176355 0.2384314
0.06370822 0.1302603 -0.000259757 10739691 -0.0165306 0.06176355 0.2384314
0.06159615 0.1306546 0.0006809086 10849795 -0.01808891 0.06130549 0.2389659
0.05910227 0.1314958 0.001300067 10969903 -0.01977962 0.06088757 0.2394928
0.05910227 0.1314958 0.001300067 11090008 -0.01977962 0.06088757 0.2394928
0.05667385 0.1321601 0.001962706 11190098 -0.02157611 0.0604982 0.2399643
0.05501587 0.1318799 0.003529355 11300197 -0.022825 0.06031772 0.2408633
0.05501587 0.1318799 0.003529355 11410297 -0.022825 0.06031772 0.2408633
0.05266332 0.1324423 0.003945068 11530405 -0.02450722 0.06008815 0.2415054
0.05028696 0.1330552 0.004474878 11650513 -0.02620554 0.05984195 0.2420662
0.0477773 0.1336514 0.005214825 11740599 -0.02794546 0.05955621 0.2426752
0.0477773 0.1336514 0.005214825 11880725 -0.02794546 0.05955621 0.2426752
0.04530634 0.1341046 0.005807638 11990829 -0.02975565 0.05914145 0.2431615
0.04285683 0.1344115 0.006163925 12080898 -0.03177029 0.05886161 0.2436825
0.04285683 0.1344115 0.006163925 12191001 -0.03177029 0.05886161 0.2436825
0.04065698 0.1342977 0.006438971 12321119 -0.03348762 0.05822026 0.2442175
0.03841902 0.134264 0.007139519 12411200 -0.03540403 0.05786958 0.2447724
0.03841902 0.134264 0.007139519 12531308 -0.03540403 0.05786958 0.2447724
0.03591545 0.1342843 0.007995158 12651417 -0.03723958 0.05734077 0.2454402
0.03333203 0.1345717 0.008250698 12751507 -0.03909743 0.05678888 0.2458807
0.03333203 0.1345717 0.008250698 12871615 -0.03909743 0.05678888 0.2458807
0.03093216 0.1346859 0.008687884 12981719 -0.04088327 0.05634644 0.2464129
0.02885294 0.134917 0.008414671 13131850 -0.04234791 0.05597832 0.2468204
0.02885294 0.134917 0.008414671 13342040 -0.04234791 0.05597832 0.2468204
0.02424575 0.1361402 0.007720962 13602279 -0.04585922 0.05601388 0.2474708
0.02161307 0.1370593 0.007139727 13802455 -0.04777616 0.0560238 0.2475939
0.01945278 0.1376582 0.006756857 14012641 -0.04955551 0.05584779 0.2474609
0.01480594 0.1390731 0.005637035 14242853 -0.05325634 0.05547151 0.2470037
0.01217646 0.1400065 0.005406529 14473069 -0.05518031 0.05540323 0.2468022
0.009899339 0.1408034 0.004691273 14683254 -0.05699861 0.05526885 0.2463892
0.005065253 0.1424238 0.003193721 14923467 -0.06064958 0.05490854 0.2455098
0.002256257 0.1433336 0.002628118 15153675 -0.06263393 0.05464938 0.2449908
-0.00287352 0.1445973 0.002104312 15353859 -0.06647456 0.05428191 0.2442444
-0.005543488 0.1450804 0.001926661 15584071 -0.06845599 0.0540612 0.243937
-0.008260419 0.145394 0.001731455 15814275 -0.07048938 0.05365345 0.2435464
-0.01355027 0.1459806 0.001626864 16044479 -0.07439071 0.05307331 0.2429122
-0.01628747 0.1465085 0.001249999 16294960 -0.07636905 0.05304416 0.242555
-0.01888959 0.1469262 0.001221851 16494889 -0.07841009 0.05316448 0.242314
-0.02383186 0.1478529 0.0006672293 16705091 -0.08225167 0.05350402 0.2416816
-0.02651929 0.1483327 0.0002453774 16925282 -0.084115 0.05345422 0.2411677
-0.02889649 0.1486856 8.460879E-05 17155501 -0.0859772 0.05348032 0.2406905
-0.03392385 0.1494083 -0.0004461706 17375692 -0.08982298 0.0536856 0.2397626
-0.03666794 0.1497195 -0.0007847548 17595879 -0.09179312 0.05367949 0.239208
-0.03899688 0.1497151 -0.0006386191 17826086 -0.09366497 0.05364042 0.2388534
-0.04397918 0.1495755 -0.0004728287 18046285 -0.09738076 0.05333938 0.2380252
-0.04614558 0.1494348 -0.0003278106 18286506 -0.09914071 0.05324939 0.2376547
-0.04867746 0.1493651 -0.0003377646 18506709 -0.1009552 0.05310371 0.2371578
-0.05267036 0.1487481 -0.0001308769 18726903 -0.1046129 0.05307331 0.2365772
-0.05472267 0.1482223 0.0001050681 18937097 -0.1065356 0.05310124 0.2364883
-0.0566067 0.1476296 0.0001280606 19167297 -0.1083089 0.05292871 0.2362542
-0.06002743 0.1466559 0.0006969422 19387504 -0.1113361 0.05265241 0.2358878
-0.06174832 0.1460133 0.0006529838 19617703 -0.1129031 0.05255568 0.235788
-0.06365776 0.1454701 0.0005433261 19857932 -0.1145505 0.05266356 0.2357252
-0.06702723 0.1442807 0.0002659857 20058109 -0.1176499 0.05257272 0.2353414
-0.06838323 0.1437656 1.661479E-05 20278303 -0.1188367 0.05244171 0.2350952
-0.06978703 0.1431923 -0.0004508644 20508507 -0.1200815 0.0522753 0.2347605
-0.07240338 0.1420253 -0.0009265095 20728706 -0.1226063 0.05216803 0.2343356
-0.07330894 0.1414847 -0.001536816 20978944 -0.1236984 0.05219459 0.2340857
-0.07477543 0.1410616 -0.002276912 21189125 -0.124612 0.05218434 0.2337348
-0.07766382 0.140668 -0.003396451 21409320 -0.1266719 0.05232318 0.2326838
-0.07917576 0.1404589 -0.003953159 21619522 -0.1277213 0.05232626 0.2320629
-0.08086739 0.1400843 -0.004765809 21869740 -0.1287433 0.05208522 0.2312567
-0.08340148 0.1394928 -0.00595592 22069932 -0.1308519 0.0521624 0.2300636
-0.08460306 0.1388112 -0.006712541 22300128 -0.131982 0.05221679 0.2296273
-0.08615489 0.1380427 -0.007438585 22540345 -0.1330222 0.05231994 0.2292829
-0.08866043 0.1367989 -0.008366153 22740521 -0.1347721 0.05207338 0.2284008
-0.09004159 0.1359701 -0.009084642 22970733 -0.1355828 0.05192622 0.227941
-0.09168364 0.1351178 -0.009770781 23190928 -0.1362211 0.05167833 0.2274605
-0.094786 0.1334802 -0.01078908 23421135 -0.137642 0.05084669 0.2262517
-0.09647893 0.1326887 -0.01109609 23631325 -0.1384013 0.05034116 0.225589
-0.09846178 0.131908 -0.01169111 23861533 -0.1391053 0.04984298 0.2247183
-0.1019095 0.1301718 -0.01260374 24101750 -0.1406269 0.04879116 0.223143
-0.1039322 0.1289452 -0.01297189 24301934 -0.1416479 0.04824006 0.2223606
-0.1063424 0.1277039 -0.01262695 24532154 -0.142849 0.04773798 0.2217976
-0.1100106 0.1251425 -0.01291549 24752349 -0.1450076 0.04677286 0.2204934
-0.1119068 0.1237808 -0.01306738 24982553 -0.1462041 0.04636493 0.219807
-0.1158709 0.120336 -0.01310791 25222765 -0.1488045 0.04565503 0.2187718
-0.1176415 0.118752 -0.01297332 25422950 -0.1498532 0.04513993 0.2183142
-0.1199889 0.1168831 -0.01269756 25683189 -0.1510447 0.04435252 0.2176433
-0.1235664 0.1137448 -0.01211916 25873365 -0.1533493 0.04296433 0.2164647
-0.1250276 0.1121509 -0.01193136 26093547 -0.1545766 0.04240777 0.2159571
-0.1267271 0.1104177 -0.01153263 26333764 -0.1557864 0.04187064 0.2155518
-0.1300763 0.1067503 -0.01031207 26543954 -0.1580412 0.04049846 0.2149776
-0.1315186 0.1048092 -0.009746358 26764164 -0.1590942 0.03981232 0.2148141
-0.1327518 0.103001 -0.009097159 27014386 -0.1602283 0.03909929 0.2146764
-0.135089 0.09933142 -0.007838517 27244586 -0.1624245 0.03765323 0.21445
-0.1363961 0.09733095 -0.007112652 27454788 -0.1636098 0.03696635 0.2143717
-0.1375176 0.09538354 -0.00639002 27674974 -0.1648076 0.03635176 0.2143747
-0.1399478 0.09120142 -0.005134255 27875155 -0.16704 0.03520076 0.2143416
-0.1412448 0.08904528 -0.004421771 28115380 -0.1680796 0.03450437 0.2143185
-0.1425693 0.08686245 -0.003675908 28345579 -0.169309 0.03385892 0.2142407
-0.1446368 0.08288097 -0.002682298 28565782 -0.1713985 0.03288092 0.2141264
-0.145478 0.0810653 -0.002305016 28826013 -0.1721869 0.03222787 0.2140407
-0.146991 0.07694484 -0.001909941 29006180 -0.174001 0.03092243 0.2137572
-0.1478876 0.07452494 -0.001855269 29226378 -0.1747932 0.03019219 0.2135449
-0.1485998 0.07221145 -0.001901761 29456582 -0.1755275 0.02972238 0.2134123
-0.1491599 0.07009843 -0.002155155 29696799 -0.1763128 0.02926271 0.2131012
-0.1499864 0.06612844 -0.003158629 29916998 -0.1771995 0.02854227 0.2124371
-0.150893 0.06523114 -0.002919123 30137212 -0.1778015 0.02839073 0.2120503
-0.1515063 0.06352791 -0.00333862 30357395 -0.1782401 0.02764573 0.2114329
-0.1526877 0.06010147 -0.004200235 30577594 -0.1790547 0.02654137 0.2102936
-0.1532249 0.05762639 -0.005010948 30797792 -0.1792524 0.02593981 0.2096729
-0.154058 0.05595453 -0.005441129 31017991 -0.1794876 0.02542954 0.208983
-0.1559858 0.05226431 -0.006057292 31248207 -0.1800489 0.02457475 0.2076612
-0.1567737 0.05030898 -0.00647983 31498425 -0.1804528 0.0239756 0.2069158
-0.1581294 0.04672651 -0.007512674 31688604 -0.1809092 0.02333163 0.2055338
-0.1587338 0.0453764 -0.008035004 31928813 -0.1810094 0.02320813 0.2048724
-0.1594991 0.04344333 -0.008418858 32139007 -0.1811243 0.02282055 0.2042501
-0.1599512 0.04193461 -0.008774295 32369210 -0.1811406 0.02253594 0.2038247
-0.1615906 0.03827012 -0.008961692 32589413 -0.181321 0.02165364 0.202898
-0.1621803 0.03682693 -0.009188339 32809616 -0.1812797 0.02131065 0.2024687
-0.163752 0.03314226 -0.009158328 33039816 -0.1814728 0.02044 0.2016693
-0.1639546 0.03164339 -0.009281039 33250013 -0.1815161 0.02010803 0.2015045
-0.1643513 0.03014202 -0.009242758 33490222 -0.1816388 0.0199572 0.2013212
-0.1649644 0.02637566 -0.008998826 33710417 -0.1818795 0.01975339 0.2012063
-0.1649544 0.02482706 -0.008980215 33950654 -0.1820548 0.0197254 0.2012029
-0.1650955 0.02308509 -0.008670688 34150826 -0.1822898 0.01963137 0.2013095
-0.1650773 0.01987251 -0.008376718 34371021 -0.1825766 0.01955913 0.2014656
-0.1650453 0.01831546 -0.008282155 34601225 -0.1827558 0.01949229 0.2014759
-0.1649624 0.01669167 -0.008319318 34841446 -0.1828564 0.01929827 0.2014267
-0.1649395 0.01374122 -0.008208796 35171744 -0.1828696 0.01884394 0.2014466
-0.1647711 0.01108968 -0.008515775 35391946 -0.1825656 0.01822041 0.2013226
-0.1649425 0.009514092 -0.008544654 35652173 -0.182331 0.01774715 0.2012226
-0.1652239 0.006768573 -0.008623064 35832336 -0.1822392 0.01698457 0.2008791
-0.1652153 0.005494652 -0.008763626 36052538 -0.1822172 0.01676174 0.2006919
-0.1652383 0.00421713 -0.008866712 36262724 -0.1820885 0.01651563 0.2005553
-0.1652152 0.002824903 -0.009014904 36512950 -0.1819031 0.01608612 0.2004344
-0.1652163 0.0001274374 -0.009120882 36733153 -0.1818422 0.0152763 0.2001807
-0.1651834 -0.001302565 -0.009101018 36943338 -0.1818241 0.01494019 0.2001051
-0.1650245 -0.002465229 -0.009158522 37173550 -0.181751 0.0146872 0.2000816
-0.1644505 -0.005174912 -0.009260654 37383740 -0.1817127 0.0140336 0.2001147
-0.1640424 -0.006480386 -0.009346396 37643971 -0.1816516 0.01361718 0.2002047
-0.1637119 -0.007948637 -0.009224012 37844155 -0.1816567 0.0131466 0.2003728
-0.1626411 -0.01038102 -0.009148315 38084380 -0.181595 0.01238124 0.2008796
-0.16206 -0.01180317 -0.008961976 38274548 -0.181622 0.01193826 0.20123
-0.1614166 -0.01309791 -0.008802697 38514760 -0.1815872 0.01157038 0.2016219
-0.1596959 -0.01560788 -0.008793876 38734959 -0.1810983 0.01093577 0.2025532
-0.1587498 -0.01707436 -0.008745834 38955154 -0.1808149 0.01056759 0.2030783
-0.1580036 -0.01833679 -0.008475691 39205380 -0.1807542 0.01027708 0.2035918
-0.1563012 -0.02084787 -0.008160993 39415573 -0.1805761 0.009734321 0.2045342
-0.1555143 -0.0222388 -0.007974446 39655786 -0.1804937 0.009353776 0.2049692
-0.154719 -0.02357587 -0.00786458 39855971 -0.1803622 0.009072023 0.2053406
-0.1534042 -0.02641559 -0.007774353 40086175 -0.1797698 0.008660216 0.205844
-0.1527702 -0.02779014 -0.007847115 40296360 -0.1794375 0.008400756 0.2060018
-0.1522277 -0.02919049 -0.007909372 40526572 -0.179114 0.007986564 0.2061396
-0.1515604 -0.03245868 -0.008059412 40756784 -0.1784886 0.006951142 0.2060574
-0.1512654 -0.03418152 -0.008260876 40986987 -0.1780679 0.006471979 0.2058828
-0.1508624 -0.0378989 -0.008495525 41197185 -0.1772268 0.005408335 0.2054955
-0.1506572 -0.03955432 -0.008707955 41417372 -0.1770169 0.004770088 0.2052111
-0.1505693 -0.04133948 -0.008855596 41637575 -0.1769508 0.00404619 0.2048336
-0.1505045 -0.04310231 -0.008990154 41877795 -0.176843 0.003381776 0.2044532
-0.1504578 -0.0467477 -0.008864 42107999 -0.1769018 0.001997548 0.203805
-0.1503005 -0.04841357 -0.008813068 42318189 -0.176963 0.001137989 0.2036331
-0.149895 -0.05165049 -0.008749798 42648495 -0.1769659 -0.0005778499 0.2033789
-0.1493861 -0.05470387 -0.008136004 42888704 -0.1773137 -0.002571685 0.2036261
-0.148942 -0.05602234 -0.007874444 43088884 -0.1773888 -0.003491176 0.2039011
-0.1482345 -0.0577252 -0.007593364 43349123 -0.1773679 -0.0044073 0.2042169
-0.147099 -0.06081903 -0.006914094 43539303 -0.177345 -0.006619586 0.2050489
-0.1469754 -0.06219235 -0.006036416 43779520 -0.1776936 -0.007989271 0.2056679
-0.1455968 -0.06395275 -0.005852237 44009715 -0.1777467 -0.009507639 0.2064214
-0.1440757 -0.06724167 -0.004943416 44209900 -0.1776234 -0.01191257 0.2076287
-0.1432685 -0.06884741 -0.004840016 44450113 -0.1774166 -0.01318185 0.2080838
-0.1422293 -0.07044968 -0.004858479 44670315 -0.1772192 -0.01473536 0.2086753
-0.140085 -0.07407472 -0.004615784 44890510 -0.1765555 -0.01785548 0.2100387
-0.1390785 -0.07569816 -0.004469648 45110717 -0.176075 -0.01925747 0.2107816
-0.1374509 -0.07756881 -0.004723832 45340921 -0.1755149 -0.02099128 0.2115659
-0.1346967 -0.08136976 -0.004407838 45551106 -0.1744746 -0.0244648 0.2134476
-0.1333774 -0.08282438 -0.004511297 45781310 -0.1737957 -0.02605419 0.214352
-0.1323404 -0.08434505 -0.004460484 46031544 -0.1733763 -0.02782919 0.2151736
-0.129237 -0.08796339 -0.004463702 46221711 -0.172078 -0.03111346 0.2169679
-0.1277933 -0.08961295 -0.004399046 46491959 -0.1713789 -0.03273369 0.2179388
-0.1261037 -0.09139458 -0.004447594 46672114 -0.1705081 -0.03427722 0.2188892
-0.1246865 -0.09298406 -0.004396021 46932353 -0.1696621 -0.03579904 0.2198675
-0.1216222 -0.09608823 -0.004299328 47132533 -0.167754 -0.03848188 0.2218318
-0.1202009 -0.09731298 -0.00425908 47342723 -0.1667848 -0.03982373 0.2229061
-0.1166402 -0.1005234 -0.004240975 47562930 -0.1647216 -0.04254968 0.2249124
-0.1152813 -0.1019973 -0.004098997 47793134 -0.1637238 -0.04375483 0.2258345
-0.1137745 -0.1034485 -0.004104629 48043359 -0.1624684 -0.04484476 0.2267604
-0.1110453 -0.1061791 -0.004324287 48383662 -0.159977 -0.04714794 0.2284609
-0.1075742 -0.1091724 -0.004653528 48573834 -0.1575518 -0.05017619 0.2303918
-0.1058642 -0.1107402 -0.004641548 48824060 -0.1562806 -0.05160226 0.2314114
-0.1043402 -0.1122286 -0.004650354 49134344 -0.1551191 -0.05286251 0.232255
-0.1001346 -0.1156116 -0.004704043 49384566 -0.1521377 -0.05530973 0.2341947
-0.09681402 -0.1184364 -0.004566267 49574737 -0.1495296 -0.05800895 0.2362102
-0.09560943 -0.1194966 -0.004505038 49824963 -0.1484194 -0.05922394 0.237117
-0.09332632 -0.1209707 -0.004546583 50025144 -0.1468977 -0.0605291 0.2381434
-0.09054809 -0.1234791 -0.004331559 50275370 -0.1443917 -0.06270306 0.2398332
-0.08868248 -0.1247372 -0.004255652 50495564 -0.1431311 -0.06398396 0.2407771
-0.0874693 -0.1256778 -0.004103914 50695749 -0.1420041 -0.0651436 0.2417188
-0.08433042 -0.1278264 -0.003546223 50935974 -0.1395013 -0.06754334 0.2438406
-0.0829058 -0.1287414 -0.003340438 51136158 -0.1383925 -0.06874771 0.2448166
-0.08125192 -0.1297779 -0.003223673 51376363 -0.1372012 -0.07010235 0.2457824
-0.07808408 -0.1319596 -0.002919376 51606567 -0.1345084 -0.07221426 0.2475167
-0.07639464 -0.1331673 -0.002627417 51826770 -0.1330921 -0.07336779 0.2484823
-0.07331283 -0.1352203 -0.0026007 52066982 -0.1304605 -0.07544108 0.2499172
-0.07203505 -0.1363842 -0.002586216 52407293 -0.129164 -0.07634409 0.2504709
-0.06887361 -0.138257 -0.002630427 52727582 -0.1262835 -0.07800753 0.2517716
-0.06507756 -0.1399599 -0.001838863 52927767 -0.1233708 -0.08003117 0.2538
-0.06363652 -0.1404825 -0.001524225 53177985 -0.1219351 -0.08087231 0.2548227
-0.05909124 -0.1413475 -0.0005704165 53378170 -0.118292 -0.08284427 0.2574951
-0.05686549 -0.1416381 0.0002530515 53648418 -0.116437 -0.08387794 0.2591186
-0.05277823 -0.1419627 0.001437321 53958698 -0.1124708 -0.08557893 0.2620788
-0.04961301 -0.1418804 0.0018868 54168895 -0.1102405 -0.08648498 0.2634934
-0.0456281 -0.1419113 0.002967224 54409100 -0.1063475 -0.08775677 0.2660663
-0.04367816 -0.1418821 0.003393531 54599272 -0.1044198 -0.08834805 0.2672295
-0.04159178 -0.1417918 0.004016072 54859506 -0.1024311 -0.08875896 0.2684316
-0.03727306 -0.1414712 0.00497368 55199818 -0.09812451 -0.08920534 0.270561
-0.03325346 -0.1413506 0.005631313 55430021 -0.09351677 -0.08952864 0.2724316
-0.03083329 -0.1413093 0.006025508 55730296 -0.0909394 -0.08952369 0.2732792
-0.02672559 -0.1412717 0.006172776 56110635 -0.08571857 -0.08886625 0.2743728
-0.02211977 -0.1414397 0.006334528 56440934 -0.08027947 -0.08840604 0.2752581
-0.01753696 -0.1415019 0.006250396 56761223 -0.07472813 -0.08769698 0.2758285
-0.01331813 -0.1417152 0.006083548 57071503 -0.0691449 -0.08668996 0.2761228
-0.008796723 -0.1420029 0.006158203 57301710 -0.06352133 -0.08568825 0.2762558
-0.007237885 -0.1421529 0.005775228 57551932 -0.0610385 -0.08502598 0.2761013
-0.002547122 -0.1417447 0.005689695 57732099 -0.05562383 -0.08381976 0.2760415
-0.0006069956 -0.1417527 0.005794525 58002347 -0.05312285 -0.08331479 0.2760563
0.00374321 -0.141486 0.005864292 58302622 -0.04777244 -0.08204837 0.275871
0.005834049 -0.1414091 0.006100312 58542830 -0.04505819 -0.08137573 0.2758215
0.01044983 -0.1409319 0.006216243 58773038 -0.039415 -0.08013906 0.2755702
0.01282212 -0.1407866 0.006294534 59083318 -0.03641212 -0.07955869 0.2754047
0.0174476 -0.1405347 0.006215572 59303517 -0.03024256 -0.07791169 0.2746746
0.02004355 -0.1402362 0.006432012 59523716 -0.0271883 -0.07698323 0.2742202
0.02467764 -0.1394018 0.006553933 59743910 -0.02128541 -0.07525225 0.2735111
0.02732826 -0.138818 0.006893516 59994148 -0.01836246 -0.07440622 0.2731051
0.03207272 -0.137616 0.007486597 60194325 -0.01252949 -0.07284106 0.2725582
0.03478644 -0.1368555 0.007988378 60554646 -0.009426653 -0.07188924 0.272143
0.03934857 -0.1355585 0.008827716 60884944 -0.003197491 -0.07021357 0.2716801
0.04398514 -0.1339562 0.009637788 61135174 0.003069088 -0.06854148 0.2712128
0.04652436 -0.1333117 0.01033019 61325337 0.006287917 -0.06773876 0.2707884
0.05062826 -0.1317638 0.01090413 61575567 0.0124379 -0.06591032 0.2701955
0.05267169 -0.1308531 0.01129431 61915874 0.01535682 -0.06495987 0.2698972
0.05677228 -0.1290818 0.01216431 62206140 0.02079076 -0.06323852 0.2691595
0.06082346 -0.1269834 0.01299325 62566461 0.02607438 -0.06148131 0.2684878
0.06401329 -0.1247743 0.01373722 62886750 0.03042185 -0.05979709 0.2681649
0.0672886 -0.1223885 0.01417381 63227058 0.03396863 -0.05798243 0.2674128
0.07017581 -0.1205646 0.01382774 63577374 0.0376801 -0.05556108 0.2659628
0.07320154 -0.1186847 0.01352063 63917681 0.0408885 -0.05312074 0.2642342
0.07645841 -0.1167097 0.0129804 64247979 0.04317139 -0.05141132 0.2624759
0.07972392 -0.1148313 0.01200253 64558267 0.04547158 -0.04958825 0.2604172
0.08305643 -0.1131717 0.01101002 64798472 0.04797101 -0.04741172 0.2579432
0.08461935 -0.1123677 0.01043165 65148792 0.04897019 -0.04638855 0.2567062
0.0882424 -0.1103817 0.009749383 65479090 0.05070552 -0.04458009 0.2542019
0.09135498 -0.1089002 0.007965028 65799383 0.052995 -0.04243035 0.2514961
0.09461324 -0.1075606 0.006043583 66029587 0.05534554 -0.04000495 0.2483823
0.0979607 -0.1055623 0.004441023 66389912 0.0570993 -0.0377772 0.2455948
0.1014949 -0.10353 0.003553733 66710209 0.05886804 -0.03568317 0.2428691
0.1045846 -0.1015222 0.002215117 67020724 0.06056172 -0.03341587 0.2402796
0.1083162 -0.09875421 0.001856685 67360800 0.06195146 -0.03110085 0.2375986
0.1112505 -0.09637867 0.0009405166 67731122 0.0633547 -0.02878947 0.2352758
0.1140053 -0.09417797 0.0007271469 68061416 0.06534687 -0.02594869 0.2330062
0.1167967 -0.09131458 0.0007583052 68391718 0.06728376 -0.02347471 0.2312958
0.1194617 -0.08796059 0.0008910447 68722037 0.06851444 -0.02147363 0.2300055
0.1221383 -0.0847073 0.001059309 69062490 0.07031929 -0.01934762 0.2287349
0.1246815 -0.08175695 0.001022145 69362598 0.07240762 -0.01722853 0.2274574
0.1270872 -0.07827247 0.000224039 69702918 0.07416752 -0.01549206 0.2265255
0.1297707 -0.07481746 0.0001147985 70053218 0.07556483 -0.01316969 0.2249661
0.1333104 -0.07138603 -1.952052E-05 70383516 0.07747638 -0.01074116 0.2226412
0.1369281 -0.06899535 -0.001810491 70743853 0.07983011 -0.007107747 0.218968
0.1421481 -0.06665444 -0.003562987 71064130 0.08197555 -0.00352065 0.2137051
0.1466361 -0.06445926 -0.005467206 71394436 0.08345816 -0.0003516797 0.2090871
0.1501977 -0.06176014 -0.006991968 71734743 0.08393991 0.001265245 0.2061356
0.1531794 -0.05869103 -0.007563651 72045023 0.08396445 0.002510446 0.2040321
0.1559043 -0.05588353 -0.008231193 72385322 0.0848828 0.003549265 0.2023851
0.1585634 -0.05249014 -0.008817911 72735655 0.08531633 0.003857451 0.201176
0.1612847 -0.04847177 -0.008918762 73055923 0.08538881 0.003714102 0.2001628
0.1637901 -0.04517541 -0.009937391 73416253 0.08602557 0.004492479 0.1987138
0.1665174 -0.0414617 -0.009888783 73746919 0.08611634 0.005069094 0.1971418
0.1677668 -0.03765875 -0.01019359 74107074 0.08474031 0.004998731 0.196633
0.1690138 -0.03365289 -0.0103278 74407151 0.08384633 0.006391066 0.195813
0.1701347 -0.03094466 -0.0111604 74737449 0.08359222 0.007466244 0.1949704
0.1712019 -0.02729286 -0.01075022 75077752 0.08270851 0.007751602 0.1944881
0.17213 -0.02317835 -0.01110953 75428068 0.08217905 0.008470583 0.1941107
0.172788 -0.01996811 -0.01142034 75788393 0.08190477 0.008996743 0.1938784
0.1731701 -0.01689924 -0.01087448 76098669 0.08134358 0.008871305 0.1939374
0.1729823 -0.01334278 -0.01095246 76448989 0.08005473 0.008568424 0.1942654
0.1730275 -0.01025666 -0.01156738 76739251 0.07931051 0.008559781 0.1943136
0.1729102 -0.007224787 -0.01164228 77129604 0.07829845 0.008070844 0.1944507
0.1721589 -0.00413407 -0.01144096 77420011 0.07689646 0.007464039 0.195014
0.1710166 -0.0015569 -0.01143028 77760173 0.07557818 0.006650466 0.195865
0.1697874 0.001118832 -0.01037832 78110485 0.07456991 0.005891907 0.1969414
0.1685952 0.004155704 -0.009289235 78450832 0.07397312 0.004508423 0.1980842
0.1673229 0.006795597 -0.008513927 78751067 0.07376954 0.003263223 0.1993288
0.1655647 0.009000907 -0.007658869 79101383 0.0735279 0.001967656 0.2009856
0.1632053 0.0113259 -0.006496757 79421684 0.07257092 0.0001191073 0.2028665
0.160324 0.01305672 -0.005570725 79802011 0.07116346 -0.0022286 0.2049662
0.156217 0.01423897 -0.002990827 80152335 0.06919874 -0.004650874 0.208279
0.1446063 0.01613166 0.0008529723 80432580 0.06329255 -0.01359673 0.2165837
0.1402566 0.01637627 0.003383085 80782900 0.061078 -0.01715337 0.219787
