0.1416249 -0.005500864 -0.004843354 0 0.07251991 0.01451987 0.2239387
0.1427946 -0.0038603 -0.005354092 120117 0.07263809 0.01534249 0.2227877
0.1440025 -0.002250726 -0.005686477 230196 0.07285558 0.01625133 0.2216728
0.1440025 -0.002250726 -0.005686477 340295 0.07285558 0.01625133 0.2216728
0.14512 0.0006621885 -0.006297216 450394 0.0727573 0.01740924 0.2205781
0.145971 0.004578121 -0.006901175 560498 0.07253011 0.01876006 0.2197668
0.145971 0.004578121 -0.006901175 670597 0.07253011 0.01876006 0.2197668
0.146709 0.009547316 -0.006953865 780692 0.07216668 0.02045541 0.2191974
0.1471435 0.01463323 -0.007015467 890796 0.0716891 0.02235447 0.2188015
0.1471435 0.01463323 -0.007015467 1010900 0.0716891 0.02235447 0.2188015
0.1472287 0.02052539 -0.007506549 1121004 0.0709354 0.0248016 0.2184652
0.1467414 0.02725392 -0.007836729 1231103 0.06994797 0.02757496 0.2185799
0.1467414 0.02725392 -0.007836729 1341202 0.06994797 0.02757496 0.2185799
0.1456072 0.03488764 -0.008159235 1451298 0.06859706 0.0308116 0.2190869
0.1438303 0.04318153 -0.008433431 1571414 0.06677154 0.03444435 0.2199187
0.1438303 0.04318153 -0.008433431 1701527 0.06677154 0.03444435 0.2199187
0.1412578 0.05186332 -0.00868246 1791609 0.06446055 0.03832198 0.2211901
0.1382249 0.06045812 -0.008820817 1901708 0.06183362 0.04247821 0.2226941
0.1382249 0.06045812 -0.008820817 2011807 0.06183362 0.04247821 0.2226941
0.1348964 0.0689001 -0.00927946 2131916 0.05904272 0.04675952 0.224223
0.1312672 0.07726816 -0.01005682 2242015 0.05619769 0.05086247 0.2257796
0.1312672 0.07726816 -0.01005682 2352123 0.05619769 0.05086247 0.2257796
0.1273353 0.08540922 -0.01066871 2482232 0.05326434 0.05451224 0.2274451
0.1231185 0.09286237 -0.01142429 2582318 0.05016918 0.05758736 0.2291256
0.1231185 0.09286237 -0.01142429 2682413 0.05016918 0.05758736 0.2291256
0.1190048 0.09893066 -0.01351045 2802525 0.04697456 0.05992297 0.2302634
0.1143452 0.1058978 -0.01429184 2932638 0.04376802 0.06266487 0.2320095
0.1096177 0.1122302 -0.0149734 3022720 0.04046667 0.06503677 0.2336997
0.1096177 0.1122302 -0.0149734 3132819 0.04046667 0.06503677 0.2336997
0.1044376 0.1183472 -0.01573482 3252927 0.03704284 0.06707253 0.2354961
0.1044376 0.1183472 -0.01573482 3363027 0.03704284 0.06707253 0.2354961
0.09919341 0.1236646 -0.01645721 3473126 0.03359233 0.06885721 0.2373147
0.09337196 0.1289394 -0.01731735 3583234 0.03003591 0.07035054 0.2392442
0.09337196 0.1289394 -0.01731735 3713347 0.03003591 0.07035054 0.2392442
0.08709384 0.1338301 -0.01766057 3803432 0.02637613 0.07156432 0.2414518
0.08031577 0.1382878 -0.01795198 3923537 0.02252096 0.07241483 0.2437327
0.08031577 0.1382878 -0.01795198 4033636 0.02252096 0.07241483 0.2437327
0.07347387 0.1418678 -0.01762913 4143727 0.01863155 0.07299584 0.2461872
0.06644133 0.1447711 -0.01706104 4263844 0.01457594 0.07351314 0.2487671
0.05970358 0.1469664 -0.01654714 4363934 0.01063998 0.0740533 0.2512281
0.05970358 0.1469664 -0.01654714 4484043 0.01063998 0.0740533 0.2512281
0.05293091 0.1487773 -0.01584357 4594150 0.00661771 0.07460374 0.2536875
0.04638124 0.150032 -0.01483493 4714254 0.002782568 0.0748723 0.2560771
0.04638124 0.150032 -0.01483493 4814341 0.002782568 0.0748723 0.2560771
0.03992902 0.150845 -0.01380175 4934445 -0.001052886 0.07484037 0.2582576
0.03383175 0.1510847 -0.01253758 5044560 -0.004753798 0.0748012 0.2604537
0.03383175 0.1510847 -0.01253758 5144643 -0.004753798 0.0748012 0.2604537
0.02900602 0.150433 -0.01071477 5264747 -0.008347154 0.07477551 0.2626211
0.02328978 0.1503626 -0.009553671 5374838 -0.01182002 0.07483136 0.2645714
0.02328978 0.1503626 -0.009553671 5484954 -0.01182002 0.07483136 0.2645714
0.0176931 0.1502927 -0.008226112 5595057 -0.01538578 0.07513829 0.2664818
0.01247139 0.1501128 -0.007306591 5735168 -0.0188958 0.07532553 0.267928
0.01247139 0.1501128 -0.007306591 5825249 -0.0188958 0.07532553 0.267928
0.007226719 0.1497617 -0.006602868 5935352 -0.02242124 0.07539329 0.2691455
0.002370901 0.1492664 -0.005740389 6045452 -0.02569669 0.07545517 0.2703043
0.002370901 0.1492664 -0.005740389 6155559 -0.02569669 0.07545517 0.2703043
-0.002142051 0.1486728 -0.005031228 6285664 -0.02862868 0.07546467 0.2712768
-0.005915254 0.1477606 -0.003609911 6385771 -0.03167355 0.07553031 0.2725105
-0.005915254 0.1477606 -0.003609911 6505859 -0.03167355 0.07553031 0.2725105
-0.01014903 0.1471392 -0.003609031 6605949 -0.0343799 0.07535563 0.2728304
-0.01432008 0.1465801 -0.003802389 6716049 -0.03703836 0.07507065 0.2728294
-0.01432008 0.1465801 -0.003802389 6826152 -0.03703836 0.07507065 0.2728294
-0.01833589 0.1460374 -0.004248872 6946260 -0.03973037 0.07473265 0.2725182
-0.02284118 0.1458153 -0.005212665 7056376 -0.0423817 0.07464273 0.271804
-0.02284118 0.1458153 -0.005212665 7166459 -0.0423817 0.07464273 0.271804
-0.0270193 0.1454193 -0.006311223 7306586 -0.04513311 0.07461831 0.2709692
-0.03094383 0.14505 -0.00772889 7396663 -0.04753787 0.07440373 0.2697785
-0.03094383 0.14505 -0.00772889 7506770 -0.04753787 0.07440373 0.2697785
-0.03496904 0.1448061 -0.009602234 7606853 -0.04986236 0.07408105 0.2681044
-0.03867263 0.1444871 -0.01159219 7746987 -0.0518474 0.07359134 0.2662716
-0.03867263 0.1444871 -0.01159219 7837068 -0.0518474 0.07359134 0.2662716
-0.04288905 0.1441028 -0.01355839 7947160 -0.05404496 0.07293145 0.2641954
-0.04676495 0.1436712 -0.01546907 8077285 -0.0557763 0.07219817 0.2621266
-0.04676495 0.1436712 -0.01546907 8167366 -0.0557763 0.07219817 0.2621266
-0.05080417 0.1431661 -0.01777641 8287467 -0.05744219 0.07154277 0.2597591
-0.05511262 0.1424687 -0.02024306 8397570 -0.05932319 0.07097384 0.2572043
-0.05511262 0.1424687 -0.02024306 8517674 -0.05932319 0.07097384 0.2572043
-0.05879678 0.1413492 -0.02279973 8627774 -0.06116486 0.07021664 0.2546901
-0.06280322 0.1397689 -0.02484606 8737877 -0.06304711 0.06891037 0.2522424
-0.06280322 0.1397689 -0.02484606 8867991 -0.06304711 0.06891037 0.2522424
-0.06645973 0.1380146 -0.02655867 8958072 -0.06450009 0.06709637 0.2499173
-0.07044557 0.1359492 -0.02823573 9078188 -0.06559753 0.06514035 0.2475122
-0.07044557 0.1359492 -0.02823573 9178275 -0.06559753 0.06514035 0.2475122
-0.07410998 0.1338783 -0.03006665 9288374 -0.06655663 0.06320091 0.2450483
-0.07801936 0.1313302 -0.03177308 9418504 -0.06779295 0.06122067 0.242605
-0.07801936 0.1313302 -0.03177308 9518582 -0.06779295 0.06122067 0.242605
-0.08176333 0.1285136 -0.03346026 9628681 -0.06905192 0.05918461 0.2402052
-0.08514821 0.1257726 -0.03522743 9738780 -0.07008725 0.05716729 0.2378211
-0.08514821 0.1257726 -0.03522743 9858889 -0.07008725 0.05716729 0.2378211
-0.08868278 0.1225954 -0.03686955 9958983 -0.0712299 0.05512684 0.23549
-0.09198894 0.1193786 -0.03863143 10079088 -0.07221752 0.05307218 0.2331247
-0.09198894 0.1193786 -0.03863143 10189191 -0.07221752 0.05307218 0.2331247
-0.09490213 0.1160714 -0.04029375 10299294 -0.07310262 0.05103556 0.2309578
-0.09773427 0.1124642 -0.04200721 10409386 -0.07390612 0.04891512 0.2287858
-0.09773427 0.1124642 -0.04200721 10569530 -0.07390612 0.04891512 0.2287858
-0.1004507 0.1089005 -0.04356976 10649598 -0.07452935 0.04673029 0.2267098
-0.1031253 0.1051961 -0.04510634 10749693 -0.07513422 0.0445144 0.2246539
-0.1031253 0.1051961 -0.04510634 10869805 -0.07513422 0.0445144 0.2246539
-0.1055757 0.1012884 -0.04676937 10979901 -0.07590133 0.04245291 0.222628
-0.1077631 0.09739158 -0.04845451 11100005 -0.07657254 0.04049402 0.2206859
-0.1101218 0.09299576 -0.04986259 11200099 -0.0771156 0.03855924 0.2189061
-0.1101218 0.09299576 -0.04986259 11310199 -0.0771156 0.03855924 0.2189061
-0.1123451 0.08881352 -0.05125985 11420298 -0.07734007 0.03655341 0.2171419
-0.1145126 0.0845048 -0.05247474 11530397 -0.07753351 0.03448196 0.2155099
-0.1145126 0.0845048 -0.05247474 11640497 -0.07753351 0.03448196 0.2155099
-0.116139 0.08036116 -0.05370298 11780623 -0.07775903 0.03245178 0.214063
-0.1175762 0.07596474 -0.05485269 11860695 -0.07801449 0.03057018 0.2127742
-0.1175762 0.07596474 -0.05485269 11980804 -0.07801449 0.03057018 0.2127742
-0.1187576 0.07161521 -0.05595876 12110925 -0.07819879 0.02878631 0.211616
-0.1196773 0.0671244 -0.05724944 12211007 -0.07812598 0.02704547 0.2104471
-0.1196773 0.0671244 -0.05724944 12311102 -0.07812598 0.02704547 0.2104471
-0.120676 0.06297424 -0.05835138 12431210 -0.07788438 0.02534237 0.2093568
-0.1213289 0.05882519 -0.05965012 12531301 -0.07750052 0.0235646 0.2082552
-0.1213289 0.05882519 -0.05965012 12661430 -0.07750052 0.0235646 0.2082552
-0.122631 0.05467437 -0.0606574 12761508 -0.07725069 0.02178006 0.2070835
-0.1235579 0.05079081 -0.06180952 12901643 -0.07696849 0.02006668 0.2059464
-0.1235579 0.05079081 -0.06180952 13001729 -0.07696849 0.02006668 0.2059464
-0.1250639 0.04661264 -0.06256887 13101811 -0.07689595 0.01841236 0.2048579
-0.1260389 0.04278165 -0.06346568 13211915 -0.07670105 0.0168605 0.203879
-0.1260389 0.04278165 -0.06346568 13342028 -0.07670105 0.0168605 0.203879
-0.1275241 0.03883043 -0.06400735 13452132 -0.07657415 0.01530568 0.2029458
-0.1292951 0.03498974 -0.06421608 13542213 -0.07669246 0.01376914 0.2021073
-0.1292951 0.03498974 -0.06421608 13662321 -0.07669246 0.01376914 0.2021073
-0.1305054 0.03136388 -0.06480348 13792475 -0.0767557 0.01238068 0.2012258
-0.1318492 0.02775956 -0.06516879 13892529 -0.07706267 0.01113397 0.2004299
-0.1318492 0.02775956 -0.06516879 13992615 -0.07706267 0.01113397 0.2004299
-0.1328884 0.02395158 -0.06554581 14112736 -0.07730544 0.009880317 0.1997517
-0.1341747 0.02019938 -0.06553073 14222827 -0.07753968 0.008594504 0.1992372
-0.1341747 0.02019938 -0.06553073 14332926 -0.07753968 0.008594504 0.1992372
-0.1340798 0.01724306 -0.06628276 14443026 -0.07735866 0.007357688 0.1987742
-0.1348092 0.01377195 -0.06660149 14563134 -0.07721436 0.006089232 0.1982743
-0.1348092 0.01377195 -0.06660149 14663224 -0.07721436 0.006089232 0.1982743
-0.1353564 0.01034662 -0.06704658 14783329 -0.07713324 0.00488082 0.1977541
-0.136786 0.006765105 -0.06688126 14913454 -0.07735774 0.003629868 0.1972666
-0.1362155 0.003554103 -0.06778632 15013545 -0.07693058 0.002444002 0.1969087
-0.1362155 0.003554103 -0.06778632 15113627 -0.07693058 0.002444002 0.1969087
-0.1365437 0.0002069149 -0.06820121 15223730 -0.0766719 0.001246365 0.196504
-0.1365437 0.0002069149 -0.06820121 15373862 -0.0766719 0.001246365 0.196504
-0.1365799 -0.003407838 -0.06870098 15473956 -0.07642424 6.585258E-05 0.1961543
-0.1373326 -0.006846586 -0.0687023 15574046 -0.07643181 -0.001142795 0.1958365
-0.1373326 -0.006846586 -0.0687023 15694159 -0.07643181 -0.001142795 0.1958365
-0.1366902 -0.009897158 -0.06972181 15794241 -0.07583898 -0.002259027 0.195428
-0.1372736 -0.01337974 -0.07023381 15904344 -0.0755499 -0.003383992 0.1948463
-0.1372736 -0.01337974 -0.07023381 16014440 -0.0755499 -0.003383992 0.1948463
-0.1378023 -0.01695717 -0.07077184 16134552 -0.07541984 -0.004455318 0.1942527
-0.1384169 -0.02049835 -0.07121031 16244652 -0.07529083 -0.005577244 0.1936931
-0.1384169 -0.02049835 -0.07121031 16354751 -0.07529083 -0.005577244 0.1936931
-0.1385423 -0.02367486 -0.07187328 16474855 -0.07506195 -0.006616834 0.1931862
-0.1391292 -0.02746433 -0.0722864 16584959 -0.07487664 -0.007682415 0.1926487
-0.1391292 -0.02746433 -0.0722864 16705067 -0.07487664 -0.007682415 0.1926487
-0.1397557 -0.03045813 -0.07267597 16815166 -0.07461277 -0.00869814 0.1921341
-0.1390067 -0.03389264 -0.0739223 16935287 -0.07385927 -0.009724711 0.1916091
-0.1395851 -0.03720513 -0.07446299 17045374 -0.0735926 -0.01078374 0.1910102
-0.1395851 -0.03720513 -0.07446299 17285591 -0.0735926 -0.01078374 0.1910102
-0.1398745 -0.04373491 -0.07556716 17495781 -0.07297921 -0.01284618 0.1901367
-0.1399256 -0.04630163 -0.07591175 17735997 -0.07276085 -0.01382623 0.189886
-0.1401743 -0.04919636 -0.07613382 17946195 -0.07253808 -0.01477149 0.1896282
-0.1411861 -0.05538735 -0.07631683 18196413 -0.07240957 -0.01668149 0.1890468
-0.1409884 -0.05837675 -0.07676951 18426617 -0.07214248 -0.01760676 0.1888048
-0.1412261 -0.06178574 -0.07693134 18616804 -0.07202104 -0.01867968 0.1885682
-0.1432695 -0.06924478 -0.07645395 18857005 -0.07227209 -0.02103078 0.187945
-0.1393168 -0.07390379 -0.0788883 19077220 -0.07067633 -0.02211592 0.1878939
-0.1396444 -0.07772543 -0.0790525 19287397 -0.07050356 -0.02340987 0.1876292
-0.1395038 -0.08683824 -0.07956769 19507600 -0.07037044 -0.02603394 0.1871749
-0.140245 -0.09163438 -0.07974555 19757826 -0.07026017 -0.0273388 0.1866929
-0.1402199 -0.09608982 -0.08003643 19958007 -0.07014528 -0.02873302 0.1864437
-0.1403528 -0.1061436 -0.08050736 20198215 -0.06992799 -0.03150856 0.1858692
-0.1406543 -0.1119537 -0.08077498 20448441 -0.06967607 -0.03297574 0.1854459
-0.1402797 -0.1229557 -0.08129121 20638617 -0.06929553 -0.03595236 0.1849792
-0.139809 -0.1281124 -0.08160268 20858811 -0.06899977 -0.03739789 0.1848377
-0.1391919 -0.1341743 -0.08180843 21079014 -0.06860244 -0.03891277 0.1847493
-0.1387795 -0.1392751 -0.08179828 21299213 -0.06829453 -0.04034191 0.184753
-0.1365438 -0.150739 -0.08195936 21529425 -0.0677281 -0.04309148 0.184985
-0.1349845 -0.156777 -0.08190665 21769633 -0.06748623 -0.04440065 0.1852468
-0.1322336 -0.1671096 -0.08146713 21999861 -0.06685686 -0.04648572 0.1858121
-0.1299411 -0.1732989 -0.08136733 22190021 -0.06625527 -0.04745905 0.186191
-0.1285788 -0.1773459 -0.08053415 22450252 -0.06587616 -0.0482428 0.1867402
-0.1233253 -0.1849072 -0.07892933 22660445 -0.06456411 -0.04921912 0.1884555
-0.120478 -0.187147 -0.0775727 22870631 -0.06391138 -0.0491908 0.189589
-0.1164513 -0.1892935 -0.07630416 23090830 -0.06305337 -0.04935779 0.1911038
-0.1079918 -0.1902456 -0.0732474 23321033 -0.06155223 -0.04987944 0.1949613
-0.1035848 -0.1891694 -0.07121063 23561254 -0.06060917 -0.05011196 0.1973987
-0.09892017 -0.1872532 -0.06905107 23781453 -0.05962104 -0.05007415 0.2000334
-0.09000797 -0.1828463 -0.06426956 24011661 -0.05761448 -0.0498406 0.2054345
-0.08589019 -0.1803502 -0.06165978 24201832 -0.05698848 -0.04968983 0.2081702
-0.08264302 -0.1772799 -0.0590511 24452058 -0.05649436 -0.04956998 0.2108514
-0.07732826 -0.171205 -0.05418975 24662402 -0.05591047 -0.04907757 0.2157293
-0.0754556 -0.1681353 -0.0517499 24882447 -0.05581796 -0.04883559 0.2180251
-0.07357355 -0.1655177 -0.04945458 25122659 -0.055709 -0.04866194 0.2202015
-0.07085966 -0.1611775 -0.04523432 25332849 -0.0557003 -0.04807687 0.2237817
-0.06959156 -0.1596552 -0.04341483 25583079 -0.0559178 -0.04777653 0.2252147
-0.06838121 -0.1586398 -0.0417775 25793269 -0.05627543 -0.04754616 0.2264032
-0.06444132 -0.1577053 -0.03900381 26003458 -0.0565806 -0.0475474 0.2288088
-0.06244254 -0.1570599 -0.03743526 26223657 -0.0562808 -0.04758539 0.2301917
-0.06013479 -0.1563781 -0.03611222 26453861 -0.05544466 -0.04765849 0.2316288
-0.05543828 -0.1548425 -0.03346827 26664050 -0.05361587 -0.04755392 0.2344213
-0.05322248 -0.1537628 -0.03221191 26894262 -0.05270946 -0.04734965 0.2358012
-0.05061008 -0.1525131 -0.03094372 27134475 -0.05176646 -0.04697531 0.237231
-0.04591678 -0.149479 -0.02845639 27344665 -0.05000461 -0.04582848 0.2399394
-0.04370513 -0.1477772 -0.0272961 27574876 -0.04915989 -0.04510092 0.2412192
-0.04127145 -0.1461665 -0.02624035 27795079 -0.04818523 -0.04430112 0.2423974
-0.03572778 -0.1430271 -0.02412809 28015286 -0.04566532 -0.04273569 0.244805
-0.0326339 -0.1415644 -0.02314632 28235468 -0.04385453 -0.04202583 0.2460171
-0.02902067 -0.1404862 -0.02229919 28465688 -0.04147801 -0.0414226 0.2470866
-0.02106894 -0.1387915 -0.02030866 28695888 -0.03539482 -0.0408723 0.2495038
-0.01670525 -0.1377527 -0.01941785 28906082 -0.03206736 -0.04076822 0.2508038
-0.01399343 -0.1367611 -0.01866353 29156303 -0.02924484 -0.04063573 0.2519133
-0.005800915 -0.1350112 -0.0173811 29356480 -0.02323323 -0.0400485 0.2533705
-0.001169071 -0.1343622 -0.01660237 29616735 -0.02008274 -0.0399221 0.2539333
0.006768163 -0.1326377 -0.01537427 29806891 -0.01377827 -0.03968823 0.2550631
0.01098862 -0.1315718 -0.01480995 30027097 -0.01060143 -0.03949333 0.2554868
0.01454366 -0.1304869 -0.01424642 30247288 -0.007708192 -0.03919304 0.255856
0.01882682 -0.1293836 -0.01375604 30477504 -0.004709542 -0.03878709 0.255878
0.02619039 -0.1277672 -0.01309533 30717708 0.001069441 -0.03785275 0.2553616
0.03042019 -0.1268861 -0.01292025 30927902 0.003898919 -0.03730976 0.2547052
0.03493752 -0.1258266 -0.01259755 31148097 0.006852374 -0.03677785 0.2540233
0.04349675 -0.1241129 -0.01202098 31368308 0.01301043 -0.03589585 0.2523963
0.04877129 -0.1227239 -0.01159003 31618521 0.01651572 -0.03530448 0.2513066
0.05761316 -0.1205587 -0.01062906 31818710 0.02304533 -0.03421279 0.2491684
0.0619712 -0.1192638 -0.01010489 32038913 0.02636006 -0.03366339 0.2481191
0.0661652 -0.1180313 -0.009940296 32279118 0.02952317 -0.03299683 0.246799
0.07141522 -0.1187663 -0.01175332 32489307 0.0338224 -0.03222155 0.2431901
0.07445434 -0.1184397 -0.01307331 32729528 0.03670067 -0.03134275 0.2412834
0.07952432 -0.1168195 -0.01282407 32949723 0.04004651 -0.03050067 0.2393626
0.08960687 -0.1135534 -0.01238593 33169925 0.0465785 -0.028675 0.2350451
0.09469663 -0.111949 -0.01214805 33380115 0.04975306 -0.02774057 0.2326177
0.09970571 -0.110224 -0.01217076 33610327 0.05282496 -0.0267961 0.2301259
0.1098456 -0.1060575 -0.01192884 33830518 0.05885202 -0.02490507 0.2251634
0.1146601 -0.1035004 -0.01159917 34050724 0.06175349 -0.02394829 0.2229888
0.1194715 -0.1006664 -0.01120935 34290937 0.06449944 -0.02289594 0.2207693
0.1287308 -0.09461731 -0.01067388 34501127 0.06964844 -0.02048691 0.2162383
0.1334123 -0.09096079 -0.01020713 34771367 0.07210839 -0.01913676 0.2140143
0.1419836 -0.08366572 -0.009488761 34951529 0.07654235 -0.016242 0.2097114
0.1461425 -0.07997447 -0.009238154 35171732 0.07859984 -0.01451864 0.2073787
0.1501024 -0.07621423 -0.009353682 35391935 0.08033544 -0.0125464 0.2049532
0.1539641 -0.07242878 -0.009378225 35642156 0.08195472 -0.01027667 0.2024112
0.1608912 -0.06471968 -0.009643406 35832328 0.08449359 -0.005657007 0.1977641
0.1638359 -0.06095462 -0.01056181 36062532 0.0854443 -0.003398506 0.1957484
0.1670576 -0.05663587 -0.01078598 36332780 0.08648771 -0.001173364 0.1937264
0.1724835 -0.04812332 -0.0115948 36522951 0.08825308 0.003296484 0.1903813
0.1746756 -0.04378779 -0.01272382 36773181 0.08887303 0.005777659 0.188984
0.1780465 -0.03491209 -0.01419325 36963345 0.08955289 0.01064228 0.1870264
0.1785978 -0.03072814 -0.01625073 37203566 0.08920789 0.01248445 0.1868733
0.1786905 -0.02560377 -0.01806153 37403746 0.08851513 0.01399303 0.1873092
0.1781759 -0.02019072 -0.01924944 37633954 0.08804047 0.01549198 0.1883577
0.1736266 -0.01036698 -0.01927644 37884180 0.0854236 0.01830846 0.1930174
