0.1430999 0.007676515 0.01187708 0 0.05668072 0.03103224 0.1227485
0.1428059 0.007381829 0.01149191 130129 0.05653681 0.03091994 0.1224416
0.1424585 0.007085833 0.0110205 220207 0.05652528 0.03066316 0.1222223
0.1424585 0.007085833 0.0110205 340311 0.05652528 0.03066316 0.1222223
0.1424075 0.006752643 0.01071145 450406 0.05645521 0.03031627 0.1219014
0.1424075 0.006752643 0.01071145 560510 0.05645521 0.03031627 0.1219014
0.1425828 0.006569538 0.01062007 670605 0.0564255 0.03017965 0.1216414
0.1426331 0.006129059 0.0105284 780717 0.05638836 0.0300751 0.1214098
0.1426331 0.006129059 0.0105284 920835 0.05638836 0.0300751 0.1214098
0.1424773 0.005938444 0.01028301 1010916 0.05644996 0.02992597 0.1213242
0.1426174 0.005896601 0.01013734 1121024 0.05665915 0.02974668 0.1212616
0.1426174 0.005896601 0.01013734 1231119 0.05665915 0.02974668 0.1212616
0.1425993 0.00597075 0.009991841 1361228 0.05667223 0.02963975 0.1211789
0.1425323 0.006137046 0.009904819 1451314 0.05662866 0.02971688 0.121129
0.1425323 0.006137046 0.009904819 1571426 0.05662866 0.02971688 0.121129
0.1423971 0.006425891 0.00984283 1681525 0.05650161 0.02995005 0.121085
0.1423759 0.00684205 0.00982769 1801630 0.05634658 0.03025821 0.1209893
0.1421193 0.007441077 0.009706574 1901724 0.05615734 0.03066531 0.1209605
0.1421193 0.007441077 0.009706574 2021828 0.05615734 0.03066531 0.1209605
0.141827 0.008242997 0.009524243 2131928 0.05592285 0.03114966 0.1208886
0.141827 0.008242997 0.009524243 2242027 0.05592285 0.03114966 0.1208886
0.1415043 0.009008917 0.009482639 2352143 0.05555316 0.03171233 0.1208523
0.1411512 0.009751592 0.00933625 2462242 0.0551932 0.03237239 0.1207175
0.1409252 0.01102117 0.00925626 2572341 0.0548362 0.03308776 0.1206474
0.1409252 0.01102117 0.00925626 2692430 0.0548362 0.03308776 0.1206474
0.1405503 0.01202742 0.00926079 2802529 0.05430542 0.03381446 0.1205864
0.1405503 0.01202742 0.00926079 2912632 0.05430542 0.03381446 0.1205864
0.1402753 0.01355151 0.00927587 3022744 0.0536051 0.03484884 0.1203657
0.1402173 0.01467768 0.009532945 3142840 0.05312501 0.03576961 0.1203315
0.1395927 0.01630345 0.009368973 3252935 0.0525484 0.03695813 0.1202875
0.1395927 0.01630345 0.009368973 3353034 0.0525484 0.03695813 0.1202875
0.1390688 0.01778582 0.009162741 3493156 0.05195315 0.03804436 0.1200983
0.1387244 0.0195252 0.009209828 3583237 0.0513045 0.03934268 0.1199856
0.1387244 0.0195252 0.009209828 3693345 0.0513045 0.03934268 0.1199856
0.1385195 0.02099219 0.009212749 3803436 0.05077474 0.04056266 0.1197754
0.1378957 0.02259174 0.009040074 3913536 0.05016835 0.041742 0.1196901
0.1378957 0.02259174 0.009040074 4033644 0.05016835 0.041742 0.1196901
0.1378202 0.02394393 0.009101586 4143747 0.04961963 0.04266754 0.1194481
0.1377573 0.02562168 0.009165781 4253843 0.04918568 0.04388967 0.1192912
0.1377573 0.02562168 0.009165781 4363946 0.04918568 0.04388967 0.1192912
0.1375112 0.02681938 0.009187535 4474045 0.04873599 0.04497376 0.1191677
0.1369556 0.0281997 0.009037153 4584149 0.04821692 0.04625526 0.119063
0.1369556 0.0281997 0.009037153 4704253 0.04821692 0.04625526 0.119063
0.1367824 0.02978781 0.009105222 4814357 0.04775985 0.04727021 0.1189942
0.1363541 0.03088537 0.009024041 4924448 0.04736893 0.04806009 0.1189918
0.1363541 0.03088537 0.009024041 5034543 0.04736893 0.04806009 0.1189918
0.1361369 0.03245512 0.008973078 5154660 0.04699614 0.04888597 0.1189285
0.1359428 0.03378215 0.009053902 5264767 0.04653923 0.04967394 0.1188751
0.1359428 0.03378215 0.009053902 5374866 0.04653923 0.04967394 0.1188751
0.1353766 0.03512231 0.008849995 5484962 0.04607444 0.05060175 0.1188126
0.1356114 0.03659251 0.00907071 5605062 0.04580851 0.05159751 0.1186907
0.1356114 0.03659251 0.00907071 5705148 0.04580851 0.05159751 0.1186907
0.1353575 0.03785828 0.008966462 5825265 0.04548015 0.05259672 0.1185616
0.1354545 0.03910163 0.008963184 5955378 0.04531949 0.05360154 0.1183783
0.1354545 0.03910163 0.008963184 6045476 0.04531949 0.05360154 0.1183783
0.1352008 0.04059711 0.008795337 6155575 0.04505434 0.054557 0.1182713
0.1350463 0.04207793 0.008684711 6265662 0.04468067 0.05540815 0.1180584
0.1350463 0.04207793 0.008684711 6385771 0.04468067 0.05540815 0.1180584
0.1350079 0.04349938 0.008767204 6495870 0.04423614 0.05643371 0.1178517
0.1348373 0.04518405 0.008565978 6615974 0.04398291 0.05757061 0.1176453
0.1348373 0.04518405 0.008565978 6716061 0.04398291 0.05757061 0.1176453
0.13504 0.04670027 0.008539753 6856191 0.04395197 0.05872026 0.1174651
0.1352156 0.04809156 0.008629457 6946272 0.04384933 0.0596408 0.1173726
0.1352156 0.04809156 0.008629457 7046367 0.04384933 0.0596408 0.1173726
0.1350231 0.0494949 0.00855972 7166483 0.04359822 0.06058279 0.1173016
0.1354035 0.05082038 0.008821324 7286575 0.04361157 0.06149951 0.1172947
0.1354035 0.05082038 0.008821324 7386674 0.04361157 0.06149951 0.1172947
0.1354744 0.05214444 0.008984821 7496769 0.0435753 0.06233636 0.1174142
0.1358656 0.05359474 0.009261564 7636908 0.04357548 0.06309572 0.1174212
0.135911 0.05505386 0.009432035 7726985 0.04348607 0.06399265 0.1175244
0.135911 0.05505386 0.009432035 7837092 0.04348607 0.06399265 0.1175244
0.135848 0.05654231 0.009485321 7947180 0.0434721 0.06495741 0.1176617
0.135848 0.05654231 0.009485321 8067284 0.0434721 0.06495741 0.1176617
0.1356643 0.05815354 0.009364919 8167370 0.04340051 0.06585816 0.1176898
0.1359274 0.05968872 0.009401636 8287479 0.04349618 0.06686202 0.1176202
0.1359274 0.05968872 0.009401636 8397578 0.04349618 0.06686202 0.1176202
0.1359813 0.06122139 0.009221331 8517686 0.0434459 0.06781164 0.117388
0.1358797 0.0625774 0.00871964 8627786 0.04343836 0.0688186 0.1169873
0.1358797 0.0625774 0.00871964 8727888 0.04343836 0.0688186 0.1169873
0.1358407 0.06401411 0.008041875 8837975 0.04353483 0.07001916 0.1164384
0.1357274 0.06509939 0.007310228 8958092 0.04365965 0.07110468 0.1159091
0.1357336 0.06629172 0.006392614 9068187 0.04396157 0.07228675 0.1152421
0.1357336 0.06629172 0.006392614 9178283 0.04396157 0.07228675 0.1152421
0.1357378 0.06752709 0.005541818 9308412 0.04411026 0.07335296 0.1145221
0.135495 0.06897154 0.004448609 9398485 0.04418259 0.07450452 0.1137083
0.135495 0.06897154 0.004448609 9518598 0.04418259 0.07450452 0.1137083
0.135075 0.07001677 0.003294008 9628693 0.04432292 0.07557979 0.113018
0.135075 0.07001677 0.003294008 9738801 0.04432292 0.07557979 0.113018
0.1347838 0.07108298 0.002231913 9858897 0.04444836 0.07657006 0.112303
0.134448 0.07233337 0.001225548 9958991 0.0444028 0.07764855 0.1115426
0.1345995 0.07364288 0.0006378464 10069095 0.04447611 0.0786778 0.1109042
0.1345995 0.07364288 0.0006378464 10189199 0.04447611 0.0786778 0.1109042
0.1339803 0.0751442 -0.0003194637 10299298 0.04430853 0.07969156 0.1103356
0.1335326 0.07628134 -0.00114922 10409398 0.04410808 0.08067122 0.1097121
0.1335326 0.07628134 -0.00114922 10519497 0.04410808 0.08067122 0.1097121
0.1329844 0.07725063 -0.001910788 10649610 0.04377894 0.08157972 0.1091293
0.1324815 0.07875469 -0.002589745 10739708 0.0434395 0.08273521 0.1085944
0.1324815 0.07875469 -0.002589745 10859804 0.0434395 0.08273521 0.1085944
0.1319302 0.07994428 -0.003191096 10979912 0.04305484 0.08366075 0.1081355
0.1315213 0.08101264 -0.00367449 11079999 0.04273554 0.08446065 0.1077322
0.1315213 0.08101264 -0.00367449 11190102 0.04273554 0.08446065 0.1077322
0.1307496 0.08178893 -0.004422588 11300206 0.04231023 0.08517638 0.1072612
0.130443 0.08258584 -0.004844768 11430319 0.04196881 0.08587053 0.1068144
0.130443 0.08258584 -0.004844768 11530409 0.04196881 0.08587053 0.1068144
0.1301411 0.08322826 -0.005309922 11640513 0.04170539 0.08651391 0.1063797
0.1295517 0.08375254 -0.005988938 11750620 0.04153948 0.08700933 0.1060356
0.1295517 0.08375254 -0.005988938 11890730 0.04153948 0.08700933 0.1060356
0.1290804 0.08454946 -0.006606144 11980824 0.04136415 0.08743611 0.1056604
0.128352 0.08536974 -0.007326645 12090915 0.04104733 0.08792522 0.1052682
0.128352 0.08536974 -0.007326645 12211023 0.04104733 0.08792522 0.1052682
0.127803 0.08624723 -0.00788818 12341137 0.04057791 0.08862534 0.1047723
0.1268738 0.08731857 -0.008566363 12451240 0.03992756 0.08946624 0.1043141
0.1268738 0.08731857 -0.008566363 12651421 0.03992756 0.08946624 0.1043141
0.1247842 0.08946541 -0.009844643 12901643 0.03843739 0.0912191 0.1035017
0.1240573 0.09085669 -0.01013772 13131858 0.03749128 0.09205928 0.1030486
0.1209696 0.09355512 -0.01109473 13362062 0.0349239 0.09388247 0.1024934
0.1197249 0.09492806 -0.01131509 13582261 0.03361528 0.09480873 0.1022251
0.1184467 0.0960125 -0.01140664 13802464 0.0323514 0.09552351 0.1021434
0.1155019 0.09866943 -0.01187645 14052685 0.02972372 0.09709397 0.1019034
0.1138458 0.09982457 -0.01208554 14262879 0.02830418 0.09786048 0.1018663
0.1118781 0.1008727 -0.01236139 14473061 0.02686348 0.09858646 0.1019782
0.1094825 0.1035315 -0.01196824 14703277 0.02419563 0.09991469 0.102134
0.1079478 0.1048743 -0.01179497 14923471 0.02277847 0.1004433 0.1023663
0.1061904 0.1060766 -0.01165394 15143670 0.02119227 0.1010176 0.1026088
0.1036814 0.1089025 -0.01067738 15373882 0.01831555 0.1024627 0.1032412
0.1019786 0.1104691 -0.01056848 15554052 0.01691949 0.1032056 0.1035299
0.1000646 0.1120132 -0.0104932 15684162 0.0153973 0.1039207 0.1038406
0.09917121 0.1135403 -0.0100743 15784252 0.01397627 0.104904 0.1038269
0.09917121 0.1135403 -0.0100743 15894360 0.01397627 0.104904 0.1038269
0.09740213 0.1151716 -0.01004343 16024461 0.01258063 0.105951 0.1040904
0.09597813 0.1167045 -0.00985025 16134576 0.01123523 0.1070248 0.104304
0.09597813 0.1167045 -0.00985025 16224650 0.01123523 0.1070248 0.104304
0.09444844 0.1179993 -0.009741054 16344750 0.009887272 0.1078828 0.1045101
0.09340491 0.1196261 -0.009349451 16474867 0.008633548 0.1087691 0.1046777
0.09199974 0.1210187 -0.009254979 16564953 0.007363314 0.1094419 0.1048016
0.09199974 0.1210187 -0.009254979 16675052 0.007363314 0.1094419 0.1048016
0.09067407 0.1223744 -0.008943247 16785155 0.006055171 0.110158 0.1050596
0.09067407 0.1223744 -0.008943247 16895247 0.006055171 0.110158 0.1050596
0.08881067 0.1231356 -0.009103404 17015363 0.004745597 0.1106116 0.1052752
0.08848158 0.1243122 -0.008515822 17125466 0.003891105 0.1111428 0.105402
0.08848158 0.1243122 -0.008515822 17255576 0.003891105 0.1111428 0.105402
0.08713348 0.1251911 -0.008660184 17345661 0.002858842 0.1116051 0.1054426
0.08619162 0.1261778 -0.008541214 17475783 0.001940365 0.112284 0.1055418
0.08470075 0.1268741 -0.008824277 17585874 0.0008632789 0.1128483 0.1055471
0.08470075 0.1268741 -0.008824277 17715991 0.0008632789 0.1128483 0.1055471
0.08304965 0.1273637 -0.009204614 17946199 -0.0002670038 0.1133899 0.105553
0.08179924 0.1279297 -0.009275007 18176411 -0.001265918 0.113953 0.1056644
0.07991067 0.129535 -0.008965599 18386601 -0.003197943 0.1147152 0.1058368
0.07858323 0.1304273 -0.00907867 18626813 -0.004232351 0.1150955 0.1058681
0.07705569 0.1310195 -0.009260703 18837003 -0.005432997 0.1154527 0.1058894
0.07429627 0.1328938 -0.009574819 19057214 -0.007632677 0.1169404 0.1059214
0.07334717 0.1337085 -0.009450246 19307423 -0.008668635 0.117545 0.1059551
0.06970516 0.1346337 -0.01015656 19517617 -0.01111418 0.1186095 0.1061091
0.069082 0.1362534 -0.009717692 19747825 -0.01209957 0.1193301 0.1061676
0.06760468 0.1373096 -0.009721329 19958015 -0.01318822 0.1199659 0.1063732
0.06654882 0.1377489 -0.009501924 20178213 -0.01434797 0.1206023 0.1065496
0.06348971 0.1393549 -0.009450425 20418430 -0.01674807 0.1215974 0.1069662
0.06186523 0.1401067 -0.00951009 20628620 -0.0178822 0.1221465 0.1072119
0.0591115 0.1419545 -0.00889813 20848818 -0.02027524 0.1234163 0.1079793
0.05736614 0.1422963 -0.008827021 21069017 -0.02165571 0.1237074 0.1082893
0.0562226 0.1428114 -0.008392086 21319251 -0.02293 0.1239566 0.1085934
0.05333031 0.1448696 -0.007589093 21519424 -0.02559444 0.1249732 0.1093778
0.05125466 0.1445719 -0.007776312 21759636 -0.02705491 0.1252576 0.1097005
0.04998327 0.1452031 -0.007343225 21979835 -0.02827436 0.1254801 0.1101004
0.04681889 0.1466357 -0.006687455 22190025 -0.0311757 0.1260399 0.1107813
0.0449029 0.146888 -0.006765359 22420253 -0.03269977 0.1262429 0.110954
0.04338464 0.1474142 -0.006682985 22640443 -0.03409359 0.1265896 0.1110867
0.04009031 0.1475609 -0.007004135 22860638 -0.03675354 0.1270033 0.1112273
0.03852611 0.14775 -0.007120841 23090850 -0.03804836 0.127077 0.111265
0.03842404 0.1484028 -0.006554656 23331058 -0.03895581 0.1271618 0.1112054
0.03515455 0.148366 -0.006976539 23541248 -0.04155716 0.1269186 0.1111826
0.0336074 0.1484398 -0.007201189 23791478 -0.04285601 0.1269232 0.1111061
0.03205637 0.1487965 -0.007409805 23981646 -0.04417846 0.1270126 0.1109961
0.02877368 0.1493476 -0.007909888 24221858 -0.04681882 0.127242 0.1108477
0.02709155 0.1495958 -0.008182937 24432052 -0.04820805 0.1274233 0.1107482
0.02567223 0.1495511 -0.008359785 24652251 -0.04946673 0.1275176 0.1106987
0.02217071 0.1503347 -0.00869971 24872449 -0.05224931 0.1277174 0.1107003
0.02053166 0.1506429 -0.008743401 25112670 -0.05364215 0.1278339 0.1107733
0.01898953 0.1509742 -0.008672531 25322856 -0.05501961 0.1280738 0.1109288
0.01591867 0.1514937 -0.008530076 25543055 -0.05774703 0.1284607 0.1112576
0.01456784 0.1517103 -0.00836825 25773262 -0.05893087 0.1285342 0.1114944
0.01313208 0.1518699 -0.008207079 25993469 -0.06011665 0.1285221 0.1117752
0.0101524 0.1519455 -0.00797319 26233674 -0.06248331 0.1282014 0.1123037
0.008725315 0.1518975 -0.00786638 26443880 -0.06377491 0.1281189 0.1124854
0.007183537 0.1520529 -0.007629093 26704106 -0.06506315 0.1280922 0.112839
0.004024499 0.1521634 -0.007338223 26894274 -0.0677163 0.1277188 0.1133348
0.002459132 0.1521035 -0.00729352 27114473 -0.06899124 0.1275711 0.1135339
0.0006806339 0.1520832 -0.007344124 27334684 -0.07040861 0.1274821 0.1136821
-0.002092785 0.1516075 -0.007178662 27564875 -0.07299194 0.1271756 0.1139933
-0.003854877 0.1515931 -0.007238625 27785074 -0.07442012 0.1270594 0.1141076
-0.005381754 0.1512879 -0.00739312 28005277 -0.07565364 0.1268515 0.1141428
-0.008768764 0.1506109 -0.007901131 28225475 -0.07830042 0.1263005 0.1140849
-0.01021546 0.1501774 -0.008100866 28455683 -0.07957107 0.1259589 0.1140036
-0.0117714 0.1496795 -0.008412062 28695904 -0.08088361 0.1255627 0.1138505
-0.01535207 0.1485479 -0.009398102 28906110 -0.08363431 0.1246869 0.1133799
-0.01712899 0.1484399 -0.009878159 29126288 -0.08514473 0.1244954 0.1130315
-0.01898843 0.1480092 -0.01028466 29346495 -0.08668347 0.1241114 0.1128109
-0.02319622 0.1475709 -0.01105195 29596725 -0.09008395 0.123633 0.1124764
-0.02539562 0.1473466 -0.01129115 29796898 -0.09188464 0.1233626 0.1124434
-0.02933341 0.1471116 -0.01184434 30037106 -0.09488644 0.1227943 0.1123238
-0.03100255 0.1468201 -0.01203412 30247304 -0.0963588 0.1225757 0.1122519
-0.03292512 0.1466382 -0.01223636 30487513 -0.09793486 0.1224588 0.1122439
-0.03649029 0.1458892 -0.01264388 30687705 -0.1008159 0.1217647 0.1122019
-0.03847584 0.1457779 -0.0127638 30927914 -0.1023491 0.1214308 0.1122709
-0.04022345 0.145714 -0.01276416 31148109 -0.1039545 0.1211917 0.1123088
-0.04417056 0.1453877 -0.01273352 31368312 -0.1073431 0.1205836 0.112567
-0.04607368 0.1455127 -0.01266694 31578501 -0.1089944 0.1204206 0.1127029
-0.04837477 0.1453981 -0.01261574 31818714 -0.1108558 0.1201696 0.1129466
-0.05241288 0.1453456 -0.01209629 32028912 -0.1144569 0.1197684 0.1136121
-0.05465908 0.145368 -0.01179195 32259115 -0.1164324 0.1196288 0.1140166
-0.05677551 0.1449663 -0.01136119 32479314 -0.118381 0.1193756 0.1145599
-0.06085932 0.1448423 -0.01027912 32699509 -0.1220937 0.118876 0.1157461
-0.06277788 0.1442813 -0.009826129 32929725 -0.1237808 0.1183491 0.1163183
-0.06450047 0.1437855 -0.009280866 33159941 -0.1253381 0.1178991 0.1169527
-0.06801218 0.1423154 -0.008465713 33380123 -0.1283748 0.1165515 0.1180207
-0.06953114 0.1417036 -0.008072979 33600334 -0.1297863 0.1158971 0.118456
-0.07089105 0.1407709 -0.0077954 33850560 -0.1309851 0.1152171 0.1188614
-0.0738672 0.139192 -0.007408149 34040727 -0.133563 0.11384 0.1194774
-0.0752828 0.1386133 -0.007256932 34300954 -0.1347031 0.1132566 0.1197569
-0.07788265 0.1371314 -0.00710649 34491130 -0.1371079 0.1121662 0.1200759
-0.07903552 0.1361318 -0.007112809 34711332 -0.1382468 0.1115073 0.1201425
-0.08027285 0.1351397 -0.007024296 34941540 -0.1393916 0.1108014 0.120329
-0.08167218 0.1339728 -0.007144101 35181753 -0.1404564 0.1100406 0.1204407
-0.08332603 0.1316071 -0.00697542 35411961 -0.142196 0.1082405 0.1206748
-0.08442596 0.1302512 -0.007135042 35612158 -0.1429942 0.1072741 0.1207245
-0.08531912 0.1289403 -0.007201143 35852366 -0.1436614 0.1062309 0.1208095
-0.08638263 0.1267548 -0.00751967 36062556 -0.1446143 0.1045128 0.1206232
-0.08704827 0.1259959 -0.007755765 36302769 -0.1450642 0.1038096 0.1204947
-0.08771388 0.1251468 -0.007989177 36512966 -0.145597 0.103135 0.1203513
-0.08930372 0.1233757 -0.008497425 36763180 -0.1468376 0.1020139 0.1201096
-0.09008683 0.122831 -0.008565255 36953352 -0.147396 0.1014204 0.120134
-0.09044474 0.1223593 -0.008337387 37213582 -0.1480911 0.1009249 0.1202072
-0.09254586 0.12106 -0.008120427 37403758 -0.1497338 0.09996095 0.1206841
-0.09359369 0.1204313 -0.007842312 37653984 -0.1504701 0.09933069 0.1210999
-0.09584873 0.1191045 -0.007256696 37854169 -0.1525365 0.09798779 0.1217659
-0.09757366 0.1182258 -0.007104525 38064354 -0.1538357 0.09735479 0.1221442
-0.09865972 0.1175348 -0.006857405 38294562 -0.1550162 0.09679975 0.1223721
-0.1003812 0.1165152 -0.006835471 38534787 -0.156228 0.09595003 0.1226422
-0.1034622 0.1152124 -0.006778907 38734959 -0.1587609 0.09445038 0.1229024
-0.1032097 0.1146479 -0.006359409 38965163 -0.1596779 0.09390846 0.1228206
-0.1064981 0.1126421 -0.006440054 39185370 -0.1624954 0.0924305 0.1230282
-0.1082307 0.1114933 -0.006557654 39415574 -0.1639901 0.09159126 0.1230612
-0.1098264 0.1104471 -0.006509792 39665795 -0.1653221 0.09072557 0.1232497
-0.1128605 0.107896 -0.006371867 39855971 -0.167869 0.08859411 0.1236579
-0.1143441 0.1062308 -0.006330502 40106209 -0.1691146 0.08736888 0.1238643
-0.1159701 0.1048386 -0.006163072 40306373 -0.1704797 0.08625677 0.1241814
-0.1187366 0.1019713 -0.005560529 40526572 -0.1728567 0.08384863 0.1250107
-0.120029 0.1005465 -0.005241645 40746775 -0.1740657 0.0826818 0.1253996
-0.1209277 0.09891941 -0.004683328 41017015 -0.1751866 0.081458 0.1259204
-0.1237497 0.09585705 -0.00405593 41197181 -0.1774738 0.07892075 0.1268377
-0.1249213 0.09434977 -0.00370027 41457416 -0.1784652 0.07766619 0.1272995
-0.1259292 0.09300032 -0.003403439 41647588 -0.1793846 0.07657948 0.1276657
-0.1281868 0.08989074 -0.002832367 41897814 -0.1813962 0.07447115 0.1284584
-0.1290535 0.08849588 -0.002432598 42108007 -0.1822635 0.07346645 0.1289031
-0.1301056 0.08734038 -0.002190962 42328202 -0.1831282 0.07257798 0.1292507
-0.1320931 0.08429161 -0.001941695 42538392 -0.1848184 0.07049671 0.1297245
-0.1328708 0.08325687 -0.001742616 42768608 -0.185449 0.0696322 0.1300001
-0.1340828 0.08181563 -0.001723542 43018825 -0.1862743 0.06877246 0.1302316
-0.1354475 0.07916167 -0.001396134 43219002 -0.1875249 0.06691566 0.1306805
-0.1358842 0.07787576 -0.001157001 43469232 -0.1880488 0.0659534 0.1309148
-0.1370643 0.07506242 -0.00075157 43659403 -0.1892772 0.06427398 0.1313986
-0.1380766 0.07393804 -0.0005299005 43999706 -0.1899179 0.06344059 0.1317899
-0.139456 0.07157794 -0.0001146948 44219905 -0.1913372 0.06169382 0.1322367
-0.1400894 0.07028714 5.952952E-05 44460134 -0.191994 0.06098261 0.1324438
-0.1406986 0.06916311 0.0002276741 44670324 -0.1926269 0.06029335 0.1326324
-0.140758 0.06590393 0.0004892789 44900523 -0.1940199 0.05828539 0.1324414
-0.1419471 0.06598607 0.0006348333 45250835 -0.1941669 0.05798236 0.1329801
-0.1423102 0.06214061 0.0005596718 45451028 -0.1953733 0.05568054 0.1326537
-0.1428889 0.06082097 0.0004424294 45701250 -0.1958989 0.05481306 0.132579
-0.1437777 0.05841687 0.0005079944 45901427 -0.196822 0.05344072 0.1326737
-0.144265 0.05717626 0.0005619365 46141643 -0.1971847 0.05273644 0.1327967
-0.1453647 0.05466166 0.000821157 46341820 -0.1978839 0.05113736 0.1332431
-0.1457288 0.05337968 0.001032157 46572032 -0.1982846 0.05042925 0.1334536
-0.1458658 0.05206957 0.001739307 46792231 -0.1992413 0.04905525 0.133831
-0.1463343 0.04914775 0.002131565 47032443 -0.199693 0.0472211 0.1342504
-0.1466085 0.04767588 0.002251966 47242641 -0.1998883 0.04627839 0.1344093
-0.1466983 0.04619959 0.00234638 47462832 -0.2000533 0.04539838 0.1344783
-0.1472816 0.04355314 0.002383215 47683043 -0.2004017 0.04356113 0.1346122
-0.1473307 0.04205826 0.002394302 47903241 -0.2005545 0.04260555 0.1345804
-0.1483042 0.04028574 0.002083166 48133441 -0.2008955 0.04171089 0.1345157
-0.1517647 0.03691223 0.001337332 48353640 -0.201409 0.0400174 0.1348741
-0.1524489 0.03561023 0.001191659 48583847 -0.2017403 0.03914943 0.1348482
-0.1525898 0.0343031 0.001132948 48814055 -0.2019123 0.03837267 0.134763
-0.1529603 0.03196708 0.001024646 49044263 -0.2024997 0.03690663 0.134545
-0.1531571 0.03053835 0.001104695 49254457 -0.2027215 0.03613201 0.13459
-0.1532446 0.02935401 0.001269204 49534705 -0.2029127 0.03548709 0.1346923
-0.1539175 0.02700225 0.001490933 49694858 -0.2034793 0.03399375 0.1349113
-0.1535698 0.02597025 0.00166331 49945072 -0.2036652 0.03336612 0.1348624
-0.153821 0.02476576 0.001826507 50145252 -0.2039195 0.03266839 0.1349953
-0.1539939 0.02234867 0.002115173 50375464 -0.2044333 0.03105238 0.1351053
-0.1542673 0.02142612 0.002189678 50595663 -0.2046531 0.03030542 0.1351884
-0.1550749 0.02018216 0.002124232 50835876 -0.2051496 0.0294787 0.135212
-0.1555486 0.01800254 0.002226037 51036060 -0.2057972 0.0280048 0.135197
-0.1558369 0.01655963 0.002372784 51276277 -0.2062044 0.02717176 0.1352515
-0.1563593 0.01508645 0.002462787 51486463 -0.2066442 0.0263001 0.1353234
-0.1567011 0.01229707 0.002701861 51706665 -0.2071872 0.02462688 0.1353871
-0.1568087 0.01061729 0.002797228 52077000 -0.2073963 0.02358857 0.1353827
-0.1569228 0.007002506 0.003147405 52307203 -0.207846 0.02146617 0.1354496
-0.1566733 0.003126416 0.003542942 52517393 -0.2079872 0.01904932 0.1355263
-0.1565291 0.001287851 0.003583533 52727587 -0.2079357 0.01784984 0.135452
-0.1557727 -0.0007956886 0.003760856 52977809 -0.2079314 0.01646009 0.1352445
-0.155513 -0.004747238 0.00379948 53167980 -0.2079847 0.01382342 0.1349791
-0.1553757 -0.006906595 0.003780526 53408201 -0.2079465 0.01241818 0.1348115
-0.1553348 -0.009238567 0.003844064 53608382 -0.20799 0.0110735 0.1346917
-0.1550378 -0.01171562 0.003898781 53858607 -0.2078339 0.0095934 0.1345309
-0.1542961 -0.01638266 0.004088086 54208920 -0.207481 0.006437454 0.1343066
-0.1532727 -0.02165147 0.004382295 54399095 -0.2069307 0.002854023 0.1340995
-0.1530126 -0.02418324 0.004361075 54639316 -0.2066571 0.001032028 0.1339478
-0.152456 -0.02702984 0.004503173 54839493 -0.2063596 -0.001032677 0.1338275
-0.1516526 -0.03180131 0.00442831 55089718 -0.2058624 -0.004777279 0.1334137
-0.1510114 -0.03412386 0.004486841 55410020 -0.2056661 -0.006628956 0.1331847
-0.1504663 -0.0391874 0.004394812 55740306 -0.2052246 -0.01027569 0.1327377
-0.1497744 -0.04381748 0.004341943 56020558 -0.2047824 -0.01354524 0.1322637
-0.1489231 -0.04856142 0.00437097 56330834 -0.2041326 -0.01682457 0.1318501
-0.1480327 -0.05281206 0.004545969 56521010 -0.2035913 -0.01983603 0.131558
-0.1474495 -0.05477735 0.004700525 56781241 -0.2032222 -0.02145394 0.131528
-0.1470384 -0.05697783 0.004996938 57071503 -0.2029956 -0.02308437 0.1315919
-0.1458206 -0.06019958 0.005262298 57311724 -0.2022359 -0.0255588 0.131451
-0.1449457 -0.06361993 0.005531712 57541931 -0.2015402 -0.02790364 0.1313397
-0.1445702 -0.06510755 0.005763454 57742112 -0.2012412 -0.02892109 0.1314025
-0.1442716 -0.06659504 0.005987985 58082419 -0.2010147 -0.02987107 0.1314385
-0.1430715 -0.06948384 0.006712838 58442744 -0.2003906 -0.03187498 0.1316382
-0.1428135 -0.07273182 0.007558508 58793060 -0.1998553 -0.03389176 0.1322338
-0.1412518 -0.07524236 0.008540494 59093331 -0.1990513 -0.03567025 0.1326353
-0.1399664 -0.07758625 0.009457631 59353566 -0.1980851 -0.03732797 0.1331821
-0.1384944 -0.07998534 0.01037638 59673872 -0.1970823 -0.03907808 0.1336659
-0.1365426 -0.0831941 0.01175283 60004149 -0.1959192 -0.04114791 0.1342795
-0.13485 -0.08530696 0.01263903 60334464 -0.1947139 -0.04275342 0.1347527
-0.1332018 -0.08785959 0.01367788 60574672 -0.1934649 -0.04453143 0.1353219
-0.1319222 -0.08901485 0.01418565 60914979 -0.1926496 -0.04558989 0.1355639
-0.1297021 -0.09094485 0.01504902 61235268 -0.1910826 -0.04720589 0.1359853
-0.1276359 -0.09306558 0.01585589 61545715 -0.1896348 -0.04889294 0.1363182
-0.1252224 -0.09534367 0.01647804 61815784 -0.1879652 -0.0507197 0.1363875
-0.1225602 -0.09724649 0.01696752 62136085 -0.1858073 -0.05193564 0.1363533
-0.1195661 -0.0989184 0.01744406 62466371 -0.1835603 -0.05306634 0.1362236
-0.1179762 -0.09983905 0.01781188 62786664 -0.1822497 -0.05357512 0.1362805
-0.1150149 -0.1016764 0.01855312 63146985 -0.1797864 -0.054818 0.1365158
-0.1105771 -0.104482 0.01936232 63477288 -0.1759163 -0.05691644 0.1367274
-0.1075522 -0.1065392 0.01964448 63677468 -0.1733771 -0.05858215 0.1365779
-0.1063518 -0.1076027 0.01960336 64007762 -0.1721848 -0.05944356 0.1364492
-0.103776 -0.1096532 0.01926749 64227965 -0.1698078 -0.0610319 0.1358095
-0.1029001 -0.1108064 0.01894449 64508218 -0.1688229 -0.0617853 0.1353806
-0.1010836 -0.1130832 0.01816349 64798480 -0.1669746 -0.06322285 0.1342607
-0.09946935 -0.114878 0.01704012 65128778 -0.165467 -0.06472524 0.1329507
-0.09809336 -0.1168257 0.01610797 65469097 -0.1641703 -0.06612309 0.1317338
-0.09779288 -0.1180368 0.01566355 65819397 -0.163669 -0.06694373 0.1312321
-0.09612294 -0.1205458 0.01424222 66179726 -0.1620385 -0.06927105 0.1297078
-0.09477848 -0.1219772 0.01334559 66479993 -0.1608725 -0.0708278 0.1287647
-0.09213202 -0.1221439 0.0126947 66810299 -0.1592702 -0.0716457 0.1277975
-0.09163587 -0.1248575 0.01204507 67170625 -0.1581556 -0.07326516 0.1270216
-0.08938074 -0.1260998 0.0117489 67500915 -0.1564964 -0.07431003 0.1262896
-0.08735798 -0.127282 0.01155351 67831217 -0.1548881 -0.07556565 0.1258835
-0.08543451 -0.1282609 0.0113272 68151502 -0.1531797 -0.07657894 0.1255455
-0.08306397 -0.1294118 0.01137327 68481804 -0.1515232 -0.07777556 0.1251857
-0.08099171 -0.1298653 0.01120322 68732026 -0.149937 -0.07860835 0.1248937
-0.07998762 -0.1301255 0.01104694 69062328 -0.1491481 -0.07895502 0.1246456
-0.07768671 -0.1305884 0.01066511 69372608 -0.1474506 -0.0796624 0.1240043
-0.07574442 -0.1312006 0.01007955 69722920 -0.1457304 -0.08038004 0.1233292
-0.0730924 -0.1320871 0.009664885 70063231 -0.1437188 -0.08120508 0.1224886
-0.07052608 -0.1329705 0.009381166 70413551 -0.1416282 -0.08194872 0.1218424
-0.06796399 -0.1337444 0.009224049 70713818 -0.1394921 -0.08265051 0.121382
-0.06514284 -0.1344386 0.009470157 71054125 -0.1373149 -0.08335456 0.1212192
-0.06192763 -0.135106 0.01006275 71394432 -0.1349988 -0.08395703 0.1211961
-0.05870971 -0.1355609 0.01061886 71734739 -0.1324955 -0.08434327 0.1212473
-0.05536044 -0.1360738 0.01140016 72085051 -0.1300254 -0.08456083 0.1212992
-0.05191353 -0.1363213 0.0119701 72395336 -0.1273947 -0.0847114 0.1212645
-0.04883263 -0.1367905 0.01250636 72735643 -0.1248783 -0.08491381 0.1212818
-0.04559638 -0.137106 0.01292514 73065945 -0.1223811 -0.08507975 0.1211084
-0.04184136 -0.137234 0.01345169 73426266 -0.1196495 -0.08514198 0.1208694
-0.03851632 -0.1376243 0.01372444 73736546 -0.1169035 -0.08519585 0.1205558
-0.03457676 -0.138393 0.01438665 74076849 -0.1138698 -0.08537229 0.1202529
-0.03098767 -0.1392253 0.01453668 74397146 -0.110722 -0.08595809 0.1199468
-0.02735878 -0.1406031 0.01463145 74777489 -0.1075558 -0.08684309 0.1194386
-0.0234005 -0.142071 0.01477784 75117788 -0.1042844 -0.08781847 0.1188005
-0.01901749 -0.1446533 0.01403701 75448090 -0.09971449 -0.08912511 0.1175303
-0.01716458 -0.1449291 0.01392114 75748365 -0.09832691 -0.08942015 0.1170603
-0.01449136 -0.145845 0.01341283 76078664 -0.09587169 -0.08994778 0.1161698
-0.01168048 -0.1462301 0.01276874 76438981 -0.09354693 -0.09023698 0.1150864
-0.009308092 -0.1456069 0.01182687 76819324 -0.09151136 -0.08989378 0.1140272
-0.006373749 -0.1467573 0.01104849 77119603 -0.08857738 -0.0903581 0.1128715
-0.005139061 -0.1475323 0.01106369 77419886 -0.0874614 -0.09064396 0.1125181
-0.003031381 -0.1473486 0.01047885 77780195 -0.08573412 -0.09074815 0.1117848
-0.001069785 -0.1478295 0.01011831 78100520 -0.08406514 -0.09129044 0.111219
0.0007433062 -0.1476395 0.009493649 78450800 -0.08260962 -0.09142455 0.1104809
0.002266466 -0.1480442 0.009280741 78791119 -0.08141002 -0.0914925 0.1098113
0.003918826 -0.1479173 0.008961857 79101391 -0.08006489 -0.09149572 0.1093092
0.005442402 -0.1477428 0.008587361 79441694 -0.07885712 -0.09121808 0.1086114
0.006802267 -0.1478856 0.00802368 79802015 -0.07746083 -0.09114417 0.1079556
0.009182824 -0.1475896 0.007172765 80172358 -0.07537713 -0.09091338 0.1068907
0.01041845 -0.1473943 0.006318511 80472637 -0.07404816 -0.09069165 0.1061005
0.01136786 -0.1469696 0.005945208 80782909 -0.07329907 -0.09040197 0.1056341
0.01305478 -0.1466947 0.005527618 81113207 -0.07189544 -0.08984979 0.1048169
0.01498855 -0.1456981 0.004824164 81443501 -0.07029998 -0.08933695 0.1040992
0.01749066 -0.1447094 0.004498663 81823844 -0.06827855 -0.08831998 0.1033426
0.02155788 -0.1433086 0.003637854 82154146 -0.0644265 -0.08699306 0.1023368
0.02491941 -0.1420952 0.003346507 82454409 -0.0615046 -0.08567651 0.1016017
0.02630612 -0.1414246 0.003018383 82784707 -0.06007561 -0.08507808 0.1013521
0.03000275 -0.1408195 0.003522222 83125018 -0.05703491 -0.08432242 0.1011889
0.03478615 -0.1395996 0.00394017 83485339 -0.05294192 -0.08304211 0.1009519
0.03720402 -0.1393803 0.004108494 83815650 -0.05056578 -0.08261485 0.100961
0.04035991 -0.1389482 0.00453574 84125934 -0.04802039 -0.0821224 0.1007958
0.04298817 -0.1385543 0.004638499 84466229 -0.04569831 -0.08185145 0.1006893
0.04616634 -0.1377707 0.004723555 84816545 -0.04305595 -0.08122261 0.1003684
0.04901953 -0.1375012 0.004890448 85176870 -0.0403971 -0.08046193 0.100061
0.05202165 -0.1359561 0.004993028 85517177 -0.03785741 -0.0792795 0.09994446
0.05513063 -0.1344549 0.005508013 85827469 -0.03531277 -0.07795688 0.100029
0.05836022 -0.1321602 0.005776532 86197791 -0.03256592 -0.07635697 0.1002471
0.0618223 -0.130671 0.006477841 86518084 -0.02963006 -0.07479747 0.1003973
0.06524079 -0.128263 0.006730088 86838369 -0.02662263 -0.07301839 0.1006205
0.0686783 -0.1261279 0.007188687 87148649 -0.0237017 -0.07122477 0.100772
0.07233153 -0.1230278 0.007336149 87508975 -0.02061373 -0.06927522 0.1010276
0.07559641 -0.1208778 0.007779488 87849282 -0.0178099 -0.06743415 0.1011888
0.07886603 -0.1181592 0.008113156 88159562 -0.01518205 -0.06541022 0.1012729
0.08190249 -0.1156591 0.008330296 88559927 -0.01259452 -0.06361886 0.1014345
0.08477191 -0.1131087 0.008112083 88830163 -0.01012054 -0.06197342 0.1013154
0.08708234 -0.1108254 0.007396589 89170482 -0.00802553 -0.06013497 0.1006233
0.0895052 -0.1085844 0.006637346 89570839 -0.005835924 -0.05826315 0.0998259
0.09167945 -0.1060514 0.005632948 89841079 -0.003967885 -0.05634435 0.09883724
0.09388752 -0.1041712 0.004761171 90191391 -0.002114777 -0.05462214 0.09768425
0.09597488 -0.1025283 0.003447366 90501691 -9.33148E-05 -0.05311867 0.09637658
0.097776 -0.1003134 0.001745058 90851991 0.001606312 -0.05127355 0.09476518
0.09974042 -0.0983332 0.0002237093 91212321 0.003498163 -0.04938253 0.09321569
0.1018183 -0.09609076 -0.001136826 91572650 0.005341019 -0.04723414 0.09166096
0.1041271 -0.09359546 -0.002126859 91902936 0.007274951 -0.04525157 0.09054887
0.1061913 -0.09177764 -0.003056393 92223273 0.009093937 -0.04366215 0.08948147
0.1085727 -0.0898983 -0.003941223 92533513 0.01136967 -0.04214355 0.08867251
0.1111079 -0.08774026 -0.005059704 92883821 0.01368486 -0.04064139 0.0876587
0.1135156 -0.08590349 -0.006335839 93224132 0.01599335 -0.03905972 0.08640753
0.115678 -0.08395609 -0.007802232 93574444 0.01814526 -0.03724583 0.08499741
0.1175572 -0.08189388 -0.009390933 93874715 0.02006515 -0.03537723 0.08354855
0.1200745 -0.07916399 -0.01010261 94215026 0.02198726 -0.03324207 0.08250576
0.1216782 -0.0771974 -0.01056127 94565342 0.02331417 -0.03147038 0.08184969
0.1238902 -0.07434078 -0.01025621 94905645 0.02464729 -0.0294443 0.0816208
0.1254954 -0.07242223 -0.009694737 95225939 0.02573102 -0.02796062 0.08182836
0.1271982 -0.07010456 -0.009119493 95536223 0.02694177 -0.02634665 0.08220494
0.1289644 -0.06783577 -0.008206529 95876526 0.02816912 -0.02482268 0.08287822
0.1306243 -0.06496807 -0.007458312 96246860 0.02936071 -0.02304384 0.08361476
0.1321569 -0.0619057 -0.007133526 96577166 0.03038397 -0.02083608 0.08376098
0.1334046 -0.05843481 -0.007356626 96887438 0.0313689 -0.01814708 0.08359318
0.1346301 -0.05492278 -0.007676702 97217736 0.03229022 -0.01568576 0.08339059
0.1355125 -0.05132576 -0.008322697 97548030 0.03290688 -0.01297292 0.08282226
0.1362442 -0.04788574 -0.009147625 97908359 0.03354775 -0.01018449 0.08216667
0.1367686 -0.044131 -0.009848397 98258675 0.03384921 -0.007463302 0.08163559
0.1369499 -0.04033884 -0.009991328 98799171 0.03366639 -0.004461613 0.08139574
0.13734 -0.03196677 -0.009952288 99339659 0.03323474 0.001506958 0.08141422
0.1387105 -0.02635154 -0.008403283 99679966 0.03362664 0.005699906 0.08235096
0.1399062 -0.02309247 -0.006845873 100030274 0.03413772 0.008116875 0.08340525
0.1410535 -0.0199475 -0.005005162 100410621 0.03470036 0.01049069 0.08482116
0.1422389 -0.0167596 -0.003295284 100750924 0.03559794 0.01252762 0.08657252
0.1436168 -0.013455 -0.001447898 101031181 0.03624486 0.01453129 0.0879628
0.1447863 -0.01059827 0.0001300758 101371484 0.03708472 0.01659718 0.0893883
0.1459858 -0.007605162 0.001373607 101721801 0.03782722 0.01839307 0.09043574
0.1468433 -0.004680004 0.002371389 102062108 0.03829371 0.02027992 0.09125458
0.1472874 -0.002075758 0.003199953 102362375 0.03849765 0.02201358 0.0920298
0.1480173 1.100063E-05 0.004255373 102702686 0.03875964 0.02333775 0.09271365
0.148412 0.00165132 0.004890996 103052998 0.03899168 0.02467433 0.09322774
0.1488198 0.003241095 0.005498904 103383296 0.03923314 0.02568999 0.09377717
0.1488853 0.004577074 0.005822617 103743625 0.03924518 0.0267047 0.09411573
0.1492326 0.006246481 0.006385285 104063926 0.03933527 0.02763072 0.09454167
0.1492509 0.007470045 0.006647724 104384211 0.03934073 0.02830592 0.09491932
0.1491344 0.008095178 0.006979841 104704488 0.03923544 0.02886096 0.09528189
0.1489003 0.008500252 0.006988424 105054804 0.03912436 0.0290505 0.09549367
0.1485311 0.008302721 0.00689246 105445165 0.03881221 0.02908316 0.09541475
0.1476095 0.007878098 0.006554681 105975635 0.0380535 0.02893236 0.09521388
0.1450246 0.007640276 0.00580849 106315942 0.03558152 0.02848879 0.09465557
0.1432643 0.007750544 0.005637187 106686285 0.03386538 0.02799741 0.09467756
0.1410262 0.008095297 0.005786793 106986552 0.03142803 0.02756658 0.09475505
