0.1401503 -0.0003090895 0.0003715307 0 0.06805852 0.0002957487 0.2268527
0.1409459 -0.0007802704 0.0002048314 110103 0.06834756 0.0003667974 0.2260894
0.1409459 -0.0007802704 0.0002048314 230216 0.06834756 0.0003667974 0.2260894
0.1415751 -0.001354862 -9.931624E-05 340311 0.06859279 0.0002506876 0.2254423
0.1415751 -0.001354862 -9.931624E-05 450411 0.06859279 0.0002506876 0.2254423
0.1422089 -0.002007313 -0.0005536526 560514 0.06905009 0.0001081133 0.2248338
0.1430729 -0.0024763 -0.0005982816 670613 0.06972484 -0.0002461767 0.2241952
0.1438224 -0.002622486 -0.000903368 780705 0.070057 -0.0006178713 0.2234712
0.1438224 -0.002622486 -0.000903368 900821 0.070057 -0.0006178713 0.2234712
0.1445539 -0.002661265 -0.001617253 1010912 0.0702683 -0.0005852079 0.2226048
0.1454127 -0.002764328 -0.002232 1121016 0.07041627 -0.0004754162 0.2216116
0.1454127 -0.002764328 -0.002232 1251141 0.07041627 -0.0004754162 0.2216116
0.1461325 -0.002608568 -0.002614588 1351227 0.07047294 -0.0002895689 0.2207939
0.1468737 -0.002358112 -0.003079429 1461327 0.07060087 -0.0002317524 0.219968
0.1468737 -0.002358112 -0.003079429 1571426 0.07060087 -0.0002317524 0.219968
0.147482 -0.002216994 -0.003401607 1681526 0.07069692 -0.0001586771 0.2193028
0.1479827 -0.001964357 -0.004023582 1791633 0.07067874 5.5933E-06 0.2186297
0.1479827 -0.001964357 -0.004023582 1901720 0.07067874 5.5933E-06 0.2186297
0.1486025 -0.001485467 -0.004538745 2011820 0.07085857 0.0002771521 0.2179451
0.1490987 -0.0008962335 -0.004922047 2131928 0.07084054 0.000576725 0.2173439
0.1490987 -0.0008962335 -0.004922047 2242027 0.07084054 0.000576725 0.2173439
0.1494371 -0.0002903276 -0.005276158 2352127 0.07069947 0.0009380484 0.2168624
0.1496546 0.0002186875 -0.005676925 2482244 0.07061224 0.001300921 0.2165129
0.14983 0.0009087971 -0.005734548 2582334 0.07057522 0.00159513 0.2163103
0.14983 0.0009087971 -0.005734548 2682425 0.07057522 0.00159513 0.2163103
0.1500324 0.001351144 -0.005851835 2802533 0.07062237 0.001892557 0.2160973
0.1500324 0.001351144 -0.005851835 2922642 0.07062237 0.001892557 0.2160973
0.1500892 0.002203722 -0.006138831 3022728 0.07037555 0.002268662 0.2158762
0.1501607 0.002992991 -0.005869865 3132831 0.070531 0.002731195 0.2159291
0.1501607 0.002992991 -0.005869865 3252936 0.070531 0.002731195 0.2159291
0.1500388 0.003755193 -0.005984023 3363035 0.07033843 0.003041496 0.215948
0.1498218 0.004513916 -0.005709395 3473138 0.0704471 0.003340473 0.2162723
0.1498218 0.004513916 -0.005709395 3583242 0.0704471 0.003340473 0.2162723
0.1498535 0.005337296 -0.00571689 3693337 0.07047692 0.003864279 0.216248
0.1495458 0.006226705 -0.005466625 3803444 0.07034335 0.004354229 0.2165617
0.1495458 0.006226705 -0.005466625 3923545 0.07034335 0.004354229 0.2165617
0.1494194 0.007083216 -0.005228251 4053666 0.07032384 0.004754891 0.2167329
0.1491431 0.008271799 -0.004984722 4153769 0.0703783 0.005354753 0.217083
0.1491431 0.008271799 -0.004984722 4253847 0.0703783 0.005354753 0.217083
0.1488192 0.009173363 -0.004873127 4363946 0.07010825 0.005675187 0.2173192
0.1484947 0.01028855 -0.00438036 4484055 0.07016461 0.006373277 0.2177806
0.1481887 0.01139472 -0.003999025 4594150 0.07017115 0.007163157 0.2181794
0.1481887 0.01139472 -0.003999025 4704261 0.07017115 0.007163157 0.2181794
0.1476609 0.01247869 -0.003762156 4814365 0.07005286 0.007682791 0.2187121
0.1476609 0.01247869 -0.003762156 4924444 0.07005286 0.007682791 0.2187121
0.1473602 0.01376536 -0.003336176 5034560 0.07017684 0.00850152 0.2191586
0.146961 0.0150335 -0.003085285 5154652 0.07002923 0.009357205 0.2195558
0.146961 0.0150335 -0.003085285 5284773 0.07002923 0.009357205 0.2195558
0.146365 0.01645801 -0.002756402 5374875 0.06976783 0.01022076 0.220122
0.1459364 0.01789438 -0.002702668 5484950 0.06982055 0.01118957 0.2205769
0.145221 0.01962085 -0.002888814 5595053 0.0696235 0.01200711 0.2211391
0.145221 0.01962085 -0.002888814 5725179 0.0696235 0.01200711 0.2211391
0.1447693 0.02134352 -0.002783746 5825261 0.06938213 0.01304614 0.2214951
0.1447693 0.02134352 -0.002783746 5935368 0.06938213 0.01304614 0.2214951
0.1443737 0.02318587 -0.00289683 6045464 0.06917569 0.01455628 0.2217698
0.1438746 0.02487418 -0.002965063 6165568 0.0688725 0.01595615 0.2221247
0.1438746 0.02487418 -0.002965063 6275667 0.0688725 0.01595615 0.2221247
0.1435575 0.02655255 -0.002789527 6385783 0.0688967 0.01731216 0.2224856
0.1433686 0.02833291 -0.002592027 6495874 0.06909034 0.01851558 0.2227707
0.1428795 0.03000947 -0.002233535 6615974 0.06911486 0.01973628 0.2233451
0.1428795 0.03000947 -0.002233535 6716073 0.06911486 0.01973628 0.2233451
0.1426432 0.03162846 -0.001469746 6826164 0.06941222 0.02107965 0.2238909
0.1426432 0.03162846 -0.001469746 6966287 0.06941222 0.02107965 0.2238909
0.1422323 0.03363484 -0.001069427 7056384 0.06969807 0.02246045 0.2244859
0.1417645 0.03548093 -0.0006213039 7166471 0.06980652 0.02368449 0.2250795
0.1414237 0.03718522 -0.0001696646 7276567 0.07006402 0.02489101 0.225611
0.1414237 0.03718522 -0.0001696646 7386666 0.07006402 0.02489101 0.225611
0.1410393 0.0390057 0.0003563315 7506778 0.07043478 0.02617966 0.2262472
0.1406211 0.04077 0.0008321553 7626899 0.07060534 0.02743339 0.2268259
0.1406211 0.04077 0.0008321553 7726985 0.07060534 0.02743339 0.2268259
0.1402687 0.04267909 0.001240283 7847090 0.07075237 0.02896821 0.2273208
0.1398848 0.04448138 0.001583427 7957185 0.07081558 0.03041255 0.2277983
0.1398848 0.04448138 0.001583427 8057275 0.07081558 0.03041255 0.2277983
0.1395469 0.04627911 0.001780987 8197398 0.07093777 0.03178965 0.2282027
0.1393048 0.04786788 0.002163872 8287495 0.0711728 0.03293263 0.2285981
0.1393048 0.04786788 0.002163872 8407603 0.0711728 0.03293263 0.2285981
0.1390217 0.04938439 0.002732784 8507690 0.07137363 0.03417467 0.2290923
0.1387144 0.05086201 0.003242195 8627790 0.07163048 0.03543912 0.2296242
0.1387144 0.05086201 0.003242195 8727880 0.07163048 0.03543912 0.2296242
0.1384204 0.05240411 0.003512502 8857994 0.07180172 0.03669035 0.2300323
0.1382595 0.05401158 0.003591865 8958092 0.07180712 0.03797733 0.2301785
0.1382595 0.05401158 0.003591865 9068183 0.07180712 0.03797733 0.2301785
0.1380848 0.05557816 0.003778756 9188292 0.0717801 0.03926539 0.2303602
0.1379764 0.05698429 0.003903657 9288398 0.07204939 0.04048966 0.2305837
0.1379764 0.05698429 0.003903657 9428513 0.07204939 0.04048966 0.2305837
0.1377899 0.0582156 0.004197344 9528599 0.07225597 0.04153525 0.2309095
0.1376432 0.05956647 0.004653737 9638710 0.07248311 0.04266368 0.2312388
0.1376432 0.05956647 0.004653737 9738793 0.07248311 0.04266368 0.2312388
0.1374462 0.0609365 0.004768431 9858897 0.07255755 0.04388546 0.2314791
0.1372359 0.06231016 0.00490953 9969000 0.07255889 0.04515897 0.2317184
0.1372359 0.06231016 0.00490953 10079100 0.07255889 0.04515897 0.2317184
0.1369533 0.06363269 0.005108908 10189203 0.07263197 0.0462886 0.2320636
0.1365609 0.06492966 0.005576864 10329326 0.07279274 0.04732191 0.2326195
0.1361296 0.06625877 0.006008729 10419407 0.07289459 0.04826497 0.2331637
0.1361296 0.06625877 0.006008729 10529514 0.07289459 0.04826497 0.2331637
0.1357179 0.06768187 0.006528035 10639610 0.07287243 0.04950916 0.233693
0.1357179 0.06768187 0.006528035 10749701 0.07287243 0.04950916 0.233693
0.1352174 0.06925562 0.006387502 10859800 0.07257479 0.05077635 0.2340104
0.1346668 0.07081655 0.00630872 10969904 0.07224455 0.0520178 0.234381
0.1346668 0.07081655 0.00630872 11080023 0.07224455 0.0520178 0.234381
0.1341124 0.07248228 0.006179646 11200107 0.07189046 0.05321991 0.2347054
0.1335893 0.07403667 0.006363332 11320220 0.07174677 0.0543307 0.2351642
0.1335893 0.07403667 0.006363332 11420310 0.07174677 0.0543307 0.2351642
0.133031 0.07550473 0.006314576 11550427 0.07137671 0.05548727 0.235531
0.1324279 0.07704715 0.005918473 11650518 0.07085907 0.05666863 0.2357821
0.1319237 0.07852491 0.005616561 11750612 0.0703295 0.05784642 0.2359596
0.1319237 0.07852491 0.005616561 11870717 0.0703295 0.05784642 0.2359596
0.131173 0.08002605 0.004982054 12010843 0.06961432 0.05883204 0.2361888
0.1305054 0.08147656 0.004581973 12090919 0.06914695 0.0597397 0.2364813
0.1305054 0.08147656 0.004581973 12201023 0.06914695 0.0597397 0.2364813
0.1298704 0.08267403 0.00449802 12311126 0.06874387 0.06048786 0.2368681
0.1289985 0.08427024 0.003737971 12451240 0.06791401 0.06135618 0.237085
0.1289985 0.08427024 0.003737971 12661434 0.06791401 0.06135618 0.237085
0.1273421 0.08746263 0.002264783 12761524 0.06607378 0.06333648 0.2373977
0.1273421 0.08746263 0.002264783 12921665 0.06607378 0.06333648 0.2373977
0.1263257 0.08905173 0.001662254 13141868 0.06515637 0.06420099 0.237748
0.1250859 0.09097274 0.00092794 13372071 0.06417593 0.06509625 0.2381849
0.1227871 0.09426191 -0.0001503378 13582269 0.06200433 0.06688415 0.2389951
0.1215045 0.09616172 -0.001078293 13812465 0.06085705 0.06788265 0.2393359
0.1202822 0.0980365 -0.001820281 14032672 0.05973012 0.06886255 0.2396711
0.1177808 0.101801 -0.002754733 14222839 0.05765416 0.07092618 0.2406182
0.116429 0.1035326 -0.003215343 14352965 0.05643399 0.07196438 0.2411395
0.1149187 0.1054992 -0.003639743 14553137 0.05535059 0.07311403 0.2418287
0.1134927 0.1073671 -0.004071221 14693260 0.05424163 0.07417011 0.2424154
0.1116496 0.1095219 -0.004445106 14933476 0.05299831 0.07530199 0.2432892
0.1099879 0.1115003 -0.004622653 15143674 0.05172952 0.07645976 0.2440875
0.1083286 0.1130171 -0.004640713 15383887 0.05069512 0.07750451 0.2450902
0.1047295 0.1164909 -0.004970089 15594077 0.04827102 0.07943594 0.2469269
0.1027094 0.118378 -0.005031854 15834297 0.04677472 0.08040332 0.2479122
0.1004814 0.1202589 -0.00517039 16054500 0.04522213 0.0813235 0.2489945
0.09649339 0.1231186 -0.005060315 16264678 0.04241408 0.08282863 0.2510912
0.09440798 0.1244669 -0.005363032 16484889 0.04094872 0.08342921 0.2520064
0.0899514 0.1274276 -0.005564481 16715088 0.03776559 0.0850731 0.2541249
0.08758555 0.1292361 -0.005555287 16965314 0.03601927 0.08603667 0.2551982
0.08522245 0.1306197 -0.005766675 17155482 0.03429589 0.08680116 0.2562198
0.0799854 0.1337508 -0.005842283 17405711 0.03052841 0.08837926 0.2585117
0.0773811 0.1354344 -0.005639613 17605892 0.02875829 0.0892868 0.259739
0.07489486 0.1368154 -0.005389765 17836096 0.02687737 0.09015977 0.2609143
0.07185561 0.1387455 -0.005687654 18056303 0.02485083 0.09092509 0.2619544
0.06578778 0.1422966 -0.005800724 18296515 0.02123912 0.09219872 0.2642252
0.06335644 0.1436352 -0.005423009 18496700 0.01961304 0.09311139 0.2653808
0.05890049 0.1457648 -0.005083427 18726904 0.01632777 0.09477698 0.2672738
0.05657224 0.1468125 -0.005131707 18947102 0.01466648 0.09553181 0.2681128
0.05460246 0.1474697 -0.004775986 19177310 0.01317082 0.09619021 0.2690527
0.04979989 0.1490316 -0.004211709 19427536 0.01024403 0.09725534 0.2711481
0.04795 0.1495527 -0.003961653 19627717 0.008739978 0.09791481 0.2719512
0.04593041 0.1501331 -0.003983453 19857924 0.00721939 0.09846651 0.2726272
0.04152399 0.1516399 -0.004122123 20068114 0.004079595 0.0995593 0.273893
0.03971523 0.1517478 -0.004091665 20288325 0.002644211 0.09993183 0.2745398
0.03754387 0.152338 -0.004095316 20508507 0.00113669 0.1003463 0.2751502
0.03345748 0.1531681 -0.004367366 20748728 -0.001957029 0.1008056 0.2759873
0.03139388 0.1534023 -0.004385054 20968927 -0.003551156 0.1010519 0.2764992
0.02929922 0.1535819 -0.004272982 21199131 -0.005119681 0.1012949 0.2770965
0.02491271 0.15379 -0.00408867 21409333 -0.008202583 0.1016729 0.2782963
0.0228453 0.1542405 -0.004107624 21639532 -0.009830713 0.1020278 0.2786539
0.02073433 0.1545369 -0.004067391 21889758 -0.0113461 0.1022657 0.2790746
0.01629896 0.1548199 -0.003846213 22069925 -0.01457497 0.1026548 0.2800174
0.01381513 0.1549959 -0.003760219 22310137 -0.01626658 0.1028715 0.2804877
0.01180778 0.1549714 -0.003834099 22520335 -0.01781216 0.1029924 0.2807504
0.007367724 0.1550921 -0.003930852 22760544 -0.02117372 0.1030794 0.2811595
0.005115228 0.1548249 -0.00384666 22970734 -0.02282634 0.102971 0.2814723
0.002871844 0.1544601 -0.003789619 23200941 -0.02440205 0.102788 0.2817559
-0.002209795 0.1539686 -0.003912196 23421140 -0.02782288 0.1022583 0.2819783
-0.00439881 0.1537173 -0.00399141 23641339 -0.02961075 0.1021641 0.2820028
-0.006630202 0.1534971 -0.003967136 23891569 -0.03137609 0.1021202 0.2820796
-0.00980541 0.1529007 -0.003793627 24091749 -0.03474265 0.1020406 0.2821553
-0.01211337 0.1526843 -0.003620476 24321949 -0.03649497 0.1018957 0.282226
-0.01695872 0.1521321 -0.00323616 24542148 -0.0403021 0.101981 0.2824228
-0.01955256 0.1516552 -0.002997696 24772355 -0.04212922 0.102002 0.2825764
-0.02176689 0.1512029 -0.002552301 24992558 -0.04373544 0.1019413 0.2828123
-0.02597147 0.1504528 -0.001815945 25222766 -0.04692462 0.1017981 0.2830247
-0.02834601 0.1498696 -0.001470551 25432960 -0.04860217 0.1017675 0.2831369
-0.02970931 0.149521 -0.00113751 25663163 -0.04992023 0.1018692 0.2832657
-0.03397564 0.1482754 -0.0001015663 25913397 -0.05290511 0.1014618 0.2835566
-0.03549671 0.1475523 6.0305E-05 26103561 -0.0543375 0.1012951 0.2835268
-0.03750131 0.1467811 0.0005280077 26353786 -0.0556807 0.1011099 0.2836602
-0.04099665 0.1453413 0.001180902 26553967 -0.0584687 0.1005338 0.2835989
-0.04306695 0.144508 0.001572415 26774162 -0.05992592 0.100221 0.2835535
-0.04502906 0.1437084 0.002049536 27024392 -0.06132078 0.1000457 0.2835958
-0.04791543 0.142195 0.002533928 27224572 -0.06361592 0.09926402 0.2833689
-0.04985715 0.1414254 0.002845868 27454788 -0.0648931 0.09886681 0.2831621
-0.05117112 0.1407574 0.003093153 27684984 -0.06609815 0.09856497 0.2830323
-0.05453707 0.1391429 0.00361295 27905182 -0.06853959 0.09774029 0.282587
-0.05645463 0.1379953 0.003900215 28125389 -0.0697481 0.09715091 0.2823455
-0.05775171 0.1373309 0.004140317 28345584 -0.07091346 0.09673058 0.2821187
-0.05928479 0.1363925 0.004430786 28575792 -0.07210141 0.09626984 0.2819214
-0.0625403 0.1346287 0.004957899 28785981 -0.07469445 0.0953958 0.2813361
-0.0642413 0.1336326 0.005157024 29016189 -0.0759322 0.0947951 0.2809373
-0.06731779 0.1315603 0.005519941 29256406 -0.0784879 0.09367405 0.2802163
-0.0687285 0.1306491 0.005582809 29466592 -0.07963082 0.0932387 0.2798076
-0.07030847 0.1296151 0.005508125 29696803 -0.08075354 0.09264099 0.2792171
-0.0735067 0.1276459 0.005594552 29917006 -0.08287889 0.09118091 0.2780227
-0.07496535 0.1265859 0.005616307 30147210 -0.08397996 0.09054874 0.2774935
-0.0765533 0.1254589 0.005541757 30347390 -0.08498856 0.08989453 0.2768485
-0.07948613 0.1236201 0.005274549 30587607 -0.08692718 0.08853851 0.2754018
-0.0809918 0.1226361 0.005224675 30797797 -0.0879516 0.08779871 0.2746931
-0.08257085 0.1215261 0.005192861 31017996 -0.08889079 0.08700489 0.2739727
-0.08561676 0.119437 0.00481382 31278230 -0.09068614 0.08552634 0.2723246
-0.08749178 0.1184247 0.004633605 31468402 -0.09172243 0.0848633 0.2713087
-0.08906454 0.1176839 0.004332185 31708615 -0.09270024 0.08444094 0.2703411
-0.09207325 0.1157422 0.003608301 31918809 -0.09489316 0.08342241 0.2684219
-0.09368274 0.1145626 0.003287449 32149016 -0.095893 0.08281528 0.2674428
-0.09523899 0.1137942 0.002994135 32369219 -0.09680256 0.08233451 0.2664266
-0.09832472 0.1120104 0.00233151 32589414 -0.09845403 0.08101856 0.2643021
-0.09984723 0.1108695 0.002036706 32809608 -0.09923935 0.08032893 0.2633095
-0.1023138 0.1088402 0.0009431243 33039820 -0.1003471 0.07884561 0.2612345
-0.10361 0.1079264 0.0004210472 33260031 -0.1006916 0.07797919 0.2601216
-0.1047906 0.1070229 -0.0001117587 33480230 -0.101033 0.07712852 0.259066
-0.1072818 0.1048047 -0.000581637 33740461 -0.1020029 0.07543789 0.2573212
-0.1082911 0.1036169 -0.0008909255 33930640 -0.1023346 0.07445704 0.2565284
-0.1093791 0.1024925 -0.00132367 34210877 -0.102716 0.07363426 0.2556199
-0.1115441 0.1004429 -0.001919553 34381026 -0.1036226 0.07197701 0.253921
-0.1125889 0.0993305 -0.002172619 34611234 -0.1040604 0.07098853 0.2531029
-0.1137466 0.098241 -0.002272397 34831437 -0.1045688 0.07011615 0.2523201
-0.1161051 0.09583537 -0.002531931 35051632 -0.1056562 0.06848346 0.2507295
-0.1172834 0.09479616 -0.002716973 35271830 -0.1061937 0.0676223 0.2498522
-0.11766 0.09491531 -0.003389895 35502042 -0.1064536 0.0670483 0.2490534
-0.1198144 0.092172 -0.00345996 35732250 -0.1076465 0.06523346 0.2477046
-0.1210769 0.09092526 -0.003309682 35942440 -0.108296 0.06433713 0.2469871
-0.1223382 0.08970282 -0.003191829 36172647 -0.1088824 0.06346976 0.2462426
-0.1245398 0.08692 -0.002888128 36402855 -0.110251 0.06158554 0.245022
-0.1257021 0.08550077 -0.002722591 36623058 -0.1109043 0.06066262 0.2443726
-0.1267703 0.08386561 -0.002641633 36853262 -0.1116147 0.05966531 0.2437542
-0.1288288 0.08089681 -0.002636343 37063447 -0.1126796 0.05767559 0.2424135
-0.1297222 0.07907494 -0.002697334 37293663 -0.1130848 0.05657088 0.2418294
-0.1306171 0.07750315 -0.002673998 37523867 -0.1134608 0.05550276 0.2412564
-0.1321585 0.07425438 -0.002680466 37744061 -0.1142254 0.05320393 0.2402399
-0.1329319 0.07262506 -0.002661467 37964264 -0.1145897 0.05210077 0.2397436
-0.1334946 0.07107425 -0.002924025 38184471 -0.1148134 0.05087744 0.2392101
-0.1342575 0.06935854 -0.002873838 38444706 -0.1151348 0.04970848 0.2387351
-0.1356563 0.06586075 -0.002938971 38644878 -0.1157588 0.04712569 0.2377498
-0.1364478 0.0639521 -0.002899706 38865073 -0.1160391 0.04581236 0.2372393
-0.1379257 0.06029769 -0.00280349 39075267 -0.1168143 0.04319274 0.2362791
-0.1387143 0.05845979 -0.002795637 39315479 -0.1172496 0.04195368 0.2357407
-0.1404858 0.05461903 -0.002644479 39525673 -0.1180166 0.03921413 0.2345633
-0.1414947 0.05284832 -0.002403572 39765902 -0.1185572 0.03781366 0.2339467
-0.1427453 0.05096318 -0.001876399 39996098 -0.1192695 0.03664982 0.2333265
-0.1445785 0.04722965 -0.001895517 40216292 -0.1202435 0.03428303 0.2319816
-0.1464658 0.04577797 -0.000165984 40416485 -0.1213735 0.03342139 0.2314517
-0.1473177 0.04394759 -0.0003838986 40656698 -0.1215573 0.03201162 0.2306695
-0.1480329 0.0419506 -0.0007074773 40866884 -0.121777 0.03065657 0.2299611
-0.1494465 0.03821845 -0.001347959 41097103 -0.1221176 0.02803861 0.2285364
-0.1502283 0.03641153 -0.001452953 41317298 -0.1222884 0.02672028 0.227866
-0.1517314 0.03270445 -0.001565218 41537485 -0.1230107 0.02424633 0.2266424
-0.1524166 0.03079281 -0.001555622 41787715 -0.1233698 0.02318393 0.2261261
-0.1530814 0.02912948 -0.001540974 41997900 -0.1236786 0.02203213 0.2256061
-0.1542837 0.02578003 -0.00169681 42228116 -0.1241076 0.01963984 0.2245621
-0.15469 0.02381354 -0.001934066 42428297 -0.1242666 0.01837753 0.224128
-0.1549835 0.02213014 -0.00229843 42688527 -0.1242763 0.01717972 0.2237105
-0.155596 0.0187528 -0.002582818 42888708 -0.1241816 0.01473152 0.2230707
-0.1557198 0.01695548 -0.002937883 43118912 -0.124031 0.013368 0.2227922
-0.1557357 0.01497815 -0.003388271 43329105 -0.1237929 0.01196252 0.2225553
-0.1558692 0.01111238 -0.004187584 43559313 -0.1232458 0.009139648 0.2220377
-0.1559105 0.0091472 -0.004598856 43769503 -0.1230082 0.007694831 0.2217926
-0.1560964 0.007302415 -0.00482668 43999707 -0.1229509 0.006390443 0.2215234
-0.1563294 0.003435038 -0.005307898 44219917 -0.122832 0.003623119 0.2210832
-0.1565256 0.001574108 -0.005330667 44440112 -0.1229495 0.002313485 0.2209094
-0.1566432 -0.0002452505 -0.005411744 44690330 -0.1228464 0.0009993219 0.2207646
-0.1570037 -0.003830951 -0.005397275 44900520 -0.1229008 -0.001666198 0.2204636
-0.1572029 -0.005692896 -0.005249485 45140744 -0.1230648 -0.00292624 0.2203668
-0.1571482 -0.007678146 -0.005436927 45340925 -0.1231009 -0.004271636 0.2203082
-0.1572713 -0.01167274 -0.005265608 45581150 -0.1231844 -0.007152805 0.2202683
-0.1573193 -0.01363921 -0.00511384 45791327 -0.1233846 -0.008572111 0.2202941
-0.1573999 -0.01560574 -0.004810303 46011522 -0.1236268 -0.009936461 0.2203653
-0.1573306 -0.01959694 -0.004801646 46261752 -0.1236467 -0.01293553 0.220394
-0.157235 -0.02167512 -0.004671097 46461937 -0.1237744 -0.01452828 0.2205236
-0.1572855 -0.02372958 -0.004087836 46722163 -0.1242448 -0.01589836 0.2207513
-0.1570702 -0.02770595 -0.003662407 46922348 -0.1245914 -0.01888813 0.2211036
-0.1568338 -0.02970148 -0.003346905 47142547 -0.1246739 -0.02041377 0.2214357
-0.1562408 -0.03339413 -0.00264731 47352732 -0.1249401 -0.02344109 0.2222513
-0.1558696 -0.03529238 -0.002261087 47572935 -0.125132 -0.02492298 0.2227352
-0.1553223 -0.03715084 -0.002968505 47803151 -0.1245597 -0.02650262 0.2228161
-0.1550355 -0.03862477 -0.002539426 48023342 -0.1244952 -0.02785696 0.2232628
-0.1538599 -0.04244831 -0.001761019 48253554 -0.1248327 -0.0307746 0.2245868
-0.1534349 -0.04369022 -0.001619235 48463739 -0.1247137 -0.03196658 0.2250104
-0.1529018 -0.04530632 -0.001237348 48703952 -0.1247132 -0.03325213 0.2256263
-0.1515572 -0.04836599 -0.0006664693 48934172 -0.1247123 -0.03586281 0.2270108
-0.1506268 -0.05001047 -0.0006871372 49144353 -0.1245144 -0.03717543 0.2277476
-0.148852 -0.05313314 -0.0002437979 49394591 -0.1241558 -0.03976215 0.2294021
-0.1480726 -0.05435606 -1.440942E-05 49584751 -0.1239039 -0.04100991 0.2301673
-0.1471811 -0.05572344 4.121661E-05 49854995 -0.1238011 -0.04219664 0.2309152
-0.1454356 -0.05867597 0.0002669245 50175280 -0.1235618 -0.04422105 0.2323739
-0.1436563 -0.06121871 0.0001666993 50375460 -0.1229176 -0.04633988 0.2337148
-0.1426716 -0.0625819 0.0001735389 50605672 -0.1226676 -0.04727997 0.2344646
-0.1418431 -0.06376776 0.0004092902 50815858 -0.1224588 -0.04814137 0.2352226
-0.1396719 -0.06635889 0.0003869236 51066088 -0.1218129 -0.04999734 0.236849
-0.1385391 -0.06761465 0.000501737 51286290 -0.1214561 -0.05098404 0.2377731
-0.1374867 -0.06881522 0.0006083101 51596566 -0.121109 -0.05193664 0.2386272
-0.1353093 -0.07119033 0.0009615421 51846792 -0.1203623 -0.05379273 0.2404567
-0.1331152 -0.0734029 0.001294181 52056982 -0.1197786 -0.05559386 0.242281
-0.1320533 -0.07437319 0.001470909 52307208 -0.1195681 -0.05639959 0.2431699
-0.1309066 -0.0755986 0.001623392 52507388 -0.1193198 -0.05723918 0.2440733
-0.1290102 -0.07765387 0.00223121 52737592 -0.1187297 -0.05902947 0.2458255
-0.1278315 -0.07869145 0.00217475 52937781 -0.118355 -0.05985916 0.2466355
-0.1267578 -0.07983769 0.002339959 53177989 -0.1180108 -0.06064845 0.2474765
-0.1243554 -0.08192542 0.002550125 53398196 -0.1170008 -0.0624174 0.2493152
-0.1232859 -0.08273471 0.002785072 53738511 -0.1166252 -0.06313492 0.250221
-0.1209299 -0.08475701 0.003173187 53978728 -0.1157071 -0.0644697 0.2520444
-0.1196231 -0.08578529 0.003262192 54178897 -0.1152003 -0.06528557 0.2529888
-0.1173565 -0.08760149 0.003607914 54389086 -0.1143281 -0.06677545 0.2547375
-0.1163969 -0.08849486 0.003859252 54619298 -0.1140622 -0.06749834 0.2555298
-0.1154037 -0.08939689 0.004056334 54869520 -0.1138136 -0.06824029 0.2563048
-0.1137148 -0.09126876 0.00467971 55059687 -0.1133621 -0.06989731 0.2578132
-0.1129016 -0.09218585 0.005063668 55299916 -0.1131741 -0.07071818 0.2585909
-0.1120257 -0.09313981 0.005295426 55660238 -0.1130194 -0.07149877 0.2592885
-0.1094791 -0.09632613 0.006032884 56000537 -0.1123602 -0.07411218 0.2613289
-0.1078432 -0.09872032 0.006723627 56200721 -0.1119611 -0.0761205 0.2627582
-0.1071113 -0.09983509 0.007014364 56541024 -0.1117284 -0.07705881 0.2633817
-0.10541 -0.102835 0.007372394 56871322 -0.1111491 -0.07920397 0.2645082
-0.1037204 -0.105516 0.007784739 57221643 -0.1105903 -0.0812589 0.2656873
-0.1019347 -0.1078843 0.008003727 57421831 -0.1100051 -0.08301891 0.2667757
-0.1010991 -0.1087828 0.008220181 57672045 -0.1097582 -0.08373775 0.2673773
-0.09929107 -0.1102779 0.008709252 57862221 -0.1092338 -0.08500589 0.2687175
-0.0982503 -0.1110507 0.00866726 58112455 -0.1089061 -0.08552481 0.269231
-0.09726831 -0.1116123 0.008759588 58452754 -0.1085571 -0.08597793 0.2698343
-0.09526853 -0.1127848 0.008935302 58682961 -0.1077907 -0.08689608 0.2710297
-0.09330449 -0.1135112 0.009012491 59013259 -0.1069121 -0.08747161 0.2721503
-0.09126464 -0.1141781 0.008992821 59213452 -0.1060725 -0.08783496 0.273172
-0.09006456 -0.1147227 0.008822888 59453653 -0.1055149 -0.08802296 0.273606
-0.08905425 -0.1150094 0.008808553 59763933 -0.1050515 -0.08823598 0.2741107
-0.08658741 -0.1162565 0.008416876 60004149 -0.1038784 -0.08880103 0.2749247
-0.0844219 -0.1174003 0.008122504 60344461 -0.1026044 -0.08946241 0.2756912
-0.08218691 -0.1186737 0.007669717 60684768 -0.1011854 -0.09024072 0.2763464
-0.07991134 -0.1201685 0.007084265 60884957 -0.09976102 -0.09096349 0.2768064
-0.07879715 -0.1209261 0.006815046 61105147 -0.09906316 -0.09131432 0.2770208
-0.07809294 -0.1213089 0.006870344 61365382 -0.09855849 -0.0916853 0.2773924
-0.07585625 -0.1227584 0.0064677 61565571 -0.09704009 -0.09253181 0.2779568
-0.07467479 -0.1235034 0.006251827 61775752 -0.09632146 -0.09290016 0.2782086
-0.07328992 -0.1242314 0.005831093 62025978 -0.09543431 -0.09329201 0.278399
-0.07048401 -0.1259994 0.005258679 62366281 -0.09364724 -0.09416617 0.2788864
-0.06763352 -0.1279068 0.004484951 62696579 -0.09154755 -0.09493364 0.2791572
-0.06479086 -0.1296739 0.003634557 63016872 -0.08955494 -0.0956893 0.2793198
-0.0623958 -0.1310255 0.003105626 63257089 -0.08771712 -0.09623922 0.2795946
-0.06126889 -0.1314698 0.002869293 63577386 -0.08686885 -0.0964979 0.2797696
-0.05907526 -0.1322514 0.00259161 63897667 -0.0853664 -0.09672405 0.2801391
-0.0567992 -0.1327817 0.002361506 64127871 -0.08381382 -0.09682573 0.2805693
-0.05543241 -0.1330837 0.002248928 64348074 -0.08293465 -0.09695876 0.2808424
-0.05293479 -0.1337914 0.002098173 64578281 -0.0812369 -0.09703708 0.2812737
-0.05154358 -0.1342381 0.002014264 64798488 -0.08030397 -0.09710158 0.2814809
-0.0499816 -0.13478 0.00195381 65018679 -0.07927281 -0.09718682 0.2817091
-0.04638716 -0.1358013 0.002005816 65238886 -0.07701716 -0.09746409 0.2823702
-0.04466646 -0.1361481 0.002077535 65579181 -0.07584956 -0.09769703 0.28278
-0.04085405 -0.1368295 0.002228454 65829410 -0.07341331 -0.09820903 0.2835915
-0.03723806 -0.1373674 0.002409667 66169718 -0.07101068 -0.09856678 0.284304
-0.03388692 -0.1376909 0.002643913 66469984 -0.06858191 -0.09896363 0.2850528
-0.0322267 -0.1377625 0.002714559 66820305 -0.06738532 -0.099136 0.2853776
-0.02718215 -0.1381385 0.003074318 67140594 -0.06373626 -0.099154 0.2861414
-0.02564953 -0.1381415 0.003194973 67390819 -0.06260073 -0.09916557 0.2863888
-0.02245407 -0.1381528 0.003304511 67701099 -0.06033492 -0.09908833 0.2866787
-0.01918809 -0.1380898 0.003538966 68041407 -0.05799979 -0.09906662 0.2870334
-0.01639018 -0.1380133 0.003653377 68271614 -0.05580229 -0.09916461 0.2873126
-0.01490904 -0.1380586 0.00365296 68621930 -0.05470384 -0.09918178 0.287333
-0.01238007 -0.138072 0.00375998 68932210 -0.05263889 -0.09920324 0.2874858
-0.009855388 -0.138296 0.003717139 69262517 -0.05052469 -0.09931256 0.2874581
-0.007240449 -0.1385811 0.003678769 69602816 -0.04847184 -0.09926642 0.2872733
-0.004361941 -0.1387946 0.003858253 69853037 -0.04630333 -0.09946574 0.2872569
-0.001959307 -0.1393477 0.003799111 70043209 -0.04412669 -0.09981192 0.2870998
-0.0006924932 -0.1395888 0.003866494 70383516 -0.0430958 -0.09997547 0.2870429
0.001750355 -0.1400839 0.003825486 70633754 -0.04103783 -0.1004726 0.286855
0.002860393 -0.1404379 0.00382027 70833931 -0.04001653 -0.1007088 0.2867534
0.005234565 -0.1409767 0.003780365 71184243 -0.03807497 -0.101153 0.2864614
0.007268874 -0.1412081 0.00375022 71554577 -0.03628466 -0.1013229 0.2862349
0.009606348 -0.1411202 0.003880724 71864857 -0.03452545 -0.1013614 0.2860179
0.01139345 -0.1411267 0.003680974 72185146 -0.03281844 -0.1013836 0.285724
0.01244332 -0.1410232 0.003672779 72515448 -0.03205118 -0.1013192 0.2855437
0.01541698 -0.1408463 0.003478721 72845742 -0.02954048 -0.1011119 0.2849502
0.01762871 -0.1405081 0.003380924 73206067 -0.02789051 -0.100809 0.2844461
0.01947462 -0.1401915 0.00321652 73526360 -0.02626228 -0.1004832 0.2840253
0.02181944 -0.1400235 0.003041133 73846816 -0.02442959 -0.1002313 0.2833716
0.02424503 -0.1398858 0.002990991 74186953 -0.02252746 -0.1000142 0.2827467
0.02628742 -0.1400067 0.002665788 74547278 -0.02064902 -0.0998391 0.2820409
0.02857382 -0.1403627 0.002238899 74917616 -0.01888502 -0.09961475 0.2809769
0.03130382 -0.1410648 0.001686797 75237909 -0.0169315 -0.09953953 0.2795596
0.03412047 -0.1425242 0.0008456707 75528163 -0.0145987 -0.09973313 0.2778652
0.03727714 -0.1440897 -6.482005E-05 75868474 -0.01206464 -0.09998608 0.2759599
0.04066012 -0.1454474 -0.0009554476 76238804 -0.009358406 -0.1001266 0.2739919
0.04402138 -0.1465995 -0.001876444 76559089 -0.00683713 -0.09997297 0.2718816
0.0477824 -0.147096 -0.002619386 76879382 -0.004011244 -0.09969533 0.2698644
0.05168079 -0.1476249 -0.003227398 77209680 -0.000946492 -0.09935463 0.2678268
0.05561968 -0.1474221 -0.003709495 77549987 0.002196282 -0.0987655 0.2659594
0.05955494 -0.1464915 -0.003936544 77900300 0.005407542 -0.09813143 0.2644093
0.06316839 -0.145535 -0.004152462 78230614 0.008378759 -0.09736635 0.2629007
0.06688908 -0.1438049 -0.003988773 78540890 0.01131633 -0.09637965 0.2615788
0.07010948 -0.1421517 -0.003857076 78911216 0.01392052 -0.09549964 0.2604408
0.07329597 -0.1409456 -0.003571704 79231505 0.01662196 -0.09473957 0.2592683
0.07655165 -0.1397818 -0.003385574 79581829 0.01915893 -0.09395064 0.2578554
0.07974325 -0.1388709 -0.003350124 79912119 0.0216485 -0.09315814 0.256285
0.08275937 -0.1379759 -0.003532231 80222399 0.02398999 -0.09256233 0.2547456
0.085627 -0.1373253 -0.003772438 80552693 0.02607131 -0.09187163 0.2530605
0.08846899 -0.1364678 -0.004247367 80923039 0.02824485 -0.09106638 0.2513668
0.09112006 -0.1357911 -0.004892319 81223302 0.03009436 -0.09022618 0.2495641
0.09380152 -0.1352276 -0.005685404 81583627 0.03182858 -0.08918763 0.247533
0.09656146 -0.1342854 -0.006216243 81893903 0.03363332 -0.08804644 0.2456167
0.09926994 -0.1330232 -0.0064978 82234215 0.03564864 -0.08683242 0.2439658
0.102043 -0.1314689 -0.006636769 82584531 0.03753486 -0.08546986 0.2422628
0.1050197 -0.1290931 -0.006615952 82924838 0.03999497 -0.084031 0.2408566
0.1074691 -0.126581 -0.00711605 83275154 0.04156773 -0.08215225 0.239307
0.1099365 -0.1234673 -0.007037729 83575425 0.04304363 -0.07968105 0.237819
0.1124021 -0.1194556 -0.006623492 83915744 0.04493834 -0.07724299 0.2368293
0.1151311 -0.1146083 -0.005522206 84256039 0.04696451 -0.07426883 0.2358477
0.1175297 -0.1098108 -0.004791632 84586337 0.04893643 -0.07137693 0.2350395
0.1198206 -0.1048388 -0.004075706 84966676 0.050464 -0.06791628 0.2339978
0.1219153 -0.09986684 -0.003776237 85296974 0.05222619 -0.06466056 0.2331792
0.1240049 -0.09513817 -0.003450185 85607259 0.0536139 -0.06124831 0.2320828
0.1260469 -0.09034031 -0.0028698 85927548 0.05518791 -0.05790819 0.2311828
0.1278521 -0.0856565 -0.002116382 86307891 0.05667715 -0.05489839 0.2305507
0.1297999 -0.0812514 -0.001278207 86588144 0.0583369 -0.05200363 0.2298026
0.1316046 -0.07718129 -0.0008152872 86928455 0.05972634 -0.04943491 0.2289719
0.1331875 -0.07353338 -0.001054674 87308794 0.06059049 -0.04660321 0.2278229
0.1358268 -0.06807537 -0.001461476 87609065 0.06189784 -0.04259051 0.225845
0.1366684 -0.06656807 -0.00158976 87939367 0.06235674 -0.04114832 0.2251527
0.1386237 -0.06315658 -0.001439512 88269661 0.06365582 -0.03859986 0.2238698
0.1404838 -0.05952268 -0.001442388 88619985 0.06474599 -0.03604461 0.2225889
0.1421087 -0.05574263 -0.001939908 88970289 0.06571704 -0.0329882 0.2213294
0.1437079 -0.05101275 -0.002832234 89300592 0.06623609 -0.02971686 0.2199349
0.1454675 -0.04644659 -0.003348544 89610872 0.06663507 -0.02570404 0.2182484
0.146937 -0.04125215 -0.00410375 89971205 0.06721993 -0.02214683 0.217048
0.1484597 -0.03600841 -0.00455761 90291486 0.06755549 -0.01804007 0.2156631
0.1494815 -0.03136972 -0.005509138 90681834 0.06787109 -0.01463975 0.2146968
0.1517427 -0.02519939 -0.006408557 91002127 0.06841788 -0.009489307 0.2125332
0.1530247 -0.0214631 -0.00682278 91292389 0.06908487 -0.006978522 0.2115429
0.1535755 -0.01945804 -0.006847158 91622687 0.06930861 -0.005516777 0.211117
0.1543788 -0.01571659 -0.007115677 91973003 0.06959192 -0.002512345 0.2104241
0.1549141 -0.01142847 -0.007675514 92333324 0.06971133 0.0001113319 0.2099588
0.1558 -0.00583185 -0.00809446 92643620 0.06960903 0.004422059 0.209025
0.1560105 -0.003909325 -0.008205354 92973906 0.06961837 0.005696645 0.2088366
0.15636 -0.0007347035 -0.008254781 93314214 0.06975682 0.007934561 0.2085845
0.1565152 0.001913786 -0.00810428 93664530 0.07000247 0.009911766 0.2085894
0.1567793 0.004580564 -0.008354485 94004837 0.07002741 0.01189016 0.2083209
0.15693 0.005270948 -0.008349136 94305108 0.07015841 0.01235043 0.2082344
0.1569485 0.005432921 -0.008508548 94645423 0.06999204 0.0124061 0.2081247
0.1570774 0.004959231 -0.008414954 95005740 0.06977294 0.01214241 0.2079107
0.156821 0.003690979 -0.007712692 95546252 0.06974463 0.01090907 0.208282
0.1560743 0.002961153 -0.005864218 95886547 0.06992316 0.009727707 0.2094638
