0.1528123 0.000496378 -0.002466241 0 0.06990049 0.005411973 0.1133254
0.1532152 0.0003360414 -0.002665225 120112 0.07027911 0.005231251 0.11311
0.1535028 0.0002417469 -0.002886195 260247 0.07053632 0.005135407 0.1128673
0.1535028 0.0002417469 -0.002886195 340303 0.07053632 0.005135407 0.1128673
0.1536562 2.812386E-05 -0.003086882 450402 0.0706932 0.005068054 0.1126628
0.1537611 -0.0001337624 -0.003273589 570527 0.07082447 0.004999986 0.1124909
0.1537611 -0.0001337624 -0.003273589 680610 0.07082447 0.004999986 0.1124909
0.1538759 -0.0001684523 -0.003446258 790705 0.07093926 0.004887691 0.1123216
0.1539942 -0.0002163744 -0.003637155 900804 0.07106303 0.004813542 0.1121359
0.1539942 -0.0002163744 -0.003637155 1010904 0.07106303 0.004813542 0.1121359
0.1541489 -0.0001642799 -0.00379089 1121003 0.07115737 0.004803648 0.1119415
0.1541276 -0.0001849032 -0.00400968 1231111 0.07119687 0.004742732 0.111768
0.1541276 -0.0001849032 -0.00400968 1351223 0.07119687 0.004742732 0.111768
0.1539685 3.873348E-05 -0.004196976 1481328 0.07103469 0.004691711 0.1115898
0.1540025 0.0003906393 -0.004300313 1571414 0.07089002 0.004758706 0.1113694
0.1540025 0.0003906393 -0.004300313 1681513 0.07089002 0.004758706 0.1113694
0.153818 0.0006796026 -0.00450321 1791612 0.07068736 0.004917135 0.1111583
0.1536043 0.0009429359 -0.004730285 1911725 0.07051494 0.005161514 0.1109616
0.1536043 0.0009429359 -0.004730285 2021824 0.07051494 0.005161514 0.1109616
0.1533367 0.00155293 -0.004951641 2131915 0.07033439 0.005449404 0.1108141
0.1532046 0.002252212 -0.005063383 2262037 0.07009397 0.0057094 0.1106386
0.1532046 0.002252212 -0.005063383 2362127 0.07009397 0.0057094 0.1106386
0.1528623 0.003172508 -0.005156147 2462218 0.06968456 0.006106129 0.110512
0.1525278 0.004052868 -0.005225243 2582322 0.06928601 0.006649842 0.1104049
0.1525278 0.004052868 -0.005225243 2692421 0.06928601 0.006649842 0.1104049
0.1520631 0.005212536 -0.005358307 2802525 0.06896229 0.007439246 0.1103808
0.1517015 0.006510844 -0.005456912 2912620 0.06853512 0.008177867 0.1102446
0.1517015 0.006510844 -0.005456912 3022723 0.06853512 0.008177867 0.1102446
0.1511741 0.007740726 -0.005554145 3142832 0.06798016 0.008992543 0.1101327
0.1510162 0.009295573 -0.00544869 3252931 0.06754323 0.01007604 0.1100412
0.1510162 0.009295573 -0.00544869 3363030 0.06754323 0.01007604 0.1100412
0.150412 0.01062035 -0.005596433 3473130 0.0671217 0.01101171 0.1100272
0.1498803 0.01208269 -0.005592726 3583237 0.06661196 0.01200723 0.1100474
0.1498803 0.01208269 -0.005592726 3703338 0.06661196 0.01200723 0.1100474
0.149215 0.01391052 -0.005749082 3813441 0.06596784 0.01308583 0.1099034
0.1490655 0.01540338 -0.005784964 3923536 0.06564167 0.01427089 0.1097375
0.1490655 0.01540338 -0.005784964 4033636 0.06564167 0.01427089 0.1097375
0.1484849 0.01711058 -0.005926001 4143735 0.06518869 0.01550709 0.1096829
0.1484302 0.01844584 -0.005813355 4253851 0.06484757 0.01657139 0.1095846
0.1484302 0.01844584 -0.005813355 4373939 0.06484757 0.01657139 0.1095846
0.1480857 0.02022909 -0.005863846 4484042 0.06446046 0.01772439 0.1094912
0.1477348 0.0217167 -0.00596757 4604150 0.06412824 0.01872479 0.1093895
0.1474272 0.02306532 -0.006079164 4704249 0.0638198 0.01973187 0.1092679
0.1474272 0.02306532 -0.006079164 4814340 0.0638198 0.01973187 0.1092679
0.1471673 0.02453052 -0.006167988 4934449 0.06356561 0.02072417 0.1091686
0.1472044 0.02574049 -0.006115801 5044564 0.06334644 0.02164446 0.1090246
0.1472044 0.02574049 -0.006115801 5154647 0.06334644 0.02164446 0.1090246
0.147063 0.02699362 -0.006270556 5274772 0.06316899 0.02253424 0.1088301
0.1472702 0.028504 -0.006304899 5374850 0.06315979 0.02356504 0.1086181
0.1472702 0.028504 -0.006304899 5484945 0.06315979 0.02356504 0.1086181
0.1471466 0.02976798 -0.006566217 5605050 0.06307586 0.02455257 0.1083735
0.1470739 0.03079008 -0.006769657 5715165 0.06294505 0.02544557 0.1081217
0.1470739 0.03079008 -0.006769657 5825257 0.06294505 0.02544557 0.1081217
0.1473851 0.03222751 -0.00677936 5955370 0.06298184 0.02642905 0.1078886
0.1475325 0.03338145 -0.006839573 6045451 0.06290016 0.02725076 0.107642
0.1475325 0.03338145 -0.006839573 6155551 0.06290016 0.02725076 0.107642
0.1477015 0.03456699 -0.00699143 6275655 0.0629616 0.02804338 0.1073889
0.1476338 0.03572129 -0.007273599 6405793 0.06298745 0.0288211 0.1071538
0.1476338 0.03572129 -0.007273599 6495858 0.06298745 0.0288211 0.1071538
0.1476278 0.03683471 -0.007447772 6615974 0.06291498 0.02960681 0.1069102
0.1479855 0.03779089 -0.007411418 6726065 0.06305542 0.03037905 0.1067736
0.1479855 0.03779089 -0.007411418 6856195 0.06305542 0.03037905 0.1067736
0.1481815 0.03876673 -0.007442075 6946260 0.06314631 0.03106224 0.1066452
0.1483065 0.03993582 -0.007532492 7056380 0.06325416 0.03163778 0.1065004
0.1483065 0.03993582 -0.007532492 7166463 0.06325416 0.03163778 0.1065004
0.1481518 0.04118024 -0.007789267 7286579 0.06317615 0.03227125 0.1062547
0.1482559 0.04245424 -0.007968387 7396679 0.06323357 0.03310358 0.1060054
0.1482559 0.04245424 -0.007968387 7506770 0.06323357 0.03310358 0.1060054
0.1482468 0.04359054 -0.008199017 7616877 0.06327527 0.03403198 0.1057954
0.1479733 0.04482447 -0.008502498 7757000 0.06312278 0.03491604 0.1055522
0.1479733 0.04482447 -0.008502498 7837064 0.06312278 0.03491604 0.1055522
0.1476031 0.04620611 -0.00883974 7957172 0.06288478 0.03588926 0.1052769
0.1475981 0.04822444 -0.009034587 8067284 0.06265875 0.03701626 0.1048335
0.1475981 0.04822444 -0.009034587 8187384 0.06265875 0.03701626 0.1048335
0.1473844 0.04967069 -0.009232665 8297479 0.06242201 0.03806364 0.1045783
0.146824 0.05114006 -0.00960974 8397578 0.06198307 0.0391513 0.1042522
0.146824 0.05114006 -0.00960974 8517678 0.06198307 0.0391513 0.1042522
0.1460163 0.05264746 -0.0100785 8627777 0.06141075 0.04023229 0.1039128
0.145768 0.05398189 -0.01031876 8737877 0.06114212 0.04127621 0.1036255
0.145768 0.05398189 -0.01031876 8847976 0.06114212 0.04127621 0.1036255
0.1449902 0.05544292 -0.01087111 8978098 0.06053103 0.04246937 0.1031665
0.1442608 0.05692541 -0.0114335 9078192 0.06000369 0.04365217 0.1027191
0.1442608 0.05692541 -0.0114335 9178278 0.06000369 0.04365217 0.1027191
0.1434072 0.05822479 -0.01195361 9308396 0.05938799 0.04457127 0.1023294
0.1424602 0.0594598 -0.01255201 9428504 0.05871151 0.04545771 0.1018873
0.141891 0.06083869 -0.0128901 9518581 0.05817658 0.04648672 0.1015309
0.141891 0.06083869 -0.0128901 9638698 0.05817658 0.04648672 0.1015309
0.141179 0.06196224 -0.01329655 9738784 0.05765306 0.04736577 0.1012313
0.141179 0.06196224 -0.01329655 9878907 0.05765306 0.04736577 0.1012313
0.1404851 0.06323027 -0.01356791 9968992 0.05714505 0.0481969 0.1010388
0.1396859 0.06453215 -0.01376246 10079091 0.05647166 0.04894685 0.1008619
0.1396859 0.06453215 -0.01376246 10189187 0.05647166 0.04894685 0.1008619
0.1387975 0.06595539 -0.01396154 10309295 0.05582987 0.04980909 0.1007639
0.1380138 0.06711506 -0.01405901 10419402 0.05515654 0.05072581 0.1007118
0.1380138 0.06711506 -0.01405901 10529498 0.05515654 0.05072581 0.1007118
0.1372481 0.06845342 -0.01413044 10639593 0.05453788 0.0516467 0.100686
0.1362295 0.06994151 -0.0143214 10749705 0.05382534 0.05247747 0.1006169
0.1362295 0.06994151 -0.0143214 10859800 0.05382534 0.05247747 0.1006169
0.1353207 0.07146763 -0.0143209 10969899 0.05303394 0.05342733 0.1006125
0.1344283 0.07299506 -0.01433637 11110018 0.05224671 0.05452942 0.1006047
0.1344283 0.07299506 -0.01433637 11200107 0.05224671 0.05452942 0.1006047
0.1335181 0.07438826 -0.01422619 11310202 0.05138357 0.05552183 0.1006835
0.1325672 0.07600521 -0.01408417 11420302 0.05058889 0.05642139 0.100817
0.1325672 0.07600521 -0.01408417 11540406 0.05058889 0.05642139 0.100817
0.1314558 0.0775442 -0.01403953 11640496 0.04975864 0.05731319 0.1009497
0.1303738 0.07912492 -0.01390294 11760605 0.048902 0.05839705 0.1011577
0.1303738 0.07912492 -0.01390294 11870708 0.048902 0.05839705 0.1011577
0.1294931 0.08061777 -0.0136108 11980807 0.04798369 0.05949198 0.1013508
0.1285066 0.08222806 -0.01340254 12090907 0.04713751 0.06055473 0.1015566
0.1274313 0.08384965 -0.01330792 12211015 0.04632818 0.06148373 0.1017065
0.1274313 0.08384965 -0.01330792 12311105 0.04632818 0.06148373 0.1017065
0.1262991 0.0853896 -0.01315331 12441223 0.04541946 0.06249868 0.1019151
0.1253747 0.0872209 -0.01292208 12541313 0.04443734 0.06368529 0.1019756
0.1253747 0.0872209 -0.01292208 12651413 0.04443734 0.06368529 0.1019756
0.1243817 0.08874618 -0.01271003 12791539 0.04351774 0.06464683 0.1021224
0.1232122 0.09042668 -0.01268239 12881616 0.04271439 0.06571209 0.1022765
0.1232122 0.09042668 -0.01268239 12991716 0.04271439 0.06571209 0.1022765
0.1220163 0.09211551 -0.01266834 13101819 0.04180255 0.06679618 0.1023575
0.1209278 0.09377515 -0.01266064 13221927 0.04093474 0.06792986 0.1024019
0.1209278 0.09377515 -0.01266064 13322014 0.04093474 0.06792986 0.1024019
0.1197229 0.09556638 -0.01265634 13442126 0.03986112 0.06915676 0.1023692
0.1185583 0.09717523 -0.01271318 13572244 0.03893148 0.07035124 0.1023794
0.1185583 0.09717523 -0.01271318 13662325 0.03893148 0.07035124 0.1023794
0.1173716 0.09884655 -0.01278448 13772424 0.03794841 0.07150089 0.102326
0.1161798 0.1004809 -0.01292035 13882524 0.03702343 0.07261383 0.1022489
0.1161798 0.1004809 -0.01292035 14002632 0.03702343 0.07261383 0.1022489
0.1148761 0.1021017 -0.01321721 14112731 0.03614437 0.07374071 0.1021224
0.1140833 0.1036342 -0.01329554 14222835 0.03528312 0.07492041 0.10191
0.1140833 0.1036342 -0.01329554 14332930 0.03528312 0.07492041 0.10191
0.1126215 0.1048756 -0.01379323 14463047 0.03430996 0.07591688 0.1016839
0.1114313 0.1062041 -0.0140999 14563138 0.03344176 0.07684837 0.1014947
0.1114313 0.1062041 -0.0140999 14673241 0.03344176 0.07684837 0.1014947
0.1101425 0.1076046 -0.01449978 14783341 0.03257525 0.07783376 0.1012727
0.1089257 0.1088583 -0.01485354 14893440 0.03168653 0.07876669 0.1010553
0.1089257 0.1088583 -0.01485354 15003535 0.03168653 0.07876669 0.1010553
0.1077234 0.1101421 -0.01508246 15113635 0.03061784 0.07968997 0.1008212
0.1063483 0.1112037 -0.01554857 15223734 0.02972803 0.08053278 0.100619
0.1063483 0.1112037 -0.01554857 15343842 0.02972803 0.08053278 0.100619
0.105204 0.1122888 -0.01588761 15483965 0.02880293 0.08137929 0.100361
0.1037598 0.1134177 -0.01632004 15594084 0.02777538 0.08225261 0.1001332
0.1023655 0.1142961 -0.01674743 15844290 0.02671069 0.0829681 0.09987663
0.1007987 0.1154071 -0.01721033 16054504 0.02564735 0.08373319 0.09964557
0.09954914 0.1161477 -0.01749794 16284691 0.02453768 0.08436631 0.0994186
0.09660989 0.117476 -0.01838999 16494881 0.02237075 0.08585165 0.0990609
0.09531293 0.1185121 -0.01863016 16735094 0.0212022 0.08658443 0.09881976
0.0938208 0.1192987 -0.01904957 16955297 0.02014533 0.08722459 0.0986341
0.09084988 0.121037 -0.0196051 17195509 0.01780899 0.08847915 0.098341
0.08919296 0.1218396 -0.01984586 17395706 0.01658525 0.08900403 0.09829053
0.0877986 0.1228108 -0.01994272 17625898 0.01546306 0.08963071 0.09826432
0.08483981 0.1246238 -0.01999141 17846100 0.01310451 0.09081041 0.09840185
0.08361116 0.1257053 -0.01974902 18096326 0.01186761 0.09142195 0.09850396
0.08004703 0.1276258 -0.01967845 18286498 0.009161183 0.09258341 0.09886898
0.07810784 0.1286936 -0.01968686 18516706 0.007672695 0.09333466 0.09903505
0.07631485 0.1298219 -0.01966345 18756922 0.006311295 0.09402739 0.0991831
0.07462487 0.1309751 -0.0195821 18957107 0.004969345 0.09472191 0.09932992
0.07120067 0.133028 -0.01960599 19197316 0.002251061 0.09625732 0.0995583
0.06929421 0.1340387 -0.01969769 19407509 0.0007752472 0.09704565 0.09964605
0.06756699 0.1348544 -0.01974029 19647722 -0.000588442 0.09770047 0.09976149
0.06404966 0.1367882 -0.01976215 19857916 -0.003301822 0.09905779 0.1000145
0.0622922 0.137517 -0.01981076 20108150 -0.004627855 0.09956204 0.1001367
0.05896435 0.1389261 -0.01991402 20298313 -0.007249193 0.1006745 0.1003309
0.05746844 0.13965 -0.01994106 20518512 -0.008406023 0.1012369 0.1004385
0.05813699 0.1398416 -0.01955317 20748720 -0.008277129 0.1014277 0.1005293
0.0560183 0.1404855 -0.01979372 20968923 -0.00972538 0.1018082 0.1005728
0.05330241 0.1414869 -0.02009259 21189117 -0.01172064 0.102734 0.1006405
0.05176762 0.1418939 -0.02023398 21419325 -0.01290686 0.1031254 0.1006812
0.05014569 0.1424602 -0.02040987 21639524 -0.01392326 0.1034557 0.1007515
0.04748666 0.143179 -0.02065956 21869727 -0.01585735 0.1039787 0.1008194
0.04628982 0.1436749 -0.02064919 22089938 -0.01682489 0.1043961 0.1009237
0.04488643 0.1438472 -0.02073095 22310125 -0.01781725 0.1045822 0.1010589
0.04188079 0.1443956 -0.02096235 22560359 -0.02000845 0.1049467 0.1011841
0.04026299 0.1446297 -0.0210688 22760539 -0.02123329 0.1051081 0.1012526
0.03743728 0.1456069 -0.02092671 22980746 -0.02362623 0.105624 0.1014615
0.03570705 0.1459035 -0.02095542 23200945 -0.02492309 0.1058239 0.1016165
0.03378799 0.1460638 -0.02111833 23431153 -0.02624816 0.1059225 0.1017254
0.03062316 0.146973 -0.02101845 23651339 -0.02885576 0.1064694 0.1019773
0.02876381 0.1474051 -0.02102918 23881559 -0.03021768 0.1067125 0.1021437
0.02671781 0.147765 -0.02104119 24111755 -0.03178807 0.1069117 0.1023052
0.02315471 0.148427 -0.02101853 24331957 -0.03470896 0.107576 0.1026312
0.02100959 0.1486868 -0.02103682 24582179 -0.03634585 0.1077052 0.1028064
0.01900217 0.1492399 -0.02084628 24782356 -0.03788111 0.1078639 0.1030834
0.01484445 0.1497231 -0.02059723 25012564 -0.04123244 0.1080624 0.1036043
0.01287915 0.1502035 -0.02039588 25222753 -0.04283783 0.1083115 0.1038899
0.01084479 0.1502573 -0.02027904 25452961 -0.04447736 0.1082102 0.1041306
0.006885359 0.1509255 -0.01996946 25663155 -0.047687 0.1083954 0.104607
0.00456763 0.1511899 -0.01988499 25883353 -0.0494427 0.108489 0.1048779
0.002261944 0.1510699 -0.01983734 26113561 -0.051198 0.108363 0.1051603
-0.001885609 0.1515017 -0.01958943 26333760 -0.05457613 0.1084777 0.105626
-0.004072911 0.1514025 -0.01960348 26563968 -0.05623558 0.1084768 0.1058664
-0.006004163 0.151622 -0.01947795 26804184 -0.05777835 0.1084458 0.1060668
-0.009998524 0.1514707 -0.01948505 27004365 -0.06082198 0.108186 0.1064104
-0.01186088 0.1513715 -0.01954451 27244586 -0.06228133 0.1081904 0.1065484
-0.0138979 0.1511565 -0.01967523 27454768 -0.06373348 0.1081337 0.106704
-0.01767776 0.1509142 -0.01984894 27704997 -0.06664705 0.1079312 0.106882
-0.01964419 0.150775 -0.01990534 27935201 -0.06817523 0.1078542 0.1070151
-0.02395844 0.1503198 -0.01993712 28125377 -0.07145104 0.1077878 0.107506
-0.0258124 0.1500028 -0.01983475 28375603 -0.07300442 0.1076797 0.1077894
-0.02775798 0.1500064 -0.01964663 28575783 -0.07455527 0.1074504 0.1080454
-0.03004012 0.1498152 -0.01956663 28795982 -0.07619499 0.1071862 0.1083348
-0.03400956 0.1493428 -0.01936427 29016181 -0.07939958 0.1068956 0.1088708
-0.03630914 0.148878 -0.01935349 29256397 -0.08113234 0.1066734 0.1091607
-0.04050607 0.1483094 -0.01910551 29466587 -0.08438779 0.1060835 0.1097263
-0.04252486 0.1482249 -0.01888003 29686786 -0.08602865 0.1059619 0.1100677
-0.04463353 0.1474415 -0.01877462 29927007 -0.08772464 0.1055067 0.1104186
-0.04655494 0.1470994 -0.01843359 30147197 -0.08942337 0.1051458 0.1108276
-0.05045287 0.1459258 -0.01805258 30367404 -0.09247575 0.1042627 0.1115797
-0.05203994 0.1453124 -0.01784019 30597604 -0.09383871 0.1036934 0.1118786
-0.05581015 0.1435393 -0.01752591 30807797 -0.09680004 0.1023494 0.1125874
-0.05772567 0.1430435 -0.01723112 31028000 -0.09833816 0.1017479 0.112967
-0.05951324 0.1423536 -0.01682355 31258212 -0.09991909 0.1011389 0.1134645
-0.06160259 0.1416998 -0.01656521 31488408 -0.1015748 0.1005465 0.1138759
-0.06550363 0.1400866 -0.01595969 31728632 -0.1047288 0.09934699 0.1148376
-0.06728227 0.139298 -0.01556408 31928817 -0.1062159 0.09866988 0.1153549
-0.06900305 0.1383882 -0.01520169 32169022 -0.1075696 0.09780299 0.1158392
-0.07230803 0.1366446 -0.0148225 32379216 -0.1102662 0.0963937 0.1164989
-0.07409728 0.1355847 -0.01473223 32629437 -0.1116157 0.0957359 0.1168379
-0.07724895 0.1335037 -0.0145693 32819609 -0.1142397 0.094262 0.1173323
-0.0787851 0.132632 -0.01450885 33039812 -0.1154786 0.09359383 0.1175361
-0.08035034 0.1314461 -0.01450073 33280028 -0.1166475 0.09284078 0.1177808
-0.08318511 0.1298095 -0.01434293 33490218 -0.1189277 0.09148251 0.1181704
-0.08456457 0.1290177 -0.01430913 33720434 -0.1199616 0.09089016 0.1183543
-0.08615385 0.1279204 -0.014354 33950634 -0.1211202 0.09024023 0.1185513
-0.08886828 0.1260635 -0.01431495 34160827 -0.1231615 0.08892761 0.1189186
-0.09017639 0.125303 -0.01425169 34401044 -0.124217 0.08831643 0.119088
-0.09159172 0.1243505 -0.01419367 34641257 -0.1253511 0.08759581 0.1192816
-0.09453272 0.1221825 -0.01429332 34831428 -0.127544 0.08617066 0.1195711
-0.0959237 0.1214935 -0.01426445 35101672 -0.1285642 0.0855025 0.1196964
-0.09716345 0.1204261 -0.01430735 35281843 -0.1296643 0.084746 0.1197705
-0.09985682 0.1182302 -0.0142811 35522048 -0.131974 0.083243 0.1200716
-0.1014294 0.1168595 -0.01430995 35732241 -0.1330161 0.0822612 0.120269
-0.1025706 0.1157576 -0.01423885 35972458 -0.1340754 0.08122527 0.1203763
-0.1054106 0.1130716 -0.01417498 36172651 -0.1365717 0.07935368 0.1207263
-0.1073611 0.1117634 -0.01416337 36402847 -0.1380478 0.07846224 0.12095
-0.1084922 0.1103805 -0.01393993 36623053 -0.139334 0.07744431 0.1212276
-0.1114782 0.1075579 -0.01353553 36863270 -0.1417496 0.07510757 0.1218782
-0.1131471 0.1058404 -0.01334116 37073452 -0.1429715 0.07387637 0.1222872
-0.1145629 0.1044857 -0.01308383 37303659 -0.1442168 0.07283758 0.122656
-0.1169595 0.1013679 -0.01241016 37543872 -0.1462815 0.07042753 0.1235647
-0.1179154 0.09988462 -0.01197782 37744057 -0.1472254 0.06917249 0.1240514
-0.1191751 0.09836828 -0.0115336 37984274 -0.1480562 0.06796371 0.1246564
-0.1209562 0.09553098 -0.0104082 38194463 -0.149726 0.06557357 0.1259044
-0.1217258 0.09434044 -0.00986078 38414666 -0.1505204 0.06450736 0.1264738
-0.1225763 0.09298252 -0.009209105 38634861 -0.1512275 0.06347739 0.127227
-0.1242573 0.09050738 -0.008170542 38855064 -0.15258 0.06133186 0.1284049
-0.1248649 0.08922158 -0.007676411 39085267 -0.1532811 0.06037842 0.1289502
-0.1257676 0.08784818 -0.007286286 39325484 -0.1539055 0.05950915 0.1295034
-0.1268051 0.08492289 -0.006401114 39545679 -0.1548452 0.05730759 0.1305566
-0.1274923 0.08344589 -0.006003397 39765894 -0.1553725 0.05615937 0.1310528
-0.1283774 0.08168493 -0.005717765 39976071 -0.1559766 0.0549811 0.13151
-0.1297198 0.07831858 -0.005256037 40216284 -0.1569499 0.05260383 0.132234
-0.130115 0.07665121 -0.005202827 40436487 -0.1573395 0.05127822 0.1323519
-0.1320478 0.07353567 -0.005193967 40646676 -0.1586643 0.04910003 0.1326491
-0.1328658 0.07171928 -0.005220711 40866871 -0.159408 0.04801928 0.1327651
-0.1332114 0.07008135 -0.005219583 41117105 -0.1598003 0.04685365 0.1328375
-0.134499 0.06592726 -0.005276348 41347305 -0.1606126 0.04419386 0.1331144
-0.1348379 0.06377517 -0.005302418 41547485 -0.1608808 0.04270636 0.1332044
-0.1349846 0.0616281 -0.005281391 41787706 -0.1611305 0.04122101 0.133305
-0.1360521 0.05746471 -0.005119235 42107995 -0.1617681 0.03817045 0.1337068
-0.1371614 0.05319189 -0.00493452 42328194 -0.1623687 0.03497456 0.1341302
-0.1374982 0.05104088 -0.004792903 42578424 -0.1627639 0.0333408 0.1343279
-0.1379371 0.04909336 -0.004606509 42778600 -0.1631468 0.03184592 0.1345813
-0.1392023 0.04510485 -0.004237001 43018813 -0.1641314 0.02884208 0.1351198
-0.1393116 0.04314088 -0.004048747 43239012 -0.1644404 0.02740037 0.1353321
-0.13965 0.04145049 -0.003841097 43469223 -0.1647316 0.02597367 0.1355778
-0.1410017 0.03756701 -0.00337307 43689418 -0.1654935 0.02317583 0.1362668
-0.1412395 0.03562378 -0.003020959 43999706 -0.1658287 0.021654 0.1366446
-0.1417963 0.03265714 -0.002240765 44219905 -0.1664619 0.01909744 0.1374517
-0.1425262 0.03050756 -0.001747027 44460126 -0.1668284 0.01779257 0.1380885
-0.1434479 0.02751969 -0.0005817461 44690321 -0.1675985 0.01503836 0.1393011
-0.1437084 0.02577316 8.237285E-05 44900515 -0.1678353 0.01377808 0.1400119
-0.1443553 0.02430796 0.000695043 45140728 -0.1683444 0.01261472 0.1406738
-0.145365 0.02141248 0.002075015 45350918 -0.1694927 0.01030599 0.1420777
-0.1459105 0.01942359 0.002708593 45571124 -0.1699208 0.008891335 0.1427758
-0.1460921 0.01763629 0.003367837 45791315 -0.1703052 0.007474771 0.1434276
-0.1463384 0.01454495 0.004512222 46021531 -0.1706633 0.004914274 0.1445901
-0.1463143 0.01283502 0.004959169 46241725 -0.1706901 0.003572097 0.1450529
-0.146263 0.01044666 0.00534915 46491947 -0.1706683 0.002000203 0.1454894
-0.1458357 0.006202688 0.005805161 46682123 -0.1703811 -0.0009821749 0.1459914
-0.1457807 0.004500022 0.005880427 46912343 -0.170274 -0.002327571 0.1460936
-0.1456639 0.002217402 0.005946247 47132529 -0.1702325 -0.003881464 0.1461798
-0.1454761 -0.001772652 0.00605895 47352724 -0.1701975 -0.006717096 0.1463111
-0.1452894 -0.003675828 0.006116969 47602962 -0.1700128 -0.008111368 0.1463857
-0.1451436 -0.007720003 0.006182415 47813152 -0.1699732 -0.01108695 0.1464622
-0.145216 -0.009966144 0.006212496 48053368 -0.1698491 -0.01261664 0.1465423
-0.144885 -0.01201869 0.00630287 48253553 -0.1696602 -0.01419259 0.1466158
-0.1448286 -0.01400567 0.006320928 48493762 -0.1695791 -0.01566924 0.1466452
-0.1441994 -0.01772166 0.006251811 48693967 -0.1693803 -0.01843561 0.1465076
-0.1438162 -0.01954592 0.006257799 48924154 -0.1692312 -0.01976384 0.146473
-0.1436829 -0.02152158 0.006289746 49154358 -0.1690667 -0.02133931 0.1465106
-0.1437276 -0.02520729 0.006343314 49384562 -0.1690433 -0.02402414 0.1465716
-0.1434547 -0.0270604 0.00640227 49744887 -0.1689867 -0.02535618 0.146586
-0.1432624 -0.03087534 0.006608556 49925053 -0.1688386 -0.02811218 0.1467673
-0.1428274 -0.03277768 0.006746629 50175271 -0.1686904 -0.02961446 0.1468443
-0.1424636 -0.03691794 0.006955839 50505569 -0.1684273 -0.03267659 0.1470064
-0.1419857 -0.04141606 0.007152005 50725780 -0.1681028 -0.03581024 0.147126
-0.1416816 -0.04348124 0.00719099 50975998 -0.1678949 -0.03739775 0.147127
-0.1412294 -0.04777337 0.007177749 51156160 -0.1675637 -0.04039122 0.1470286
-0.1408445 -0.04972733 0.007119511 51496467 -0.1674098 -0.04174639 0.1468938
-0.140026 -0.05353655 0.007178171 51736684 -0.1667897 -0.04447282 0.1468485
-0.1393907 -0.05526055 0.007211224 51946870 -0.1664788 -0.04575206 0.1467894
-0.1382226 -0.05867506 0.007289882 52167073 -0.1656583 -0.04804338 0.1467191
-0.1374739 -0.05996145 0.007268889 52387271 -0.1651038 -0.04913653 0.1466449
-0.1366811 -0.06181789 0.007371407 52637493 -0.1644996 -0.05035604 0.146659
-0.1350923 -0.06464148 0.007293755 52847695 -0.1634415 -0.05237306 0.1464054
-0.1344007 -0.06603981 0.007235622 53087900 -0.1627991 -0.05346264 0.1463097
-0.1337049 -0.06776036 0.007307586 53308102 -0.1622622 -0.05470003 0.1463046
-0.1319004 -0.07057358 0.007220502 53628391 -0.1610937 -0.05680479 0.1460169
-0.1304665 -0.07387449 0.006927637 53838589 -0.1599404 -0.05909861 0.1455611
-0.1296188 -0.07547749 0.006797723 54068785 -0.1592955 -0.06025089 0.145339
-0.1285855 -0.07703294 0.006605161 54319015 -0.1586326 -0.06135429 0.1450161
-0.1268927 -0.07999326 0.00610696 54519195 -0.15743 -0.06345429 0.1443104
-0.1261313 -0.08173825 0.005934621 54769421 -0.1568466 -0.06462324 0.1440284
-0.1242386 -0.08501209 0.00565942 54969598 -0.1553689 -0.0668155 0.1435218
-0.1232799 -0.08606745 0.005452477 55299896 -0.154693 -0.06774557 0.1432341
-0.1212247 -0.08899987 0.005168713 55520094 -0.1532685 -0.06977869 0.1426823
-0.1203656 -0.09039833 0.005029629 55750306 -0.152576 -0.07077564 0.1424476
-0.1194735 -0.0918913 0.004823846 55970501 -0.1518115 -0.07179583 0.1421435
-0.1174021 -0.09482183 0.004443279 56190716 -0.1503487 -0.07383323 0.1414843
-0.1165133 -0.09620263 0.004271149 56410898 -0.1496947 -0.07483424 0.1411969
-0.115449 -0.09728254 0.003998805 56671137 -0.1489917 -0.07567824 0.1407994
-0.1143711 -0.1002565 0.00386028 56981413 -0.1479281 -0.07766129 0.1404972
-0.1123142 -0.1026716 0.003806706 57201616 -0.1466668 -0.07937849 0.1401283
-0.1115455 -0.1037892 0.003758095 57441837 -0.1460647 -0.08025409 0.139996
-0.1097369 -0.1062912 0.003765679 57642013 -0.1447816 -0.08201839 0.1397398
-0.1085506 -0.1074157 0.00375968 57872221 -0.1439998 -0.082873 0.1395804
-0.1075497 -0.1087606 0.003786452 58112438 -0.1433677 -0.08380986 0.1394359
-0.1059962 -0.1111841 0.003776015 58312619 -0.1421887 -0.08560479 0.1392088
-0.1049792 -0.1124923 0.003758063 58672944 -0.1414642 -0.08637191 0.139009
-0.1028485 -0.114448 0.003743788 59023260 -0.140007 -0.08787287 0.1387225
-0.1005728 -0.1169517 0.004013569 59353558 -0.1384259 -0.0895598 0.1386356
-0.09818604 -0.1191107 0.004076168 59663838 -0.1366594 -0.09104063 0.1383823
-0.09520105 -0.1211534 0.004185947 59994152 -0.1344435 -0.09256638 0.1381601
-0.09253331 -0.1234136 0.004205718 60334439 -0.1324235 -0.09418226 0.1378492
-0.09054369 -0.1257219 0.003915247 60554638 -0.1305623 -0.09569408 0.1373435
-0.0889505 -0.1270155 0.003825251 60784850 -0.129379 -0.09649982 0.1370191
-0.08670557 -0.1288537 0.003483375 61135166 -0.1273725 -0.09793688 0.136512
-0.08394787 -0.1309353 0.003072327 61445454 -0.1253084 -0.09937418 0.1357352
-0.08202685 -0.132925 0.002533631 61695672 -0.1236199 -0.1008142 0.1349918
-0.08069427 -0.1337589 0.002332226 62015961 -0.1227469 -0.1013559 0.134574
-0.07823682 -0.1353316 0.001695088 62356264 -0.1207259 -0.1025417 0.1337017
-0.07597697 -0.1375269 0.001213145 62566457 -0.1189999 -0.103845 0.1328217
-0.07425007 -0.1380879 0.0009406283 62816691 -0.1179198 -0.1043285 0.1323161
-0.07224198 -0.140266 0.0003403609 63136972 -0.1160081 -0.1057657 0.1314911
-0.06969636 -0.1423074 -0.0002979412 63477283 -0.1139068 -0.1070728 0.1305081
-0.06708842 -0.1442149 -0.000823496 63787555 -0.111986 -0.1083484 0.1295761
-0.06422256 -0.1459838 -0.001379134 64037781 -0.1096292 -0.1095354 0.1286824
-0.06281743 -0.1469014 -0.001569542 64247975 -0.1085272 -0.1102106 0.1283175
-0.06105959 -0.1475185 -0.001701913 64498201 -0.1073471 -0.1107352 0.1279542
-0.05817199 -0.1489588 -0.002237063 64798472 -0.1049327 -0.111864 0.1271603
-0.05504112 -0.1507916 -0.002472058 65028675 -0.1023905 -0.1129994 0.1265087
-0.0533169 -0.1511629 -0.002664201 65368982 -0.1011433 -0.1133818 0.1261437
-0.05061502 -0.1526122 -0.003036225 65729312 -0.09879739 -0.1143248 0.1254892
-0.04732487 -0.1536827 -0.003300389 66029583 -0.0963746 -0.1151227 0.1248148
-0.04419407 -0.1546935 -0.003524858 66389908 -0.09385493 -0.11571 0.1242262
-0.04088202 -0.1554245 -0.003850857 66700342 -0.09132044 -0.1164551 0.1235996
-0.03775694 -0.1565576 -0.004201578 67040495 -0.08883129 -0.1170942 0.1228429
-0.03466745 -0.157535 -0.004591072 67390819 -0.08640157 -0.1179336 0.1221432
-0.03148486 -0.1582217 -0.005177349 67741127 -0.08386819 -0.1184865 0.1212479
-0.02817475 -0.1588825 -0.005666414 68101452 -0.08134489 -0.1190051 0.1203851
-0.02357838 -0.1600076 -0.006419558 68381713 -0.07765698 -0.1196539 0.1190927
-0.02190148 -0.1599566 -0.006800204 68722045 -0.07632934 -0.1197268 0.1186009
-0.01856739 -0.1605235 -0.007157745 69052306 -0.07376149 -0.1201439 0.1178596
-0.01493477 -0.160692 -0.007778042 69412640 -0.07104936 -0.1204394 0.11687
-0.01157775 -0.1612667 -0.008310118 69752943 -0.06834767 -0.1208824 0.1159981
-0.008376606 -0.1615321 -0.00893685 70063227 -0.06567952 -0.1212362 0.1151553
-0.00485977 -0.1620412 -0.009537145 70413539 -0.06280918 -0.1217213 0.1142466
-0.001379969 -0.1622765 -0.01010329 70763855 -0.06001117 -0.1220513 0.1133899
0.004585654 -0.1625897 -0.01084665 71084152 -0.05537828 -0.1222599 0.1119707
0.006275691 -0.1625792 -0.01115708 71424463 -0.05400081 -0.1223415 0.1115374
0.01018129 -0.1628524 -0.01144664 71734727 -0.05082321 -0.1224282 0.1108259
0.01454437 -0.162481 -0.01177438 72085043 -0.04747516 -0.1223288 0.1100765
0.01895554 -0.1618897 -0.01184891 72435359 -0.04413624 -0.1221951 0.1096008
0.02298147 -0.161386 -0.01181067 72745647 -0.04088952 -0.1217067 0.1092361
0.02720207 -0.1602121 -0.01173551 73095968 -0.03757314 -0.120991 0.1089796
0.03143834 -0.1587984 -0.01145294 73426254 -0.03453768 -0.1200126 0.1087514
0.0353907 -0.157536 -0.01089469 73756552 -0.03159835 -0.1191691 0.108883
0.03887806 -0.1557609 -0.01058916 74106868 -0.02897573 -0.1180896 0.1089223
0.04396824 -0.1539649 -0.009821739 74417160 -0.02530936 -0.1167795 0.1090232
0.04542562 -0.1536466 -0.009448515 74777473 -0.02416801 -0.1163886 0.1091888
0.04979322 -0.1515122 -0.008439302 75107775 -0.02105275 -0.11507 0.1097092
0.05307921 -0.1500031 -0.007363481 75438077 -0.01891764 -0.1142205 0.1102899
0.05574094 -0.1489141 -0.006548922 75788389 -0.01691788 -0.1134043 0.1107797
0.05848889 -0.1475729 -0.005729853 76128692 -0.01509846 -0.1122568 0.1110774
0.06113129 -0.1457426 -0.005182794 76428967 -0.01321668 -0.1110463 0.1113282
0.06209467 -0.1442548 -0.005115591 76769274 -0.01252937 -0.1102342 0.1114181
0.06566479 -0.1421224 -0.004148399 77149618 -0.01004633 -0.1083027 0.1117408
0.06754302 -0.1398164 -0.003941818 77449889 -0.008629558 -0.1067299 0.1118566
0.07040503 -0.1379472 -0.00303475 77790200 -0.006908138 -0.105333 0.1121401
0.07127423 -0.1361499 -0.002946191 78120494 -0.006026369 -0.1037452 0.1122962
0.07374209 -0.1339265 -0.002260953 78460801 -0.004409051 -0.1021332 0.1125773
0.07580602 -0.1318022 -0.001480676 78801108 -0.003040274 -0.1004132 0.1129931
0.07797544 -0.129556 -0.000741067 79121397 -0.001559046 -0.09868038 0.1133958
0.07998765 -0.1270052 -7.165955E-05 79481888 -6.183138E-05 -0.09676875 0.1138761
0.08271287 -0.1242583 0.000884908 79792006 0.001791389 -0.0946914 0.1143916
0.08527014 -0.1221494 0.001983428 80172341 0.003562942 -0.09297575 0.115028
0.08761006 -0.1196368 0.002820479 80462611 0.005319766 -0.090971 0.1155717
0.09023523 -0.1170857 0.003716637 80802923 0.007221622 -0.0890441 0.116094
0.0924424 -0.1145353 0.004286024 81133221 0.00885654 -0.08715953 0.1164031
0.09468344 -0.11185 0.004645686 81463515 0.01048873 -0.08502175 0.116439
0.09748906 -0.1094638 0.005329161 81803818 0.01236794 -0.08317699 0.1165481
0.09959116 -0.1071352 0.005590598 82154134 0.01407506 -0.08115876 0.1165792
0.1015491 -0.1047751 0.005781341 82494441 0.01559794 -0.07943775 0.1165814
0.1044465 -0.1020191 0.006119487 82844769 0.01769465 -0.07728565 0.116431
0.1059797 -0.09989167 0.006009874 83135035 0.01899335 -0.07555331 0.1162245
0.1090599 -0.09719612 0.006535323 83485335 0.02113555 -0.07359304 0.116164
0.11107 -0.09507776 0.006744097 83815633 0.02280213 -0.07182658 0.1161718
0.1136876 -0.09216738 0.006959085 84165949 0.02462646 -0.07012762 0.115994
0.1155761 -0.09054435 0.007025394 84486238 0.02608935 -0.06850816 0.115712
0.1174761 -0.08877373 0.006758155 84816553 0.02777068 -0.06715681 0.1153487
0.1195277 -0.08714105 0.006709653 85367045 0.02929648 -0.06577851 0.1149142
0.1218469 -0.08527924 0.006329773 85717349 0.03133367 -0.06428779 0.1143713
0.1230155 -0.08423235 0.005831857 86057657 0.03259194 -0.06307901 0.1139169
0.1246673 -0.08280505 0.005295283 86417978 0.03398451 -0.06222762 0.1132743
0.1262787 -0.08151532 0.004765779 86708244 0.03539027 -0.06097163 0.1125782
0.127517 -0.07946624 0.003997108 87048547 0.0364632 -0.05953456 0.1117848
0.1287034 -0.07724656 0.003417031 87418885 0.03737338 -0.05787696 0.1110734
0.129966 -0.07465685 0.003052701 87749191 0.03828906 -0.05582513 0.1105094
0.1310506 -0.07162882 0.002395788 88089486 0.03913651 -0.05363811 0.1097941
0.1321384 -0.06907094 0.0017649 88389781 0.04003094 -0.05163575 0.1090891
0.1333489 -0.06612528 0.001103908 88740077 0.040967 -0.04935325 0.1082978
0.1347376 -0.06318868 0.0004533048 89090397 0.04207214 -0.04717363 0.1075182
0.1359401 -0.06080736 -0.0002770636 89440709 0.04306642 -0.04516519 0.1066624
0.1374981 -0.0564431 -0.001624756 89720966 0.04447388 -0.04204548 0.1053587
0.1382313 -0.05485393 -0.002000698 90071295 0.04494534 -0.0407101 0.1047885
0.1389508 -0.05184914 -0.002964255 90391568 0.04558697 -0.03830148 0.1038342
0.139868 -0.04948403 -0.003525346 90751893 0.04634137 -0.03620351 0.1031642
0.1411713 -0.04627455 -0.003925364 91102209 0.04728794 -0.03397394 0.1025681
0.1421594 -0.04299606 -0.004762373 91402480 0.04829172 -0.03128136 0.1018109
0.1428435 -0.04162133 -0.00494108 91732778 0.04871726 -0.03038682 0.1014558
0.1440648 -0.03922988 -0.005331804 92123130 0.0497221 -0.02847172 0.1009225
0.1453504 -0.0355388 -0.006171059 92413392 0.05071049 -0.02567841 0.09990588
0.1456763 -0.03433539 -0.00660739 92753703 0.05099444 -0.02477087 0.09945925
0.146143 -0.03142751 -0.007271808 93104015 0.05133609 -0.02270461 0.09875564
0.1464867 -0.02738012 -0.008531831 93454327 0.0516683 -0.01970912 0.09756661
0.1465804 -0.02451314 -0.009554165 93784642 0.05171255 -0.01758755 0.0965514
0.1469139 -0.02179588 -0.01049183 94084909 0.05200748 -0.01570834 0.09563062
0.1469579 -0.02093328 -0.0111353 94425204 0.05218473 -0.01480712 0.09510397
0.1477068 -0.01793004 -0.01195022 94795546 0.05268155 -0.01283003 0.09411789
0.1483091 -0.01414693 -0.01379617 95155867 0.05329045 -0.009998927 0.09231943
0.148829 -0.01166011 -0.01495255 95466147 0.0537918 -0.008155714 0.09116954
0.1494676 -0.008798966 -0.01599597 95776443 0.05425755 -0.006019482 0.08999257
0.1502789 -0.006083021 -0.01661403 96116730 0.05473823 -0.003959069 0.08909185
0.1510574 -0.004105101 -0.01709525 96447032 0.05522293 -0.002443204 0.08835258
0.151626 -0.002618084 -0.01787794 96797348 0.05575158 -0.001219521 0.0875374
0.1524613 -0.001216898 -0.0185714 97107632 0.05643342 -0.000316391 0.08670963
0.1527761 -0.0009071923 -0.0188764 97437926 0.05666863 -9.632111E-07 0.0863319
0.1535471 -0.0001854992 -0.0193306 97778233 0.05697489 0.0005003119 0.08545299
0.1537318 -0.0001196957 -0.01949588 98158577 0.05695117 0.0004393959 0.085096
0.1538399 -0.0002104139 -0.01968319 98518906 0.05684737 0.000142684 0.08471307
0.1541399 -0.0008045531 -0.0196524 98859209 0.05680287 -0.0004745817 0.08442282
0.1540407 -0.001474748 -0.01951841 99369674 0.05655102 -0.001126537 0.08441375
