0.1466092 -0.0009144038 0.006397611 0 0.0815843 0.02448743 0.1306263
0.1466092 -0.0009144038 0.006397611 110107 0.0815843 0.02448743 0.1306263
0.1465678 -0.0008035094 0.006213195 220206 0.08162691 0.02460241 0.130485
0.1466679 -0.0006873623 0.006090051 330294 0.08170265 0.02473595 0.1303455
0.1466679 -0.0006873623 0.006090051 450406 0.08170265 0.02473595 0.1303455
0.146703 -0.0006009281 0.005927927 560505 0.08174771 0.02484381 0.1301842
0.1467432 -0.0005645544 0.005847461 670601 0.08179601 0.02492478 0.1300988
0.1467432 -0.0005645544 0.005847461 790713 0.08179601 0.02492478 0.1300988
0.1468748 -0.0003906727 0.005835897 890803 0.08187738 0.02500533 0.1300801
0.1471626 -0.0003555581 0.005984194 1010912 0.08198956 0.02499854 0.130145
0.1474184 -0.0003412604 0.00616718 1121007 0.08212349 0.02498388 0.1302698
0.1474184 -0.0003412604 0.00616718 1241132 0.08212349 0.02498388 0.1302698
0.1476359 -0.0002905815 0.006361849 1341392 0.08224967 0.0249446 0.1304348
0.1476359 -0.0002905815 0.006361849 1451305 0.08224967 0.0249446 0.1304348
0.147749 -0.0002151369 0.006501204 1561413 0.0823409 0.02484968 0.130597
0.1478829 -0.0001576184 0.006677634 1681521 0.08247434 0.02478143 0.1307986
0.1478829 -0.0001576184 0.006677634 1801621 0.08247434 0.02478143 0.1307986
0.1480156 3.904712E-05 0.006878144 1901712 0.08259493 0.02482104 0.1310243
0.1482218 0.0002857806 0.007219202 2011815 0.08264548 0.024901 0.1313163
0.1482218 0.0002857806 0.007219202 2121914 0.08264548 0.024901 0.1313163
0.1484364 0.0006653281 0.007550961 2242019 0.0826917 0.02502342 0.1316097
0.1485725 0.001235372 0.00771857 2352122 0.08280279 0.02515491 0.1318493
0.1487312 0.001937396 0.007849581 2462222 0.08297777 0.02538045 0.1320799
0.1487312 0.001937396 0.007849581 2572321 0.08297777 0.02538045 0.1320799
0.1489607 0.002773194 0.008018023 2692446 0.0831652 0.02574181 0.1323146
0.1490169 0.003722413 0.008185751 2792520 0.08320424 0.02619477 0.132564
0.1490169 0.003722413 0.008185751 2912624 0.08320424 0.02619477 0.132564
0.1490828 0.004926025 0.008431799 3042745 0.0832413 0.02682819 0.1328964
0.14908 0.006375491 0.008639104 3132831 0.08321667 0.02760693 0.1332084
0.14908 0.006375491 0.008639104 3242926 0.08321667 0.02760693 0.1332084
0.148881 0.007827342 0.008811004 3353025 0.08306685 0.02850356 0.1334996
0.1489284 0.009457864 0.009202606 3473130 0.08286074 0.02957573 0.1338484
0.1489284 0.009457864 0.009202606 3583233 0.08286074 0.02957573 0.1338484
0.1487667 0.01124001 0.009434825 3693337 0.08255665 0.03062519 0.1341212
0.1484677 0.01325688 0.00950647 3803432 0.08233765 0.03169223 0.1343793
0.1484677 0.01325688 0.00950647 3913531 0.08233765 0.03169223 0.1343793
0.1482176 0.01542608 0.009542353 4023627 0.08218054 0.03289127 0.1346036
0.1478574 0.01747987 0.009526735 4133734 0.08184296 0.03407022 0.134719
0.1478574 0.01747987 0.009526735 4253842 0.08184296 0.03407022 0.134719
0.1473762 0.01974774 0.009498244 4363938 0.08142722 0.03545448 0.134839
0.146668 0.02197989 0.009355312 4484046 0.08093792 0.036924 0.134904
0.146668 0.02197989 0.009355312 4594154 0.08093792 0.036924 0.134904
0.1461282 0.02447713 0.00929678 4694236 0.08030784 0.03845843 0.1349092
0.1455733 0.02697316 0.009451156 4814340 0.07958187 0.04001551 0.1350747
0.1455733 0.02697316 0.009451156 4924444 0.07958187 0.04001551 0.1350747
0.1449714 0.02955842 0.009516363 5034551 0.0788454 0.04143035 0.1351853
0.1439434 0.03213676 0.009425645 5144642 0.07789087 0.04287084 0.1352354
0.1439434 0.03213676 0.009425645 5254738 0.07789087 0.04287084 0.1352354
0.1432536 0.03468179 0.009495382 5374846 0.07709509 0.04433846 0.1353368
0.1423473 0.03713668 0.009578233 5494962 0.07625781 0.04589745 0.1355214
0.1423473 0.03713668 0.009578233 5595045 0.07625781 0.04589745 0.1355214
0.1411297 0.03948207 0.009530072 5715153 0.07526052 0.04734188 0.135648
0.1401264 0.04219401 0.009778384 5815243 0.07418227 0.04890391 0.1359235
0.1401264 0.04219401 0.009778384 5935352 0.07418227 0.04890391 0.1359235
0.1388378 0.04466774 0.009994749 6045451 0.07291844 0.05044946 0.1361988
0.137728 0.0471388 0.010427 6155555 0.07164629 0.05209583 0.1365812
0.137728 0.0471388 0.010427 6265650 0.07164629 0.05209583 0.1365812
0.1364787 0.04935383 0.01087451 6375753 0.07035489 0.05360978 0.1370323
0.1350696 0.05208758 0.01120305 6495858 0.06903177 0.05513379 0.1374408
0.1350696 0.05208758 0.01120305 6605961 0.06903177 0.05513379 0.1374408
0.1335481 0.05443295 0.0116005 6716060 0.0675579 0.05653077 0.1378825
0.1322513 0.05675446 0.01218391 6846178 0.06601124 0.05799698 0.1383464
0.1308588 0.05912191 0.0127647 6936263 0.06438994 0.05943292 0.1388124
0.1308588 0.05912191 0.0127647 7046362 0.06438994 0.05943292 0.1388124
0.1292166 0.0613739 0.01330078 7166463 0.06269222 0.0608434 0.1393186
0.1292166 0.0613739 0.01330078 7276566 0.06269222 0.0608434 0.1393186
0.1276922 0.06355458 0.01394213 7386666 0.06096204 0.0621716 0.1398446
0.1262659 0.06588323 0.01474655 7496777 0.05924715 0.06352153 0.140481
0.1262659 0.06588323 0.01474655 7606864 0.05924715 0.06352153 0.140481
0.1246925 0.06800384 0.01541567 7726973 0.05753238 0.06469646 0.1410533
0.1229581 0.07024086 0.01604534 7837068 0.05579335 0.06592616 0.14165
0.1229581 0.07024086 0.01604534 7947183 0.05579335 0.06592616 0.14165
0.1214309 0.07233229 0.01670134 8077289 0.05417028 0.0672605 0.1422264
0.1199676 0.07429462 0.01733196 8177379 0.05261037 0.0686388 0.1427802
0.1199676 0.07429462 0.01733196 8287478 0.05261037 0.0686388 0.1427802
0.1182584 0.07620283 0.01783502 8397578 0.05096512 0.06992421 0.143288
0.1165369 0.07842862 0.01848328 8507677 0.04923441 0.07109547 0.1438741
0.1165369 0.07842862 0.01848328 8617781 0.04923441 0.07109547 0.1438741
0.1149573 0.08058744 0.01924289 8737889 0.04740698 0.07213974 0.1444301
0.1132043 0.08263304 0.01990652 8857989 0.04547013 0.07332337 0.1449332
0.1116104 0.08442941 0.02066314 8958080 0.04367606 0.07457462 0.1455393
0.1116104 0.08442941 0.02066314 9068183 0.04367606 0.07457462 0.1455393
0.1098888 0.08619049 0.02129376 9178282 0.04182647 0.07577834 0.146055
0.1098888 0.08619049 0.02129376 9288378 0.04182647 0.07577834 0.146055
0.1083152 0.08812567 0.02207137 9398485 0.03993411 0.07694891 0.1465919
0.1066408 0.09008908 0.02285326 9518589 0.03790273 0.07813933 0.1471052
0.1049969 0.09185159 0.02355457 9628689 0.03601576 0.07922643 0.1476048
0.1049969 0.09185159 0.02355457 9738788 0.03601576 0.07922643 0.1476048
0.1033358 0.09348137 0.02419138 9848892 0.03430453 0.08016697 0.1481416
0.1020442 0.09526741 0.02502728 9958987 0.03277703 0.08098528 0.148738
0.1020442 0.09526741 0.02502728 10069094 0.03277703 0.08098528 0.148738
0.1004466 0.09679235 0.02564478 10199224 0.03108762 0.08170173 0.149208
0.09906635 0.09827436 0.02625823 10299302 0.02954738 0.08254179 0.1496513
0.09906635 0.09827436 0.02625823 10409410 0.02954738 0.08254179 0.1496513
0.09792947 0.09942526 0.02685404 10539507 0.02818139 0.08333567 0.1500716
0.09634987 0.1006929 0.02718377 10629588 0.02671673 0.0840787 0.1503968
0.09634987 0.1006929 0.02718377 10749696 0.02671673 0.0840787 0.1503968
0.09501762 0.1019794 0.02763141 10859796 0.02524334 0.08481029 0.1506884
0.0936304 0.1032991 0.02807022 10969895 0.02363081 0.08563256 0.1509288
0.0936304 0.1032991 0.02807022 11090003 0.02363081 0.08563256 0.1509288
0.09207198 0.1043997 0.02833116 11190102 0.02192 0.08641601 0.1510566
0.09061524 0.1056285 0.02862323 11330220 0.02028626 0.08711889 0.1511691
0.09061524 0.1056285 0.02862323 11420302 0.02028626 0.08711889 0.1511691
0.08919923 0.1067299 0.02896583 11530405 0.01866493 0.08778217 0.1513266
0.08760995 0.1079521 0.02918625 11640504 0.01704182 0.08848035 0.1514452
0.08760995 0.1079521 0.02918625 11760609 0.01704182 0.08848035 0.1514452
0.08582497 0.1089733 0.02921045 11870728 0.01535459 0.08908701 0.151459
0.08424789 0.1102015 0.02947343 11970802 0.01364316 0.08982614 0.1515639
0.08424789 0.1102015 0.02947343 12090911 0.01364316 0.08982614 0.1515639
0.08231118 0.1112491 0.02957297 12211015 0.01162837 0.09056601 0.1515664
0.08043689 0.1123738 0.02977443 12321119 0.009560749 0.09139338 0.1516048
0.08043689 0.1123738 0.02977443 12421221 0.009560749 0.09139338 0.1516048
0.07864228 0.1133832 0.02996564 12551322 0.00768891 0.09210843 0.1517
0.07672311 0.1144668 0.03011298 12641404 0.005891815 0.09270924 0.1518331
0.07672311 0.1144668 0.03011298 12761516 0.005891815 0.09270924 0.1518331
0.07475142 0.115591 0.0302093 12871615 0.004146159 0.09325534 0.1519561
0.07270439 0.1166001 0.03035057 12991728 0.002213761 0.09389458 0.1520953
0.07270439 0.1166001 0.03035057 13091814 0.002213761 0.09389458 0.1520953
0.07065274 0.1175031 0.03052604 13201917 0.0002288669 0.09457931 0.1522685
0.06871884 0.1184746 0.03070629 13342044 -0.001568854 0.09520882 0.1524626
0.06871884 0.1184746 0.03070629 13432125 -0.001568854 0.09520882 0.1524626
0.06688629 0.1193646 0.03098047 13542225 -0.003267676 0.09569544 0.1527362
0.06476989 0.1201109 0.03108311 13652328 -0.005095303 0.09608072 0.1529341
0.06476989 0.1201109 0.03108311 13762419 -0.005095303 0.09608072 0.1529341
0.0628729 0.1209485 0.03133547 13872523 -0.006934345 0.09650281 0.153137
0.06090149 0.1216862 0.0315255 13992623 -0.008762658 0.09690437 0.1533411
0.06090149 0.1216862 0.0315255 14122740 -0.008762658 0.09690437 0.1533411
0.05885965 0.1222354 0.03169882 14212826 -0.01054853 0.09719486 0.1536075
0.05677067 0.1230468 0.03175199 14332934 -0.01232177 0.09753534 0.1537424
0.05677067 0.1230468 0.03175199 14443037 -0.01232177 0.09753534 0.1537424
0.05451444 0.1237191 0.03168536 14573151 -0.01434225 0.09801016 0.1537676
0.05219108 0.124278 0.03161347 14673241 -0.0164437 0.09840187 0.1537852
0.05219108 0.124278 0.03161347 14773336 -0.0164437 0.09840187 0.1537852
0.05002287 0.1247743 0.0316453 14883447 -0.01856747 0.09863925 0.1537869
0.04765602 0.1253342 0.03144682 15013548 -0.02066925 0.09889638 0.1536719
0.04765602 0.1253342 0.03144682 15103634 -0.02066925 0.09889638 0.1536719
0.04525423 0.1258462 0.03112793 15223734 -0.0227505 0.09922234 0.1534913
0.0429119 0.1263938 0.03084493 15353855 -0.02479041 0.09956665 0.1533314
0.04072914 0.1270012 0.03056121 15443937 -0.02675703 0.09988377 0.1531031
0.04072914 0.1270012 0.03056121 15554036 -0.02675703 0.09988377 0.1531031
0.03834082 0.1272615 0.03020513 15684162 -0.02877682 0.1000861 0.1529365
0.03615074 0.1277632 0.03011179 15804258 -0.03081658 0.1002985 0.1528608
0.03615074 0.1277632 0.03011179 15894351 -0.03081658 0.1002985 0.1528608
0.0336878 0.1282076 0.02988625 16014451 -0.03296724 0.1004837 0.1527469
0.0336878 0.1282076 0.02988625 16114554 -0.03296724 0.1004837 0.1527469
0.03124043 0.1285317 0.02966571 16234658 -0.03505099 0.1006598 0.1526895
0.0288121 0.1289417 0.02966345 16344750 -0.03730309 0.1007804 0.1527162
0.0288121 0.1289417 0.02966345 16454849 -0.03730309 0.1007804 0.1527162
0.02648923 0.1295736 0.02975965 16564952 -0.03951114 0.1009943 0.1527777
0.02380489 0.1299249 0.02962065 16795168 -0.04187322 0.1011259 0.1527598
0.02130719 0.1303493 0.02961314 16905251 -0.04420573 0.1012889 0.1527789
0.01884149 0.1306164 0.02966726 17065412 -0.04655388 0.1013374 0.1528437
0.016158 0.1311206 0.02973115 17265585 -0.04900175 0.101398 0.1529262
0.01325996 0.1314567 0.02959645 17535824 -0.05146659 0.1014405 0.1529486
0.00773272 0.132128 0.02953458 17716007 -0.05647796 0.1016746 0.1530491
0.004721478 0.1321956 0.02945685 17946191 -0.0590137 0.1015066 0.1531591
0.001700327 0.1323783 0.02951014 18166410 -0.06152937 0.1012383 0.1533591
-0.001339704 0.1324869 0.02960527 18386592 -0.06420201 0.1010086 0.1535556
-0.007392079 0.1326105 0.02991223 18626805 -0.06956142 0.1004662 0.1540411
-0.01066718 0.132448 0.02979636 18836999 -0.07224131 0.1000031 0.1541435
-0.01383016 0.1325096 0.02980721 19077224 -0.07491526 0.09967905 0.1542943
-0.02047816 0.1318831 0.02937722 19287401 -0.08045179 0.098799 0.1543367
-0.02368513 0.131485 0.02903318 19517609 -0.08307785 0.09833306 0.1542518
-0.0264959 0.1308195 0.0287832 19727798 -0.08550271 0.09775853 0.1542082
-0.03239602 0.1294448 0.0280925 19958006 -0.09004799 0.09635508 0.1541385
-0.03519049 0.1285575 0.02798927 20188218 -0.09250474 0.09549189 0.1541954
-0.04113659 0.1268063 0.027951 20398408 -0.09776968 0.09364203 0.1544385
-0.04416415 0.126113 0.02795088 20648638 -0.1004474 0.09270659 0.1545308
-0.0470314 0.1252275 0.02805722 20848810 -0.1031099 0.09178638 0.1547188
-0.05269662 0.1234773 0.02831209 21099040 -0.1083309 0.08998865 0.1551569
-0.05547041 0.1229377 0.02852583 21299225 -0.1107409 0.08910063 0.1554371
-0.05821541 0.1217893 0.02852309 21529428 -0.1131137 0.08802569 0.1556153
-0.06359801 0.1196699 0.02834642 21749623 -0.1175775 0.0862563 0.1559239
-0.06614134 0.1188969 0.02831984 21979835 -0.1197166 0.08537078 0.156038
-0.06889066 0.1181473 0.02821481 22200046 -0.1219094 0.08449042 0.1561308
-0.07419753 0.1163195 0.02810931 22420244 -0.1263005 0.08253932 0.1563685
-0.0767554 0.1154858 0.02795506 22640435 -0.1284865 0.08167055 0.1563555
-0.07946044 0.1145653 0.02766824 22870651 -0.1307341 0.08080834 0.1562674
-0.08468178 0.1123623 0.02691281 23110851 -0.1352306 0.07895005 0.1558883
-0.08712476 0.1111657 0.02646995 23311036 -0.1372725 0.07800654 0.1556672
-0.08942762 0.1099427 0.02597177 23551249 -0.1393108 0.07700866 0.1553289
-0.09453014 0.1070746 0.02420771 23761439 -0.1433215 0.07485679 0.1541603
-0.09673375 0.1056795 0.02340865 23991646 -0.1452678 0.07367676 0.1535106
-0.09907162 0.1040366 0.02244556 24201836 -0.1472558 0.07234207 0.1527529
-0.1035181 0.1005218 0.02048719 24432048 -0.1511472 0.06976688 0.151223
-0.1056967 0.09887289 0.01934529 24702292 -0.1530062 0.06850627 0.1502878
-0.1101277 0.0953091 0.01699376 24892467 -0.1567296 0.06580353 0.1483861
-0.1120785 0.09361112 0.01612055 25122675 -0.1586008 0.06440681 0.1476083
-0.1142321 0.09166412 0.01510406 25342874 -0.1603667 0.0628525 0.1468148
-0.1160826 0.08985911 0.01424861 25563068 -0.1620814 0.06126401 0.146054
-0.1193217 0.08583064 0.01290119 25773262 -0.1656318 0.05811429 0.1447853
-0.1206398 0.08386065 0.01229251 26003466 -0.1671421 0.05650627 0.1441846
-0.1222231 0.08180213 0.01162911 26213656 -0.1685374 0.05475616 0.1436509
-0.1250745 0.07748515 0.01009262 26443859 -0.1709763 0.05126375 0.1424245
-0.1262415 0.07545616 0.009538891 26684084 -0.1723251 0.04956206 0.1418719
-0.1275343 0.07341608 0.008975866 26894274 -0.1737196 0.04773923 0.1413158
-0.130332 0.06872354 0.007893327 27134482 -0.1763813 0.04381457 0.1404274
-0.1312917 0.06657936 0.007669332 27344676 -0.177632 0.04192352 0.1401493
-0.1326559 0.06430627 0.007127168 27564871 -0.1787304 0.04014656 0.139791
-0.1355047 0.05968169 0.005853537 27785070 -0.1806698 0.03641208 0.1389884
-0.136934 0.05748606 0.005318526 28035304 -0.1817913 0.03457781 0.13862
-0.1397286 0.05289139 0.004426959 28225467 -0.184463 0.03088027 0.1379208
-0.1412325 0.05062197 0.004024151 28455675 -0.1857909 0.02896025 0.1376339
-0.1427458 0.04829486 0.003513101 28705901 -0.1870921 0.02690261 0.1372368
-0.1457471 0.04345801 0.002311472 28906081 -0.1896343 0.02291822 0.13632
-0.1471171 0.04105573 0.00158203 29156510 -0.190875 0.02105686 0.1357147
-0.1486317 0.03828402 0.0006246604 29356492 -0.1920553 0.0191186 0.1349874
-0.1509188 0.03289331 -0.001026269 29586708 -0.1943413 0.01489504 0.1334981
-0.1521733 0.0300684 -0.001931663 29796889 -0.1953989 0.01281422 0.1327535
-0.1532188 0.02716971 -0.002760048 30027101 -0.1963526 0.0106123 0.1320419
-0.1549386 0.02133146 -0.004242237 30257309 -0.1979002 0.005915812 0.1307501
-0.1555093 0.01810874 -0.004886146 30467490 -0.1985179 0.003433845 0.1301737
-0.1560107 0.01513443 -0.005584712 30697706 -0.1989481 0.0009482414 0.12955
-0.1564419 0.008373348 -0.006759162 30927910 -0.1993987 -0.004024962 0.1285452
-0.1564994 0.005208744 -0.007248695 31168127 -0.1995147 -0.006481627 0.1281001
-0.1564174 0.001746362 -0.007726962 31378316 -0.1995383 -0.009096393 0.1276587
-0.1560882 -0.004976551 -0.008791381 31598511 -0.19877 -0.01440377 0.1268392
-0.1556828 -0.008138428 -0.009136135 31808709 -0.1980035 -0.01691301 0.1266513
-0.1553323 -0.01173302 -0.009511525 32038912 -0.1971068 -0.0196564 0.1264972
-0.1542277 -0.01822661 -0.009966605 32249106 -0.1953786 -0.02507941 0.1262901
-0.1533716 -0.0216679 -0.01013129 32479310 -0.1944005 -0.02780069 0.1261965
-0.1523906 -0.02468374 -0.01032417 32699509 -0.1933661 -0.03032128 0.1260411
-0.1504992 -0.03131612 -0.01040601 32929720 -0.1908189 -0.03547565 0.1262076
-0.1492553 -0.03429807 -0.01009088 33149919 -0.1894125 -0.03803737 0.1265828
-0.147986 -0.03743061 -0.009639733 33400153 -0.1879941 -0.04067494 0.1270902
-0.144817 -0.04326453 -0.008416347 33620344 -0.1849911 -0.04567895 0.1282821
-0.1431423 -0.04612612 -0.007754616 33820524 -0.1833661 -0.04807134 0.1289367
-0.1413558 -0.04904311 -0.007015637 34070742 -0.1816132 -0.0504332 0.1296725
-0.137767 -0.05453057 -0.00549095 34270935 -0.1779872 -0.05486877 0.1312149
-0.1361623 -0.05712808 -0.00468593 34501130 -0.1762194 -0.05704133 0.1320682
-0.1343402 -0.0595806 -0.003665021 34711328 -0.1743673 -0.05919386 0.1330973
-0.1308733 -0.0641462 -0.001531651 34941532 -0.1706958 -0.06312089 0.1352871
-0.1292724 -0.06626531 -0.0003789564 35161731 -0.1689283 -0.06497435 0.1364859
-0.1277674 -0.06841155 0.0005767446 35401947 -0.1671857 -0.06679113 0.1375068
-0.1245645 -0.07264132 0.003004323 35632155 -0.1641672 -0.06975929 0.1398604
-0.1228163 -0.07447001 0.004345309 35842349 -0.1628142 -0.07126753 0.1410792
-0.1209778 -0.07631584 0.005608689 36092567 -0.1612723 -0.07274698 0.1422464
-0.1174422 -0.07993136 0.007810962 36282742 -0.1578477 -0.07539637 0.1443873
-0.1157084 -0.08179485 0.008763444 36532964 -0.1561423 -0.07667528 0.1453107
-0.1113233 -0.08501156 0.01096274 36723140 -0.1524701 -0.07873987 0.1472487
-0.1092461 -0.08690865 0.01200141 36973365 -0.1505524 -0.07989238 0.1482028
-0.106945 -0.08847015 0.01301147 37183559 -0.1484725 -0.08103578 0.1491233
-0.1014739 -0.0916068 0.01499499 37433781 -0.1437635 -0.0832565 0.1508189
-0.09896454 -0.0935578 0.01556314 37623953 -0.1412328 -0.08443041 0.1513436
-0.09586301 -0.09532578 0.01636351 37854160 -0.1385472 -0.08546855 0.1519628
-0.08925217 -0.09875475 0.01736177 38074363 -0.1326985 -0.08743565 0.1526044
-0.08596876 -0.1008417 0.01755203 38304567 -0.1294407 -0.08842038 0.1526896
-0.08278722 -0.1027335 0.01756967 38514756 -0.1261716 -0.08948283 0.1526566
-0.07917541 -0.1049236 0.01760448 38744972 -0.1226361 -0.09064005 0.1525616
-0.07217553 -0.1092718 0.01760973 39095280 -0.1156433 -0.09299861 0.1523391
-0.06512162 -0.1135782 0.01748718 39305470 -0.1085912 -0.09552805 0.1519894
-0.06137615 -0.115659 0.01756026 39525665 -0.1050872 -0.09667353 0.1518553
-0.05453569 -0.1199756 0.01785256 39765894 -0.09854907 -0.09882779 0.1517251
-0.05068168 -0.1216021 0.01826002 39966066 -0.0952288 -0.09990313 0.1518675
-0.04754493 -0.1236518 0.01836659 40236310 -0.09194139 -0.1010516 0.1518748
-0.04062855 -0.1270169 0.01904215 40416473 -0.08529609 -0.1029967 0.1522116
-0.0377897 -0.1288187 0.01943828 40676703 -0.0822531 -0.103907 0.1525122
-0.03453758 -0.1302252 0.02017416 40866875 -0.07917947 -0.1047274 0.1530773
-0.02886826 -0.1329347 0.0214261 41097087 -0.07344919 -0.1064358 0.1541536
-0.02575871 -0.1339625 0.02214588 41307276 -0.07073402 -0.1070107 0.154649
-0.02338299 -0.1351191 0.02266611 41567511 -0.06816319 -0.1076378 0.1551266
-0.01826167 -0.1369306 0.02388979 41757679 -0.0630596 -0.1085018 0.1561442
-0.01582912 -0.137602 0.02448489 41997896 -0.0606457 -0.1088129 0.156655
-0.01368836 -0.1383864 0.02494706 42228103 -0.05830169 -0.1090918 0.1570747
-0.009016097 -0.1395126 0.02617993 42438301 -0.05349427 -0.1097171 0.1582412
-0.00669983 -0.1400476 0.02681698 42678518 -0.05117571 -0.1099457 0.1588095
-0.004005313 -0.1403604 0.02758886 42888704 -0.04882368 -0.1102075 0.1594539
0.0002487153 -0.1410297 0.02833845 43118911 -0.04437324 -0.1104793 0.1601786
0.002307966 -0.1411723 0.02862503 43329101 -0.04214951 -0.1103371 0.1604544
0.004810765 -0.141032 0.02891208 43569322 -0.03994381 -0.1100737 0.160612
0.009386793 -0.140377 0.0291691 43769507 -0.03547552 -0.1091387 0.1607661
0.01191218 -0.1399471 0.02934446 43999706 -0.03313363 -0.1085221 0.1608343
0.01469512 -0.1392356 0.02967562 44219905 -0.03070357 -0.1077125 0.1610207
0.02026772 -0.1377194 0.0302371 44440100 -0.0258247 -0.1059472 0.1612801
0.02334805 -0.1367529 0.03072705 44670311 -0.02322751 -0.1049801 0.161599
0.02653944 -0.1354734 0.03106548 44910528 -0.0204373 -0.1039449 0.1618531
0.03324436 -0.1325995 0.03143074 45110705 -0.01427996 -0.1015838 0.1621431
0.03675336 -0.1309198 0.03169229 45330908 -0.01118928 -0.1002002 0.1623218
0.04035431 -0.1290713 0.03200008 45611164 -0.00809896 -0.09885331 0.1625581
0.04715294 -0.1249374 0.03251006 45781314 -0.002009004 -0.09574611 0.1630369
0.05054228 -0.122623 0.03230061 46031536 0.001272887 -0.09391045 0.162893
0.05767789 -0.1180592 0.03232862 46231729 0.007745684 -0.08961038 0.1627268
0.06107457 -0.116038 0.03257109 46481942 0.01074672 -0.08725263 0.1627431
0.06469969 -0.1140044 0.03302993 46682131 0.01370743 -0.08485039 0.1628609
0.06810702 -0.1117691 0.03334011 46912335 0.01669973 -0.08246882 0.1629744
0.07558177 -0.106966 0.03392746 47262663 0.0229452 -0.07795556 0.1631329
0.08294104 -0.1019037 0.03370954 47462835 0.02985507 -0.07314412 0.1627871
0.08673428 -0.09906448 0.03368045 47703048 0.03337742 -0.07061325 0.1627146
0.09372696 -0.09338164 0.0338365 47913234 0.03996587 -0.06591026 0.1629153
0.09697132 -0.09064157 0.03384973 48143446 0.04319 -0.06366982 0.1630254
0.1003779 -0.08766237 0.03401281 48393671 0.04651427 -0.0613013 0.1632802
0.1064814 -0.08161511 0.03421165 48584025 0.05257638 -0.05695055 0.1637962
0.1093133 -0.07825403 0.03400351 48804038 0.05561447 -0.05470202 0.1638804
0.1119648 -0.07514811 0.03396238 49034250 0.05853026 -0.05208794 0.1640363
0.117566 -0.06853781 0.0348586 49294484 0.06327364 -0.04634423 0.1647279
0.1205157 -0.06493222 0.0354283 49474643 0.06539172 -0.0434197 0.1650617
0.1234926 -0.0613219 0.03569711 49734886 0.06768154 -0.04024182 0.1651074
0.1284746 -0.05453283 0.0352837 49925053 0.07231824 -0.03370289 0.164585
0.130828 -0.05124715 0.03516759 50165270 0.07440999 -0.03055678 0.1643774
0.1331932 -0.04779764 0.03499223 50395482 0.07643266 -0.02767924 0.1641424
0.137671 -0.04082959 0.03409017 50615673 0.08035015 -0.02213011 0.163206
0.1396351 -0.03723187 0.03319837 50825874 0.08248726 -0.01928736 0.1624979
0.1413777 -0.0337741 0.03222252 51066095 0.0844789 -0.01640756 0.1617108
0.1445618 -0.02702263 0.03043188 51386372 0.08811189 -0.0106884 0.1602504
0.1474576 -0.02044725 0.02865435 51606575 0.09132767 -0.005578913 0.1587874
0.1488211 -0.01737075 0.02744723 51946878 0.09319827 -0.003083773 0.1578629
0.1514643 -0.01174758 0.02439917 52177098 0.09691772 0.002060078 0.1553201
0.1527815 -0.009409876 0.02269233 52407306 0.09860559 0.004658543 0.1537393
0.1546506 -0.005191953 0.01818562 52607474 0.1021253 0.009629362 0.1498202
0.1554997 -0.003020295 0.01561905 52857704 0.1039711 0.01165914 0.1476629
0.1565996 0.0008234296 0.01037837 53057877 0.1071433 0.0152578 0.1432392
0.1569833 0.002201347 0.008067972 53308106 0.108246 0.01689574 0.1411657
0.1571572 0.003556846 0.005804068 53668432 0.1091037 0.01813462 0.139163
0.1569691 0.005341953 0.001805192 53838585 0.1101635 0.02008601 0.1355889
0.1571606 0.00582598 0.0003175792 54088823 0.1105476 0.02083804 0.1341388
0.1567313 0.006593807 -0.002495522 54278978 0.1110598 0.02172541 0.1316365
0.1565589 0.006777188 -0.003385181 54519195 0.1111384 0.02203175 0.1308181
0.155901 0.007132559 -0.004517729 54739410 0.1107179 0.02236661 0.129768
0.1554365 0.007181561 -0.004848535 54979615 0.1104212 0.02257027 0.129476
0.1551231 0.006904385 -0.004806692 55179795 0.1099502 0.02275719 0.1294109
0.1548453 0.006609111 -0.004657561 55430017 0.1095708 0.02280023 0.1294854
0.1546418 0.006182259 -0.003309126 55740305 0.1086631 0.02205112 0.1306327
0.1544902 0.00594513 -0.0006168429 55980522 0.1071052 0.02052387 0.132981
0.1547538 0.005848511 0.001472598 56290794 0.1060936 0.01991984 0.1346657
0.1550627 0.005004062 0.006868726 56521002 0.1031384 0.01881384 0.1388514
