0.1486594 0.004033795 0.007637804 0 0.09692235 -0.01011957 0.1396576
0.1486168 0.004292598 0.007640154 110100 0.09697764 -0.009969601 0.1396865
0.1486168 0.004292598 0.007640154 220195 0.09697764 -0.009969601 0.1396865
0.1485698 0.004444828 0.007597364 330306 0.09700186 -0.009796034 0.1396739
0.148707 0.004341712 0.007651176 470421 0.09701087 -0.009676704 0.1397014
0.148707 0.004341712 0.007651176 560498 0.09701087 -0.009676704 0.1397014
0.1488238 0.004182568 0.007696491 670601 0.09706165 -0.009697208 0.1397355
0.1488946 0.003919234 0.007723567 780705 0.09718844 -0.009918103 0.1397889
0.1488946 0.003919234 0.007723567 890800 0.09718844 -0.009918103 0.1397889
0.1488752 0.003834119 0.007725437 1000903 0.09734447 -0.01012195 0.1398468
0.1488417 0.003701916 0.007600443 1121008 0.0973606 -0.01016093 0.139751
0.1488417 0.003701916 0.007600443 1231111 0.0973606 -0.01016093 0.139751
0.1488808 0.003605833 0.007525472 1341207 0.09731617 -0.01016296 0.1396534
0.1489294 0.003474941 0.007487215 1451306 0.09730268 -0.01017691 0.1396029
0.1489294 0.003474941 0.007487215 1561405 0.09730268 -0.01017691 0.1396029
0.1487939 0.003371706 0.007420885 1681514 0.09730419 -0.01025284 0.1395929
0.148771 0.003430357 0.007476788 1791609 0.09725539 -0.01037563 0.1396199
0.148771 0.003430357 0.007476788 1901712 0.09725539 -0.01037563 0.1396199
0.148812 0.003420224 0.007510494 2011816 0.09720729 -0.0103947 0.1396178
0.1488941 0.003389588 0.007502696 2131924 0.09726916 -0.01042331 0.1396024
0.1488941 0.003389588 0.007502696 2242019 0.09726916 -0.01042331 0.1396024
0.1488961 0.003387561 0.007456524 2342118 0.09736069 -0.01046444 0.1395871
0.1488253 0.003378859 0.007374553 2482252 0.09737444 -0.01043941 0.1395416
0.1488253 0.003378859 0.007374553 2572322 0.09737444 -0.01043941 0.1395416
0.1487344 0.003175726 0.00720765 2692426 0.09736156 -0.01032043 0.1394383
0.1487441 0.00322782 0.007095331 2792516 0.09737104 -0.01015509 0.1393374
0.1487441 0.00322782 0.007095331 2912629 0.09737104 -0.01015509 0.1393374
0.1487947 0.003224483 0.00702873 3022728 0.09747613 -0.01008559 0.1392993
0.1489419 0.003557673 0.007056519 3132823 0.09762224 -0.009985456 0.139303
0.1489419 0.003557673 0.007056519 3262945 0.09762224 -0.009985456 0.139303
0.1494451 0.003837695 0.007257091 3363047 0.09785514 -0.009867677 0.1393816
0.1495724 0.004226318 0.007414435 3473139 0.09780312 -0.009536156 0.1394629
0.1495724 0.004226318 0.007414435 3583230 0.09780312 -0.009536156 0.1394629
0.1494066 0.004980793 0.007613918 3693329 0.09750289 -0.00902475 0.139584
0.1494395 0.005992522 0.007922294 3803433 0.09737276 -0.008571515 0.1397676
0.1494395 0.005992522 0.007922294 3913532 0.09737276 -0.008571515 0.1397676
0.1495015 0.007409086 0.008249873 4043645 0.09737408 -0.007975469 0.139978
0.1497939 0.008656731 0.008615968 4143748 0.09734642 -0.007155428 0.1401663
0.1497939 0.008656731 0.008615968 4253831 0.09734642 -0.007155428 0.1401663
0.1496677 0.009572497 0.008623862 4363942 0.09715643 -0.006201754 0.1401533
0.1496262 0.01099454 0.008823396 4484043 0.09715902 -0.005257735 0.1403123
0.1496262 0.01099454 0.008823396 4584133 0.09715902 -0.005257735 0.1403123
0.149421 0.01240014 0.009034798 4704245 0.09700052 -0.004337082 0.1404814
0.1495138 0.01415407 0.009447184 4814515 0.09668034 -0.003087649 0.140663
0.1495138 0.01415407 0.009447184 4924440 0.09668034 -0.003087649 0.140663
0.1496385 0.01599382 0.009902737 5034693 0.09637707 -0.001739511 0.1408799
0.149601 0.01766311 0.01039852 5154648 0.09608085 -0.0006046391 0.1411966
0.149601 0.01766311 0.01039852 5284761 0.09608085 -0.0006046391 0.1411966
0.1492964 0.01952671 0.01080533 5374847 0.09585056 0.0004893446 0.1415241
0.1493182 0.02115118 0.01116218 5484946 0.09578212 0.001734247 0.1417881
0.1493182 0.02115118 0.01116218 5595057 0.09578212 0.001734247 0.1417881
0.1492241 0.02264368 0.01136631 5725167 0.09564719 0.003086081 0.1419545
0.1492956 0.02423977 0.01156056 5825269 0.09564789 0.004462471 0.1420866
0.1492956 0.02423977 0.01156056 5935356 0.09564789 0.004462471 0.1420866
0.1491 0.02617501 0.01182427 6045468 0.09552717 0.00569736 0.142273
0.1489973 0.02812957 0.01211477 6165560 0.09544661 0.007070889 0.1424801
0.1485027 0.02993809 0.01232947 6265655 0.09501193 0.008584848 0.1426714
0.1485027 0.02993809 0.01232947 6375750 0.09501193 0.008584848 0.1426714
0.1483044 0.03165721 0.01260038 6485849 0.09481187 0.01001536 0.142894
0.1483044 0.03165721 0.01260038 6605954 0.09481187 0.01001536 0.142894
0.148003 0.03367494 0.01291869 6716065 0.09462322 0.01133834 0.1431413
0.1473611 0.03571939 0.01295647 6826156 0.09428246 0.0127046 0.1431841
0.1473611 0.03571939 0.01295647 6936256 0.09428246 0.0127046 0.1431841
0.1472798 0.0375266 0.01312748 7046351 0.09415384 0.01415836 0.1432729
0.1467296 0.03919255 0.01305513 7166463 0.09370647 0.01566993 0.1432146
0.1465666 0.04094373 0.01319525 7276567 0.09351881 0.0170468 0.1432765
0.1465666 0.04094373 0.01319525 7406676 0.09351881 0.0170468 0.1432765
0.1462437 0.04269718 0.0132527 7506766 0.09330052 0.01841485 0.1433052
0.1458011 0.04462623 0.01329525 7606857 0.09298977 0.01978551 0.1432959
0.1458011 0.04462623 0.01329525 7716972 0.09298977 0.01978551 0.1432959
0.145248 0.04676031 0.01346305 7847074 0.09252713 0.02138757 0.1433976
0.1442518 0.04860209 0.01331928 7947164 0.09186664 0.02300703 0.143346
0.1442518 0.04860209 0.01331928 8057279 0.09186664 0.02300703 0.143346
0.1434569 0.05066358 0.01336551 8197394 0.09115651 0.02448081 0.1433093
0.1429913 0.05267953 0.01345502 8277462 0.09076086 0.026039 0.1433339
0.1429913 0.05267953 0.01345502 8397574 0.09076086 0.026039 0.1433339
0.1420438 0.05467545 0.01328933 8507686 0.09017687 0.02757906 0.1432195
0.1412781 0.05675613 0.01322329 8647800 0.08957275 0.02923047 0.1431277
0.1412781 0.05675613 0.01322329 8727881 0.08957275 0.02923047 0.1431277
0.1402344 0.05893242 0.01314515 8847993 0.08871231 0.03084837 0.1430029
0.1391764 0.06101428 0.01308635 8958084 0.08798743 0.03248154 0.142978
0.1391764 0.06101428 0.01308635 9078193 0.08798743 0.03248154 0.142978
0.1377239 0.06341993 0.01287236 9178283 0.08699311 0.0341829 0.1427871
0.1365337 0.0659275 0.01284245 9288382 0.08602944 0.03593957 0.1426742
0.1365337 0.0659275 0.01284245 9398474 0.08602944 0.03593957 0.1426742
0.1352384 0.06808256 0.01277767 9518582 0.0849835 0.03768884 0.1426119
0.1330504 0.07024299 0.01241365 9628698 0.08345003 0.03949009 0.1424149
0.1330504 0.07024299 0.01241365 9738781 0.08345003 0.03949009 0.1424149
0.1318812 0.07235872 0.01258236 9848880 0.08219875 0.04109251 0.1424297
0.1300284 0.07439195 0.01232667 9958983 0.08092267 0.04259049 0.1422634
0.1300284 0.07439195 0.01232667 10079092 0.08092267 0.04259049 0.1422634
0.1284766 0.0762546 0.01213657 10189195 0.07978161 0.04403983 0.142126
0.1268541 0.07809316 0.01188066 10299291 0.07849038 0.04553257 0.1419077
0.1268541 0.07809316 0.01188066 10409390 0.07849038 0.04553257 0.1419077
0.1250717 0.07946657 0.01145835 10519501 0.07717445 0.04682087 0.1416366
0.1234435 0.08115899 0.01121911 10629589 0.0760145 0.04791497 0.1414173
0.1234435 0.08115899 0.01121911 10749697 0.0760145 0.04791497 0.1414173
0.1220031 0.08273564 0.01084823 10859800 0.07492813 0.0490688 0.1410663
0.1200577 0.08434915 0.01042338 10979905 0.0735983 0.05031835 0.1407678
0.1200577 0.08434915 0.01042338 11110018 0.0735983 0.05031835 0.1407678
0.1186726 0.08590101 0.01026957 11200099 0.072348 0.0515164 0.1405692
0.116694 0.0875672 0.009925302 11310203 0.07079889 0.05283558 0.1402848
0.116694 0.0875672 0.009925302 11420302 0.07079889 0.05283558 0.1402848
0.1153817 0.08897506 0.009758107 11550416 0.06966317 0.05405008 0.1401281
0.113568 0.09046089 0.009392362 11650510 0.06843868 0.05510269 0.1398507
0.113568 0.09046089 0.009392362 11760609 0.06843868 0.05510269 0.1398507
0.1121679 0.09206628 0.009087135 11860708 0.06733493 0.05628406 0.1395321
0.1103287 0.09365463 0.00861585 11990821 0.06601559 0.05755007 0.1391496
0.1103287 0.09365463 0.00861585 12090907 0.06601559 0.05755007 0.1391496
0.1087383 0.09512972 0.008164347 12201019 0.06485578 0.05879294 0.1387791
0.106857 0.09645569 0.007483097 12311110 0.06374847 0.06010687 0.138352
0.106857 0.09645569 0.007483097 12431214 0.06374847 0.06010687 0.138352
0.1048188 0.09831559 0.007150489 12531305 0.06235108 0.06132006 0.1380477
0.1034943 0.09992861 0.007026174 12651425 0.0611723 0.06256747 0.1378667
0.1034943 0.09992861 0.007026174 12791540 0.0611723 0.06256747 0.1378667
0.1012612 0.1015874 0.006584117 12871616 0.05965601 0.06400251 0.1375904
0.09982879 0.1034118 0.006665674 13001729 0.05840782 0.06528866 0.1375748
0.0976982 0.1050374 0.006390965 13131859 0.05695147 0.06652557 0.1373978
0.0976982 0.1050374 0.006390965 13362063 0.05695147 0.06652557 0.1373978
0.09434184 0.107885 0.005932252 13602267 0.05426833 0.06880366 0.1369781
0.09278286 0.1092805 0.005684707 13812485 0.05314385 0.06998526 0.1367988
0.09072467 0.1107566 0.00532432 14052678 0.0518411 0.07104408 0.1365388
0.08668998 0.1134388 0.004480075 14252875 0.04882911 0.07341742 0.1358996
0.08475165 0.1152279 0.004288947 14483078 0.04726777 0.07476031 0.1356799
0.08273551 0.1166049 0.003889004 14693264 0.04586917 0.07595895 0.1353996
0.07882181 0.1195047 0.003390203 14923464 0.04286691 0.07814799 0.1349315
0.07686488 0.1205697 0.00293424 15113797 0.04144109 0.07930481 0.1346484
0.07502746 0.1219342 0.002686111 15223751 0.04007659 0.0803126 0.1344144
0.07313268 0.1237298 0.002650958 15333838 0.03868612 0.08130513 0.1342558
0.07111026 0.1246685 0.002164644 15453938 0.03720707 0.082219 0.1339026
0.07111026 0.1246685 0.002164644 15554041 0.03720707 0.082219 0.1339026
0.06897436 0.1259072 0.001497504 15674153 0.0356824 0.08342086 0.1333793
0.06683055 0.1274017 0.001078407 15794249 0.03412911 0.08461761 0.1330117
0.06683055 0.1274017 0.001078407 15894340 0.03412911 0.08461761 0.1330117
0.06463649 0.1282816 0.0003390763 16004443 0.0326175 0.08573424 0.1325161
0.06222438 0.1298048 -0.0001308199 16124547 0.03089783 0.08689248 0.1320941
0.06222438 0.1298048 -0.0001308199 16234647 0.03089783 0.08689248 0.1320941
0.0602808 0.1310494 -0.0004759856 16354755 0.02925025 0.08799397 0.1317722
0.05804832 0.1320403 -0.001047254 16454846 0.02757031 0.08918367 0.1313939
0.05804832 0.1320403 -0.001047254 16584963 0.02757031 0.08918367 0.1313939
0.05621194 0.1329598 -0.001406376 16675044 0.02613437 0.09006415 0.1311136
0.05420614 0.1339812 -0.001753022 16785144 0.02479949 0.09064876 0.1307755
0.05420614 0.1339812 -0.001753022 16905248 0.02479949 0.09064876 0.1307755
0.05234143 0.1347322 -0.002135932 17045374 0.02356449 0.09129893 0.1304977
0.0502037 0.1350375 -0.002816286 17135464 0.02215445 0.0919423 0.1300832
0.0502037 0.1350375 -0.002816286 17245559 0.02215445 0.0919423 0.1300832
0.04841994 0.1360369 -0.002925064 17345649 0.02081236 0.0926591 0.1299751
0.04685581 0.1368058 -0.002895632 17475763 0.01945976 0.09304176 0.1299216
0.04685581 0.1368058 -0.002895632 17585862 0.01945976 0.09304176 0.1299216
0.04502895 0.137043 -0.003187696 17806069 0.0181286 0.09330475 0.1297394
0.04317829 0.1376427 -0.003459926 18036362 0.01681152 0.09383904 0.1295524
0.04002772 0.138088 -0.003831903 18166390 0.01468212 0.0942471 0.1293666
0.03828873 0.1385745 -0.003945243 18386589 0.01342849 0.09442817 0.1292439
0.03647928 0.1387806 -0.004266163 18616797 0.01198553 0.09467088 0.1290029
0.03490542 0.1390898 -0.004499372 18836995 0.01074799 0.09492206 0.1288119
0.03157014 0.1398644 -0.004687232 19067199 0.008356263 0.09511053 0.1285961
0.02939211 0.1398434 -0.005061462 19297411 0.006653475 0.09533798 0.1283869
0.02692381 0.1401581 -0.005392983 19527631 0.004790014 0.09570061 0.128173
0.0223429 0.1403453 -0.006220754 19727795 0.001571674 0.09581529 0.1275398
0.01987096 0.1405004 -0.006558586 19978025 -0.0002758643 0.09591018 0.1272774
0.01717109 0.1407128 -0.006943921 20178206 -0.002270126 0.09616958 0.127012
0.01229093 0.1405728 -0.007503172 20408413 -0.005993828 0.09611856 0.126645
0.009551287 0.1407349 -0.007675907 20628612 -0.007990587 0.09609031 0.1265083
0.007133079 0.1406952 -0.007891648 20848811 -0.009795317 0.096094 0.1263857
0.002330653 0.1406751 -0.008187716 21069009 -0.01348224 0.09605669 0.1262199
-5.193738E-05 0.1406025 -0.008242954 21299225 -0.01525418 0.0957936 0.1261718
-0.00261657 0.1401929 -0.008607467 21549443 -0.01695284 0.09549939 0.1259408
-0.007305846 0.1400074 -0.009190992 21749624 -0.02066117 0.09534275 0.1254677
-0.009727925 0.1399385 -0.009432527 21979844 -0.02252719 0.0951873 0.1252514
-0.01221156 0.1396356 -0.009735919 22190021 -0.02440557 0.09489059 0.1250062
-0.01683751 0.1395509 -0.01010599 22430238 -0.02802972 0.09486686 0.1247433
-0.01937774 0.1392678 -0.01038853 22650437 -0.02988667 0.0946226 0.1245286
-0.02170579 0.1390655 -0.01063716 22860626 -0.03161238 0.09447931 0.124345
-0.026587 0.1387062 -0.01113292 23090834 -0.03556859 0.09449732 0.1240379
-0.02885729 0.1384095 -0.01136371 23331055 -0.03743472 0.09452652 0.1239396
-0.0335515 0.1378192 -0.01153306 23531231 -0.0409504 0.09391438 0.1238327
-0.03554529 0.1376588 -0.01150397 23751434 -0.0426204 0.09372626 0.1238701
-0.03725107 0.1375339 -0.01135554 24011669 -0.04417842 0.09348642 0.1239888
-0.04156138 0.1361966 -0.01142792 24211854 -0.04725826 0.0922892 0.1240193
-0.04342446 0.1353672 -0.01146029 24432048 -0.04881427 0.09172748 0.124086
-0.04563789 0.134498 -0.01166859 24652247 -0.05055782 0.09116446 0.1239937
-0.04733336 0.1338516 -0.01176383 24892456 -0.05180295 0.0904908 0.1239053
-0.05213143 0.1323036 -0.01205784 25102650 -0.0551471 0.08899724 0.1236688
-0.05431146 0.1315991 -0.01227299 25332853 -0.05708562 0.08850514 0.1235264
-0.0569966 0.1301609 -0.01283239 25543063 -0.05898231 0.08781802 0.1232168
-0.06147597 0.1278713 -0.01360104 25773263 -0.06228216 0.08619176 0.122665
-0.06337155 0.1269765 -0.0136792 25993449 -0.06402367 0.08545469 0.1226358
-0.06494863 0.1253242 -0.01393196 26223665 -0.06547294 0.08438014 0.1225582
-0.06838017 0.1232879 -0.0136378 26433859 -0.06828168 0.08218371 0.1228052
-0.07046999 0.1219462 -0.01374523 26674064 -0.06992688 0.08131146 0.1228373
-0.07381922 0.1197853 -0.01339951 26914293 -0.07283869 0.07946526 0.1232738
-0.07592877 0.1183135 -0.01317297 27114465 -0.07431659 0.07810079 0.123526
-0.07749534 0.1171067 -0.01278286 27354682 -0.07568733 0.07703327 0.1239545
-0.08131955 0.1141887 -0.01235704 27554858 -0.07889443 0.07493662 0.1246088
-0.08245556 0.1129773 -0.01189737 27795075 -0.07992803 0.07362138 0.1250369
-0.08433996 0.1113447 -0.01177763 28035296 -0.08111612 0.07216465 0.1251924
-0.08775146 0.1084783 -0.01174217 28225464 -0.08398055 0.07002508 0.1254197
-0.08994564 0.106394 -0.01219699 28455675 -0.08539386 0.06879508 0.1251779
-0.09218553 0.1048096 -0.01240128 28685883 -0.08688455 0.06768584 0.1250759
-0.09569041 0.1010137 -0.01286533 28896077 -0.0898336 0.06540822 0.1249904
-0.09717923 0.09927546 -0.01290957 29126281 -0.09089901 0.06408357 0.1250337
-0.09840561 0.09706699 -0.01298606 29376510 -0.09179752 0.06240451 0.1250759
-0.100407 0.09384262 -0.01255025 29566674 -0.09377916 0.05961107 0.1256182
-0.1017151 0.09192382 -0.01230931 29816904 -0.09483429 0.05815111 0.1259597
-0.1029742 0.08939492 -0.01216158 30017080 -0.09563647 0.05634665 0.1262589
-0.1059828 0.08517598 -0.01154598 30287332 -0.09753814 0.05298554 0.1270134
-0.1062696 0.08369981 -0.01107084 30467491 -0.09830714 0.05159914 0.127538
-0.107565 0.08089291 -0.01103869 30697699 -0.09899548 0.04983603 0.1277715
-0.1090768 0.07684909 -0.009968982 30917897 -0.1003081 0.0460615 0.1288888
-0.109594 0.07455539 -0.009503264 31158114 -0.1008788 0.04433142 0.1294817
-0.1104318 0.07226431 -0.008941795 31358299 -0.1016785 0.04260753 0.1301629
-0.1116253 0.06804203 -0.007725066 31608517 -0.1024851 0.03877269 0.1314368
-0.1121008 0.06568193 -0.007193876 31818710 -0.1028775 0.03673612 0.1320301
-0.1129987 0.06321942 -0.006749786 32038905 -0.1035465 0.03480898 0.1325691
-0.1139982 0.05814695 -0.005647264 32249099 -0.10444 0.03066682 0.1338509
-0.1144374 0.05612075 -0.004990733 32489315 -0.104787 0.028638 0.1345006
-0.115131 0.05307447 -0.004798342 32719527 -0.1051963 0.02660059 0.134868
-0.1159447 0.04806672 -0.0038753 32929709 -0.1061895 0.02265488 0.1360008
-0.1164388 0.04564368 -0.003486467 33169938 -0.1064127 0.02046739 0.1364131
-0.1170695 0.04302644 -0.003135683 33380119 -0.106781 0.01845585 0.1368525
-0.1179173 0.03828906 -0.002517835 33590313 -0.1078566 0.0149126 0.1376912
-0.1180023 0.03639613 -0.002015628 33830530 -0.1082427 0.01325332 0.1382534
-0.1183967 0.03417455 -0.001773832 34040720 -0.1086531 0.01160227 0.1385893
-0.1187249 0.03010701 -0.001380717 34270931 -0.1089506 0.008538594 0.1391381
-0.1186346 0.02842127 -0.001220643 34531154 -0.1088921 0.007324805 0.1393719
-0.118868 0.02579462 -0.0005263192 34711321 -0.1090911 0.004876247 0.1400905
-0.118852 0.02429377 -0.0001858531 34951533 -0.1091771 0.003897777 0.1405147
-0.1188226 0.02329003 0.0003012241 35171732 -0.1093037 0.003083101 0.1410397
-0.1188156 0.02137243 0.00136556 35391935 -0.1096493 0.001297584 0.1421464
-0.1190998 0.01984667 0.001679928 35632152 -0.1098342 0.0003408098 0.1425342
-0.1189497 0.01857482 0.001949257 35832332 -0.109771 -0.0005655384 0.1428594
-0.1185183 0.01639568 0.00244301 36072545 -0.1094415 -0.002673874 0.1433693
-0.1185526 0.01505827 0.002492683 36282739 -0.1095453 -0.003564487 0.1434832
-0.1184525 0.01379251 0.002472287 36552979 -0.1096215 -0.004426012 0.1435267
-0.1183513 0.01110994 0.002305046 36723152 -0.1093955 -0.006590138 0.1434176
-0.1182938 0.009433499 0.002123423 36953344 -0.1093255 -0.007729898 0.1433015
-0.1182418 0.007890096 0.001924982 37183548 -0.1093573 -0.008768449 0.1431688
-0.1176156 0.005101075 0.001728417 37413759 -0.1091272 -0.0109886 0.1430625
-0.1174463 0.003250113 0.001430943 37613944 -0.108805 -0.01231075 0.142815
-0.1174038 0.001627913 0.001272671 37864166 -0.1086658 -0.01365388 0.1426812
-0.1161318 -0.001858006 0.0009494211 38094374 -0.1080392 -0.01624096 0.1424905
-0.1157232 -0.003754745 0.0006930928 38294554 -0.1077061 -0.01773513 0.1422789
-0.1152975 -0.005375514 0.0003565683 38554797 -0.107279 -0.01901771 0.1419752
-0.1144052 -0.009545812 -0.0003657247 38744961 -0.1065946 -0.02206255 0.1413685
-0.1140927 -0.01201809 -0.0006882836 38995187 -0.1064179 -0.02360452 0.1411324
-0.1134974 -0.013739 -0.0008292217 39195363 -0.1061012 -0.0250094 0.1410317
-0.1130032 -0.01806677 -0.001263363 39405553 -0.1053342 -0.02828587 0.1406627
-0.1125514 -0.02048839 -0.001457746 39635765 -0.1051148 -0.02986372 0.1405389
-0.1117475 -0.02266646 -0.001546614 39895999 -0.1047033 -0.0314473 0.1405081
-0.1111236 -0.02720405 -0.001813975 40086175 -0.1040369 -0.03493894 0.1402994
-0.1108036 -0.02940298 -0.001977692 40326392 -0.1039002 -0.03655888 0.140175
-0.1106721 -0.03160418 -0.002173406 40536586 -0.1037836 -0.03806711 0.1400132
-0.1100375 -0.03635098 -0.00253559 40776790 -0.1031924 -0.04140569 0.1397101
-0.109802 -0.03889168 -0.002771866 40996989 -0.1030061 -0.04305245 0.1395052
-0.1094974 -0.04070855 -0.002833717 41207179 -0.1029568 -0.04439307 0.1394684
-0.1089219 -0.04500259 -0.002883285 41417372 -0.1026524 -0.04730607 0.1394601
-0.1086028 -0.04716278 -0.002784053 41647584 -0.1023431 -0.04891838 0.1395676
-0.1080957 -0.04909934 -0.002687488 41877788 -0.1020632 -0.05036737 0.1396791
-0.1069472 -0.05375923 -0.002209056 42097987 -0.1012371 -0.0535971 0.1401764
-0.1064922 -0.05550207 -0.001872235 42318185 -0.1006473 -0.0553533 0.1405078
-0.1058383 -0.05822087 -0.001833087 42548401 -0.1001033 -0.05725552 0.1405482
-0.1043242 -0.06270016 -0.001631313 42798615 -0.09938078 -0.06021131 0.1407612
-0.1032173 -0.0649084 -0.001500486 42998800 -0.09878417 -0.06172181 0.1408949
-0.1027905 -0.06644715 -0.001143779 43229007 -0.09823994 -0.06314744 0.1412453
-0.1007122 -0.0706165 -0.000567042 43439193 -0.09690999 -0.06613124 0.1418116
-0.09961183 -0.07241846 -0.0001844895 43659396 -0.09626547 -0.06758203 0.1421941
-0.09938379 -0.07422818 0.0001705894 43879594 -0.09580649 -0.0689627 0.1425283
-0.09842023 -0.0781249 0.001002184 44109802 -0.09460362 -0.07186795 0.1433136
-0.09776466 -0.08032513 0.001328874 44350019 -0.09415959 -0.07315684 0.1436028
-0.09605644 -0.08420624 0.002075179 44560209 -0.09285428 -0.07593609 0.144299
-0.09638058 -0.08920385 0.002158151 44810434 -0.09250361 -0.07857025 0.144208
-0.09518559 -0.09094573 0.002552028 45020624 -0.09189445 -0.07992376 0.144587
-0.09312656 -0.094661 0.003066525 45260837 -0.09057005 -0.08269299 0.14504
-0.09225054 -0.09626103 0.003348925 45451008 -0.08986157 -0.08408286 0.1453075
-0.09181986 -0.09840776 0.003686862 45691229 -0.08921758 -0.0854689 0.1455744
-0.09020468 -0.1021077 0.004175832 46011518 -0.08813764 -0.0879847 0.1459592
-0.08767965 -0.1047086 0.004706674 46231721 -0.08666429 -0.09005 0.1464471
-0.08644079 -0.1062822 0.004913623 46572028 -0.0858075 -0.09121014 0.1466129
-0.08433212 -0.108979 0.005420889 46932366 -0.08411914 -0.09315623 0.1470395
-0.0807789 -0.1112681 0.005829298 47122521 -0.08167358 -0.09480441 0.1473722
-0.07906931 -0.1126969 0.00596056 47352737 -0.08034964 -0.0956874 0.147436
-0.07507481 -0.1147723 0.006658809 47582936 -0.0774746 -0.0974039 0.1480761
-0.07289107 -0.1160008 0.007021176 47803147 -0.07597717 -0.09817005 0.1483676
-0.07106768 -0.1166009 0.007335661 48023330 -0.07456288 -0.09878314 0.1486741
-0.06691047 -0.1188991 0.007990613 48253538 -0.07125541 -0.1004987 0.1492308
-0.0644545 -0.1199105 0.008295778 48473761 -0.06964689 -0.1011781 0.1494638
-0.06255049 -0.1212111 0.00861886 48703952 -0.06817274 -0.1020056 0.1497067
-0.05779542 -0.1234117 0.009263112 48914138 -0.06463778 -0.1038346 0.150246
-0.05579702 -0.1244735 0.009427376 49144345 -0.06292544 -0.1046764 0.1503654
-0.05369853 -0.1259581 0.009571907 49374565 -0.06130328 -0.1055814 0.1504024
-0.0492634 -0.1279303 0.009771833 49584739 -0.0580982 -0.1071609 0.1504731
-0.04693935 -0.1290209 0.009785721 49855376 -0.0563512 -0.1079158 0.1503996
-0.04262024 -0.1308777 0.009849644 50035145 -0.0533508 -0.1090292 0.1502553
-0.04059866 -0.1316385 0.009867358 50285379 -0.05178126 -0.1095905 0.1502065
-0.03823063 -0.132548 0.01001148 50485564 -0.05002407 -0.1103107 0.1502708
-0.03579431 -0.1335676 0.01009956 50725769 -0.04809674 -0.1109978 0.150262
-0.03123801 -0.1350827 0.01017401 50926233 -0.04464527 -0.1120359 0.1501574
-0.02896484 -0.1357355 0.01012649 51176195 -0.04305499 -0.1124617 0.1500052
-0.02464988 -0.1375598 0.009913512 51406383 -0.03965516 -0.1137414 0.1496052
-0.02223547 -0.1385051 0.009832107 51626594 -0.03783905 -0.1142602 0.1493848
-0.01972607 -0.1393048 0.009805853 51956884 -0.0360539 -0.114762 0.1492236
-0.01558581 -0.1411778 0.009507248 52157076 -0.03241656 -0.1161243 0.1487743
-0.01318294 -0.142025 0.009370132 52397293 -0.03063963 -0.1166159 0.1484956
-0.008799355 -0.143643 0.008998303 52597466 -0.02754892 -0.117391 0.1477987
-0.006902909 -0.1442188 0.00879439 52857692 -0.0259525 -0.1177269 0.1475083
-0.002625046 -0.1454672 0.008487779 53167981 -0.02267751 -0.1183274 0.1469349
-0.0001428084 -0.1460961 0.008405663 53388175 -0.02096367 -0.118561 0.1466611
0.005088074 -0.1468015 0.008558914 53658415 -0.0171283 -0.1191694 0.1465776
0.007101083 -0.1472995 0.008420187 53948697 -0.01538122 -0.1194395 0.14635
0.01206321 -0.1479335 0.008381089 54198911 -0.01173199 -0.1195771 0.1459891
0.01683079 -0.1476534 0.008365282 54389078 -0.008178897 -0.1195585 0.1458115
0.01953358 -0.1474751 0.008531369 54619282 -0.006349855 -0.1194462 0.1458291
0.02187921 -0.1473447 0.008580235 54859499 -0.004568703 -0.1192845 0.145764
0.02695744 -0.1469823 0.008755439 55069697 -0.0007776961 -0.1188327 0.1456664
0.02973759 -0.1464356 0.008877986 55329936 0.00121971 -0.1186175 0.1456959
0.03213377 -0.1462433 0.008923692 55530108 0.003071847 -0.1184561 0.1456334
0.03756088 -0.145669 0.009085166 55760320 0.006959521 -0.1177673 0.1454351
0.04026238 -0.1451937 0.009167971 55960501 0.009112258 -0.1174361 0.145423
0.04292495 -0.1448162 0.009335998 56200713 0.01123737 -0.1172971 0.1455155
0.04823985 -0.1438304 0.009684345 56551025 0.01507758 -0.1165612 0.1455626
0.05368123 -0.1428907 0.01009533 56871331 0.01911032 -0.1157452 0.1456469
0.05886046 -0.141632 0.01039038 57191608 0.02294349 -0.1149659 0.1456869
0.06420407 -0.1409872 0.01050103 57441841 0.02705722 -0.1139349 0.1453882
0.06711692 -0.1404951 0.01072052 57772131 0.02917723 -0.1134677 0.1453918
0.07230652 -0.1386624 0.01063562 58092429 0.03326502 -0.1122687 0.1451176
0.07826039 -0.1365595 0.0106026 58302606 0.03739572 -0.1103718 0.1445822
0.08083397 -0.1351693 0.01045994 58562845 0.03951215 -0.1093812 0.1443769
0.08684227 -0.1319661 0.01031119 58783040 0.04400546 -0.1071313 0.1439319
0.08951113 -0.130482 0.009935684 59093328 0.04619456 -0.105688 0.1434092
0.0949771 -0.1263538 0.009439381 59313522 0.05041427 -0.1027657 0.1427211
0.09759682 -0.1245337 0.009161653 59543726 0.05255954 -0.1011554 0.1423208
0.1025335 -0.1201229 0.00837736 59763929 0.0566273 -0.09754981 0.1413786
0.1049851 -0.1176555 0.008053841 59984124 0.05852322 -0.09574486 0.1409729
0.1076773 -0.1146032 0.007794106 60214335 0.0605176 -0.09373809 0.1406356
0.1119059 -0.1094872 0.006876301 60564656 0.06400714 -0.08967853 0.1396151
0.1165722 -0.1030567 0.00614841 60884957 0.06749327 -0.08520021 0.138733
0.1210611 -0.09692253 0.005117545 61235261 0.07094415 -0.08059813 0.1375111
0.1251677 -0.09032036 0.003972498 61465460 0.07424836 -0.07556761 0.1362444
0.1273687 -0.0864879 0.0034495 61675674 0.07586273 -0.07289852 0.1356188
0.1314026 -0.07906199 0.002197993 62025966 0.07917683 -0.06732929 0.1342627
0.1358356 -0.07154406 0.00126203 62386295 0.0824039 -0.06115044 0.1329559
0.1401512 -0.06252254 0.0006176315 62696575 0.08604454 -0.05502475 0.1322327
0.14492 -0.05386008 0.0001620758 62896756 0.08949299 -0.04849447 0.1313311
0.1463439 -0.04933072 -0.0003799272 63167016 0.09093978 -0.04511584 0.1308408
0.1482784 -0.04448081 -0.0006382012 63447261 0.09248877 -0.04175437 0.1304585
0.1511753 -0.03501416 -0.001412669 63787564 0.09497938 -0.03493811 0.1295387
0.1528606 -0.02514471 -0.002588392 64127867 0.09672968 -0.02802516 0.1283593
0.1541158 -0.01601566 -0.003572346 64488196 0.09773015 -0.02091468 0.1272058
0.1551041 -0.007161627 -0.003922706 64818502 0.09841817 -0.0144874 0.1266119
0.1552519 0.0005049611 -0.004236475 65168802 0.09924612 -0.009200225 0.1264365
0.1550271 0.009395709 -0.004892798 65469077 0.09951163 -0.002745876 0.1257858
0.1545634 0.01183688 -0.004997813 65799375 0.0995672 -0.001210818 0.1258129
0.154883 0.01516794 -0.0041501 66139687 0.09922383 0.001018157 0.126265
0.1548767 0.01756846 -0.00372425 66379895 0.09983481 0.001742115 0.1267602
0.1543874 0.0185449 -0.003966691 66700196 0.09951068 0.002543082 0.1265659
0.1539844 0.01843237 -0.004404904 67040495 0.09926938 0.003083339 0.1262738
0.1537132 0.01772057 -0.004306915 67370794 0.09901132 0.002691021 0.1264145
0.1541283 0.01713776 -0.003726579 67721106 0.09916826 0.002085676 0.1268839
0.1539879 0.01617931 -0.002854046 68071422 0.09892078 0.001110187 0.1277093
0.1541555 0.01557445 -0.001025697 68401724 0.09822365 0.0004269982 0.1291604
0.1537018 0.01503407 0.001224351 68712008 0.09727497 -0.0001561737 0.1311917
