0.1466326 0.003203367 0.00198779 0 0.1081838 0.006610941 0.1391604
0.1466326 0.003203367 0.00198779 140122 0.1081838 0.006610941 0.1391604
0.1470032 0.00295845 0.002279138 220199 0.108371 0.006508958 0.1393966
0.147323 0.002783441 0.00255238 340327 0.1086388 0.006362251 0.1396545
0.147323 0.002783441 0.00255238 460436 0.1086388 0.006362251 0.1396545
0.1476733 0.002604571 0.002808109 570527 0.1090201 0.006103835 0.139921
0.148012 0.00257873 0.00298302 680614 0.1092866 0.005809656 0.1400821
0.148012 0.00257873 0.00298302 790714 0.1092866 0.005809656 0.1400821
0.1483545 0.002667198 0.003047175 910822 0.1094316 0.005618146 0.1400966
0.1486112 0.002699879 0.002940958 1010912 0.1095933 0.005520363 0.1399662
0.1486112 0.002699879 0.002940958 1131057 0.1095933 0.005520363 0.1399662
0.1488164 0.002723005 0.002775468 1231111 0.109835 0.005513497 0.1398117
0.1490184 0.002769125 0.002643075 1351215 0.1099782 0.005693702 0.1396597
0.1493086 0.003071188 0.002526323 1461319 0.1100806 0.005961357 0.1394901
0.1493086 0.003071188 0.002526323 1571426 0.1100806 0.005961357 0.1394901
0.1494385 0.003337332 0.002312485 1701544 0.1102639 0.006139191 0.1392933
0.1497557 0.003551644 0.00228483 1791613 0.11047 0.006273902 0.1392355
0.1497557 0.003551644 0.00228483 1901716 0.11047 0.006273902 0.1392355
0.1499543 0.004369663 0.002087129 2021820 0.1105655 0.006630915 0.1390166
0.1502172 0.004727026 0.00209054 2131924 0.1106302 0.00686956 0.1389647
0.1502172 0.004727026 0.00209054 2242027 0.1106302 0.00686956 0.1389647
0.1503707 0.004888285 0.00205233 2352123 0.1108295 0.007003654 0.1389401
0.1503707 0.004888285 0.00205233 2462222 0.1108295 0.007003654 0.1389401
0.1505427 0.005184372 0.001950168 2582330 0.1110869 0.007097373 0.1388656
0.1505406 0.005672232 0.001860014 2692442 0.1111494 0.007298803 0.1387977
0.1505208 0.006054086 0.001843071 2802529 0.1110896 0.007590796 0.1387703
0.1505208 0.006054086 0.001843071 2932659 0.1110896 0.007590796 0.1387703
0.1505531 0.00642417 0.00173599 3022736 0.1110593 0.007881984 0.1386461
0.150431 0.00686568 0.001588553 3142840 0.1109841 0.008220339 0.1385132
0.150431 0.00686568 0.001588553 3252940 0.1109841 0.008220339 0.1385132
0.1504287 0.007508416 0.001472351 3363031 0.1110172 0.008482563 0.1384104
0.1502317 0.00841558 0.001320941 3473134 0.1109682 0.008844025 0.1383043
0.1502317 0.00841558 0.001320941 3583234 0.1109682 0.008844025 0.1383043
0.1502319 0.009467658 0.001404716 3693333 0.1106736 0.009629358 0.1383038
0.1499719 0.01095654 0.001305506 3813445 0.1102809 0.01069146 0.138166
0.1499719 0.01095654 0.001305506 3923557 0.1102809 0.01069146 0.138166
0.1497837 0.01187854 0.001401859 4033644 0.1099543 0.01153965 0.138222
0.1495389 0.01328695 0.001550042 4163757 0.1097116 0.01226594 0.1383675
0.1495389 0.01328695 0.001550042 4253835 0.1097116 0.01226594 0.1383675
0.1491786 0.01490686 0.001646523 4373943 0.1093623 0.01300511 0.1384577
0.1488432 0.0164635 0.001792178 4484046 0.1088826 0.01393294 0.1385511
0.1488432 0.0164635 0.001792178 4594146 0.1088826 0.01393294 0.1385511
0.1484126 0.01798916 0.001837431 4704245 0.108261 0.01505594 0.1385323
0.1474644 0.01815448 0.001540012 4814357 0.1077547 0.01556915 0.1383709
0.1474644 0.01815448 0.001540012 4924448 0.1077547 0.01556915 0.1383709
0.1469369 0.0197828 0.001668157 5034539 0.1073283 0.01654651 0.1385145
0.1462967 0.02120973 0.001718046 5154652 0.1068823 0.01740449 0.1386059
0.1462967 0.02120973 0.001718046 5264751 0.1068823 0.01740449 0.1386059
0.1457819 0.022885 0.001835807 5395022 0.1062898 0.01862194 0.1386878
0.1453448 0.02453264 0.001967079 5494971 0.1057028 0.0197762 0.1387594
0.1453448 0.02453264 0.001967079 5605070 0.1057028 0.0197762 0.1387594
0.1449004 0.02570632 0.002034198 5705152 0.1052538 0.02065435 0.1388146
0.1443324 0.02713438 0.002032623 5835266 0.1047797 0.02157487 0.1388205
0.1443324 0.02713438 0.002032623 5935352 0.1047797 0.02157487 0.1388205
0.1436951 0.02833256 0.001872584 6055461 0.1042162 0.02245061 0.1386684
0.1434226 0.0298022 0.001800667 6155551 0.1038433 0.02339862 0.1385439
0.1434226 0.0298022 0.001800667 6275663 0.1038433 0.02339862 0.1385439
0.1429506 0.03114943 0.001724036 6385767 0.1034435 0.02432535 0.1384679
0.142347 0.03249344 0.001701497 6495858 0.1029224 0.02529205 0.1384498
0.142347 0.03249344 0.001701497 6625979 0.1029224 0.02529205 0.1384498
0.1419939 0.03386396 0.001772025 6716069 0.1025236 0.02623418 0.1384839
0.1414302 0.03518571 0.001748816 6836169 0.1019712 0.02737069 0.1384535
0.1414302 0.03518571 0.001748816 6936263 0.1019712 0.02737069 0.1384535
0.140847 0.03658163 0.001800747 7066377 0.1014789 0.02849438 0.1385158
0.140411 0.03797402 0.002038257 7166471 0.1009194 0.02950617 0.1386946
0.140411 0.03797402 0.002038257 7276562 0.1009194 0.02950617 0.1386946
0.139744 0.03923628 0.002144018 7396679 0.1001065 0.03043293 0.1387369
0.139308 0.04045229 0.002269272 7506782 0.09954523 0.03120831 0.1387966
0.139308 0.04045229 0.002269272 7616882 0.09954523 0.03120831 0.1387966
0.1386523 0.04192353 0.002229629 7726977 0.09916801 0.03196733 0.1387877
0.138399 0.04350154 0.00244502 7837085 0.09875148 0.03291335 0.1389083
0.138399 0.04350154 0.00244502 7947172 0.09875148 0.03291335 0.1389083
0.1382423 0.04494418 0.002639386 8067292 0.09823043 0.03395305 0.1389643
0.1377418 0.04669062 0.002749235 8177384 0.09767357 0.03508535 0.1390068
0.1377418 0.04669062 0.002749235 8287475 0.09767357 0.03508535 0.1390068
0.1371659 0.0483293 0.002816444 8397578 0.09720016 0.03619618 0.1390581
0.1364839 0.05016132 0.002909188 8507678 0.09649283 0.0376444 0.1391087
0.1364839 0.05016132 0.002909188 8617781 0.09649283 0.0376444 0.1391087
0.1361232 0.05184783 0.003090773 8747890 0.09584957 0.03902663 0.1391786
0.1357901 0.05353578 0.003310369 8847985 0.09538313 0.0403145 0.1393204
0.1357901 0.05353578 0.003310369 8968089 0.09538313 0.0403145 0.1393204
0.1351857 0.05531533 0.003358423 9078192 0.09513531 0.0412592 0.1393902
0.1345233 0.0573126 0.003500383 9198301 0.09462161 0.0424468 0.1394898
0.1339491 0.05903034 0.0036842 9288382 0.09385994 0.04394373 0.1395942
0.1339491 0.05903034 0.0036842 9408490 0.09385994 0.04394373 0.1395942
0.1334391 0.06043336 0.003807611 9518598 0.09324968 0.04532548 0.1396855
0.1326994 0.0620389 0.003966069 9628693 0.09266201 0.04651409 0.1398419
0.1326994 0.0620389 0.003966069 9748798 0.09266201 0.04651409 0.1398419
0.1322419 0.06342495 0.004132528 9858909 0.09220628 0.04728259 0.1399368
0.1317979 0.06469454 0.004265332 9958983 0.09169833 0.04801136 0.1399855
0.1317979 0.06469454 0.004265332 10079096 0.09169833 0.04801136 0.1399855
0.1309942 0.06608026 0.004327635 10189195 0.09111005 0.04891389 0.1400509
0.1303794 0.06728271 0.004379169 10299294 0.09058881 0.04975639 0.140084
0.1303794 0.06728271 0.004379169 10419403 0.09058881 0.04975639 0.140084
0.1296783 0.06843904 0.004383253 10519493 0.0900691 0.05058568 0.1400985
0.1290395 0.06969195 0.004460456 10639597 0.08933119 0.05157893 0.1401123
0.1290395 0.06969195 0.004460456 10759706 0.08933119 0.05157893 0.1401123
0.1284973 0.0706636 0.004475643 10859796 0.08894723 0.0523772 0.1401504
0.1279269 0.07181054 0.004663335 10969895 0.0886597 0.05296647 0.140344
0.1279269 0.07181054 0.004663335 11079999 0.0886597 0.05296647 0.140344
0.1270609 0.07304361 0.004836326 11210112 0.08800782 0.05371257 0.1405103
0.1265595 0.0743336 0.00525111 11310207 0.08732076 0.05475237 0.1408356
0.1265595 0.0743336 0.00525111 11420322 0.08732076 0.05475237 0.1408356
0.1260317 0.07557254 0.00559447 11530417 0.08682597 0.05573175 0.1411508
0.1253575 0.0769083 0.005879703 11670532 0.0863926 0.05654852 0.1414285
0.1253575 0.0769083 0.005879703 11760613 0.0863926 0.05654852 0.1414285
0.1248215 0.07823713 0.006296566 11870725 0.08599958 0.0572175 0.1417857
0.1238764 0.07985593 0.006654531 11980828 0.08524632 0.05826859 0.1421091
0.1238764 0.07985593 0.006654531 12100916 0.08524632 0.05826859 0.1421091
0.1230965 0.08175708 0.00712026 12211020 0.08453164 0.05959697 0.1425009
0.1221094 0.08346854 0.007474271 12311106 0.08363719 0.06101475 0.1428329
0.1221094 0.08346854 0.007474271 12431222 0.08363719 0.06101475 0.1428329
0.1214572 0.08506932 0.007918885 12541318 0.08311865 0.06220744 0.1432472
0.1203645 0.08696426 0.008307963 12651413 0.08240402 0.0634054 0.1436232
0.1203645 0.08696426 0.008307963 12761512 0.08240402 0.0634054 0.1436232
0.1194448 0.08831722 0.008578367 12871616 0.08154655 0.06452364 0.1438701
0.1184317 0.09018534 0.008906756 13001733 0.08077228 0.06596574 0.1441896
0.1184317 0.09018534 0.008906756 13101827 0.08077228 0.06596574 0.1441896
0.1175227 0.09144727 0.009128988 13221936 0.08012427 0.06699611 0.1444425
0.1156253 0.09347063 0.009082287 13342044 0.07897598 0.06817007 0.1444447
0.1156253 0.09347063 0.009082287 13432138 0.07897598 0.06817007 0.1444447
0.11458 0.09511557 0.00914412 13542229 0.07822857 0.06923221 0.1444766
0.1132317 0.09655077 0.008963279 13662329 0.07726973 0.07055113 0.1443774
0.1132317 0.09655077 0.008963279 13792447 0.07726973 0.07055113 0.1443774
0.1119887 0.09793888 0.008937627 13902542 0.07627995 0.07194228 0.1444194
0.110829 0.09927506 0.008986476 14022650 0.07531036 0.07308053 0.1444801
0.110829 0.09927506 0.008986476 14132754 0.07531036 0.07308053 0.1444801
0.1096528 0.100668 0.009071851 14252858 0.07450732 0.07414383 0.1445986
0.1081524 0.1021032 0.009161852 14483066 0.07349358 0.07518611 0.1447365
0.107102 0.1033213 0.009481137 14713278 0.07260294 0.07610166 0.1450361
0.1046412 0.1054539 0.009902043 14923471 0.07056372 0.07794207 0.1455047
0.103393 0.1066777 0.0101876 15153679 0.06966978 0.07877512 0.145799
0.1021641 0.1075625 0.01030215 15373870 0.06893267 0.07924885 0.1459497
0.09975491 0.1093824 0.01065626 15594081 0.06704518 0.08064803 0.1463422
0.09869776 0.1103926 0.01082524 15864316 0.06604987 0.08149768 0.1464919
0.09595659 0.1122383 0.01092828 16044475 0.06424833 0.08295992 0.1467355
0.09474768 0.1129201 0.01088986 16284692 0.06331824 0.08362175 0.1467576
0.09348254 0.1136748 0.0107861 16494894 0.06228701 0.08436122 0.1467045
0.0924249 0.1144401 0.01066015 16715088 0.06163871 0.08500557 0.1466457
0.08996705 0.1166056 0.01061711 16935283 0.05999283 0.08619732 0.1465698
0.08874374 0.1176477 0.01057398 17175504 0.05900461 0.08709344 0.1465455
0.0873374 0.1187873 0.01046812 17385697 0.05797365 0.08826913 0.1465294
0.084997 0.1208168 0.01035308 17605888 0.05641004 0.08995318 0.1465019
0.08362019 0.1219767 0.01030035 17836096 0.05545072 0.09076393 0.1464565
0.08251957 0.1227812 0.0101561 18056290 0.05468019 0.09144644 0.1463521
0.08032737 0.1247785 0.01013459 18276493 0.05323169 0.09292728 0.1463608
0.07895759 0.1258418 0.01016031 18506701 0.05222544 0.09368128 0.1463856
0.07757617 0.1272112 0.01032559 18726900 0.0512328 0.09457266 0.1465131
0.0748319 0.1293422 0.01043406 18957107 0.04897211 0.09656774 0.1466815
0.07615844 0.1292832 0.01094424 19177314 0.04947037 0.09655083 0.1470419
0.07286849 0.1314505 0.01085488 19397505 0.04737111 0.09792577 0.146988
0.0710594 0.1325447 0.01062867 19627709 0.04602761 0.09911788 0.1468723
0.06917729 0.1334298 0.01030832 19857928 0.04475233 0.1001773 0.1467047
0.06588788 0.1350668 0.009975998 20078119 0.04249635 0.1016269 0.1465075
0.06454335 0.1359763 0.01009558 20318340 0.04139857 0.102357 0.1466251
0.0630952 0.1366354 0.01010256 20528542 0.04044019 0.102858 0.1466752
0.0600937 0.1375774 0.01001662 20758956 0.03843115 0.1037164 0.1467296
0.05875314 0.137917 0.01007447 20958914 0.03751012 0.1041224 0.1468695
0.05746713 0.1381762 0.01010533 21209140 0.03660502 0.1044374 0.1469728
0.05478959 0.1387001 0.01020808 21419342 0.03474496 0.1049419 0.147193
0.05319041 0.1391608 0.01021971 21639524 0.03369588 0.1051094 0.1472114
0.05151903 0.1395796 0.0102392 21879753 0.03252066 0.1054141 0.1472722
0.04812022 0.1401717 0.009892185 22079926 0.0301503 0.1062718 0.1471297
0.04577534 0.1406536 0.009572954 22340156 0.0285457 0.1066285 0.1468744
0.04446824 0.1408475 0.009466452 22530328 0.02752659 0.1068079 0.1468002
0.04099713 0.1412557 0.008884377 22750527 0.02510064 0.1074857 0.1464094
0.03919298 0.1413893 0.008534494 22980742 0.02391356 0.1075036 0.146101
0.03737811 0.1416471 0.008177479 23200937 0.02265822 0.107746 0.1458012
0.03421394 0.1417501 0.007307108 23431145 0.02020691 0.1085877 0.145185
0.03273876 0.1418383 0.006870435 23651344 0.01927247 0.108712 0.1448108
0.03111115 0.1420471 0.006384676 23871546 0.01832967 0.1087813 0.1443567
0.02854473 0.1430806 0.005131034 24091741 0.01660575 0.109903 0.1431998
0.02702886 0.1435869 0.004428925 24321949 0.01576928 0.110708 0.1426261
0.0258096 0.1441768 0.004061531 24542156 0.01491263 0.1114196 0.1423166
0.02358448 0.1449373 0.004074357 24762358 0.01327707 0.1122898 0.1424006
0.02210511 0.1452068 0.004299339 25002567 0.01211006 0.1124004 0.1426109
0.02156773 0.1453661 0.004845867 25232767 0.01163522 0.1122538 0.143089
0.01901858 0.1452546 0.005210297 25432959 0.009959141 0.1120487 0.143491
0.01746777 0.1450476 0.005156105 25683177 0.008696213 0.1121044 0.1435181
0.01495984 0.1449824 0.005250836 25893375 0.007264248 0.1117387 0.143605
0.01336954 0.1449227 0.005095968 26123571 0.005997811 0.111949 0.1435324
0.01199044 0.1448932 0.005014541 26343773 0.00506976 0.1121446 0.1435277
0.009258331 0.1453384 0.004916334 26553967 0.003792981 0.112091 0.1433757
0.007509348 0.1455848 0.004680691 26774182 0.002359522 0.1126073 0.1432166
0.006008019 0.1458354 0.00449382 27004365 0.00127525 0.1131837 0.1431218
0.004728041 0.1459087 0.004267242 27224568 0.0003748565 0.1134732 0.1429584
0.001857895 0.1457874 0.003776841 27444771 -0.001364873 0.1135117 0.1425362
0.0003312897 0.1458136 0.00348034 27705014 -0.002327694 0.1136082 0.1422679
-0.002809294 0.1462097 0.003070743 27895173 -0.004668439 0.1140383 0.1418793
-0.004567679 0.1461174 0.002723984 28145399 -0.006004918 0.1142343 0.1416039
-0.005982636 0.1460629 0.002701473 28345580 -0.006773537 0.1142025 0.1415919
-0.007521211 0.1460312 0.00268351 28585793 -0.007776848 0.1141841 0.141579
-0.01042939 0.1464483 0.00310574 28785973 -0.00997762 0.1145194 0.1419819
-0.01203139 0.1466071 0.003334069 29036203 -0.01112911 0.1146396 0.1421992
-0.01503082 0.146633 0.003650056 29236388 -0.01345532 0.1149315 0.1425701
-0.01647668 0.1464063 0.003714737 29456582 -0.01448273 0.1149074 0.1426755
-0.01780856 0.1462152 0.003796875 29686790 -0.01533113 0.1145915 0.1427216
-0.01921524 0.145855 0.003785097 29906985 -0.01633191 0.114272 0.1427112
-0.02274833 0.1452652 0.003478604 30137201 -0.01885964 0.1141625 0.1424885
-0.02428401 0.1448945 0.003091855 30367408 -0.02005209 0.1142537 0.1421943
-0.02693303 0.1441242 0.002233503 30607621 -0.02165713 0.114035 0.1414206
-0.02843658 0.1440669 0.002123266 30817811 -0.02279381 0.1138763 0.141274
-0.02967613 0.1440085 0.00219278 31028001 -0.02386491 0.1140024 0.1413765
-0.03208804 0.1433494 0.00256589 31248211 -0.02578402 0.1138912 0.1418452
-0.03321989 0.1428935 0.002892452 31478407 -0.02663223 0.1133857 0.1421481
-0.03448113 0.142786 0.003236372 31698610 -0.02699802 0.1126354 0.1423089
-0.03770055 0.1422474 0.003047418 31928813 -0.02910024 0.1122977 0.1420989
-0.03941932 0.1421537 0.002894765 32139007 -0.03017397 0.1124715 0.1419621
-0.0410155 0.1414844 0.002563738 32389229 -0.03172434 0.1128027 0.1418379
-0.04386875 0.140199 0.002196015 32589406 -0.03362262 0.1124828 0.1415986
-0.04543272 0.1397088 0.002161126 32819617 -0.03449093 0.1118628 0.141485
-0.04665259 0.1393604 0.002191099 33069839 -0.03541914 0.1114094 0.1414707
-0.04964571 0.1379327 0.001941086 33260015 -0.03752755 0.1107338 0.1412954
-0.051353 0.1374627 0.001891943 33520246 -0.03878653 0.1104503 0.1412429
-0.05370523 0.1372838 0.001969897 33720430 -0.03970698 0.1099055 0.1411127
-0.05706593 0.136229 0.00197323 33960643 -0.0430054 0.1100588 0.141342
-0.0586892 0.1355159 0.001972341 34150823 -0.04422953 0.1097179 0.1413697
-0.0604645 0.1346258 0.002038372 34401044 -0.04543015 0.1090059 0.1414078
-0.06368603 0.132866 0.002320891 34601225 -0.04805842 0.1079508 0.1417528
-0.06485621 0.1317199 0.002478212 34831441 -0.04903768 0.1072081 0.1419601
-0.0665843 0.1307944 0.002689487 35051648 -0.04951506 0.1058704 0.1419507
-0.06988413 0.1284867 0.003000935 35281839 -0.05189619 0.1039788 0.1422204
-0.07135394 0.1266683 0.00278041 35532065 -0.05369468 0.1035911 0.1422861
-0.07163095 0.1243783 0.002790833 35722237 -0.05460239 0.101746 0.1424478
-0.07308613 0.1229806 0.002678422 35972458 -0.05522822 0.1003286 0.1422286
-0.07731792 0.1209092 0.002515325 36172643 -0.05730729 0.09898601 0.1418897
-0.07592477 0.1196181 0.002497708 36402855 -0.05765003 0.0981434 0.1421799
-0.07896502 0.1170829 0.002638235 36613037 -0.05962946 0.09607933 0.1422493
-0.08037034 0.1152577 0.002501002 36843252 -0.06088593 0.09486716 0.1421822
-0.08174982 0.1138562 0.002404931 37083461 -0.06182475 0.09380028 0.1420725
-0.08504787 0.1108947 0.002158619 37293655 -0.0637925 0.09174234 0.1417568
-0.08587994 0.1095065 0.001940639 37553886 -0.06448714 0.09059543 0.1415507
-0.08845563 0.1063617 0.00179715 37854157 -0.06665633 0.08868583 0.1415062
-0.0906409 0.1037097 0.001806105 38074359 -0.06816725 0.0864158 0.141456
-0.09175925 0.1022705 0.001917517 38314576 -0.06902314 0.08542431 0.1415798
-0.09297548 0.1006951 0.001929313 38524766 -0.07013952 0.08443763 0.1416449
-0.09540466 0.09763922 0.001935503 38734964 -0.07182932 0.08198451 0.1415971
-0.09740639 0.09593058 0.001920733 38985181 -0.07303792 0.08089922 0.1415147
-0.09863195 0.09447023 0.00193335 39235403 -0.0741244 0.07999637 0.1415619
-0.101109 0.09120184 0.001751278 39415574 -0.07615975 0.07778502 0.1414072
-0.1028303 0.08922013 0.001604477 39635764 -0.07703633 0.07626381 0.1411503
-0.104323 0.08779357 0.001481643 39865988 -0.077943 0.07495418 0.1409288
-0.1072259 0.08455165 0.001182755 40096184 -0.0802566 0.07304902 0.1406338
-0.1085054 0.08292388 0.001018259 40306382 -0.0811812 0.07202108 0.1404485
-0.1098081 0.08150647 0.0008848352 40576630 -0.08213495 0.07102286 0.1402783
-0.1125053 0.07819404 0.0006767827 40746771 -0.0838875 0.06853122 0.1399388
-0.1135071 0.07682762 0.0006939488 40976983 -0.0846474 0.06755062 0.1399322
-0.1144558 0.07494538 0.0006765724 41217196 -0.08536659 0.06642749 0.1399156
-0.1164403 0.07151595 0.0006006795 41427385 -0.08655975 0.06366852 0.1397115
-0.1175648 0.06973856 0.0006520383 41657593 -0.0872872 0.06228813 0.1396989
-0.1186353 0.06809097 0.000623961 41887809 -0.08806735 0.06117151 0.1396347
-0.1206037 0.06434483 0.0002913525 42118008 -0.08957576 0.05877599 0.1392608
-0.1215377 0.06239071 0.0001945519 42318189 -0.09019234 0.0572882 0.1391107
-0.1223083 0.06031159 3.769276E-05 42568415 -0.09081396 0.05587177 0.1389429
-0.1237775 0.05673648 -4.1335E-06 42778601 -0.09187563 0.05321629 0.1388344
-0.1245884 0.05453793 -4.153522E-05 43018821 -0.09244192 0.05166453 0.1387555
-0.1256375 0.05043269 -2.888169E-05 43229015 -0.09326668 0.04862374 0.138734
-0.1264876 0.04862073 8.736378E-05 43459215 -0.09375847 0.04720093 0.1387706
-0.1272072 0.04654023 9.835017E-05 43679418 -0.09429237 0.04576395 0.1387427
-0.1274844 0.04437737 3.393231E-05 43909621 -0.0947106 0.04433553 0.1387139
-0.1287601 0.03969861 6.560775E-05 44119819 -0.09547315 0.04075197 0.1386193
-0.1290799 0.03734743 -5.304696E-05 44370037 -0.09582951 0.03898347 0.1385038
-0.1299904 0.03221356 -0.0002925481 44560208 -0.09658905 0.03538373 0.1382013
-0.1304303 0.02954908 -0.0003446121 44780411 -0.09696182 0.03335692 0.138117
-0.1311709 0.02717144 -0.0004391524 45000618 -0.09734527 0.03134216 0.1379252
-0.1316326 0.02457968 -0.0006019184 45230814 -0.09778345 0.02953216 0.1377309
-0.133118 0.02021235 -0.000770495 45451016 -0.09871583 0.02615026 0.137387
-0.1337479 0.01778318 -0.0008905875 45691233 -0.09931458 0.02445945 0.1372254
-0.134679 0.01339734 -0.0009610398 45921437 -0.1000616 0.02126472 0.1370462
-0.1349988 0.01168365 -0.0008891601 46131635 -0.1001963 0.01978931 0.1370577
-0.1352931 0.009625736 -0.000907341 46361834 -0.1004328 0.01818038 0.1369978
-0.135848 0.005753515 -0.0007566761 46582045 -0.1008163 0.01510572 0.1370532
-0.1359613 0.004085803 -0.0006814852 46812245 -0.1009661 0.01371237 0.1371188
-0.1363423 0.002171314 -0.0006385619 47022447 -0.1011449 0.01226151 0.137077
-0.136993 -0.001240094 -0.0005265425 47252638 -0.1016664 0.00963635 0.1370961
-0.1371299 -0.002758875 -0.0004407011 47592945 -0.1018619 0.008382085 0.1371758
-0.1377646 -0.0059481 -7.828876E-05 47803139 -0.1022939 0.005714152 0.1374429
-0.1379949 -0.00769196 7.484162E-05 48063370 -0.1024501 0.004394743 0.1375402
-0.1386853 -0.01063567 0.0002319568 48243540 -0.103071 0.002147841 0.1376163
-0.1390829 -0.01242773 0.0005088291 48503767 -0.1033331 0.000780062 0.1378179
-0.1393639 -0.01372771 0.000616673 48703952 -0.103529 -0.0003983893 0.1378918
-0.1398865 -0.01691503 0.001091213 48944173 -0.1040022 -0.002654087 0.1382598
-0.1402815 -0.01835146 0.001402801 49284476 -0.1042178 -0.003802216 0.1384939
-0.1406148 -0.02149898 0.001855101 49474647 -0.1044653 -0.006405438 0.1388648
-0.1408634 -0.02292826 0.002092428 49744887 -0.1046455 -0.007460533 0.1390423
-0.1412134 -0.02601028 0.002509743 49925054 -0.1050194 -0.009780948 0.1393778
-0.141538 -0.02731558 0.002708508 50175280 -0.1051849 -0.01090865 0.1395132
-0.1417298 -0.0291187 0.002882304 50395478 -0.1052714 -0.01226126 0.1396042
-0.1417516 -0.03219578 0.003062011 50645704 -0.1054013 -0.01461582 0.1397216
-0.1416385 -0.03403994 0.003215353 50825871 -0.1054736 -0.01584389 0.1398435
-0.1417209 -0.03526715 0.003238839 51046074 -0.105525 -0.01687341 0.1398324
-0.1416285 -0.03831454 0.00329671 51256271 -0.1055271 -0.01916131 0.1398108
-0.1418761 -0.03991274 0.003267603 51496484 -0.1056046 -0.0203521 0.1396787
-0.141899 -0.04124273 0.003101572 51716671 -0.1056215 -0.02141583 0.1394728
-0.1414935 -0.04435233 0.002802291 51936865 -0.1054706 -0.02364951 0.1391107
-0.1415089 -0.04618113 0.002624949 52187095 -0.1052995 -0.02514724 0.1388333
-0.1412866 -0.04761323 0.002447031 52407306 -0.1052168 -0.02632616 0.1386531
-0.140653 -0.05072521 0.002103077 52627488 -0.1050139 -0.02853938 0.1382791
-0.140478 -0.05245253 0.001995305 52837682 -0.1047677 -0.02987094 0.1380875
-0.1401184 -0.05424383 0.001900955 53167988 -0.1045058 -0.03118037 0.137938
-0.1394498 -0.05776891 0.001776155 53408193 -0.1041758 -0.03373848 0.1377341
-0.1383154 -0.06091218 0.001639579 53618407 -0.1033846 -0.03640396 0.1376007
-0.1380218 -0.06303132 0.001685936 53878622 -0.1030815 -0.03795077 0.1375403
-0.137016 -0.06603257 0.00163806 54168896 -0.1024967 -0.04031042 0.1374801
-0.1367227 -0.0675998 0.001661331 54419113 -0.1022083 -0.04161711 0.1374549
-0.1357249 -0.07051665 0.001696122 54619286 -0.1015664 -0.04386478 0.13745
-0.1356831 -0.07177223 0.001692272 54859511 -0.1014452 -0.04489972 0.1373827
-0.1351717 -0.07516079 0.001498467 55099736 -0.1009855 -0.04724616 0.1369914
-0.134399 -0.07628617 0.001385747 55299904 -0.1005536 -0.04823714 0.1369365
-0.1340755 -0.0776957 0.001319203 55640211 -0.1003029 -0.04922047 0.1367992
-0.1333023 -0.08046492 0.001205242 55850425 -0.09968004 -0.05123673 0.1365622
-0.1328208 -0.08177222 0.001106552 56080605 -0.09930085 -0.05236686 0.1364505
-0.1320738 -0.083865 0.00102133 56300978 -0.09871434 -0.05399995 0.1363043
-0.1318864 -0.08451322 0.0009985667 56641115 -0.09862363 -0.05441513 0.1362537
-0.1315461 -0.08545408 0.001131975 56871326 -0.09837169 -0.05529017 0.1363941
-0.1312563 -0.08737715 0.001318344 57091521 -0.09801993 -0.05670286 0.1364504
-0.1307678 -0.08820692 0.001389865 57421823 -0.0978381 -0.05723078 0.1365282
-0.1298198 -0.09049 0.001368589 57662044 -0.09721066 -0.05887643 0.136437
-0.1295065 -0.09149866 0.001457495 57862217 -0.0968989 -0.05967299 0.1364765
-0.128182 -0.09420676 0.001677846 58112438 -0.09598042 -0.06169115 0.1366298
-0.1274634 -0.09587235 0.001728194 58442740 -0.09557516 -0.06273375 0.1366031
-0.1265504 -0.09862075 0.002146587 58642925 -0.09455658 -0.06499609 0.1368761
-0.1253691 -0.1005383 0.002338824 58883138 -0.09391934 -0.06618392 0.1370123
-0.123606 -0.1033122 0.002671564 59093327 -0.09286527 -0.06822915 0.1373209
-0.1236131 -0.1045366 0.002869982 59353566 -0.09240489 -0.06938513 0.1373939
-0.1218155 -0.1075974 0.0030742 59673855 -0.09124365 -0.07152316 0.1374999
-0.1207803 -0.1088936 0.003129362 59884037 -0.09069437 -0.07242493 0.1375583
-0.1197383 -0.1115058 0.003343622 60124258 -0.08959635 -0.0744293 0.1375936
-0.1187475 -0.112583 0.003328082 60324438 -0.08891534 -0.075263 0.1375798
-0.1179452 -0.113622 0.003278293 60564659 -0.08835563 -0.07598635 0.1374956
-0.118144 -0.1148843 0.003263626 60904966 -0.08797491 -0.07712088 0.1373159
-0.1148485 -0.1165857 0.002563432 61225280 -0.08606763 -0.0787233 0.1368927
-0.1137673 -0.1182636 0.002546512 61585577 -0.08527751 -0.07977308 0.1367593
-0.111933 -0.1200125 0.002408247 61905870 -0.08395908 -0.08112703 0.1366157
-0.1097343 -0.122125 0.002379473 62256186 -0.08249941 -0.08259498 0.1365506
-0.1076925 -0.1235948 0.002272733 62606498 -0.08087078 -0.08408817 0.1365339
-0.1054833 -0.1250651 0.002198238 62896760 -0.07939508 -0.08515315 0.1364841
-0.1024212 -0.1264541 0.001943549 63136985 -0.07731729 -0.08639848 0.1363742
-0.1008905 -0.1272744 0.001880249 63477280 -0.07614648 -0.08717389 0.1363642
-0.1037479 -0.1316467 0.004085186 63687477 -0.07647947 -0.08914932 0.1373393
-0.10227 -0.1327257 0.004147966 64027805 -0.07530537 -0.09004559 0.1374055
-0.09919148 -0.1350236 0.004512234 64368104 -0.07304905 -0.09171549 0.137731
-0.09416339 -0.1382797 0.004999259 64578293 -0.06959686 -0.0939927 0.1381961
-0.0925613 -0.1392166 0.005079111 64908583 -0.06836912 -0.09487217 0.1383253
-0.08875012 -0.1425395 0.005508862 65249267 -0.06581217 -0.09700197 0.1385744
-0.08387454 -0.1444711 0.005332098 65599551 -0.06283912 -0.09865404 0.1386159
-0.08036864 -0.1469484 0.005551227 65919492 -0.06017238 -0.1006606 0.1388022
-0.07787738 -0.1492823 0.005889411 66269812 -0.05820052 -0.1021986 0.138939
-0.07427517 -0.1518124 0.006155373 66600098 -0.05559579 -0.1039519 0.1390715
-0.07087325 -0.1539071 0.00631626 66930428 -0.05298986 -0.105557 0.1391647
-0.06737357 -0.1560041 0.006575905 67290721 -0.0503322 -0.1072394 0.1393835
-0.06443258 -0.1576529 0.006679448 67601029 -0.04806836 -0.1084753 0.1394199
-0.0614046 -0.1595792 0.006892622 67941312 -0.04558105 -0.1098577 0.139496
-0.05809737 -0.1613572 0.007171078 68261617 -0.0430952 -0.1111938 0.1397034
-0.05383607 -0.1636461 0.007373566 68621922 -0.03999781 -0.1127694 0.1397606
-0.04995732 -0.1654646 0.00754766 68972243 -0.03683598 -0.114461 0.1399589
-0.04503531 -0.1670315 0.007250148 69272513 -0.03324947 -0.1156962 0.1396587
-0.04133066 -0.1682952 0.006922347 69602816 -0.03009184 -0.1170212 0.1394022
-0.03938537 -0.1690232 0.006530541 69943119 -0.02835502 -0.117591 0.1389666
-0.03658492 -0.1698684 0.006054275 70283422 -0.02600268 -0.118491 0.1385482
-0.03442451 -0.1697602 0.005072233 70633738 -0.02438812 -0.1188022 0.1377704
-0.03161898 -0.1709292 0.00442629 70944022 -0.02258319 -0.1195116 0.1370191
-0.03006317 -0.1713552 0.003763795 71194252 -0.02138154 -0.1199144 0.1363712
-0.02881966 -0.1721613 0.003259676 71524546 -0.0204257 -0.1203791 0.1357527
-0.02657733 -0.1735324 0.003066055 71844843 -0.01879497 -0.121382 0.135452
-0.02535719 -0.1742138 0.00309722 72195151 -0.01806881 -0.1218679 0.135434
-0.02309293 -0.1751943 0.002750093 72545467 -0.01598006 -0.1231016 0.1351963
-0.02157765 -0.1751928 0.002267795 72855747 -0.01437644 -0.1235964 0.1349034
-0.01907286 -0.1763741 0.002390954 73216072 -0.01245103 -0.1246196 0.1349951
-0.01376344 -0.1785608 0.002586612 73506334 -0.009623481 -0.1256844 0.1348485
-0.01236069 -0.1790138 0.002661286 73876668 -0.00851489 -0.1261042 0.1349187
-0.008996757 -0.179832 0.002685978 74186948 -0.00546556 -0.1267035 0.1348644
-0.005612616 -0.179927 0.002261118 74547270 -0.002980212 -0.1273 0.134661
-0.001324719 -0.1811853 0.002269211 74867567 -0.0004484873 -0.1277971 0.1343873
0.002980624 -0.1824875 0.00231786 75227888 0.002483182 -0.1285815 0.1342275
0.006282816 -0.1820578 0.002118703 75528159 0.004934425 -0.1284987 0.1341636
0.009456591 -0.1818531 0.002183531 75868482 0.007336714 -0.1283855 0.1342554
0.01331066 -0.1811474 0.001952634 76198780 0.009969885 -0.1281875 0.1342037
0.01641228 -0.180895 0.002018023 76549080 0.01216886 -0.1278329 0.1342023
0.01985233 -0.1804453 0.001847216 76889387 0.01472072 -0.1277625 0.1341515
0.02256346 -0.1803454 0.001903727 77239715 0.01660409 -0.1274129 0.1340737
0.02528219 -0.1797156 0.00188468 77539978 0.01846514 -0.1268098 0.1340238
0.02909253 -0.179785 0.002233141 77890290 0.02100722 -0.1269032 0.1343104
0.03334911 -0.1790639 0.002640242 78210575 0.02385215 -0.1264228 0.1347196
0.0373525 -0.1784793 0.003192334 78580914 0.02657778 -0.1261238 0.1352872
0.03788602 -0.176467 0.002655323 78881185 0.02861344 -0.1251625 0.1352756
0.04207435 -0.1755917 0.003365966 79231501 0.03119129 -0.1242315 0.1358421
0.04617653 -0.1737418 0.003783015 79551806 0.03388666 -0.1231848 0.136445
0.05000949 -0.1718865 0.004293421 79922124 0.03657476 -0.1216579 0.1369691
0.05509069 -0.1701733 0.005330505 80252426 0.03972472 -0.1203903 0.1379646
0.05928345 -0.1675798 0.005890854 80562702 0.04276022 -0.1187927 0.1387557
0.06303618 -0.165104 0.00640039 80892996 0.04549994 -0.117172 0.1394464
0.06695567 -0.1622722 0.006300835 81273351 0.04796302 -0.1151949 0.1394521
0.07084537 -0.1602402 0.006126366 81573610 0.0505711 -0.1129481 0.1390123
0.07450745 -0.1574702 0.006227805 81933940 0.05302409 -0.1107256 0.1391175
0.07823806 -0.154671 0.006357068 82264254 0.05541863 -0.1083213 0.1391623
0.08123963 -0.1515274 0.006079124 82574522 0.05747182 -0.1060091 0.1390055
0.08395053 -0.1494872 0.005430588 82914841 0.05959637 -0.1039964 0.1382602
0.08673912 -0.148078 0.004737299 83235114 0.0614563 -0.1022691 0.1372838
0.08919998 -0.1463883 0.003857744 83605452 0.06376257 -0.1011179 0.1365596
0.09171723 -0.144387 0.002911827 83915740 0.06590742 -0.09972652 0.1357484
0.09406719 -0.1423514 0.001915337 84266056 0.06793395 -0.09795357 0.1347767
0.0964279 -0.1397657 0.001026095 84596346 0.06977876 -0.09623926 0.1340732
0.09959262 -0.1377629 0.0003243336 85136826 0.07211712 -0.09426691 0.1332132
0.1031469 -0.1337009 -0.0007857724 85487146 0.07523148 -0.09140238 0.1323976
0.1057296 -0.1314048 -0.00139156 85847483 0.07733237 -0.08948292 0.1318091
0.107855 -0.128725 -0.002383055 86177773 0.07914224 -0.08780324 0.1310607
0.1101845 -0.126536 -0.004031526 86518076 0.08117481 -0.08570476 0.1293758
0.1128912 -0.1212656 -0.006855105 86828356 0.08419117 -0.08210753 0.1271195
0.1133083 -0.1189326 -0.007595179 87178677 0.0844158 -0.08023252 0.1264711
0.1146509 -0.1150456 -0.008593982 87538994 0.08515646 -0.0767734 0.1254641
0.1177953 -0.1104599 -0.00930783 87869292 0.0877068 -0.07352451 0.124993
0.1195778 -0.1073887 -0.009182048 88159554 0.08920626 -0.07187001 0.1254369
0.120201 -0.1058993 -0.009190584 88529888 0.08977859 -0.07086363 0.1255434
0.1226141 -0.1014202 -0.009145935 88850181 0.09136868 -0.06736051 0.1256499
0.1248898 -0.09829345 -0.008612938 89210506 0.09336422 -0.06553968 0.1264411
0.1268028 -0.09442589 -0.008149694 89540800 0.09461217 -0.06323877 0.1271181
0.1287111 -0.09051264 -0.007868824 89851080 0.0959589 -0.06027447 0.1274796
0.129575 -0.08816625 -0.007877659 90191395 0.0965498 -0.05864535 0.1275627
0.1324665 -0.08157127 -0.008120751 90521689 0.0985461 -0.05369771 0.1274474
0.1338522 -0.07636195 -0.008579987 90861996 0.09972306 -0.05019485 0.1272756
0.1349414 -0.07079643 -0.009759352 91192290 0.1005053 -0.04602002 0.1262794
0.1359286 -0.06536467 -0.01087993 91532610 0.1013177 -0.04144257 0.1252673
0.1362412 -0.05894566 -0.01179816 91872921 0.1017127 -0.03707493 0.1247145
0.1365469 -0.0530824 -0.01291708 92183193 0.1017933 -0.03234004 0.1237145
0.1363306 -0.04989491 -0.01362607 92533505 0.1019969 -0.03015186 0.1232595
0.1357132 -0.0404577 -0.01515637 92883837 0.1009322 -0.02268679 0.1218864
0.1368516 -0.03652724 -0.01533933 93214115 0.1009903 -0.01874085 0.1214228
0.1377432 -0.03192616 -0.01592193 93554426 0.1024165 -0.01666551 0.1212838
0.1388711 -0.02740969 -0.01673506 93864706 0.1029634 -0.01273156 0.1203832
0.140212 -0.02280461 -0.01669644 94195008 0.1033111 -0.008941753 0.1202429
0.1420488 -0.0181631 -0.01660102 94565343 0.1048074 -0.00582628 0.1203922
0.1432866 -0.01300127 -0.01649909 94905658 0.1058251 -0.002593106 0.1205941
0.1445865 -0.008097708 -0.01676368 95336038 0.1064242 0.001359713 0.1202051
0.1458868 -0.003715403 -0.01716112 95586256 0.1078019 0.004273174 0.1199227
0.14559 0.001458875 -0.01767424 95896564 0.1076421 0.007637382 0.1195411
0.146254 0.005368463 -0.01801779 96216845 0.1075327 0.01152921 0.118982
0.1472855 0.009186589 -0.01813994 96567153 0.1086168 0.01371723 0.1189383
0.1482574 0.01302869 -0.01764416 96967510 0.1088919 0.01649911 0.1192667
0.1489954 0.01657982 -0.01703049 97227745 0.109681 0.0187235 0.1199222
0.1488058 0.01928558 -0.01642528 97578061 0.1092149 0.0209812 0.120454
0.1485379 0.02160748 -0.01594133 97888337 0.1090856 0.0225958 0.1209849
0.1484069 0.02209234 -0.01564328 98238670 0.1093469 0.02293276 0.1213964
0.1471089 0.02188069 -0.01587371 98608984 0.1083589 0.02332978 0.1212488
0.1468592 0.02054769 -0.01632929 98889253 0.1080953 0.02307148 0.1207737
0.1465084 0.01909141 -0.01632862 99229552 0.1082734 0.02173885 0.1209206
0.1460358 0.01912919 -0.01506535 99569851 0.1069408 0.02159804 0.1219447
0.1452113 0.01947309 -0.01328829 99940189 0.105961 0.02135855 0.1236865
0.1446301 0.02079819 -0.0102787 100290501 0.1046795 0.02165107 0.1265039
