0.1426972 0.002415162 0.0068499 0 0.09785907 0.02586386 0.2339543
0.1426972 0.002415162 0.0068499 120108 0.09785907 0.02586386 0.2339543
0.143179 0.002170992 0.006709337 250238 0.09837353 0.02565358 0.2335321
0.1435979 0.002190466 0.006267741 340327 0.09879382 0.02565308 0.2330337
0.1435979 0.002190466 0.006267741 450435 0.09879382 0.02565308 0.2330337
0.1440439 0.002095686 0.005960554 560510 0.09916691 0.02566352 0.2325334
0.1443605 0.001815173 0.00546281 670605 0.09945495 0.02549722 0.2320568
0.1443605 0.001815173 0.00546281 780705 0.09945495 0.02549722 0.2320568
0.1448712 0.002028977 0.004970491 900817 0.0998962 0.02535096 0.2315118
0.1452616 0.002060651 0.004597217 1010912 0.1001223 0.02536041 0.2310298
0.1452616 0.002060651 0.004597217 1121016 0.1001223 0.02536041 0.2310298
0.1456829 0.001878063 0.004409686 1231115 0.1002542 0.02554152 0.2305115
0.1458965 0.001730223 0.004104078 1341214 0.1002721 0.02572554 0.2301241
0.1458965 0.001730223 0.004104078 1451314 0.1002721 0.02572554 0.2301241
0.1461222 0.001744395 0.003841504 1571422 0.1003264 0.02582967 0.2297937
0.14631 0.001793868 0.003559008 1681526 0.1003774 0.02584911 0.2295118
0.14631 0.001793868 0.003559008 1791617 0.1003774 0.02584911 0.2295118
0.1464591 0.001725488 0.003429219 1901716 0.1004252 0.02578328 0.2293244
0.146657 0.001816245 0.00350143 2011816 0.1003997 0.02581962 0.2291708
0.146657 0.001816245 0.00350143 2121919 0.1003997 0.02581962 0.2291708
0.1468209 0.001875743 0.003787488 2242039 0.1004102 0.02579162 0.2291508
0.1468487 0.001965214 0.003858998 2362140 0.1004229 0.02575724 0.2291781
0.1468487 0.001965214 0.003858998 2462226 0.1004229 0.02575724 0.2291781
0.1468712 0.002005391 0.003997594 2572321 0.100545 0.02576598 0.2292447
0.1469292 0.002313383 0.004263774 2702447 0.1006205 0.02598486 0.2293313
0.1469292 0.002313383 0.004263774 2802533 0.1006205 0.02598486 0.2293313
0.1468622 0.002608966 0.004432961 2922646 0.1006964 0.02614712 0.2295055
0.1467191 0.003110107 0.004552782 3022728 0.1007634 0.02633273 0.2297626
0.1467191 0.003110107 0.004552782 3142836 0.1007634 0.02633273 0.2297626
0.1465875 0.003677728 0.00491257 3242931 0.1008109 0.02664811 0.2300938
0.1461868 0.004265229 0.005182266 3363039 0.1006866 0.02715742 0.230583
0.1461868 0.004265229 0.005182266 3473159 0.1006866 0.02715742 0.230583
0.1458277 0.004653055 0.005652845 3583238 0.1006204 0.02765911 0.2310967
0.1454486 0.005383653 0.005961284 3693357 0.1005403 0.02818465 0.2316152
0.1454486 0.005383653 0.005961284 3813445 0.1005403 0.02818465 0.2316152
0.1451168 0.006309917 0.006319001 3923545 0.1004377 0.0286085 0.2321542
0.1447984 0.007196457 0.006716669 4033644 0.1002056 0.02907886 0.2326547
0.1447984 0.007196457 0.006716669 4143743 0.1002056 0.02907886 0.2326547
0.1442383 0.008176163 0.006811649 4253851 0.09996635 0.02958612 0.2332692
0.1438511 0.008819887 0.007045895 4373951 0.09985521 0.03009175 0.2337485
0.1438511 0.008819887 0.007045895 4474042 0.09985521 0.03009175 0.2337485
0.1435372 0.00991641 0.007207051 4594150 0.09965146 0.03071067 0.234159
0.143248 0.01088976 0.007380366 4704253 0.09956799 0.03131665 0.2345585
0.143248 0.01088976 0.007380366 4814345 0.09956799 0.03131665 0.2345585
0.1428926 0.01226476 0.007152632 4934453 0.09958118 0.03200439 0.2349139
0.1424718 0.01340635 0.006971613 5044564 0.09943041 0.03280582 0.2352633
0.1424718 0.01340635 0.006971613 5154656 0.09943041 0.03280582 0.2352633
0.1420465 0.01444042 0.007058099 5264755 0.09905615 0.03375268 0.2356523
0.1416646 0.01560196 0.007335499 5374854 0.09866006 0.03471477 0.2360959
0.1416646 0.01560196 0.007335499 5484954 0.09866006 0.03471477 0.2360959
0.1410586 0.01693516 0.007412016 5605058 0.09823105 0.03560539 0.2366916
0.140475 0.01833411 0.007535607 5705148 0.0978609 0.03649464 0.2373064
0.140475 0.01833411 0.007535607 5825261 0.0978609 0.03649464 0.2373064
0.1401793 0.01959591 0.008020699 5935368 0.09766725 0.03740351 0.2378237
0.1395961 0.02098521 0.008213833 6045456 0.09734075 0.03834102 0.23847
0.1390606 0.02219871 0.008399248 6155559 0.0970926 0.039161 0.2390744
0.1390606 0.02219871 0.008399248 6265658 0.0970926 0.039161 0.2390744
0.1384796 0.02358834 0.00845708 6405785 0.09676865 0.03999698 0.2396642
0.1380392 0.02497583 0.008644596 6495866 0.09650064 0.04107936 0.2401613
0.1380392 0.02497583 0.008644596 6605970 0.09650064 0.04107936 0.2401613
0.1375186 0.02617078 0.009084612 6716069 0.09617041 0.04215024 0.2408211
0.1369098 0.02735336 0.009253085 6846186 0.0959214 0.04299612 0.2414791
0.1369098 0.02735336 0.009253085 6946273 0.0959214 0.04299612 0.2414791
0.1363574 0.02893451 0.009435877 7056372 0.09574303 0.04389479 0.2421395
0.1357484 0.030474 0.009473026 7166467 0.09545726 0.04482295 0.2427498
0.1357484 0.030474 0.009473026 7296589 0.09545726 0.04482295 0.2427498
0.1352506 0.03212071 0.009715676 7386670 0.09507924 0.04604596 0.2433118
0.1344984 0.03367044 0.009633511 7516783 0.0944971 0.04729978 0.243903
0.1344984 0.03367044 0.009633511 7616890 0.0944971 0.04729978 0.243903
0.1337341 0.03549374 0.00966154 7726977 0.09389226 0.04865703 0.2445664
0.1328219 0.03750711 0.009458199 7837076 0.09289476 0.04992818 0.2451856
0.1328219 0.03750711 0.009458199 7947176 0.09289476 0.04992818 0.2451856
0.1320036 0.03986118 0.009399801 8057275 0.09193367 0.05149714 0.2457893
0.1310534 0.04197098 0.009273842 8177379 0.09093946 0.05316168 0.2464465
0.1310534 0.04197098 0.009273842 8287491 0.09093946 0.05316168 0.2464465
0.1299513 0.04406046 0.008968204 8397582 0.08985899 0.05472495 0.2471346
0.1290229 0.04626969 0.008919224 8527700 0.08898959 0.05613519 0.2478426
0.1290229 0.04626969 0.008919224 8627790 0.08898959 0.05613519 0.2478426
0.128 0.04865457 0.008659735 8727880 0.08790082 0.05758002 0.2484775
0.1270767 0.05106406 0.00854899 8837980 0.08692226 0.05912153 0.2491046
0.1270767 0.05106406 0.00854899 8958084 0.08692226 0.05912153 0.2491046
0.1260635 0.05323692 0.008251876 9068183 0.08596125 0.06061229 0.249705
0.125098 0.05555268 0.00809145 9178287 0.08507153 0.0620986 0.2503433
0.125098 0.05555268 0.00809145 9298399 0.08507153 0.0620986 0.2503433
0.1241489 0.0577122 0.008052558 9408503 0.0842766 0.06354186 0.2510396
0.123028 0.05983003 0.00782381 9518598 0.08342007 0.06492027 0.2517709
0.123028 0.05983003 0.00782381 9628705 0.08342007 0.06492027 0.2517709
0.1220038 0.06217518 0.007801965 9758819 0.08263379 0.06641398 0.2525305
0.1209536 0.06452822 0.007653803 9858905 0.08189771 0.06783893 0.2532466
0.1209536 0.06452822 0.007653803 9958991 0.08189771 0.06783893 0.2532466
0.1198008 0.06692975 0.007523358 10079112 0.08084808 0.06934413 0.2539798
0.1186472 0.06922429 0.007535324 10209229 0.07978101 0.0709254 0.2547767
0.1186472 0.06922429 0.007535324 10299315 0.07978101 0.0709254 0.2547767
0.1174794 0.07167493 0.007526055 10409402 0.07877292 0.07254324 0.2555762
0.1161572 0.07415594 0.007294983 10529506 0.077711 0.07407547 0.2563639
0.1161572 0.07415594 0.007294983 10629601 0.077711 0.07407547 0.2563639
0.1148588 0.07682007 0.007077515 10749705 0.0766131 0.07573689 0.2571108
0.1136105 0.07913286 0.006924808 10869825 0.07547089 0.07752456 0.2578416
0.1136105 0.07913286 0.006924808 10969908 0.07547089 0.07752456 0.2578416
0.1124362 0.08132134 0.007033184 11110034 0.074325 0.07927975 0.2586477
0.1111214 0.08373193 0.006923392 11200128 0.07318227 0.08083914 0.2594267
0.1111214 0.08373193 0.006923392 11320224 0.07318227 0.08083914 0.2594267
0.1098415 0.08592952 0.006879613 11420326 0.07221386 0.08203983 0.260233
0.1084069 0.08876524 0.006626368 11540418 0.07110494 0.08341748 0.2609726
0.1084069 0.08876524 0.006626368 11640521 0.07110494 0.08341748 0.2609726
0.1069757 0.09125812 0.006458744 11750616 0.06987053 0.08483276 0.2617314
0.1057691 0.09318352 0.006533474 11890751 0.06865695 0.08621901 0.2624691
0.1044017 0.09535354 0.006593987 11980828 0.06734961 0.08768484 0.2632886
0.1044017 0.09535354 0.006593987 12090915 0.06734961 0.08768484 0.2632886
0.1030062 0.0972817 0.006614625 12201023 0.0661505 0.08882771 0.2641159
0.1030062 0.0972817 0.006614625 12321123 0.0661505 0.08882771 0.2641159
0.1017914 0.09907625 0.006707206 12431230 0.0650619 0.08986703 0.2648497
0.1004543 0.101044 0.006810844 12561348 0.0640009 0.09093444 0.2656712
0.09900348 0.1029529 0.006791279 12651429 0.06283364 0.09190081 0.2664706
0.09900348 0.1029529 0.006791279 12761516 0.06283364 0.09190081 0.2664706
0.09756421 0.1043454 0.006873772 12881633 0.06169833 0.09261853 0.2673454
0.09589554 0.1060152 0.006809846 13011762 0.06034783 0.09350791 0.2682416
0.09589554 0.1060152 0.006809846 13211923 0.06034783 0.09350791 0.2682416
0.09444436 0.107397 0.006831706 13472162 0.05908242 0.09444003 0.2690597
0.09133905 0.1102232 0.006264761 13702365 0.05648483 0.09602423 0.2703948
0.08980022 0.1115089 0.005967826 13912575 0.05508739 0.09663197 0.2709872
0.08612981 0.1147107 0.004708484 14152788 0.051975 0.09802207 0.2720171
0.0842647 0.1161447 0.00402531 14362966 0.05025262 0.09863313 0.2724532
0.08223377 0.1176888 0.003305122 14593185 0.04832394 0.09921534 0.2728885
0.0778453 0.1208498 0.002227619 14833398 0.04423647 0.1003964 0.2740554
0.07564411 0.1223564 0.00183256 15043592 0.04222576 0.1009075 0.2746891
0.07331401 0.1236705 0.001524299 15273783 0.04014817 0.1012621 0.2754214
0.06852855 0.1264626 0.0009614527 15473968 0.03616434 0.1021631 0.2769325
0.06609428 0.1277644 0.0007660985 15714193 0.03402266 0.1027269 0.2777179
0.06370786 0.1288427 0.0006700456 15924375 0.03171805 0.1033668 0.2785243
0.0590188 0.1313031 0.000372082 16164591 0.02774367 0.1045041 0.2799692
0.05667169 0.1323895 0.0001116395 16384802 0.02579287 0.1048753 0.280562
0.05187188 0.1350115 -0.0007299632 16604989 0.02167091 0.106079 0.2814269
0.04947544 0.1365219 -0.001345694 16825184 0.01963216 0.1067287 0.2816354
0.04712265 0.137802 -0.0020127 17055403 0.01757216 0.10727 0.2817653
0.04217095 0.1403175 -0.003223911 17285603 0.0133175 0.1082277 0.2820594
0.03985025 0.1414172 -0.003601804 17495813 0.01120937 0.1086671 0.2822654
0.03753302 0.1421438 -0.003994688 17726005 0.009162217 0.1090039 0.2824916
0.03341979 0.1435997 -0.004409641 17946203 0.005790323 0.1095221 0.2830096
0.03137059 0.1439541 -0.004467905 18176407 0.00415726 0.109706 0.2834071
0.02966821 0.1441057 -0.004367307 18386593 0.002701744 0.1097858 0.2838232
0.02596507 0.1448764 -0.004337326 18626813 6.905198E-05 0.1099899 0.2845388
0.02419254 0.1451981 -0.004336134 18837015 -0.001340985 0.1101639 0.2848402
0.0225177 0.1454926 -0.004264101 19067211 -0.002809376 0.1104651 0.2851686
0.01911813 0.1460026 -0.00416176 19287414 -0.005698085 0.1107816 0.2857192
0.0174229 0.1460858 -0.004134402 19507604 -0.007009983 0.1107641 0.2859697
0.01564771 0.1462213 -0.004169777 19737816 -0.008338362 0.1107823 0.2861692
0.0122772 0.1462132 -0.00410217 19958011 -0.01118824 0.1108551 0.2866069
0.01040963 0.1460665 -0.004095346 20208241 -0.0126392 0.1107293 0.2868104
0.008547764 0.1459427 -0.004140183 20398412 -0.01406276 0.1104968 0.2869248
0.00466263 0.1455162 -0.004166678 20648638 -0.01718357 0.1100304 0.2871599
0.002821448 0.1449847 -0.004145965 20848827 -0.01873404 0.1097529 0.2873122
0.0008313087 0.1445348 -0.00408341 21089039 -0.02032882 0.109413 0.2874596
-0.002749659 0.1431604 -0.00362277 21309234 -0.02340588 0.1084816 0.2879572
-0.005003403 0.1425463 -0.003284574 21549451 -0.02522719 0.1080896 0.2882741
-0.009282199 0.1410364 -0.00276354 21749640 -0.02870315 0.107319 0.2887598
-0.01135837 0.1401511 -0.002542958 21989848 -0.03040236 0.1067506 0.2889156
-0.01361243 0.1395117 -0.0024454 22210063 -0.0321539 0.106322 0.288923
-0.01569532 0.1387229 -0.002408206 22410228 -0.03381175 0.105916 0.2888927
-0.02006806 0.1371697 -0.002660692 22640439 -0.03719515 0.1047976 0.2883954
-0.02194557 0.1369814 -0.002594754 22880652 -0.0387373 0.1044177 0.2881919
-0.02658144 0.1357494 -0.002694219 23090854 -0.04241443 0.1034774 0.2875557
-0.02905765 0.1348922 -0.002767161 23311049 -0.04430979 0.1027375 0.2871397
-0.03180302 0.1342994 -0.002611384 23531239 -0.04634964 0.1021448 0.2868037
-0.03366804 0.1332379 -0.00256215 23751438 -0.04831151 0.1014801 0.2865197
-0.03896454 0.1314702 -0.002155259 24001660 -0.05273393 0.1006615 0.2858998
-0.04171944 0.1301059 -0.001924366 24201844 -0.05501223 0.1000445 0.2855723
-0.04420098 0.1290429 -0.001574323 24452070 -0.05722201 0.09945223 0.2852925
-0.0483987 0.126838 -0.0008713156 24652251 -0.06106204 0.09847446 0.2848923
-0.05076082 0.1251578 -0.0005100816 24882459 -0.06298906 0.09775406 0.2846611
-0.05265857 0.1241267 -4.079938E-05 25102657 -0.06481525 0.09722157 0.2845144
-0.05610722 0.1215378 0.0008857548 25322872 -0.0679636 0.09583154 0.284317
-0.05767196 0.1195168 0.001288414 25553064 -0.06940451 0.09486617 0.2842808
-0.06044398 0.1170435 0.002257168 25803298 -0.07195953 0.09318114 0.2841808
-0.06199451 0.1151908 0.002880126 26023496 -0.07329297 0.09207894 0.2842332
-0.06291368 0.1135164 0.003398538 26223681 -0.0745306 0.09095876 0.2843621
-0.06550507 0.1099948 0.004662201 26473895 -0.07697657 0.08874865 0.28457
-0.06675567 0.1085862 0.0051817 26674076 -0.07815298 0.0876157 0.2845145
-0.06811413 0.107284 0.005744711 26914296 -0.07940647 0.08657606 0.2844342
-0.07106105 0.1040997 0.006332293 27114485 -0.08192945 0.08446507 0.2838026
-0.07238559 0.1025717 0.006308451 27354690 -0.08288962 0.08319374 0.2832388
-0.07410944 0.1007362 0.006477162 27564887 -0.08399144 0.08182931 0.2826808
-0.07692324 0.09772356 0.006336227 27815101 -0.08646905 0.07967759 0.2813537
-0.07838357 0.09641539 0.006349295 28005289 -0.08756268 0.07859458 0.28069
-0.0798191 0.09431766 0.006498545 28255503 -0.08882958 0.07724802 0.2802069
-0.08223569 0.09055085 0.006733254 28455687 -0.09111017 0.07442023 0.2792867
-0.08329604 0.08917587 0.006810829 28675878 -0.09213153 0.07321431 0.2788113
-0.0844606 0.08754385 0.006822437 28946138 -0.09312242 0.07195356 0.2782564
-0.08674339 0.0834799 0.007191926 29136293 -0.09506994 0.0689636 0.2774715
-0.08760015 0.08184372 0.007188693 29346487 -0.09601594 0.06753074 0.2770123
-0.08854318 0.07980421 0.007341057 29576699 -0.09682266 0.06608552 0.2766905
-0.09031048 0.07589494 0.007664859 29796898 -0.09846896 0.06286272 0.2760374
-0.09100883 0.07402436 0.007831752 30017092 -0.0992721 0.06112992 0.2757806
-0.09199757 0.07194636 0.008033097 30247296 -0.1003335 0.05939037 0.2754012
-0.09358943 0.06786946 0.007579029 30467499 -0.1016692 0.05595281 0.2741832
-0.0948507 0.06552333 0.007453173 30687698 -0.1024061 0.05419908 0.273419
-0.09594293 0.06346211 0.007030129 30917901 -0.10308 0.05244469 0.2724701
-0.09830178 0.0595528 0.006088868 31168131 -0.1042951 0.04932122 0.2703986
-0.09954799 0.05745551 0.005657956 31358303 -0.1050387 0.04778182 0.2693501
-0.10073 0.05556918 0.005192995 31578497 -0.1058605 0.04638084 0.2682898
-0.102589 0.05118733 0.0043291 31808709 -0.107188 0.04337 0.2665399
-0.1033737 0.04903067 0.00403735 32038913 -0.1077237 0.04171134 0.2658471
-0.1039925 0.04722815 0.003462628 32269125 -0.1078987 0.04008545 0.2650239
-0.104783 0.0434682 0.002366498 32479314 -0.1082144 0.03698475 0.2636963
-0.1051909 0.04113733 0.001967728 32699513 -0.1082972 0.03535464 0.2631653
-0.1054424 0.03913063 0.001737386 32929721 -0.1084149 0.03372486 0.2628411
-0.1053585 0.0354518 0.0007156581 33149919 -0.1083156 0.03048513 0.2620861
-0.1055938 0.03334583 0.0004538745 33400141 -0.108308 0.02893441 0.2617569
-0.1055422 0.02912677 -0.0004310161 33600326 -0.1082102 0.02558095 0.2610955
-0.1057232 0.0273251 -0.0009027719 33820525 -0.1083094 0.02399993 0.260603
-0.105763 0.02534661 -0.001581624 34070750 -0.108315 0.02241456 0.2600302
-0.1060638 0.02102152 -0.002765492 34270931 -0.1083012 0.01928452 0.2589029
-0.1063268 0.01887469 -0.003071383 34531166 -0.1081936 0.01769847 0.2585166
-0.1063196 0.01677151 -0.003384829 34711341 -0.1081799 0.01613577 0.2582649
-0.1059233 0.0134998 -0.003833398 34961558 -0.1083657 0.01332296 0.2580961
-0.1058603 0.0115408 -0.003763974 35161739 -0.1084245 0.01177286 0.2581822
-0.1055471 0.009689544 -0.00389117 35421982 -0.1083072 0.01027059 0.2582571
-0.1050088 0.006249849 -0.004324943 35602153 -0.1081305 0.00738283 0.2581997
-0.104944 0.004444015 -0.004486814 35842349 -0.1081297 0.005938219 0.2580957
-0.1050554 0.002455869 -0.004635438 36162646 -0.1080993 0.0045233 0.2579073
-0.1054466 -0.001306203 -0.005256251 36402855 -0.108365 0.001850322 0.2571326
-0.1062701 -0.00514017 -0.005658776 36613053 -0.1086515 -0.0007662064 0.2562973
-0.1066076 -0.006580951 -0.005913839 36833239 -0.1087777 -0.001938537 0.2558838
-0.1067384 -0.008165429 -0.005984336 37073460 -0.1089032 -0.003038312 0.2557282
-0.1069774 -0.01118922 -0.005514249 37293667 -0.1091632 -0.005279068 0.2559391
-0.1066311 -0.01230812 -0.005343944 37533872 -0.1093084 -0.006248626 0.2562491
-0.106299 -0.01353972 -0.005023777 37734052 -0.1093958 -0.007193829 0.256676
-0.1058356 -0.01568154 -0.004229575 37974273 -0.1094942 -0.009170849 0.2575735
-0.1059415 -0.01702124 -0.003470704 38184463 -0.109871 -0.01029267 0.2581018
-0.1047066 -0.01821707 -0.003685474 38434693 -0.1095018 -0.01118687 0.258613
-0.1047814 -0.02055288 -0.002434462 38624860 -0.1101589 -0.01344022 0.2595504
-0.1042013 -0.02145352 -0.002214372 38855068 -0.1102271 -0.01438599 0.2600418
-0.1035857 -0.02273615 -0.001963302 39075291 -0.1102311 -0.01553541 0.2605748
-0.1031156 -0.02546015 -0.0008524507 39295465 -0.1103487 -0.01812587 0.2617432
-0.1024882 -0.02656557 -0.0007234514 39525681 -0.1103055 -0.01924717 0.2621905
-0.1019906 -0.02770841 -0.0004556179 39765906 -0.1102725 -0.02022487 0.2626745
-0.1008159 -0.03092402 0.0005216599 39966067 -0.1103166 -0.02281005 0.2640784
-0.09996475 -0.03186869 0.000723362 40196278 -0.1099058 -0.02387938 0.2647446
-0.09957349 -0.03333636 0.00141339 40526576 -0.1099659 -0.02513897 0.265516
-0.09786033 -0.03541743 0.00215061 40766809 -0.1097554 -0.02716538 0.2670405
-0.0963008 -0.03787661 0.003226876 40976983 -0.1090493 -0.02966129 0.2688354
-0.09559876 -0.03906367 0.003708482 41217204 -0.1087992 -0.03094757 0.2696358
-0.09372788 -0.04187496 0.003900111 41537485 -0.10833 -0.03340444 0.2707431
-0.09292088 -0.04369709 0.004084155 41797732 -0.1080611 -0.03480471 0.2712899
-0.09100758 -0.0480757 0.003957868 41987895 -0.1067927 -0.03809927 0.2721446
-0.09010663 -0.05000524 0.003896818 42248146 -0.1062665 -0.03966099 0.2725366
-0.08689348 -0.05440416 0.003498927 42428297 -0.104402 -0.04296518 0.2737421
-0.08557765 -0.05616846 0.003663734 42678531 -0.1037341 -0.04458524 0.2745182
-0.08443655 -0.05777065 0.003865883 42878699 -0.1032938 -0.04606767 0.2752146
-0.08165392 -0.06147585 0.004172564 43118936 -0.1020253 -0.04891322 0.2766804
-0.08084808 -0.06304082 0.004606664 43319109 -0.1015771 -0.05038346 0.2774324
-0.0794789 -0.06469706 0.00477387 43549450 -0.1008429 -0.05179333 0.2781754
-0.07794454 -0.06643843 0.0047995 43769507 -0.1000882 -0.05327899 0.2788365
-0.07540589 -0.07004128 0.004685044 43999707 -0.09821871 -0.05602094 0.2798001
-0.07412474 -0.07191984 0.004653782 44229931 -0.09733623 -0.05737609 0.2802702
-0.07134791 -0.07531607 0.004364878 44450117 -0.09552431 -0.05988385 0.2810566
-0.06997208 -0.07714745 0.004129082 44660319 -0.09446893 -0.06113842 0.2813487
-0.06890421 -0.07879033 0.003847942 44890523 -0.09348613 -0.0622992 0.2814996
-0.06594507 -0.08193611 0.003408536 45130727 -0.09168321 -0.06431139 0.2820421
-0.06446201 -0.08356706 0.003155991 45340921 -0.09068635 -0.06533244 0.2822678
-0.06305681 -0.08519397 0.002907008 45601156 -0.08960316 -0.06637093 0.2824811
-0.06025911 -0.08780538 0.002572566 45791323 -0.0876632 -0.06818864 0.283022
-0.05881943 -0.0888638 0.002687499 46031544 -0.08685511 -0.06909259 0.2835404
-0.05734205 -0.09007353 0.002846345 46231733 -0.08590549 -0.07008807 0.2841094
-0.05420902 -0.09212387 0.003200129 46481951 -0.08375788 -0.07194175 0.2853486
-0.05277839 -0.09345926 0.003588364 46682131 -0.08285815 -0.07306726 0.2860602
-0.05142561 -0.09450075 0.003885522 46922348 -0.08194381 -0.07410339 0.2867007
-0.04841121 -0.09723789 0.004377887 47132538 -0.07969099 -0.07623516 0.2878689
-0.04711681 -0.09815088 0.004442558 47372755 -0.07865578 -0.07710255 0.288269
-0.04590245 -0.09964252 0.004552826 47572939 -0.07777759 -0.07819146 0.2885905
-0.04371189 -0.1023315 0.004585803 47813160 -0.07617825 -0.08004957 0.2889719
-0.04248616 -0.1036637 0.004435793 48023342 -0.07519358 -0.08097723 0.2890488
-0.04112265 -0.1048664 0.004268691 48263554 -0.07414418 -0.08184969 0.2891342
-0.03870915 -0.1072986 0.00419727 48463735 -0.07247829 -0.08333104 0.289332
-0.03739095 -0.1082629 0.00425078 48713965 -0.07155043 -0.08405057 0.2895621
-0.03504597 -0.1099464 0.004654273 48914150 -0.0694837 -0.08578859 0.2904139
-0.03330629 -0.1104318 0.004912883 49154358 -0.06836483 -0.08634641 0.2908909
-0.03223662 -0.1111349 0.00522466 49474660 -0.06754142 -0.08688327 0.2912955
-0.02957727 -0.1123259 0.005776003 49694850 -0.0656451 -0.08821087 0.2921425
-0.02788112 -0.1128434 0.006008789 49925058 -0.06443563 -0.08891267 0.2925712
-0.02579929 -0.1141853 0.006114766 50155266 -0.06267151 -0.08993223 0.2928622
-0.02470582 -0.1151225 0.006096378 50375464 -0.06185907 -0.09044817 0.29285
-0.02361482 -0.1161146 0.005914807 50595659 -0.06095612 -0.09105923 0.2927195
-0.02174232 -0.1180498 0.005419493 50815870 -0.05901951 -0.09223448 0.2923983
-0.02074599 -0.1187873 0.005316079 51046074 -0.058233 -0.09257799 0.2922932
-0.01878521 -0.1199804 0.005282208 51256255 -0.05669811 -0.09326686 0.2922677
-0.01764205 -0.1205449 0.005310908 51486467 -0.05584443 -0.0936697 0.2922999
-0.01667981 -0.1210222 0.005347252 51716675 -0.05497828 -0.09409153 0.2923898
-0.01586156 -0.1213394 0.005412593 52066991 -0.05421505 -0.09434421 0.2924941
-0.01285554 -0.1222718 0.005598292 52267171 -0.05189902 -0.09495064 0.29263
-0.01191914 -0.1226901 0.005545944 52487370 -0.05112839 -0.09521169 0.2925663
-0.01098966 -0.1229218 0.005496591 52717578 -0.05037397 -0.09544363 0.292535
-0.009364747 -0.1233672 0.005415142 52967800 -0.04903218 -0.09563093 0.2924139
-0.008464999 -0.1235385 0.00541237 53177993 -0.04828054 -0.095611 0.292365
-0.007406484 -0.1236413 0.005447879 53388187 -0.04746166 -0.09575053 0.2923764
-0.005348291 -0.1237591 0.005414084 53618391 -0.04567212 -0.09594617 0.2923528
-0.004209296 -0.1236333 0.005344942 53858608 -0.04479545 -0.09583347 0.2922457
-0.003018214 -0.1236038 0.005398899 54058788 -0.04384562 -0.0956156 0.2921867
-0.0006942131 -0.1234841 0.005493298 54309014 -0.04180115 -0.09544142 0.2921682
0.00069557 -0.1232907 0.005505487 54619294 -0.04058799 -0.09538855 0.2921437
0.00298758 -0.1230838 0.005513012 54859511 -0.03840798 -0.09497703 0.2920125
0.004129472 -0.1227793 0.005398676 55069701 -0.03741598 -0.09466419 0.291835
0.006556286 -0.1227524 0.005184948 55289903 -0.03522819 -0.09414959 0.2913574
0.007879116 -0.1226444 0.005016997 55540121 -0.03406093 -0.09391917 0.2910687
0.008971802 -0.1225685 0.004729494 55730297 -0.03292206 -0.09370601 0.2907525
0.01132521 -0.1221517 0.004276738 55980522 -0.03070021 -0.0930743 0.2901272
0.01264657 -0.121931 0.004173383 56190712 -0.02958799 -0.09262051 0.2898079
0.01393054 -0.1218215 0.003917873 56440946 -0.02834642 -0.09225511 0.2894115
0.01680527 -0.1212805 0.003558964 56751218 -0.02570775 -0.09159993 0.2887235
0.01924947 -0.1206205 0.003025934 56971417 -0.02339673 -0.09048703 0.2878633
0.02047845 -0.120238 0.00274834 57191615 -0.02224597 -0.08991794 0.2874183
0.02186572 -0.1197636 0.00269869 57431828 -0.02110007 -0.08956913 0.2871378
0.02421387 -0.118283 0.002651185 57662036 -0.01887968 -0.08858402 0.2868261
0.02488415 -0.1177085 0.002598435 57972324 -0.01805755 -0.08794728 0.2867147
0.02666489 -0.1161918 0.002816647 58192523 -0.0163317 -0.08678519 0.2866481
0.02774731 -0.1154754 0.00278537 58422722 -0.01537392 -0.08638642 0.2864679
0.02968014 -0.1144719 0.002959251 58642929 -0.01367509 -0.08522177 0.286121
0.03067605 -0.1137592 0.003111094 58883138 -0.01267993 -0.08450414 0.2860376
0.03165321 -0.1129046 0.003316432 59113346 -0.01163703 -0.08390839 0.2860765
0.03421769 -0.1111775 0.003966168 59333548 -0.009348571 -0.08294792 0.2860961
0.03521771 -0.1104655 0.004170969 59553755 -0.008273005 -0.08233709 0.2860699
0.03717316 -0.1086243 0.004536763 59763945 -0.006362051 -0.08101745 0.2859879
0.03811106 -0.1078572 0.004734248 59984135 -0.005374819 -0.08038758 0.2859518
0.03907837 -0.107068 0.004836485 60234365 -0.004399091 -0.07982685 0.2858407
0.04089472 -0.1055816 0.004980043 60434542 -0.002483636 -0.07869428 0.2855908
0.04148316 -0.1048907 0.004934818 60674755 -0.001643747 -0.07803042 0.2854939
0.04249109 -0.1041732 0.005214319 60995052 -0.0007348359 -0.07730121 0.285386
0.04417637 -0.1028746 0.005143672 61215242 0.0008239895 -0.07607748 0.2848411
0.04523535 -0.1018118 0.004422516 61465480 0.002159342 -0.07487318 0.2840867
0.04610289 -0.1011573 0.004140586 61665661 0.002919912 -0.07423228 0.2836024
0.04696484 -0.1004244 0.003987879 61885848 0.003556192 -0.07343809 0.2831526
0.04908949 -0.09982684 0.003623351 62116059 0.005573675 -0.07219582 0.2820685
0.04995103 -0.09946427 0.003427699 62486390 0.006791726 -0.0716473 0.2817392
0.05223481 -0.0980213 0.00314334 62816688 0.008831143 -0.07046408 0.2807935
0.05468713 -0.09660631 0.002597138 63116975 0.01096737 -0.06881413 0.2794521
0.05721629 -0.09522126 0.002174109 63457270 0.01315384 -0.06741672 0.2781838
0.05973631 -0.09317775 0.002148807 63807586 0.01520269 -0.0656902 0.277189
0.06245766 -0.09123546 0.002117723 64137888 0.01791179 -0.0638342 0.2761818
0.06521404 -0.0888041 0.001973018 64478195 0.02058126 -0.06170709 0.2750719
0.06779972 -0.08551568 0.00186342 64698390 0.02269465 -0.05914759 0.27398
0.06866828 -0.0841139 0.001681507 65018691 0.02353263 -0.05789962 0.2735347
0.07110766 -0.08112982 0.001428932 65379004 0.0253821 -0.05524604 0.2722448
0.07289989 -0.07874047 0.0005832165 65719327 0.02736238 -0.05273056 0.2709879
0.07624597 -0.07504429 0.0002877116 66029591 0.03025985 -0.04897457 0.2692057
0.077424 -0.0740312 0.000382781 66359889 0.03145076 -0.0479092 0.2687408
0.07962851 -0.07146149 0.0003499538 66600110 0.03367834 -0.04587846 0.2678447
0.08162911 -0.0692368 0.0004676431 66950434 0.0355394 -0.043543 0.2669346
0.08406799 -0.06684567 -3.272295E-05 67270723 0.03775343 -0.0412021 0.2654254
0.08599147 -0.06489398 -0.000418961 67601025 0.0394835 -0.0389806 0.2641625
0.08845618 -0.06237255 -0.0005029887 67951325 0.0415889 -0.03649957 0.2628109
0.09076914 -0.06002349 -0.000417009 68281623 0.04371475 -0.0344221 0.2617077
0.09331034 -0.05774911 -0.0004319847 68621926 0.04604076 -0.03217196 0.2603489
0.09585256 -0.05553756 -0.0002087951 68952229 0.04848784 -0.03008931 0.2591539
0.09868352 -0.05394828 3.500283E-05 69272522 0.0513026 -0.02824608 0.2577346
0.1012817 -0.05265304 0.0001139045 69622830 0.05389319 -0.02653695 0.2562845
0.1041116 -0.05153687 0.0004867762 69983167 0.05661733 -0.02482226 0.2547618
0.1070152 -0.05028177 0.001177847 70273421 0.05945086 -0.02347296 0.2534271
0.1093574 -0.04862283 0.001998752 70623737 0.06195034 -0.02225743 0.2526144
0.1117152 -0.04684893 0.002873063 70954031 0.06446876 -0.02072404 0.2517399
0.114255 -0.04486413 0.00374952 71274320 0.06697276 -0.01909727 0.2506802
0.1169776 -0.04278528 0.004180223 71634653 0.06977716 -0.01710672 0.2492328
0.119907 -0.0406969 0.004656851 71964947 0.07255507 -0.0152133 0.2475876
0.1225121 -0.0377713 0.005296573 72295245 0.0751193 -0.01292272 0.2463084
0.1247827 -0.03437785 0.005844414 72625543 0.07752106 -0.01042552 0.2452742
0.1269171 -0.03100928 0.006190971 72965851 0.07978517 -0.007577753 0.2441414
0.1285133 -0.02715367 0.006207541 73316167 0.08147223 -0.004544378 0.2432563
0.1297573 -0.02286085 0.005907848 73626447 0.08230332 -0.001043024 0.2423194
0.1309235 -0.0184266 0.005286515 73976759 0.08302635 0.002475799 0.2412964
0.1324367 -0.01431753 0.004675716 74307061 0.08392069 0.005598574 0.2399877
0.1336996 -0.01026801 0.003937364 74637363 0.08448011 0.008880313 0.2387318
0.1348915 -0.00658236 0.00332804 75017698 0.08510803 0.01195182 0.2375894
0.1361215 -0.002956623 0.002870455 75297955 0.08588287 0.01504172 0.2365001
0.1373296 0.0003925484 0.002711058 75638266 0.08684495 0.01800064 0.2355842
0.1385609 0.00345276 0.002295122 75978565 0.08768275 0.02033211 0.2345418
0.1399015 0.006320451 0.001894712 76338890 0.08856636 0.02271038 0.233379
0.1408994 0.008667273 0.00162825 76679202 0.08926213 0.02476697 0.2325256
0.1420729 0.01069929 0.001495242 76999495 0.09012824 0.0263651 0.2316166
0.1431755 0.0124162 0.001056731 77319780 0.09072202 0.02801141 0.2305381
0.1440283 0.01352309 0.001142368 77650082 0.09124696 0.02941729 0.2298539
0.1450514 0.01417338 0.001664251 77980376 0.09189916 0.0300013 0.2292507
0.1457912 0.01410247 0.002044663 78320699 0.09251341 0.03030454 0.2287955
0.1464363 0.01391249 0.002266511 78650981 0.09314731 0.03017282 0.2284069
0.1473475 0.01364003 0.002286881 78991288 0.09390647 0.03011156 0.227691
0.147921 0.01356482 0.002307445 79321586 0.09413397 0.03020967 0.2271756
0.1480819 0.01361889 0.002228096 79691920 0.09398638 0.0303826 0.2269375
0.1482229 0.01339121 0.002114177 80032227 0.09385377 0.0303454 0.2267001
0.148233 0.01313138 0.001928657 80382544 0.09371972 0.03047389 0.2265383
0.1481728 0.01315989 0.001597404 80672801 0.0936133 0.03057059 0.2264364
0.1481241 0.01322602 0.001412272 81003104 0.09346062 0.03054613 0.2263869
0.1479479 0.01336742 0.00117287 81343411 0.09299603 0.03093282 0.2263205
0.1477266 0.01372791 0.0008730143 81703736 0.09279937 0.03099923 0.2264086
0.1475289 0.01392451 0.000685513 82004011 0.09242065 0.03117814 0.226436
0.1473531 0.01405053 0.0007293671 82374337 0.0921049 0.03135492 0.2265374
