0.1484182 -0.000632293 0.001159668 0 0.08876094 -0.01603167 0.224974
0.1484235 -0.0004974115 0.001058385 100074 0.08872128 -0.0159461 0.2249176
0.1484371 -0.0005706749 0.001030847 210173 0.08869395 -0.01591051 0.2248994
0.1484371 -0.0005706749 0.001030847 330290 0.08869395 -0.01591051 0.2248994
0.148382 -0.0002766963 0.0009156615 440373 0.08864959 -0.01574534 0.2248875
0.1484025 -0.0002339796 0.0009170622 550472 0.08868809 -0.01576689 0.2248713
0.1484025 -0.0002339796 0.0009170622 670580 0.08868809 -0.01576689 0.2248713
0.1484409 -0.0001672258 0.0008960664 790689 0.08871842 -0.01570603 0.2248341
0.1485354 -0.0002871538 0.0008498579 890783 0.08873352 -0.0156627 0.2247479
0.1485354 -0.0002871538 0.0008498579 1000878 0.08873352 -0.0156627 0.2247479
0.1486364 -0.0004040734 0.0008888543 1110994 0.08878624 -0.01564793 0.224691
0.148731 -0.0005834932 0.000842154 1231090 0.08881471 -0.01571979 0.2246019
0.148731 -0.0005834932 0.000842154 1341190 0.08881471 -0.01571979 0.2246019
0.148761 -0.0004488096 0.0006804913 1451289 0.08884802 -0.01570039 0.2245142
0.1488473 -0.0006059135 0.0006992072 1561388 0.08888309 -0.01582643 0.2244488
0.1488473 -0.0006059135 0.0006992072 1671484 0.08888309 -0.01582643 0.2244488
0.1489247 -0.000611708 0.000698939 1781583 0.08889744 -0.01580791 0.224379
0.1490217 -0.0008086652 0.0007099956 1891686 0.08893009 -0.01588981 0.224309
0.1490217 -0.0008086652 0.0007099956 2031809 0.08893009 -0.01588981 0.224309
0.149009 -0.0009470504 0.0005593896 2121894 0.08890667 -0.01598 0.2242697
0.1491 -0.0007843627 0.0008829981 2232002 0.08901223 -0.01599433 0.2242985
0.1491 -0.0007843627 0.0008829981 2342093 0.08901223 -0.01599433 0.2242985
0.149068 -0.0006690343 0.001081288 2452204 0.0890129 -0.01602019 0.2243808
0.1490002 -0.0005438501 0.001291588 2572297 0.0890233 -0.0160087 0.2245082
0.1490002 -0.0005438501 0.001291588 2682396 0.0890233 -0.0160087 0.2245082
0.1488338 -0.0003321166 0.001497909 2792495 0.08901341 -0.01592073 0.2247254
0.1486998 -0.0001198128 0.001773044 2912604 0.08900426 -0.01579812 0.2249374
0.1486998 -0.0001198128 0.001773044 3012694 0.08900426 -0.01579812 0.2249374
0.1485036 0.000103913 0.001956522 3122797 0.08896936 -0.01570887 0.2251684
0.148296 0.0005062514 0.002309307 3252911 0.08896573 -0.01551792 0.2254674
0.148296 0.0005062514 0.002309307 3353005 0.08896573 -0.01551792 0.2254674
0.1480584 0.0009136661 0.002694875 3463109 0.08889481 -0.01529654 0.2257907
0.147774 0.001202674 0.002953336 3573204 0.08877884 -0.0151015 0.2261169
0.147774 0.001202674 0.002953336 3693312 0.08877884 -0.0151015 0.2261169
0.1475687 0.001396432 0.00327599 3793403 0.0887561 -0.01497806 0.2264157
0.1473623 0.001700535 0.003462419 3913507 0.08872385 -0.01487209 0.2266517
0.1473623 0.001700535 0.003462419 4023614 0.08872385 -0.01487209 0.2266517
0.1471587 0.002353788 0.003797695 4143723 0.08874958 -0.01459058 0.2269293
0.1469426 0.003137295 0.004059672 4253822 0.08874762 -0.01423846 0.2271777
0.1469426 0.003137295 0.004059672 4353916 0.08874762 -0.01423846 0.2271777
0.1467378 0.003807311 0.004184961 4464008 0.08880147 -0.01378004 0.2274134
0.146584 0.004216067 0.004309401 4584112 0.08886379 -0.01343577 0.2276196
0.146584 0.004216067 0.004309401 4694215 0.08886379 -0.01343577 0.2276196
0.1464295 0.004693179 0.004448324 4804319 0.08881192 -0.01307111 0.2277911
0.1460514 0.005518824 0.004158765 4914418 0.08854815 -0.01252104 0.2279583
0.1460514 0.005518824 0.004158765 5034527 0.08854815 -0.01252104 0.2279583
0.145912 0.005882313 0.00444442 5144626 0.08853351 -0.01207342 0.2282018
0.1456805 0.00651705 0.004552066 5254733 0.08847129 -0.01161755 0.2284279
0.1454917 0.007208331 0.004801974 5394844 0.08842067 -0.01113944 0.2286572
0.1454917 0.007208331 0.004801974 5474920 0.08842067 -0.01113944 0.2286572
0.1452926 0.007815913 0.004948467 5595024 0.08831584 -0.01067462 0.2288555
0.1450222 0.00875373 0.005038053 5705128 0.08823308 -0.01010186 0.2290806
0.1450222 0.00875373 0.005038053 5815223 0.08823308 -0.01010186 0.2290806
0.1448945 0.009215258 0.005308524 5925326 0.08822562 -0.009691188 0.2292907
0.1444996 0.009947759 0.004990056 6035426 0.0879757 -0.009206845 0.2294698
0.1444996 0.009947759 0.004990056 6155534 0.0879757 -0.009206845 0.2294698
0.1442557 0.01058932 0.005101159 6265630 0.08782915 -0.008750219 0.2296817
0.143998 0.01147428 0.005184144 6375737 0.08773683 -0.008135697 0.2299001
0.143998 0.01147428 0.005184144 6485836 0.08773683 -0.008135697 0.2299001
0.1438505 0.01189954 0.005189657 6615946 0.08767527 -0.007693358 0.2300337
0.143614 0.01243184 0.005123258 6706027 0.08758016 -0.007316403 0.2301965
0.143614 0.01243184 0.005123258 6826135 0.08758016 -0.007316403 0.2301965
0.1436115 0.01275467 0.00547947 6926250 0.08759946 -0.006974175 0.2303287
0.1434756 0.01379214 0.005705878 7056351 0.08759245 -0.006307698 0.2304807
0.1434756 0.01379214 0.005705878 7156437 0.08759245 -0.006307698 0.2304807
0.1432126 0.01443289 0.005243465 7276550 0.08738193 -0.005715653 0.2305149
0.1429883 0.01538256 0.005256996 7386661 0.08733809 -0.005074851 0.2306811
0.1429883 0.01538256 0.005256996 7496745 0.08733809 -0.005074851 0.2306811
0.142782 0.01614005 0.005195662 7606840 0.08727901 -0.004530403 0.2308136
0.142663 0.01687634 0.005314723 7716951 0.08721919 -0.003866531 0.2309421
0.142663 0.01687634 0.005314723 7827043 0.08721919 -0.003866531 0.2309421
0.1425174 0.01766245 0.00531961 7967189 0.08707393 -0.003091875 0.2310417
0.1422635 0.01901556 0.005323634 8067268 0.08686358 -0.002050916 0.2311799
0.1422635 0.01901556 0.005323634 8167354 0.08686358 -0.002050916 0.2311799
0.1420093 0.02010806 0.005302355 8307488 0.08669606 -0.001193918 0.2313352
0.1417574 0.02122096 0.005226567 8537700 0.08651139 -0.0002758949 0.2314702
0.1414046 0.02274465 0.005057499 8757883 0.08622384 0.0008787326 0.2316118
0.1406257 0.02506208 0.004702643 8988099 0.08571099 0.002748304 0.23203
0.1403903 0.0261176 0.004852399 9178262 0.08557786 0.003541542 0.2322278
0.1400063 0.02744266 0.004826874 9278348 0.08533831 0.004429936 0.2324487
0.1397671 0.02839423 0.004735067 9398457 0.08509316 0.005238955 0.2325526
0.1397671 0.02839423 0.004735067 9508560 0.08509316 0.005238955 0.2325526
0.1394991 0.02924684 0.004312292 9618655 0.08488089 0.005825675 0.2325569
0.1395635 0.02997576 0.004630402 9728759 0.08491212 0.00638136 0.2325781
0.1395635 0.02997576 0.004630402 9838870 0.08491212 0.00638136 0.2325781
0.1394444 0.03121035 0.004725769 9958975 0.08484671 0.007231229 0.2326332
0.1391495 0.03236838 0.004413888 10069078 0.0845643 0.008066587 0.232669
0.1391495 0.03236838 0.004413888 10189174 0.0845643 0.008066587 0.232669
0.1389115 0.03327835 0.003933102 10289269 0.08432662 0.008869354 0.2326431
0.1386407 0.03444416 0.003777936 10439412 0.08416805 0.009620897 0.2327266
0.1382301 0.03611659 0.003684655 10529494 0.08387467 0.01060075 0.2328719
0.1382301 0.03611659 0.003684655 10629568 0.08387467 0.01060075 0.2328719
0.1380139 0.03703734 0.003623605 10769714 0.08345795 0.01143778 0.2329207
0.137725 0.03825562 0.003974929 10999910 0.0832411 0.01246104 0.2332191
0.1371168 0.03971001 0.003464684 11250132 0.08278493 0.01355804 0.2334289
0.1367104 0.04077096 0.003385454 11450308 0.08253164 0.01435982 0.2336689
0.1358567 0.04350268 0.003258348 11660498 0.08195042 0.01646655 0.2341496
0.1355123 0.0444194 0.003041193 11890710 0.08171459 0.01728353 0.2343161
0.1349698 0.04586228 0.002791271 12110904 0.08143051 0.01823712 0.2345646
0.1340382 0.04846616 0.002975255 12341137 0.08095729 0.02022799 0.2352542
0.1335471 0.04940057 0.003074259 12561315 0.08071015 0.02102654 0.23566
0.1330015 0.05046894 0.003296658 12811541 0.08035639 0.02183652 0.2361029
0.1316634 0.05301486 0.003422812 13011721 0.07961426 0.02355308 0.2370272
0.1310275 0.05390521 0.003467888 13271952 0.0791953 0.02430277 0.2374984
0.1296921 0.05656227 0.003008232 13452123 0.07834972 0.02596099 0.2381232
0.1291033 0.05753199 0.002813697 13702341 0.07784003 0.02683873 0.2384413
0.1284949 0.05878772 0.002627373 13912534 0.07739888 0.02768281 0.2387209
0.1278243 0.06009267 0.002578348 14152747 0.07693017 0.02860644 0.2391065
0.126622 0.06237352 0.002297282 14362941 0.07589218 0.03029584 0.2396856
0.1256981 0.06414127 0.00207831 14603158 0.0752915 0.03143479 0.2401367
0.1242307 0.06653661 0.001929298 14803334 0.07424603 0.033115 0.2409623
0.12354 0.06770851 0.002041727 15023537 0.07372311 0.03396815 0.2414105
0.1228953 0.06865842 0.001935616 15253745 0.07334474 0.03469732 0.2418002
0.1218082 0.07096361 0.002288908 15473943 0.07282493 0.03647632 0.2426436
0.1213001 0.07170203 0.002288893 15664123 0.07251061 0.0369927 0.2429608
0.1205146 0.07292416 0.002115548 15794232 0.07203728 0.03771363 0.2433435
0.1198455 0.07423127 0.002260029 15894327 0.07172155 0.0385586 0.2437907
0.1198455 0.07423127 0.002260029 15994413 0.07172155 0.0385586 0.2437907
0.1192448 0.0752105 0.002158508 16114522 0.07129584 0.039276 0.2441047
0.1183973 0.07655143 0.002026528 16234638 0.07069842 0.04009441 0.2445062
0.1183973 0.07655143 0.002026528 16324711 0.07069842 0.04009441 0.2445062
0.1178829 0.07764891 0.002378255 16444820 0.07028681 0.04097002 0.2449233
0.1171059 0.07880614 0.002093643 16554919 0.06970801 0.04175339 0.245245
0.1171059 0.07880614 0.002093643 16665022 0.06970801 0.04175339 0.245245
0.1163623 0.08001661 0.001859456 16775118 0.06912655 0.04257644 0.2455467
0.1156015 0.08175355 0.002382964 16885221 0.06867348 0.04377196 0.2461372
0.1156015 0.08175355 0.002382964 17015334 0.06867348 0.04377196 0.2461372
0.1144186 0.08361872 0.001864135 17235537 0.06782399 0.04483984 0.2465168
0.1138112 0.08485713 0.001844928 17345637 0.06727179 0.04584985 0.2468221
0.1133379 0.08555301 0.001857862 17485759 0.0668361 0.04647991 0.247103
0.1125902 0.08632305 0.00114885 17705970 0.06617713 0.04697396 0.2472228
0.1116713 0.0884052 0.001728863 17946170 0.06565549 0.04834374 0.2478844
0.1104532 0.08993217 0.001675472 18156364 0.06467964 0.04977015 0.2486253
0.1099649 0.09074724 0.00226438 18386572 0.06432335 0.05049065 0.2491455
0.1091761 0.09194543 0.002463609 18636802 0.06390507 0.0511838 0.2496305
0.1076157 0.09337735 0.002704114 18826969 0.06297891 0.05236642 0.2507415
0.1067417 0.0944835 0.002835438 19077195 0.06255031 0.05300064 0.2512735
0.106064 0.09519218 0.002961889 19267367 0.06221074 0.05355299 0.2517608
0.1048036 0.09644953 0.003631517 19517588 0.06148836 0.05470316 0.2528658
0.1041473 0.09724911 0.003967926 19717956 0.06110681 0.05539178 0.2534135
0.103419 0.09781171 0.004228324 19947981 0.06060158 0.05594304 0.2539938
0.1015621 0.09951086 0.004703522 20168192 0.05941607 0.05730089 0.2553136
0.1005492 0.1003462 0.004760608 20398387 0.058789 0.05789821 0.2559384
0.09979121 0.1009681 0.005124509 20618586 0.05824648 0.05853908 0.2565766
0.09773754 0.1030113 0.005237713 20838785 0.05692849 0.05994658 0.2577502
0.09690881 0.1037487 0.005603746 21058984 0.05640762 0.06066653 0.2584348
0.09571125 0.1048508 0.005297467 21279190 0.05551784 0.06128598 0.2588827
0.09392878 0.1064248 0.005429298 21509540 0.05404233 0.06266112 0.2599156
0.09286505 0.1075778 0.005540833 21749611 0.05326975 0.06349834 0.2604941
0.09040109 0.1099931 0.005188197 21959801 0.05135056 0.06495936 0.261446
0.08964667 0.1106814 0.005243063 22200029 0.05058412 0.0656697 0.2618646
0.08829851 0.1119131 0.004990324 22450239 0.04964385 0.06648583 0.262413
0.08595059 0.1139636 0.004910022 22630402 0.04775324 0.06787334 0.2634423
0.08488152 0.1148386 0.005054921 22880627 0.04687242 0.06844103 0.2639686
0.08388656 0.1155615 0.005211964 23070803 0.04600084 0.06905614 0.2645186
0.08284573 0.1161724 0.005171016 23311016 0.04521312 0.06947143 0.2650086
0.08049182 0.1181913 0.005435526 23521210 0.0436945 0.07049438 0.2660871
0.07956716 0.1189423 0.005430341 23751413 0.04290673 0.07095353 0.2664424
0.07855862 0.1199404 0.005221009 23961607 0.04199477 0.07166305 0.2667342
0.07629615 0.1220014 0.004733652 24191811 0.04029792 0.07301985 0.2674342
0.07506329 0.1231931 0.004713818 24422031 0.03941444 0.07372528 0.2678728
0.07257195 0.1251552 0.004424185 24642217 0.03741617 0.07483902 0.268627
0.0714046 0.1259676 0.004082084 24892443 0.03647257 0.0754338 0.2689539
0.07021425 0.1268704 0.004047319 25082619 0.03543202 0.07608315 0.2693779
0.06885047 0.1280384 0.003897145 25322827 0.03431544 0.07666279 0.269697
0.0664468 0.1299696 0.003346816 25533021 0.03247712 0.07779074 0.2702416
0.06554437 0.1306292 0.003133848 25773238 0.03160631 0.07829576 0.2704501
0.06259789 0.1331315 0.002794698 25983428 0.02942684 0.07961708 0.2711254
0.06160389 0.1337682 0.002632409 26213635 0.0284441 0.08010796 0.2713683
0.06038511 0.1346058 0.002333328 26433838 0.02749236 0.0806371 0.2716208
0.05769644 0.1366281 0.001936555 26654175 0.02514319 0.08197753 0.2721945
0.05615615 0.1378112 0.001946196 26904258 0.02401408 0.08269005 0.2726265
0.05482878 0.1389173 0.001939729 27104443 0.02295329 0.08336599 0.2729462
0.05216753 0.1408553 0.001457244 27344656 0.02066844 0.08464805 0.2733999
0.05014109 0.1423088 0.001192287 27544845 0.01938542 0.08545951 0.2738058
0.04903423 0.1430216 0.001261875 27785232 0.01821633 0.08602107 0.2740913
0.04575456 0.1448572 0.00142698 28005264 0.01589009 0.08717091 0.2750374
0.04450542 0.1454477 0.001293361 28215450 0.01468599 0.08780695 0.2753603
0.04253816 0.1463367 0.001201317 28445649 0.01340074 0.08839642 0.2758712
0.04030854 0.147438 0.001568496 28665844 0.01121114 0.08937771 0.27657
0.038517 0.1482528 0.001361772 28906065 0.01010979 0.08970869 0.276848
0.03731319 0.1488439 0.001140237 29126260 0.009186274 0.09009288 0.2769983
0.03492044 0.1500422 0.001058534 29366497 0.007149479 0.0908751 0.277386
0.03381519 0.1505753 0.0008085072 29566677 0.006183617 0.09123858 0.2774599
0.03234061 0.151417 0.0005372316 29816887 0.005148559 0.09164815 0.2775307
0.0296423 0.1529304 7.092953E-06 30007059 0.002973093 0.09239493 0.2775562
0.02810446 0.1536367 -0.0003815591 30237266 0.001751055 0.09265119 0.2775052
0.026325 0.1544357 -0.0009010732 30457465 0.0004276975 0.09293126 0.2774117
0.02304225 0.1557519 -0.001483664 30687669 -0.002232922 0.0935491 0.2774366
0.02139888 0.1565836 -0.001735017 30907867 -0.003539008 0.093868 0.277368
0.01973889 0.1573452 -0.002194792 31128078 -0.004894509 0.09415735 0.2771969
0.01638443 0.1587173 -0.00296323 31348277 -0.007457925 0.09460096 0.2769142
0.01475666 0.1593878 -0.003491461 31578473 -0.008849231 0.09487794 0.2766747
0.01290568 0.1600691 -0.003910631 31818693 -0.01029184 0.09510677 0.27649
0.009903882 0.1611083 -0.004561037 32018870 -0.01272391 0.09553239 0.2761956
0.008071802 0.1616313 -0.004830688 32249082 -0.01406428 0.09562302 0.2760436
0.006896236 0.1619815 -0.005100012 32469281 -0.01512962 0.09573393 0.2758706
0.003438316 0.1628405 -0.005783603 32709493 -0.01758405 0.09596661 0.2755103
0.001904466 0.1631519 -0.00600329 32919683 -0.01878902 0.09602226 0.2753553
-0.001529031 0.1636301 -0.006286323 33139882 -0.02143289 0.09623858 0.2752078
-0.003180614 0.1637672 -0.006411999 33370093 -0.02275899 0.09636795 0.2751602
-0.004415331 0.1640192 -0.00644283 33590292 -0.02388362 0.09651878 0.2750815
-0.007590539 0.1638016 -0.006716043 33830509 -0.0263651 0.09609117 0.2748069
-0.009047471 0.1635884 -0.006788462 34040699 -0.02741534 0.09581573 0.274712
-0.01068965 0.1634852 -0.0068122 34270914 -0.02851403 0.09553253 0.2745799
-0.01365317 0.1630391 -0.00676614 34481096 -0.03098677 0.09518991 0.2744695
-0.01508545 0.1627971 -0.006671682 34721317 -0.03223325 0.09507147 0.2744599
-0.01662963 0.1623268 -0.006729215 34931503 -0.03357508 0.09477472 0.2743692
-0.0200519 0.1613335 -0.006221548 35161714 -0.03620251 0.09419171 0.2744997
-0.02115792 0.1606789 -0.005913526 35381909 -0.03752486 0.09397784 0.2746769
-0.02270429 0.1598787 -0.005643785 35602108 -0.03881051 0.09363276 0.2748316
-0.02538213 0.1581794 -0.004786566 35842329 -0.04096361 0.09263077 0.2752308
-0.02648491 0.157228 -0.00434202 36042505 -0.0421066 0.09203122 0.2754259
-0.02768597 0.1565336 -0.003836825 36312753 -0.04314867 0.09171333 0.27567
-0.02970327 0.1547314 -0.003119737 36492924 -0.04518391 0.09083626 0.2760906
-0.03082974 0.1538897 -0.002585068 36733128 -0.04626675 0.09029941 0.2762955
-0.03192601 0.1530405 -0.002212077 36943314 -0.0473829 0.08984603 0.2764499
-0.03459745 0.1510943 -0.001515597 37163521 -0.04957978 0.08897291 0.2768033
-0.03577448 0.1501237 -0.001198068 37393729 -0.05072167 0.0884541 0.2769196
-0.0370096 0.1490396 -0.0008905381 37613923 -0.05185221 0.08783799 0.2770244
-0.03937847 0.1465236 -0.0004743636 37854140 -0.05411101 0.08632442 0.277142
-0.04021144 0.1454792 -0.0004983991 38064334 -0.05506565 0.08551762 0.2770073
-0.04151799 0.1442729 -0.0002939701 38304546 -0.05612867 0.08445046 0.2768666
-0.04385444 0.141958 -0.0005207211 38504727 -0.05811286 0.08254912 0.2763187
-0.04526744 0.1408156 -0.0007594377 38754957 -0.0590357 0.08154684 0.2758912
-0.04676928 0.1398846 -0.0008338094 38955146 -0.05995675 0.08059679 0.2754547
-0.04926489 0.1380489 -0.001738727 39185345 -0.06183667 0.07915591 0.2743914
-0.05057866 0.137205 -0.002008528 39405544 -0.06281009 0.07846359 0.2739092
-0.05181426 0.13632 -0.002102554 39655766 -0.0637536 0.07766182 0.2735093
-0.05391342 0.1345762 -0.002251402 39845937 -0.06540967 0.07638718 0.2729482
-0.0550243 0.1336595 -0.00204666 40096159 -0.06631551 0.07573166 0.2728112
-0.05744753 0.1314774 -0.001314059 40306353 -0.06811062 0.07444044 0.2728116
-0.05793129 0.1306434 -0.00117892 40526548 -0.06878531 0.07392685 0.2728298
-0.058832 0.1296469 -0.0009376407 40746750 -0.06967827 0.07331726 0.272801
-0.06060376 0.1276651 -0.0003098398 40966949 -0.07131653 0.07217886 0.2728697
-0.06149589 0.1266326 8.931756E-05 41197177 -0.07226941 0.07150903 0.27291
-0.06241925 0.1256172 0.0004397333 41437370 -0.07304166 0.070894 0.2729396
-0.06448185 0.1234467 0.001068622 41637554 -0.07486296 0.06940997 0.2727961
-0.06529099 0.1223866 0.001128584 41867766 -0.07564232 0.06873499 0.2726609
-0.0659843 0.1214871 0.001391128 42077960 -0.07641705 0.06796681 0.2725798
-0.06817266 0.119137 0.002110034 42308159 -0.07804923 0.06640589 0.272464
-0.06887809 0.1182243 0.002445549 42528370 -0.07885867 0.06564082 0.2724171
-0.06978378 0.1169354 0.00253047 42758570 -0.07968675 0.06481108 0.2722682
-0.07166497 0.1146455 0.003130108 42998787 -0.08118258 0.06327412 0.272139
-0.07249884 0.113575 0.003417522 43198963 -0.08197208 0.06242504 0.2720326
-0.07358525 0.1121474 0.003423348 43449185 -0.08283345 0.0615337 0.2717698
-0.07526184 0.1099625 0.003768742 43659379 -0.08435987 0.0598513 0.2714135
-0.07623838 0.1086874 0.00379768 43899596 -0.08488353 0.05883835 0.2711042
-0.07710169 0.1077376 0.003891006 44109781 -0.08545817 0.05782135 0.270739
-0.07879268 0.1056617 0.003684297 44350002 -0.08689313 0.0563678 0.27004
-0.07980492 0.1044512 0.003606468 44660282 -0.08746435 0.05554274 0.2696652
-0.08194248 0.1020917 0.003650397 44880481 -0.08864056 0.05379836 0.268904
-0.08286276 0.1011707 0.003754184 45100679 -0.08934467 0.05313649 0.2686045
-0.08467274 0.09900974 0.00348562 45330883 -0.090832 0.05188886 0.2678409
-0.08550724 0.09809997 0.003565505 45581113 -0.09146792 0.05121242 0.2675447
-0.08657266 0.0969732 0.003903255 45781294 -0.09213074 0.05057287 0.2673906
-0.08815242 0.09514255 0.004229382 46021506 -0.09359118 0.04951658 0.2670249
-0.08874011 0.09437992 0.004323289 46221695 -0.09414699 0.04901054 0.2668551
-0.08937481 0.09354356 0.004544988 46471917 -0.09462175 0.04841344 0.2667414
-0.0904882 0.09170215 0.004687682 46662084 -0.09556364 0.04711087 0.2664146
-0.09101668 0.09089665 0.004758328 46912314 -0.09590092 0.0464917 0.2662391
-0.09181061 0.08999614 0.004971609 47122508 -0.09634117 0.04586241 0.2660389
-0.09262303 0.08854624 0.004636794 47352716 -0.09709743 0.04464508 0.265441
-0.09333614 0.08750995 0.004384011 47562897 -0.0974844 0.04397456 0.2650064
-0.09412861 0.08667953 0.004271522 47793109 -0.09794457 0.04339869 0.2645726
-0.09581772 0.0850355 0.003705174 48013312 -0.09878174 0.04213142 0.2633687
-0.09683391 0.08395945 0.003584579 48243524 -0.09924991 0.04149667 0.2628536
-0.09751972 0.08330605 0.003198639 48483736 -0.0997076 0.04082889 0.2621914
-0.0997817 0.08067166 0.002829805 48683909 -0.1009303 0.0390886 0.2609054
-0.1005313 0.07935385 0.002296418 48934143 -0.1013343 0.03818606 0.2602387
-0.1023379 0.07696792 0.001544371 49154338 -0.1020499 0.03623444 0.2587981
-0.1036155 0.07549774 0.001358807 49384541 -0.1025688 0.03517929 0.2580275
-0.1045375 0.07419246 0.0008438975 49684820 -0.1029123 0.0341619 0.257211
-0.1068228 0.07154461 0.000235796 49915024 -0.1035942 0.03223927 0.2556144
-0.1085342 0.06931973 -0.0005646646 50155237 -0.1044504 0.03060974 0.2541723
-0.1096044 0.06786468 -0.0007071793 50355421 -0.1049769 0.02957803 0.2535119
-0.110588 0.06655995 -0.0007996112 50695729 -0.1055623 0.02859603 0.2529024
-0.1125904 0.064168 -0.00102298 50915927 -0.1064864 0.02701993 0.2516727
-0.1146606 0.0617773 -0.001068711 51146143 -0.1075262 0.02526877 0.25044
-0.1157585 0.06052021 -0.001148179 51396361 -0.1080436 0.02439289 0.249752
-0.117011 0.05880525 -0.001018241 51596542 -0.1086263 0.02349028 0.2491964
-0.1190064 0.05658047 -0.00108625 51846763 -0.1098463 0.02189047 0.2479369
-0.1200169 0.0556456 -0.0007814318 52036947 -0.1105448 0.02127918 0.2475076
-0.1209966 0.05454552 -0.0005635172 52277156 -0.1112341 0.02056704 0.2470531
-0.1232013 0.05225791 4.1008E-05 52487358 -0.1124952 0.01920397 0.2460944
-0.1242611 0.05103659 0.0003287792 52727558 -0.1133674 0.01858411 0.2456521
-0.125067 0.05018003 0.0006125569 53037842 -0.1139995 0.01810878 0.2453329
-0.1271955 0.04785389 0.001708552 53298085 -0.1154072 0.01645587 0.2446039
-0.1288029 0.04588319 0.002043352 53488249 -0.116595 0.01527132 0.2437906
-0.1294327 0.0450628 0.002138034 53718456 -0.1171388 0.01477531 0.243448
-0.1304554 0.04396687 0.002701283 53958677 -0.1178696 0.01403665 0.2430957
-0.1321082 0.04219668 0.00365144 54168867 -0.1191044 0.01295894 0.2425543
-0.133009 0.04123225 0.004098892 54379061 -0.1198601 0.01245006 0.2422234
-0.1335058 0.04069701 0.004141018 54609264 -0.1203722 0.01207242 0.2418974
-0.135321 0.03879634 0.005013183 54849477 -0.1215481 0.01095519 0.2411543
-0.1360323 0.03789215 0.005234793 55059663 -0.1220204 0.01037038 0.2407889
-0.1367285 0.03711056 0.005300954 55309889 -0.1225728 0.009915804 0.2403432
-0.1383526 0.03535585 0.005850226 55520082 -0.1235057 0.008822137 0.2394929
-0.1391063 0.03427259 0.005914852 55760299 -0.1239934 0.008142357 0.2390046
-0.1404033 0.03256116 0.005971834 56080588 -0.1247806 0.006993408 0.2380976
-0.1411609 0.03137773 0.006021559 56400885 -0.1251438 0.006147399 0.2375739
-0.1424144 0.02881163 0.005926847 56621076 -0.1258216 0.004431132 0.2366597
-0.1435262 0.02648227 0.005570665 56841275 -0.1261065 0.002738537 0.2356625
-0.144171 0.02501891 0.005457357 57081491 -0.1262914 0.001680568 0.2351396
-0.1447672 0.02342979 0.005186111 57301690 -0.1264921 0.0005786153 0.2345824
-0.1458894 0.02001581 0.004743323 57511892 -0.1266573 -0.001763282 0.2335861
-0.1461463 0.01857898 0.00421685 57742091 -0.1265927 -0.002884439 0.233134
-0.1464689 0.01685506 0.003706023 57982304 -0.1265132 -0.004110657 0.232662
-0.1472108 0.01349154 0.0030635 58192498 -0.1265452 -0.006568205 0.2318275
-0.1476401 0.01180035 0.002732813 58432711 -0.1264672 -0.007769352 0.2313568
-0.1485637 0.008089939 0.002082184 58662914 -0.1265764 -0.01030803 0.230389
-0.1488575 0.006713627 0.001812831 58973198 -0.1265748 -0.01129575 0.2300459
-0.1494469 0.003307221 0.001188442 59193397 -0.1265916 -0.01369959 0.2293348
-0.1495699 0.001898913 0.0007783026 59423605 -0.1265287 -0.01478119 0.2290438
-0.1499184 -0.0006592885 0.0001710206 59653813 -0.1263064 -0.01667264 0.2284916
-0.1501886 -0.001912785 -4.412234E-05 59864010 -0.1263299 -0.01740229 0.2282055
-0.1502699 -0.002851689 -0.0003932863 60094210 -0.1261836 -0.01797331 0.2279821
-0.1505207 -0.004122348 -0.0005571395 60314413 -0.1261781 -0.01888957 0.2277198
-0.1505553 -0.004486341 -0.0006023496 60534603 -0.1261563 -0.0192095 0.2276701
-0.150671 -0.005005792 -0.0006090105 60794859 -0.1261919 -0.01946436 0.2275977
-0.150622 -0.006076479 -0.0009270608 60975009 -0.1262038 -0.019993 0.2275151
-0.1506238 -0.006587418 -0.00102146 61325317 -0.1261402 -0.02035278 0.2274749
-0.1506742 -0.007421207 -0.001199186 61545520 -0.1260059 -0.02101944 0.2273487
-0.1506731 -0.007826374 -0.001299083 61765718 -0.1259853 -0.02126264 0.2273088
-0.150682 -0.008722654 -0.001604378 61985921 -0.1259612 -0.02186456 0.2271572
-0.1506871 -0.009427216 -0.001715273 62216129 -0.1259269 -0.02228858 0.2271158
-0.1506919 -0.009835488 -0.001623154 62456338 -0.1259383 -0.02263043 0.2271693
-0.1503941 -0.0107506 -0.001890674 62676540 -0.1257839 -0.02314693 0.2272974
-0.1501502 -0.01102481 -0.001974732 62926762 -0.125662 -0.02334229 0.2274558
-0.1498458 -0.01138637 -0.002140805 63217028 -0.1255213 -0.02370105 0.2276095
-0.149577 -0.01252182 -0.001936719 63447236 -0.1255253 -0.02437209 0.2279838
-0.1490387 -0.01404004 -0.002208203 63697462 -0.1253936 -0.02516081 0.2283236
-0.1487451 -0.01454569 -0.002059415 63997733 -0.1253078 -0.02549067 0.2286609
-0.1479695 -0.01626957 -0.002077237 64267977 -0.1251182 -0.02675648 0.2293112
-0.1469506 -0.01836328 -0.002376378 64598271 -0.1247647 -0.02807217 0.2300089
-0.1460863 -0.02086541 -0.002508014 64918564 -0.1244201 -0.029874 0.2306663
-0.1452468 -0.02372856 -0.00284867 65118748 -0.124036 -0.0318661 0.2311801
-0.1449384 -0.02500354 -0.002756581 65358965 -0.1240304 -0.03268631 0.2315041
-0.1446713 -0.02695916 -0.0028366 65679254 -0.1239374 -0.03393824 0.2317028
-0.1440982 -0.02992408 -0.002435669 66009552 -0.1239898 -0.03610302 0.2324343
-0.1433552 -0.03265532 -0.002243713 66369877 -0.1240473 -0.0382104 0.2331589
-0.1423884 -0.03593041 -0.002214864 66710181 -0.1239448 -0.04063249 0.2339624
-0.1420669 -0.03896725 -0.001729369 67050492 -0.1237809 -0.04278544 0.234547
-0.1409815 -0.04097038 -0.001979858 67360772 -0.1235542 -0.04435539 0.235245
-0.1404404 -0.04263273 -0.001884252 67691074 -0.1233848 -0.04550175 0.2357379
-0.1399899 -0.04416652 -0.002130523 68031377 -0.1232373 -0.04626601 0.2359449
-0.1394878 -0.04584492 -0.002484143 68371684 -0.1228943 -0.04734861 0.2361185
-0.1388095 -0.04765791 -0.003058776 68711987 -0.1224493 -0.04839497 0.2362818
-0.1378206 -0.05028874 -0.003753275 69052294 -0.1217848 -0.04988346 0.2365977
-0.1365783 -0.05306825 -0.00428158 69262488 -0.12116 -0.05161288 0.2371894
-0.135154 -0.0552287 -0.004679739 69492700 -0.1204785 -0.05314387 0.2379838
-0.1342113 -0.05684572 -0.004922375 69812981 -0.1201372 -0.05410638 0.2385083
-0.1321726 -0.05955362 -0.005509779 70163305 -0.1193233 -0.05596654 0.2395789
-0.130379 -0.06204824 -0.005808145 70483598 -0.1185238 -0.05760307 0.2406457
-0.1287972 -0.06468238 -0.005824164 70703963 -0.117954 -0.05925328 0.2417286
-0.1277262 -0.06611026 -0.00623928 70933988 -0.117509 -0.06016947 0.2421717
-0.1266107 -0.06761338 -0.006798208 71294467 -0.1168555 -0.06099733 0.2425387
-0.1241894 -0.07188376 -0.008081093 71614610 -0.1150935 -0.06333041 0.2432484
-0.122682 -0.0752904 -0.009192675 71954914 -0.1138201 -0.06512251 0.243427
-0.1206825 -0.07761832 -0.01050787 72275207 -0.1121331 -0.06648908 0.2437811
-0.1186379 -0.08037962 -0.01147865 72625523 -0.1107804 -0.06772149 0.2443285
-0.1159963 -0.08314282 -0.01245897 72945808 -0.1090854 -0.06934605 0.2452172
-0.1128622 -0.08570188 -0.01351903 73306133 -0.1073186 -0.07060279 0.2462541
-0.1092165 -0.08833214 -0.0144663 73626422 -0.1055732 -0.07193413 0.2475642
-0.106061 -0.09136757 -0.01478443 73956744 -0.1039311 -0.07376485 0.2490332
-0.1026663 -0.0941081 -0.01539521 74307036 -0.1022618 -0.07517682 0.2503063
-0.09965392 -0.0967762 -0.01566085 74637330 -0.1006883 -0.07671487 0.251612
-0.09633013 -0.09940082 -0.01613303 74997663 -0.09910921 -0.07816019 0.2528177
-0.0935065 -0.1013468 -0.01601979 75287921 -0.09806428 -0.07923936 0.2541845
-0.09054167 -0.103032 -0.01602073 75668265 -0.09680415 -0.08036864 0.2555135
-0.08785116 -0.1042476 -0.0155317 75978549 -0.09582143 -0.08127223 0.2570854
-0.08512761 -0.1052582 -0.01495616 76308839 -0.09471071 -0.08218253 0.2587426
-0.08262878 -0.1062516 -0.01432855 76669184 -0.0938014 -0.08306678 0.2602986
-0.08009489 -0.1069809 -0.01342194 76999462 -0.09285538 -0.0838655 0.2621002
-0.07737991 -0.1081851 -0.01271597 77299737 -0.0919201 -0.08486423 0.263722
-0.07553931 -0.1089319 -0.01181479 77680076 -0.09103354 -0.08581623 0.2652523
-0.0731943 -0.1104583 -0.0112554 77980347 -0.09018291 -0.08708182 0.2665536
-0.07110853 -0.1120517 -0.01080243 78340672 -0.0893501 -0.08820894 0.2676302
-0.0691925 -0.1137044 -0.01044489 78660969 -0.08826518 -0.08946511 0.2686054
-0.06759553 -0.114713 -0.009994805 79001276 -0.08777723 -0.09049578 0.2694972
-0.06672318 -0.1156213 -0.009010017 79351605 -0.08723245 -0.0915211 0.2707079
-0.06460285 -0.116856 -0.008592546 79661893 -0.08648413 -0.09265794 0.2716974
-0.06242706 -0.1181808 -0.008091524 80032219 -0.0856237 -0.09365384 0.2727331
-0.06108387 -0.1191586 -0.007327929 80322465 -0.08500433 -0.09483504 0.2738365
-0.05918245 -0.1204376 -0.006631047 80672777 -0.08417664 -0.095994 0.2749673
-0.05749618 -0.121408 -0.006015927 80993070 -0.08344516 -0.09708083 0.2759755
-0.05523929 -0.1224955 -0.005315214 81343398 -0.08235578 -0.09815278 0.2771818
-0.05346737 -0.1241032 -0.004817694 81703881 -0.0815261 -0.09947476 0.2780127
-0.05126125 -0.1249687 -0.004369676 81993977 -0.08046296 -0.1004784 0.2789356
-0.05011404 -0.1260054 -0.003833532 82334280 -0.0798307 -0.1014729 0.2796761
-0.04775387 -0.1267246 -0.003468916 82674583 -0.07873084 -0.1022009 0.280469
-0.04649757 -0.1272117 -0.002904609 83014894 -0.07801923 -0.1027874 0.2812506
-0.04403897 -0.1280443 -0.002480522 83375220 -0.07679873 -0.1036153 0.2820624
-0.04189248 -0.1291044 -0.002207816 83715527 -0.07551508 -0.1044728 0.2826679
-0.0395541 -0.1300474 -0.00188604 84005789 -0.07418101 -0.1053598 0.2833194
-0.03762455 -0.131234 -0.001583263 84346092 -0.07279754 -0.1064341 0.283922
-0.03540598 -0.1325714 -0.00129208 84696412 -0.07149764 -0.1074337 0.2844149
-0.03347534 -0.1333198 -0.001089677 85026714 -0.07021135 -0.1080568 0.2848378
-0.03170544 -0.1340969 -0.0009795874 85407061 -0.06900629 -0.1087789 0.2851522
-0.02967243 -0.1353488 -0.000793919 85697323 -0.067779 -0.1093771 0.2853827
-0.0278637 -0.1360839 -0.00048621 86027808 -0.06665537 -0.110106 0.2857983
-0.02621266 -0.1369787 -0.0001934171 86357927 -0.0654477 -0.1109165 0.2862029
-0.02458051 -0.1381584 2.251565E-05 86738250 -0.06427763 -0.1116126 0.2864326
-0.02271715 -0.1387843 0.0002125055 87268733 -0.0630533 -0.1121986 0.2866871
-0.0196988 -0.140128 0.0002849251 87599035 -0.06062594 -0.113011 0.2868831
-0.01726416 -0.1406365 0.0005343556 87959352 -0.05917781 -0.113389 0.2870553
-0.01549367 -0.141419 0.000646621 88259627 -0.0577405 -0.1139821 0.2871933
-0.01453674 -0.1417932 0.0007033199 88619957 -0.05705061 -0.1141881 0.2872132
-0.01130677 -0.1421476 0.0008418262 88960260 -0.05459589 -0.1144379 0.2873254
-0.009396128 -0.1425249 0.000937596 89290558 -0.05310742 -0.114587 0.2873427
-0.006883719 -0.142137 0.001292735 89630861 -0.05151622 -0.1144083 0.2875
-0.00462666 -0.1418042 0.001610965 89951154 -0.04972696 -0.114258 0.2877182
-0.001663513 -0.140775 0.002172858 90271443 -0.04773144 -0.1138089 0.2880157
0.0008923516 -0.1400568 0.002774298 90611750 -0.04580215 -0.1136246 0.2883883
0.003704763 -0.1390688 0.003423944 90982084 -0.04376046 -0.1133969 0.288737
0.005982622 -0.1384929 0.003845736 91322391 -0.04177115 -0.1130504 0.2889263
0.008600819 -0.1377479 0.004442707 91622662 -0.03985388 -0.1128123 0.2890999
0.01074342 -0.1370213 0.004953206 91952960 -0.03798979 -0.1124995 0.2893277
0.0131037 -0.1365912 0.005309939 92283258 -0.03607479 -0.1124269 0.2893014
0.01476372 -0.1370793 0.005542293 92623561 -0.03437845 -0.1125557 0.2892336
0.01648629 -0.1368521 0.005522892 93023931 -0.0327783 -0.1124119 0.2889922
0.01789979 -0.1368761 0.005408078 93334207 -0.03124876 -0.1121972 0.2887177
0.02054134 -0.1367229 0.006040692 93664525 -0.02949547 -0.1122963 0.2885319
0.02144902 -0.1359464 0.005598873 94014821 -0.0283101 -0.1114619 0.2881705
0.02318283 -0.1357309 0.005644783 94335110 -0.02688182 -0.1110478 0.2877651
0.02481706 -0.1350886 0.005488724 94665412 -0.02531503 -0.1102793 0.287324
0.02695226 -0.1341981 0.005361825 94965687 -0.02356062 -0.1095666 0.2867432
0.0289946 -0.1336273 0.005141407 95305986 -0.02169415 -0.1087973 0.2860803
0.03005516 -0.133109 0.004130527 95656298 -0.02041704 -0.1077825 0.2851252
0.03187818 -0.1326557 0.003275186 96006618 -0.01868362 -0.1068789 0.2840099
0.03328698 -0.1328273 0.002187908 96306889 -0.01721104 -0.1059689 0.2827302
0.03516053 -0.13216 0.001561999 96667211 -0.01564127 -0.1049737 0.2816946
0.03728897 -0.131559 0.001436085 97007522 -0.01389857 -0.1040799 0.2809074
0.0384201 -0.1306409 0.000940755 97337828 -0.01272587 -0.1029264 0.280266
0.04066786 -0.1291175 0.001451746 97648096 -0.01091273 -0.102072 0.28004
0.04252913 -0.1283173 0.001543567 97988407 -0.009154088 -0.1013595 0.2796009
0.04481637 -0.1273177 0.001957595 98318705 -0.007058824 -0.1007327 0.2792645
0.04693723 -0.1266688 0.002191246 98679030 -0.005224602 -0.1002075 0.2787286
0.04951973 -0.1255904 0.002355263 99009332 -0.002889584 -0.09942445 0.2780323
0.05119647 -0.1250973 0.001711234 99319673 -0.001187001 -0.09857424 0.2770354
0.05338488 -0.1253128 0.001497686 99689946 0.000944184 -0.09805345 0.2760222
0.05572009 -0.1239037 0.001494512 100030250 0.002960139 -0.09707376 0.2752211
0.05743136 -0.1231824 0.001108348 100360552 0.004525312 -0.0962019 0.2743143
0.05919242 -0.1226137 0.001096755 100700859 0.006270927 -0.09550507 0.2736645
0.06102194 -0.1214788 0.001158878 101001126 0.007847975 -0.09467906 0.2730184
0.06302756 -0.1205351 0.001402274 101331428 0.009683274 -0.094066 0.2724333
0.06406399 -0.1196667 0.0005708337 101711767 0.01094731 -0.09299797 0.2716051
0.06621865 -0.1187263 0.0006472766 102042069 0.01298275 -0.09235268 0.2708497
0.06859191 -0.1170111 0.0009414107 102382372 0.01507373 -0.09131324 0.2701229
0.07093947 -0.1155026 0.0009893328 102682639 0.01720626 -0.09030258 0.2692226
0.07311612 -0.1145184 0.0008203089 103022958 0.01942495 -0.08931574 0.2682455
0.07529289 -0.112428 0.0008915961 103633501 0.02136582 -0.08789753 0.267406
0.07873184 -0.1093252 0.001093581 104003831 0.02473384 -0.08559347 0.2661448
0.08057282 -0.1075188 0.001032457 104334138 0.0263002 -0.08435247 0.2652848
0.08230153 -0.1057932 0.001079917 104804562 0.02803213 -0.08298538 0.2645893
0.08493555 -0.1033452 0.0009209514 105134856 0.0305472 -0.08126469 0.2633613
0.08671643 -0.101843 0.0006342828 105505186 0.0321684 -0.07971603 0.2622956
0.08864772 -0.09925266 0.0007276237 105845505 0.03392129 -0.07783611 0.2614672
0.09027814 -0.09676244 0.0006500185 106155785 0.03526614 -0.07599554 0.2606273
0.09224047 -0.0941753 0.001001731 106526116 0.03705189 -0.07413206 0.2598825
0.09442191 -0.09134153 0.001284704 106846409 0.03904168 -0.07230821 0.2590047
0.09632105 -0.08881858 0.001441285 107176695 0.04092373 -0.07026424 0.2581697
0.09863992 -0.08586285 0.002198517 107547029 0.04329733 -0.06857697 0.2575318
0.1009473 -0.08333338 0.002606124 107897361 0.04540027 -0.0667064 0.2565047
0.1031568 -0.08110502 0.002689049 108267687 0.04770892 -0.06490275 0.2554275
0.1066586 -0.07726125 0.003518924 108728099 0.05103338 -0.06240946 0.2539637
0.1090223 -0.07473217 0.004160792 109128456 0.05328738 -0.06074288 0.2529649
0.1121756 -0.0711102 0.00429374 109468763 0.05626112 -0.05777951 0.2511824
0.1139019 -0.06850021 0.004554749 109979236 0.05788908 -0.0558519 0.2503092
0.1167199 -0.06546555 0.004286662 110299525 0.06038179 -0.05321366 0.2484069
0.1187622 -0.06416411 0.004021138 110679856 0.06200226 -0.05172393 0.2468649
0.1205723 -0.06274731 0.003288329 111190329 0.06353113 -0.05032993 0.245339
0.1232461 -0.06076139 0.003056526 111560663 0.0655799 -0.04838593 0.243358
0.1250108 -0.05925315 0.002485573 111900962 0.06692813 -0.0469488 0.2418796
0.126663 -0.05727163 0.001777276 112401422 0.06810477 -0.04498461 0.240393
0.1289209 -0.05438162 0.0005917996 112741721 0.06968755 -0.04250835 0.2383073
0.1306015 -0.05268474 -0.0001866817 113102046 0.07075618 -0.04078077 0.2367312
0.1327835 -0.0495363 -0.001816496 113472376 0.07186008 -0.03789999 0.2343905
0.1343559 -0.04708981 -0.002444625 114022877 0.07271274 -0.03589112 0.2329553
0.1363997 -0.04366512 -0.004145652 114353179 0.07372031 -0.03265701 0.230705
0.1380497 -0.04160418 -0.004808232 114683473 0.07462059 -0.03093322 0.2292019
0.1397492 -0.03974902 -0.005198494 115003770 0.07579264 -0.02904654 0.2278116
0.1413918 -0.03733589 -0.00563328 115354082 0.07689382 -0.02732707 0.2264837
0.1432376 -0.03481762 -0.005974635 115704390 0.07813352 -0.02540357 0.2250283
0.1454091 -0.03305573 -0.005364865 116204842 0.07954311 -0.02381114 0.2236075
0.1477928 -0.02889412 -0.006666347 116575188 0.08095555 -0.0208592 0.2213956
0.1492513 -0.02634159 -0.006594688 116945514 0.08191402 -0.01888059 0.2203419
0.1515998 -0.0221956 -0.005283907 117275812 0.08369495 -0.01628722 0.2190896
0.1528508 -0.01937746 -0.00427483 117636146 0.0849746 -0.01440983 0.2185906
0.1543354 -0.01704208 -0.003131792 118116579 0.08645388 -0.01292136 0.2179355
0.1565488 -0.01365818 -0.001485661 118446869 0.08893897 -0.01088868 0.2169744
0.1582273 -0.01159729 -0.0007009059 118837221 0.09042512 -0.009532294 0.2159579
0.159719 -0.009849619 -0.0006891489 119197543 0.09201099 -0.008064697 0.2149342
0.1608746 -0.007738433 -0.0007016957 119667983 0.09312655 -0.006638019 0.2141008
0.1625036 -0.005453338 0.001489952 120018295 0.09468091 -0.004842234 0.2134402
0.1628952 -0.00276508 0.001542479 120358590 0.09506597 -0.003944282 0.2131616
0.1634592 -0.0002855947 0.002477303 120708911 0.09592105 -0.003008116 0.2130281
0.1639508 0.001909101 0.00289619 121049226 0.09689347 -0.001619462 0.2128837
0.1641355 0.004060928 0.001663059 121569695 0.09707443 -0.0004506048 0.2124321
0.1644991 0.006614792 0.002110571 121930012 0.09795149 0.001592296 0.2123943
0.1649099 0.006740452 0.002434954 122280325 0.09909163 0.002041509 0.2123805
0.1652404 0.006384795 0.002775297 122800802 0.09985077 0.001478265 0.2123241
0.165401 0.005768212 0.00321117 123141105 0.1001462 0.0005703729 0.2123315
0.1650286 0.005270856 0.003424525 123491422 0.09987506 -0.0001095524 0.2126834
0.1646411 0.005506546 0.003832415 123871765 0.09953433 -0.0003035242 0.2130654
0.1641663 0.005655243 0.003755972 124392234 0.09927345 -0.0005169092 0.2134498
0.1623535 0.006125137 0.004413143 124752560 0.09827629 -0.0006059713 0.2151766
