0.1485964 0.005826567 0.01332099 0 0.1158646 0.02390917 0.150827
0.1485964 0.005826567 0.01332099 110087 0.1158646 0.02390917 0.150827
0.1486553 0.005928303 0.0130753 220191 0.1158405 0.02388115 0.1505785
0.148436 0.005756905 0.01277841 330286 0.1156523 0.02407339 0.1502411
0.148436 0.005756905 0.01277841 450390 0.1156523 0.02407339 0.1502411
0.148421 0.005596317 0.01257054 550485 0.1156586 0.02418249 0.1500021
0.1483247 0.005454323 0.01230204 700620 0.115758 0.02398966 0.149787
0.1483247 0.005454323 0.01230204 780709 0.115758 0.02398966 0.149787
0.1484379 0.005376763 0.01203962 890792 0.1159207 0.02371308 0.1495629
0.1484854 0.005155178 0.01165684 1000891 0.1158616 0.02336742 0.1491714
0.1484854 0.005155178 0.01165684 1141014 0.1158616 0.02336742 0.1491714
0.1485456 0.005244957 0.0112883 1221094 0.1158608 0.02309478 0.1488359
0.1485422 0.005438687 0.01103545 1341202 0.1157878 0.02294392 0.1486108
0.1485422 0.005438687 0.01103545 1451310 0.1157878 0.02294392 0.1486108
0.1486442 0.005682844 0.0109038 1561393 0.1156241 0.02300053 0.1484393
0.1485354 0.005981591 0.01063963 1681505 0.1154623 0.02317998 0.1481774
0.1485354 0.005981591 0.01063963 1791601 0.1154623 0.02317998 0.1481774
0.1482698 0.006380857 0.01023659 1921718 0.115505 0.02332164 0.1478801
0.1480842 0.006642551 0.009904702 2011807 0.1154993 0.02347191 0.1476046
0.1480842 0.006642551 0.009904702 2121903 0.1154993 0.02347191 0.1476046
0.1480237 0.006911458 0.009641377 2232002 0.1154088 0.02369045 0.1473403
0.1480552 0.007294259 0.009521051 2342102 0.1153257 0.02383434 0.1472217
0.1480552 0.007294259 0.009521051 2462214 0.1153257 0.02383434 0.1472217
0.148339 0.007861576 0.009603185 2572313 0.1152053 0.02393317 0.1472626
0.148627 0.00849824 0.009751936 2682409 0.1150384 0.02410688 0.1473543
0.148627 0.00849824 0.009751936 2792508 0.1150384 0.02410688 0.1473543
0.1487014 0.009333251 0.009960057 2902603 0.1148849 0.02438023 0.1475693
0.1484249 0.01035559 0.01007125 3012711 0.1146145 0.02472007 0.1477549
0.1484249 0.01035559 0.01007125 3142824 0.1146145 0.02472007 0.1477549
0.1482487 0.0114495 0.01021992 3242910 0.1142249 0.02528694 0.147905
0.1481117 0.01252716 0.01036146 3353014 0.1137997 0.0260384 0.1480074
0.1481117 0.01252716 0.01036146 3463113 0.1137997 0.0260384 0.1480074
0.1484151 0.01367465 0.01081028 3583217 0.1136401 0.02673997 0.148383
0.1482924 0.01503874 0.01114558 3693321 0.1132894 0.02722325 0.1487413
0.1482924 0.01503874 0.01114558 3803416 0.1132894 0.02722325 0.1487413
0.1473129 0.01598468 0.01131507 3933542 0.1124466 0.02754767 0.1489991
0.1483151 0.01793524 0.01208015 4023623 0.1122223 0.0286216 0.1495187
0.1483151 0.01793524 0.01208015 4133718 0.1122223 0.0286216 0.1495187
0.1482636 0.01938171 0.01252273 4243814 0.1119966 0.0295189 0.1499571
0.1481526 0.02082692 0.01297214 4363926 0.1118296 0.03049412 0.1504256
0.1481526 0.02082692 0.01297214 4474021 0.1118296 0.03049412 0.1504256
0.1481377 0.02224221 0.01352548 4584129 0.1115223 0.03143555 0.1509339
0.1481117 0.02389801 0.01395161 4694220 0.11108 0.03250673 0.1512862
0.1481117 0.02389801 0.01395161 4814333 0.11108 0.03250673 0.1512862
0.1476512 0.02553245 0.01416508 4924432 0.1106389 0.03349529 0.151544
0.1479537 0.02751656 0.01469486 5034531 0.1104423 0.03457445 0.1519877
0.1479537 0.02751656 0.01469486 5144631 0.1104423 0.03457445 0.1519877
0.1473405 0.02953436 0.01482363 5254742 0.1099748 0.03561589 0.1522029
0.1471098 0.03143119 0.0150924 5364833 0.1095171 0.03691169 0.1524351
0.1471098 0.03143119 0.0150924 5484946 0.1095171 0.03691169 0.1524351
0.147139 0.0332201 0.01544425 5595037 0.1092283 0.03836863 0.1527123
0.146536 0.03496946 0.01551641 5705132 0.1088602 0.03968886 0.1528646
0.1460364 0.03683376 0.01562659 5815244 0.1084907 0.04095092 0.1530298
0.1460364 0.03683376 0.01562659 5945349 0.1084907 0.04095092 0.1530298
0.1455066 0.03904238 0.01571652 6045444 0.1079074 0.04238151 0.1531262
0.1448903 0.04071417 0.01571299 6155543 0.1072837 0.04384228 0.1531256
0.1448903 0.04071417 0.01571299 6265646 0.1072837 0.04384228 0.1531256
0.1442695 0.04254476 0.01570436 6385763 0.1068916 0.04531066 0.1531871
0.1438176 0.0442613 0.0158745 6485841 0.1064615 0.04663287 0.1533705
0.1438176 0.0442613 0.0158745 6605949 0.1064615 0.04663287 0.1533705
0.1432338 0.0460438 0.01597708 6716045 0.1059243 0.04797065 0.1534927
0.1423452 0.04797414 0.01587415 6836157 0.1052861 0.04940725 0.1534634
0.1423452 0.04797414 0.01587415 6936243 0.1052861 0.04940725 0.1534634
0.1419641 0.04982039 0.01607652 7056356 0.1047004 0.0508251 0.1536143
0.1408967 0.051775 0.0161005 7186473 0.1038946 0.05222338 0.1537119
0.1408967 0.051775 0.0161005 7266550 0.1038946 0.05222338 0.1537119
0.1400207 0.05341451 0.01615403 7386658 0.1030932 0.05360392 0.153786
0.1393858 0.05542481 0.01631289 7496753 0.1024482 0.05528055 0.1539423
0.1393858 0.05542481 0.01631289 7626871 0.1024482 0.05528055 0.1539423
0.1384233 0.0570355 0.01635296 7726957 0.101805 0.05662627 0.1540671
0.1384233 0.0570355 0.01635296 7827051 0.101805 0.05662627 0.1540671
0.1422743 0.06108224 0.01838295 7937151 0.1030719 0.05890711 0.1553672
0.1411987 0.06315935 0.01824638 8067268 0.102424 0.06035532 0.1553409
0.1398529 0.06495856 0.01818632 8177367 0.1012581 0.0618307 0.1553247
0.1398529 0.06495856 0.01818632 8287467 0.1012581 0.0618307 0.1553247
0.1388314 0.06705716 0.01821551 8387557 0.10037 0.06351944 0.1553814
0.1380418 0.06924325 0.01846849 8497656 0.09932952 0.06501198 0.155544
0.1380418 0.06924325 0.01846849 8617789 0.09932952 0.06501198 0.155544
0.1368684 0.07126273 0.01850438 8727864 0.09830776 0.06644671 0.1556034
0.135184 0.07330237 0.01830154 8847973 0.09717685 0.06794367 0.1555349
0.135184 0.07330237 0.01830154 8948063 0.09717685 0.06794367 0.1555349
0.1351015 0.07535601 0.01895844 9058162 0.09624044 0.06957316 0.1559352
0.1334035 0.0771348 0.01875815 9178271 0.09520942 0.07095408 0.1559051
0.1334035 0.0771348 0.01875815 9288370 0.09520942 0.07095408 0.1559051
0.1322179 0.07937562 0.01888364 9398469 0.09434863 0.07239607 0.1560823
0.1304883 0.08129907 0.0187317 9518582 0.09307161 0.07381243 0.1560277
0.1304883 0.08129907 0.0187317 9648695 0.09307161 0.07381243 0.1560277
0.1289927 0.08346006 0.01861389 9728772 0.09179416 0.07555119 0.1559455
0.1274838 0.08520555 0.01850757 9848876 0.09048253 0.07712486 0.1558825
0.1274838 0.08520555 0.01850757 9958983 0.09048253 0.07712486 0.1558825
0.1259738 0.08705586 0.0184878 10069075 0.08924112 0.07866564 0.1559162
0.124591 0.0888831 0.01860729 10189183 0.08797058 0.07999153 0.1560342
0.124591 0.0888831 0.01860729 10299282 0.08797058 0.07999153 0.1560342
0.1228777 0.0904725 0.01864075 10409386 0.0866438 0.08110784 0.1561387
0.1212044 0.09247442 0.01873915 10539511 0.08532709 0.08239992 0.1562803
0.1193497 0.09416444 0.01885277 10629580 0.08387297 0.08368802 0.1564678
0.1193497 0.09416444 0.01885277 10739684 0.08387297 0.08368802 0.1564678
0.1178031 0.09600402 0.01921501 10849779 0.08236353 0.08506746 0.1568038
0.1178031 0.09600402 0.01921501 10979892 0.08236353 0.08506746 0.1568038
0.1156198 0.09759697 0.0192783 11079987 0.08068852 0.08636626 0.1569734
0.1136931 0.09931879 0.01941814 11200095 0.07918158 0.08758523 0.1571771
0.1136931 0.09931879 0.01941814 11310191 0.07918158 0.08758523 0.1571771
0.1112641 0.1009909 0.01941978 11420294 0.07747516 0.08882639 0.1573205
0.1088507 0.1027726 0.01948707 11530401 0.07564509 0.09011455 0.157485
0.1088507 0.1027726 0.01948707 11640493 0.07564509 0.09011455 0.157485
0.1064012 0.1044165 0.01956807 11750600 0.07367848 0.09141097 0.157649
0.1039146 0.1061701 0.01961652 11860687 0.07177436 0.09268574 0.1577883
0.1011426 0.1077466 0.01957942 11980796 0.0697073 0.09389291 0.1578767
0.1011426 0.1077466 0.01957942 12090907 0.0697073 0.09389291 0.1578767
0.09821062 0.1090423 0.01950485 12221017 0.06759895 0.09507673 0.1579756
0.09563449 0.1103797 0.01945901 12311098 0.06552292 0.09620906 0.1580185
0.09563449 0.1103797 0.01945901 12421197 0.06552292 0.09620906 0.1580185
0.09246159 0.1113311 0.01915078 12531309 0.06340989 0.09709746 0.1579299
0.09000407 0.1126676 0.01911213 12671427 0.06142204 0.09807141 0.1579511
0.09000407 0.1126676 0.01911213 12761512 0.06142204 0.09807141 0.1579511
0.08735353 0.1136264 0.01901143 12881625 0.05935118 0.09897921 0.1579632
0.08483873 0.1147702 0.01884784 12981703 0.05742061 0.09980199 0.1578818
0.08483873 0.1147702 0.01884784 13101828 0.05742061 0.09980199 0.1578818
0.08251832 0.1156705 0.01871769 13201902 0.05552417 0.1005263 0.1578156
0.08022672 0.1164148 0.01849773 13322006 0.05370425 0.1012791 0.1576872
0.08022672 0.1164148 0.01849773 13432105 0.05370425 0.1012791 0.1576872
0.07834747 0.1171857 0.01837972 13542221 0.05198671 0.1019877 0.1575932
0.07618122 0.1178335 0.01823649 13652320 0.05033975 0.1024884 0.1575311
0.07618122 0.1178335 0.01823649 13762408 0.05033975 0.1024884 0.1575311
0.07408385 0.1186412 0.01814326 13882528 0.04876347 0.1028441 0.1574831
0.07237789 0.1194959 0.01823235 13992615 0.04717557 0.1033756 0.1575566
0.07237789 0.1194959 0.01823235 14102711 0.04717557 0.1033756 0.1575566
0.07047282 0.1201478 0.01814879 14212822 0.04554324 0.1039777 0.1575163
0.06857064 0.1209743 0.01808928 14352936 0.0441552 0.1045375 0.1575166
0.06857064 0.1209743 0.01808928 14433009 0.0441552 0.1045375 0.1575166
0.06672971 0.1214207 0.01799665 14553129 0.04276082 0.104842 0.1574847
0.06496628 0.1218509 0.01786552 14783329 0.04136054 0.1052177 0.157409
0.06310813 0.1223551 0.01765235 14883423 0.03993635 0.1056369 0.1572583
0.06140609 0.1228159 0.0175201 15033555 0.0386427 0.1059913 0.1571805
0.05956879 0.1233571 0.01743234 15263766 0.037209 0.1063274 0.157133
0.05797027 0.1237837 0.01732497 15493970 0.03585783 0.1065895 0.1570449
0.05599181 0.124437 0.01711701 15714165 0.03442563 0.1069261 0.1568829
0.0522892 0.1254855 0.01658829 15924354 0.03141582 0.1079542 0.1564568
0.05022612 0.1260355 0.01635186 16154566 0.03001547 0.1083364 0.1562966
0.04836613 0.1269236 0.01630823 16374765 0.02853948 0.1087553 0.1562478
0.04441012 0.1284119 0.01597838 16594976 0.02539702 0.1100944 0.1560113
0.04276954 0.1291026 0.01593467 16845185 0.02402225 0.1106623 0.1559873
0.04062055 0.1296581 0.01569909 17045382 0.02254841 0.111057 0.1558192
0.0367 0.1308811 0.01536128 17285583 0.01953261 0.1121606 0.1555793
0.03454083 0.1312824 0.01511603 17495777 0.01803003 0.1124607 0.1553993
0.03231844 0.1318818 0.01496505 17705966 0.01642466 0.1126865 0.155269
0.02769007 0.1328786 0.01461981 17946183 0.01282531 0.1136458 0.1550313
0.02546161 0.1334041 0.01439484 18166394 0.01111838 0.1141476 0.1548573
0.02320075 0.1337442 0.01416502 18386581 0.009471148 0.1143756 0.1546735
0.01880731 0.1345643 0.01379664 18616800 0.006225526 0.1148329 0.154362
0.0163984 0.1350415 0.01357298 18836987 0.004557416 0.1151578 0.1541813
0.01432812 0.1357463 0.0134253 19057186 0.003035814 0.1155268 0.1540307
0.009881973 0.1369802 0.01307741 19297402 -0.0003585517 0.1165984 0.15374
0.00754942 0.1373804 0.01285448 19507592 -0.002177596 0.1171789 0.1535796
0.005575866 0.137837 0.01275902 19727799 -0.003794938 0.1176803 0.1535147
0.001198798 0.1386386 0.01249174 19948002 -0.006966681 0.118308 0.1532975
-0.0007505119 0.1387749 0.012413 20198215 -0.008528471 0.1185437 0.1532549
-0.004949331 0.1388697 0.01236911 20398396 -0.01170135 0.1188799 0.1532984
-0.00701058 0.1388368 0.01241478 20628604 -0.01322854 0.1189219 0.1533793
-0.008974671 0.1387901 0.01245822 20868817 -0.01468411 0.1188785 0.1534447
-0.01283035 0.1384729 0.01255011 21069005 -0.01773399 0.1188411 0.1536061
-0.01431897 0.1380934 0.01273894 21319223 -0.01898974 0.1187144 0.1538379
-0.016018 0.1378628 0.01299272 21519420 -0.02020758 0.1184734 0.1541053
-0.01746935 0.1377786 0.01333676 21769629 -0.02130455 0.1181866 0.1544314
-0.02086967 0.1375955 0.0137929 21959805 -0.02404603 0.1180284 0.1549074
-0.02258468 0.1374728 0.01396759 22190009 -0.02539143 0.1180737 0.1551131
-0.02416381 0.1375016 0.01417131 22410208 -0.02660584 0.1180473 0.155316
-0.02752748 0.1372116 0.01403415 22640419 -0.02918845 0.1182241 0.1552537
-0.02900794 0.1370043 0.0139026 22860618 -0.03030575 0.1180479 0.1551302
-0.03077939 0.1369529 0.01379124 23080817 -0.03146556 0.1177942 0.1549958
-0.03408065 0.1369277 0.01355166 23311033 -0.0341484 0.117979 0.1547862
-0.03590989 0.1367734 0.01327441 23541228 -0.03544226 0.1179901 0.1545303
-0.03925326 0.1362402 0.01281582 23751422 -0.03788698 0.117644 0.1540906
-0.04099676 0.1360462 0.0125907 23981630 -0.03920126 0.1175856 0.1538785
-0.04285377 0.1357706 0.01233342 24231855 -0.04057923 0.1175473 0.1536451
-0.04625413 0.135171 0.01198796 24422027 -0.04310864 0.1172013 0.1533155
-0.04807103 0.134662 0.01187871 24662244 -0.04451114 0.1169786 0.1532324
-0.04982862 0.1342213 0.01178065 24882447 -0.04584372 0.1167494 0.1531494
-0.05291534 0.1331279 0.01165375 25102641 -0.04818702 0.1159242 0.1530324
-0.0547311 0.1324285 0.01158838 25332849 -0.04948685 0.1153666 0.1529661
-0.0565083 0.1317245 0.01149136 25553044 -0.05082646 0.1149074 0.1528814
-0.06037596 0.130314 0.01111114 25763246 -0.05372834 0.1141892 0.1525398
-0.06231654 0.1294252 0.01094267 25993445 -0.05517483 0.1137425 0.152397
-0.06417763 0.1285796 0.01078275 26223653 -0.0565815 0.1131413 0.1522402
-0.06844947 0.1269441 0.0104776 26443868 -0.05971915 0.1120451 0.1519274
-0.07059079 0.1256685 0.01031785 26684064 -0.06136602 0.1114993 0.1518113
-0.07248518 0.1244758 0.01015467 26894258 -0.06286833 0.1108548 0.1516759
-0.07625094 0.1217728 0.009819251 27134475 -0.06558159 0.1088912 0.1513343
-0.07811955 0.1203459 0.00964655 27334651 -0.06691828 0.1078992 0.1511593
-0.07992932 0.1189092 0.009520138 27554854 -0.06828845 0.1069785 0.1510419
-0.08385032 0.11579 0.009242567 27785066 -0.07105732 0.1048433 0.1507443
-0.08562058 0.1142916 0.009073786 28015270 -0.07237214 0.1038351 0.1505708
-0.0874182 0.1125816 0.008989921 28225455 -0.07369289 0.1026773 0.1504811
-0.09095052 0.1092945 0.009044481 28445658 -0.07634628 0.100394 0.1505144
-0.09249684 0.1075633 0.00908599 28685875 -0.07761365 0.09926056 0.1505632
-0.09401828 0.105635 0.009072661 28896077 -0.07870603 0.09793096 0.150538
-0.09729499 0.1019683 0.009118452 29116259 -0.08099002 0.09515247 0.1505184
-0.09876353 0.100083 0.009185134 29356500 -0.08218253 0.09394797 0.1505842
-0.1000617 0.09808214 0.009131461 29576679 -0.08320141 0.09254438 0.1505222
-0.1025976 0.09355995 0.008946809 29796878 -0.08483636 0.08921301 0.1502687
-0.1036151 0.09132284 0.008957504 30037090 -0.08561951 0.08751076 0.1502653
-0.1057107 0.08689421 0.008943735 30237636 -0.08713281 0.0842219 0.1502023
-0.107077 0.08473635 0.008907233 30487501 -0.08791757 0.08256646 0.1500967
-0.10837 0.08293112 0.008866537 30687694 -0.08883551 0.08115694 0.1500101
-0.1097462 0.08097038 0.008924598 30937915 -0.08993548 0.07980797 0.150036
-0.1121962 0.07705085 0.00893358 31138092 -0.0918875 0.0771478 0.149979
-0.1133633 0.0748269 0.008957944 31358287 -0.09268057 0.07549745 0.1499474
-0.1150812 0.07071237 0.00899163 31578485 -0.09403318 0.07221736 0.1499206
-0.1158792 0.06835806 0.009005198 31818698 -0.09473574 0.07064203 0.1499094
-0.1166525 0.06613953 0.009048954 32028900 -0.09522853 0.06895255 0.1499012
-0.1184403 0.06200251 0.009140407 32259095 -0.09636516 0.06548671 0.149877
-0.1192738 0.06001204 0.009152899 32499316 -0.09698379 0.06401729 0.1498418
-0.1201693 0.05793441 0.009200466 32699497 -0.09761387 0.06257913 0.1498274
-0.1217623 0.05399317 0.009455571 32949723 -0.09872109 0.05940539 0.1499762
-0.1225307 0.05186835 0.009529628 33149903 -0.09928787 0.05791492 0.1499912
-0.1232143 0.04972345 0.009571638 33390116 -0.09972584 0.05629716 0.1499687
-0.1246893 0.04547314 0.009672053 33590305 -0.1006822 0.05272281 0.149948
-0.1254122 0.04320589 0.009635773 33830514 -0.1012354 0.05113414 0.1498459
-0.126293 0.04082346 0.009587351 34040715 -0.1018778 0.04960312 0.1497054
-0.1279848 0.03622285 0.009593315 34290933 -0.1030773 0.04606639 0.149554
-0.1289601 0.03379203 0.009707032 34501131 -0.1037693 0.04420178 0.149576
-0.1297465 0.03135737 0.009742084 34731330 -0.1043371 0.04246566 0.1495177
-0.1311519 0.02587514 0.009859085 34941516 -0.1052667 0.03843198 0.1494246
-0.1318458 0.02317991 0.009890554 35171728 -0.1057317 0.03630961 0.1493607
-0.1325705 0.02060231 0.009855887 35391927 -0.106179 0.0343113 0.149218
-0.134266 0.01520084 0.009911187 35612129 -0.1071762 0.0302598 0.1489997
-0.135052 0.01265513 0.009983566 35832324 -0.1077645 0.02836037 0.148962
-0.136022 0.01010251 0.01009875 36082554 -0.1084483 0.02658742 0.1489303
-0.1373343 0.005345519 0.01036877 36272717 -0.1093459 0.02303554 0.1489688
-0.1379785 0.002991014 0.01057596 36512938 -0.1098135 0.02123119 0.1490689
-0.138448 0.0006926139 0.01072529 36733133 -0.1101672 0.01953674 0.1491137
-0.1392315 -0.003878474 0.01094954 36953344 -0.1107802 0.01608559 0.1491458
-0.1397882 -0.006108255 0.01103228 37173547 -0.1110402 0.01432503 0.1490986
-0.1399632 -0.008279588 0.01111513 37403746 -0.1111413 0.01261001 0.1490977
-0.1406925 -0.01268166 0.01127082 37644526 -0.1116645 0.00954281 0.1490014
-0.1409264 -0.01474451 0.01136081 37844140 -0.1117559 0.008055481 0.1489671
-0.1408193 -0.01678921 0.01155152 38064334 -0.1116468 0.006489499 0.1490773
-0.1406862 -0.02041172 0.01197537 38294578 -0.1115069 0.003648386 0.1493651
-0.1405324 -0.02223212 0.01216745 38544784 -0.1114088 0.002314235 0.1494829
-0.1401109 -0.02598647 0.01264054 38765121 -0.1109893 -0.000572822 0.1497986
-0.139859 -0.02786246 0.0128556 38975156 -0.1107971 -0.002065352 0.1499547
-0.1395799 -0.02981784 0.01312362 39295449 -0.1105812 -0.00345446 0.1501284
-0.1390273 -0.03405144 0.01373761 39545679 -0.1100456 -0.006611509 0.1505344
-0.1382429 -0.03848705 0.01423093 39775883 -0.1094649 -0.01004035 0.1508649
-0.1377461 -0.04090893 0.01440752 39976068 -0.1090725 -0.01177174 0.150918
-0.1374033 -0.04349639 0.01465879 40226293 -0.1086867 -0.01361787 0.1509999
-0.1360868 -0.04869878 0.01515394 40416461 -0.1076115 -0.01767237 0.1512891
-0.1354601 -0.05119091 0.01534594 40636660 -0.1070207 -0.01962032 0.1513635
-0.1345458 -0.05391939 0.01559227 40866867 -0.1063312 -0.02159683 0.1514799
-0.1327709 -0.05909034 0.01603507 41107084 -0.1046969 -0.02578667 0.1517148
-0.1316897 -0.06173294 0.01614948 41317274 -0.1038014 -0.02785785 0.1517259
-0.1305144 -0.06431837 0.01617828 41537473 -0.1028934 -0.02978592 0.1516436
-0.1281271 -0.06944882 0.01635312 41757671 -0.100969 -0.03369832 0.1515958
-0.1270138 -0.07176628 0.01634401 41987879 -0.09993822 -0.0355978 0.1514921
-0.1256632 -0.07392009 0.01636093 42208074 -0.09884125 -0.03730151 0.1514384
-0.1228565 -0.07823474 0.01638997 42448295 -0.09664601 -0.04044566 0.1512649
-0.1213348 -0.08042137 0.01645231 42668493 -0.09538651 -0.04217039 0.1512477
-0.1196713 -0.08253378 0.01634982 42868674 -0.09403509 -0.04384738 0.1510807
-0.1165687 -0.08658814 0.01612139 43128909 -0.09165728 -0.046852 0.1506826
-0.1154223 -0.08888362 0.01620403 43319080 -0.09057385 -0.0483924 0.1505516
-0.1138175 -0.09059189 0.01606238 43539275 -0.0893316 -0.04965908 0.1503427
-0.1105637 -0.09399647 0.01606881 43779492 -0.08682495 -0.05206129 0.1501739
-0.10895 -0.09553862 0.01605983 43989681 -0.08544552 -0.05334485 0.1501251
-0.1070569 -0.09700375 0.01600193 44229902 -0.08403903 -0.05452002 0.15006
-0.1041547 -0.1001457 0.01599343 44440088 -0.08172148 -0.05689661 0.1499058
-0.1024629 -0.1015461 0.01590701 44690322 -0.08042258 -0.05804677 0.1498036
-0.1011208 -0.1029131 0.01581625 45000610 -0.07929948 -0.05917227 0.14967
-0.09850302 -0.1057552 0.01555625 45240811 -0.07730368 -0.0612163 0.1492467
-0.09593034 -0.1083834 0.01537351 45471034 -0.07537234 -0.06325287 0.1489657
-0.09467754 -0.1097953 0.01533592 45681212 -0.07441637 -0.06431866 0.1488561
-0.09359065 -0.1109539 0.01523309 45911420 -0.07351577 -0.06529933 0.1487206
-0.09130841 -0.1137267 0.01510481 46121613 -0.07176697 -0.06729273 0.1484025
-0.09010419 -0.1149675 0.01499955 46371835 -0.07085139 -0.06819902 0.1482222
-0.08775911 -0.117693 0.01505302 46562007 -0.06902921 -0.07037461 0.1481561
-0.08665422 -0.1191021 0.01496921 46822242 -0.06815857 -0.0714361 0.147981
-0.08530354 -0.1204685 0.01495793 47002404 -0.06722814 -0.07242192 0.1478904
-0.08389693 -0.1218344 0.01501895 47232612 -0.06622005 -0.07341848 0.1478711
-0.08135977 -0.1244132 0.01525091 47452823 -0.06417173 -0.07550398 0.1479864
-0.07982746 -0.1256303 0.01528193 47693032 -0.06314868 -0.07634731 0.1479441
-0.07847834 -0.1268882 0.0152831 47913234 -0.06213302 -0.07725041 0.1478545
-0.07557899 -0.1294167 0.01542892 48143438 -0.05981454 -0.07936951 0.1479168
-0.07406825 -0.1305736 0.01529889 48383651 -0.05867738 -0.08030656 0.1477474
-0.07104126 -0.133095 0.01505064 48583835 -0.05649341 -0.08188857 0.1472342
-0.06969672 -0.134438 0.01508196 48824056 -0.05533299 -0.08285418 0.147139
-0.06796777 -0.1354326 0.01502342 49024229 -0.05404717 -0.08370065 0.1470699
-0.06626555 -0.136438 0.01493054 49254437 -0.05273861 -0.08446998 0.1469252
-0.06230974 -0.1384472 0.01471216 49464622 -0.04989395 -0.08588831 0.1465821
-0.06034416 -0.1394091 0.01469306 49714852 -0.04831463 -0.08664931 0.1465185
-0.05605572 -0.1409943 0.01466276 49915033 -0.04516435 -0.0879453 0.1464711
-0.0540328 -0.1416159 0.01453072 50145245 -0.04354715 -0.08844279 0.1463219
-0.0517191 -0.1423864 0.01453455 50395470 -0.04190668 -0.08895858 0.1462746
-0.04697537 -0.1437827 0.01439079 50585638 -0.03840244 -0.09005371 0.1460949
-0.04457214 -0.1447325 0.01437953 50845873 -0.03656995 -0.09065448 0.1459766
-0.04195184 -0.1454491 0.01421516 51036044 -0.03466034 -0.09112908 0.1457538
-0.03674993 -0.1469595 0.01410912 51286270 -0.03060532 -0.0922824 0.1455584
-0.03393736 -0.1474815 0.01406266 51486451 -0.02857763 -0.09268447 0.1454963
-0.03122604 -0.1482688 0.01411595 51716654 -0.02651334 -0.09311797 0.1454264
-0.02583826 -0.1494649 0.01409321 51926848 -0.02237499 -0.09414297 0.1453706
-0.02324697 -0.1501475 0.01414237 52167073 -0.02034077 -0.09470097 0.1453807
-0.02053151 -0.1507821 0.01417518 52397273 -0.01821706 -0.09523061 0.1453809
-0.01563671 -0.1513517 0.01404494 52597457 -0.01439089 -0.09593567 0.1453224
-0.01333925 -0.1513512 0.0138526 52827665 -0.01266786 -0.09603671 0.145177
-0.01142702 -0.1513852 0.01365865 53047868 -0.01122373 -0.0960473 0.1449748
-0.007597566 -0.151073 0.01303933 53298082 -0.008408397 -0.09581288 0.1443859
-0.005747676 -0.1511332 0.01274388 53498266 -0.006980449 -0.09584158 0.1440739
-0.003819913 -0.1513163 0.01240038 53758501 -0.005511224 -0.09596664 0.1437008
-7.691979E-05 -0.1516398 0.011726 53948677 -0.002558261 -0.09626307 0.1430026
0.001785919 -0.1517408 0.01147548 54188890 -0.00110662 -0.09636711 0.1427448
0.004064277 -0.1517465 0.01129619 54409088 0.00042063 -0.09633099 0.1425291
0.008273616 -0.1519288 0.011054 54729381 0.003449827 -0.09637993 0.1421925
0.01236992 -0.1518575 0.01090655 54999629 0.006466255 -0.0963646 0.1420246
0.01449578 -0.1518001 0.01083849 55179784 0.008078262 -0.09631356 0.1419351
0.01663132 -0.1517105 0.01069427 55420001 0.009707659 -0.0962282 0.1417669
0.02094114 -0.1507857 0.01027074 55620189 0.01304323 -0.09563731 0.1414292
0.02320397 -0.1502938 0.01024839 55850401 0.01459357 -0.09508082 0.1413348
0.02530967 -0.1496625 0.01019324 56100623 0.01607831 -0.0943221 0.1411836
0.02948238 -0.1482388 0.01031725 56410891 0.01911497 -0.09311559 0.1413143
0.03369673 -0.1472977 0.01030035 56631093 0.02240327 -0.0924371 0.141331
0.03580992 -0.1469617 0.01027266 56851292 0.02406338 -0.09216972 0.1412922
0.0376085 -0.1466208 0.0101669 57101514 0.02549674 -0.09189094 0.1411792
0.04115926 -0.145675 0.009971133 57441821 0.02812769 -0.09114173 0.1409771
0.04427148 -0.1444944 0.009601241 57642002 0.03036963 -0.09003906 0.1405502
0.04587972 -0.1441624 0.009573577 57882227 0.03163773 -0.08966231 0.1404673
0.04915072 -0.1432214 0.009476013 58082407 0.0341986 -0.0890381 0.140422
0.05116476 -0.1426508 0.009420368 58432719 0.03564028 -0.0885633 0.1403394
0.05427216 -0.1417439 0.009290652 58642909 0.03813586 -0.08771592 0.1401602
0.05597319 -0.1412852 0.009229282 58973207 0.03933579 -0.08728824 0.1400489
0.05955985 -0.1403234 0.008922284 59313510 0.04214968 -0.08640378 0.1396732
0.063223 -0.1393427 0.008824205 59643812 0.04487102 -0.08553493 0.1394924
0.06666012 -0.1379759 0.008511567 60004133 0.04761203 -0.084447 0.1391947
0.07030621 -0.1362138 0.00833105 60344449 0.0501965 -0.08317597 0.1390554
0.07421729 -0.1346436 0.0081349 60534620 0.05307981 -0.08176427 0.1387612
0.07856044 -0.132743 0.00803131 60884932 0.05624938 -0.08046662 0.1387052
0.08313429 -0.1307565 0.007900598 61125157 0.05962735 -0.07875116 0.1384729
0.08558966 -0.1291933 0.007768049 61325346 0.06151073 -0.07774413 0.1384564
0.08771388 -0.1278355 0.007722119 61575551 0.06308892 -0.07668783 0.1384271
0.09292594 -0.1247176 0.007584224 61795750 0.06677324 -0.07407 0.1381871
0.09559149 -0.1228861 0.007500985 62126048 0.06881914 -0.07283064 0.1382066
0.1006973 -0.1192174 0.007320852 62446349 0.07260099 -0.07010091 0.1381048
0.1059278 -0.1155147 0.007060336 62676549 0.07653891 -0.06724216 0.1378744
0.1083783 -0.1135252 0.006868426 63036870 0.07838728 -0.06579879 0.1377462
0.1131506 -0.1092612 0.006380225 63367172 0.08203161 -0.06267643 0.1374059
0.1171656 -0.1051915 0.00584712 63697470 0.0850281 -0.05951345 0.1369462
0.1213778 -0.1011765 0.005415434 64027768 0.08825411 -0.05614128 0.1364914
0.1275041 -0.09459547 0.004988505 64388094 0.09274979 -0.05123847 0.136208
0.1287696 -0.09184903 0.004188413 64678356 0.09457204 -0.04871714 0.1356282
0.1305766 -0.08948902 0.003973075 64908563 0.09590816 -0.04694599 0.1354815
0.1343551 -0.08478795 0.003251243 65268884 0.09876879 -0.04318292 0.1348145
0.1380831 -0.07942774 0.002572369 65609192 0.1015233 -0.03941729 0.1343631
0.1418484 -0.07333411 0.001552919 65909467 0.1042536 -0.03488115 0.133516
0.1450492 -0.066342 0.0008129501 66129665 0.1067536 -0.02976348 0.133107
0.1462858 -0.06269598 0.0004683862 66499999 0.1075934 -0.02700631 0.1328896
0.1491278 -0.05526502 -0.0002283614 66810279 0.10968 -0.02127715 0.1324176
0.1518819 -0.04744806 -0.0007224967 67140578 0.1117554 -0.01593971 0.1323315
0.1542226 -0.03998369 -0.001318595 67480893 0.1132748 -0.01039303 0.1319253
0.1552053 -0.03212761 -0.002312981 67721101 0.1147397 -0.004932175 0.131587
0.1562193 -0.02447585 -0.003273768 68081423 0.1151284 0.0008892837 0.1307949
0.1563199 -0.01757901 -0.004396334 68391707 0.115726 0.005985147 0.1301515
0.1569363 -0.01052963 -0.00493142 68732010 0.1156491 0.01114871 0.1297225
0.1568451 -0.003642169 -0.005300345 69042294 0.1162829 0.0154685 0.1299614
0.155415 0.003368762 -0.00607982 69412632 0.1153178 0.02032168 0.1296075
0.1539249 0.009343679 -0.007041459 69732925 0.1141328 0.02570619 0.1288082
0.1526506 0.01513361 -0.00748768 70053206 0.1132344 0.02965943 0.12868
0.1518952 0.02017114 -0.007771245 70383504 0.1129325 0.03320983 0.1286771
0.1515581 0.02279086 -0.007711489 70733816 0.1126807 0.03503582 0.1288348
0.1500315 0.02869443 -0.007206284 71104150 0.1114819 0.03942353 0.1295602
0.1488816 0.03121605 -0.007144134 71414434 0.1105851 0.04182137 0.1297031
0.1482019 0.03246416 -0.006759918 71744728 0.110295 0.04311006 0.1301926
0.1479023 0.03322531 -0.006055258 72065030 0.1100359 0.04358361 0.1309305
0.1477961 0.03385342 -0.005450707 72405341 0.1101114 0.04381538 0.1316146
0.1472689 0.03523981 -0.004297081 72755641 0.1096184 0.04372621 0.1328768
