0.1515277 -0.0005039191 0.001053825 0 0.1099331 0.008238425 0.2269797
0.1514616 -5.105888E-05 0.001355678 110120 0.1101517 0.008392682 0.2272215
0.1514616 -5.105888E-05 0.001355678 220207 0.1101517 0.008392682 0.2272215
0.151545 0.0005167758 0.00170286 330294 0.1104119 0.008609166 0.2273546
0.1516141 0.001061241 0.001984 450407 0.1106288 0.008993139 0.2274541
0.1516141 0.001061241 0.001984 560502 0.1106288 0.008993139 0.2274541
0.1516378 0.001611789 0.001781344 690623 0.1106557 0.009616008 0.227343
0.1517086 0.002005658 0.001926169 780721 0.1107271 0.01017975 0.2273421
0.1517086 0.002005658 0.001926169 890808 0.1107271 0.01017975 0.2273421
0.151751 0.002187694 0.002051204 1010912 0.1108053 0.01066803 0.2273509
0.1517949 0.002399663 0.002091125 1121008 0.1108354 0.01096021 0.2273275
0.1517949 0.002399663 0.002091125 1231115 0.1108354 0.01096021 0.2273275
0.1518132 0.002551609 0.002048582 1341210 0.1108609 0.01105141 0.2272993
0.1518608 0.002649823 0.001994312 1451310 0.11098 0.01111602 0.2272499
0.1518608 0.002649823 0.001994312 1571414 0.11098 0.01111602 0.2272499
0.1517855 0.002657669 0.001699269 1681513 0.1109311 0.01116203 0.2271799
0.1517965 0.002765749 0.001628622 1791621 0.1108543 0.01132249 0.2271251
0.1517965 0.002765749 0.001628622 1901716 0.1108543 0.01132249 0.2271251
0.1516797 0.002797036 0.001003042 2011812 0.1104406 0.01142537 0.2268952
0.1517739 0.002779022 0.001023486 2131928 0.1101145 0.01136385 0.226777
0.1517739 0.002779022 0.001023486 2242027 0.1101145 0.01136385 0.226777
0.151832 0.002722845 0.0008573085 2352123 0.1099343 0.01131486 0.2266256
0.1517917 0.002617071 0.0006834418 2462226 0.1097957 0.01119625 0.2265677
0.1517917 0.002617071 0.0006834418 2572321 0.1097957 0.01119625 0.2265677
0.1517746 0.002621815 0.0008097738 2682421 0.1097259 0.01099514 0.2266417
0.1517134 0.002713601 0.0008842498 2792520 0.1096749 0.01087617 0.2267358
0.1517134 0.002713601 0.0008842498 2912665 0.1096749 0.01087617 0.2267358
0.1516161 0.002912734 0.0006884784 3022728 0.1095151 0.01090704 0.2267262
0.1514725 0.003186942 0.000408873 3132827 0.1093375 0.01126527 0.2267045
0.1514725 0.003186942 0.000408873 3242939 0.1093375 0.01126527 0.2267045
0.1511532 0.00341724 -5.185604E-06 3353030 0.1090216 0.01161837 0.2267608
0.150877 0.00350854 8.195639E-07 3473134 0.1088367 0.01174974 0.2269862
0.150877 0.00350854 8.195639E-07 3583246 0.1088367 0.01174974 0.2269862
0.1505995 0.003760362 0.0001012534 3693341 0.1086307 0.01185953 0.2272627
0.1502881 0.0038335 0.0001303405 3803436 0.10834 0.01193356 0.2275179
0.1502881 0.0038335 0.0001303405 3923553 0.10834 0.01193356 0.2275179
0.1500443 0.003998423 0.0001044273 4023639 0.1080784 0.01210081 0.2276909
0.1497583 0.004133902 0.0001121759 4143744 0.1078209 0.01212751 0.2279237
0.1497583 0.004133902 0.0001121759 4253839 0.1078209 0.01212751 0.2279237
0.1494721 0.004406022 -8.119643E-05 4363946 0.107544 0.01208078 0.2280743
0.1493705 0.004775809 -2.487004E-05 4474038 0.1074545 0.012331 0.2281855
0.1493705 0.004775809 -2.487004E-05 4594150 0.1074545 0.012331 0.2281855
0.1492486 0.00501651 -0.0002330095 4724259 0.107213 0.01265859 0.2281628
0.1490904 0.005005597 -4.063547E-05 4814345 0.1071529 0.01284229 0.2283738
0.1490904 0.005005597 -4.063547E-05 4924440 0.1071529 0.01284229 0.2283738
0.1489284 0.005349627 -7.900596E-05 5034547 0.107051 0.01293539 0.228502
0.1486137 0.005803783 -0.0002334714 5144647 0.1069476 0.01298653 0.2287215
0.1486137 0.005803783 -0.0002334714 5264751 0.1069476 0.01298653 0.2287215
0.1483852 0.00614448 -0.0002623051 5374850 0.1067346 0.01327645 0.2288867
0.1481608 0.00633795 -0.000271529 5504972 0.106577 0.01357435 0.2290567
0.1479949 0.006684185 -0.0001871735 5595053 0.1063798 0.01387905 0.2292192
0.1479949 0.006684185 -0.0001871735 5705149 0.1063798 0.01387905 0.2292192
0.1478727 0.007534335 -1.136959E-05 5825265 0.1063028 0.01436078 0.2294175
0.1474998 0.008341419 0.000229165 5965383 0.1060168 0.01478802 0.2298416
0.1474998 0.008341419 0.000229165 6045460 0.1060168 0.01478802 0.2298416
0.1470415 0.009510254 0.0003055334 6155555 0.1057412 0.0153669 0.230276
0.1467257 0.01076565 0.0006078631 6265650 0.1055372 0.01610242 0.2306922
0.1467257 0.01076565 0.0006078631 6405777 0.1055372 0.01610242 0.2306922
0.1464388 0.01182454 0.001100942 6485853 0.1053342 0.01687979 0.231161
0.1459901 0.01312534 0.001015753 6605957 0.1049663 0.01779186 0.2314865
0.1459901 0.01312534 0.001015753 6716073 0.1049663 0.01779186 0.2314865
0.1458704 0.01465621 0.001759902 6826156 0.1048425 0.01877009 0.231939
0.1453669 0.01616587 0.001995683 6946265 0.1046242 0.01973223 0.2324883
0.1453669 0.01616587 0.001995683 7056372 0.1046242 0.01973223 0.2324883
0.1449577 0.01797095 0.002229705 7156466 0.1044645 0.02084886 0.232961
0.1446631 0.01959245 0.002737179 7286576 0.1042199 0.02202772 0.2334361
0.1446631 0.01959245 0.002737179 7386666 0.1042199 0.02202772 0.2334361
0.1440812 0.02136945 0.002539203 7496773 0.1037766 0.02340542 0.2338115
0.1435488 0.02326462 0.002416193 7606865 0.1033331 0.02481603 0.2341743
0.1435488 0.02326462 0.002416193 7726973 0.1033331 0.02481603 0.2341743
0.1430817 0.02508127 0.002583936 7847086 0.1030183 0.02605473 0.2346327
0.1425087 0.02710261 0.002484605 7957177 0.102695 0.0272051 0.2350563
0.1425087 0.02710261 0.002484605 8057271 0.102695 0.0272051 0.2350563
0.1419303 0.02911164 0.002496213 8167366 0.1023228 0.02846574 0.2355236
0.1412523 0.03097866 0.002452135 8287479 0.1015971 0.02973854 0.2359945
0.1412523 0.03097866 0.002452135 8397578 0.1015971 0.02973854 0.2359945
0.1408145 0.03287631 0.002574593 8527704 0.1010334 0.03107523 0.2363496
0.1402631 0.03475973 0.002482533 8627794 0.1004477 0.03214955 0.2366923
0.1402631 0.03475973 0.002482533 8737885 0.1004477 0.03214955 0.2366923
0.1399694 0.03652515 0.002318531 8837976 0.1000559 0.03328501 0.2367984
0.1396098 0.03836744 0.00200212 8958080 0.09958748 0.03453516 0.2368758
0.1396098 0.03836744 0.00200212 9068179 0.09958748 0.03453516 0.2368758
0.1391553 0.0401438 0.001725331 9188304 0.0987766 0.03574979 0.236998
0.1387725 0.04214542 0.001594648 9318409 0.09796426 0.03701817 0.237114
0.1387725 0.04214542 0.001594648 9408486 0.09796426 0.03701817 0.237114
0.1382265 0.0439771 0.001135781 9508577 0.09727928 0.03825342 0.2372421
0.1378935 0.04567398 0.001074493 9628701 0.09686097 0.03943049 0.2374149
0.1378935 0.04567398 0.001074493 9748794 0.09686097 0.03943049 0.2374149
0.1374744 0.04764319 0.001044378 9848892 0.09622967 0.04050767 0.2376203
0.1370202 0.04946816 0.00107941 9968996 0.09570505 0.04149782 0.237903
0.1370202 0.04946816 0.00107941 10069087 0.09570505 0.04149782 0.237903
0.1368252 0.05091618 0.001423359 10179182 0.09543792 0.04260539 0.2381709
0.136281 0.05247701 0.001101524 10299294 0.09516717 0.04363953 0.2384227
0.136281 0.05247701 0.001101524 10409402 0.09516717 0.04363953 0.2384227
0.1358512 0.05413191 0.00105755 10519493 0.09486762 0.04471409 0.2386917
0.1354487 0.05575002 0.0009327233 10639602 0.09432089 0.04587447 0.2388598
0.1354487 0.05575002 0.0009327233 10739692 0.09432089 0.04587447 0.2388598
0.1350247 0.0571511 0.0009609163 10859800 0.09399704 0.04687344 0.2391614
0.1345927 0.05876378 0.0008413196 10969900 0.09364327 0.04786085 0.2393751
0.1345927 0.05876378 0.0008413196 11079999 0.09364327 0.04786085 0.2393751
0.1338516 0.0602635 0.0007232577 11190094 0.09325459 0.04873502 0.2398528
0.1331745 0.06142965 0.0009860992 11320212 0.0927394 0.04959666 0.2404568
0.1331745 0.06142965 0.0009860992 11440324 0.0927394 0.04959666 0.2404568
0.1323806 0.06309724 0.0007417053 11540414 0.09197109 0.05054414 0.2408354
0.1316938 0.0643083 0.000849992 11640505 0.09156131 0.05134379 0.2413775
0.1316938 0.0643083 0.000849992 11750608 0.09156131 0.05134379 0.2413775
0.1310096 0.06562037 0.0007732362 11870713 0.09107394 0.05213129 0.2418003
0.130216 0.06708274 0.0004487038 11980812 0.09052786 0.05291378 0.2421681
0.130216 0.06708274 0.0004487038 12090911 0.09052786 0.05291378 0.2421681
0.1294703 0.0683452 0.0002577901 12221025 0.09000436 0.05370771 0.2425792
0.128827 0.06956251 6.559491E-05 12311110 0.08938562 0.05463468 0.2428993
0.128827 0.06956251 6.559491E-05 12421209 0.08938562 0.05463468 0.2428993
0.128206 0.07082197 4.519522E-05 12531325 0.08881442 0.05536805 0.2432642
0.1275244 0.0721887 0.0001996309 12671435 0.0881831 0.05595743 0.243723
0.1264407 0.07396016 -0.000337854 12761516 0.08738954 0.05655562 0.2441031
0.1264407 0.07396016 -0.000337854 12871620 0.08738954 0.05655562 0.2441031
0.1254817 0.07524259 -0.0002482831 12991732 0.08676422 0.05736505 0.2447913
0.124485 0.07662842 -0.0005603582 13101824 0.08596209 0.05820703 0.2452666
0.124485 0.07662842 -0.0005603582 13211923 0.08596209 0.05820703 0.2452666
0.1238117 0.07819299 -0.0002487451 13322026 0.08538094 0.05913173 0.2457994
0.1228497 0.07969967 -0.0004745573 13462149 0.08469196 0.06001174 0.2462864
0.1228497 0.07969967 -0.0004745573 13542221 0.08469196 0.06001174 0.2462864
0.1219312 0.08133986 -0.0005566776 13652320 0.0839647 0.06088649 0.2467745
0.1208573 0.08297921 -0.0009444654 13762420 0.08313905 0.06180106 0.2472199
0.1208573 0.08297921 -0.0009444654 13892541 0.08313905 0.06180106 0.2472199
0.119827 0.08454392 -0.001077995 14002636 0.08241371 0.06290673 0.2478062
0.1188052 0.08618902 -0.0008758008 14102723 0.08154818 0.0638287 0.2484819
0.1188052 0.08618902 -0.0008758008 14222835 0.08154818 0.0638287 0.2484819
0.1176649 0.0879764 -0.0008645952 14362962 0.08066782 0.06470262 0.2491172
0.1163319 0.08976448 -0.001107037 14553129 0.07964193 0.06580912 0.2497831
0.1151338 0.09155127 -0.001066104 14663229 0.07872358 0.0668522 0.2504812
0.1138286 0.09325575 -0.001025975 14833386 0.07770695 0.06784426 0.251243
0.1122772 0.09557431 -0.001174599 15033567 0.07655739 0.06882583 0.2519545
0.1106434 0.09765935 -0.001374096 15253782 0.07530251 0.0696367 0.2526754
0.1091071 0.09986238 -0.00148277 15483981 0.07406484 0.07093727 0.2534231
0.1051403 0.1046067 -0.002207875 15704180 0.07089611 0.07342493 0.2550707
0.1031252 0.1070626 -0.002469376 15894348 0.06925821 0.07455181 0.2558758
0.1010152 0.1096027 -0.002858028 16024473 0.06764787 0.07561742 0.2566263
0.09885052 0.1122474 -0.003339395 16114542 0.0659301 0.07689093 0.2573398
0.09885052 0.1122474 -0.003339395 16224642 0.0659301 0.07689093 0.2573398
0.09675302 0.1147609 -0.003475279 16334741 0.06423392 0.07811176 0.2581734
0.09441966 0.1171433 -0.003748536 16494886 0.06234159 0.0791546 0.2590226
0.09441966 0.1171433 -0.003748536 16584967 0.06234159 0.0791546 0.2590226
0.09216887 0.1196581 -0.003925517 16685053 0.06057753 0.08039295 0.2598678
0.08981336 0.1219207 -0.00404042 16845214 0.05878481 0.08161604 0.26084
0.08707879 0.1245975 -0.004453644 17045390 0.05697396 0.08276103 0.2617349
0.08415371 0.1273838 -0.005128056 17295628 0.05518997 0.08394849 0.2625455
0.08146801 0.1295445 -0.005334184 17495789 0.05335903 0.08497725 0.2635178
0.07713566 0.1325619 -0.004737079 17715996 0.04967082 0.08702265 0.2656278
0.07384416 0.1357252 -0.00592646 17946199 0.04859424 0.08848058 0.2662536
0.07206513 0.1364174 -0.00527063 18166394 0.04681849 0.08914375 0.267354
0.06719653 0.139414 -0.005039513 18386605 0.04321193 0.09077941 0.2692207
0.06469754 0.1408935 -0.005142033 18616800 0.04153517 0.09163664 0.2700532
0.06253705 0.1422029 -0.00499621 18857029 0.04002716 0.092453 0.2708786
0.05792809 0.1444406 -0.004626989 19057210 0.03649381 0.09377956 0.2725787
0.05522703 0.1457898 -0.004599124 19297415 0.03461383 0.09447681 0.2733974
0.05249832 0.1471868 -0.004659846 19517621 0.03282001 0.09509432 0.2740988
0.04856247 0.1490192 -0.004395559 19767839 0.02990703 0.09633028 0.2753696
0.04714938 0.1495013 -0.004010394 19958011 0.02800663 0.09687173 0.2759564
0.0448051 0.1506752 -0.004370719 20188227 0.02612649 0.0975958 0.2763096
0.04050692 0.1531713 -0.005103439 20428435 0.02285639 0.09898054 0.276743
0.03806572 0.1544467 -0.005594894 20628616 0.02114544 0.09950577 0.2768627
0.03629306 0.1551056 -0.005687624 20868837 0.0195122 0.1000465 0.2771856
0.03176698 0.1566482 -0.006390423 21069013 0.01624131 0.1007841 0.277563
0.02849418 0.157937 -0.006936803 21299221 0.01436645 0.1011404 0.2776471
0.02646219 0.1582218 -0.006909683 21519420 0.01264468 0.1013381 0.2779971
0.02121665 0.158928 -0.00718005 21749628 0.008920241 0.1016554 0.2785845
0.01825459 0.1592734 -0.007336751 21979835 0.006717871 0.1018046 0.2788333
0.0148703 0.1598387 -0.007693186 22190033 0.004480441 0.1019262 0.2788827
0.009528883 0.1597981 -0.008225635 22420253 0.0002461439 0.1016792 0.2789401
0.006066115 0.1601031 -0.008689746 22640427 -0.001930812 0.1014854 0.2787105
0.002592264 0.1599653 -0.009128168 22890673 -0.004255802 0.1011151 0.2784954
-0.004451219 0.1594887 -0.009910375 23090846 -0.009240557 0.1005306 0.2779918
-0.007668934 0.1589268 -0.01011831 23361078 -0.01170807 0.1001931 0.2778308
-0.01363812 0.1565968 -0.0100168 23531231 -0.01628467 0.09877753 0.2778123
-0.01678481 0.1554563 -0.009812921 23761443 -0.01842223 0.09810268 0.2778099
-0.01953001 0.1542382 -0.009443432 23991651 -0.02055199 0.09745967 0.2779282
-0.02435322 0.1515722 -0.008635595 24221859 -0.02493028 0.09622561 0.2782533
-0.02664532 0.1498743 -0.008063361 24422051 -0.02686325 0.09549343 0.2785739
-0.03003338 0.1474849 -0.007330537 24652247 -0.02909331 0.0943607 0.2788635
-0.03237399 0.1455168 -0.006682441 24872454 -0.03093591 0.09326564 0.2791078
-0.03758876 0.1415328 -0.005451545 25102653 -0.03477338 0.09140944 0.2794535
-0.04036845 0.1395272 -0.004981056 25342870 -0.03673981 0.09043537 0.279406
-0.04569907 0.1361728 -0.004104212 25543051 -0.04048183 0.08893465 0.2791107
-0.04873334 0.134379 -0.003531173 25803286 -0.04266437 0.08812749 0.2788827
-0.05130359 0.132812 -0.003191471 26003474 -0.0445893 0.08757602 0.2786011
-0.05589039 0.1294844 -0.00240609 26223661 -0.04822264 0.08610474 0.2781193
-0.05824492 0.1278012 -0.001853988 26443880 -0.04984424 0.08517466 0.2778428
-0.06066643 0.1258199 -0.001253992 26674076 -0.05135643 0.08423506 0.2776082
-0.06538656 0.1221474 -0.000111565 26884257 -0.05404533 0.08248722 0.276952
-0.06688214 0.1202829 0.0003470927 27144504 -0.05556586 0.08131503 0.2768404
-0.06908431 0.1184723 0.001023352 27334680 -0.05693757 0.08031189 0.276525
-0.07258564 0.1150771 0.002099931 27564871 -0.06010506 0.07872009 0.2761713
-0.07469139 0.1131803 0.002688766 27785078 -0.06174725 0.07784127 0.2758364
-0.0768896 0.110935 0.003479421 28015302 -0.06324609 0.0769143 0.2756142
-0.07948668 0.1069868 0.004266888 28225621 -0.0655098 0.07442569 0.275232
-0.08103205 0.104688 0.004859835 28455679 -0.06659734 0.0729891 0.2750338
-0.08258283 0.1023784 0.005444065 28705901 -0.06768384 0.07163297 0.2748294
-0.08555759 0.0973703 0.006376326 28906082 -0.07007898 0.068524 0.274312
-0.08690289 0.09511219 0.006718457 29146315 -0.07111912 0.06698214 0.273964
-0.08946145 0.09034676 0.007230714 29346487 -0.07297302 0.06370401 0.2731918
-0.0909904 0.08776704 0.007529542 29596705 -0.07394166 0.06210696 0.2727003
-0.09190371 0.08533701 0.007550955 29796906 -0.07478307 0.06050491 0.2723856
-0.09321696 0.08288901 0.007776245 30047115 -0.07539646 0.05875586 0.27186
-0.09501357 0.07821583 0.007898912 30247292 -0.07666522 0.05535423 0.2711231
-0.09582081 0.07556131 0.007885724 30467495 -0.07726409 0.05369913 0.2708256
-0.09651485 0.07329628 0.007879078 30707712 -0.07776837 0.05211746 0.2705297
-0.09729492 0.06905217 0.007672593 30917897 -0.07829265 0.0486518 0.2700691
-0.09800346 0.06658308 0.007748008 31148117 -0.0787847 0.04710471 0.2698399
-0.09879839 0.06215392 0.007238954 31358295 -0.07947566 0.04388439 0.2692321
-0.09963582 0.05957949 0.007359266 31588506 -0.07987203 0.04197489 0.2688656
-0.09960028 0.05769586 0.007038385 31808709 -0.08019796 0.04031907 0.2687621
-0.09983421 0.05519131 0.006704465 32028904 -0.08054084 0.03870331 0.2685457
-0.1006515 0.05033699 0.006380737 32249099 -0.08094479 0.03524386 0.267983
-0.1011326 0.0475768 0.006276309 32479310 -0.08102667 0.03316843 0.2676644
-0.1024903 0.04298773 0.006568 32709526 -0.08158308 0.029837 0.2670885
-0.1027949 0.04054895 0.006364405 32959744 -0.08165173 0.02798258 0.2668025
-0.1027248 0.03784427 0.006067425 33149932 -0.08172849 0.02604174 0.2667464
-0.1029049 0.03260306 0.005905136 33400141 -0.08187477 0.02197897 0.2666421
-0.1031262 0.03014783 0.005921602 33600322 -0.08211487 0.02015029 0.2665772
-0.1033816 0.02716601 0.005952209 33840543 -0.08227879 0.01811909 0.2665086
-0.1030579 0.0219017 0.005285621 34050737 -0.08228431 0.01411473 0.2663787
-0.1031033 0.01907022 0.005015552 34270927 -0.08217984 0.01204883 0.2661921
-0.1029994 0.01609745 0.004669458 34491122 -0.0821052 0.01006185 0.2660689
-0.1024007 0.01065295 0.004097372 34711325 -0.08143981 0.006242385 0.2660921
-0.1018137 0.008336398 0.003802538 34941532 -0.08092687 0.004336109 0.2662615
-0.1011597 0.005870566 0.003530785 35181749 -0.08058274 0.002498498 0.2665145
-0.1007819 0.001600174 0.003602102 35411957 -0.08035951 -0.0007616378 0.266834
-0.1007517 -0.0005840396 0.003643304 35622147 -0.08033276 -0.002212176 0.2668936
-0.1009967 -0.003022624 0.003869176 35862363 -0.08053356 -0.003881822 0.266912
-0.1010635 -0.007805578 0.003717422 36062544 -0.08077547 -0.006855616 0.2667784
-0.1008546 -0.00978234 0.00327 36302761 -0.0806031 -0.008714686 0.2665818
-0.1008356 -0.01236591 0.003113493 36512946 -0.08053863 -0.01055075 0.2664651
-0.1009174 -0.01694864 0.002715304 36753167 -0.08063167 -0.01373805 0.2660985
-0.1006447 -0.01969904 0.00236322 36953348 -0.08044599 -0.01538743 0.2659819
-0.1005604 -0.02124877 0.002171844 37183564 -0.08034755 -0.01684392 0.2658876
-0.1002661 -0.0242276 0.001580745 37393766 -0.07999498 -0.01936842 0.2656089
-0.1003091 -0.0257261 0.001570597 37653976 -0.0801231 -0.02030838 0.2655627
-0.1001751 -0.02733751 0.001511976 37864186 -0.08013619 -0.02133156 0.2655886
-0.1000658 -0.03017988 0.001593262 38074359 -0.08002031 -0.02332939 0.2656703
-0.09981705 -0.03129604 0.001497135 38294558 -0.07985231 -0.02422036 0.2657433
-0.09985556 -0.03279587 0.001579672 38524766 -0.07989648 -0.02513219 0.2657483
-0.09998388 -0.03565817 0.001397371 38774988 -0.07960996 -0.02711142 0.2654448
-0.1000272 -0.03704285 0.001355276 38965180 -0.07964133 -0.02798964 0.2653542
-0.09989412 -0.03850844 0.001154691 39225398 -0.07974238 -0.02879358 0.2652656
-0.09985477 -0.04113711 0.001098812 39415566 -0.07963981 -0.03058542 0.2651792
-0.09963949 -0.04287853 0.0009958446 39665792 -0.0793729 -0.03172887 0.2651788
-0.09899934 -0.0464416 0.0006135553 39865972 -0.07913073 -0.03385056 0.2651932
-0.09881289 -0.04791837 0.0003457516 40116202 -0.07885796 -0.03482212 0.2650548
-0.09863304 -0.05008814 0.0002803802 40306378 -0.07854938 -0.03615798 0.2650192
-0.09828746 -0.0519402 -1.268089E-05 40536581 -0.07819621 -0.03744293 0.2649521
-0.0971128 -0.05587288 -0.0004984289 40756776 -0.07739938 -0.0404085 0.265213
-0.09704461 -0.05846343 -0.0001922548 40976975 -0.0772284 -0.0419202 0.265339
-0.0957313 -0.06319837 -0.0005990416 41197174 -0.07640196 -0.04511536 0.2656538
-0.09553932 -0.06557576 -0.000421524 41427402 -0.07597616 -0.04687442 0.2657862
-0.09511474 -0.06792893 -0.0004122555 41647600 -0.07571544 -0.04851807 0.2659518
-0.09326982 -0.07320551 -0.001050755 41877792 -0.0748964 -0.05164076 0.2663141
-0.09259846 -0.07566162 -0.001033753 42097986 -0.07451087 -0.05350126 0.2666301
-0.09191394 -0.07776915 -0.0008843392 42318189 -0.07405601 -0.05520023 0.2670656
-0.0897568 -0.08223563 -0.001155734 42568415 -0.07311799 -0.05805613 0.2678778
-0.08833244 -0.08490837 -0.001174226 42758587 -0.07243504 -0.05973054 0.2685074
-0.08738486 -0.08658904 -0.001079589 43048853 -0.07150596 -0.06122614 0.2690407
-0.08482108 -0.09120628 -0.001229689 43219002 -0.06994814 -0.06431163 0.2700555
-0.08346115 -0.09361035 -0.0013863 43449210 -0.06922884 -0.06580544 0.2705062
-0.08223747 -0.09569058 -0.001665369 43669409 -0.06845699 -0.06728663 0.270835
-0.07999252 -0.1000854 -0.002008826 43889607 -0.0667603 -0.07029403 0.2714536
-0.07913725 -0.1021861 -0.002013937 44139833 -0.06628721 -0.07170928 0.2717465
-0.07812008 -0.1038742 -0.002154231 44330009 -0.06577746 -0.07286526 0.272052
-0.07561199 -0.1084819 -0.002178967 44570217 -0.06438904 -0.0757152 0.27289
-0.07473713 -0.1103481 -0.00203222 44790420 -0.06369873 -0.07699229 0.2732722
-0.07385244 -0.1116166 -0.001892149 45020636 -0.06308007 -0.07789351 0.2737012
-0.07060164 -0.1149765 -0.001949742 45220809 -0.06158554 -0.08007229 0.2749036
-0.06936531 -0.1158224 -0.001772046 45471055 -0.06067295 -0.08096267 0.2755844
-0.06825279 -0.1169442 -0.001514897 45671239 -0.05979253 -0.0819694 0.2762192
-0.06488381 -0.1191195 -0.001452371 45901431 -0.05804883 -0.08341457 0.2775306
-0.06392831 -0.1196208 -0.001190022 46131635 -0.05716787 -0.08400584 0.2781236
-0.06242079 -0.1205565 -0.001203224 46361850 -0.05613992 -0.08477034 0.2786797
-0.05918485 -0.1222704 -0.00110434 46682127 -0.05417836 -0.08602764 0.279898
-0.05595521 -0.1241083 -0.0007913709 46902326 -0.05225779 -0.08745827 0.2812118
-0.05440744 -0.1250934 -0.0005924106 47132530 -0.051127 -0.08824326 0.2818481
-0.05287088 -0.1259921 -0.0004093647 47352728 -0.05021723 -0.08895208 0.2824591
-0.05007778 -0.1275257 0.0001095235 47592949 -0.04863232 -0.09019627 0.2836781
-0.0485739 -0.1281861 0.0001735687 47803139 -0.04769267 -0.09072556 0.2841632
-0.04751293 -0.1288954 0.0003966242 48053361 -0.04704221 -0.09142745 0.284648
-0.04543147 -0.1303494 0.0008608848 48253545 -0.04580812 -0.09252597 0.2855007
-0.04428575 -0.1310669 0.000871405 48503771 -0.0451525 -0.09297003 0.2857573
-0.04168898 -0.1326193 0.0009963512 48693943 -0.04338618 -0.09394587 0.2863903
-0.0402467 -0.1334484 0.00105007 48944169 -0.04248147 -0.09464158 0.2867622
-0.03892763 -0.1343501 0.00121668 49144349 -0.04162646 -0.09519852 0.2871084
-0.03721656 -0.1350534 0.001214072 49374557 -0.04058126 -0.09568466 0.2874481
-0.03453507 -0.1365603 0.001292601 49584751 -0.0384402 -0.09702696 0.2880624
-0.03269795 -0.1372861 0.001160964 49814955 -0.03725611 -0.09745611 0.2882588
-0.03153272 -0.1383899 0.001169056 50035153 -0.03631946 -0.09804012 0.2883409
-0.02865399 -0.1403514 0.0009229183 50265357 -0.03417727 -0.09915735 0.2884388
-0.02716367 -0.141306 0.0008066595 50505578 -0.03298512 -0.09981597 0.2885213
-0.02423903 -0.1431426 0.0004955828 50715763 -0.03073639 -0.1007978 0.2884901
-0.02217898 -0.1435485 2.026558E-06 50945975 -0.02949271 -0.1010634 0.288367
-0.02049754 -0.1444444 -0.0001093298 51176195 -0.02824286 -0.1015195 0.2883591
-0.01653608 -0.1454951 -0.0002479106 51396382 -0.02537447 -0.1022993 0.2885854
-0.01472321 -0.1459956 -0.0001781881 51596562 -0.02377642 -0.1025674 0.2887303
-0.01259057 -0.146257 -0.0003110468 51856793 -0.02218809 -0.1029245 0.2888194
-0.008799803 -0.1475559 -0.0005074292 52046969 -0.01923153 -0.1036619 0.2887058
-0.006760689 -0.1480166 -0.0006933212 52297195 -0.01793445 -0.1039304 0.2885594
-0.004859027 -0.1485672 -0.0005738139 52517393 -0.01656441 -0.1043059 0.2886134
-0.001074843 -0.1492739 -0.0005687028 52857696 -0.01355049 -0.1050321 0.2886291
0.002527235 -0.1494973 -0.0003365427 53097917 -0.01081393 -0.1053377 0.2887164
0.004498824 -0.1492944 -9.943545E-05 53388175 -0.00948805 -0.1054653 0.2888755
0.008177773 -0.1494928 0.0003437698 53608378 -0.006822306 -0.1056973 0.2889269
0.009798348 -0.1495029 0.000425607 53838586 -0.005709301 -0.1055921 0.2887917
0.01269234 -0.1495815 0.0003442764 54078802 -0.003305556 -0.1055284 0.2884214
0.01416617 -0.1494035 0.0004455894 54309010 -0.001956075 -0.1054286 0.2883716
0.01579656 -0.1491636 0.000658676 54619294 -0.0007281494 -0.1054055 0.2883774
0.01926164 -0.1486012 0.001091912 54859507 0.001705238 -0.1052059 0.2882577
0.02266817 -0.1477352 0.001615822 55069697 0.004176746 -0.1050212 0.2882363
0.02428464 -0.147213 0.001847982 55289899 0.005442891 -0.1047808 0.2881854
0.02586511 -0.1466613 0.002046078 55650224 0.006566267 -0.1044912 0.2880779
0.03076873 -0.1440019 0.002911925 55850401 0.01036946 -0.103067 0.2879817
0.03224168 -0.1428367 0.003279805 56100631 0.01169635 -0.1025584 0.2881123
0.03420762 -0.1417546 0.003812268 56290798 0.01305887 -0.1019677 0.2880963
0.03601849 -0.1407095 0.004241213 56541028 0.01434086 -0.1013346 0.2880067
0.03931047 -0.1388013 0.004905805 56881331 0.01714841 -0.1003065 0.2878304
0.04240556 -0.1369544 0.005273134 57081508 0.01964297 -0.09906901 0.2873367
0.04392622 -0.1361943 0.005422354 57321745 0.02085136 -0.09829296 0.286945
0.04660043 -0.1347943 0.005312145 57521909 0.02323866 -0.09709085 0.2861063
0.04794864 -0.1340726 0.005356744 57782144 0.02433406 -0.09642876 0.285697
0.04959144 -0.1332696 0.00552018 58112442 0.02545894 -0.09564245 0.2851922
0.05223795 -0.1319449 0.005517542 58422722 0.02785849 -0.0944903 0.2843347
0.05492168 -0.1304756 0.005584449 58652930 0.03010201 -0.09326078 0.2834499
0.05746735 -0.1289902 0.005454525 58873137 0.03223896 -0.0920539 0.282472
0.05868395 -0.128254 0.005280063 59083319 0.03325001 -0.09162343 0.281975
0.05983151 -0.1277497 0.005077615 59313530 0.03435322 -0.09103895 0.28139
0.06249667 -0.1265653 0.00491783 59543738 0.03614324 -0.08986808 0.2801008
0.06333135 -0.126242 0.004421398 59793956 0.03712403 -0.08924378 0.2794155
0.06460885 -0.1255771 0.004024535 59984144 0.03795699 -0.08866752 0.2786122
0.06709787 -0.1245857 0.003219455 60234353 0.03979765 -0.08699216 0.2767932
0.06823473 -0.1239938 0.002734378 60434538 0.04072105 -0.0861472 0.2759223
0.06949244 -0.1231857 0.002306461 60664746 0.04167015 -0.08529891 0.2750744
0.0719809 -0.1217397 0.001014516 61035080 0.04358323 -0.08330739 0.2729931
0.07427553 -0.1204866 -0.0008188188 61335351 0.04544107 -0.08129956 0.2706375
0.07721398 -0.119363 -0.002766773 61675670 0.04681882 -0.07864441 0.2674911
0.07974776 -0.1179169 -0.005258933 62015961 0.04861373 -0.07637227 0.2645707
0.08252341 -0.1160678 -0.007457346 62346271 0.05001519 -0.07360173 0.2615551
0.08550809 -0.1141448 -0.009406269 62706596 0.05173706 -0.07080627 0.2586132
0.08906161 -0.1111107 -0.01029749 63006863 0.05367219 -0.06843055 0.2562994
0.09236293 -0.108536 -0.01132752 63237063 0.05584845 -0.06554867 0.2538379
0.09433829 -0.1068821 -0.01113369 63457282 0.0570274 -0.06432976 0.2529205
0.09574278 -0.1055564 -0.01164249 63797573 0.0580749 -0.06311143 0.2518966
0.09928394 -0.1024451 -0.01175399 64127871 0.06032539 -0.06066359 0.2499389
0.1027024 -0.09936784 -0.01182956 64458169 0.06277443 -0.05835892 0.2480991
0.1059689 -0.09644458 -0.01197261 64678364 0.06494547 -0.05589427 0.246162
0.1095117 -0.09311246 -0.01144338 64908575 0.06730814 -0.05362571 0.244487
0.1114843 -0.09096459 -0.01078849 65138783 0.06869181 -0.0524484 0.2437977
0.1131393 -0.089003 -0.01073292 65348973 0.06996008 -0.05122996 0.2429639
0.1167012 -0.08512226 -0.009886011 65689288 0.07271898 -0.04860784 0.2414014
0.1200851 -0.08037674 -0.009547412 65919488 0.07496923 -0.04535497 0.239617
0.1215933 -0.07794727 -0.00963828 66129685 0.07594062 -0.04362501 0.23869
0.122815 -0.07562553 -0.010068 66359889 0.0768538 -0.04180468 0.2377747
0.1256179 -0.07065106 -0.009948835 66740224 0.07862449 -0.03808094 0.2361223
0.1281792 -0.06511815 -0.009444937 67050504 0.08047074 -0.03432692 0.2349161
0.130346 -0.05964223 -0.00849244 67370822 0.08178611 -0.03051437 0.2340709
0.1323223 -0.05424894 -0.007566199 67711113 0.083669 -0.02711035 0.2335113
0.134467 -0.04884462 -0.006308079 68051412 0.08520814 -0.02353633 0.23282
0.1362041 -0.04338832 -0.00555101 68411733 0.0868862 -0.01994289 0.232258
0.1379366 -0.03784711 -0.005165488 68732026 0.08812697 -0.01612676 0.2313987
0.1399401 -0.03197476 -0.005002841 69042306 0.08914284 -0.01182414 0.2301078
0.1418439 -0.02604765 -0.005018085 69382613 0.09004399 -0.007724176 0.2288126
0.1443664 -0.02047724 -0.004603699 69712911 0.09140391 -0.003527412 0.2271523
0.1467808 -0.01562273 -0.004521057 70043217 0.0928604 0.0001270676 0.2254254
0.1491837 -0.01042109 -0.004516333 70433561 0.09407757 0.003837218 0.2236324
0.1514161 -0.005677166 -0.004238173 70723839 0.09528215 0.007694354 0.222014
0.1531218 -0.001103716 -0.003438935 71064130 0.09643377 0.01092588 0.2210834
0.1546285 0.002994416 -0.002234027 71404437 0.0979356 0.01398968 0.2205058
0.1555488 0.00694361 -0.001609743 71754754 0.09908732 0.01625525 0.2202235
0.1556975 0.01058992 -0.0008115917 72075043 0.09909934 0.01927315 0.2204033
0.1552551 0.01352199 0.0009679049 72455386 0.09931871 0.02096461 0.2215696
0.1542333 0.01532675 0.002336428 72725642 0.09966809 0.02148747 0.2231865
0.1532207 0.01600937 0.002911434 73065937 0.09932522 0.0217334 0.2243223
0.1517899 0.01616313 0.003046483 73416261 0.09833427 0.02148234 0.2255602
0.1476473 0.0165082 0.004681751 73736542 0.09565644 0.02094518 0.2296288
