0.1471316 -0.0002120485 -0.0017785 0 0.1313198 -0.009243942 0.1395532
0.1470083 -0.0008328332 -0.002209577 110091 0.1311324 -0.009548916 0.1391348
0.1466873 -0.001356461 -0.002706415 220191 0.1309661 -0.009890322 0.1386664
0.1466873 -0.001356461 -0.002706415 330286 0.1309661 -0.009890322 0.1386664
0.1461979 -0.001760037 -0.003142566 440385 0.1306567 -0.0101579 0.1382583
0.1459614 -0.002045296 -0.003584891 560494 0.1304798 -0.0102595 0.1378333
0.1459614 -0.002045296 -0.003584891 680975 0.1304798 -0.0102595 0.1378333
0.1458393 -0.002320383 -0.004002159 780705 0.130366 -0.01034697 0.1374277
0.1460446 -0.002844913 -0.004528603 890792 0.1304242 -0.01052236 0.1369044
0.1460446 -0.002844913 -0.004528603 1000895 0.1304242 -0.01052236 0.1369044
0.1461387 -0.00323914 -0.005068989 1110990 0.1304916 -0.01067403 0.1363741
0.1462563 -0.00352307 -0.005694674 1231512 0.1306215 -0.01077414 0.1357593
0.1462563 -0.00352307 -0.005694674 1351219 0.1306215 -0.01077414 0.1357593
0.1467878 -0.003454004 -0.00633744 1451306 0.1309279 -0.01075946 0.1350887
0.1470844 -0.002813543 -0.006942366 1571410 0.1312798 -0.0104988 0.1344698
0.1470732 -0.0009121005 -0.007482721 1681505 0.1315377 -0.009821405 0.1338875
0.1470732 -0.0009121005 -0.007482721 1801610 0.1315377 -0.009821405 0.1338875
0.1468623 0.001677479 -0.007882137 1901712 0.1317114 -0.008942598 0.1334116
0.1468623 0.001677479 -0.007882137 2011803 0.1317114 -0.008942598 0.1334116
0.1457121 0.007023248 -0.007814643 2142132 0.1314472 -0.006911029 0.1332832
0.1451592 0.01147899 -0.007640623 2231998 0.1313806 -0.005196066 0.133208
0.1451592 0.01147899 -0.007640623 2342106 0.1313806 -0.005196066 0.133208
0.1443404 0.01629033 -0.007067938 2462214 0.1311667 -0.003164916 0.1334817
0.1430763 0.02153949 -0.006104642 2582505 0.1307755 -0.0005859541 0.1341288
0.1417051 0.02738637 -0.004748557 2692426 0.1301839 0.002227596 0.1350389
0.1417051 0.02738637 -0.004748557 2812538 0.1301839 0.002227596 0.1350389
0.1394729 0.03306326 -0.003285764 2912628 0.1291402 0.005293723 0.1360998
0.1374553 0.03879255 -0.001727201 3033029 0.1279414 0.008691496 0.137232
0.1374553 0.03879255 -0.001727201 3152841 0.1279414 0.008691496 0.137232
0.1352132 0.04452449 -7.958674E-05 3242910 0.1264091 0.01225048 0.1384381
0.1323852 0.05021618 0.001766011 3353022 0.1246445 0.01595106 0.1398683
0.1323852 0.05021618 0.001766011 3483135 0.1246445 0.01595106 0.1398683
0.1297859 0.0560977 0.003630702 3573208 0.1227401 0.01970236 0.1412243
0.1267179 0.06188172 0.005461198 3693321 0.1206688 0.02356954 0.142581
0.1267179 0.06188172 0.005461198 3803420 0.1206688 0.02356954 0.142581
0.1239327 0.06768586 0.007345087 3913532 0.1184812 0.02755936 0.1439701
0.1212464 0.073509 0.009136995 4033648 0.1162472 0.03151415 0.1452167
0.1212464 0.073509 0.009136995 4143727 0.1162472 0.03151415 0.1452167
0.1183817 0.07908387 0.01079935 4263852 0.1139295 0.03556649 0.1464189
0.1155504 0.08453088 0.01239247 4393957 0.111449 0.03972429 0.1476027
0.1155504 0.08453088 0.01239247 4474017 0.111449 0.03972429 0.1476027
0.1123547 0.08951728 0.01383617 4584137 0.1088179 0.04377159 0.1487476
0.1092199 0.0944398 0.01524191 4704233 0.1062098 0.04789872 0.1498937
0.1092199 0.0944398 0.01524191 4804319 0.1062098 0.04789872 0.1498937
0.1057628 0.09937163 0.0166296 4924444 0.1034543 0.05201099 0.1510092
0.1021117 0.1035757 0.017665 5034543 0.1004896 0.05589152 0.1519402
0.1021117 0.1035757 0.017665 5144635 0.1004896 0.05589152 0.1519402
0.09922522 0.1059618 0.01808177 5264755 0.09766252 0.05921785 0.1526879
0.09546173 0.1099944 0.01890235 5374846 0.09452962 0.06297169 0.1534172
0.09546173 0.1099944 0.01890235 5484942 0.09452962 0.06297169 0.1534172
0.09182552 0.1137729 0.01946753 5595045 0.09143771 0.06656969 0.1539219
0.08792517 0.1172748 0.01972181 5705140 0.0882132 0.06993213 0.1541273
0.08792517 0.1172748 0.01972181 5815236 0.0882132 0.06993213 0.1541273
0.08431922 0.1205374 0.01962487 5925347 0.08505882 0.07322187 0.1540382
0.08045416 0.1235545 0.01932174 6045460 0.08176984 0.07636823 0.1537762
0.08045416 0.1235545 0.01932174 6175577 0.08176984 0.07636823 0.1537762
0.07651897 0.1268237 0.01897024 6265658 0.07834536 0.07947005 0.1533598
0.07238595 0.1297889 0.01844382 6395768 0.07480733 0.0824189 0.1528182
0.07238595 0.1297889 0.01844382 6505867 0.07480733 0.0824189 0.1528182
0.06843338 0.1331699 0.0179478 6595952 0.0711673 0.08552366 0.1522185
0.06426261 0.1361217 0.0173495 6716045 0.06754186 0.08851024 0.1516203
0.06426261 0.1361217 0.0173495 6846470 0.06754186 0.08851024 0.1516203
0.05978297 0.1387811 0.0167647 6936255 0.06365442 0.09130444 0.1510675
0.05528302 0.1412958 0.01615021 7056360 0.05969311 0.09398533 0.150495
0.05528302 0.1412958 0.01615021 7186510 0.05969311 0.09398533 0.150495
0.05020132 0.1436358 0.01556084 7276559 0.05567368 0.09654945 0.1499453
0.04503423 0.1457067 0.01505893 7386650 0.05147372 0.09889751 0.1494973
0.04503423 0.1457067 0.01505893 7526967 0.05147372 0.09889751 0.1494973
0.03974655 0.1477198 0.01454331 7606853 0.0471517 0.101109 0.1490009
0.03436907 0.1492395 0.01388618 7716948 0.04265704 0.1031926 0.1484865
0.03436907 0.1492395 0.01388618 7847073 0.04265704 0.1031926 0.1484865
0.02877669 0.150405 0.01301951 7947164 0.03799292 0.1050199 0.1477842
0.02325597 0.1514886 0.01201565 8067280 0.03343805 0.1066375 0.1468895
0.02325597 0.1514886 0.01201565 8177371 0.03343805 0.1066375 0.1468895
0.01753628 0.1519445 0.01101661 8297480 0.0288633 0.1077484 0.1460154
0.01159532 0.1520786 0.009976817 8397566 0.02418901 0.108729 0.1451377
0.01159532 0.1520786 0.009976817 8507670 0.02418901 0.108729 0.1451377
0.005592309 0.1521948 0.008996965 8617769 0.01944811 0.1095199 0.144249
-0.0005981913 0.1516925 0.007959029 8727860 0.01473336 0.1099839 0.1433532
-0.0005981913 0.1516925 0.007959029 8847977 0.01473336 0.1099839 0.1433532
-0.006718056 0.1511467 0.006988009 8948063 0.009921493 0.1102972 0.1424896
-0.01280382 0.1504016 0.006260467 9098211 0.005145601 0.1103994 0.1418477
-0.01880669 0.1493725 0.005595151 9178275 0.0003691255 0.1103007 0.1412857
-0.01880669 0.1493725 0.005595151 9288374 0.0003691255 0.1103007 0.1412857
-0.0244635 0.1483071 0.004996983 9398482 -0.00430506 0.1100811 0.140786
-0.0244635 0.1483071 0.004996983 9518574 -0.00430506 0.1100811 0.140786
-0.0299515 0.1469506 0.004479458 9628677 -0.008926647 0.1097038 0.1404092
-0.03536475 0.1453789 0.003937705 9738776 -0.01340773 0.1091304 0.1399899
-0.04063496 0.1434767 0.003296607 9848880 -0.01776743 0.1083345 0.139489
-0.04063496 0.1434767 0.003296607 9958975 -0.01776743 0.1083345 0.139489
-0.04541257 0.1413243 0.002505094 10079096 -0.02203643 0.1072887 0.138892
-0.04541257 0.1413243 0.002505094 10209209 -0.02203643 0.1072887 0.138892
-0.05025478 0.139018 0.001718527 10309303 -0.02612099 0.1060497 0.1382356
-0.05515968 0.1365735 0.001007147 10419395 -0.03012712 0.1046645 0.137614
-0.05981604 0.1339773 0.0003278977 10539515 -0.03398977 0.1030546 0.1370138
-0.05981604 0.1339773 0.0003278977 10639751 -0.03398977 0.1030546 0.1370138
-0.06428701 0.1309734 -0.0005267002 10749697 -0.03776455 0.1013 0.1363027
-0.06886894 0.1278892 -0.001364045 10859950 -0.0415222 0.09932401 0.1355389
-0.06886894 0.1278892 -0.001364045 10969904 -0.0415222 0.09932401 0.1355389
-0.07327069 0.124859 -0.002184326 11080169 -0.04503194 0.09716373 0.1347164
-0.07772119 0.1216309 -0.002924025 11200091 -0.04850138 0.0948988 0.1339623
-0.07772119 0.1216309 -0.002924025 11330225 -0.04850138 0.0948988 0.1339623
-0.08209573 0.1184516 -0.003642468 11420298 -0.05196585 0.0924839 0.1331937
-0.08632398 0.1152826 -0.004403744 11580455 -0.05542261 0.09009973 0.132407
-0.09033244 0.1118622 -0.005114226 11800961 -0.0587368 0.08755291 0.1316959
-0.09412639 0.1082959 -0.005786759 12010831 -0.06189488 0.08495753 0.1310442
-0.0979526 0.1050345 -0.006126254 12241051 -0.0650017 0.08244196 0.1306585
-0.1048795 0.09899504 -0.006473074 12481255 -0.07074301 0.07735284 0.1301745
-0.1082644 0.09555038 -0.006665802 12681582 -0.073507 0.07466672 0.1299434
-0.1114604 0.09198928 -0.007076533 12911656 -0.07621218 0.07191394 0.129528
-0.1184863 0.08417912 -0.007825073 13131851 -0.08157702 0.06609913 0.1286194
-0.1221118 0.08065654 -0.008121429 13352045 -0.0844167 0.06327076 0.1281983
-0.125354 0.07642038 -0.008579488 13572240 -0.08714283 0.06028831 0.1277507
-0.1314079 0.0677178 -0.009550285 13792439 -0.09226221 0.0542539 0.1268044
-0.1339552 0.0637905 -0.01007316 13982610 -0.09459345 0.0513049 0.1263124
-0.1370041 0.06022414 -0.01005559 14122745 -0.09693592 0.04844345 0.1261869
-0.1393643 0.05656405 -0.01020322 14212822 -0.09906019 0.04567097 0.1260435
-0.1393643 0.05656405 -0.01020322 14322921 -0.09906019 0.04567097 0.1260435
-0.1414393 0.0530459 -0.0103272 14433009 -0.1011088 0.04293501 0.125972
-0.1438143 0.04947178 -0.01011833 14553125 -0.1032163 0.04021516 0.1261622
-0.1438143 0.04947178 -0.01011833 14673229 -0.1032163 0.04021516 0.1261622
-0.1441959 0.04473756 -0.01093933 14783325 -0.1042755 0.0370629 0.1256393
-0.1464173 0.04145322 -0.01076238 14893428 -0.1061892 0.03448973 0.1257641
-0.1464173 0.04145322 -0.01076238 14993523 -0.1061892 0.03448973 0.1257641
-0.148067 0.0374884 -0.01080532 15103618 -0.1078195 0.03163486 0.1257675
-0.1498108 0.03352977 -0.01063466 15213721 -0.1095732 0.02876054 0.1259833
-0.1498108 0.03352977 -0.01063466 15333838 -0.1095732 0.02876054 0.1259833
-0.1511135 0.02939462 -0.0106673 15463947 -0.1111213 0.0258396 0.1260596
-0.1524486 0.02513516 -0.01073346 15574042 -0.1126088 0.02285425 0.1260651
-0.1541206 0.02063866 -0.01071859 15664128 -0.1141753 0.0196586 0.1260647
-0.1541206 0.02063866 -0.01071859 15814255 -0.1141753 0.0196586 0.1260647
-0.1553294 0.01598578 -0.01085047 16034462 -0.1155677 0.01645038 0.125989
-0.1568053 0.01125662 -0.01081997 16264670 -0.1171309 0.01314124 0.1260326
-0.1588707 0.0009468465 -0.0110608 16494869 -0.1197801 0.005951923 0.1258813
-0.1601144 -0.003960183 -0.01123529 16705059 -0.1211237 0.002455363 0.1256764
-0.1611623 -0.008568754 -0.0115023 16935287 -0.1223402 -0.0009722666 0.1253969
-0.1616087 -0.0192538 -0.01215093 17165479 -0.1242832 -0.0084583 0.1249495
-0.1618257 -0.02368833 -0.0124687 17385693 -0.1251447 -0.0118984 0.1247237
-0.1615911 -0.02835328 -0.0128929 17605872 -0.1258415 -0.01533941 0.1244347
-0.1609309 -0.03711898 -0.01353094 17826071 -0.1263843 -0.02207329 0.1238969
-0.1603056 -0.04144485 -0.01372286 18046448 -0.1262639 -0.02537871 0.1237155
-0.1592683 -0.04548757 -0.01399385 18276485 -0.1259778 -0.02864696 0.1235357
-0.156587 -0.0539771 -0.01458987 18527047 -0.1251442 -0.0352666 0.1231327
-0.1554836 -0.05826935 -0.01482635 18736901 -0.1246002 -0.0386416 0.1228952
-0.1519571 -0.06687194 -0.01564613 18937093 -0.1228157 -0.04550301 0.1221958
-0.1503515 -0.07154171 -0.01587219 19167289 -0.1219096 -0.04910869 0.1219468
-0.1475857 -0.07665794 -0.0162952 19407506 -0.120602 -0.05278208 0.1215746
-0.1428511 -0.0857296 -0.01726874 19617696 -0.117983 -0.06001735 0.1206686
-0.1402421 -0.09025508 -0.01775835 19837890 -0.1163937 -0.06359591 0.1201793
-0.137027 -0.09507961 -0.01829071 20068102 -0.1144162 -0.06734043 0.1196424
-0.1330805 -0.09979048 -0.01891191 20288293 -0.1120735 -0.0710378 0.1190672
-0.1255127 -0.10891 -0.0200564 20518683 -0.1068027 -0.07824452 0.1178414
-0.1216075 -0.1137464 -0.02065537 20738877 -0.1037275 -0.08191691 0.1170887
-0.1172953 -0.11815 -0.0213169 20958906 -0.1006737 -0.08535866 0.1163591
-0.1084027 -0.1265988 -0.02227507 21209432 -0.09458702 -0.09200419 0.1152699
-0.1038802 -0.1303377 -0.02278368 21409312 -0.09133828 -0.09518106 0.1147407
-0.0944133 -0.1376134 -0.0235827 21629507 -0.08411044 -0.1012199 0.1138059
-0.08916555 -0.1407193 -0.02388339 21889750 -0.08025269 -0.1039025 0.1134896
-0.08402894 -0.1440488 -0.02395846 22079909 -0.076372 -0.1065549 0.1133071
-0.07277689 -0.1496225 -0.02408759 22300112 -0.06802027 -0.1112828 0.1130754
-0.06705138 -0.1523475 -0.02408083 22550334 -0.06368473 -0.1134418 0.1129639
-0.06115581 -0.1550433 -0.02409485 22750656 -0.05919865 -0.115454 0.1127813
-0.04998896 -0.1599737 -0.02403265 22980739 -0.05037687 -0.1189795 0.1124429
-0.04429374 -0.1617716 -0.02406654 23210950 -0.04598577 -0.1203892 0.1122819
-0.03937662 -0.1630398 -0.02405117 23421144 -0.04189111 -0.1214694 0.1122273
-0.02989646 -0.163452 -0.02375166 23641476 -0.03398644 -0.1224442 0.112659
-0.0251027 -0.1631146 -0.02340798 23891747 -0.03021008 -0.1223726 0.1130481
-0.02038233 -0.1621508 -0.02295369 24091725 -0.02646855 -0.1219269 0.113616
-0.01105848 -0.1592425 -0.0218021 24312260 -0.018984 -0.1201245 0.1149942
-0.006756787 -0.1574868 -0.02107559 24552144 -0.0152812 -0.1188602 0.1158242
-0.002154718 -0.1556942 -0.02032868 24772351 -0.01150843 -0.1174225 0.1166167
0.007651621 -0.1523879 -0.01855944 24982545 -0.00392489 -0.1142733 0.1182598
0.01179203 -0.1503961 -0.01793177 25232763 -0.0002254467 -0.1125262 0.1189174
0.01554111 -0.1485216 -0.01752711 25432947 0.003440382 -0.1106484 0.1193138
0.02455751 -0.1442347 -0.01651501 25643125 0.01104349 -0.106955 0.1203567
0.02912441 -0.1419634 -0.01601296 25903368 0.0146925 -0.1048852 0.1208196
0.03313826 -0.1392858 -0.01559225 26113558 0.0182621 -0.1026908 0.1213229
0.03915707 -0.133393 -0.01481176 26343952 0.02408055 -0.09783765 0.1223552
0.04301112 -0.130421 -0.01452908 26573977 0.02722385 -0.09528832 0.1226668
0.05019835 -0.1245141 -0.01385124 26774162 0.03336792 -0.09012774 0.1234097
0.05367193 -0.1214041 -0.01370084 26994348 0.03627505 -0.08745742 0.1235989
0.05709503 -0.1187199 -0.01341166 27234581 0.039156 -0.08488698 0.1238464
0.06398472 -0.112727 -0.01301388 27444759 0.04492222 -0.07949261 0.124239
0.0678304 -0.1099138 -0.01279137 27674959 0.04796969 -0.07684891 0.1243893
0.07141238 -0.1065773 -0.01266983 27915366 0.05098299 -0.07406659 0.1245597
0.078363 -0.1004928 -0.01225849 28125381 0.05696861 -0.06868534 0.1249888
0.08156206 -0.09745004 -0.01212153 28335559 0.05982617 -0.06613767 0.125186
0.08541181 -0.09420465 -0.01188925 28585789 0.06297417 -0.0632606 0.1253888
0.09263119 -0.08803605 -0.01139678 28776147 0.06894074 -0.0578168 0.1258323
0.09664467 -0.08445027 -0.01119509 29016509 0.07210214 -0.05494035 0.1260386
0.09983608 -0.08164325 -0.01099052 29246385 0.07502395 -0.05212067 0.1261919
0.1069673 -0.07545356 -0.01081795 29456587 0.08108188 -0.04683999 0.1263588
0.1102488 -0.0723039 -0.01081748 29697128 0.08399085 -0.04406619 0.1263664
0.1132793 -0.06908315 -0.01100318 29906989 0.08684875 -0.04128759 0.1262378
0.1191906 -0.06253733 -0.01131972 30127188 0.0922413 -0.0356831 0.1260078
0.1219386 -0.05883584 -0.01156978 30387427 0.09463445 -0.03268733 0.1258238
0.1243241 -0.0551357 -0.01187024 30577586 0.09693646 -0.02972748 0.1256456
0.1286933 -0.04738604 -0.01241939 30807794 0.1011348 -0.02359974 0.1253522
0.1309458 -0.04327177 -0.01267431 31048002 0.1030862 -0.02043216 0.1251969
0.1326639 -0.03904904 -0.01298456 31248195 0.1048893 -0.01725986 0.1250736
0.135573 -0.02986237 -0.01355441 31468390 0.1079503 -0.01068278 0.1249208
0.1366078 -0.0253597 -0.0137514 31718616 0.1091683 -0.007452084 0.1249304
0.137571 -0.02098958 -0.01383041 31918792 0.1102828 -0.0042955 0.1250326
0.1380197 -0.01643921 -0.01399536 32138999 0.1110864 -0.001269202 0.1251115
0.1385681 -0.007161754 -0.01441357 32369207 0.1123157 0.004665943 0.1251471
0.138443 -0.002434582 -0.01469322 32599423 0.1127192 0.007521837 0.1251117
0.1386365 0.005818775 -0.01481274 32819621 0.1133035 0.01267611 0.1252496
0.1384714 0.009237926 -0.01496347 33069835 0.1134879 0.01499962 0.125211
0.1380946 0.01206245 -0.01500781 33270016 0.1135109 0.01693212 0.1252712
0.1375367 0.01643142 -0.01511685 33600650 0.1136455 0.02020581 0.1253154
0.1373501 0.01926967 -0.01529473 33820833 0.113916 0.02253158 0.1252273
0.1372832 0.02009389 -0.01543291 34050712 0.1141122 0.02324641 0.1251353
0.137006 0.02064664 -0.01548329 34280920 0.1142272 0.02370632 0.1251511
0.1365735 0.02126973 -0.01460703 34511140 0.113956 0.02394467 0.1260612
0.1365637 0.02161973 -0.01385103 34711312 0.1137457 0.02392057 0.1267915
