0.1528079 -0.003445086 0.0006374717 0 0.222055 0.006208658 0.1926785
0.1525537 -0.003213063 0.0008742362 110103 0.2221857 0.006404161 0.1929625
0.1522982 -0.002941155 0.001298249 220194 0.2223253 0.006691813 0.1934713
0.1522982 -0.002941155 0.001298249 350320 0.2223253 0.006691813 0.1934713
0.1519364 -0.002487224 0.001777858 440397 0.2224447 0.007059216 0.1941159
0.1515589 -0.001762542 0.002363622 560505 0.2225755 0.007509708 0.1949071
0.1515589 -0.001762542 0.002363622 690611 0.2225755 0.007509708 0.1949071
0.1509903 -0.0007385372 0.002953291 780704 0.2226645 0.008131385 0.1958185
0.150715 0.0003820399 0.003713876 890787 0.2227873 0.008996486 0.1967973
0.150715 0.0003820399 0.003713876 1010900 0.2227873 0.008996486 0.1967973
0.1499054 0.001262061 0.004427046 1110994 0.2229781 0.01009142 0.1978137
0.1493319 0.002537672 0.00520952 1231094 0.2230528 0.01135504 0.1989491
0.1493319 0.002537672 0.00520952 1341206 0.2230528 0.01135504 0.1989491
0.1490568 0.004558535 0.005966648 1461310 0.223117 0.0128293 0.1999967
0.1481538 0.005867073 0.006352752 1571483 0.2231021 0.01451003 0.2007946
0.1481538 0.005867073 0.006352752 1671500 0.2231021 0.01451003 0.2007946
0.1480018 0.008545183 0.007044047 1781599 0.2231167 0.01656747 0.201763
0.1473792 0.01087161 0.007450894 1901720 0.223124 0.01896262 0.2024937
0.1473792 0.01087161 0.007450894 2011819 0.223124 0.01896262 0.2024937
0.1466462 0.01348492 0.007823229 2121914 0.2230482 0.02166521 0.2032867
0.1459843 0.01597662 0.008160457 2232006 0.2228622 0.0244708 0.2040842
0.1459843 0.01597662 0.008160457 2362111 0.2228622 0.0244708 0.2040842
0.1457883 0.01934797 0.008682698 2462222 0.2225752 0.02756619 0.2050812
0.1449184 0.02244613 0.008834735 2572317 0.2221894 0.03077578 0.2058944
0.1449184 0.02244613 0.008834735 2682408 0.2221894 0.03077578 0.2058944
0.14422 0.02624213 0.009122327 2792516 0.2218323 0.03436995 0.2068145
0.1435837 0.02990307 0.009311765 2912616 0.2213985 0.03814077 0.2076294
0.1429996 0.03398136 0.009575695 3012702 0.2207111 0.04208266 0.2087395
0.1429996 0.03398136 0.009575695 3132815 0.2207111 0.04208266 0.2087395
0.1416842 0.03786182 0.009615555 3242914 0.2198694 0.04623484 0.209902
0.1407599 0.0420205 0.009682119 3363026 0.2189641 0.0507679 0.2110074
0.1407599 0.0420205 0.009682119 3473130 0.2189641 0.0507679 0.2110074
0.1394864 0.04613813 0.009739131 3583221 0.2180167 0.05540943 0.2122256
0.1381402 0.05061475 0.009514675 3693320 0.2168423 0.06026053 0.2132858
0.1381402 0.05061475 0.009514675 3823454 0.2168423 0.06026053 0.2132858
0.1362244 0.05501174 0.009212241 3913519 0.2153271 0.06494045 0.2146683
0.1321091 0.05882322 0.007948413 4023623 0.2137938 0.07018923 0.215232
0.1321091 0.05882322 0.007948413 4163765 0.2137938 0.07018923 0.215232
0.1303739 0.06384535 0.007829219 4253826 0.2122992 0.07548869 0.21669
0.1273692 0.06870187 0.007512897 4363926 0.2104858 0.08101606 0.2183246
0.1273692 0.06870187 0.007512897 4474025 0.2104858 0.08101606 0.2183246
0.1255272 0.07310437 0.007333219 4584136 0.2086771 0.08607744 0.2198719
0.1209143 0.07774609 0.00667876 4694224 0.2066365 0.09163952 0.2212539
0.1209143 0.07774609 0.00667876 4824337 0.2066365 0.09163952 0.2212539
0.1182749 0.0822899 0.006401464 4924435 0.2045595 0.09691428 0.2228435
0.1159813 0.08685591 0.006078377 5034535 0.2024309 0.1021496 0.2243346
0.1159813 0.08685591 0.006078377 5154639 0.2024309 0.1021496 0.2243346
0.1126086 0.09111926 0.005709782 5254738 0.20002 0.1072297 0.2259629
0.1096912 0.09527761 0.005386189 5364837 0.197649 0.1122615 0.2275031
0.1096912 0.09527761 0.005386189 5484945 0.197649 0.1122615 0.2275031
0.1067837 0.09843727 0.005107045 5595037 0.1950973 0.1169424 0.2290833
0.1025446 0.102486 0.004925489 5705140 0.1921896 0.1219346 0.2310131
0.1025446 0.102486 0.004925489 5815247 0.1921896 0.1219346 0.2310131
0.09944797 0.1063068 0.004829243 5925343 0.1894253 0.1268725 0.232869
0.09617899 0.1102402 0.004692957 6035446 0.1864477 0.1315876 0.2347933
0.09617899 0.1102402 0.004692957 6155546 0.1864477 0.1315876 0.2347933
0.09281002 0.1141896 0.004411116 6265638 0.1833788 0.1363417 0.2364646
0.09002002 0.1185057 0.003865212 6375741 0.1803759 0.1409271 0.2377951
0.09002002 0.1185057 0.003865212 6495866 0.1803759 0.1409271 0.2377951
0.08676276 0.122788 0.00309214 6595940 0.1770468 0.1452689 0.2389452
0.08306397 0.1272241 0.002376676 6716052 0.1737073 0.1495056 0.2400348
0.08306397 0.1272241 0.002376676 6836157 0.1737073 0.1495056 0.2400348
0.08001714 0.131451 0.001599461 6936243 0.1702698 0.1533923 0.2412072
0.07671122 0.1350683 0.001197174 7056351 0.1666937 0.1571888 0.2427902
0.07671122 0.1350683 0.001197174 7166787 0.1666937 0.1571888 0.2427902
0.07373022 0.1382595 0.0009129643 7276558 0.1629862 0.1609106 0.2445907
0.07040309 0.1411085 0.0008201152 7386653 0.1591797 0.1644908 0.246512
0.07040309 0.1411085 0.0008201152 7506762 0.1591797 0.1644908 0.246512
0.06681612 0.1441898 0.0007935762 7606852 0.1552671 0.167933 0.2485061
0.06351726 0.1470401 0.0007163435 7716955 0.1513239 0.171053 0.250462
0.06351726 0.1470401 0.0007163435 7837072 0.1513239 0.171053 0.250462
0.06010614 0.1494889 0.000889644 7937142 0.1472182 0.1741809 0.2526805
0.0563976 0.1511505 0.001378655 8057267 0.1429954 0.1772983 0.2550453
0.0563976 0.1511505 0.001378655 8177371 0.1429954 0.1772983 0.2550453
0.0526168 0.1527532 0.001885384 8277457 0.1385996 0.1802877 0.2574228
0.04769836 0.1535728 0.002467871 8387553 0.13363 0.1827752 0.2596488
0.04769836 0.1535728 0.002467871 8517694 0.13363 0.1827752 0.2596488
0.04522513 0.1561523 0.00255686 8607751 0.1295427 0.1856203 0.2617596
0.04126659 0.157993 0.002850309 8727868 0.1246566 0.1882517 0.2638646
0.04126659 0.157993 0.002850309 8857985 0.1246566 0.1882517 0.2638646
0.03737907 0.1594319 0.003173605 8948058 0.1195754 0.1908032 0.2659631
0.03354497 0.1598106 0.00358215 9058320 0.1141874 0.1930225 0.2680843
0.03354497 0.1598106 0.00358215 9178266 0.1141874 0.1930225 0.2680843
0.02963874 0.1608306 0.003864527 9288370 0.108564 0.1951888 0.2701789
0.02574671 0.1616165 0.003911108 9398473 0.1028343 0.1968555 0.2719362
0.02574671 0.1616165 0.003911108 9518577 0.1028343 0.1968555 0.2719362
0.02191558 0.1623709 0.003636062 9628681 0.09703518 0.1982421 0.273243
0.0172303 0.1630401 0.00350897 9738788 0.09076688 0.1997316 0.2744068
0.0172303 0.1630401 0.00350897 9869047 0.09076688 0.1997316 0.2744068
0.01343175 0.1636854 0.002898484 9958971 0.08483854 0.2009351 0.275073
0.009243236 0.1644828 0.002132207 10069070 0.07884184 0.2019882 0.2753149
0.009243236 0.1644828 0.002132207 10199228 0.07884184 0.2019882 0.2753149
0.004607612 0.1650445 0.001455739 10289285 0.07245857 0.2029192 0.2754822
0.0003208898 0.1647894 0.001105279 10419394 0.06596548 0.2037562 0.2759496
-0.003812493 0.1639141 0.001156867 10529486 0.05914197 0.204436 0.2768865
-0.003812493 0.1639141 0.001156867 10629592 0.05914197 0.204436 0.2768865
-0.008305533 0.1623459 0.001651436 10739683 0.05210686 0.2048683 0.2779706
-0.008305533 0.1623459 0.001651436 10859804 0.05210686 0.2048683 0.2779706
-0.01231561 0.1605962 0.002337515 10989901 0.04503689 0.2051542 0.2793586
-0.01639197 0.1580048 0.003138348 11079994 0.03789876 0.2051116 0.2804847
-0.02067833 0.1551535 0.003936768 11190090 0.03071199 0.2047386 0.2812995
-0.02067833 0.1551535 0.003936768 11300193 0.03071199 0.2047386 0.2812995
-0.02516789 0.1524892 0.004751801 11420306 0.02360944 0.2042115 0.2818828
-0.02980595 0.1499816 0.005551115 11530409 0.0163659 0.2036209 0.282275
-0.02980595 0.1499816 0.005551115 11660859 0.0163659 0.2036209 0.282275
-0.03466212 0.1467251 0.006628245 11760609 0.009086085 0.2027075 0.2824968
-0.03934174 0.1436366 0.007465288 11860695 0.001903726 0.2014711 0.2824414
-0.03934174 0.1436366 0.007465288 11980803 0.001903726 0.2014711 0.2824414
-0.04395985 0.1404954 0.008243009 12090911 -0.005142286 0.1997981 0.2822373
-0.04844908 0.1368426 0.009073704 12201010 -0.01193784 0.1978018 0.2818011
-0.04844908 0.1368426 0.009073704 12311114 -0.01193784 0.1978018 0.2818011
-0.05292353 0.1329971 0.009922266 12421217 -0.01863967 0.1956944 0.2811225
-0.05729451 0.1293915 0.01060854 12561327 -0.02515794 0.1934773 0.2802207
-0.05729451 0.1293915 0.01060854 12761520 -0.02515794 0.1934773 0.2802207
-0.06595057 0.1226833 0.01155244 12911635 -0.0377836 0.1879723 0.2780384
-0.06978911 0.1184444 0.01216987 13131854 -0.04372675 0.1847501 0.2769103
-0.07344712 0.1136936 0.01288675 13352057 -0.04948409 0.1813471 0.2756581
-0.07683197 0.1093908 0.01339312 13582253 -0.05531094 0.1778599 0.2744874
-0.08341499 0.1012313 0.01422267 13802455 -0.06669555 0.1707339 0.2719197
-0.08640965 0.09758065 0.01405078 14043012 -0.07188902 0.1669611 0.2702766
-0.08975331 0.0932717 0.01404783 14242861 -0.07697988 0.1628109 0.2682995
-0.0965745 0.08360633 0.01422459 14473056 -0.08597761 0.1537427 0.2638516
-0.0996961 0.07884339 0.01415107 14713281 -0.0902057 0.1489243 0.2617025
-0.1025976 0.07429044 0.01408412 14923451 -0.09438435 0.1442747 0.2596812
-0.1084284 0.06615754 0.01368539 15143666 -0.102177 0.1348872 0.2557161
-0.1117114 0.06161188 0.01398432 15373861 -0.1057356 0.1300237 0.2536467
-0.114733 0.05673437 0.01483794 15594080 -0.1092107 0.1253009 0.2519456
-0.1194754 0.0482532 0.01619923 15834427 -0.115575 0.1166515 0.2492848
-0.1211124 0.04414805 0.01676388 16054471 -0.1183833 0.1125307 0.2483117
-0.1226893 0.03959414 0.01772386 16264685 -0.1206933 0.1082737 0.2474739
-0.1257593 0.030504 0.01941575 16484868 -0.1238975 0.09894919 0.2459154
-0.1272946 0.02583344 0.02027184 16725243 -0.1247646 0.09399926 0.2451245
-0.1284464 0.02131192 0.02042842 16925269 -0.1250023 0.0890597 0.2441663
-0.1312994 0.01235021 0.02139471 17155477 -0.1251344 0.07915866 0.2421826
-0.1329404 0.008062664 0.02197759 17385693 -0.125243 0.07439732 0.2410071
-0.1345694 0.003790215 0.02293763 17635919 -0.1253904 0.06985188 0.2399088
-0.1371192 -0.004148896 0.02393597 17826070 -0.1255517 0.06114816 0.2378188
-0.1387995 -0.008314297 0.02510743 18056278 -0.1257703 0.05645728 0.2367255
-0.1400648 -0.01254504 0.02583697 18296839 -0.1258118 0.05191111 0.23561
-0.1420538 -0.02087374 0.02640373 18506684 -0.1258397 0.042593 0.2336012
-0.14297 -0.02528551 0.02713831 18736900 -0.125917 0.03769016 0.232804
-0.143147 -0.02953013 0.02592346 18957107 -0.1252505 0.03293872 0.2319336
-0.1441365 -0.03782026 0.02571532 19167285 -0.1243762 0.02339744 0.2306106
-0.1438878 -0.04224848 0.02569757 19407518 -0.1237944 0.0188458 0.2304328
-0.1437105 -0.0492851 0.02479522 19617703 -0.1224101 0.0107882 0.2300452
-0.1430276 -0.05276634 0.02363966 19847915 -0.1211516 0.007036685 0.2300702
-0.1424005 -0.05639487 0.02284643 20088124 -0.1198063 0.003354072 0.2300053
-0.1407585 -0.06336674 0.02068444 20278287 -0.116801 -0.003753185 0.2301509
-0.1396925 -0.06688475 0.01939067 20508491 -0.1151114 -0.007135629 0.2302943
-0.1384946 -0.07055016 0.01768842 20738707 -0.1131081 -0.01058423 0.230377
-0.1372446 -0.07466713 0.01583122 20958901 -0.1109362 -0.01429105 0.2303295
-0.134705 -0.08367086 0.01183848 21199134 -0.1058841 -0.02222347 0.2299871
-0.1331623 -0.0887545 0.009513944 21439347 -0.1031264 -0.02634597 0.2297529
-0.1300385 -0.09938099 0.00404413 21629507 -0.09726676 -0.03456521 0.2289397
-0.1283415 -0.1046029 0.00126645 21869740 -0.09420851 -0.03859425 0.228693
-0.1265933 -0.1098774 -0.001405373 22089934 -0.09118637 -0.04255748 0.2284857
-0.1222358 -0.1208089 -0.007088393 22300124 -0.08508331 -0.04974866 0.2281971
-0.1200416 -0.1261038 -0.009874135 22540324 -0.08186999 -0.05306434 0.2280132
-0.1176358 -0.1315733 -0.0122304 22750514 -0.07869926 -0.05625844 0.2279355
-0.1121675 -0.1415111 -0.01717934 22960712 -0.07224596 -0.06181645 0.2282244
-0.109545 -0.1458772 -0.01904294 23210938 -0.06922603 -0.06425046 0.2285005
-0.1062355 -0.1506735 -0.02115205 23411122 -0.06607616 -0.06649565 0.2288539
-0.1005908 -0.1596399 -0.02452788 23641326 -0.05999086 -0.07093667 0.2292678
-0.09768882 -0.1635679 -0.02588858 23881551 -0.05672014 -0.07302808 0.2296741
-0.09460811 -0.1677819 -0.02735761 24111751 -0.05343828 -0.07520627 0.2300508
-0.08722203 -0.1777848 -0.0313006 24322252 -0.04664445 -0.07977032 0.230593
-0.08305786 -0.1830904 -0.03293625 24572158 -0.04298783 -0.08204269 0.2309252
-0.07933288 -0.1882098 -0.03424725 24752341 -0.03942594 -0.08446931 0.2311987
-0.07068305 -0.1996941 -0.03818612 24992554 -0.03194458 -0.08941089 0.2313813
-0.0660342 -0.2051096 -0.03976312 25202747 -0.02825568 -0.09173179 0.2316305
-0.06154432 -0.2106372 -0.04136469 25422946 -0.02454583 -0.0939393 0.2316282
-0.05125218 -0.2215477 -0.04484464 25663175 -0.01691026 -0.09793829 0.231586
-0.04632141 -0.2265144 -0.04605448 25883362 -0.01312841 -0.09976447 0.2315416
-0.04031988 -0.2314437 -0.04782648 26123578 -0.009137877 -0.1012258 0.2313753
-0.02904227 -0.2382086 -0.0498559 26323751 -0.001634995 -0.1033699 0.2314583
-0.02221823 -0.2409185 -0.05077327 26553963 0.002241363 -0.1041331 0.2315862
-0.01563535 -0.2430357 -0.05133577 26774153 0.006049176 -0.1047971 0.2317071
-0.001576011 -0.245656 -0.05236332 26994360 0.01398252 -0.1057603 0.2317511
0.004367267 -0.2451535 -0.05237529 27224556 0.01795118 -0.1057256 0.2318351
0.01072947 -0.2442937 -0.05241758 27454776 0.02187385 -0.1056119 0.2318417
0.02470966 -0.2397338 -0.05174014 27684979 0.02994643 -0.1047561 0.2320461
0.03121552 -0.2363068 -0.05077367 27895157 0.0340534 -0.1039708 0.2322519
0.03776157 -0.232355 -0.0497341 28115356 0.03812216 -0.1030987 0.2324201
0.05074803 -0.223017 -0.04725424 28345579 0.04637863 -0.1008526 0.2325704
0.05679135 -0.2183272 -0.04584382 28555931 0.05058963 -0.09965038 0.2324961
0.06211797 -0.2141614 -0.04452946 28785969 0.05462975 -0.09841299 0.2322363
0.07384808 -0.2054305 -0.04164871 29006184 0.063206 -0.09620725 0.2313253
0.07909319 -0.2013668 -0.04054356 29256397 0.0674171 -0.09526443 0.2306747
0.08976852 -0.193683 -0.03807765 29456570 0.07588498 -0.09331297 0.2288477
0.09467767 -0.1901233 -0.0368355 29696945 0.08004076 -0.09225786 0.2277822
0.09975505 -0.1865854 -0.03536719 29906980 0.08414254 -0.09104729 0.2265481
0.1098205 -0.1783056 -0.03248215 30127187 0.09183878 -0.08871734 0.2241601
0.114338 -0.1738714 -0.03139562 30367396 0.09537182 -0.08730959 0.2229164
0.118843 -0.1691485 -0.02992225 30577594 0.0990831 -0.08572697 0.2217195
0.1271817 -0.1596511 -0.02665938 30787779 0.1057985 -0.08211076 0.219406
0.1311238 -0.1544277 -0.02518372 31027992 0.1089941 -0.08007514 0.2182647
0.134376 -0.1499191 -0.02394201 31248199 0.1120458 -0.0780208 0.2171564
0.1411533 -0.1398099 -0.02100326 31498408 0.1180612 -0.07371639 0.2150373
0.1441763 -0.1348758 -0.01975727 31688584 0.1208786 -0.0713601 0.2139513
0.1470009 -0.1301548 -0.0188155 31918804 0.1235632 -0.06887221 0.2127396
0.1527271 -0.1203872 -0.01638697 32159013 0.1287715 -0.06361306 0.2103542
0.1555248 -0.1153529 -0.01545048 32359185 0.1311459 -0.06070947 0.2090144
0.1583731 -0.1100551 -0.01457179 32599410 0.1334909 -0.05761551 0.2075907
0.1638888 -0.09935078 -0.01246928 32829630 0.1377212 -0.05094671 0.2048105
0.1662514 -0.09389739 -0.01147504 33039966 0.139618 -0.04724431 0.2035837
0.1684361 -0.08805367 -0.01009747 33260209 0.1414344 -0.04341805 0.2026931
0.1721437 -0.07609567 -0.006924629 33500227 0.1444253 -0.03560829 0.2016218
0.1737992 -0.06966551 -0.005054057 33700400 0.1458258 -0.03158641 0.2014201
0.1754119 -0.06301236 -0.002831817 33940629 0.1471547 -0.02747416 0.2014027
0.1775487 -0.04986391 0.001342505 34160827 0.1497249 -0.01855469 0.2019541
0.1780414 -0.04317782 0.002924547 34391027 0.1510178 -0.01372898 0.2024873
0.1783252 -0.03586338 0.004668176 34631252 0.1522061 -0.008803487 0.2033955
0.1776042 -0.02187258 0.009069979 34841442 0.1537112 0.001092434 0.2066834
0.1764128 -0.01492474 0.01098603 35051631 0.1541643 0.006314754 0.2089723
0.1748659 -0.008522821 0.01302072 35271830 0.1546544 0.01163471 0.2115725
0.1707626 0.0007663734 0.01753142 35512051 0.1548407 0.02051735 0.2177988
0.1686602 0.004126041 0.0198455 35712219 0.1548715 0.02356124 0.2210572
0.1667029 0.006952454 0.02209389 35962445 0.1548979 0.02567601 0.2242218
0.1633855 0.0105422 0.02591752 36162622 0.1552906 0.0268321 0.2297754
0.1620266 0.01237574 0.02718401 36383011 0.1555613 0.02695465 0.2319862
0.1606041 0.01374219 0.02801141 36613036 0.15587 0.02728009 0.2339692
0.1575978 0.01650533 0.02879946 36833227 0.155814 0.02909541 0.237547
0.1559593 0.01806751 0.02899376 37053434 0.1552512 0.03036701 0.2393436
0.1537996 0.01896433 0.02892576 37283966 0.1544145 0.03184867 0.2414441
