0.1472653 -0.00322647 0.002973544 0 0.136368 -0.003165426 0.1450562
0.1475137 -0.002930309 0.002566563 110095 0.1364887 -0.002859476 0.1446394
0.1477508 -0.002700757 0.002098786 220182 0.1366535 -0.002642217 0.144166
0.1477508 -0.002700757 0.002098786 330278 0.1366535 -0.002642217 0.144166
0.1482017 -0.002183545 0.001584755 460391 0.1369181 -0.002366843 0.1436372
0.1485814 -0.001434285 0.0009971728 560494 0.1372105 -0.001985284 0.1430417
0.1485814 -0.001434285 0.0009971728 670593 0.1372105 -0.001985284 0.1430417
0.1491495 -0.0007597837 0.0003659595 780692 0.1376021 -0.001546802 0.1423951
0.1495814 0.0001107347 -0.0003534687 890788 0.1379315 -0.0009945654 0.1416652
0.1495814 0.0001107347 -0.0003534687 1010892 0.1379315 -0.0009945654 0.1416652
0.1499939 0.001506288 -0.0009585752 1110978 0.1382201 -0.0002017045 0.141044
0.1505229 0.003134665 -0.001427664 1231095 0.1383734 0.000817088 0.1405345
0.1505229 0.003134665 -0.001427664 1341198 0.1383734 0.000817088 0.1405345
0.1512339 0.00476927 -0.001876845 1461310 0.1385566 0.001991717 0.140031
0.1516437 0.006858756 -0.002145185 1571402 0.1386124 0.003411619 0.1397159
0.1518681 0.009451335 -0.002345457 1671500 0.1385941 0.005052714 0.1394668
0.1518681 0.009451335 -0.002345457 1801618 0.1385941 0.005052714 0.1394668
0.1518986 0.01180197 -0.002460732 1901692 0.1383941 0.006886659 0.1393127
0.1518986 0.01180197 -0.002460732 2031825 0.1383941 0.006886659 0.1393127
0.1515697 0.01487396 -0.002342954 2131912 0.138083 0.00908464 0.1393992
0.1506647 0.01770606 -0.002348437 2231994 0.137504 0.01127562 0.1393968
0.1506647 0.01770606 -0.002348437 2352110 0.137504 0.01127562 0.1393968
0.1497944 0.02144098 -0.002308264 2462222 0.1368337 0.01379004 0.1393948
0.1483872 0.02519595 -0.002330914 2572305 0.1358067 0.01668048 0.139357
0.1483872 0.02519595 -0.002330914 2682404 0.1358067 0.01668048 0.139357
0.1468803 0.02896535 -0.002295747 2802521 0.1344589 0.01987222 0.1393703
0.1454827 0.03258836 -0.002254621 2912620 0.1329302 0.02318034 0.1393794
0.1434505 0.03664546 -0.002255813 3022703 0.1312124 0.02650866 0.1393554
0.1434505 0.03664546 -0.002255813 3142828 0.1312124 0.02650866 0.1393554
0.1413125 0.04111456 -0.00206484 3242918 0.129347 0.02990374 0.1394887
0.1392311 0.04556268 -0.001845972 3353018 0.1272815 0.03333756 0.139625
0.1392311 0.04556268 -0.001845972 3473114 0.1272815 0.03333756 0.139625
0.1369145 0.04965709 -0.001514093 3573216 0.1250812 0.03665936 0.1398977
0.134358 0.0535914 -0.001117127 3693313 0.1227476 0.04000792 0.1402581
0.134358 0.0535914 -0.001117127 3823430 0.1227476 0.04000792 0.1402581
0.1320209 0.05774305 -0.000524299 3913515 0.1203945 0.04342037 0.1407766
0.1293963 0.06118064 -1.694448E-05 4033624 0.1179329 0.04650438 0.141261
0.1293963 0.06118064 -1.694448E-05 4153744 0.1179329 0.04650438 0.141261
0.1267848 0.06509207 0.0005147288 4253831 0.1154241 0.04974944 0.1417302
0.1243107 0.0692153 0.001090509 4373923 0.1129224 0.05289993 0.1421946
0.1243107 0.0692153 0.001090509 4484038 0.1129224 0.05289993 0.1421946
0.1213204 0.0728104 0.00162409 4584125 0.1103156 0.05581475 0.1426784
0.1183316 0.0763525 0.002226574 4694228 0.1077751 0.05870834 0.1432354
0.1183316 0.0763525 0.002226574 4824337 0.1077751 0.05870834 0.1432354
0.1155215 0.07986474 0.002840382 4924428 0.1051869 0.06153182 0.1437778
0.1127745 0.08298806 0.003596288 5034527 0.1025916 0.06417153 0.1444811
0.1127745 0.08298806 0.003596288 5144622 0.1025916 0.06417153 0.1444811
0.1098829 0.08577556 0.00433324 5264885 0.09995653 0.06660799 0.1451889
0.1075572 0.08859182 0.005018217 5374838 0.09759784 0.06895763 0.1458073
0.1075572 0.08859182 0.005018217 5484958 0.09759784 0.06895763 0.1458073
0.1046908 0.09123293 0.005751949 5595029 0.09522227 0.07117889 0.1465157
0.1021165 0.09379637 0.00656448 5705124 0.09295581 0.07330761 0.147286
0.1021165 0.09379637 0.00656448 5815240 0.09295581 0.07330761 0.147286
0.09968433 0.09647425 0.007353764 5925331 0.09063368 0.07536185 0.1479902
0.09732564 0.09875154 0.008193474 6045435 0.08838779 0.07727531 0.148782
0.09732564 0.09875154 0.008193474 6155543 0.08838779 0.07727531 0.148782
0.09490687 0.1010769 0.009071451 6265638 0.08613613 0.07912663 0.1495973
0.09226027 0.103605 0.009920936 6385742 0.08386314 0.0810712 0.1503773
0.09226027 0.103605 0.009920936 6495846 0.08386314 0.0810712 0.1503773
0.08993065 0.105856 0.01060734 6605937 0.08160298 0.08291003 0.151001
0.08735704 0.1079133 0.01128088 6736054 0.07933077 0.084797 0.1516641
0.08478805 0.1101118 0.01186298 6826152 0.0770161 0.08674753 0.1522195
0.08478805 0.1101118 0.01186298 6946252 0.0770161 0.08674753 0.1522195
0.08249025 0.1122344 0.01229404 7066357 0.07464445 0.08867759 0.1526142
0.08249025 0.1122344 0.01229404 7166459 0.07464445 0.08867759 0.1526142
0.07954711 0.1142657 0.0125942 7276558 0.07224035 0.09055597 0.1529179
0.07702932 0.1161887 0.0127909 7386658 0.06976968 0.09236247 0.1530973
0.07702932 0.1161887 0.0127909 7506758 0.06976968 0.09236247 0.1530973
0.07355571 0.1176324 0.01300226 7606844 0.0670495 0.09398893 0.1533765
0.07077621 0.1193997 0.01310978 7726957 0.06442657 0.09572003 0.1534851
0.07077621 0.1193997 0.01310978 7837068 0.06442657 0.09572003 0.1534851
0.06757529 0.1211728 0.01319085 7947147 0.06171685 0.09737734 0.1535679
0.06433381 0.1228643 0.01312564 8057251 0.058882 0.09899712 0.1535069
0.06433381 0.1228643 0.01312564 8167354 0.058882 0.09899712 0.1535069
0.06096646 0.1245361 0.01309059 8277462 0.05588365 0.1004444 0.1534473
0.05701621 0.1259325 0.01307009 8387549 0.05283999 0.1018298 0.1534548
0.05701621 0.1259325 0.01307009 8507661 0.05283999 0.1018298 0.1534548
0.0535564 0.1273981 0.01292215 8617757 0.04968011 0.1032721 0.1533115
0.04956952 0.128388 0.01275001 8727856 0.0462994 0.1044071 0.1531796
0.04956952 0.128388 0.01275001 8847960 0.0462994 0.1044071 0.1531796
0.04578394 0.1303023 0.01261924 8948055 0.04293454 0.105814 0.1529704
0.04171957 0.1310553 0.01255618 9068167 0.03934416 0.106806 0.1529577
0.03748894 0.132345 0.01250015 9188279 0.03586221 0.1079466 0.1528865
0.03748894 0.132345 0.01250015 9288370 0.03586221 0.1079466 0.1528865
0.03347363 0.1332036 0.01241134 9398457 0.03226759 0.1089075 0.1528196
0.03347363 0.1332036 0.01241134 9518569 0.03226759 0.1089075 0.1528196
0.02933128 0.1337027 0.01232062 9628681 0.028613 0.1095495 0.1527569
0.02497405 0.1344791 0.01234982 9738772 0.02483486 0.1101706 0.1527611
0.02052298 0.134814 0.01236616 9848872 0.02097249 0.1106055 0.1527941
0.02052298 0.134814 0.01236616 9968976 0.02097249 0.1106055 0.1527941
0.01581882 0.1354382 0.0124657 10079075 0.01695596 0.1110665 0.1528615
0.01581882 0.1354382 0.0124657 10179162 0.01695596 0.1110665 0.1528615
0.01123638 0.1355698 0.01250265 10299274 0.01297551 0.111316 0.1529127
0.00640747 0.1358262 0.01269029 10409369 0.008752793 0.1114861 0.1530766
0.00640747 0.1358262 0.01269029 10559505 0.008752793 0.1114861 0.1530766
0.001753673 0.1357647 0.01295016 10789713 0.004459172 0.1115058 0.153344
-0.007519633 0.1358447 0.0136777 11009911 -0.004421473 0.1116352 0.1540719
-0.01226208 0.1356659 0.01403151 11240467 -0.008900732 0.1116017 0.1544447
-0.02161822 0.1349723 0.01445816 11460326 -0.01763979 0.111097 0.1548875
-0.02625227 0.1343679 0.01468943 11640488 -0.02198133 0.1106112 0.1551303
-0.03095466 0.1336222 0.01484499 11750600 -0.02646935 0.1100504 0.1553103
-0.0352363 0.1330054 0.01486216 11890714 -0.03094816 0.1094344 0.1553338
-0.0352363 0.1330054 0.01486216 11980791 -0.03094816 0.1094344 0.1553338
-0.03990999 0.1320646 0.01491974 12090895 -0.03531149 0.1086608 0.1554095
-0.04496986 0.1308405 0.01490794 12231021 -0.03970873 0.1076954 0.1554173
-0.04496986 0.1308405 0.01490794 12321099 -0.03970873 0.1076954 0.1554173
-0.05006907 0.1296508 0.01493822 12431210 -0.04423147 0.1066407 0.155447
-0.05482078 0.1283721 0.01491449 12531284 -0.04875398 0.1056091 0.1554538
-0.05482078 0.1283721 0.01491449 12651401 -0.04875398 0.1056091 0.1554538
-0.05958873 0.1271587 0.01482282 12761496 -0.05336088 0.1045765 0.1553842
-0.064767 0.1253257 0.01483903 12871603 -0.05803639 0.1032506 0.1554579
-0.064767 0.1253257 0.01483903 12981699 -0.05803639 0.1032506 0.1554579
-0.06995559 0.1233264 0.01477335 13091790 -0.06265211 0.101749 0.1554408
-0.07453325 0.1214635 0.01460336 13201897 -0.06724739 0.1002905 0.1553331
-0.07453325 0.1214635 0.01460336 13311997 -0.06724739 0.1002905 0.1553331
-0.07967529 0.1191847 0.01462613 13432101 -0.07184431 0.09859247 0.1554128
-0.08426517 0.1169656 0.01466749 13542196 -0.07632262 0.09680233 0.1555099
-0.08426517 0.1169656 0.01466749 13672334 -0.07632262 0.09680233 0.1555099
-0.08910295 0.1144166 0.0146998 13762415 -0.08072948 0.09485138 0.1556017
-0.09364495 0.1112947 0.01463209 13882520 -0.08483705 0.09248988 0.155611
-0.09364495 0.1112947 0.01463209 14002916 -0.08483705 0.09248988 0.155611
-0.09750092 0.1079607 0.01451514 14122741 -0.08863747 0.08996064 0.1555955
-0.101721 0.1039336 0.01466058 14342919 -0.09217763 0.08691005 0.1558179
-0.1052223 0.09994844 0.01472459 14483050 -0.09548312 0.08375693 0.1559664
-0.1085996 0.09555928 0.01474677 14723270 -0.09851468 0.08028173 0.1560661
-0.1119429 0.09115091 0.01477335 14913442 -0.1014732 0.07664702 0.1561462
-0.1182879 0.08178046 0.01462291 15163672 -0.1072612 0.06899513 0.1561192
-0.121656 0.07653905 0.01439701 15373857 -0.1101689 0.06508559 0.1559707
-0.1252419 0.07140777 0.01415728 15614378 -0.1130601 0.06121096 0.155769
-0.1312102 0.06156527 0.01338933 15824272 -0.1185765 0.05332786 0.155089
-0.1341792 0.05646921 0.01289736 16034446 -0.1211549 0.04931271 0.1546203
-0.1367002 0.05152968 0.01254068 16274683 -0.1235381 0.0453519 0.154297
-0.1412636 0.04086128 0.01234244 16484860 -0.1276207 0.03745994 0.154147
-0.1433141 0.03548542 0.01228939 16715501 -0.1293514 0.03353244 0.1540903
-0.1456203 0.0305052 0.01257001 16955285 -0.1307936 0.02955345 0.1542934
-0.1481805 0.01986484 0.01328705 17155461 -0.1333464 0.02171704 0.1550008
-0.1489149 0.01471671 0.01378118 17375672 -0.1342334 0.01787266 0.1554878
-0.1497543 0.009249752 0.01439141 17625898 -0.1350306 0.01382646 0.1560549
-0.1504776 -0.001251327 0.01612626 17846093 -0.135771 0.005809813 0.1576893
-0.1501921 -0.006579745 0.01725231 18056278 -0.1358555 0.001730113 0.1587856
-0.1483658 -0.01734319 0.01956056 18286498 -0.1357331 -0.006247314 0.1610651
-0.1480791 -0.02290285 0.02093803 18516686 -0.135497 -0.01041183 0.1623307
-0.1477043 -0.02832055 0.02221774 18736900 -0.1350833 -0.01451174 0.1634845
-0.1460135 -0.03872217 0.02491879 18957099 -0.1337847 -0.02263022 0.1659782
-0.1441963 -0.0440511 0.02625918 19177298 -0.1327888 -0.02665717 0.1672329
-0.1427053 -0.04880829 0.02739596 19417515 -0.1316366 -0.03055021 0.1682874
-0.1392496 -0.05701256 0.02885186 19617679 -0.1281853 -0.03780094 0.1696167
-0.1374506 -0.06178311 0.02970814 19877922 -0.1261885 -0.04159508 0.1703206
-0.1344607 -0.06604801 0.0302385 20088104 -0.1240406 -0.04513875 0.1708105
-0.1308624 -0.07655147 0.03256905 20288296 -0.1203355 -0.05260215 0.1726471
-0.1288055 -0.08135611 0.0334773 20508499 -0.1178393 -0.05604706 0.1732823
-0.1263219 -0.08602703 0.03419911 20738711 -0.1152242 -0.05953876 0.1737751
-0.1199295 -0.09439057 0.03516149 20958914 -0.1095195 -0.06628383 0.1744738
-0.1163197 -0.09822617 0.03562975 21179100 -0.1062645 -0.0695999 0.1748623
-0.1128922 -0.1019225 0.03591728 21419309 -0.1028524 -0.07286871 0.1750623
-0.1050832 -0.1104525 0.03649079 21629511 -0.09540725 -0.07937885 0.1752246
-0.1013842 -0.1144315 0.03658461 21879729 -0.09159109 -0.08260971 0.1751405
-0.09701204 -0.1184389 0.03651964 22079909 -0.08752662 -0.08575589 0.1748964
-0.08817148 -0.1257823 0.03618657 22300120 -0.07919422 -0.09160627 0.1742361
-0.08373633 -0.1293036 0.03592527 22550326 -0.07498744 -0.0942855 0.1737782
-0.07954249 -0.132204 0.03578877 22750527 -0.07067138 -0.09675089 0.1735227
-0.07031766 -0.137256 0.03522277 22980872 -0.062172 -0.1011279 0.1728261
-0.06626046 -0.1396914 0.03505731 23220935 -0.05778974 -0.1030162 0.1724961
-0.06136084 -0.1420459 0.03460228 23431125 -0.05317861 -0.1047927 0.171903
-0.05303153 -0.1461586 0.03344309 23651339 -0.04406902 -0.1079103 0.1704211
-0.04846916 -0.148187 0.03270101 23891544 -0.03937757 -0.1095822 0.1695706
-0.0392698 -0.1521238 0.03140962 24091737 -0.02969381 -0.1123326 0.1679058
-0.03467607 -0.1535872 0.0306803 24331946 -0.02483571 -0.1133291 0.1670207
-0.02941456 -0.1549483 0.02999008 24562153 -0.01978618 -0.114264 0.1662191
-0.02430773 -0.1553697 0.0291487 24762496 -0.01484883 -0.1148008 0.165424
-0.01419771 -0.1558754 0.02813136 24982537 -0.005075455 -0.1150564 0.1643549
-0.009067297 -0.1555712 0.02758324 25232754 -0.0002461076 -0.1148183 0.1638464
0.001476884 -0.1542039 0.02695703 25422918 0.009711593 -0.113933 0.1634001
0.006746143 -0.1532224 0.0265429 25653130 0.0145687 -0.1132813 0.1631071
0.01225086 -0.1519143 0.02626335 25893342 0.01956007 -0.112475 0.1630017
0.01778586 -0.150164 0.02590036 26103536 0.02458534 -0.1114671 0.1628768
0.02863397 -0.1453826 0.02541303 26323731 0.03430232 -0.1087167 0.1629984
0.03350531 -0.1426126 0.02531481 26573977 0.03875227 -0.1068029 0.1631422
0.04322353 -0.1365007 0.02553415 26774133 0.04735279 -0.1019598 0.1637229
0.04765053 -0.1334173 0.02569151 26994340 0.05138314 -0.09949461 0.1640445
0.0525883 -0.1297531 0.02562308 27244574 0.05557987 -0.09679005 0.1642259
0.06286858 -0.1238988 0.02607929 27444747 0.06394739 -0.09161369 0.1648697
0.06773302 -0.1207001 0.02632904 27704985 0.06802601 -0.08891163 0.1652379
0.07299951 -0.1172737 0.02633416 27895153 0.07230598 -0.08618347 0.1653994
0.07799765 -0.1137217 0.02620482 28115652 0.07647945 -0.08346759 0.1654478
0.08870068 -0.1057349 0.02593862 28345564 0.0848119 -0.07781405 0.1656224
0.09374511 -0.1019107 0.02593517 28565766 0.0888797 -0.07490838 0.1657689
0.103528 -0.09377312 0.02571451 28795970 0.09658435 -0.0690744 0.1658859
0.108149 -0.08944003 0.02580356 29026518 0.1001313 -0.06587703 0.166113
0.112335 -0.08458579 0.02588057 29236371 0.1033641 -0.06228755 0.1663389
0.1210777 -0.07451053 0.02627122 29456566 0.1093859 -0.0548693 0.166926
0.1248185 -0.06875148 0.02627765 29696852 0.1117304 -0.05085424 0.1670421
0.1285608 -0.06324291 0.02631997 29896976 0.1139637 -0.04681323 0.167115
0.1314053 -0.05754857 0.02618872 30137188 0.115823 -0.0426356 0.1670469
0.1375551 -0.0476031 0.02558469 30357387 0.1191146 -0.03457767 0.1662849
0.1405846 -0.04321016 0.02528094 30567561 0.1205624 -0.0310835 0.1658452
0.1437654 -0.03316122 0.02399611 30797772 0.1221226 -0.02363217 0.1645203
0.1450054 -0.02954927 0.02334153 31038005 0.1229347 -0.02022025 0.1638125
0.145557 -0.02539567 0.02253186 31258184 0.1234179 -0.01700822 0.1630515
0.1464131 -0.0171382 0.02087807 31468382 0.1241373 -0.01090694 0.1614882
0.1469473 -0.01303804 0.02037071 31708761 0.1243224 -0.008047732 0.1609746
0.147474 -0.009428221 0.0200082 31918776 0.1243201 -0.005282046 0.1605535
0.1481001 -0.003565582 0.01918577 32139279 0.1244397 -0.0004269791 0.1596727
0.1488172 -0.001240293 0.01897787 32389403 0.124525 0.001382022 0.1593676
0.1496164 0.00105655 0.01879476 32589393 0.1247239 0.003129034 0.1590885
0.1506117 0.0046458 0.01823805 32809584 0.1253138 0.00586611 0.1584692
0.1505398 0.006423241 0.01771604 33039804 0.1256321 0.007061898 0.1580209
0.1505778 0.007050825 0.01722752 33270016 0.1260336 0.007953017 0.1575949
0.150202 0.008098958 0.01597892 33490385 0.1268346 0.009293317 0.1565449
0.1499664 0.008233426 0.01552759 33720426 0.1270891 0.009685844 0.1561718
