0.1452193 -0.01642059 -0.002532616 0 0.110309 0.03409082 0.1260602
0.1456612 -0.01643246 -0.002264872 110083 0.1105703 0.03420944 0.1262275
0.1461793 -0.01639024 -0.001744285 220187 0.1108491 0.03436771 0.1266366
0.1461793 -0.01639024 -0.001744285 330286 0.1108491 0.03436771 0.1266366
0.1468374 -0.01579352 -0.0009758614 450399 0.1110914 0.03480384 0.1273533
0.1476733 -0.01450463 -8.120211E-06 560486 0.1113848 0.03554911 0.128382
0.1476733 -0.01450463 -8.120211E-06 690624 0.1113848 0.03554911 0.128382
0.1486551 -0.01280218 0.0009838205 780697 0.1116621 0.03652698 0.1294533
0.1496883 -0.01065612 0.001926051 900801 0.1119496 0.03769822 0.1305492
0.1496883 -0.01065612 0.001926051 1040932 0.1119496 0.03769822 0.1305492
0.1506104 -0.007926551 0.002718912 1121004 0.1121158 0.03922332 0.131565
0.1515655 -0.005000134 0.003462778 1231111 0.1121764 0.04099876 0.1324545
0.1515655 -0.005000134 0.003462778 1371230 0.1121764 0.04099876 0.1324545
0.152065 -0.001247746 0.003932702 1451298 0.1121252 0.043297 0.1332649
0.1525997 0.003245618 0.004333007 1561405 0.111937 0.04624096 0.1339641
0.1525997 0.003245618 0.004333007 1701528 0.111937 0.04624096 0.1339641
0.1528648 0.008570503 0.004593003 1791605 0.1116466 0.04972298 0.1346461
0.1532091 0.01427734 0.004871357 1901696 0.1112858 0.05354128 0.1352824
0.1532091 0.01427734 0.004871357 2031834 0.1112858 0.05354128 0.1352824
0.1531772 0.0204808 0.005061257 2121915 0.1107244 0.05773534 0.1358899
0.1528637 0.02695824 0.005079497 2231998 0.1100914 0.0620888 0.1363907
0.1528637 0.02695824 0.005079497 2372319 0.1100914 0.0620888 0.1363907
0.1523806 0.03334366 0.005022277 2462218 0.109315 0.06661416 0.1367215
0.1514024 0.0395906 0.004782308 2572309 0.1083385 0.07104159 0.1369284
0.1514024 0.0395906 0.004782308 2702423 0.1083385 0.07104159 0.1369284
0.1498733 0.04577377 0.004374613 2802521 0.1070473 0.07543082 0.1370119
0.1479379 0.05173875 0.003814926 2912617 0.105507 0.07971241 0.1369439
0.1479379 0.05173875 0.003814926 3042742 0.105507 0.07971241 0.1369439
0.145376 0.05777945 0.003018847 3132823 0.1035892 0.08385415 0.1367358
0.1424757 0.0634816 0.00210475 3242919 0.1013669 0.08765555 0.1363878
0.1394664 0.0685541 0.00121223 3373036 0.09896172 0.09112181 0.1359576
0.1394664 0.0685541 0.00121223 3473130 0.09896172 0.09112181 0.1359576
0.1362971 0.07361217 0.0002708348 3583222 0.09642075 0.09444637 0.1354821
0.1327949 0.07844887 -0.0006060685 3713335 0.0936321 0.09773511 0.1350425
0.1327949 0.07844887 -0.0006060685 3803429 0.0936321 0.09773511 0.1350425
0.1292451 0.08335027 -0.001468905 3913520 0.09079652 0.101002 0.134606
0.1275094 0.08621681 -0.00222493 4033636 0.08897263 0.1033481 0.1338915
0.1275094 0.08621681 -0.00222493 4153745 0.08897263 0.1033481 0.1338915
0.1238237 0.09086022 -0.002850302 4253835 0.0860036 0.1065945 0.1336354
0.1200307 0.09572552 -0.00334812 4373947 0.08288452 0.1099492 0.1334879
0.1200307 0.09572552 -0.00334812 4484039 0.08288452 0.1099492 0.1334879
0.1160392 0.1000187 -0.003729351 4594126 0.07968104 0.1131172 0.1334302
0.1117214 0.1043397 -0.004024036 4704233 0.0762544 0.1163079 0.1334718
0.1117214 0.1043397 -0.004024036 4814329 0.0762544 0.1163079 0.1334718
0.1075543 0.1084513 -0.004221804 4924428 0.07279389 0.1195291 0.1335288
0.1028961 0.1126518 -0.004499323 5044540 0.06913917 0.1225932 0.1335872
0.1028961 0.1126518 -0.004499323 5144627 0.06913917 0.1225932 0.1335872
0.09825662 0.116828 -0.00479377 5264731 0.06547379 0.125602 0.1336062
0.09326525 0.1208823 -0.005032188 5374843 0.0615909 0.1285354 0.133692
0.09326525 0.1208823 -0.005032188 5484942 0.0615909 0.1285354 0.133692
0.08855715 0.1243372 -0.005218393 5595029 0.05764546 0.1312284 0.1337177
0.08323646 0.1279633 -0.005415803 5715146 0.05351277 0.1338646 0.1338247
0.08323646 0.1279633 -0.005415803 5825237 0.05351277 0.1338646 0.1338247
0.07828549 0.131091 -0.005542999 5925327 0.04946344 0.1361494 0.1339201
0.07280907 0.1340999 -0.005655413 6065466 0.04517455 0.1383807 0.1340739
0.07280907 0.1340999 -0.005655413 6155543 0.04517455 0.1383807 0.1340739
0.06727032 0.1365809 -0.005798107 6265642 0.04086541 0.1403478 0.1341835
0.0620642 0.1384961 -0.00594235 6385747 0.03656252 0.1420898 0.1342112
0.0620642 0.1384961 -0.00594235 6485837 0.03656252 0.1420898 0.1342112
0.05602434 0.1403271 -0.00616086 6605945 0.0319728 0.1435341 0.1342582
0.0502142 0.141578 -0.006353383 6716041 0.02742595 0.1445503 0.1342813
0.0502142 0.141578 -0.006353383 6826140 0.02742595 0.1445503 0.1342813
0.04236871 0.1438554 -0.006363159 6936240 0.02177954 0.1458178 0.1346279
0.036019 0.1445261 -0.006713276 7056356 0.01700899 0.146327 0.1345016
0.036019 0.1445261 -0.006713276 7166468 0.01700899 0.146327 0.1345016
0.02922972 0.1446852 -0.007080202 7276547 0.0120009 0.1465879 0.1343616
0.02247532 0.1447916 -0.00748003 7386646 0.007001579 0.1467026 0.1341645
0.02247532 0.1447916 -0.00748003 7496762 0.007001579 0.1467026 0.1341645
0.0155756 0.144812 -0.007939463 7626883 0.001917273 0.1465856 0.1338934
0.008471102 0.1444312 -0.008345252 7736966 -0.00332886 0.1461926 0.1336545
0.008471102 0.1444312 -0.008345252 7837069 -0.00332886 0.1461926 0.1336545
0.00215891 0.1442504 -0.008647924 7967194 -0.008351922 0.1457868 0.1334556
-0.004755855 0.1434789 -0.009096986 8067268 -0.01350898 0.1451755 0.1331239
-0.004755855 0.1434789 -0.009096986 8177380 -0.01350898 0.1451755 0.1331239
-0.01251251 0.1429173 -0.009511715 8307485 -0.01874772 0.1444875 0.1328432
-0.01957455 0.1419601 -0.00991953 8387549 -0.02385166 0.1437109 0.1325056
-0.01957455 0.1419601 -0.00991953 8507666 -0.02385166 0.1437109 0.1325056
-0.02605024 0.1404756 -0.01020766 8637787 -0.02878246 0.1427037 0.1322488
-0.03279868 0.1387351 -0.01052893 8737865 -0.03378746 0.1415112 0.1319406
-0.03279868 0.1387351 -0.01052893 8837960 -0.03378746 0.1415112 0.1319406
-0.03973329 0.1363547 -0.01078189 8958084 -0.03864118 0.1399746 0.131668
-0.04642317 0.1340538 -0.01090885 9078201 -0.04329109 0.1382582 0.1314947
-0.05302039 0.1316646 -0.01100314 9188280 -0.04799706 0.1363224 0.1313322
-0.05302039 0.1316646 -0.01100314 9288370 -0.04799706 0.1363224 0.1313322
-0.05918583 0.1285521 -0.01114691 9408479 -0.05233979 0.1338987 0.1310881
-0.06553462 0.1253241 -0.01123942 9518578 -0.05687362 0.1314973 0.1308631
-0.06553462 0.1253241 -0.01123942 9618668 -0.05687362 0.1314973 0.1308631
-0.07189831 0.1218295 -0.01139498 9748798 -0.06126577 0.1288746 0.1305331
-0.07780537 0.118248 -0.01166356 9858877 -0.06530166 0.1260328 0.1300732
-0.07780537 0.118248 -0.01166356 9958967 -0.06530166 0.1260328 0.1300732
-0.08401629 0.1148066 -0.01197279 10099106 -0.0694918 0.1231329 0.1295403
-0.09008867 0.1108481 -0.01234782 10179178 -0.07356316 0.1199531 0.1288976
-0.09008867 0.1108481 -0.01234782 10299291 -0.07356316 0.1199531 0.1288976
-0.09617884 0.1074497 -0.01267613 10429408 -0.07758933 0.1167125 0.1283022
-0.1018052 0.1039093 -0.01305807 10519489 -0.0814569 0.1134504 0.1276585
-0.1018052 0.1039093 -0.01305807 10629589 -0.0814569 0.1134504 0.1276585
-0.1070719 0.09996703 -0.0134281 10769723 -0.08515698 0.110098 0.1270118
-0.1122151 0.09630278 -0.01364888 10859805 -0.08872026 0.1066842 0.1265169
-0.1122151 0.09630278 -0.01364888 10969900 -0.08872026 0.1066842 0.1265169
-0.1166487 0.0926041 -0.01383151 11100001 -0.09198463 0.1031889 0.1261182
-0.1207287 0.08865018 -0.01396323 11200104 -0.0950254 0.09948061 0.1257805
-0.1207287 0.08865018 -0.01396323 11300186 -0.0950254 0.09948061 0.1257805
-0.1245866 0.0841922 -0.01419211 11440328 -0.09795573 0.09552608 0.1253378
-0.1281224 0.07915599 -0.01447571 11530385 -0.1006925 0.09137644 0.1248244
-0.1281224 0.07915599 -0.01447571 11640485 -0.1006925 0.09137644 0.1248244
-0.1318952 0.07371331 -0.01475383 11770610 -0.1033758 0.08708359 0.1242214
-0.1354066 0.06807654 -0.01510132 11870701 -0.1059417 0.08260683 0.12356
-0.1354066 0.06807654 -0.01510132 11980800 -0.1059417 0.08260683 0.12356
-0.1387021 0.06209422 -0.01542522 12090899 -0.1083883 0.07799501 0.1229023
-0.1418349 0.05583628 -0.01583136 12200991 -0.11071 0.07324059 0.1221346
-0.1418349 0.05583628 -0.01583136 12311090 -0.11071 0.07324059 0.1221346
-0.1452095 0.05003594 -0.01604201 12421197 -0.1129937 0.06877521 0.1214979
-0.1484457 0.04446359 -0.01616145 12541318 -0.1151961 0.06444994 0.1209563
-0.1484457 0.04446359 -0.01616145 12661414 -0.1151961 0.06444994 0.1209563
-0.1514985 0.03906621 -0.01616479 12761505 -0.1172019 0.06020577 0.1205214
-0.1539261 0.03308976 -0.01603867 12911644 -0.1189571 0.05572645 0.1202368
-0.1558254 0.02793464 -0.01587416 13151861 -0.1203238 0.05161328 0.1200862
-0.1571134 0.02232889 -0.01576413 13362042 -0.1213911 0.04741795 0.1198851
-0.1577227 0.01710015 -0.01566924 13602271 -0.1220017 0.04351617 0.1197282
-0.1586105 0.007182193 -0.01480533 13812465 -0.1227826 0.03657971 0.1199478
-0.1585322 0.002126072 -0.01455654 14032656 -0.1227014 0.03316242 0.1198279
-0.1584636 -0.00360826 -0.01435138 14262859 -0.1224871 0.02935243 0.1195349
-0.1579443 -0.01523323 -0.01424779 14483066 -0.1215982 0.02125812 0.1186191
-0.1573208 -0.0216328 -0.0142981 14693252 -0.1208648 0.01680092 0.1179897
-0.1565164 -0.02792304 -0.01440825 14923468 -0.1199881 0.01223779 0.1173455
-0.1532617 -0.04067905 -0.01461055 15163688 -0.1173663 0.002855245 0.1162425
-0.150573 -0.04675052 -0.01467349 15363853 -0.1154999 -0.001871374 0.1159481
-0.1475675 -0.05240899 -0.01464726 15594073 -0.1132768 -0.006398853 0.1157885
-0.1398582 -0.06405226 -0.01466407 15824260 -0.1078152 -0.01533076 0.1153579
-0.1357573 -0.07009976 -0.01449682 16044483 -0.1047549 -0.01971769 0.115144
-0.1314211 -0.07630071 -0.01431789 16264678 -0.1015099 -0.02407655 0.1148494
-0.1229252 -0.08772364 -0.01437618 16485019 -0.09456384 -0.03289032 0.1140574
-0.118587 -0.09351967 -0.0144942 16725085 -0.09089285 -0.03739452 0.1135263
-0.1140566 -0.09928521 -0.01458134 16945272 -0.08708933 -0.04179934 0.1129898
-0.1042197 -0.1110054 -0.0148616 17155462 -0.07884753 -0.0506947 0.1117288
-0.09849995 -0.1168057 -0.01508715 17395695 -0.07434839 -0.05526483 0.1111494
-0.09228599 -0.1222372 -0.01534917 17625894 -0.06954694 -0.05993256 0.1107751
-0.07852903 -0.1321209 -0.01627471 17826067 -0.05939639 -0.06838131 0.1097311
-0.07178423 -0.1363665 -0.01705053 18066462 -0.05416995 -0.07169363 0.1087009
-0.06520948 -0.1402661 -0.01800182 18306517 -0.04886362 -0.07457358 0.1073918
-0.05264211 -0.1477614 -0.01979425 18496684 -0.03804231 -0.07911974 0.1042277
-0.04599875 -0.1514064 -0.02060785 18726892 -0.03242636 -0.08118982 0.1026467
-0.03916878 -0.1541889 -0.02155557 18967097 -0.02677667 -0.08305597 0.1012971
-0.02564305 -0.1589811 -0.02357795 19167285 -0.01551819 -0.08624453 0.09854137
-0.01887295 -0.1608308 -0.02458742 19397485 -0.00983578 -0.08737376 0.09718549
-0.005574435 -0.1625876 -0.02693608 19638877 0.00171566 -0.08823314 0.09440862
0.001273811 -0.162467 -0.02827849 19837903 0.007548064 -0.08783442 0.09295212
0.0081954 -0.1613282 -0.02982261 20068098 0.01328212 -0.08704048 0.09167515
0.02214241 -0.1583262 -0.03255203 20308311 0.02457027 -0.08454898 0.08933841
0.02904898 -0.1565724 -0.03357461 20518497 0.030028 -0.08301476 0.08846866
0.03540838 -0.1547081 -0.03444543 20748708 0.03520805 -0.08136898 0.08773302
0.04797037 -0.1506342 -0.03565302 20978928 0.04498005 -0.07797956 0.08689748
0.05369674 -0.148532 -0.03595391 21179097 0.04939164 -0.07624698 0.08677588
0.0594849 -0.1466553 -0.03586152 21419314 0.05372425 -0.07446626 0.08686506
0.07056232 -0.1422424 -0.0351223 21649533 0.0619024 -0.07048175 0.08768521
0.07626089 -0.1394617 -0.0344862 21849718 0.06587408 -0.06821707 0.08848773
0.08194214 -0.1363727 -0.03359451 22099936 0.06977674 -0.06571442 0.08955442
0.09373143 -0.1291672 -0.03123584 22300121 0.07727097 -0.0600794 0.09230433
0.09994046 -0.1248431 -0.03019741 22520303 0.08114736 -0.05690878 0.09364926
0.1048251 -0.1205196 -0.029233 22750511 0.08453812 -0.05353269 0.09489369
0.1134603 -0.1110972 -0.0280266 22970714 0.09083354 -0.04642838 0.09692227
0.1174631 -0.1063231 -0.0273613 23190916 0.09358166 -0.04260203 0.09784078
0.1212562 -0.1015353 -0.02657523 23441134 0.09591417 -0.03877869 0.09882676
0.1274809 -0.09230718 -0.0259675 23651328 0.09986531 -0.03192836 0.1001199
0.1304346 -0.08753075 -0.02570429 23871543 0.101448 -0.0284844 0.100706
0.1322555 -0.0827811 -0.02556505 24121760 0.1027107 -0.02476769 0.1011938
0.1366539 -0.07197012 -0.02484562 24321949 0.1050133 -0.01668897 0.1026264
0.1388735 -0.06602097 -0.02439894 24572155 0.1060006 -0.01237034 0.1034573
0.1406874 -0.05936856 -0.02411951 24792686 0.1067383 -0.007697877 0.10427
0.1435512 -0.04541137 -0.02375235 24982537 0.1077555 0.002096836 0.1057385
0.1445429 -0.03791112 -0.02361252 25212745 0.1080262 0.007376676 0.1064713
0.1455511 -0.03023892 -0.02322282 25463307 0.1082262 0.0128727 0.10737
0.1465104 -0.01471679 -0.02205767 25663143 0.1080225 0.02388478 0.1096042
0.1466386 -0.007449109 -0.02122547 25883338 0.1076611 0.02933804 0.1108113
0.1461267 -0.001586612 -0.02006663 26123567 0.1070448 0.03436903 0.1121682
0.1441906 0.008332407 -0.01697649 26323743 0.1053367 0.04391999 0.115425
0.142635 0.01174463 -0.01484097 26553947 0.1041901 0.04816581 0.1174532
0.1404099 0.0148008 -0.01222767 26804177 0.1027311 0.05259884 0.1199006
0.1339372 0.01669542 -0.003350151 26994827 0.09810507 0.06234382 0.126798
0.1299194 0.0161881 0.003439295 27244574 0.09507404 0.06814346 0.1314732
0.1260343 0.0142759 0.0120536 27444755 0.09167245 0.07388923 0.1368405
