0.1513395 -0.004263997 0.005747694 0 0.1131484 0.008067607 0.1424797
0.1508618 -0.004281282 0.005202074 120639 0.1131672 0.008345604 0.1420448
0.1508618 -0.004281282 0.005202074 250229 0.1131672 0.008345604 0.1420448
0.1505196 -0.004518867 0.004606981 340303 0.1131932 0.008546113 0.1415095
0.1501794 -0.004527092 0.004096288 450418 0.1131809 0.008754968 0.1410669
0.1501794 -0.004527092 0.004096288 580536 0.1131809 0.008754968 0.1410669
0.1498859 -0.00491023 0.00366034 680622 0.1131593 0.008893847 0.1406525
0.1494802 -0.004851818 0.003285605 790717 0.112992 0.008886336 0.1403481
0.1494802 -0.004851818 0.003285605 900821 0.112992 0.008886336 0.1403481
0.1491234 -0.004688382 0.00292911 1010912 0.112779 0.008769273 0.1400576
0.148802 -0.004366517 0.002764601 1141033 0.1125101 0.008695126 0.1399453
0.148802 -0.004366517 0.002764601 1241132 0.1125101 0.008695126 0.1399453
0.1486443 -0.003918052 0.002884645 1351239 0.1122053 0.008806228 0.140058
0.1484378 -0.003153205 0.003129084 1471323 0.1118006 0.009122252 0.1402906
0.1484378 -0.003153205 0.003129084 1571430 0.1118006 0.009122252 0.1402906
0.1480525 -0.001887202 0.003431577 1681521 0.1112485 0.009734392 0.1406053
0.1476289 -0.0006777048 0.003833312 1801771 0.1106622 0.01056695 0.1409948
0.1476289 -0.0006777048 0.003833312 1911725 0.1106622 0.01056695 0.1409948
0.1471457 0.001085758 0.004488308 2021832 0.1100005 0.01161432 0.1416584
0.1467857 0.002805233 0.005263466 2131919 0.1092892 0.01286006 0.1423735
0.1467857 0.002805233 0.005263466 2252044 0.1092892 0.01286006 0.1423735
0.1462715 0.005189419 0.006134171 2352130 0.1083417 0.01446056 0.1431803
0.1459216 0.00726509 0.007044214 2472235 0.1075091 0.01603007 0.1439891
0.1459216 0.00726509 0.007044214 2582553 0.1075091 0.01603007 0.1439891
0.1450119 0.01031923 0.008007902 2692441 0.1063149 0.01810157 0.144932
0.1441352 0.013206 0.00906034 2812546 0.1051336 0.0204134 0.1459296
0.1441352 0.013206 0.00906034 2922645 0.1051336 0.0204134 0.1459296
0.1433125 0.01686788 0.01039674 3032736 0.1037778 0.02309024 0.1471612
0.1423565 0.02073741 0.0116141 3162866 0.1023788 0.02602983 0.148289
0.1423565 0.02073741 0.0116141 3263272 0.1023788 0.02602983 0.148289
0.141707 0.02465486 0.01294448 3363051 0.100984 0.02918708 0.1494265
0.1407848 0.02895558 0.0142165 3473134 0.09943349 0.03253901 0.1505378
0.1407848 0.02895558 0.0142165 3593246 0.09943349 0.03253901 0.1505378
0.1398436 0.03315389 0.01537915 3693337 0.09793577 0.03599333 0.1515479
0.138735 0.03752005 0.01629187 3813441 0.0964661 0.0396043 0.1523626
0.138735 0.03752005 0.01629187 3923552 0.0964661 0.0396043 0.1523626
0.1375582 0.04137015 0.01709409 4033652 0.09492681 0.04321634 0.1530551
0.1361627 0.04507899 0.01751192 4163757 0.09334467 0.04679823 0.1534159
0.1344348 0.04883515 0.01799311 4263856 0.09172949 0.05035495 0.153935
0.1344348 0.04883515 0.01799311 4373955 0.09172949 0.05035495 0.153935
0.1329061 0.05317986 0.01868416 4484050 0.09004591 0.05384064 0.1545842
0.1313236 0.05736696 0.01927365 4604171 0.08833668 0.05709827 0.155135
0.1313236 0.05736696 0.01927365 4704257 0.08833668 0.05709827 0.155135
0.1293677 0.06159019 0.01979728 4824349 0.08645792 0.06053614 0.1556791
0.1275586 0.06520832 0.02013649 4934465 0.08457977 0.06387924 0.1559942
0.1275586 0.06520832 0.02013649 5044560 0.08457977 0.06387924 0.1559942
0.1252607 0.06879282 0.02023525 5154668 0.08241457 0.06726813 0.1561328
0.1252607 0.06879282 0.02023525 5274760 0.08241457 0.06726813 0.1561328
0.1231772 0.07280409 0.02045222 5374858 0.08029704 0.0707178 0.1563316
0.1203122 0.07617068 0.02030201 5494971 0.07784805 0.07389592 0.1563089
0.1176162 0.07990383 0.0202644 5595057 0.07537673 0.07724309 0.1563342
0.1176162 0.07990383 0.0202644 5725166 0.07537673 0.07724309 0.1563342
0.1149063 0.08342468 0.02022506 5825273 0.07273553 0.08043075 0.1563092
0.1113896 0.08698964 0.01999928 5935364 0.06981716 0.08371746 0.156261
0.1113896 0.08698964 0.01999928 6055460 0.06981716 0.08371746 0.156261
0.1083554 0.09063029 0.02003111 6165564 0.06689606 0.08703279 0.1563191
0.1050512 0.0945102 0.01994229 6285688 0.06379578 0.09034848 0.1562761
0.1050512 0.0945102 0.01994229 6395788 0.06379578 0.09034848 0.1562761
0.1018804 0.09833621 0.01998855 6505867 0.0606208 0.09360504 0.1563026
0.09841408 0.1024518 0.01983662 6615986 0.05726815 0.0969125 0.1561545
0.09841408 0.1024518 0.01983662 6736407 0.05726815 0.0969125 0.1561545
0.09478069 0.1059589 0.01948239 6836169 0.05401172 0.10024 0.1559061
0.09132076 0.109699 0.01919402 6956310 0.05067645 0.1034935 0.1556336
0.09132076 0.109699 0.01919402 7056363 0.05067645 0.1034935 0.1556336
0.08771385 0.1131613 0.01870419 7166471 0.04723231 0.1066787 0.1551794
0.08398164 0.1162985 0.01797415 7276574 0.04380827 0.1097479 0.1545371
0.08398164 0.1162985 0.01797415 7396691 0.04380827 0.1097479 0.1545371
0.08031517 0.119133 0.01727725 7506774 0.04040469 0.1126234 0.1539192
0.07628806 0.1220829 0.01644898 7626899 0.03687753 0.1154392 0.1532295
0.07628806 0.1220829 0.01644898 7736978 0.03687753 0.1154392 0.1532295
0.07189829 0.1251326 0.01552034 7837084 0.03313206 0.1181157 0.1524663
0.06783651 0.1276819 0.01456846 7957193 0.02943333 0.1205962 0.1516131
0.06783651 0.1276819 0.01456846 8067284 0.02943333 0.1205962 0.1516131
0.06361572 0.1300876 0.01347036 8177391 0.02573754 0.1229556 0.1506587
0.05971603 0.1324307 0.01248831 8317510 0.02209111 0.1252487 0.1497437
0.05545599 0.1347234 0.01135654 8407591 0.01819577 0.1274509 0.1487065
0.05545599 0.1347234 0.01135654 8517686 0.01819577 0.1274509 0.1487065
0.05121232 0.1366462 0.01030505 8627996 0.0143037 0.1295216 0.1477578
0.05121232 0.1366462 0.01030505 8748194 0.0143037 0.1295216 0.1477578
0.04690912 0.1389996 0.00945664 8847984 0.01027461 0.1315687 0.1469664
0.04248243 0.1408467 0.00868923 8958092 0.00616013 0.133319 0.1462766
0.04248243 0.1408467 0.00868923 9078382 0.00616013 0.133319 0.1462766
0.03812642 0.1428157 0.00800765 9188287 0.001951178 0.1350324 0.1456195
0.03374625 0.1443638 0.007527177 9298387 -0.002160558 0.1366308 0.1452122
0.03374625 0.1443638 0.007527177 9418807 -0.002160558 0.1366308 0.1452122
0.02899742 0.1450825 0.00680143 9518589 -0.006258228 0.1378566 0.144682
0.02440288 0.1460811 0.006358448 9638694 -0.01035643 0.1390027 0.1443727
0.02440288 0.1460811 0.006358448 9758802 -0.01035643 0.1390027 0.1443727
0.01986442 0.1467922 0.006063106 9859059 -0.01449493 0.1398871 0.1441862
0.0153917 0.1474478 0.005985262 9968992 -0.01850254 0.1405828 0.1442253
0.0153917 0.1474478 0.005985262 10079107 -0.01850254 0.1405828 0.1442253
0.01106375 0.147933 0.006075086 10189203 -0.02257917 0.1409638 0.1443712
0.006692766 0.148041 0.006196857 10309311 -0.0266412 0.1411941 0.1445739
0.006692766 0.148041 0.006196857 10409389 -0.0266412 0.1411941 0.1445739
0.002494193 0.1482624 0.006370008 10529498 -0.03059802 0.1414883 0.1448087
-0.002020292 0.148347 0.006466628 10639609 -0.03458569 0.1417019 0.1450364
-0.002020292 0.148347 0.006466628 10749700 -0.03458569 0.1417019 0.1450364
-0.005933232 0.1487188 0.006595552 10859812 -0.03839529 0.1418159 0.145177
-0.01011089 0.1485829 0.006460129 10979912 -0.04213944 0.141864 0.1451514
-0.01011089 0.1485829 0.006460129 11100017 -0.04213944 0.141864 0.1451514
-0.01430806 0.1487217 0.006287753 11200103 -0.04578754 0.1419991 0.1451045
-0.01862547 0.1482603 0.005722819 11320227 -0.04945615 0.1419687 0.1447053
-0.01862547 0.1482603 0.005722819 11450337 -0.04945615 0.1419687 0.1447053
-0.02322007 0.1478034 0.004879353 11530409 -0.05302856 0.1418426 0.1440992
-0.02756113 0.1472286 0.003986058 11650517 -0.05653099 0.1416513 0.1433987
-0.03215439 0.1466806 0.003005323 11780647 -0.05998779 0.1413934 0.1426606
-0.03215439 0.1466806 0.003005323 11880733 -0.05998779 0.1413934 0.1426606
-0.03630223 0.1461521 0.002018627 11990816 -0.06341955 0.1412034 0.1418271
-0.04053964 0.1453998 0.0008999668 12110937 -0.06681713 0.1408424 0.140882
-0.04053964 0.1453998 0.0008999668 12201018 -0.06681713 0.1408424 0.140882
-0.04473233 0.1444702 -0.0002788942 12311110 -0.07025641 0.1403437 0.1398558
-0.04473233 0.1444702 -0.0002788942 12441235 -0.07025641 0.1403437 0.1398558
-0.04873371 0.1434827 -0.001579468 12541325 -0.07361895 0.1398909 0.1386849
-0.05276826 0.1421572 -0.003072088 12651421 -0.07697502 0.1392679 0.137327
-0.05690062 0.1407616 -0.004670208 12771533 -0.08028975 0.138523 0.1358794
-0.05690062 0.1407616 -0.004670208 12871623 -0.08028975 0.138523 0.1358794
-0.06086397 0.139249 -0.006246691 12991720 -0.08356076 0.1375809 0.1344243
-0.06497604 0.1375518 -0.008011049 13111828 -0.08679958 0.1362879 0.1328022
-0.06497604 0.1375518 -0.008011049 13211926 -0.08679958 0.1362879 0.1328022
-0.06875756 0.1354256 -0.009615486 13362054 -0.08989909 0.1348119 0.1313061
-0.07266274 0.1332282 -0.01124979 13582253 -0.09297973 0.1330025 0.1297942
-0.07593136 0.1308384 -0.01276422 13822494 -0.09581881 0.131004 0.128341
-0.08321127 0.125877 -0.01530308 14053026 -0.1014822 0.1261663 0.1260204
-0.08657721 0.12264 -0.01621801 14263057 -0.1042211 0.1232482 0.1251841
-0.08981615 0.1190773 -0.01701594 14483066 -0.1068089 0.120038 0.124464
-0.09306398 0.115298 -0.01760186 14723744 -0.1092607 0.1164279 0.1239701
-0.09920276 0.1066841 -0.01837922 14933978 -0.1136073 0.1076908 0.1233873
-0.1025428 0.1021913 -0.01848603 15163688 -0.1155999 0.1024618 0.1234143
-0.1096202 0.09085274 -0.01800461 15394702 -0.1194606 0.09095978 0.1241551
-0.1131972 0.08433855 -0.01770581 15594072 -0.1213022 0.08503961 0.1245618
-0.1169114 0.07802773 -0.01743413 15834305 -0.1232018 0.07906484 0.1249232
-0.1250341 0.06609654 -0.0174637 16074506 -0.1269419 0.06803727 0.1250103
-0.1288059 0.06042409 -0.01743503 16264694 -0.1287218 0.06313491 0.1250391
-0.1324154 0.05480456 -0.01730544 16494881 -0.1306081 0.05839705 0.1251378
-0.1384926 0.04394745 -0.01664348 16735106 -0.1341622 0.04932332 0.1256892
-0.1410807 0.03866088 -0.01627906 16945474 -0.1357256 0.0450654 0.1259762
-0.1434847 0.03300345 -0.01596333 17155477 -0.1370791 0.04085111 0.1261761
-0.1468101 0.02235842 -0.01586963 17415708 -0.1388983 0.0329535 0.1260155
-0.1484025 0.01745141 -0.01610602 17615901 -0.1395101 0.02912366 0.1256364
-0.1496632 0.01283503 -0.01648416 17846267 -0.1400766 0.02528691 0.1251467
-0.1522501 0.003514647 -0.01752652 18087160 -0.141022 0.01789355 0.1238008
-0.153108 -0.0007777213 -0.01813377 18286822 -0.1413635 0.01456988 0.1230496
-0.1540068 -0.005025386 -0.01864071 18506717 -0.1415231 0.01134729 0.122364
-0.1552167 -0.01254237 -0.01973219 18746913 -0.1416347 0.005062341 0.1210224
-0.1554649 -0.01629376 -0.02026357 18957103 -0.1415363 0.002143621 0.1203504
-0.1555776 -0.01975274 -0.02082343 19187331 -0.141271 -0.0005639791 0.1196521
-0.1545795 -0.02663731 -0.02217139 19417879 -0.1401646 -0.005954742 0.1180808
-0.1537714 -0.03006577 -0.02284844 19627895 -0.1393091 -0.008646131 0.1172882
-0.153009 -0.03350532 -0.02351494 19847915 -0.1382465 -0.0114038 0.1164845
-0.1503555 -0.04093754 -0.02509792 20098323 -0.1353746 -0.0174315 0.1146493
-0.1487588 -0.04480111 -0.02594806 20298313 -0.1336948 -0.02062106 0.1136752
-0.1470541 -0.04894972 -0.0267557 20519039 -0.1319129 -0.02401853 0.112727
-0.1431044 -0.05740141 -0.02813668 20738719 -0.1279095 -0.03121614 0.1111102
-0.1410418 -0.06197548 -0.0285811 20979102 -0.1256352 -0.03523659 0.1105373
-0.1389529 -0.06623923 -0.02895339 21189125 -0.1233364 -0.03937983 0.1101184
-0.1340871 -0.07589662 -0.02941878 21409324 -0.1181407 -0.04806971 0.1094251
-0.1317248 -0.08049619 -0.02970679 21639532 -0.1154334 -0.05223012 0.1090083
-0.1294233 -0.08505952 -0.03007282 21859739 -0.1126186 -0.05639553 0.1084993
-0.1232172 -0.09328973 -0.03071929 22109960 -0.1065877 -0.06389332 0.1077205
-0.1204988 -0.09719645 -0.03097076 22300136 -0.1036962 -0.06745756 0.1073749
-0.1172491 -0.1008816 -0.03120846 22530336 -0.1005609 -0.07084965 0.1070877
-0.1108986 -0.1082812 -0.03155077 22770561 -0.09404733 -0.07731509 0.1065194
-0.1076609 -0.1117618 -0.03169055 23000752 -0.09069758 -0.08050679 0.1063008
-0.1010462 -0.1187593 -0.03187824 23200941 -0.08402126 -0.08694315 0.1059772
-0.09763088 -0.1219329 -0.03202582 23451572 -0.08069166 -0.09007168 0.1058298
-0.094157 -0.1250049 -0.03204954 23651368 -0.07718011 -0.09305405 0.1057807
-0.09075133 -0.1285883 -0.0320527 23871554 -0.07374623 -0.09591281 0.1056041
-0.08395367 -0.1340536 -0.03197968 24111771 -0.06692448 -0.1010266 0.1055902
-0.08062673 -0.1367056 -0.03178716 24332140 -0.06344774 -0.1033825 0.1056926
-0.07320323 -0.1413647 -0.03148508 24542147 -0.05651682 -0.1076385 0.1059571
-0.06989401 -0.1432008 -0.03115934 24792377 -0.05310518 -0.1094515 0.1062647
-0.06621156 -0.1451057 -0.03082258 24982561 -0.04965276 -0.1111746 0.1065846
-0.06259182 -0.146468 -0.03056854 25222774 -0.04625755 -0.112715 0.1069094
-0.05473365 -0.1489764 -0.02987176 25452965 -0.03917557 -0.1150008 0.1076413
-0.05064638 -0.1494113 -0.02946991 25673164 -0.0355767 -0.1157782 0.1081817
-0.04267572 -0.1506085 -0.02891118 25883366 -0.02833861 -0.1170717 0.1088421
-0.03924478 -0.1512021 -0.02893674 26133587 -0.02485839 -0.1175703 0.1087882
-0.03543238 -0.1518477 -0.02889019 26343781 -0.02107367 -0.1179819 0.1087804
-0.02814928 -0.1527598 -0.02919394 26553963 -0.01382265 -0.1189502 0.1084937
-0.02415174 -0.1531659 -0.02956003 26814392 -0.01031652 -0.1195812 0.108233
-0.02026737 -0.1534483 -0.0297516 27004377 -0.006739979 -0.1200268 0.1081116
-0.01334144 -0.1541977 -0.03024363 27234597 5.772201E-05 -0.1206796 0.1076087
-0.00980101 -0.1540909 -0.03020429 27454792 0.003392244 -0.1206988 0.1076984
-0.006216626 -0.1536164 -0.02986991 27674991 0.006491894 -0.1202946 0.1080953
0.0006542242 -0.1528463 -0.02833163 27915373 0.0123651 -0.1189114 0.1095724
0.004103992 -0.1522168 -0.02728241 28115368 0.01528897 -0.1180286 0.1106027
0.007460731 -0.151585 -0.02615559 28365602 0.01814648 -0.1171006 0.1116954
0.01432308 -0.151026 -0.0240612 28586133 0.02392008 -0.1154295 0.113587
0.01755066 -0.1504467 -0.02304786 28795982 0.02674972 -0.1147077 0.1145906
0.02099381 -0.1497935 -0.022089 29016371 0.0296758 -0.1140405 0.1155794
0.02827059 -0.1487251 -0.02036481 29236383 0.03540473 -0.112891 0.1173714
0.03164325 -0.1478213 -0.01944982 29466607 0.03824501 -0.1121949 0.1183668
0.03539495 -0.1468938 -0.01867288 29686802 0.04116578 -0.1114083 0.1192174
0.04232144 -0.1448949 -0.01737808 29927205 0.04681988 -0.1094809 0.1205779
0.04562093 -0.1433066 -0.01680582 30137213 0.04967671 -0.1082028 0.1212432
0.04900045 -0.1418037 -0.01637839 30357561 0.05248816 -0.106737 0.1216955
0.05570438 -0.1385138 -0.01578354 30607637 0.05816616 -0.1033209 0.1222804
0.05918392 -0.1366571 -0.01561462 30807797 0.06105374 -0.1015381 0.1224774
0.06214648 -0.1347178 -0.01553791 31028020 0.06374826 -0.09969187 0.1225811
0.06873909 -0.1309354 -0.01535772 31258224 0.06925611 -0.09554946 0.1226778
0.07184026 -0.129072 -0.01524614 31478403 0.07193618 -0.09351539 0.1227465
0.07514481 -0.1265556 -0.01510279 31698605 0.07458867 -0.09154689 0.1230287
0.08174566 -0.1224486 -0.01471983 31959104 0.07958619 -0.08762931 0.1234438
0.08513822 -0.1202195 -0.01439785 32149016 0.08218341 -0.08553647 0.1237854
0.08817059 -0.1177813 -0.01414387 32369215 0.08462594 -0.0832951 0.1240747
0.09514245 -0.1120164 -0.01371311 32619465 0.08959304 -0.07837832 0.1246484
0.09853214 -0.1085484 -0.01345198 32829642 0.09196568 -0.07548356 0.1250032
0.1045761 -0.1016206 -0.01258914 33039820 0.09659593 -0.06926739 0.1259599
0.107164 -0.09848666 -0.01206843 33270327 0.09876619 -0.06594705 0.1264123
0.1096911 -0.0947448 -0.01161311 33480213 0.1008612 -0.06244635 0.1268971
0.1122606 -0.09094702 -0.01120059 33710575 0.1029209 -0.05885338 0.1273239
0.1173639 -0.08291792 -0.0102251 33940629 0.1067374 -0.05170953 0.1284088
0.1198166 -0.07906186 -0.009611828 34160839 0.1084451 -0.04811453 0.1290215
0.1244666 -0.07089185 -0.008580786 34391039 0.1115909 -0.04110932 0.1301761
0.1259271 -0.06709158 -0.007986708 34621255 0.1128156 -0.03779221 0.1308509
0.128109 -0.06321275 -0.007336242 34821436 0.1142358 -0.03448939 0.1315477
0.1315832 -0.05624973 -0.006037575 35051627 0.116549 -0.02818131 0.1328595
0.1330268 -0.05222499 -0.005461735 35281843 0.1175058 -0.0249567 0.1335411
0.1341455 -0.04886591 -0.004843456 35522072 0.1183127 -0.02202415 0.1342072
0.1374998 -0.04175138 -0.003280979 35722240 0.1198996 -0.01589274 0.1357435
0.138714 -0.03819013 -0.002580386 35952448 0.1204955 -0.012941 0.1364765
0.139989 -0.0343523 -0.001872283 36193005 0.1210302 -0.009993791 0.1372445
0.1419458 -0.02662539 -0.001002115 36402863 0.1219363 -0.003804683 0.1382282
0.1426001 -0.02306902 -0.0006357845 36623049 0.1222374 -0.0008170604 0.1386354
0.1434358 -0.01923347 -0.0003064687 36863278 0.1225695 0.002211571 0.1390167
0.1445401 -0.01157212 6.14112E-05 37083805 0.122807 0.008078933 0.1395166
0.1447951 -0.007239222 -0.0001147801 37293833 0.1230063 0.01111388 0.1395085
0.1444579 -0.002477765 -0.0006876403 37534208 0.1232043 0.0140245 0.1392488
0.1430925 0.003108501 -0.001653057 37744065 0.123311 0.01885331 0.1385862
0.1422064 0.004370213 -0.001764816 37974273 0.1231125 0.02049899 0.1385261
0.1412186 0.004199982 -0.001021009 38184462 0.1224699 0.02139616 0.1391896
