0.1410985 -0.0008626342 -0.009824431 0 0.1294476 0.006659711 0.1319991
0.1408161 -0.001130855 -0.01018935 100082 0.1290837 0.006875956 0.131601
0.1407549 -0.00128988 -0.01059977 220190 0.1287736 0.007122958 0.1311462
0.1407549 -0.00128988 -0.01059977 340311 0.1287736 0.007122958 0.1311462
0.140641 -0.001034534 -0.01105325 440389 0.1285743 0.007519209 0.1306771
0.1408939 -0.0006794095 -0.01147287 560501 0.1284824 0.008086646 0.1302147
0.1408939 -0.0006794095 -0.01147287 670913 0.1284824 0.008086646 0.1302147
0.1413241 0.0001047492 -0.01184708 770699 0.1284366 0.00870415 0.1298082
0.1420907 0.001355493 -0.01211674 910817 0.1284482 0.009674514 0.1294846
0.1426539 0.002522671 -0.01222262 1000895 0.1283831 0.01095756 0.1293099
0.1426539 0.002522671 -0.01222262 1111010 0.1283831 0.01095756 0.1293099
0.1429105 0.004764402 -0.01247222 1241115 0.1284477 0.01244017 0.129084
0.1429105 0.004764402 -0.01247222 1341206 0.1284477 0.01244017 0.129084
0.1428785 0.007712805 -0.01262166 1451305 0.1283812 0.01450559 0.1289762
0.14307 0.01039573 -0.01271167 1561400 0.1281763 0.01685044 0.1288608
0.14307 0.01039573 -0.01271167 1671500 0.1281763 0.01685044 0.1288608
0.1426206 0.01330241 -0.01281704 1781603 0.1277794 0.01936551 0.1287782
0.1426824 0.01581332 -0.01319791 1891694 0.1274964 0.02149531 0.1283766
0.1426824 0.01581332 -0.01319791 2011803 0.1274964 0.02149531 0.1283766
0.1416473 0.02069804 -0.01312242 2121902 0.126531 0.02503701 0.1285072
0.1404223 0.02562519 -0.01305549 2232006 0.1253114 0.02879962 0.1286055
0.1404223 0.02562519 -0.01305549 2342121 0.1253114 0.02879962 0.1286055
0.1390575 0.03089746 -0.01279353 2452204 0.1239909 0.03295108 0.1288929
0.1373588 0.03622397 -0.01253771 2582326 0.1225185 0.03703042 0.1291851
0.1373588 0.03622397 -0.01253771 2692433 0.1225185 0.03703042 0.1291851
0.135714 0.04148742 -0.01230597 2792507 0.1209605 0.04118308 0.1294279
0.1338972 0.0468696 -0.01216633 2912628 0.1192802 0.0453852 0.1295743
0.1338972 0.0468696 -0.01216633 3012718 0.1192802 0.0453852 0.1295743
0.131616 0.05187747 -0.01198252 3122814 0.1174169 0.04949113 0.1297882
0.1296112 0.0569435 -0.01180695 3252927 0.1155762 0.05363139 0.1299615
0.1273481 0.06172021 -0.01167924 3353029 0.1136703 0.05761954 0.1301036
0.1273481 0.06172021 -0.01167924 3473118 0.1136703 0.05761954 0.1301036
0.1247699 0.06647155 -0.01143266 3593254 0.1115078 0.06161865 0.1303659
0.1225581 0.07096096 -0.01133327 3683336 0.1094309 0.06544229 0.1304534
0.1225581 0.07096096 -0.01133327 3803432 0.1094309 0.06544229 0.1304534
0.1200304 0.07533511 -0.01116562 3933545 0.1073179 0.06921098 0.130634
0.1172334 0.0793905 -0.01094175 4023618 0.1050448 0.07273719 0.13088
0.1172334 0.0793905 -0.01094175 4133722 0.1050448 0.07273719 0.13088
0.1147256 0.08394071 -0.0107542 4264013 0.1028004 0.07640382 0.1310458
0.1147256 0.08394071 -0.0107542 4363930 0.1028004 0.07640382 0.1310458
0.1117242 0.08802243 -0.01053932 4464048 0.1002668 0.07981154 0.1312618
0.1090118 0.09231897 -0.01029131 4584132 0.0978144 0.08327409 0.1314799
0.1090118 0.09231897 -0.01029131 4704245 0.0978144 0.08327409 0.1314799
0.1059207 0.09647354 -0.009988092 4804335 0.09520619 0.08664545 0.1317683
0.1031426 0.1003499 -0.009678018 4914438 0.09268896 0.08987208 0.1320513
0.09965178 0.1043687 -0.009312092 5044556 0.08991525 0.09305461 0.132404
0.09965178 0.1043687 -0.009312092 5144646 0.08991525 0.09305461 0.132404
0.09629834 0.1085247 -0.008940888 5264755 0.08708558 0.09624823 0.1327301
0.0930662 0.112393 -0.00848524 5374854 0.08427538 0.09930858 0.1331402
0.0930662 0.112393 -0.00848524 5474944 0.08427538 0.09930858 0.1331402
0.08934139 0.1161092 -0.008046828 5605058 0.08149962 0.1023256 0.1335681
0.08568023 0.1196294 -0.007578059 5705497 0.07877949 0.1052203 0.1340235
0.08568023 0.1196294 -0.007578059 5825645 0.07877949 0.1052203 0.1340235
0.08219612 0.1228776 -0.007159424 5925343 0.07604031 0.1079392 0.1344217
0.07828854 0.1261655 -0.006747562 6035450 0.07318073 0.1106562 0.1348138
0.07828854 0.1261655 -0.006747562 6165555 0.07318073 0.1106562 0.1348138
0.07492 0.1293213 -0.006414456 6255637 0.07031094 0.1132934 0.1351063
0.0712614 0.1320437 -0.006128821 6375757 0.06747536 0.1156603 0.1353756
0.0712614 0.1320437 -0.006128821 6485844 0.06747536 0.1156603 0.1353756
0.06744669 0.1343937 -0.005852541 6595940 0.0645216 0.117784 0.135646
0.06403936 0.1365761 -0.00563919 6726065 0.06172021 0.1198175 0.1358529
0.06403936 0.1365761 -0.00563919 6826164 0.06172021 0.1198175 0.1358529
0.0603261 0.1384173 -0.00547041 6926246 0.05885031 0.1215443 0.1360195
0.0567302 0.1403148 -0.005311025 7056355 0.05597908 0.1232303 0.1361592
0.0567302 0.1403148 -0.005311025 7166471 0.05597908 0.1232303 0.1361592
0.05272796 0.1418585 -0.005168628 7266561 0.05303229 0.1246509 0.1362883
0.04866954 0.1430181 -0.005123982 7376660 0.04997042 0.1258509 0.1363322
0.04866954 0.1430181 -0.005123982 7496765 0.04997042 0.1258509 0.1363322
0.04461438 0.1438799 -0.005119861 7606860 0.0468984 0.1268193 0.1363368
0.04071297 0.1446794 -0.0051602 7736986 0.04380149 0.1276622 0.1362864
0.04071297 0.1446794 -0.0051602 7827067 0.04380149 0.1276622 0.1362864
0.03650245 0.1451251 -0.005127002 7937162 0.04069073 0.1282837 0.1363123
0.03239366 0.1455224 -0.005160374 8077277 0.0376748 0.1288151 0.1362583
0.03239366 0.1455224 -0.005160374 8157345 0.0376748 0.1288151 0.1362583
0.02811581 0.1458542 -0.005221645 8277465 0.03459268 0.1292554 0.1361601
0.02483173 0.1462023 -0.005439799 8407583 0.03175331 0.1296591 0.1359274
0.01978857 0.1461868 -0.005452231 8497660 0.0283852 0.1298418 0.135846
0.01978857 0.1461868 -0.005452231 8607763 0.0283852 0.1298418 0.135846
0.01527326 0.1461408 -0.005576552 8747886 0.02503606 0.1300745 0.1356779
0.01527326 0.1461408 -0.005576552 8837963 0.02503606 0.1300745 0.1356779
0.0104114 0.1458279 -0.005658691 8948062 0.02155708 0.1301288 0.1355347
0.005297966 0.1455134 -0.005702055 9078200 0.01791572 0.1300631 0.1353949
-0.0002700315 0.1446986 -0.005782796 9178270 0.01406261 0.1298315 0.1352129
-0.0002700315 0.1446986 -0.005782796 9278364 0.01406261 0.1298315 0.1352129
-0.005185609 0.1439622 -0.005765223 9388460 0.01040515 0.1294944 0.1351385
-0.005185609 0.1439622 -0.005765223 9508576 0.01040515 0.1294944 0.1351385
-0.01014255 0.142726 -0.005857567 9618684 0.00684337 0.1288802 0.1349473
-0.01560382 0.1415853 -0.005928458 9748963 0.003060122 0.1282105 0.1347095
-0.01560382 0.1415853 -0.005928458 9848879 0.003060122 0.1282105 0.1347095
-0.02035763 0.140482 -0.006176733 9948974 -0.0004502342 0.1274996 0.1343274
-0.02568638 0.1389877 -0.006412291 10089291 -0.004165743 0.1266111 0.1339086
-0.03069455 0.1374213 -0.006751058 10179173 -0.007785462 0.125683 0.1334047
-0.03069455 0.1374213 -0.006751058 10289277 -0.007785462 0.125683 0.1334047
-0.03591293 0.1358965 -0.007032832 10399376 -0.01157834 0.1247092 0.1329276
-0.03591293 0.1358965 -0.007032832 10519485 -0.01157834 0.1247092 0.1329276
-0.04119508 0.1343988 -0.00716611 10619575 -0.01545477 0.1237576 0.1325853
-0.04639394 0.1328318 -0.007264268 10739687 -0.01940146 0.1227498 0.1322922
-0.04639394 0.1328318 -0.007264268 10889815 -0.01940146 0.1227498 0.1322922
-0.05187948 0.1316637 -0.007158755 10959882 -0.02340697 0.1218118 0.1321198
-0.0571511 0.1302461 -0.007028067 11069985 -0.02723983 0.1207429 0.1319729
-0.0571511 0.1302461 -0.007028067 11190094 -0.02723983 0.1207429 0.1319729
-0.062395 0.1287678 -0.006813287 11290184 -0.03115217 0.1196254 0.1319187
-0.06707279 0.1273722 -0.006941473 11420310 -0.0345532 0.1183521 0.1315048
-0.0725713 0.1257213 -0.006568891 11520388 -0.03822067 0.1170532 0.131457
-0.0725713 0.1257213 -0.006568891 11640500 -0.03822067 0.1170532 0.131457
-0.07784174 0.1239694 -0.006182274 11760621 -0.04181168 0.1156668 0.1314373
-0.08263339 0.1221283 -0.005872284 11860695 -0.04529981 0.1142001 0.1314216
-0.08263339 0.1221283 -0.005872284 11980807 -0.04529981 0.1142001 0.1314216
-0.08442807 0.1194861 -0.006795032 12090899 -0.04832741 0.1126005 0.1308843
-0.08889899 0.1169666 -0.006556065 12211027 -0.05171696 0.1108478 0.1308714
-0.08889899 0.1169666 -0.006556065 12311113 -0.05171696 0.1108478 0.1308714
-0.09320973 0.1142372 -0.006376415 12431226 -0.05505669 0.1089661 0.1308199
-0.09753243 0.1114075 -0.006130069 12561343 -0.05844657 0.1069551 0.1308324
-0.09753243 0.1114075 -0.006130069 12651425 -0.05844657 0.1069551 0.1308324
-0.1016524 0.1085236 -0.005886599 12771513 -0.06161951 0.1048925 0.1308264
-0.1059834 0.1059225 -0.005406413 12881616 -0.06494633 0.1030309 0.1310262
-0.1059834 0.1059225 -0.005406413 12971714 -0.06494633 0.1030309 0.1310262
-0.1100304 0.1030355 -0.005142316 13091822 -0.06801381 0.1007999 0.1310041
-0.1138798 0.1000241 -0.004884299 13211922 -0.07103477 0.09852477 0.1310139
-0.1138798 0.1000241 -0.004884299 13322018 -0.07103477 0.09852477 0.1310139
-0.1174625 0.09674486 -0.004621897 13422120 -0.07396581 0.09611865 0.1310759
-0.1206254 0.09362849 -0.004441309 13542220 -0.07666866 0.0936925 0.1311097
-0.1206254 0.09362849 -0.004441309 13672338 -0.07666866 0.0936925 0.1311097
-0.1237763 0.09052178 -0.004129441 13802488 -0.07930954 0.09126886 0.131253
-0.1266007 0.0872552 -0.003770232 13872514 -0.0817978 0.08874627 0.1314952
-0.1266007 0.0872552 -0.003770232 13982618 -0.0817978 0.08874627 0.1314952
-0.129693 0.0841349 -0.003094163 14092717 -0.08434742 0.08628532 0.1319814
-0.1327145 0.08119223 -0.002384552 14212822 -0.08706213 0.08385392 0.1325786
-0.1327145 0.08119223 -0.002384552 14312912 -0.08706213 0.08385392 0.1325786
-0.1355547 0.07779881 -0.001708128 14433020 -0.08971597 0.08128986 0.1331728
-0.1385044 0.07415529 -0.0009500976 14553129 -0.09231858 0.0784659 0.1337887
-0.1385044 0.07415529 -0.0009500976 14663236 -0.09231858 0.0784659 0.1337887
-0.1410415 0.07009253 -0.0003225 14763330 -0.09467187 0.075443 0.1343158
-0.1432792 0.06612667 0.0001806871 14893436 -0.09678696 0.07233854 0.1347398
-0.1432792 0.06612667 0.0001806871 15003547 -0.09678696 0.07233854 0.1347398
-0.1456066 0.06174704 0.0008230173 15123639 -0.09879463 0.0689741 0.1352204
-0.1475512 0.05732533 0.001161719 15233743 -0.1007844 0.06555077 0.1355174
-0.1475512 0.05732533 0.001161719 15353851 -0.1007844 0.06555077 0.1355174
-0.1493259 0.05233427 0.001508609 15584059 -0.1025793 0.06183454 0.1357873
-0.1524185 0.04171916 0.00196956 15834297 -0.1055528 0.05381795 0.1359975
-0.1538122 0.03640326 0.002077428 16054475 -0.1067331 0.04969784 0.1359171
-0.1550387 0.03065511 0.002076095 16254664 -0.1078527 0.04533645 0.1357331
-0.1566515 0.01906487 0.001878514 16504898 -0.1095313 0.03647967 0.1352301
-0.1583845 0.01395699 0.002186245 16705071 -0.1102892 0.03205653 0.1350979
-0.1584185 0.007982219 0.001818548 16935278 -0.1106382 0.02754756 0.1346361
-0.1581842 -0.003248966 0.001281767 17175495 -0.1110828 0.01892873 0.1339312
-0.1577515 -0.008769191 0.001067594 17385689 -0.1110613 0.01472029 0.1336365
-0.1573936 -0.01386694 0.0009767342 17615889 -0.1108473 0.01059815 0.1334197
-0.1562666 -0.02384893 0.0008304294 17846429 -0.1101305 0.00247761 0.1330599
-0.1554881 -0.02907995 0.0007838542 18066299 -0.1096512 -0.001620328 0.1328868
-0.1544679 -0.03420035 0.0005894329 18276501 -0.1090752 -0.005762613 0.1326388
-0.1521074 -0.04456226 0.0001259976 18516714 -0.107559 -0.01409546 0.1320103
-0.150878 -0.04982451 -0.0001248718 18716882 -0.1066745 -0.01834849 0.1316384
-0.1497667 -0.05522362 -0.0003436864 18947094 -0.1057908 -0.02266744 0.1312332
-0.1472263 -0.06585435 -0.0006805664 19187323 -0.1039457 -0.03118161 0.1305857
-0.1454415 -0.07130293 -0.0008930157 19397500 -0.1027854 -0.03550915 0.1302768
-0.1432498 -0.07652798 -0.001262254 19617699 -0.1012531 -0.039717 0.1298388
-0.1376243 -0.08614638 -0.002280717 19857932 -0.09720712 -0.04766647 0.1288375
-0.1344913 -0.09090022 -0.002652031 20078119 -0.09483177 -0.05149487 0.1284227
-0.1304348 -0.0951852 -0.003358245 20288312 -0.09200258 -0.05509762 0.1278752
-0.1221231 -0.1038376 -0.004512509 20538550 -0.08571839 -0.06216339 0.1268047
-0.1176825 -0.1077924 -0.005137074 20728698 -0.0823049 -0.06546942 0.1262534
-0.1128672 -0.1116869 -0.00595731 20948908 -0.07872268 -0.06864814 0.1255268
-0.103419 -0.1188063 -0.007279928 21189113 -0.07123095 -0.0745056 0.1242786
-0.09845497 -0.1220174 -0.007981865 21419317 -0.06745841 -0.077176 0.1236795
-0.08835848 -0.1281908 -0.009388916 21629523 -0.05988159 -0.08191947 0.1223467
-0.08334619 -0.1308112 -0.01011901 21859730 -0.05607221 -0.08407048 0.1217054
-0.07850861 -0.1332245 -0.01075289 22069920 -0.05221079 -0.08596292 0.1210842
-0.07340999 -0.1351905 -0.01141151 22320142 -0.04828692 -0.08760801 0.1205392
-0.06306641 -0.137875 -0.01277275 22520314 -0.04040014 -0.0899506 0.1194988
-0.0576986 -0.1387867 -0.01334364 22750530 -0.03637328 -0.0907276 0.1191018
-0.05242029 -0.1395679 -0.01382937 22990743 -0.03217315 -0.0913432 0.1187251
-0.04107101 -0.1407812 -0.01464265 23190936 -0.02325846 -0.0920606 0.1180799
-0.03527825 -0.1410969 -0.01502521 23411122 -0.01862386 -0.09216038 0.1177683
-0.02383776 -0.141818 -0.01554837 23671373 -0.009539392 -0.09204058 0.1172071
-0.01804446 -0.1422885 -0.01576901 23861687 -0.004944273 -0.0919073 0.1168823
-0.01234506 -0.1427034 -0.01607452 24101754 -0.0003231122 -0.09171955 0.1164486
-0.00130072 -0.1427352 -0.01687472 24321956 0.008552815 -0.090982 0.1155291
0.004131158 -0.142614 -0.01722523 24532134 0.01278793 -0.09046463 0.1151067
0.009417719 -0.1420285 -0.01760652 24782360 0.01688957 -0.08958665 0.1146821
0.0199148 -0.140678 -0.01845128 24982532 0.02502594 -0.08762745 0.1137069
0.02518827 -0.1399006 -0.01897281 25222749 0.02918748 -0.0865598 0.1131068
0.03028875 -0.1390857 -0.01944381 25432939 0.03333369 -0.0854514 0.1125424
0.03407161 -0.136483 -0.02040393 25653304 0.03679052 -0.08341173 0.1118167
0.04366747 -0.1336309 -0.02194772 25883353 0.04446623 -0.08048252 0.1102675
0.04839089 -0.1320024 -0.02278874 26113573 0.048285 -0.07889108 0.1094438
0.05736658 -0.128517 -0.02454783 26323771 0.05560457 -0.07546225 0.1076957
0.06173741 -0.1263493 -0.02543258 26543941 0.0591027 -0.07348827 0.106874
0.06607424 -0.1240768 -0.02627624 26794183 0.06255535 -0.07142846 0.1060945
0.07475587 -0.1188141 -0.02795121 26994348 0.06944547 -0.06695691 0.1046719
0.0789209 -0.1161275 -0.02870507 27224564 0.07281781 -0.06463865 0.1040274
0.08323193 -0.1130458 -0.02953426 27464789 0.0762484 -0.06208185 0.1033573
0.09125682 -0.1062731 -0.03110456 27664949 0.08291613 -0.05660156 0.1021975
0.0952139 -0.102717 -0.0318961 27905178 0.08617087 -0.0536708 0.1015915
0.09912275 -0.0987275 -0.03284675 28145755 0.08936184 -0.05056766 0.1009128
0.1061995 -0.09060971 -0.03452474 28335558 0.09529979 -0.04402331 0.09970327
0.1095732 -0.08638135 -0.03535152 28585796 0.09805278 -0.04059891 0.09910111
0.1160512 -0.07695011 -0.03698434 28795982 0.1032587 -0.03314248 0.09801009
0.1191406 -0.07210485 -0.03773548 29016181 0.1056479 -0.02929846 0.09751172
0.1219962 -0.06713573 -0.03840315 29226370 0.1079476 -0.02545599 0.09713902
0.1242289 -0.06171385 -0.03919233 29456578 0.1099252 -0.02145175 0.09675115
0.1288619 -0.05068377 -0.04063924 29676777 0.1134905 -0.01329759 0.09600718
0.1307084 -0.04479257 -0.04137924 29896979 0.1150466 -0.009059942 0.095676
0.1320835 -0.03884689 -0.04199363 30137196 0.1162917 -0.004826104 0.09548167
0.134776 -0.02620259 -0.04307705 30347374 0.1184839 0.003786767 0.0952756
0.1360905 -0.02007989 -0.04348562 30597620 0.1195295 0.007985795 0.09523822
0.1378931 -0.007525361 -0.04421865 30797796 0.121189 0.01615211 0.09530413
0.1383404 -0.001125252 -0.04453678 31027992 0.1216841 0.02007624 0.09538935
0.1382002 0.004896843 -0.0447788 31238190 0.1218399 0.02374264 0.09551889
0.1379764 0.01088723 -0.04481066 31468385 0.1217427 0.02736315 0.09579967
0.136721 0.01963361 -0.04399633 31718631 0.1204837 0.03358814 0.09688618
0.1363883 0.02348074 -0.04346273 31908791 0.1198248 0.03608879 0.0975087
0.1355579 0.0262148 -0.04259391 32139003 0.1190492 0.03802105 0.09845336
0.1344823 0.02899226 -0.03931497 32389431 0.1174322 0.04043313 0.101698
