0.1479104 0.0009268505 -0.006451495 0 0.1407803 0.02570484 0.1336965
0.1479104 0.0009268505 -0.006451495 110103 0.1407803 0.02570484 0.1336965
0.1482736 -0.0007499142 -0.006909702 220782 0.1410019 0.02491909 0.1330706
0.1478988 -0.002487601 -0.007450376 340315 0.1411511 0.02398783 0.1324059
0.1478988 -0.002487601 -0.007450376 450423 0.1411511 0.02398783 0.1324059
0.1478111 -0.002964195 -0.007875839 550517 0.1408536 0.02359738 0.1319538
0.14782 -0.002295284 -0.008104763 670613 0.140286 0.02391959 0.1317604
0.14782 -0.002295284 -0.008104763 780713 0.140286 0.02391959 0.1317604
0.1479148 0.0001873911 -0.008304862 890820 0.1393386 0.02527267 0.1317074
0.1475092 0.004357907 -0.008523797 1010920 0.1380666 0.02793174 0.1316952
0.1475092 0.004357907 -0.008523797 1121020 0.1380666 0.02793174 0.1316952
0.1458669 0.009719763 -0.008622236 1231127 0.1363733 0.03194831 0.1318129
0.1438342 0.01660549 -0.00892952 1341231 0.1342042 0.03707201 0.1317639
0.1438342 0.01660549 -0.00892952 1481766 0.1342042 0.03707201 0.1317639
0.1420249 0.02455558 -0.009335432 1561685 0.1316523 0.04325823 0.1315506
0.1406286 0.03447043 -0.009474616 1681704 0.1289285 0.05027369 0.1316622
0.1406286 0.03447043 -0.009474616 1821660 0.1289285 0.05027369 0.1316622
0.1371219 0.04494555 -0.009206343 1901736 0.1252342 0.05801481 0.1321943
0.1334827 0.05454993 -0.008798966 2011824 0.1214797 0.0654458 0.132776
0.1334827 0.05454993 -0.008798966 2141949 0.1214797 0.0654458 0.132776
0.129092 0.06395824 -0.008026297 2242040 0.1171854 0.07292146 0.1336922
0.124244 0.07325563 -0.007081168 2342118 0.1125289 0.08032952 0.1347602
0.124244 0.07325563 -0.007081168 2462230 0.1125289 0.08032952 0.1347602
0.1186305 0.08204901 -0.005948933 2572325 0.1073498 0.08768497 0.135992
0.1129875 0.09085806 -0.004769345 2682425 0.1019272 0.09495689 0.1372416
0.1129875 0.09085806 -0.004769345 2802541 0.1019272 0.09495689 0.1372416
0.1064765 0.09936363 -0.00362427 2902636 0.09592985 0.1019812 0.1384608
0.09903674 0.1077263 -0.002520507 3022736 0.08934619 0.1088298 0.1396453
0.09903674 0.1077263 -0.002520507 3132835 0.08934619 0.1088298 0.1396453
0.09079388 0.1152736 -0.001210893 3242931 0.08239844 0.1152188 0.1410416
0.08201528 0.1225901 -6.926191E-05 3353026 0.07499599 0.1214774 0.1422534
0.08201528 0.1225901 -6.926191E-05 3473151 0.07499599 0.1214774 0.1422534
0.07347903 0.1287058 0.001215225 3583246 0.06759153 0.1271425 0.143585
0.06402537 0.1337034 0.002510038 3693353 0.05975524 0.13216 0.1449377
0.06402537 0.1337034 0.002510038 3803599 0.05975524 0.13216 0.1449377
0.05443993 0.1381517 0.00360261 3913548 0.05172256 0.136503 0.1460672
0.04457101 0.1416697 0.004358457 4033648 0.04356092 0.1400172 0.1468453
0.03417574 0.1445627 0.004825986 4143756 0.03528881 0.1429878 0.147313
0.03417574 0.1445627 0.004825986 4263973 0.03528881 0.1429878 0.147313
0.02311511 0.146846 0.004872936 4363946 0.02676398 0.1455164 0.14732
0.02311511 0.146846 0.004872936 4474046 0.02676398 0.1455164 0.14732
0.01183446 0.1484673 0.004773986 4584145 0.01810494 0.1475625 0.1471331
0.0002125204 0.1495691 0.004514691 4694240 0.009224311 0.149266 0.1467291
0.0002125204 0.1495691 0.004514691 4814349 0.009224311 0.149266 0.1467291
-0.01005322 0.1490945 0.003876497 4924456 0.0007994772 0.1502401 0.1459581
-0.02188236 0.1487144 0.003535394 5034547 -0.008204401 0.1510235 0.1453587
-0.02188236 0.1487144 0.003535394 5154676 -0.008204401 0.1510235 0.1453587
-0.03346962 0.1473728 0.003299741 5264929 -0.01704031 0.15105 0.1448017
-0.04497716 0.145326 0.003118181 5374855 -0.02572873 0.1501843 0.1442286
-0.05616024 0.1428157 0.003052409 5484962 -0.034136 0.1485224 0.1437245
-0.05616024 0.1428157 0.003052409 5595053 -0.034136 0.1485224 0.1437245
-0.06705925 0.1393147 0.003246784 5725183 -0.04235342 0.1461231 0.1434235
-0.07745576 0.1354475 0.003552458 5825273 -0.05020538 0.1431626 0.1432097
-0.07745576 0.1354475 0.003552458 5925363 -0.05020538 0.1431626 0.1432097
-0.08711115 0.130769 0.004153755 6065822 -0.05737692 0.1394398 0.1432471
-0.09618369 0.1255451 0.004854607 6155912 -0.06438756 0.135054 0.1434361
-0.09618369 0.1255451 0.004854607 6275663 -0.06438756 0.135054 0.1434361
-0.1043444 0.1195071 0.005894217 6395780 -0.07087377 0.1298195 0.1440233
-0.1115107 0.1134173 0.007092031 6495862 -0.07669514 0.1240868 0.144861
-0.1115107 0.1134173 0.007092031 6605974 -0.07669514 0.1240868 0.144861
-0.119007 0.1079407 0.008319259 6716077 -0.08182168 0.1182747 0.1454933
-0.1260145 0.1004845 0.009915747 6826176 -0.08673263 0.1120462 0.1464057
-0.1260145 0.1004845 0.009915747 6936272 -0.08673263 0.1120462 0.1464057
-0.1326919 0.09293221 0.01132066 7046367 -0.09126776 0.1057906 0.1470592
-0.1393003 0.08493451 0.0126151 7166467 -0.09568674 0.09922356 0.1475222
-0.1393003 0.08493451 0.0126151 7276765 -0.09568674 0.09922356 0.1475222
-0.1445509 0.07694939 0.01356966 7386670 -0.09951591 0.09250271 0.1478685
-0.1497887 0.06873187 0.01470572 7496777 -0.1029342 0.08556894 0.1482251
-0.1497887 0.06873187 0.01470572 7616882 -0.1029342 0.08556894 0.1482251
-0.1533644 0.0601382 0.01575758 7716976 -0.1055668 0.07858226 0.1487293
-0.1565265 0.05127313 0.01687289 7847081 -0.1076307 0.0714165 0.1491971
-0.1565265 0.05127313 0.01687289 7947362 -0.1076307 0.0714165 0.1491971
-0.1593005 0.0424559 0.01795547 8067288 -0.1092497 0.06425189 0.1495841
-0.1607104 0.03340549 0.01869254 8177388 -0.10993 0.05684557 0.1497581
-0.1607104 0.03340549 0.01869254 8287487 -0.10993 0.05684557 0.1497581
-0.1617638 0.02429789 0.01975623 8387573 -0.1103348 0.04941614 0.1502568
-0.1616665 0.01515694 0.02057962 8507690 -0.1099792 0.04197705 0.1506386
-0.1616665 0.01515694 0.02057962 8627956 -0.1099792 0.04197705 0.1506386
-0.1608724 0.005885697 0.0215529 8728079 -0.1091355 0.03462217 0.1511822
-0.1594668 -0.003034049 0.02230782 8858204 -0.1077401 0.02731867 0.1515723
-0.1568774 -0.01253408 0.0230585 8968097 -0.1058928 0.02012699 0.152055
-0.1568774 -0.01253408 0.0230585 9068187 -0.1058928 0.02012699 0.152055
-0.1539051 -0.02164881 0.02376516 9178441 -0.1034598 0.01305758 0.1524391
-0.1539051 -0.02164881 0.02376516 9288398 -0.1034598 0.01305758 0.1524391
-0.150565 -0.03021531 0.02423335 9408511 -0.1005364 0.006148379 0.152612
-0.1469962 -0.03824574 0.02454682 9518606 -0.09721118 -0.0005463792 0.1526345
-0.1424286 -0.045954 0.02456981 9628693 -0.09338164 -0.007027315 0.1525752
-0.1424286 -0.045954 0.02456981 9728784 -0.09338164 -0.007027315 0.1525752
-0.1373776 -0.05350073 0.02466947 9868914 -0.08908135 -0.01320593 0.1525368
-0.1317758 -0.0605662 0.02471569 9969175 -0.08444047 -0.01896621 0.1525244
-0.1317758 -0.0605662 0.02471569 10069281 -0.08444047 -0.01896621 0.1525244
-0.1256942 -0.06731983 0.02475758 10199366 -0.07935041 -0.02443328 0.1525044
-0.1256942 -0.06731983 0.02475758 10299307 -0.07935041 -0.02443328 0.1525044
-0.1189317 -0.07391276 0.02458793 10409410 -0.07377687 -0.02968242 0.1523024
-0.1123255 -0.07973026 0.02448259 10539519 -0.06806716 -0.03454142 0.1521753
-0.1048577 -0.08592469 0.02431755 10639610 -0.0618791 -0.03938473 0.1519621
-0.1048577 -0.08592469 0.02431755 10739700 -0.0618791 -0.03938473 0.1519621
-0.09669679 -0.09172568 0.02399156 10879835 -0.05529195 -0.04392896 0.1516919
-0.08845785 -0.09710132 0.02399531 10970090 -0.04863 -0.04802867 0.1517133
-0.08845785 -0.09710132 0.02399531 11080177 -0.04863 -0.04802867 0.1517133
-0.07977453 -0.1018539 0.0235849 11190098 -0.04151481 -0.05182032 0.1514093
-0.07050917 -0.1063068 0.02323506 11310223 -0.03415343 -0.05521707 0.1511974
-0.07050917 -0.1063068 0.02323506 11410317 -0.03415343 -0.05521707 0.1511974
-0.06130704 -0.1099692 0.02260793 11530414 -0.0267154 -0.05826223 0.1508112
-0.06130704 -0.1099692 0.02260793 11640513 -0.0267154 -0.05826223 0.1508112
-0.05165354 -0.1136167 0.0221418 11760621 -0.01900607 -0.06107914 0.1505171
-0.04190725 -0.1169183 0.02164948 11870721 -0.01107076 -0.06361067 0.1501549
-0.0318796 -0.119774 0.02103162 11980832 -0.002942264 -0.06586294 0.1497269
-0.0318796 -0.119774 0.02103162 12101107 -0.002942264 -0.06586294 0.1497269
-0.02189094 -0.1224039 0.02054636 12211036 0.005241826 -0.06774375 0.1493188
-0.01142377 -0.1245358 0.01995825 12341332 0.01360026 -0.0692715 0.1488998
-0.01142377 -0.1245358 0.01995825 12431218 0.01360026 -0.0692715 0.1488998
-0.0009950399 -0.1260999 0.0193836 12531309 0.02199829 -0.07039915 0.1485153
0.009567589 -0.127001 0.01872995 12671443 0.03037751 -0.07093775 0.1480749
0.009567589 -0.127001 0.01872995 12781721 0.03037751 -0.07093775 0.1480749
0.01768701 -0.1266847 0.01829308 12861761 0.03834987 -0.07097904 0.147816
0.02821206 -0.1264147 0.01755246 13042102 0.04663686 -0.07074783 0.1474292
0.03820682 -0.1260835 0.01705703 13241958 0.05466111 -0.07023366 0.1471198
0.04830173 -0.1251883 0.01644374 13472348 0.06248575 -0.06930353 0.1467586
0.05788494 -0.1240085 0.01622341 13722396 0.06995067 -0.06797277 0.1466867
0.07649353 -0.1192264 0.01525575 13912567 0.08459556 -0.06452061 0.1465869
0.08592595 -0.1157537 0.01446822 14142771 0.09155577 -0.06227706 0.1464334
0.09438004 -0.111465 0.01339548 14382996 0.09777071 -0.05946781 0.1460267
0.1078505 -0.1010607 0.01073943 14583185 0.1082065 -0.05190902 0.1444938
0.1145079 -0.09452682 0.009177748 14813376 0.1127739 -0.04710194 0.1435434
0.1208141 -0.08761766 0.007862368 15063618 0.1169795 -0.04168515 0.1427021
0.1305694 -0.07177512 0.005673052 15253774 0.1234232 -0.02934201 0.1415209
0.134525 -0.06264406 0.004621672 15483973 0.1258934 -0.02246028 0.1410658
0.137681 -0.05266562 0.003787081 15724190 0.1278901 -0.01524402 0.1409367
0.1424253 -0.02999357 0.002191129 15924387 0.1294457 0.0003345234 0.1408201
0.1447326 -0.01812389 0.002128719 16154599 0.1296329 0.008653767 0.1412733
0.145116 -0.005802232 0.002344813 16375097 0.1287654 0.01703712 0.1420491
0.1447226 0.01778491 0.004765952 16595158 0.1253712 0.03276174 0.1451493
0.1442729 0.02898237 0.007147073 16815523 0.1228453 0.03953844 0.1476308
0.1421545 0.03892973 0.009690444 17055399 0.1193553 0.04517847 0.1502159
0.1343597 0.05331301 0.01671311 17285619 0.1092338 0.05366149 0.1569801
0.1294403 0.05707538 0.02142241 17495789 0.1033084 0.05594047 0.1615013
0.1241261 0.05852114 0.02733379 17726021 0.09696859 0.05664652 0.1672095
0.1142801 0.05525533 0.04365554 17956216 0.08457033 0.05384828 0.183017
0.1086824 0.05043381 0.05423226 18166410 0.07832256 0.05056603 0.1934606
