0.1502634 0.0005970515 -0.002128395 0 0.1004576 0.01969361 0.1300115
0.1505056 0.00129714 -0.002567742 110103 0.1005386 0.01998593 0.1295697
0.1507946 0.002229879 -0.002873712 240229 0.1005598 0.02048436 0.1292228
0.1507946 0.002229879 -0.002873712 340631 0.1005598 0.02048436 0.1292228
0.151179 0.003583002 -0.003033041 450427 0.1004806 0.02111573 0.1289842
0.151508 0.005093882 -0.003132794 560684 0.1003059 0.02183807 0.1287922
0.151508 0.005093882 -0.003132794 680634 0.1003059 0.02183807 0.1287922
0.1516325 0.006714257 -0.003259401 780725 0.1000773 0.02259895 0.1286345
0.1517082 0.008517485 -0.003306852 900825 0.09984727 0.02356029 0.1285659
0.1517082 0.008517485 -0.003306852 1010920 0.09984727 0.02356029 0.1285659
0.1516434 0.01060374 -0.003230822 1121036 0.09940239 0.02480826 0.1285848
0.1511973 0.01298341 -0.003150593 1231127 0.09877076 0.02616387 0.1286977
0.1511973 0.01298341 -0.003150593 1361253 0.09877076 0.02616387 0.1286977
0.1504057 0.01600884 -0.003049374 1461335 0.0979784 0.02775634 0.1289341
0.1490006 0.01956829 -0.003106729 1571426 0.09701001 0.02960697 0.1291901
0.1490006 0.01956829 -0.003106729 1691543 0.09701001 0.02960697 0.1291901
0.1472784 0.02346072 -0.003059858 1801974 0.09567764 0.03169093 0.1295142
0.1454055 0.02778512 -0.002782366 1901732 0.09398935 0.03421838 0.1299627
0.1454055 0.02778512 -0.002782366 2021845 0.09398935 0.03421838 0.1299627
0.1433005 0.03200505 -0.002303199 2131940 0.09193995 0.03712125 0.1305206
0.1410181 0.03640729 -0.001747036 2242035 0.08974391 0.04035166 0.1311501
0.1410181 0.03640729 -0.001747036 2352139 0.08974391 0.04035166 0.1311501
0.1378135 0.04211076 -0.001237144 2472247 0.08695644 0.04419957 0.1318623
0.1342525 0.04802953 -0.0005495769 2572333 0.08367477 0.04845085 0.132672
0.1342525 0.04802953 -0.0005495769 2692446 0.08367477 0.04845085 0.132672
0.1306584 0.05363085 0.0001691058 2802545 0.08015145 0.05283381 0.1334158
0.1261923 0.05988983 0.0009238412 2912636 0.07622994 0.05752597 0.134357
0.1212891 0.06536129 0.001557256 3032749 0.07199632 0.06207966 0.1352199
0.1212891 0.06536129 0.001557256 3132835 0.07199632 0.06207966 0.1352199
0.1162965 0.07129993 0.00242402 3242935 0.06751361 0.06668878 0.1362344
0.1110743 0.07698104 0.003361958 3363051 0.062617 0.07135931 0.137252
0.1110743 0.07698104 0.003361958 3483163 0.062617 0.07135931 0.137252
0.1054697 0.08266108 0.00440225 3583238 0.05751909 0.07594811 0.1384243
0.09982343 0.08764549 0.00557456 3703362 0.05204076 0.08016239 0.1396159
0.09982343 0.08764549 0.00557456 3813462 0.05204076 0.08016239 0.1396159
0.09478114 0.09270317 0.006996563 3923557 0.04653263 0.08414821 0.1408067
0.08878999 0.09800842 0.008362935 4043981 0.04054278 0.08800098 0.1420727
0.08878999 0.09800842 0.008362935 4143747 0.04054278 0.08800098 0.1420727
0.08288792 0.1035609 0.009828418 4253851 0.03448678 0.09170561 0.1433314
0.07655232 0.1080182 0.01102599 4383980 0.0282919 0.09491015 0.1444627
0.07655232 0.1080182 0.01102599 4474054 0.0282919 0.09491015 0.1444627
0.06962552 0.1126638 0.01206552 4614180 0.02193434 0.09786092 0.1455297
0.06237154 0.1165831 0.01270443 4704265 0.01550387 0.100366 0.1462959
0.06237154 0.1165831 0.01270443 4814369 0.01550387 0.100366 0.1462959
0.05575095 0.1201584 0.01350843 4945049 0.009269681 0.1027318 0.1470826
0.04902606 0.123557 0.01412375 5044568 0.002944383 0.1050414 0.1476898
0.04902606 0.123557 0.01412375 5154660 0.002944383 0.1050414 0.1476898
0.0414214 0.1266072 0.01444731 5284789 -0.003841413 0.107225 0.1481703
0.03357558 0.1295825 0.01464569 5374867 -0.01071563 0.109308 0.1485617
0.03357558 0.1295825 0.01464569 5484958 -0.01071563 0.109308 0.1485617
0.02576482 0.1320339 0.01456287 5615201 -0.01750509 0.1110302 0.1487002
0.01772786 0.1339242 0.01423337 5715170 -0.02425084 0.112372 0.1486935
0.01772786 0.1339242 0.01423337 5825277 -0.02425084 0.112372 0.1486935
0.009490294 0.135519 0.01370662 5955394 -0.0310669 0.1135204 0.1485303
0.001064798 0.1368921 0.01312257 6055477 -0.03794375 0.1145174 0.1483408
0.001064798 0.1368921 0.01312257 6165588 -0.03794375 0.1145174 0.1483408
-0.006964793 0.137397 0.01235775 6285838 -0.04486293 0.1152538 0.1479294
-0.01500703 0.1379497 0.01169081 6385775 -0.05164652 0.1160185 0.1476424
-0.01500703 0.1379497 0.01169081 6495874 -0.05164652 0.1160185 0.1476424
-0.02345598 0.1382252 0.01086873 6625996 -0.0585821 0.116416 0.1472387
-0.03193741 0.1377532 0.01008191 6716073 -0.06537437 0.1164475 0.1469552
-0.03193741 0.1377532 0.01008191 6836181 -0.06537437 0.1164475 0.1469552
-0.0397903 0.1374342 0.009530922 6966303 -0.07195329 0.1166487 0.1467889
-0.04807054 0.1364048 0.009151111 7056392 -0.07873975 0.1163803 0.1468634
-0.04807054 0.1364048 0.009151111 7166479 -0.07873975 0.1163803 0.1468634
-0.05544566 0.1350629 0.008894149 7296609 -0.08518635 0.1158686 0.1469279
-0.06330394 0.1336243 0.00879548 7396687 -0.09159449 0.114995 0.147211
-0.06330394 0.1336243 0.00879548 7506786 -0.09159449 0.114995 0.147211
-0.07097043 0.1315733 0.008627235 7636904 -0.09788102 0.1135816 0.1474018
-0.07846262 0.1290667 0.008591576 7736986 -0.1041353 0.1117685 0.1476884
-0.07846262 0.1290667 0.008591576 7837076 -0.1041353 0.1117685 0.1476884
-0.0861275 0.1263045 0.008552553 7947176 -0.1102612 0.10977 0.1480173
-0.09269056 0.1228174 0.008614681 8067288 -0.1159222 0.1075929 0.1483815
-0.09269056 0.1228174 0.008614681 8167383 -0.1159222 0.1075929 0.1483815
-0.09889098 0.1195088 0.008815812 8287491 -0.1210798 0.1051973 0.1488483
-0.1061425 0.1148401 0.009082376 8397586 -0.1263072 0.1019836 0.1495614
-0.1061425 0.1148401 0.009082376 8517691 -0.1263072 0.1019836 0.1495614
-0.1110773 0.1113243 0.00971284 8617781 -0.1302392 0.0989212 0.1503729
-0.1153408 0.1068094 0.01050418 8737901 -0.1339294 0.09537786 0.1513233
-0.1153408 0.1068094 0.01050418 8848163 -0.1339294 0.09537786 0.1513233
-0.1210904 0.09929272 0.011016 8958092 -0.1376436 0.09038762 0.1522709
-0.1258403 0.09258872 0.01132733 9068195 -0.1405545 0.08534513 0.1528804
-0.1258403 0.09258872 0.01132733 9178465 -0.1405545 0.08534513 0.1528804
-0.1300727 0.08573274 0.01146257 9288394 -0.143441 0.07971038 0.1532062
-0.1343367 0.07848825 0.01159125 9418516 -0.146236 0.07360019 0.1535094
-0.1378815 0.07103508 0.01160556 9518610 -0.1489346 0.06747408 0.1536316
-0.1378815 0.07103508 0.01160556 9628713 -0.1489346 0.06747408 0.1536316
-0.1414371 0.06262147 0.0116648 9738801 -0.1513276 0.06114829 0.1538135
-0.1443873 0.05418233 0.01181799 9848892 -0.1532819 0.05493624 0.1540382
-0.1443873 0.05418233 0.01181799 9958991 -0.1532819 0.05493624 0.1540382
-0.1469347 0.04542638 0.01191131 10089125 -0.1549796 0.04846079 0.1541517
-0.1493852 0.03599238 0.01205637 10189199 -0.156355 0.04168247 0.154272
-0.1493852 0.03599238 0.01205637 10299298 -0.156355 0.04168247 0.154272
-0.1506412 0.02635152 0.01235071 10419427 -0.1572734 0.03474482 0.1544487
-0.1513734 0.01670583 0.01283883 10529522 -0.1577469 0.02781674 0.154762
-0.1513734 0.01670583 0.01283883 10639618 -0.1577469 0.02781674 0.154762
-0.151479 0.007128667 0.01320434 10759730 -0.1578283 0.02066128 0.1549181
-0.1516643 -0.002357285 0.01360375 10859816 -0.157567 0.0132948 0.1551185
-0.1516643 -0.002357285 0.01360375 10969912 -0.157567 0.0132948 0.1551185
-0.1515673 -0.01182032 0.01391132 11120233 -0.1567687 0.005898982 0.1552096
-0.1510559 -0.02045361 0.01399091 11190106 -0.155444 -0.001291737 0.1551285
-0.1510559 -0.02045361 0.01399091 11300210 -0.155444 -0.001291737 0.1551285
-0.1499818 -0.02977723 0.0142606 11440336 -0.153884 -0.008438074 0.1550997
-0.1483188 -0.03957436 0.01473743 11530417 -0.1519257 -0.01568158 0.1551738
-0.1483188 -0.03957436 0.01473743 11640517 -0.1519257 -0.01568158 0.1551738
-0.1464097 -0.04828348 0.01514514 11770634 -0.1496246 -0.02260525 0.1552756
-0.1441366 -0.05659036 0.01552581 11870720 -0.1470739 -0.02950893 0.155398
-0.1441366 -0.05659036 0.01552581 11980828 -0.1470739 -0.02950893 0.155398
-0.1419585 -0.06448503 0.0158501 12110941 -0.1443793 -0.03635147 0.1555244
-0.1397532 -0.07240503 0.01640956 12211028 -0.1415513 -0.04297071 0.155825
-0.1397532 -0.07240503 0.01640956 12311114 -0.1415513 -0.04297071 0.155825
-0.1362921 -0.07957496 0.01666613 12451419 -0.1382308 -0.04900822 0.1558357
-0.1326782 -0.08670764 0.01704035 12541334 -0.134681 -0.05487418 0.1559248
-0.1326782 -0.08670764 0.01704035 12651425 -0.134681 -0.05487418 0.1559248
-0.1282899 -0.09266294 0.01718163 12781546 -0.1307233 -0.06010333 0.1558907
-0.1241312 -0.0989338 0.01743623 12901647 -0.1266981 -0.06527657 0.1558807
-0.1206312 -0.1040172 0.01745 13121850 -0.1226638 -0.06979299 0.1557643
-0.11592 -0.1099917 0.01762178 13362220 -0.1181587 -0.07456129 0.1556287
-0.1115371 -0.1151993 0.01770381 13582265 -0.1136784 -0.07883284 0.1554687
-0.100698 -0.1252579 0.01783426 13822510 -0.103746 -0.08665473 0.154972
-0.09419076 -0.1302331 0.01794162 14042685 -0.09810283 -0.09054474 0.1547473
-0.08792657 -0.1342102 0.01759255 14252878 -0.09246233 -0.09402753 0.1542345
-0.07537442 -0.1408473 0.01693603 14493099 -0.0808531 -0.1000453 0.1533597
-0.06903044 -0.1442048 0.01689833 14703277 -0.07491489 -0.102703 0.1530939
-0.06255688 -0.1465522 0.01652631 14923467 -0.06892814 -0.1049514 0.1526697
-0.04819456 -0.1503376 0.01577765 15163708 -0.05630786 -0.108985 0.151904
-0.04021212 -0.151752 0.01535129 15333842 -0.04967259 -0.1105415 0.1514338
-0.03268693 -0.1533057 0.0150538 15453958 -0.0429945 -0.1119178 0.1510209
-0.02532747 -0.1552483 0.01480872 15574071 -0.0361846 -0.1133201 0.1505673
-0.02532747 -0.1552483 0.01480872 15664144 -0.0361846 -0.1133201 0.1505673
-0.01817328 -0.1563785 0.01449547 15784248 -0.02928714 -0.1141185 0.1501304
-0.01071957 -0.1567091 0.01400763 15914386 -0.02229863 -0.1146435 0.1496641
-0.00287842 -0.157222 0.01345508 16004451 -0.01531798 -0.1152511 0.1490646
-0.00287842 -0.157222 0.01345508 16114554 -0.01531798 -0.1152511 0.1490646
0.004561365 -0.1571103 0.01266027 16254673 -0.008454295 -0.1156608 0.1483762
0.0116369 -0.1567644 0.01160529 16344778 -0.001696159 -0.1157784 0.147431
0.0116369 -0.1567644 0.01160529 16454869 -0.001696159 -0.1157784 0.147431
0.01830219 -0.1559644 0.01025219 16594988 0.005024867 -0.1157947 0.146327
0.02596926 -0.1557491 0.00920621 16685061 0.01211166 -0.1159016 0.1453179
0.02596926 -0.1557491 0.00920621 16785159 0.01211166 -0.1159016 0.1453179
0.03386901 -0.1548183 0.008329124 16915455 0.01913348 -0.1154198 0.1444793
0.04159198 -0.1532598 0.007557953 17035385 0.02594231 -0.1144949 0.143788
0.04159198 -0.1532598 0.007557953 17145647 0.02594231 -0.1144949 0.143788
0.05270937 -0.1481256 0.006867953 17355666 0.03356416 -0.1122615 0.1434457
0.06125453 -0.1453584 0.006392646 17625922 0.0402002 -0.1107537 0.1430143
0.07794798 -0.139658 0.005985667 17836108 0.05252108 -0.1064422 0.1422077
0.08614611 -0.1355196 0.005818612 18076317 0.05856231 -0.1037634 0.141969
0.09354962 -0.1308265 0.005364295 18296531 0.06442846 -0.1009221 0.1416138
0.1070304 -0.1201207 0.004685936 18506713 0.0755654 -0.09466804 0.1413182
0.1136231 -0.1136228 0.004349767 18736913 0.08091243 -0.09065636 0.1411299
0.120729 -0.1068114 0.004240139 18947110 0.08628429 -0.08639164 0.1409985
0.1329234 -0.09176742 0.003727105 19187339 0.09549896 -0.07736845 0.140469
0.1383704 -0.08404977 0.003559001 19407895 0.09951144 -0.07267299 0.1401855
0.1474101 -0.06775668 0.003140591 19617720 0.1064298 -0.0628939 0.1395342
0.1500361 -0.05934871 0.002571729 19857928 0.1093356 -0.05798078 0.1391289
0.1525224 -0.05025363 0.001936178 20068118 0.1121433 -0.05279717 0.1385718
0.154451 -0.0411343 0.001288864 20288321 0.1145974 -0.04756108 0.1379514
0.1555555 -0.02106312 -0.0003567213 20518520 0.1176908 -0.03636234 0.136166
0.1550697 -0.01042343 -0.001235128 20758745 0.1186998 -0.03014217 0.1351271
0.1533655 0.009900898 -0.002536582 20958926 0.1192144 -0.01686864 0.133196
0.1522125 0.01872656 -0.002923744 21189150 0.1188277 -0.01023604 0.132549
0.150226 0.02666565 -0.003372837 21419354 0.1180531 -0.004001262 0.132018
0.1458911 0.03870015 -0.003798617 21629527 0.1153823 0.007601836 0.1318788
0.1438332 0.04180204 -0.003286048 21859751 0.1137686 0.01226161 0.132838
0.1418748 0.04270836 -0.001999805 22099964 0.1117842 0.01620653 0.1347425
0.1387889 0.03823939 0.004645819 22300148 0.1068582 0.01959163 0.1422647
