0.1533419 0.0007777717 0.001260996 0 0.1961012 0.001607679 0.2110498
0.1533565 0.0009049893 0.001109704 79926 0.1961082 0.001468838 0.2108909
0.15334 0.001103075 0.0009126514 190018 0.1960277 0.001424663 0.2107495
0.15334 0.001103075 0.0009126514 310130 0.1960277 0.001424663 0.2107495
0.1531164 0.001253834 0.0006803125 420225 0.1959107 0.001553631 0.2107064
0.1529778 0.001537361 0.0005437732 520640 0.1957653 0.001787808 0.2107248
0.1528538 0.002147224 0.0004199892 650571 0.1955355 0.002200214 0.2107919
0.1528538 0.002147224 0.0004199892 750532 0.1955355 0.002200214 0.2107919
0.152868 0.003419688 0.000377655 860619 0.1953112 0.002976769 0.210859
0.1523996 0.004282459 0.0002178848 980739 0.1949723 0.003710325 0.2111361
0.1523996 0.004282459 0.0002178848 1080854 0.1949723 0.003710325 0.2111361
0.1519538 0.0054364 0.0002370626 1200926 0.1945539 0.004596338 0.2116161
0.1513882 0.007441394 0.0003501773 1321196 0.194086 0.005890386 0.2122727
0.1513882 0.007441394 0.0003501773 1421137 0.194086 0.005890386 0.2122727
0.1504829 0.009146743 0.000519067 1531228 0.1935399 0.007278545 0.2132091
0.1494659 0.01167418 0.0009745657 1661495 0.1929404 0.009204665 0.2145052
0.1494659 0.01167418 0.0009745657 1761440 0.1929404 0.009204665 0.2145052
0.1483947 0.01407542 0.001808718 1871547 0.1923286 0.01146478 0.2162121
0.146824 0.01694121 0.00261125 2001794 0.1915262 0.01420515 0.2182441
0.146824 0.01694121 0.00261125 2091742 0.1915262 0.01420515 0.2182441
0.1450481 0.02022495 0.00354822 2201829 0.1906254 0.01719514 0.2205496
0.1431725 0.02328519 0.004428163 2321946 0.189659 0.02033627 0.2228785
0.1431725 0.02328519 0.004428163 2432049 0.189659 0.02033627 0.2228785
0.1409305 0.02685461 0.005226001 2542144 0.1885869 0.02366575 0.2253393
0.1384446 0.03057902 0.006094903 2652236 0.187336 0.02713706 0.2280527
0.1384446 0.03057902 0.006094903 2772360 0.187336 0.02713706 0.2280527
0.1357983 0.03443719 0.007139862 2882443 0.1859363 0.03094 0.2310658
0.132997 0.0384246 0.008490995 3012565 0.1844423 0.03504185 0.2344736
0.1300461 0.04259635 0.01007028 3112878 0.1827457 0.03946326 0.2382398
0.1300461 0.04259635 0.01007028 3212750 0.1827457 0.03946326 0.2382398
0.1270715 0.04669251 0.01176406 3342871 0.1808732 0.04411311 0.242181
0.1239996 0.05067088 0.01350853 3442953 0.1789221 0.04893117 0.2462179
0.1239996 0.05067088 0.01350853 3553057 0.1789221 0.04893117 0.2462179
0.1206041 0.05462145 0.01502292 3683170 0.1766487 0.05373024 0.2502558
0.1206041 0.05462145 0.01502292 3773259 0.1766487 0.05373024 0.2502558
0.1172464 0.05857615 0.01644699 3883351 0.1741838 0.05856361 0.2542061
0.1137328 0.06258855 0.01765966 4013472 0.1714789 0.06334813 0.2580342
0.110112 0.06658082 0.01867528 4113558 0.1686129 0.06812631 0.2616938
0.110112 0.06658082 0.01867528 4223662 0.1686129 0.06812631 0.2616938
0.1062189 0.0705355 0.0195156 4333773 0.1655116 0.07278256 0.265279
0.1062189 0.0705355 0.0195156 4443852 0.1655116 0.07278256 0.265279
0.1023648 0.07447997 0.02013515 4553960 0.1621715 0.07746555 0.2686233
0.09848422 0.07815818 0.02065875 4674068 0.158657 0.08199846 0.2718499
0.09848422 0.07815818 0.02065875 4784168 0.158657 0.08199846 0.2718499
0.09449922 0.08171663 0.02087726 4894271 0.1548285 0.08625279 0.274802
0.09061342 0.08527323 0.02090906 5004362 0.1508245 0.0903599 0.2774801
0.09061342 0.08527323 0.02090906 5124487 0.1508245 0.0903599 0.2774801
0.08650804 0.08879395 0.02083309 5224565 0.146503 0.09426385 0.2800962
0.08245255 0.09227688 0.02075242 5334664 0.1419457 0.0983209 0.2826687
0.08245255 0.09227688 0.02075242 5454765 0.1419457 0.0983209 0.2826687
0.07825261 0.09565113 0.02054948 5564864 0.1372259 0.1024205 0.2850772
0.07377959 0.09865201 0.02020091 5674976 0.1323468 0.1061516 0.2872912
0.06931533 0.1017009 0.01982175 5795084 0.1273624 0.1095178 0.2893362
0.06931533 0.1017009 0.01982175 5895158 0.1273624 0.1095178 0.2893362
0.06469212 0.1044172 0.01960595 6015275 0.122123 0.1127982 0.2915129
0.06017845 0.1069719 0.01971102 6125374 0.1166668 0.1162773 0.2939473
0.06017845 0.1069719 0.01971102 6235473 0.1166668 0.1162773 0.2939473
0.05548502 0.1088888 0.02009927 6345581 0.1109343 0.1197128 0.2966336
0.05064718 0.1104386 0.02068251 6455672 0.1051031 0.1229135 0.2993736
0.05064718 0.1104386 0.02068251 6565771 0.1051031 0.1229135 0.2993736
0.04581169 0.1122685 0.02123606 6685876 0.09932201 0.1258666 0.3018599
0.04079574 0.1137271 0.02168609 6795975 0.09348384 0.1283441 0.3040505
0.04079574 0.1137271 0.02168609 6906070 0.09348384 0.1283441 0.3040505
0.03584073 0.1153722 0.02199899 7026195 0.08752497 0.1305901 0.3059411
0.03077764 0.1168061 0.02210121 7136282 0.08135302 0.1328885 0.3074735
0.03077764 0.1168061 0.02210121 7246560 0.08135302 0.1328885 0.3074735
0.02554225 0.1181858 0.02207777 7356493 0.07501689 0.1350198 0.3086923
0.02024145 0.1194619 0.02185085 7466596 0.06867875 0.137013 0.3094696
0.02024145 0.1194619 0.02185085 7576676 0.06867875 0.137013 0.3094696
0.01478758 0.1207966 0.02145688 7686791 0.06232756 0.1387196 0.3098232
0.009103233 0.1215571 0.02123703 7807082 0.05588634 0.1401336 0.3100878
0.009103233 0.1215571 0.02123703 7917157 0.05588634 0.1401336 0.3100878
0.003665211 0.1219986 0.02111076 8037253 0.04943399 0.1412667 0.3102959
-0.001717901 0.1221851 0.02106433 8137189 0.04275284 0.1421686 0.3104594
-0.001717901 0.1221851 0.02106433 8247297 0.04275284 0.1421686 0.3104594
-0.007488589 0.1215319 0.02142611 8377406 0.03596964 0.1427718 0.3106641
-0.01273588 0.1213406 0.02173503 8477505 0.02944764 0.1433714 0.3107346
-0.01273588 0.1213406 0.02173503 8587596 0.02944764 0.1433714 0.3107346
-0.01783921 0.1209117 0.02218398 8697687 0.02318088 0.1438714 0.3107153
-0.0232228 0.1205304 0.02297437 8817808 0.01685651 0.1443762 0.3106981
-0.0232228 0.1205304 0.02297437 8927899 0.01685651 0.1443762 0.3106981
-0.02859807 0.1194722 0.02399026 9037994 0.01031593 0.1447727 0.3107093
-0.03377553 0.1184589 0.02497023 9148102 0.003612157 0.1453139 0.3106117
-0.03377553 0.1184589 0.02497023 9258351 0.003612157 0.1453139 0.3106117
-0.0388358 0.1167651 0.02619705 9368300 -0.00292436 0.1456695 0.3105016
-0.04326964 0.1155802 0.02699086 9478396 -0.009240335 0.1459727 0.3101547
-0.04326964 0.1155802 0.02699086 9588495 -0.009240335 0.1459727 0.3101547
-0.04831991 0.1135044 0.02858047 9708599 -0.01573908 0.1462445 0.3099061
-0.05265051 0.1118765 0.02984656 9818845 -0.02195528 0.1466147 0.3095967
-0.05265051 0.1118765 0.02984656 9938998 -0.02195528 0.1466147 0.3095967
-0.05701872 0.1096373 0.0313116 10038906 -0.02816569 0.1466414 0.3092062
-0.06123441 0.1072141 0.03302307 10179044 -0.03394351 0.1462878 0.3088481
-0.06123441 0.1072141 0.03302307 10269284 -0.03394351 0.1462878 0.3088481
-0.06496126 0.1043076 0.03435467 10369204 -0.03938474 0.1455719 0.3082311
-0.06883675 0.10212 0.03586906 10519339 -0.04465566 0.1449026 0.3075552
-0.06883675 0.10212 0.03586906 10609433 -0.04465566 0.1449026 0.3075552
-0.07256509 0.09990641 0.03732499 10709523 -0.04975868 0.1441934 0.3067514
-0.075675 0.09716417 0.03842561 10859646 -0.05457241 0.143217 0.3059022
-0.07895395 0.09437443 0.03978381 10929718 -0.05948753 0.1422308 0.3050121
-0.07895395 0.09437443 0.03978381 11049956 -0.05948753 0.1422308 0.3050121
-0.08193337 0.09261698 0.04030913 11159917 -0.0639528 0.1412468 0.3036808
-0.08193337 0.09261698 0.04030913 11280034 -0.0639528 0.1412468 0.3036808
-0.08483507 0.08909266 0.04124817 11390117 -0.06824641 0.1393083 0.3023968
-0.08753733 0.08620793 0.04193187 11500224 -0.07188555 0.137159 0.3010244
-0.08753733 0.08620793 0.04193187 11620519 -0.07188555 0.137159 0.3010244
-0.09015199 0.08330829 0.04254054 11720435 -0.07544807 0.1347686 0.2996271
-0.09236816 0.0799593 0.04274043 11830514 -0.07867356 0.1320696 0.2980824
-0.09236816 0.0799593 0.04274043 11950639 -0.07867356 0.1320696 0.2980824
-0.09478367 0.07639607 0.042983 12060726 -0.08147946 0.1287847 0.2962938
-0.09749728 0.07260799 0.0432366 12170842 -0.08427679 0.1252644 0.2941483
-0.09749728 0.07260799 0.0432366 12291266 -0.08427679 0.1252644 0.2941483
-0.0998208 0.06955136 0.04286776 12391028 -0.0866567 0.1219426 0.2919452
-0.1019808 0.06586 0.04231279 12501140 -0.08895054 0.1183776 0.2895839
-0.1019808 0.06586 0.04231279 12621536 -0.08895054 0.1183776 0.2895839
-0.1039261 0.06279524 0.04134092 12731339 -0.09097219 0.1149822 0.2872131
-0.1060229 0.05902069 0.04081227 12841439 -0.09301967 0.1112554 0.2848654
-0.1060229 0.05902069 0.04081227 12951749 -0.09301967 0.1112554 0.2848654
-0.1073932 0.05578964 0.0393104 13061820 -0.09455938 0.1075692 0.2826094
-0.108779 0.05169377 0.03812531 13181742 -0.09612964 0.1036963 0.2803277
-0.108779 0.05169377 0.03812531 13292178 -0.09612964 0.1036963 0.2803277
-0.1103388 0.04854176 0.03708827 13422177 -0.09743394 0.09997497 0.2782255
-0.1120813 0.04346202 0.03665176 13642157 -0.09881198 0.09546576 0.2758974
-0.1129546 0.0403123 0.03386948 13772271 -0.09898622 0.09093502 0.2733312
-0.1143768 0.03572173 0.03249083 14002474 -0.09962001 0.08627683 0.2708042
-0.1159343 0.03178582 0.030875 14212664 -0.100281 0.08202301 0.2681425
-0.1181575 0.0231645 0.025857 14462910 -0.1007608 0.07352429 0.2621881
-0.1199731 0.01831761 0.02399729 14693106 -0.100967 0.06885916 0.2589504
-0.1235516 0.008509016 0.01990995 14883468 -0.1009179 0.05974431 0.2522564
-0.1251629 0.003451268 0.01802948 15113489 -0.1008495 0.05532867 0.2491369
-0.1265064 -0.001689614 0.01612307 15363711 -0.1007161 0.05091168 0.2462654
-0.1289578 -0.01199955 0.01379827 15563883 -0.1001606 0.04224392 0.24153
-0.129661 -0.0168714 0.01226632 15784098 -0.09965102 0.0379969 0.2395752
-0.1300409 -0.02169457 0.01111019 16034713 -0.09895299 0.03386663 0.2380769
-0.1301742 -0.03122236 0.009326011 16234497 -0.09749737 0.02569386 0.2359815
-0.1298271 -0.03614638 0.008885667 16454691 -0.09656242 0.02156262 0.2354319
-0.1292128 -0.04094312 0.008178577 16705229 -0.09566181 0.01755743 0.2350361
-0.1272763 -0.05073741 0.008151382 16905106 -0.09346808 0.009668618 0.2351751
-0.1262021 -0.05521141 0.008447036 17135318 -0.09223664 0.00584356 0.2355586
-0.1248286 -0.05998414 0.008807167 17365530 -0.09100979 0.001840944 0.2361438
-0.1218655 -0.06884349 0.009602696 17565698 -0.08869913 -0.00628742 0.2379437
-0.1198464 -0.07354122 0.009302154 17805919 -0.08731202 -0.01041659 0.2389275
-0.1180963 -0.07749917 0.009645462 18046476 -0.08601405 -0.01452799 0.2402802
-0.1143942 -0.08466216 0.01016149 18246324 -0.08330386 -0.0221621 0.2431654
-0.1114267 -0.08951338 0.00999178 18466507 -0.08140987 -0.02654629 0.2448955
-0.1088813 -0.09349973 0.009969652 18696723 -0.07957385 -0.03046568 0.2465286
-0.1041367 -0.100177 0.009976909 18916930 -0.07587203 -0.03736209 0.2496706
-0.1022243 -0.102751 0.01012333 19137266 -0.07390706 -0.0406595 0.2512085
-0.1022038 -0.1027114 0.010077 19357323 -0.07246062 -0.04300348 0.2522027
-0.09587099 -0.1107 0.009729534 19587527 -0.06725328 -0.05007522 0.2554038
-0.09052698 -0.1173662 0.00893569 19827735 -0.0635909 -0.05442927 0.2570998
-0.08703209 -0.1214278 0.008402169 20037921 -0.0604809 -0.05780448 0.2584342
-0.08092015 -0.1276008 0.006439224 20258128 -0.05433409 -0.06339777 0.2605593
-0.07707495 -0.131301 0.004990771 20488530 -0.05069599 -0.06593746 0.2613224
-0.07328129 -0.1344316 0.004100412 20708530 -0.04718826 -0.06818677 0.2623231
-0.06546565 -0.1396023 0.002763152 20948771 -0.03983397 -0.07206319 0.2645543
-0.06202054 -0.1414317 0.002833247 21168950 -0.03617501 -0.0738297 0.2658378
-0.05820185 -0.1435566 0.00253585 21369130 -0.03229052 -0.07548548 0.2668684
-0.04666208 -0.1492986 0.0007688999 21619348 -0.02278287 -0.07849434 0.2688585
-0.04211473 -0.1511565 0.0004646927 21819529 -0.01845209 -0.07990764 0.269797
-0.03821715 -0.1516945 0.0006623268 22049753 -0.01426965 -0.08101548 0.2711287
-0.02823945 -0.1543516 -0.00027439 22289965 -0.004936654 -0.0833324 0.2728146
-0.02341612 -0.1554115 -0.0004075617 22500143 -0.0002867393 -0.08432841 0.2735502
-0.01847511 -0.1563584 -0.0007752478 22710341 0.004446545 -0.08525112 0.2740924
-0.008266522 -0.1577561 -0.00174652 22960903 0.01403261 -0.0864087 0.2745458
-0.003982405 -0.1577737 -0.001926631 23160747 0.01867768 -0.0866537 0.2746925
0.001199817 -0.1581596 -0.002654552 23390955 0.02340749 -0.08681572 0.2743768
0.01026147 -0.1585796 -0.004380107 23641181 0.03241501 -0.08679918 0.2730256
0.01585734 -0.1585134 -0.00567323 23831360 0.03709293 -0.08616908 0.2718003
0.02090028 -0.1580535 -0.006741479 24061552 0.04139588 -0.08540063 0.2706388
0.03294853 -0.1562364 -0.008996651 24311798 0.04968626 -0.0833586 0.2678717
0.03969436 -0.1546549 -0.009978965 24501949 0.05372654 -0.08193645 0.2662331
0.05179023 -0.1506188 -0.01139446 24732546 0.06176543 -0.07846404 0.2626956
0.05802974 -0.1477806 -0.0120341 24982383 0.06568939 -0.07619856 0.2606844
0.06374447 -0.145051 -0.01275843 25172729 0.06946137 -0.07409722 0.2585814
0.06922068 -0.1422665 -0.01372418 25402766 0.07318272 -0.07210765 0.2563068
0.0805151 -0.135681 -0.01602869 25653000 0.08045533 -0.06764182 0.2510882
0.08599732 -0.1323319 -0.01717255 25863178 0.08358163 -0.06531254 0.2482995
0.09906434 -0.1238732 -0.0184658 26063367 0.08961552 -0.06021748 0.2422256
0.1050328 -0.1198638 -0.01893084 26304086 0.09210359 -0.0578306 0.2392524
0.1107152 -0.1164069 -0.01909889 26513765 0.09461739 -0.05573517 0.2363417
0.1162015 -0.1127098 -0.01922074 26743981 0.09705525 -0.0535345 0.2334481
0.1262135 -0.1049794 -0.01907918 26964179 0.1014497 -0.04929256 0.2281828
0.1314845 -0.1001263 -0.01853842 27194387 0.1033478 -0.04731367 0.2257245
0.1403881 -0.09083503 -0.0178625 27414602 0.1066941 -0.04374838 0.2212823
0.1443852 -0.08590686 -0.01740971 27664816 0.1083906 -0.04174223 0.2192631
0.1477459 -0.08099513 -0.01684375 27854975 0.1097865 -0.03928428 0.2175446
0.1534608 -0.06901325 -0.01470095 28075182 0.112231 -0.03327789 0.2152599
0.1555726 -0.06224931 -0.01354103 28335413 0.1132211 -0.03006635 0.2147168
0.1575256 -0.05517311 -0.01159157 28535594 0.1143065 -0.02661263 0.2145695
0.1589364 -0.04015962 -0.007566854 28765817 0.1160801 -0.01825468 0.216086
0.1584454 -0.0329586 -0.00557819 29006034 0.1167493 -0.01338565 0.2176681
0.157525 -0.02600252 -0.003716901 29206195 0.1173833 -0.008597637 0.2195597
0.1545327 -0.01096852 -0.00101456 29426397 0.1177849 0.0005029069 0.2240005
0.1524929 -0.003754197 9.454787E-05 29676619 0.1174819 0.005096415 0.2264821
0.1503913 0.002725563 0.001421541 29866791 0.1167713 0.009864403 0.2290203
0.1457394 0.01331157 0.00341627 30107012 0.1145482 0.01822328 0.234036
0.1434965 0.01751874 0.004261419 30357233 0.1131932 0.02106787 0.236367
0.1392041 0.02268654 0.005674019 30547405 0.1103123 0.02379723 0.2406419
0.1370746 0.02351778 0.006440967 30767620 0.1086612 0.0238659 0.2427524
0.1347692 0.02302452 0.007386014 31027847 0.1069078 0.02328873 0.2451004
