0.1483653 -0.001130554 -0.004483268 0 0.1805944 -0.0006055219 0.2157794
0.1483653 -0.001130554 -0.004483268 110116 0.1805944 -0.0006055219 0.2157794
0.1484049 -0.001065918 -0.004541904 220191 0.1805154 -0.0005326716 0.2157377
0.1484646 -0.001096245 -0.004557744 340307 0.1804235 -0.0004239836 0.2157301
0.1484646 -0.001096245 -0.004557744 450419 0.1804235 -0.0004239836 0.2157301
0.1484692 -0.001275209 -0.004693285 560510 0.1803242 -0.0003462229 0.2156434
0.1486054 -0.001300803 -0.00474982 670609 0.1802522 -0.0003095108 0.2155469
0.1486054 -0.001300803 -0.00474982 791143 0.1802522 -0.0003095108 0.2155469
0.1486809 -0.0008308634 -0.004931465 900813 0.1800968 -0.00018134 0.2154063
0.1488504 -0.0006576772 -0.005039856 1010920 0.1800177 -0.0001690475 0.2152472
0.1488504 -0.0006576772 -0.005039856 1121024 0.1800177 -0.0001690475 0.2152472
0.1486676 -0.0004034815 -0.005306259 1241116 0.1797671 -0.0001660042 0.215211
0.1486154 3.47985E-05 -0.005234882 1341210 0.179499 2.564939E-05 0.2154243
0.1486154 3.47985E-05 -0.005234882 1471336 0.179499 2.564939E-05 0.2154243
0.1488291 0.000469685 -0.004833981 1571426 0.179158 0.0004244835 0.2158249
0.147917 0.0007918039 -0.004709959 1681518 0.1784505 0.001014432 0.2167516
0.147917 0.0007918039 -0.004709959 1791621 0.1784505 0.001014432 0.2167516
0.1476906 0.001752352 -0.004170254 1912033 0.1777741 0.002040616 0.2176615
0.146888 0.003278399 -0.003825486 2011807 0.1768208 0.003408338 0.2188248
0.146888 0.003278399 -0.003825486 2131920 0.1768208 0.003408338 0.2188248
0.1463176 0.004822849 -0.003278539 2242161 0.1761017 0.004643879 0.2199396
0.1447503 0.007062241 -0.003139868 2352119 0.174987 0.006004598 0.2213928
0.1447503 0.007062241 -0.003139868 2482564 0.174987 0.006004598 0.2213928
0.1440149 0.009400882 -0.00216943 2572330 0.1741135 0.007720751 0.2230305
0.1420415 0.01249605 -0.001360267 2682421 0.172693 0.009989227 0.2254123
0.1420415 0.01249605 -0.001360267 2822555 0.172693 0.009989227 0.2254123
0.1400078 0.01577988 -0.0001200438 2912637 0.1710737 0.01284287 0.2282785
0.1373759 0.0197679 0.001296327 3022724 0.1692832 0.01623604 0.2316696
0.133827 0.02451841 0.002536148 3152849 0.1671643 0.02005796 0.2354717
0.133827 0.02451841 0.002536148 3242918 0.1671643 0.02005796 0.2354717
0.1308544 0.02968575 0.004313007 3353042 0.165027 0.02429272 0.239398
0.1275504 0.03497157 0.006029204 3503161 0.1626104 0.02876866 0.2434896
0.1275504 0.03497157 0.006029204 3583238 0.1626104 0.02876866 0.2434896
0.1239897 0.04032376 0.007720038 3693337 0.1599829 0.03353396 0.2477088
0.120357 0.04567457 0.009476662 3803424 0.1570441 0.03860793 0.2520705
0.120357 0.04567457 0.009476662 3943563 0.1570441 0.03860793 0.2520705
0.1167853 0.05118772 0.01140973 4033636 0.1538476 0.0440076 0.2565705
0.1127722 0.05674724 0.01333749 4143739 0.1504111 0.04956683 0.261279
0.1127722 0.05674724 0.01333749 4253839 0.1504111 0.04956683 0.261279
0.1085622 0.06258745 0.01524033 4373955 0.1466608 0.05541583 0.2660443
0.1044386 0.06818712 0.01717906 4484055 0.1426576 0.06127871 0.2707805
0.1044386 0.06818712 0.01717906 4594142 0.1426576 0.06127871 0.2707805
0.09986062 0.07384614 0.01906951 4704249 0.1384983 0.06713264 0.2755948
0.09518632 0.07917093 0.0208552 4814349 0.1341842 0.0727268 0.2802701
0.09518632 0.07917093 0.0208552 4924436 0.1341842 0.0727268 0.2802701
0.09016141 0.08435316 0.02265945 5054574 0.1296546 0.07822128 0.2850164
0.08503132 0.08951 0.02451311 5164653 0.1249168 0.08368487 0.2897202
0.08503132 0.08951 0.02451311 5264751 0.1249168 0.08368487 0.2897202
0.07977491 0.09409416 0.02630082 5374846 0.1199131 0.08911586 0.2943777
0.07447902 0.09852414 0.02813558 5484946 0.1147104 0.09442929 0.2989485
0.07447902 0.09852414 0.02813558 5595244 0.1147104 0.09442929 0.2989485
0.06917192 0.1024776 0.02988426 5705149 0.1092713 0.09947196 0.3033415
0.06370997 0.1060491 0.03161652 5825265 0.1036513 0.1041992 0.3076124
0.06370997 0.1060491 0.03161652 5935352 0.1036513 0.1041992 0.3076124
0.05805163 0.1095992 0.03336026 6045456 0.09780996 0.1087542 0.3117286
0.05220931 0.1126729 0.03506775 6155750 0.09171644 0.1129441 0.3156829
0.05220931 0.1126729 0.03506775 6265654 0.09171644 0.1129441 0.3156829
0.04645982 0.1153923 0.03673281 6385755 0.08555578 0.1169741 0.3193804
0.04050698 0.1177905 0.03830987 6495866 0.07914391 0.1207734 0.322829
0.04050698 0.1177905 0.03830987 6605966 0.07914391 0.1207734 0.322829
0.03459669 0.1199429 0.03993 6716057 0.07256189 0.1243756 0.326075
0.02821423 0.1214755 0.04140185 6836169 0.06567353 0.1275053 0.329001
0.02821423 0.1214755 0.04140185 6946265 0.06567353 0.1275053 0.329001
0.02219032 0.1229606 0.04278484 7046359 0.05883648 0.1303588 0.3314755
0.01625457 0.124086 0.04390895 7186481 0.0519713 0.1328166 0.3334369
0.01025614 0.1249959 0.04492167 7276563 0.04511085 0.1349871 0.3349711
0.01025614 0.1249959 0.04492167 7386666 0.04511085 0.1349871 0.3349711
0.004245261 0.1253454 0.04561959 7516783 0.03814484 0.1366853 0.335982
0.004245261 0.1253454 0.04561959 7606861 0.03814484 0.1366853 0.335982
-0.001690719 0.1252041 0.04605727 7716960 0.03127077 0.1377959 0.3364579
-0.007414398 0.1246626 0.04620111 7857095 0.02454111 0.1384411 0.3364253
-0.007414398 0.1246626 0.04620111 7947164 0.02454111 0.1384411 0.3364253
-0.01319177 0.1237604 0.04604922 8057263 0.0181254 0.1386224 0.3357491
-0.01850993 0.1226029 0.04537423 8177380 0.01246679 0.1380981 0.3343105
-0.01850993 0.1226029 0.04537423 8287524 0.01246679 0.1380981 0.3343105
-0.02412223 0.1211324 0.04478569 8397574 0.007166073 0.1368628 0.3324006
-0.02918446 0.1197995 0.04369609 8517687 0.002492011 0.1350629 0.3298677
-0.02918446 0.1197995 0.04369609 8627798 0.002492011 0.1350629 0.3298677
-0.03444736 0.1181605 0.04288137 8727876 -0.002481639 0.1329564 0.327338
-0.03986952 0.1163456 0.04211518 8847985 -0.007446826 0.130671 0.3245359
-0.04511151 0.1142287 0.04097199 8958230 -0.01225484 0.1280728 0.3213302
-0.04511151 0.1142287 0.04097199 9068188 -0.01225484 0.1280728 0.3213302
-0.05024898 0.1123159 0.03937563 9188284 -0.01701659 0.1251161 0.317609
-0.05024898 0.1123159 0.03937563 9288390 -0.01701659 0.1251161 0.317609
-0.05544609 0.110086 0.03779252 9408503 -0.02203375 0.121661 0.3137971
-0.06008888 0.1081901 0.03526996 9518590 -0.02664965 0.1174596 0.3094056
-0.06008888 0.1081901 0.03526996 9628689 -0.02664965 0.1174596 0.3094056
-0.06437688 0.1063925 0.03221355 9748790 -0.03098285 0.112889 0.3047561
-0.0685136 0.1041566 0.02881899 9858893 -0.03470322 0.1078827 0.2998102
-0.07253456 0.1016015 0.02513729 9969009 -0.03801173 0.1025718 0.294663
-0.07253456 0.1016015 0.02513729 10079096 -0.03801173 0.1025718 0.294663
-0.07673594 0.09867626 0.02166308 10189187 -0.04093897 0.09696626 0.2894219
-0.07673594 0.09867626 0.02166308 10289443 -0.04093897 0.09696626 0.2894219
-0.08084238 0.09533411 0.01821262 10409394 -0.04334044 0.09130204 0.2841906
-0.08463768 0.09161603 0.01454771 10529494 -0.04523265 0.08567618 0.2790231
-0.08835284 0.08718348 0.01120362 10649627 -0.04689085 0.08032767 0.2742024
-0.08835284 0.08718348 0.01120362 10749697 -0.04689085 0.08032767 0.2742024
-0.09164833 0.08275808 0.007577404 10859796 -0.04809204 0.07489157 0.2694557
-0.09164833 0.08275808 0.007577404 10969900 -0.04809204 0.07489157 0.2694557
-0.09458873 0.07830707 0.003993735 11080007 -0.0491544 0.06944134 0.2650438
-0.09751076 0.07353506 0.0007140785 11190094 -0.05023336 0.06409965 0.2609133
-0.0999613 0.06824349 -0.002754465 11310207 -0.05095619 0.05868436 0.2570266
-0.0999613 0.06824349 -0.002754465 11420314 -0.05095619 0.05868436 0.2570266
-0.1024028 0.06253418 -0.006094024 11530397 -0.05172301 0.05321634 0.2532884
-0.1045915 0.05654009 -0.009715095 11650506 -0.05214775 0.0478852 0.2495379
-0.1045915 0.05654009 -0.009715095 11750616 -0.05214775 0.0478852 0.2495379
-0.1069515 0.04978694 -0.01289158 11860704 -0.05246747 0.04241457 0.24593
-0.1093547 0.04244558 -0.01580532 11970977 -0.05257738 0.03693134 0.2424198
-0.1093547 0.04244558 -0.01580532 12091171 -0.05257738 0.03693134 0.2424198
-0.1119272 0.03437184 -0.01815431 12211016 -0.05250877 0.03139785 0.2390776
-0.1145157 0.02599676 -0.020228 12311118 -0.05242414 0.02594926 0.2358787
-0.1145157 0.02599676 -0.020228 12461254 -0.05242414 0.02594926 0.2358787
-0.1172493 0.0175261 -0.02143101 12541318 -0.05248177 0.02059458 0.2330775
-0.1201311 0.008912917 -0.02223788 12651595 -0.05270371 0.01531486 0.2303844
-0.1201311 0.008912917 -0.02223788 12781534 -0.05270371 0.01531486 0.2303844
-0.1225983 0.0004949588 -0.02305521 12881633 -0.05296537 0.01030911 0.2279842
-0.1247903 -0.007810997 -0.02378832 12981715 -0.0532558 0.00533682 0.2258306
-0.1247903 -0.007810997 -0.02378832 13111833 -0.0532558 0.00533682 0.2258306
-0.1267133 -0.01626703 -0.02436562 13211923 -0.05348415 0.0004823789 0.2238972
-0.128255 -0.0247725 -0.02467869 13322022 -0.05363858 -0.004333857 0.222319
-0.128255 -0.0247725 -0.02467869 13452152 -0.05363858 -0.004333857 0.222319
-0.1295547 -0.03351151 -0.02473731 13542221 -0.05365238 -0.009142488 0.2209266
-0.1304272 -0.04176917 -0.02457725 13652357 -0.05343258 -0.01400678 0.2199049
-0.1304272 -0.04176917 -0.02457725 13762416 -0.05343258 -0.01400678 0.2199049
-0.1308534 -0.04956776 -0.02411036 13902996 -0.05304325 -0.01895916 0.2193347
-0.1306633 -0.05651407 -0.02346548 13992619 -0.05253208 -0.02368535 0.2193393
-0.1306633 -0.05651407 -0.02346548 14102719 -0.05253208 -0.02368535 0.2193393
-0.1297328 -0.06377758 -0.022967 14243145 -0.05183199 -0.02831502 0.2197441
-0.1283251 -0.07049622 -0.02209832 14332935 -0.051029 -0.03266592 0.2206344
-0.1283251 -0.07049622 -0.02209832 14443034 -0.051029 -0.03266592 0.2206344
-0.1264921 -0.07679923 -0.02082568 14563150 -0.05005062 -0.03695386 0.2219744
-0.123992 -0.08266187 -0.01981966 14663237 -0.04868662 -0.04118121 0.2237034
-0.123992 -0.08266187 -0.01981966 14783345 -0.04868662 -0.04118121 0.2237034
-0.1211088 -0.08759817 -0.01859581 14883427 -0.04723201 -0.04555883 0.2260061
-0.1178125 -0.09140605 -0.0174107 15003540 -0.04564923 -0.04978072 0.2288063
-0.1178125 -0.09140605 -0.0174107 15103630 -0.04564923 -0.04978072 0.2288063
-0.1141267 -0.09478834 -0.01627782 15223742 -0.04402009 -0.05379498 0.2319502
-0.1100685 -0.09800463 -0.01502864 15343839 -0.04230586 -0.05735731 0.2353485
-0.1100685 -0.09800463 -0.01502864 15454282 -0.04230586 -0.05735731 0.2353485
-0.105538 -0.1012283 -0.01386675 15554036 -0.04038346 -0.06053763 0.2389381
-0.1006666 -0.1037369 -0.01250769 15674173 -0.03831258 -0.06334902 0.2428863
-0.1006666 -0.1037369 -0.01250769 15784252 -0.03831258 -0.06334902 0.2428863
-0.09548106 -0.1062627 -0.01131862 15924383 -0.03587466 -0.06610084 0.2468455
-0.09035567 -0.1078094 -0.009616986 16024607 -0.03312635 -0.06865071 0.251017
-0.08486333 -0.1095106 -0.008103415 16125151 -0.03013864 -0.07105852 0.2552128
-0.08486333 -0.1095106 -0.008103415 16254669 -0.03013864 -0.07105852 0.2552128
-0.07938062 -0.1103389 -0.006454289 16374777 -0.02689648 -0.07307903 0.2594479
-0.07353397 -0.1114877 -0.004966363 16604989 -0.02342376 -0.0750083 0.263641
-0.06756079 -0.1126163 -0.003453761 16825512 -0.01965612 -0.07677837 0.2677212
-0.0615829 -0.113606 -0.001925483 17055404 -0.01560462 -0.07857098 0.2716611
-0.0499561 -0.1151183 0.001154333 17275768 -0.006451875 -0.08186766 0.2787141
-0.04423436 -0.1158061 0.002839118 17505794 -0.001464069 -0.08333811 0.2819468
-0.03839359 -0.1166595 0.004648879 17725997 0.003740251 -0.08472116 0.2850755
-0.02585947 -0.1181658 0.007996321 17976421 0.01488301 -0.08706659 0.2908556
-0.01987707 -0.1182924 0.009749964 18176399 0.02059786 -0.08804793 0.2934728
-0.01410076 -0.1179615 0.01143764 18386601 0.02624696 -0.08891702 0.2959039
-0.001507131 -0.1174491 0.01463945 18636827 0.03806931 -0.09029422 0.3001524
0.004511614 -0.1168582 0.01619676 18837177 0.04400873 -0.09055198 0.3017726
0.01034631 -0.1161087 0.01752666 19057202 0.05001526 -0.0905928 0.3029039
0.0220045 -0.1142403 0.01969241 19297415 0.06220604 -0.09014158 0.3039911
0.0281113 -0.1131889 0.02043059 19507600 0.06832172 -0.08953558 0.3038419
0.03413212 -0.1122761 0.02094206 19727799 0.07436603 -0.08880933 0.3031597
0.04531623 -0.1103904 0.02079554 19978041 0.08603187 -0.08674943 0.2999911
0.05067066 -0.1094462 0.02003428 20198236 0.09161668 -0.08550353 0.2975026
0.06189498 -0.1078873 0.01710428 20408425 0.1024602 -0.08255377 0.2904843
0.06760596 -0.1070505 0.01510914 20658992 0.1075709 -0.08098266 0.2862531
0.07366597 -0.105976 0.01314028 20868833 0.11246 -0.07932068 0.281844
0.08610351 -0.1024615 0.009589821 21069354 0.1209305 -0.07570133 0.2731622
0.09190342 -0.1001304 0.007909 21329252 0.1245715 -0.07392502 0.2689829
0.09818751 -0.09690456 0.006457925 21529445 0.1280967 -0.07194243 0.2647589
0.1107946 -0.08827446 0.004380047 21749936 0.134571 -0.06728633 0.2565715
0.11703 -0.08306392 0.00394994 21979843 0.1373902 -0.06473837 0.2527726
0.1223186 -0.07804416 0.003400639 22190187 0.1396811 -0.06199515 0.2491973
0.1313055 -0.06690647 0.00149402 22420241 0.143624 -0.05576302 0.2420135
0.13613 -0.05870489 0.001201719 22640630 0.1457945 -0.05181829 0.2385582
0.1393879 -0.05106534 0.0003615618 22880648 0.1471893 -0.04789351 0.2356342
0.1440971 -0.03236042 -0.001643434 23080821 0.1493337 -0.03902119 0.2303848
0.1449602 -0.02307971 -0.002903342 23331055 0.1497957 -0.0339881 0.2284792
0.1454333 -0.01367194 -0.004002333 23571276 0.1498867 -0.02903683 0.2268904
0.1433776 0.002832742 -0.007039323 23771630 0.1495932 -0.01998398 0.2249947
0.1417116 0.009070116 -0.007681593 23991704 0.1490259 -0.01606239 0.2253184
0.1408671 0.01385639 -0.0065227 24251890 0.1489708 -0.01282962 0.2265135
0.1364785 0.01855998 -0.001581356 24422051 0.1486139 -0.009990368 0.2328411
0.1331628 0.01813446 0.003356293 24652243 0.1482287 -0.01056218 0.2388519
0.1297 0.01605805 0.009966999 24902473 0.147939 -0.01218884 0.2464511
0.1226429 0.007118262 0.02534989 25102653 0.146107 -0.0187239 0.264377
0.1193009 0.00108322 0.03343883 25343053 0.1447505 -0.02374762 0.2737582
0.1154492 -0.006290554 0.04123367 25573406 0.1427202 -0.03050808 0.2834601
0.1078107 -0.02382954 0.05534224 25783280 0.1370102 -0.04797841 0.3019252
