0.1632449 -0.001646087 0.008748934 0 0.2451527 -0.008424547 0.1778753
0.1632449 -0.001646087 0.008748934 110099 0.2451527 -0.008424547 0.1778753
0.1632522 -0.001182717 0.007678092 240229 0.244443 -0.007687724 0.1771282
0.1629531 -0.0006405353 0.006353393 340307 0.2436619 -0.006900607 0.1762058
0.1629531 -0.0006405353 0.006353393 450406 0.2436619 -0.006900607 0.1762058
0.1626408 -0.0001065094 0.004875362 580536 0.2428136 -0.006092948 0.1751342
0.1623642 0.000743566 0.003367931 670605 0.2418716 -0.005190555 0.174086
0.1619221 0.001346132 0.001892626 790722 0.2408701 -0.00431446 0.17321
0.1619221 0.001346132 0.001892626 910826 0.2408701 -0.00431446 0.17321
0.1615643 0.002341151 0.0003972054 1010912 0.2397519 -0.003104919 0.1723942
0.1615643 0.002341151 0.0003972054 1121012 0.2397519 -0.003104919 0.1723942
0.1611853 0.003505836 -0.001090318 1251141 0.2385061 -0.001701993 0.1717349
0.1608727 0.004422645 -0.002431765 1341210 0.2373245 -0.0003919314 0.171202
0.16044 0.005968211 -0.003742918 1451302 0.2360202 0.0009509486 0.1708538
0.16044 0.005968211 -0.003742918 1571418 0.2360202 0.0009509486 0.1708538
0.1598318 0.007305599 -0.004909366 1681521 0.2347592 0.002188114 0.1707216
0.1590029 0.008891766 -0.005994186 1791625 0.2334304 0.003669797 0.170841
0.1590029 0.008891766 -0.005994186 1901724 0.2334304 0.003669797 0.170841
0.157992 0.01072999 -0.00682494 2011811 0.2321167 0.005296282 0.1713518
0.1567944 0.01291556 -0.007396236 2121915 0.2307725 0.007147773 0.172308
0.1567944 0.01291556 -0.007396236 2242023 0.2307725 0.007147773 0.172308
0.1550556 0.01575871 -0.007572725 2352123 0.2294121 0.00948737 0.1739668
0.1529278 0.01916067 -0.00742659 2482248 0.227928 0.01232809 0.1762864
0.1529278 0.01916067 -0.00742659 2572325 0.227928 0.01232809 0.1762864
0.1502046 0.02290112 -0.006711662 2692422 0.2264266 0.0157994 0.1795464
0.1472833 0.02701352 -0.00557825 2812530 0.2248599 0.02021215 0.1834785
0.1472833 0.02701352 -0.00557825 2912636 0.2248599 0.02021215 0.1834785
0.1439963 0.03140744 -0.004075751 3022728 0.2231605 0.02528474 0.1880711
0.1404419 0.0361687 -0.002304345 3152849 0.2212732 0.03079024 0.1931655
0.1404419 0.0361687 -0.002304345 3262953 0.2212732 0.03079024 0.1931655
0.1361355 0.04148186 -0.0003578961 3363027 0.2190463 0.03680206 0.1988139
0.131463 0.0467459 0.001767352 3473142 0.2165529 0.04303679 0.2048428
0.131463 0.0467459 0.001767352 3603252 0.2165529 0.04303679 0.2048428
0.1264473 0.05182305 0.004090026 3693329 0.213732 0.04931656 0.2112816
0.1209397 0.05821916 0.006463274 3803428 0.2103476 0.05619577 0.2180651
0.1209397 0.05821916 0.006463274 3943567 0.2103476 0.05619577 0.2180651
0.1153353 0.06365851 0.009008542 4033644 0.2066303 0.06332923 0.2251363
0.1101946 0.06922337 0.01131804 4153748 0.2024959 0.07067012 0.2319572
0.1101946 0.06922337 0.01131804 4253835 0.2024959 0.07067012 0.2319572
0.1040908 0.07457116 0.01380391 4363946 0.198055 0.07793153 0.2389427
0.09751827 0.08007663 0.01623224 4484046 0.1929759 0.08488531 0.2459595
0.09751827 0.08007663 0.01623224 4584137 0.1929759 0.08488531 0.2459595
0.09120203 0.08536995 0.01834531 4704241 0.187492 0.09165597 0.2525158
0.08498769 0.09023642 0.02034053 4814345 0.1816539 0.09814497 0.2588278
0.08498769 0.09023642 0.02034053 4924440 0.1816539 0.09814497 0.2588278
0.07857935 0.09522919 0.02230771 5044702 0.1753047 0.1044555 0.2650479
0.07191143 0.09971519 0.02411616 5154652 0.1685055 0.1103421 0.2709196
0.07191143 0.09971519 0.02411616 5264755 0.1685055 0.1103421 0.2709196
0.06521453 0.1041478 0.02571131 5394881 0.1613836 0.1160262 0.2762992
0.05762102 0.1082554 0.02699344 5484950 0.1536465 0.1215469 0.2809529
0.05762102 0.1082554 0.02699344 5605070 0.1536465 0.1215469 0.2809529
0.05038667 0.112115 0.02791819 5725179 0.1457513 0.1266962 0.284905
0.04293207 0.1153976 0.02874328 5825261 0.1375751 0.1314974 0.2883375
0.04293207 0.1153976 0.02874328 5935356 0.1375751 0.1314974 0.2883375
0.03553008 0.1183611 0.0293687 6045468 0.1291141 0.135728 0.2912501
0.02788538 0.1211108 0.02997272 6165564 0.1203823 0.139549 0.2936537
0.02788538 0.1211108 0.02997272 6285689 0.1203823 0.139549 0.2936537
0.02002432 0.1236564 0.03050937 6385965 0.1113318 0.1430139 0.2955181
0.01220261 0.1254389 0.03102639 6495862 0.1021486 0.1461346 0.2969625
0.01220261 0.1254389 0.03102639 6605961 0.1021486 0.1461346 0.2969625
0.004285036 0.1266105 0.03166489 6726078 0.09270936 0.1489469 0.2981105
-0.003571432 0.127527 0.03213786 6836165 0.08310006 0.1514221 0.2987334
-0.003571432 0.127527 0.03213786 6976287 0.08310006 0.1514221 0.2987334
-0.01158926 0.1277984 0.03283273 7056368 0.07347766 0.1533586 0.2988871
-0.01951037 0.1278035 0.03353873 7166471 0.06381863 0.1547391 0.2986377
-0.01951037 0.1278035 0.03353873 7276571 0.06381863 0.1547391 0.2986377
-0.02711292 0.1272388 0.0341267 7386674 0.05430746 0.1555907 0.2980257
-0.03464085 0.1259117 0.03477125 7496757 0.04479198 0.1557606 0.297095
-0.03464085 0.1259117 0.03477125 7616870 0.04479198 0.1557606 0.297095
-0.04236061 0.1236975 0.0356537 7726981 0.03524492 0.1552584 0.2956849
-0.04973622 0.1212675 0.03622918 7837068 0.0260846 0.1539347 0.293749
-0.04973622 0.1212675 0.03622918 7977191 0.0260846 0.1539347 0.293749
-0.05704496 0.1184833 0.03677596 8067280 0.01717216 0.1518089 0.2913297
-0.0642949 0.1155432 0.0370734 8167370 0.00836546 0.1490815 0.2884239
-0.0642949 0.1155432 0.0370734 8277478 0.00836546 0.1490815 0.2884239
-0.07138 0.1116093 0.0377869 8407587 -3.16278E-05 0.145814 0.2853535
-0.07825676 0.106911 0.03841874 8517966 -0.008042263 0.141908 0.2819088
-0.08504359 0.1022259 0.038637 8647804 -0.01573567 0.1375098 0.277905
-0.08504359 0.1022259 0.038637 8727884 -0.01573567 0.1375098 0.277905
-0.09174906 0.09701987 0.03896283 8847985 -0.02318175 0.1326676 0.2736556
-0.09835899 0.09161165 0.03948283 8958084 -0.03041652 0.1275862 0.2692679
-0.09835899 0.09161165 0.03948283 9068354 -0.03041652 0.1275862 0.2692679
-0.1046329 0.08639951 0.03930831 9178283 -0.03742446 0.1224461 0.2647907
-0.1046329 0.08639951 0.03930831 9288386 -0.03742446 0.1224461 0.2647907
-0.1105427 0.08066257 0.03934468 9428500 -0.04409052 0.1171187 0.2605107
-0.1159835 0.07435725 0.038816 9508577 -0.04993515 0.1113142 0.2560128
-0.1214264 0.06825271 0.03826055 9638690 -0.05526447 0.1049936 0.2512075
-0.1214264 0.06825271 0.03826055 9758819 -0.05526447 0.1049936 0.2512075
-0.126527 0.06191529 0.03728938 9848896 -0.05998951 0.09812487 0.246416
-0.1315085 0.05623003 0.03596292 9958983 -0.06437707 0.09091542 0.2417376
-0.1315085 0.05623003 0.03596292 10099106 -0.06437707 0.09091542 0.2417376
-0.1361456 0.05032917 0.03417504 10179186 -0.06842831 0.08342482 0.237325
-0.1361456 0.05032917 0.03417504 10299298 -0.06842831 0.08342482 0.237325
-0.1403839 0.0439079 0.03272423 10439737 -0.07177442 0.07591671 0.233064
-0.144292 0.03682285 0.0315232 10529502 -0.07458219 0.06817788 0.2289329
-0.1474916 0.02929736 0.03000866 10639614 -0.07651432 0.06049063 0.2251625
-0.1474916 0.02929736 0.03000866 10759722 -0.07651432 0.06049063 0.2251625
-0.1506407 0.02243565 0.0285812 10859808 -0.07826555 0.05191452 0.2217961
-0.1528196 0.01477981 0.02673696 10979900 -0.07921649 0.04340473 0.2191216
-0.1528196 0.01477981 0.02673696 11079995 -0.07921649 0.04340473 0.2191216
-0.1541443 0.007060628 0.02498156 11190098 -0.07976529 0.0348518 0.2174422
-0.1544641 -0.001186783 0.02331418 11310381 -0.07981387 0.02581863 0.2168404
-0.1544641 -0.001186783 0.02331418 11420306 -0.07981387 0.02581863 0.2168404
-0.153911 -0.009358825 0.02197051 11530417 -0.07926672 0.0162045 0.2172401
-0.1523829 -0.01791403 0.02048722 11650506 -0.07817449 0.006096418 0.2186116
-0.1523829 -0.01791403 0.02048722 11750604 -0.07817449 0.006096418 0.2186116
-0.1502023 -0.02636725 0.01912525 11880730 -0.07675508 -0.004033146 0.2206565
-0.1475561 -0.03488652 0.01761843 11980804 -0.07507199 -0.01384536 0.2230152
-0.1475561 -0.03488652 0.01761843 12090903 -0.07507199 -0.01384536 0.2230152
-0.1446751 -0.04345191 0.0163316 12221276 -0.07312296 -0.02352052 0.225462
-0.1416031 -0.05221582 0.01546176 12331124 -0.07088475 -0.03327043 0.2279742
-0.1416031 -0.05221582 0.01546176 12421209 -0.07088475 -0.03327043 0.2279742
-0.1381426 -0.06080581 0.01451579 12591371 -0.0682535 -0.0426337 0.2306681
-0.1340242 -0.06993268 0.01346114 12801552 -0.06532843 -0.05171651 0.2337601
-0.1292515 -0.0788681 0.0123363 13031760 -0.06198353 -0.06041556 0.2372802
-0.1182828 -0.0955973 0.01060486 13261980 -0.05394894 -0.07722981 0.2451941
-0.1120039 -0.1030239 0.01010357 13482171 -0.04911975 -0.08491532 0.2495981
-0.1053014 -0.1093654 0.009795547 13692352 -0.0439994 -0.09185703 0.2543063
-0.08963722 -0.1195581 0.008754283 13882532 -0.03285725 -0.1028798 0.264763
-0.08104885 -0.1226299 0.008825004 14002636 -0.02694764 -0.1067412 0.2704624
-0.07228163 -0.1246893 0.009303838 14102735 -0.02075556 -0.1097982 0.2761188
-0.07228163 -0.1246893 0.009303838 14212826 -0.02075556 -0.1097982 0.2761188
-0.06327552 -0.1255434 0.01008797 14332934 -0.01411725 -0.1117827 0.2816526
-0.06327552 -0.1255434 0.01008797 14443030 -0.01411725 -0.1117827 0.2816526
-0.05391842 -0.126532 0.01073062 14553133 -0.00711488 -0.1132191 0.2867106
-0.04479844 -0.1263366 0.01150849 14683251 0.0001104423 -0.1134578 0.2911581
-0.03570662 -0.1256223 0.0122927 14773344 0.00748436 -0.1130837 0.2950639
-0.03570662 -0.1256223 0.0122927 14883431 0.00748436 -0.1130837 0.2950639
-0.02660298 -0.1243207 0.01294118 15023550 0.01514926 -0.1120459 0.2982709
-0.02660298 -0.1243207 0.01294118 15113643 0.01514926 -0.1120459 0.2982709
-0.01727157 -0.1226236 0.0134071 15253765 0.02313607 -0.1105996 0.300803
-0.008012782 -0.1203672 0.01384243 15453946 0.0312909 -0.1086311 0.3026495
0.0009716672 -0.1175213 0.01425834 15594218 0.03948725 -0.1064462 0.3038501
0.01013346 -0.1143239 0.01453292 15824272 0.04782047 -0.1041249 0.3043835
0.01927339 -0.1103741 0.01460756 16064501 0.05592278 -0.1015994 0.3042505
0.03801118 -0.1015354 0.01419629 16264670 0.07163174 -0.09603842 0.3016385
0.04753663 -0.09655216 0.0138654 16484876 0.0791088 -0.09278969 0.2992226
0.05702718 -0.09096218 0.01358885 16705067 0.08627862 -0.0890443 0.2962035
0.07489666 -0.07915682 0.01389502 16935283 0.09969129 -0.08028923 0.2893693
0.0832108 -0.07289899 0.01439595 17165491 0.1060418 -0.07528771 0.2856707
0.09059231 -0.06627107 0.01449558 17385697 0.1122305 -0.06993033 0.2815797
0.1038275 -0.05280039 0.01382828 17605900 0.1240174 -0.05847162 0.2724738
0.1098341 -0.045952 0.01315604 17836092 0.1292535 -0.05244144 0.2676744
0.1153881 -0.03876612 0.01228587 18056294 0.1339899 -0.04629991 0.2628472
0.1250713 -0.02303975 0.01063272 18276493 0.1415471 -0.03406829 0.2539096
0.1291117 -0.01465268 0.01003279 18516892 0.1440363 -0.02795554 0.2501107
0.13437 0.0007483021 0.008650139 18726900 0.1476628 -0.01572201 0.2444045
0.135542 0.007699937 0.008317098 18957103 0.1487813 -0.009994445 0.242946
0.1354182 0.01420836 0.008330628 19187311 0.1493799 -0.004573475 0.2427448
0.131428 0.02261562 0.01075013 19397501 0.1489514 0.005584906 0.2475846
0.1271755 0.02340164 0.01326148 19627708 0.1480359 0.01000866 0.2530133
0.1213887 0.02162841 0.01683377 19847907 0.1463538 0.01333522 0.2604883
0.1084048 0.01394268 0.02717312 20068102 0.1395915 0.01377336 0.279006
