0.147174 -0.001322003 -0.001816134 0 0.1346679 -0.01390591 0.1395752
0.1481257 -0.0009503749 -0.002333882 110095 0.1353234 -0.01370604 0.1390155
0.1489038 -0.00066705 -0.003135352 230207 0.1359999 -0.01354131 0.1381941
0.1489038 -0.00066705 -0.003135352 340315 0.1359999 -0.01354131 0.1381941
0.1493586 -0.0004375592 -0.004147464 450398 0.1365489 -0.01348813 0.1371743
0.1492291 0.0005440144 -0.005438523 560505 0.1367497 -0.0130955 0.1358572
0.1492291 0.0005440144 -0.005438523 670613 0.1367497 -0.0130955 0.1358572
0.1502509 0.001677367 -0.006500372 780696 0.1372569 -0.01256573 0.1346894
0.1495572 0.003929829 -0.007628555 900808 0.136822 -0.01150594 0.1334594
0.1495572 0.003929829 -0.007628555 1011070 0.136822 -0.01150594 0.1334594
0.1498549 0.006677895 -0.008403469 1121011 0.1367183 -0.01006414 0.1324986
0.1489488 0.01140961 -0.008917724 1231119 0.1358801 -0.007575442 0.131706
0.1489488 0.01140961 -0.008917724 1351227 0.1358801 -0.007575442 0.131706
0.1476015 0.01689259 -0.008964114 1461318 0.1346389 -0.004365566 0.1313438
0.1456587 0.02522367 -0.008334606 1571418 0.1328957 0.0007688387 0.13147
0.1456587 0.02522367 -0.008334606 1681525 0.1328957 0.0007688387 0.13147
0.1432038 0.03226008 -0.007167479 1811882 0.1303178 0.005798159 0.1322598
0.1401186 0.03920694 -0.005506348 1901716 0.1270445 0.01107009 0.1335751
0.1401186 0.03920694 -0.005506348 2021840 0.1270445 0.01107009 0.1335751
0.1362635 0.04829385 -0.003350858 2141924 0.1232755 0.01750746 0.1351763
0.1309031 0.05778965 -0.001077353 2242019 0.1188567 0.02420144 0.1368827
0.1246916 0.067029 0.001395013 2372144 0.113798 0.03065106 0.1387421
0.1246916 0.067029 0.001395013 2472381 0.113798 0.03065106 0.1387421
0.1175189 0.07636552 0.004045821 2572321 0.1079937 0.03724266 0.1407386
0.1090865 0.08540606 0.006579021 2682416 0.101243 0.04392638 0.1426825
0.1090865 0.08540606 0.006579021 2822551 0.101243 0.04392638 0.1426825
0.0995447 0.09423622 0.009092433 2912624 0.09355542 0.05090306 0.1447118
0.08900805 0.1027175 0.01157631 3022736 0.08507678 0.05784588 0.14677
0.08900805 0.1027175 0.01157631 3132823 0.08507678 0.05784588 0.14677
0.07752581 0.1112506 0.01422707 3242922 0.07584096 0.0645115 0.1488334
0.06497394 0.1187745 0.01674406 3373039 0.06570885 0.07073659 0.150901
0.06497394 0.1187745 0.01674406 3473130 0.06570885 0.07073659 0.150901
0.05143759 0.1254344 0.01929814 3583233 0.05475026 0.07654329 0.1531074
0.03696151 0.1311174 0.02173237 3703350 0.04315296 0.08166744 0.1552338
0.03696151 0.1311174 0.02173237 3813445 0.04315296 0.08166744 0.1552338
0.02188557 0.1356128 0.02407695 3913543 0.03103805 0.08597676 0.1573389
0.00661634 0.1390693 0.0262998 4033668 0.01860073 0.08949199 0.1593589
0.00661634 0.1390693 0.0262998 4153760 0.01860073 0.08949199 0.1593589
-0.009190738 0.1407263 0.02822113 4253855 0.005888194 0.09191988 0.1612505
-0.02483684 0.1408476 0.03004222 4383956 -0.00677067 0.09318915 0.1631157
-0.02483684 0.1408476 0.03004222 4484042 -0.00677067 0.09318915 0.1631157
-0.03984535 0.1388875 0.03165557 4584136 -0.01925674 0.09315481 0.165038
-0.0539214 0.1349793 0.0328988 4704253 -0.03139615 0.09178396 0.1668131
-0.0539214 0.1349793 0.0328988 4814352 -0.03139615 0.09178396 0.1668131
-0.06752649 0.1291711 0.03378148 4924444 -0.04259706 0.08916701 0.1682599
-0.08045045 0.1204446 0.03378841 5054561 -0.0523966 0.08460309 0.168824
-0.08045045 0.1204446 0.03378841 5154659 -0.0523966 0.08460309 0.168824
-0.09265822 0.1106009 0.03342887 5264747 -0.06117266 0.07875159 0.1687083
-0.1035192 0.09940309 0.0325763 5384859 -0.06896871 0.07196835 0.1680748
-0.1035192 0.09940309 0.0325763 5494967 -0.06896871 0.07196835 0.1680748
-0.1132075 0.08609688 0.03130893 5595053 -0.07596949 0.06417008 0.1670985
-0.1213327 0.07152338 0.02953835 5705152 -0.08251303 0.05564756 0.1657265
-0.1213327 0.07152338 0.02953835 5835573 -0.08251303 0.05564756 0.1657265
-0.1291448 0.05618897 0.02769063 5945381 -0.08837235 0.04654463 0.1638921
-0.1344519 0.04047297 0.02527067 6085508 -0.09286585 0.03624991 0.1615021
-0.1344519 0.04047297 0.02527067 6165572 -0.09286585 0.03624991 0.1615021
-0.1393584 0.02516739 0.02325407 6275667 -0.09630013 0.02554142 0.1590925
-0.142065 0.01022442 0.02108386 6415797 -0.09836752 0.0142911 0.1566577
-0.1429649 -0.005507893 0.01890084 6495862 -0.09914458 0.002640841 0.1542509
-0.1429649 -0.005507893 0.01890084 6605961 -0.09914458 0.002640841 0.1542509
-0.1418733 -0.02175518 0.01671274 6726078 -0.0984551 -0.009119112 0.1518476
-0.1418733 -0.02175518 0.01671274 6826322 -0.0984551 -0.009119112 0.1518476
-0.1392848 -0.03817293 0.01459121 6936251 -0.09618152 -0.02129736 0.1493635
-0.135212 -0.05353925 0.01252643 7056359 -0.09280884 -0.03340857 0.1470738
-0.135212 -0.05353925 0.01252643 7166455 -0.09280884 -0.03340857 0.1470738
-0.1294072 -0.06873976 0.01065343 7276566 -0.0880481 -0.04543197 0.1450127
-0.1216024 -0.08382589 0.008884506 7386657 -0.08213663 -0.05711934 0.1431807
-0.1216024 -0.08382589 0.008884506 7506774 -0.08213663 -0.05711934 0.1431807
-0.112855 -0.09809836 0.007164794 7606860 -0.07517004 -0.06811348 0.1412804
-0.102614 -0.1112167 0.005628424 7726973 -0.06691206 -0.07849989 0.139648
-0.102614 -0.1112167 0.005628424 7837080 -0.06691206 -0.07849989 0.139648
-0.09162998 -0.1234553 0.004359324 7947175 -0.05775267 -0.08830948 0.1382374
-0.07994032 -0.1343324 0.003302356 8067280 -0.04773945 -0.0974313 0.1371219
-0.06704503 -0.1433287 0.00231829 8187400 -0.03695256 -0.1055969 0.1363967
-0.06704503 -0.1433287 0.00231829 8287531 -0.03695256 -0.1055969 0.1363967
-0.05299434 -0.1508158 0.001444966 8397582 -0.02545786 -0.1128485 0.1360053
-0.05299434 -0.1508158 0.001444966 8527703 -0.02545786 -0.1128485 0.1360053
-0.0380941 -0.1568924 0.0007696858 8617781 -0.01333812 -0.1189917 0.1358879
-0.02177379 -0.1623577 0.0004431286 8737885 -0.0004082322 -0.1241956 0.1360655
-0.02177379 -0.1623577 0.0004431286 8857993 -0.0004082322 -0.1241956 0.1360655
-0.004753411 -0.1648315 -0.0001458052 8968085 0.01314658 -0.127553 0.1362219
0.008793235 -0.1658853 -0.0002018981 9078192 0.02560142 -0.1295363 0.1365552
0.008793235 -0.1658853 -0.0002018981 9188599 0.02560142 -0.1295363 0.1365552
0.02402486 -0.1656371 1.221498E-05 9288390 0.03860837 -0.1300089 0.1372136
0.0398995 -0.1636256 0.0005015393 9408681 0.05162654 -0.1288785 0.1382019
0.0398995 -0.1636256 0.0005015393 9518772 0.05162654 -0.1288785 0.1382019
0.05654529 -0.1590421 0.001024547 9648707 0.06469071 -0.1260221 0.1394066
0.07346706 -0.152934 0.002260456 9748805 0.07771498 -0.1219888 0.141295
0.07346706 -0.152934 0.002260456 9848879 0.07771498 -0.1219888 0.141295
0.08855796 -0.1451165 0.004048468 9979009 0.08968014 -0.1167435 0.1436907
0.1030374 -0.1353468 0.006284212 10079249 0.1009665 -0.1104235 0.1465724
0.1030374 -0.1353468 0.006284212 10199345 0.1009665 -0.1104235 0.1465724
0.1163153 -0.1235306 0.008794745 10329321 0.1113394 -0.1027872 0.149689
0.1283117 -0.1109329 0.01153412 10409385 0.120805 -0.09433588 0.1528651
0.1283117 -0.1109329 0.01153412 10529498 0.120805 -0.09433588 0.1528651
0.1376475 -0.09620697 0.01380717 10649626 0.1284704 -0.08509754 0.1555768
0.145645 -0.08034842 0.01636612 10749696 0.1348106 -0.07499883 0.158353
0.145645 -0.08034842 0.01636612 10859796 0.1348106 -0.07499883 0.158353
0.151319 -0.0633614 0.01878904 10989921 0.1392048 -0.06401195 0.1607717
0.1553253 -0.04622636 0.02124722 11080011 0.1418904 -0.05238839 0.1629786
0.1572064 -0.02948597 0.02359033 11190272 0.1429684 -0.04040939 0.1649558
0.1572064 -0.02948597 0.02359033 11330236 0.1429684 -0.04040939 0.1649558
0.1571193 -0.01272418 0.02585915 11420314 0.1426606 -0.02859869 0.1667322
0.1548828 0.002983974 0.028172 11530413 0.1407955 -0.01730853 0.1685145
0.1548828 0.002983974 0.028172 11670531 0.1407955 -0.01730853 0.1685145
0.1499663 0.0166925 0.03019549 11750608 0.1370668 -0.006628504 0.1701811
0.1499663 0.0166925 0.03019549 11860707 0.1370668 -0.006628504 0.1701811
0.1442681 0.02634451 0.03187649 12000834 0.131863 0.003178215 0.1719325
0.138034 0.0325468 0.03321494 12090911 0.1253035 0.0122495 0.1736863
0.1319619 0.03574299 0.03455016 12201010 0.118496 0.01923139 0.1754483
0.1319619 0.03574299 0.03455016 12331136 0.118496 0.01923139 0.1754483
0.1256931 0.03748545 0.03626155 12421209 0.11187 0.02288811 0.1773363
