0.1369861 0.008003353 -0.01045677 0 0.1997432 0.06141814 0.1886319
0.1369861 0.008003353 -0.01045677 120113 0.1997432 0.06141814 0.1886319
0.1394819 0.008652601 -0.01171097 220211 0.1978574 0.06230728 0.187913
0.1399134 0.009114361 -0.01173803 330298 0.1967633 0.06344745 0.1883129
0.1399134 0.009114361 -0.01173803 450403 0.1967633 0.06344745 0.1883129
0.1403603 0.01085732 -0.01151457 560514 0.1957441 0.06526105 0.1892222
0.1410184 0.01369001 -0.01099025 670597 0.1946993 0.06787039 0.1905608
0.1410184 0.01369001 -0.01099025 780701 0.1946993 0.06787039 0.1905608
0.1409302 0.01766312 -0.01038511 900813 0.1931936 0.07190757 0.1923421
0.1412262 0.02291208 -0.009522066 1000900 0.1914051 0.07775587 0.194167
0.1412262 0.02291208 -0.009522066 1121028 0.1914051 0.07775587 0.194167
0.1405719 0.02979356 -0.008883208 1231120 0.1886321 0.08565543 0.1963861
0.1409407 0.03657248 -0.007261321 1341211 0.185751 0.09374615 0.1992814
0.1404003 0.04446746 -0.006180018 1461319 0.1823565 0.1020984 0.2024714
0.1404003 0.04446746 -0.006180018 1571414 0.1823565 0.1020984 0.2024714
0.1384392 0.05290583 -0.005706266 1701544 0.1781307 0.1108941 0.2059074
0.1352958 0.06140006 -0.005753458 1801630 0.1730947 0.1199062 0.2094139
0.1352958 0.06140006 -0.005753458 1911722 0.1730947 0.1199062 0.2094139
0.1310731 0.07005078 -0.006139293 2031838 0.1671722 0.1290703 0.2132057
0.1251705 0.0792141 -0.007082775 2121915 0.1601905 0.1382592 0.2174423
0.1251705 0.0792141 -0.007082775 2242032 0.1601905 0.1382592 0.2174423
0.1195929 0.08819932 -0.007719204 2362144 0.1531379 0.1470178 0.2217678
0.112771 0.09750997 -0.008686543 2462226 0.1450457 0.1554357 0.2265204
0.112771 0.09750997 -0.008686543 2572322 0.1450457 0.1554357 0.2265204
0.1043796 0.1065848 -0.009994969 2692442 0.1361036 0.163274 0.2313563
0.09473342 0.1147639 -0.01121545 2802530 0.126419 0.1704897 0.2362027
0.09473342 0.1147639 -0.01121545 2912621 0.126419 0.1704897 0.2362027
0.08458101 0.1222051 -0.01207125 3032741 0.1162674 0.1771627 0.2410638
0.07341868 0.1285971 -0.01202732 3132824 0.1054991 0.1835377 0.2465326
0.07341868 0.1285971 -0.01202732 3242923 0.1054991 0.1835377 0.2465326
0.06218462 0.133739 -0.01103275 3373052 0.09458271 0.1892843 0.2524126
0.05058438 0.1380017 -0.009386554 3483144 0.08290114 0.194719 0.2584854
0.05058438 0.1380017 -0.009386554 3583230 0.08290114 0.194719 0.2584854
0.03916951 0.1414342 -0.007527396 3693329 0.07134894 0.199638 0.2638762
0.02660526 0.1431197 -0.005135432 3813434 0.05944571 0.2037006 0.2688136
0.02660526 0.1431197 -0.005135432 3923541 0.05944571 0.2037006 0.2688136
0.01468484 0.1432623 -0.001974508 4023631 0.04741967 0.2072457 0.2734952
0.003126953 0.1422506 0.001700684 4143744 0.0351482 0.2104311 0.2776531
0.003126953 0.1422506 0.001700684 4263844 0.0351482 0.2104311 0.2776531
-0.007312279 0.1401023 0.005762115 4363943 0.02298681 0.2130393 0.2813303
-0.01748346 0.1376812 0.009632036 4484055 0.01122425 0.2147476 0.2841009
-0.01748346 0.1376812 0.009632036 4584145 0.01122425 0.2147476 0.2841009
-0.02672842 0.1351876 0.01270093 4694249 0.000481546 0.2155155 0.2854281
-0.03637933 0.1314037 0.01620379 4814345 -0.0103609 0.2156767 0.2859261
-0.03637933 0.1314037 0.01620379 4944471 -0.0103609 0.2156767 0.2859261
-0.0457628 0.1268033 0.01949403 5034540 -0.0207442 0.2149404 0.285221
-0.05453538 0.1222934 0.02199294 5154648 -0.03062674 0.2135209 0.2832868
-0.05453538 0.1222934 0.02199294 5264756 -0.03062674 0.2135209 0.2832868
-0.06264695 0.1174733 0.02391098 5364846 -0.04024565 0.2116737 0.2802731
-0.07019917 0.112316 0.02530794 5504968 -0.04903517 0.2092355 0.2762824
-0.07019917 0.112316 0.02530794 5605063 -0.04903517 0.2092355 0.2762824
-0.07796862 0.1072422 0.02641657 5705153 -0.05679042 0.2059266 0.2715907
-0.08499499 0.1025326 0.02631418 5835266 -0.06342983 0.2016634 0.2662938
-0.09119372 0.09776098 0.02540569 5935361 -0.06929749 0.1969462 0.2606278
-0.09119372 0.09776098 0.02540569 6045460 -0.06929749 0.1969462 0.2606278
-0.09666255 0.09291763 0.02382489 6175582 -0.07483667 0.1922104 0.2546345
-0.1011401 0.08833383 0.02101499 6275672 -0.07980469 0.1874562 0.2482888
-0.1011401 0.08833383 0.02101499 6385775 -0.07980469 0.1874562 0.2482888
-0.105926 0.08328808 0.01819527 6505872 -0.08275807 0.1818416 0.2415185
-0.1115197 0.07808408 0.0152919 6605966 -0.08404329 0.1748749 0.2346292
-0.1115197 0.07808408 0.0152919 6716053 -0.08404329 0.1748749 0.2346292
-0.1180809 0.0725696 0.01247586 6856188 -0.08482206 0.1669012 0.2274926
-0.12463 0.06615562 0.009506553 6936268 -0.08587134 0.1586649 0.2199206
-0.12463 0.06615562 0.009506553 7056376 -0.08587134 0.1586649 0.2199206
-0.1312535 0.05893946 0.006603152 7166464 -0.08700892 0.1506616 0.2117331
-0.1374256 0.05064388 0.003982902 7276567 -0.08799317 0.1428567 0.2033285
-0.1374256 0.05064388 0.003982902 7386666 -0.08799317 0.1428567 0.2033285
-0.1436001 0.04203928 0.001981646 7496766 -0.08927003 0.1350371 0.1954042
-0.1436001 0.04203928 0.001981646 7616886 -0.08927003 0.1350371 0.1954042
-0.1493613 0.03336734 0.000187695 7726978 -0.09073135 0.1271152 0.1883349
-0.1545309 0.02464171 -0.0009380281 7837065 -0.09217542 0.1193631 0.18215
-0.1545309 0.02464171 -0.0009380281 7947168 -0.09217542 0.1193631 0.18215
-0.1585156 0.01511409 -0.001239583 8057276 -0.09333241 0.1115244 0.1767662
-0.1619049 0.005485686 -0.0007719398 8167379 -0.09414595 0.1036397 0.1719279
-0.1619049 0.005485686 -0.0007719398 8287487 -0.09414595 0.1036397 0.1719279
-0.1643693 -0.004330639 0.0009366572 8397579 -0.09473878 0.09578911 0.1676548
-0.166235 -0.01361418 0.002111733 8507686 -0.09548214 0.08820955 0.1639585
-0.166235 -0.01361418 0.002111733 8637787 -0.09548214 0.08820955 0.1639585
-0.166679 -0.02265945 0.003763095 8727877 -0.09623772 0.0809479 0.1613969
-0.1661432 -0.03115173 0.005765766 8847977 -0.0966101 0.07382402 0.1598194
-0.1647015 -0.03888496 0.008286774 8948075 -0.09666315 0.06690261 0.1593125
-0.1647015 -0.03888496 0.008286774 9078205 -0.09666315 0.06690261 0.1593125
-0.1626303 -0.04603878 0.01049063 9178283 -0.0961935 0.0601078 0.1596283
-0.1600633 -0.05256593 0.0125778 9288383 -0.0954221 0.05348824 0.1608129
-0.1600633 -0.05256593 0.0125778 9398478 -0.0954221 0.05348824 0.1608129
-0.157025 -0.05862538 0.0150806 9518598 -0.0947055 0.04711475 0.1625157
-0.1532545 -0.06518043 0.01639801 9628690 -0.09326595 0.04055665 0.1646647
-0.1532545 -0.06518043 0.01639801 9738789 -0.09326595 0.04055665 0.1646647
-0.1496082 -0.07098317 0.01842129 9848892 -0.09160808 0.03382292 0.1674049
-0.1452933 -0.07694992 0.02041909 9958992 -0.08950213 0.02694791 0.1705054
-0.1452933 -0.07694992 0.02041909 10089113 -0.08950213 0.02694791 0.1705054
-0.1403897 -0.08325513 0.02181154 10199209 -0.08679163 0.01990606 0.1739763
-0.1349532 -0.08955059 0.02340531 10299295 -0.08325365 0.01254863 0.1777895
-0.1349532 -0.08955059 0.02340531 10429424 -0.08325365 0.01254863 0.1777895
-0.1293232 -0.09633258 0.02362134 10539516 -0.07889947 0.005039249 0.1818117
-0.1229012 -0.1023151 0.0242769 10639598 -0.07363483 -0.001936988 0.1864298
-0.1229012 -0.1023151 0.0242769 10770039 -0.07363483 -0.001936988 0.1864298
-0.1162839 -0.1074944 0.02452725 10859971 -0.06762758 -0.008128284 0.1913876
-0.1092574 -0.1123324 0.02397767 10969900 -0.0611138 -0.01337134 0.1963931
-0.1092574 -0.1123324 0.02397767 11100021 -0.0611138 -0.01337134 0.1963931
-0.1017312 -0.1167561 0.02320608 11200120 -0.05414927 -0.01784572 0.2014006
-0.09378489 -0.1204838 0.02240686 11300198 -0.04667753 -0.02147563 0.2064055
-0.09378489 -0.1204838 0.02240686 11450633 -0.04667753 -0.02147563 0.2064055
-0.08523359 -0.1240616 0.02099641 11530402 -0.03871453 -0.02437553 0.2112981
-0.07621954 -0.1268939 0.01949547 11640509 -0.03028405 -0.0263853 0.2161143
-0.07621954 -0.1268939 0.01949547 11770635 -0.03028405 -0.0263853 0.2161143
-0.06689184 -0.1286905 0.01820745 11860716 -0.02144668 -0.0275061 0.2208502
-0.05676128 -0.1296654 0.01705995 11990821 -0.0123412 -0.02765039 0.2255707
-0.05676128 -0.1296654 0.01705995 12110942 -0.0123412 -0.02765039 0.2255707
-0.04651926 -0.1294883 0.01635516 12201019 -0.003100514 -0.02694571 0.230029
-0.03570426 -0.1285002 0.01606914 12321127 0.006424934 -0.02557797 0.2342639
-0.03570426 -0.1285002 0.01606914 12451245 0.006424934 -0.02557797 0.2342639
-0.02514071 -0.1260778 0.01675147 12531301 0.01593667 -0.02351792 0.2384876
-0.01466924 -0.1227621 0.01791652 12661422 0.02543935 -0.02088548 0.2424823
-0.01466924 -0.1227621 0.01791652 12782009 0.02543935 -0.02088548 0.2424823
-0.004300709 -0.1190556 0.01944348 12871616 0.03470959 -0.01802006 0.2461346
0.005088839 -0.1147292 0.02159707 12981715 0.04355812 -0.0148721 0.2494
0.005088839 -0.1147292 0.02159707 13111829 0.04355812 -0.0148721 0.2494
0.01431728 -0.1105529 0.02359365 13202226 0.05220402 -0.01170848 0.2519913
0.02272953 -0.1064114 0.02556621 13332024 0.06052156 -0.008636376 0.2540405
0.02272953 -0.1064114 0.02556621 13452152 0.06052156 -0.008636376 0.2540405
0.03045337 -0.102469 0.02733958 13552226 0.06833075 -0.005592181 0.2554057
0.03785765 -0.09893078 0.02867515 13652313 0.0757332 -0.002546585 0.2557586
0.03785765 -0.09893078 0.02867515 13762412 0.0757332 -0.002546585 0.2557586
0.04442848 -0.09589263 0.02934584 13882537 0.08258803 0.0003332829 0.2551253
0.05072575 -0.09331017 0.02926438 13992624 0.08910002 0.003003437 0.2536496
0.05072575 -0.09331017 0.02926438 14102731 0.08910002 0.003003437 0.2536496
0.05661465 -0.09105341 0.02868505 14222844 0.09509344 0.00557076 0.2515105
0.06263581 -0.08900756 0.02741024 14322926 0.1005772 0.008203503 0.2486076
0.06263581 -0.08900756 0.02741024 14453367 0.1005772 0.008203503 0.2486076
0.06849353 -0.08718856 0.02584948 14553158 0.1055903 0.01085134 0.2450779
0.07446756 -0.0855649 0.02410457 14663229 0.1103828 0.01336289 0.2411054
0.07446756 -0.0855649 0.02410457 14793354 0.1103828 0.01336289 0.2411054
0.08015683 -0.08409569 0.02165942 14893445 0.114753 0.01566572 0.2368563
0.08601467 -0.08253591 0.01875594 15013549 0.1188418 0.01780459 0.2325568
0.09213346 -0.08082208 0.01571909 15143667 0.1224369 0.01988607 0.2282456
0.09213346 -0.08082208 0.01571909 15233744 0.1224369 0.01988607 0.2282456
0.09805658 -0.07891376 0.0123798 15363861 0.1253358 0.02209806 0.2238632
0.1035452 -0.07697601 0.008840755 15614435 0.1275142 0.02446972 0.2193277
0.1092961 -0.07504832 0.005066127 15824273 0.1295962 0.02675688 0.2144333
0.1147071 -0.07293906 0.00099805 16034483 0.1311778 0.02910882 0.2095996
0.1253651 -0.06772956 -0.006386772 16274695 0.1330145 0.03445425 0.2003726
0.1304591 -0.0648292 -0.01054271 16494886 0.1334585 0.03714543 0.1957621
0.1351962 -0.06167701 -0.01517536 16735666 0.1336372 0.03969049 0.1913574
0.1437411 -0.05264043 -0.02289665 16945296 0.1324626 0.04584773 0.1847469
0.146389 -0.04624666 -0.02614562 17165491 0.1312095 0.04987301 0.18301
0.1494997 -0.03867634 -0.02808115 17405708 0.1297231 0.0540986 0.1821499
0.1533348 -0.02220356 -0.02908416 17605901 0.1267917 0.06283673 0.1833952
0.1532047 -0.01488493 -0.02768417 17836092 0.1256913 0.0671693 0.1856602
0.1473673 -0.002988302 -0.02608466 18056303 0.1226844 0.07352543 0.1930288
0.145619 0.001391979 -0.02382864 18286519 0.1217554 0.07507891 0.1971212
0.143405 0.004194336 -0.02151191 18506714 0.1210863 0.07584332 0.2011992
0.1386778 0.006926216 -0.01668681 18716887 0.1202339 0.0760527 0.2090278
0.1367749 0.007792853 -0.01449126 18947091 0.1199521 0.07546227 0.2126486
0.1348969 0.008263645 -0.01236832 19167293 0.1197392 0.07464401 0.2161273
0.1318758 0.009647892 -0.008115232 19397505 0.1190212 0.07375459 0.2224673
0.130378 0.01048289 -0.005510062 19617704 0.1187155 0.07396124 0.2257313
