0.1515294 0.003711076 0.006481022 0 0.2203999 0.0209014 0.2008362
0.1515294 0.003711076 0.006481022 110112 0.2203999 0.0209014 0.2008362
0.1515533 0.003687971 0.005808279 230229 0.2199522 0.02115079 0.2003215
0.1516298 0.003809824 0.005153805 330432 0.2193496 0.02160331 0.1999183
0.1516298 0.003809824 0.005153805 440641 0.2193496 0.02160331 0.1999183
0.1513182 0.004261553 0.0044377 570536 0.2185469 0.02253529 0.1997329
0.1511283 0.005442799 0.003643379 660597 0.2173396 0.02428743 0.1996994
0.1511283 0.005442799 0.003643379 781135 0.2173396 0.02428743 0.1996994
0.1504072 0.007587398 0.002978757 910827 0.2157652 0.02749428 0.2002292
0.1495697 0.01047687 0.002543673 1000908 0.2138395 0.03226742 0.2011696
0.1495697 0.01047687 0.002543673 1121024 0.2138395 0.03226742 0.2011696
0.1482564 0.01438879 0.00235714 1231124 0.2117627 0.03805526 0.2026627
0.1466434 0.01935718 0.002206892 1341211 0.2093714 0.04421302 0.2046402
0.1444417 0.02518296 0.002419338 1461619 0.2069124 0.05092117 0.207349
0.1444417 0.02518296 0.002419338 1561422 0.2069124 0.05092117 0.207349
0.1419816 0.0318538 0.00290136 1681534 0.2041546 0.05827018 0.2106795
0.1388702 0.03898941 0.003666446 1791638 0.2009802 0.06640503 0.2147401
0.1388702 0.03898941 0.003666446 1891712 0.2009802 0.06640503 0.2147401
0.1355543 0.04656109 0.004597962 2011820 0.1974619 0.07494411 0.2192205
0.1355543 0.04656109 0.004597962 2131941 0.1974619 0.07494411 0.2192205
0.131039 0.05404425 0.005583689 2232027 0.1932975 0.08364256 0.2244427
0.1267219 0.06171266 0.007160395 2352135 0.1888818 0.0924525 0.2303276
0.1226794 0.06892451 0.009435877 2462231 0.1839076 0.1012807 0.2370052
0.1226794 0.06892451 0.009435877 2572334 0.1839076 0.1012807 0.2370052
0.1174068 0.07594553 0.01225817 2682417 0.1785651 0.1099319 0.2447727
0.1117095 0.08259977 0.01573879 2792516 0.173133 0.1182253 0.2532991
0.1117095 0.08259977 0.01573879 2912633 0.173133 0.1182253 0.2532991
0.1055982 0.08827296 0.01981486 3012723 0.167623 0.1256532 0.2624389
0.09982485 0.0933605 0.0241888 3132974 0.1617777 0.1327115 0.2716782
0.09982485 0.0933605 0.0241888 3242935 0.1617777 0.1327115 0.2716782
0.0941144 0.09729546 0.02884851 3353039 0.1554494 0.1395309 0.2809801
0.08803926 0.100786 0.03337444 3463122 0.1485824 0.1460843 0.2901379
0.08803926 0.100786 0.03337444 3573229 0.1485824 0.1460843 0.2901379
0.08228046 0.1035163 0.03779112 3683345 0.1414708 0.1522081 0.2988074
0.0760611 0.106019 0.04182284 3793428 0.1340904 0.1577249 0.3070353
0.0760611 0.106019 0.04182284 3913540 0.1340904 0.1577249 0.3070353
0.0700344 0.1083111 0.04573993 4023632 0.1269024 0.1624381 0.3148337
0.06421944 0.1102047 0.04942763 4133731 0.1196585 0.1664896 0.3220872
0.06421944 0.1102047 0.04942763 4254747 0.1196585 0.1664896 0.3220872
0.05842045 0.1115954 0.05289929 4353934 0.1120465 0.1701661 0.3288714
0.05280961 0.1125468 0.05587825 4474038 0.1041008 0.1735699 0.3348231
0.05280961 0.1125468 0.05587825 4584133 0.1041008 0.1735699 0.3348231
0.04679773 0.1131742 0.05833218 4694241 0.09574267 0.1766259 0.3400236
0.04679773 0.1131742 0.05833218 4804344 0.09574267 0.1766259 0.3400236
0.04087459 0.1134442 0.06028371 4914448 0.08720179 0.1791985 0.3443606
0.0348857 0.1136308 0.0618398 5024539 0.07851888 0.1812701 0.3480101
0.02881385 0.1136716 0.06314993 5144793 0.06972 0.1828413 0.3511084
0.02881385 0.1136716 0.06314993 5254759 0.06972 0.1828413 0.3511084
0.02273442 0.1137107 0.06412579 5364854 0.06061608 0.1841432 0.3535801
0.01667294 0.1135909 0.06476767 5474962 0.05138018 0.1851936 0.3553468
0.01667294 0.1135909 0.06476767 5595050 0.05138018 0.1851936 0.3553468
0.0104042 0.1134036 0.06495352 5705157 0.04188131 0.1860408 0.3562686
0.004150425 0.1128777 0.06462301 5835270 0.03240265 0.1864411 0.3562148
0.004150425 0.1128777 0.06462301 5925348 0.03240265 0.1864411 0.3562148
-0.002570916 0.1124858 0.06381403 6045468 0.02314681 0.1864695 0.3551732
-0.009565778 0.1121058 0.06273933 6165560 0.01399752 0.1859471 0.353418
-0.009565778 0.1121058 0.06273933 6265667 0.01399752 0.1859471 0.353418
-0.01628296 0.1119622 0.06124088 6375762 0.004625067 0.1852828 0.3510286
-0.02216945 0.1114006 0.05917886 6495867 -0.005061418 0.1847332 0.3479418
-0.02216945 0.1114006 0.05917886 6595957 -0.005061418 0.1847332 0.3479418
-0.0276244 0.1104296 0.05632864 6716057 -0.01498109 0.1843128 0.3437514
-0.0332661 0.1091833 0.05299179 6826173 -0.024353 0.1834406 0.3385532
-0.0332661 0.1091833 0.05299179 6936264 -0.024353 0.1834406 0.3385532
-0.03944194 0.108399 0.04980737 7046371 -0.03264192 0.181741 0.333241
-0.04584751 0.1086873 0.04678728 7166472 -0.04025924 0.179383 0.3282573
-0.04584751 0.1086873 0.04678728 7266562 -0.04025924 0.179383 0.3282573
-0.0522974 0.1090219 0.04397762 7406697 -0.04776314 0.1769077 0.3232902
-0.05823963 0.108924 0.04086034 7496762 -0.05552113 0.1750299 0.317813
-0.05823963 0.108924 0.04086034 7606861 -0.05552113 0.1750299 0.317813
-0.06376624 0.1082454 0.03740337 7737133 -0.06348222 0.1739239 0.3116582
-0.06910836 0.1070554 0.03367786 7827064 -0.07122672 0.1728279 0.3049242
-0.06910836 0.1070554 0.03367786 7937159 -0.07122672 0.1728279 0.3049242
-0.07428496 0.1055808 0.02968006 8077302 -0.07796282 0.1710258 0.2978591
-0.08015981 0.1040911 0.02622509 8167383 -0.08368036 0.168467 0.2910311
-0.08015981 0.1040911 0.02622509 8277624 -0.08368036 0.168467 0.2910311
-0.08596606 0.1025159 0.02316555 8387760 -0.0885928 0.1654154 0.2846884
-0.09178662 0.1008488 0.02046962 8507674 -0.09285375 0.1624961 0.2785408
-0.09178662 0.1008488 0.02046962 8617781 -0.09285375 0.1624961 0.2785408
-0.09791846 0.09822234 0.01867081 8717872 -0.09638092 0.1598092 0.2725126
-0.1042122 0.09518445 0.01760122 8837976 -0.09960572 0.1571011 0.2667732
-0.1042122 0.09518445 0.01760122 8958089 -0.09960572 0.1571011 0.2667732
-0.1100556 0.0923213 0.01670508 9058175 -0.1027891 0.154302 0.2614875
-0.1152034 0.08903556 0.01596399 9178299 -0.1058855 0.151478 0.256594
-0.1152034 0.08903556 0.01596399 9288379 -0.1058855 0.151478 0.256594
-0.1199386 0.08553594 0.01536769 9398486 -0.1087855 0.1486435 0.2519675
-0.1240027 0.08187997 0.01479883 9518785 -0.1115435 0.1457746 0.2477821
-0.1273919 0.07814806 0.01427948 9618681 -0.1140677 0.1428123 0.244148
-0.1273919 0.07814806 0.01427948 9728950 -0.1140677 0.1428123 0.244148
-0.1303891 0.07425713 0.01402095 9848913 -0.1163112 0.1397276 0.2409867
-0.1329226 0.07024488 0.01369363 9948995 -0.11826 0.1364131 0.2381611
-0.1329226 0.07024488 0.01369363 10059090 -0.11826 0.1364131 0.2381611
-0.135017 0.06568998 0.01356936 10209396 -0.1200302 0.1327722 0.2357211
-0.1367433 0.06091209 0.01350427 10289306 -0.1216093 0.1289637 0.2335738
-0.1367433 0.06091209 0.01350427 10399401 -0.1216093 0.1289637 0.2335738
-0.1383206 0.05583002 0.01360577 10540071 -0.1230122 0.1248963 0.2316087
-0.1398325 0.05034468 0.01409961 10639598 -0.1242141 0.1205719 0.2298478
-0.1398325 0.05034468 0.01409961 10739988 -0.1242141 0.1205719 0.2298478
-0.1413354 0.04474783 0.01504095 10869826 -0.1253744 0.1159184 0.2284611
-0.1427433 0.03925574 0.01575363 10970249 -0.1266013 0.1108234 0.2272358
-0.1427433 0.03925574 0.01575363 11080012 -0.1266013 0.1108234 0.2272358
-0.1441088 0.03308867 0.0165569 11210579 -0.1279981 0.1054155 0.2258302
-0.1453034 0.02611994 0.01762837 11300214 -0.1292055 0.09966036 0.2243576
-0.1453034 0.02611994 0.01762837 11410314 -0.1292055 0.09966036 0.2243576
-0.146238 0.01937107 0.01828697 11520401 -0.1298522 0.09359344 0.2230622
-0.1467946 0.01296558 0.01867954 11640521 -0.130369 0.08741613 0.2222038
-0.1467946 0.01296558 0.01867954 11750601 -0.130369 0.08741613 0.2222038
-0.1468712 0.006861977 0.01878004 11860708 -0.1308529 0.08146318 0.2216883
-0.1465347 0.0007499181 0.01876728 11980808 -0.1312228 0.07556209 0.2214513
-0.1465347 0.0007499181 0.01876728 12090924 -0.1312228 0.07556209 0.2214513
-0.1459077 -0.005253761 0.01861554 12190998 -0.1313222 0.06962189 0.2214913
-0.1448943 -0.01150302 0.01826784 12311110 -0.1310012 0.0634956 0.2217124
-0.1448943 -0.01150302 0.01826784 12421210 -0.1310012 0.0634956 0.2217124
-0.1435249 -0.01788783 0.01762652 12531317 -0.1301588 0.05727883 0.2220559
-0.1417892 -0.02432772 0.0167509 12661431 -0.1287961 0.05100414 0.2226048
-0.1417892 -0.02432772 0.0167509 12761683 -0.1287961 0.05100414 0.2226048
-0.1395313 -0.03076754 0.01549448 12861615 -0.1268865 0.04471203 0.2234514
-0.1368871 -0.03720512 0.01448758 12991725 -0.1245769 0.03851434 0.2246763
-0.1368871 -0.03720512 0.01448758 13092151 -0.1245769 0.03851434 0.2246763
-0.1339947 -0.04345928 0.01360486 13201918 -0.1219994 0.03240832 0.2262212
-0.1303541 -0.04987144 0.01269674 13322031 -0.1191089 0.02639886 0.2281755
-0.1303541 -0.04987144 0.01269674 13432130 -0.1191089 0.02639886 0.2281755
-0.1266002 -0.0561544 0.01202801 13532216 -0.1159019 0.02053245 0.2302531
-0.1222641 -0.06231529 0.01125011 13652341 -0.1122368 0.01478335 0.2326876
-0.1222641 -0.06231529 0.01125011 13772425 -0.1122368 0.01478335 0.2326876
-0.1180387 -0.06795591 0.01078573 13872524 -0.1085404 0.009195054 0.2353504
-0.11332 -0.07329761 0.01054583 14012642 -0.1045164 0.003869379 0.2384127
-0.1082164 -0.07833521 0.01043707 14102731 -0.1003172 -0.001159704 0.2417068
-0.1082164 -0.07833521 0.01043707 14202818 -0.1003172 -0.001159704 0.2417068
-0.1023804 -0.08330966 0.01040462 14322930 -0.09582622 -0.005953109 0.2452752
-0.1023804 -0.08330966 0.01040462 14443038 -0.09582622 -0.005953109 0.2452752
-0.0964946 -0.08757123 0.01059601 14543121 -0.09122628 -0.01031307 0.2490083
-0.09048054 -0.09118489 0.01114647 14653232 -0.08631814 -0.01436082 0.2530321
-0.09048054 -0.09118489 0.01114647 14773661 -0.08631814 -0.01436082 0.2530321
-0.08436777 -0.0941262 0.01222333 14883448 -0.08106917 -0.01799206 0.2573293
-0.07797314 -0.09637702 0.01380455 14993543 -0.07538363 -0.02115957 0.2619748
-0.07797314 -0.09637702 0.01380455 15123665 -0.07538363 -0.02115957 0.2619748
-0.07117381 -0.097531 0.01580325 15233752 -0.0694412 -0.02372865 0.2672294
-0.06442516 -0.09744736 0.01837289 15353872 -0.06285083 -0.02576963 0.273062
-0.06442516 -0.09744736 0.01837289 15453963 -0.06285083 -0.02576963 0.273062
-0.05769651 -0.09674276 0.0213912 15554041 -0.05539677 -0.02766613 0.2792327
-0.05087591 -0.0958522 0.0244849 15684162 -0.04756624 -0.02958194 0.2854218
-0.04391081 -0.09479631 0.02763154 15784257 -0.04003268 -0.03114036 0.2914061
-0.04391081 -0.09479631 0.02763154 15904365 -0.04003268 -0.03114036 0.2914061
-0.03670548 -0.09352911 0.03097543 15994442 -0.03233236 -0.03223304 0.2972082
-0.03670548 -0.09352911 0.03097543 16114563 -0.03233236 -0.03223304 0.2972082
-0.02993396 -0.09183279 0.034725 16234659 -0.02468413 -0.032908 0.3029142
-0.02323641 -0.08986186 0.03842118 16384791 -0.0171262 -0.03331677 0.308424
-0.01671652 -0.08785836 0.04229447 16484873 -0.009643197 -0.03358606 0.3137198
-0.01671652 -0.08785836 0.04229447 16725098 -0.009643197 -0.03358606 0.3137198
-0.00424684 -0.08449961 0.04947992 16935287 0.005617604 -0.03388981 0.322444
0.001112558 -0.08306862 0.05234168 17165491 0.01322013 -0.03415147 0.3257256
0.006357334 -0.08170819 0.05471699 17395715 0.02067846 -0.03438834 0.3284089
0.01659073 -0.07927488 0.05791312 17605901 0.0349234 -0.03444628 0.3316217
0.02153765 -0.07828681 0.0586275 17836108 0.04174168 -0.03419355 0.3319493
0.02630483 -0.07770215 0.05879301 18076504 0.04824443 -0.03397075 0.3314016
0.03631781 -0.07690481 0.05766879 18266489 0.06129487 -0.03317574 0.3280605
0.04118002 -0.07665978 0.05651334 18496697 0.06750053 -0.03262679 0.3254947
0.05100172 -0.07662875 0.05336337 18726912 0.07981773 -0.0316892 0.3189043
0.05586855 -0.07649314 0.05104898 18947095 0.08575305 -0.03106347 0.3148612
0.06067634 -0.07634027 0.04846561 19167314 0.09138906 -0.0302215 0.3104064
0.06537732 -0.07617711 0.04594252 19387504 0.0969894 -0.0294135 0.3059084
0.07527065 -0.07450625 0.04026964 19638127 0.1075675 -0.02763728 0.2967405
0.08033458 -0.07350725 0.03748907 19847912 0.1125232 -0.02650717 0.2919022
0.08536305 -0.07229836 0.03487341 20058405 0.1170772 -0.02499417 0.2870204
0.09511032 -0.07086967 0.02977167 20288504 0.1255493 -0.02193431 0.2765615
0.1001261 -0.07002296 0.02721144 20508512 0.1293922 -0.02017549 0.2710984
0.1103724 -0.06850227 0.02362522 20748729 0.1361015 -0.01672486 0.2607989
0.1152034 -0.06735316 0.02159518 20959068 0.1396013 -0.01516632 0.2557922
0.1200942 -0.06590513 0.01991558 21199297 0.1430234 -0.01387862 0.2511702
0.1296888 -0.06138223 0.01663466 21429347 0.1492169 -0.0115147 0.2427903
0.1345975 -0.0584096 0.01493537 21629532 0.1521233 -0.01009611 0.2385501
0.1388693 -0.0551221 0.01257214 21859748 0.1546141 -0.008231794 0.2342493
0.1470974 -0.04766828 0.008990347 22080230 0.1584886 -0.003773964 0.2265414
0.1500648 -0.04304088 0.006904662 22300137 0.1602034 -0.001167095 0.2234432
0.1539618 -0.03597602 0.004921958 22530328 0.1613238 0.002511823 0.2201659
0.1609351 -0.02334816 0.002036512 22760836 0.1632402 0.01057037 0.213926
0.1641131 -0.0164113 0.001527548 22970726 0.1642259 0.01479765 0.2116019
0.1665246 -0.008738872 0.001060441 23200954 0.1643102 0.01908978 0.2101338
0.1670884 0.007068675 -0.0002434254 23431145 0.1650725 0.02932473 0.2097102
0.1656569 0.01512619 -0.001041085 23641343 0.1654895 0.03491398 0.2105645
0.1623411 0.02272273 -0.001744598 23871547 0.165663 0.04069539 0.2127706
0.1531876 0.03359789 0.0006471127 24111946 0.163695 0.05277022 0.2215131
0.1474676 0.03683678 0.00328593 24311944 0.161734 0.05758294 0.2278754
