0.1462693 0.002056948 0.008256103 0 0.03829445 0.02449202 0.09850215
0.1462693 0.002056948 0.008256103 110099 0.03829445 0.02449202 0.09850215
0.1464226 0.002179018 0.008312787 220194 0.03848021 0.0245757 0.09860715
0.1464245 0.002481929 0.008246149 330294 0.03855267 0.02472865 0.09866192
0.1464245 0.002481929 0.008246149 440393 0.03855267 0.02472865 0.09866192
0.1463329 0.003031841 0.008087243 570515 0.03847575 0.02499866 0.09858896
0.1462638 0.003655425 0.007988418 670605 0.03837191 0.02536141 0.09851158
0.1462638 0.003655425 0.007988418 780704 0.03837191 0.02536141 0.09851158
0.1462926 0.004570953 0.008046533 910826 0.03823717 0.02586328 0.09847283
0.146401 0.005355708 0.008350368 1010908 0.03809154 0.02632152 0.09854868
0.146401 0.005355708 0.008350368 1121007 0.03809154 0.02632152 0.09854868
0.1465406 0.006221048 0.008788909 1231107 0.03800252 0.02685689 0.09878843
0.1466932 0.007185809 0.009243305 1341210 0.03795347 0.02751195 0.09906962
0.1466932 0.007185809 0.009243305 1451313 0.03795347 0.02751195 0.09906962
0.146919 0.008286945 0.009749795 1561413 0.03793484 0.02826785 0.0993571
0.1470587 0.009396188 0.01016482 1681517 0.03795111 0.02906 0.099692
0.1470587 0.009396188 0.01016482 1791621 0.03795111 0.02906 0.099692
0.1472849 0.01036202 0.01049259 1901716 0.03810528 0.02976572 0.09998881
0.1474767 0.01168071 0.01076453 2011815 0.03819914 0.03058087 0.1002489
0.1474767 0.01168071 0.01076453 2121919 0.03819914 0.03058087 0.1002489
0.147692 0.0128473 0.01120141 2232010 0.03821947 0.0313822 0.1005237
0.1477685 0.01398586 0.01139885 2352122 0.03823951 0.03222203 0.1007134
0.1477685 0.01398586 0.01139885 2462222 0.03823951 0.03222203 0.1007134
0.1476937 0.01526796 0.01142838 2572325 0.038129 0.03311323 0.1007781
0.1476678 0.01650237 0.01142057 2682420 0.03810857 0.03395616 0.1008544
0.1476678 0.01650237 0.01142057 2822543 0.03810857 0.03395616 0.1008544
0.1476143 0.01784527 0.0114831 2902615 0.03799975 0.03478741 0.1009475
0.1472169 0.01921402 0.01124685 3022727 0.03772092 0.03556799 0.1009655
0.1472169 0.01921402 0.01124685 3132827 0.03772092 0.03556799 0.1009655
0.1469736 0.02058052 0.01105746 3242926 0.03751791 0.03633606 0.1009322
0.1466512 0.02192961 0.01094597 3363035 0.03717875 0.0372306 0.1008789
0.1466512 0.02192961 0.01094597 3463129 0.03717875 0.0372306 0.1008789
0.1464182 0.02319693 0.01076722 3583233 0.03694054 0.03805577 0.1007679
0.1461884 0.02460777 0.01075151 3703512 0.03663522 0.03890013 0.100752
0.1461884 0.02460777 0.01075151 3803432 0.03663522 0.03890013 0.100752
0.1459264 0.0259782 0.01068455 3933545 0.0363687 0.03977107 0.1007574
0.145678 0.02704751 0.01058718 4033640 0.03614864 0.04055559 0.1007376
0.145678 0.02704751 0.01058718 4143913 0.03614864 0.04055559 0.1007376
0.1454737 0.02833366 0.01048967 4253843 0.03599072 0.04145407 0.1007536
0.1451967 0.02954065 0.01038196 4363938 0.03575249 0.0423634 0.1007357
0.1451967 0.02954065 0.01038196 4474045 0.03575249 0.0423634 0.1007357
0.1449789 0.0307933 0.01041266 4584137 0.03553689 0.04328036 0.1008161
0.1447172 0.03194796 0.01045876 4724259 0.03530176 0.04413282 0.1009356
0.1444728 0.03328966 0.0105144 4814340 0.03506032 0.04505502 0.1010503
0.1444728 0.03328966 0.0105144 4924444 0.03506032 0.04505502 0.1010503
0.1441841 0.034716 0.01061612 5034543 0.03474966 0.04599845 0.101187
0.1441841 0.034716 0.01061612 5144642 0.03474966 0.04599845 0.101187
0.143829 0.03610491 0.01060161 5264751 0.0344176 0.04688835 0.101261
0.1435222 0.03751659 0.0106917 5374854 0.0340874 0.04780733 0.1013801
0.1431074 0.03894006 0.01074391 5504963 0.03366302 0.04878151 0.1014706
0.1431074 0.03894006 0.01074391 5595045 0.03366302 0.04878151 0.1014706
0.1428187 0.04025733 0.01082927 5705144 0.03338256 0.0496956 0.1016087
0.1428187 0.04025733 0.01082927 5815252 0.03338256 0.0496956 0.1016087
0.1424821 0.04149973 0.01086783 5945373 0.0330532 0.05061006 0.1016895
0.1421017 0.04299318 0.01080903 6045451 0.03269246 0.05159556 0.1017039
0.1421017 0.04299318 0.01080903 6155563 0.03269246 0.05159556 0.1017039
0.1417576 0.04432308 0.01085317 6265654 0.0323372 0.05254697 0.1017696
0.1412684 0.04557966 0.01081368 6375936 0.03195393 0.0533818 0.1018946
0.14089 0.04685759 0.01100933 6495866 0.03154288 0.05426132 0.1020843
0.14089 0.04685759 0.01100933 6605965 0.03154288 0.05426132 0.1020843
0.1404197 0.04821086 0.0109941 6716065 0.03114042 0.05513107 0.1021885
0.1400206 0.0494945 0.01112624 6826160 0.0307342 0.05599772 0.1023427
0.1400206 0.0494945 0.01112624 6936259 0.0307342 0.05599772 0.1023427
0.1394575 0.05077671 0.01110157 7046375 0.03025296 0.0568658 0.1024446
0.1389735 0.05206906 0.01121795 7166471 0.02978274 0.05769216 0.1026073
0.1389735 0.05206906 0.01121795 7276566 0.02978274 0.05769216 0.1026073
0.1384596 0.05335688 0.01132687 7386670 0.02931115 0.05851042 0.1027944
0.1378671 0.05480301 0.01140654 7516799 0.02878983 0.05937504 0.1029898
0.1378671 0.05480301 0.01140654 7606881 0.02878983 0.05937504 0.1029898
0.1372804 0.05619942 0.01163217 7727147 0.02823457 0.06022798 0.1032784
0.1367445 0.05750798 0.01182273 7837076 0.02771233 0.06114661 0.1035015
0.1367445 0.05750798 0.01182273 7947171 0.02771233 0.06114661 0.1035015
0.136176 0.05883002 0.01197001 8057279 0.02723904 0.0621029 0.1037756
0.1354467 0.06022774 0.01199096 8167374 0.02667356 0.06305944 0.1040054
0.1354467 0.06022774 0.01199096 8277474 0.02667356 0.06305944 0.1040054
0.1348007 0.06152176 0.01209074 8387573 0.02611044 0.06395923 0.1042142
0.1341871 0.06270062 0.012131 8507677 0.02557145 0.06481134 0.1043506
0.1341871 0.06270062 0.012131 8617781 0.02557145 0.06481134 0.1043506
0.1335163 0.06414937 0.01209235 8758073 0.02503742 0.06578731 0.1044823
0.1329359 0.06531667 0.01217374 8847984 0.02451731 0.06669986 0.1046386
0.1329359 0.06531667 0.01217374 8958278 0.02451731 0.06669986 0.1046386
0.1322679 0.06627821 0.01211175 9068195 0.02398023 0.06750154 0.1047321
0.1314053 0.06751656 0.01191243 9178287 0.02330692 0.06830894 0.1047584
0.1314053 0.06751656 0.01191243 9288386 0.02330692 0.06830894 0.1047584
0.1307961 0.06858682 0.01189589 9398481 0.02275953 0.06904971 0.104816
0.1302146 0.06960212 0.01202783 9528603 0.02216277 0.06977641 0.1049311
0.1302146 0.06960212 0.01202783 9618680 0.02216277 0.06977641 0.1049311
0.1294009 0.07094037 0.01204553 9738792 0.02147815 0.07059478 0.1050983
0.1286962 0.07194792 0.01210317 9849017 0.02089858 0.07133543 0.1052994
0.1286962 0.07194792 0.01210317 9969012 0.02089858 0.07133543 0.1052994
0.1278956 0.07302629 0.0120705 10069082 0.02023935 0.07208251 0.1054273
0.1271189 0.07409929 0.01203253 10189203 0.01958802 0.07282948 0.1055298
0.1271189 0.07409929 0.01203253 10329317 0.01958802 0.07282948 0.1055298
0.1264335 0.07519173 0.01211664 10409576 0.01897873 0.07356655 0.1056959
0.1254483 0.07656037 0.01206663 10519493 0.01817332 0.07438003 0.1058408
0.1254483 0.07656037 0.01206663 10629608 0.01817332 0.07438003 0.1058408
0.1246595 0.07703637 0.01208192 10749859 0.01754156 0.07488071 0.1060359
0.1238236 0.0781815 0.01214048 10859824 0.01683894 0.0756954 0.1062381
0.1238236 0.0781815 0.01214048 10969903 0.01683894 0.0756954 0.1062381
0.1230313 0.07954585 0.01224812 11100013 0.01617372 0.07657945 0.106476
0.1222643 0.08061194 0.01225164 11200103 0.01552633 0.07736838 0.1066059
0.1222643 0.08061194 0.01225164 11300197 0.01552633 0.07736838 0.1066059
0.1213132 0.08176743 0.01218476 11420306 0.01472899 0.07816947 0.1067
0.1205096 0.0829438 0.01226159 11530405 0.01403846 0.0789653 0.1068889
0.1205096 0.0829438 0.01226159 11640504 0.01403846 0.0789653 0.1068889
0.119522 0.08413696 0.0122362 11750604 0.0132187 0.07978355 0.1070355
0.1187028 0.08530401 0.01238375 11860703 0.01248574 0.08060037 0.1072629
0.1187028 0.08530401 0.01238375 11980812 0.01248574 0.08060037 0.1072629
0.1178553 0.0863167 0.01242047 12090915 0.01180342 0.08133054 0.1074699
0.1168418 0.08748996 0.01238891 12221024 0.01101854 0.08210695 0.1076712
0.1159167 0.08856987 0.01234987 12321119 0.01026535 0.08282625 0.1078017
0.1159167 0.08856987 0.01234987 12421456 0.01026535 0.08282625 0.1078017
0.1149164 0.08924031 0.01230597 12531308 0.009317249 0.08339727 0.1078096
0.1149164 0.08924031 0.01230597 12651421 0.009317249 0.08339727 0.1078096
0.1139306 0.09044265 0.01223367 12761520 0.008463621 0.08407556 0.1078498
0.1129037 0.09135281 0.01210391 12871628 0.007555694 0.08470391 0.1078318
0.1129037 0.09135281 0.01210391 12981715 0.007555694 0.08470391 0.1078318
0.1119947 0.09227061 0.01204896 13101839 0.006758213 0.08538854 0.107883
0.111067 0.0933932 0.01208886 13201913 0.005946726 0.08616554 0.108025
0.111067 0.0933932 0.01208886 13322030 0.005946726 0.08616554 0.108025
0.1102386 0.0945779 0.01222959 13452139 0.005227387 0.08688509 0.1082489
0.1092673 0.09574329 0.01227608 13542221 0.004422605 0.08760081 0.1084402
0.1092673 0.09574329 0.01227608 13652328 0.004422605 0.08760081 0.1084402
0.1084445 0.09692215 0.01236784 13762590 0.003703967 0.08841955 0.1086143
0.10758 0.09802114 0.0124925 13882528 0.002984911 0.08921014 0.1088693
0.1067345 0.09931111 0.01265594 13992635 0.002313912 0.09005807 0.1091805
0.1067345 0.09931111 0.01265594 14102726 0.002313912 0.09005807 0.1091805
0.1060508 0.1004665 0.0130268 14232844 0.001654088 0.09089863 0.1095464
0.1051086 0.1018385 0.0131382 14322933 0.0008991957 0.09182417 0.1098148
0.1051086 0.1018385 0.0131382 14433029 0.0008991957 0.09182417 0.1098148
0.1043388 0.1030952 0.0132406 14543124 0.0002582967 0.09269475 0.1100153
0.1035893 0.1042375 0.01346516 14663232 -0.0004326105 0.09355795 0.1102724
0.1035893 0.1042375 0.01346516 14773332 -0.0004326105 0.09355795 0.1102724
0.1025749 0.105515 0.01339966 14883625 -0.001214504 0.0944941 0.1104179
0.1017271 0.1068376 0.01356437 14993538 -0.001983821 0.09539878 0.1106182
0.1017271 0.1068376 0.01356437 15113643 -0.001983821 0.09539878 0.1106182
0.1006538 0.1081097 0.01350522 15223892 -0.002840042 0.09627854 0.1107436
0.09972999 0.1093762 0.0134755 15333837 -0.003607005 0.0971614 0.1108332
0.09972999 0.1093762 0.0134755 15463951 -0.003607005 0.0971614 0.1108332
0.09876223 0.1106131 0.01350942 15554032 -0.004475683 0.09801757 0.1109237
0.09780356 0.1118795 0.01348766 15674140 -0.005311102 0.09890877 0.1109832
0.09780356 0.1118795 0.01348766 15784252 -0.005311102 0.09890877 0.1109832
0.09664609 0.1130818 0.01323339 15904348 -0.006162524 0.09973823 0.1110015
0.09567705 0.1144712 0.01318615 16004621 -0.006947786 0.1005919 0.1110726
0.09567705 0.1144712 0.01318615 16114550 -0.006947786 0.1005919 0.1110726
0.09525444 0.1149652 0.01322126 16224641 -0.007420868 0.101118 0.1110593
0.0943755 0.1160431 0.01317226 16344746 -0.008165628 0.1019053 0.1111095
0.0943755 0.1160431 0.01317226 16454849 -0.008165628 0.1019053 0.1111095
0.09325957 0.1171619 0.01285451 16564956 -0.009009838 0.1026717 0.111024
0.09253821 0.1181699 0.01280745 16705079 -0.009571195 0.1034213 0.111105
0.09253821 0.1181699 0.01280745 16805161 -0.009571195 0.1034213 0.111105
0.09148109 0.1190978 0.01256823 16915260 -0.01038143 0.1041515 0.1110917
0.0904386 0.120192 0.01239466 17045378 -0.01120788 0.1048392 0.1110787
0.08928418 0.1211328 0.01210451 17155477 -0.0120911 0.1054748 0.1110193
0.08928418 0.1211328 0.01210451 17405703 -0.0120911 0.1054748 0.1110193
0.08705741 0.1230448 0.01175066 17605888 -0.01386389 0.1067263 0.1110222
0.08605462 0.1238555 0.01162591 17836096 -0.01476711 0.1073011 0.1109596
0.08487508 0.1248345 0.01150125 18066303 -0.0157609 0.1078843 0.1109565
0.08271751 0.1262525 0.01124477 18276493 -0.01753217 0.108825 0.1110071
0.08159402 0.1269801 0.01111829 18526731 -0.01845258 0.109316 0.1110428
0.08051865 0.1276674 0.01106044 18726903 -0.01938921 0.1097561 0.1110797
0.07828259 0.1289209 0.01079914 18947098 -0.0212155 0.1104697 0.1111283
0.07719053 0.1295511 0.0107454 19167301 -0.02216375 0.1108407 0.111169
0.0760424 0.1299999 0.01057913 19397699 -0.02309477 0.1111915 0.1111988
0.07389234 0.1313684 0.01056784 19637887 -0.02491495 0.1119863 0.1114029
0.07267669 0.1319743 0.01046064 19838060 -0.0259161 0.1123726 0.1114631
0.07157098 0.1325968 0.01035344 20088128 -0.02684283 0.1127553 0.1114835
0.06913218 0.1338766 0.0100933 20288308 -0.02890989 0.1135721 0.1114922
0.06787822 0.1344042 0.009964014 20538534 -0.02998233 0.1139196 0.111502
0.0665008 0.1348282 0.009768362 20738869 -0.03110331 0.1142392 0.1115317
0.06384794 0.1359961 0.009579148 20969117 -0.03326261 0.1147301 0.1116749
0.06247675 0.1364463 0.009399022 21189506 -0.03433478 0.1148555 0.1117104
0.06111951 0.1369814 0.009235526 21419329 -0.03541571 0.1150654 0.1117387
0.05846207 0.1378301 0.008856322 21629705 -0.0376941 0.1156834 0.1116657
0.05708247 0.1381493 0.008649374 21859743 -0.03879464 0.1159213 0.1117015
0.05576751 0.1386614 0.008604641 22099943 -0.03988117 0.1161426 0.1118058
0.05299287 0.1397901 0.008513595 22300132 -0.04212362 0.1166207 0.1120621
0.05145939 0.1403242 0.008387829 22540341 -0.04333138 0.116887 0.1121744
0.05008857 0.1409888 0.008509572 22750871 -0.04450426 0.1171832 0.1123929
0.04703249 0.1422862 0.008593227 22971118 -0.04716111 0.1179075 0.1127062
0.04556492 0.1429478 0.008820201 23200937 -0.04848165 0.1181698 0.1129718
0.04399295 0.1436249 0.008850004 23421322 -0.04984475 0.1184908 0.1131046
0.04090336 0.1448135 0.008663113 23671357 -0.05246288 0.1192077 0.1132257
0.03930929 0.1452638 0.008538748 23861533 -0.05386359 0.1195381 0.1132444
0.03791222 0.1458106 0.008601214 24091741 -0.05519861 0.1198062 0.1132931
0.03477176 0.1466043 0.008362765 24311940 -0.05784595 0.1201364 0.1133755
0.03316845 0.1468565 0.00830331 24542147 -0.0592013 0.1202375 0.113496
0.03031597 0.1472998 0.008194293 24782364 -0.06170648 0.1204594 0.1136349
0.028818 0.1472422 0.008077945 24992554 -0.06300443 0.1204628 0.1137083
0.02729991 0.1474749 0.008085961 25212761 -0.06431651 0.1204423 0.1138306
0.02409223 0.1478861 0.008070524 25432951 -0.06702691 0.1203376 0.1141112
0.022459 0.1480609 0.008137728 25653158 -0.0685001 0.1203583 0.1142757
0.02076291 0.1483568 0.00820076 25883354 -0.07000786 0.1204566 0.1144481
0.01734935 0.1488402 0.008386011 26103739 -0.07298175 0.1206013 0.1149183
0.0156545 0.1491039 0.008463229 26343931 -0.07446074 0.1207392 0.1151447
0.01394159 0.1492786 0.008482481 26553959 -0.07591563 0.1208423 0.1153624
0.01066326 0.1496177 0.00844958 26774161 -0.07875872 0.1209937 0.115644
0.009183064 0.1496137 0.008419211 27004523 -0.08000743 0.1209899 0.1158063
0.007576674 0.1496513 0.008202787 27234581 -0.0812808 0.1210089 0.1158607
0.004506275 0.1495024 0.007782275 27444767 -0.08386344 0.1207941 0.1158234
0.002946705 0.1494467 0.007533903 27674974 -0.08520472 0.1206773 0.115737
0.001311317 0.1492456 0.00727957 27925204 -0.08660287 0.1204404 0.1156659
-0.002061933 0.1490656 0.00680032 28125381 -0.08948565 0.1199695 0.1155052
-0.003661245 0.1488789 0.006529654 28365598 -0.09090295 0.1197494 0.1153718
-0.005261302 0.1486048 0.006218608 28565782 -0.09227023 0.1194895 0.1152507
-0.008358181 0.1480726 0.00563183 28785977 -0.09485615 0.1188856 0.1150507
-0.009907454 0.147949 0.005393381 29016339 -0.09617174 0.1186412 0.1149643
-0.01151663 0.1478013 0.005132134 29236379 -0.0975318 0.118431 0.114882
-0.01455289 0.1475431 0.004833843 29476596 -0.1001474 0.1181394 0.1149032
-0.01609635 0.1474354 0.004695172 29686806 -0.1014941 0.1179897 0.114906
-0.01774573 0.1474054 0.004578586 29906989 -0.1029534 0.1178561 0.1149088
-0.0211257 0.1473782 0.004297609 30127362 -0.1058564 0.1174508 0.1148929
-0.02277386 0.1473889 0.004229183 30357399 -0.1073058 0.1173061 0.1149343
-0.02437997 0.1473098 0.004193897 30577796 -0.1087328 0.1171626 0.1150181
-0.02759314 0.1471479 0.004046674 30797809 -0.111564 0.1167723 0.1150983
-0.02923736 0.1470076 0.003862406 31048014 -0.1129585 0.1165628 0.1150836
-0.03248078 0.146706 0.003643985 31248199 -0.1157848 0.1161627 0.115151
-0.03402713 0.1465232 0.003605152 31478411 -0.1171898 0.1159207 0.1152013
-0.03556156 0.1461643 0.003600682 31698626 -0.118572 0.1156067 0.1153224
-0.03732982 0.1459011 0.003459061 31928829 -0.1199954 0.1153114 0.1154275
-0.04058957 0.1453971 0.003706629 32139011 -0.1229436 0.1146051 0.1158491
-0.04226032 0.1451544 0.00387835 32369219 -0.1244476 0.1141996 0.1160983
-0.04396921 0.1449059 0.00400057 32609622 -0.1259688 0.1138273 0.1163236
-0.04756165 0.1439772 0.003886009 32809758 -0.1290125 0.1129678 0.1166266
-0.04908061 0.1434698 0.004018958 33039824 -0.1304296 0.1125776 0.1168651
-0.05084157 0.1430119 0.003868814 33260031 -0.1318606 0.112182 0.1169692
-0.05409655 0.1415602 0.003502573 33520245 -0.1346168 0.1111222 0.1170644
-0.05558437 0.1408126 0.003347452 33710421 -0.1358386 0.1105174 0.1171355
-0.05865055 0.1392702 0.003072048 33930624 -0.1383902 0.1092178 0.1172854
-0.06011078 0.1383634 0.00296172 34160836 -0.1396232 0.1085137 0.1173865
-0.06140718 0.1374148 0.002901639 34391043 -0.1407852 0.107764 0.1174713
-0.06435069 0.1354548 0.002694423 34601245 -0.1432748 0.1060029 0.1176285
-0.06557527 0.1343511 0.00278088 34831441 -0.1444372 0.1050631 0.1177994
-0.06689763 0.133303 0.002700801 35071828 -0.1456302 0.1042532 0.1178682
-0.06938335 0.1308994 0.00219899 35271830 -0.1479552 0.1026426 0.117673
-0.07063091 0.1297548 0.00192898 35522052 -0.1489831 0.1018282 0.1176324
-0.07201421 0.1286285 0.001603986 35732395 -0.1500113 0.1009877 0.1176156
-0.07459033 0.1265651 0.001367624 35962640 -0.1522464 0.099195 0.1176719
-0.07596928 0.1255437 0.00112244 36172643 -0.153407 0.09838497 0.1176216
-0.07712105 0.1244256 0.001165534 36402940 -0.1545595 0.09755313 0.1177306
-0.07945731 0.1220894 0.001161541 36633058 -0.1567653 0.09586107 0.1179597
-0.08069977 0.1213435 0.001135017 36843252 -0.157662 0.09504878 0.1181464
-0.08196324 0.1204183 0.001120503 37073626 -0.1586823 0.09410524 0.1182873
-0.08416536 0.1186646 0.00131544 37283654 -0.160544 0.09232675 0.1186989
-0.08529398 0.1176583 0.001326914 37513853 -0.1614588 0.09150135 0.1188897
-0.08634987 0.1169432 0.00137871 37744069 -0.1623672 0.0908023 0.1190404
-0.08851284 0.1156269 0.001480008 37954259 -0.1642506 0.08951115 0.1193274
-0.08975115 0.1148994 0.001525129 38204481 -0.1652442 0.08885347 0.1195449
-0.09203357 0.1142328 0.002034481 38414662 -0.1671881 0.08789884 0.1202063
-0.09324229 0.1138853 0.002231444 38654883 -0.1682018 0.08746766 0.1205084
-0.0947004 0.1136838 0.002309228 38865263 -0.1692913 0.08709823 0.1207814
-0.09601229 0.113584 0.002550657 39075262 -0.1703416 0.08677994 0.121138
-0.09829038 0.1128266 0.003303583 39325484 -0.1725042 0.08593321 0.121943
-0.09988579 0.1127413 0.003347392 39535694 -0.1736451 0.08567487 0.1222306
-0.1022726 0.1120062 0.003878529 39766068 -0.1756064 0.08500624 0.1230398
-0.1036518 0.1116739 0.004016544 39986101 -0.1766162 0.08466374 0.123402
-0.1046978 0.1111308 0.004300709 40216288 -0.177563 0.08420526 0.123766
-0.1070322 0.109996 0.004477556 40436487 -0.1793965 0.08326589 0.1242907
-0.1078946 0.1089611 0.004776592 40756776 -0.1802353 0.08251154 0.1246661
-0.1100913 0.1073867 0.004944707 40976979 -0.1818509 0.08124065 0.1252494
-0.1109723 0.106369 0.005022909 41207182 -0.1825815 0.08049691 0.1254763
-0.1117937 0.1052581 0.00504538 41427381 -0.1833028 0.07972168 0.1256298
-0.1139678 0.1034599 0.00486585 41667598 -0.1848739 0.07824039 0.1258723
-0.1148215 0.1023058 0.004896159 41867786 -0.1856037 0.0774256 0.1260453
-0.1167374 0.1002897 0.004816796 42118008 -0.1871579 0.07575571 0.126247
-0.1177114 0.09938919 0.004814978 42308180 -0.1879651 0.07494485 0.1263599
-0.118484 0.09824704 0.004877831 42548397 -0.1886899 0.07407653 0.126505
-0.1203993 0.09624087 0.004676218 42878699 -0.1901513 0.07253992 0.1266564
-0.1220471 0.09412944 0.004491474 43099039 -0.1915207 0.07088052 0.1267174
-0.1229946 0.09314083 0.004475023 43329101 -0.1923323 0.07001983 0.1268023
-0.1238761 0.09219038 0.004457946 43569318 -0.1930633 0.06921708 0.1268982
-0.1255085 0.08996212 0.004338498 43769503 -0.1944245 0.06754493 0.1270346
-0.1263824 0.08897542 0.00425976 43999706 -0.1951163 0.06672751 0.1270887
-0.1271574 0.08794402 0.004266853 44230088 -0.1958014 0.06589615 0.1271821
-0.1286778 0.0856583 0.004140492 44440104 -0.1970371 0.06419479 0.1273175
-0.129444 0.08438826 0.004070695 44660307 -0.1976295 0.06319892 0.1273914
-0.1300516 0.08315717 0.004035945 44890510 -0.1981254 0.06224143 0.127465
-0.1315004 0.08050894 0.003879006 45130921 -0.1992859 0.06020843 0.1275692
-0.1321159 0.07919704 0.003812666 45340921 -0.1998327 0.05917846 0.1275864
-0.1326873 0.07782972 0.003713156 45601147 -0.2003476 0.05814682 0.1275717
-0.1340878 0.07499336 0.003290827 45791319 -0.2014416 0.05610442 0.1274396
-0.1347007 0.073529 0.003179397 46031540 -0.2019879 0.05499041 0.1274171
-0.1354947 0.07209241 0.002950008 46231725 -0.2025403 0.05396759 0.1273792
-0.1369099 0.06954407 0.002562071 46451915 -0.2036902 0.05198395 0.1272147
-0.1375975 0.06805848 0.002395595 46682322 -0.2042224 0.05093371 0.1271919
-0.1382448 0.06659292 0.002312596 46922340 -0.2047723 0.04987466 0.127216
-0.1395883 0.06417917 0.002191301 47242633 -0.2058203 0.0479772 0.1273195
-0.1406848 0.06167852 0.002100552 47462832 -0.2067052 0.04603814 0.1274119
-0.1410982 0.06045686 0.002068306 47693043 -0.2070133 0.04510891 0.1274713
-0.1415094 0.05905186 0.001956518 48033448 -0.2072976 0.04415249 0.1274801
-0.1420819 0.05652284 0.001737709 48243540 -0.2077861 0.04232215 0.1273862
-0.1427259 0.05415987 0.001539405 48463743 -0.2082451 0.0404421 0.1273381
-0.1430217 0.05287003 0.001518692 48713957 -0.2085303 0.03945016 0.127355
-0.1437328 0.05044996 0.001345749 48924337 -0.209079 0.03751694 0.1273175
-0.1439319 0.04919004 0.001285548 49154358 -0.2092885 0.03660475 0.127287
-0.1442454 0.04803144 0.001208539 49364552 -0.2094736 0.03568982 0.1273006
-0.1445571 0.04682659 0.001155789 49594755 -0.209677 0.03472077 0.1273267
-0.1449724 0.04438304 0.001088614 49814958 -0.2099359 0.03282987 0.1273919
-0.1451574 0.04311609 0.00100931 50035153 -0.2100486 0.03192281 0.1273822
-0.1454466 0.04199099 0.0009435666 50255352 -0.2102577 0.03107702 0.1273819
-0.1460855 0.03953563 0.0009235096 50495572 -0.2106864 0.02916037 0.1275147
-0.1463802 0.03845667 0.0009365929 50705762 -0.2108847 0.02822816 0.1275889
-0.1467395 0.03734552 0.0009120954 50935966 -0.2111705 0.02728307 0.1276151
-0.1474508 0.03498327 0.0008689415 51166328 -0.2116706 0.02540123 0.1277164
-0.1478747 0.03382849 0.0008478415 51376363 -0.2119797 0.02445685 0.127769
-0.1486684 0.03146171 0.0009237778 51606757 -0.2125969 0.02260946 0.1279712
-0.1490262 0.03038382 0.001056845 51826932 -0.2128746 0.0217384 0.1281588
-0.1493111 0.02932095 0.001213069 52046981 -0.2130861 0.02091753 0.128368
-0.1499545 0.02720665 0.001441534 52267321 -0.2135061 0.01930439 0.1287404
-0.1502118 0.02591001 0.001484032 52507380 -0.2136836 0.01844274 0.128849
-0.1503941 0.02479648 0.001599337 52727587 -0.2138261 0.01760947 0.1290002
-0.1508898 0.02233755 0.001819099 52937768 -0.2141566 0.01588368 0.1293413
-0.151142 0.02110337 0.001882668 53167980 -0.2143261 0.01502549 0.1294643
-0.1515019 0.01992713 0.001935716 53408193 -0.2145541 0.0141524 0.1295967
-0.1519213 0.01728438 0.002170141 53628582 -0.2149581 0.0121504 0.1298661
-0.1522791 0.01596665 0.002193118 53948681 -0.2151148 0.01117097 0.1300013
-0.152265 0.0131452 0.002370979 54178888 -0.2151039 0.009228579 0.1302076
-0.1523278 0.01177513 0.002402778 54409100 -0.2150324 0.008280865 0.1303175
-0.1523515 0.008764735 0.002634074 54619294 -0.2148505 0.00625836 0.1306725
-0.152324 0.007255784 0.002750094 54849497 -0.2147277 0.005257598 0.130844
-0.1523029 0.005718461 0.00280186 55079705 -0.2146578 0.004219643 0.1309263
-0.1520276 0.002774826 0.003122384 55290085 -0.2144358 0.002120725 0.131228
-0.1518348 0.001053683 0.003231044 55510288 -0.2142355 0.001047126 0.131342
-0.1515671 -0.0005101049 0.00337329 55760319 -0.2139882 8.52263E-05 0.1314729
-0.1509273 -0.003465065 0.003681327 56070595 -0.2134718 -0.001953014 0.1317132
-0.1502959 -0.006258019 0.004112179 56420912 -0.2129524 -0.004002222 0.1320783
-0.1495508 -0.009080418 0.00459605 56771228 -0.2123152 -0.006031283 0.1324929
-0.1487683 -0.01206232 0.00503781 56961411 -0.2114539 -0.008198985 0.1329513
-0.148215 -0.01353837 0.005277212 57211625 -0.2109507 -0.009305486 0.1331543
-0.1475163 -0.01522625 0.005455519 57561957 -0.2103759 -0.01046074 0.133253
-0.1454535 -0.02036155 0.005559738 57752125 -0.2086535 -0.01379491 0.1331093
-0.1449049 -0.0219251 0.005512471 57992524 -0.2081232 -0.01495112 0.1330313
-0.1442135 -0.02349687 0.005534465 58332811 -0.2075483 -0.01612032 0.1329729
-0.1430403 -0.02661837 0.00557744 58532825 -0.2066261 -0.01845063 0.1328425
-0.1426591 -0.02803994 0.005497034 58773038 -0.2062703 -0.01955319 0.1327285
-0.1416511 -0.0309248 0.005470748 58973227 -0.2053571 -0.0217923 0.1326101
-0.1411399 -0.03240348 0.005434955 59223445 -0.2049185 -0.02286924 0.1325083
-0.1401954 -0.03520037 0.005396689 59423621 -0.2040288 -0.0250255 0.1323929
-0.1396342 -0.03680111 0.005423541 59663842 -0.2034589 -0.02612508 0.1323829
-0.1392259 -0.03812147 0.005395199 60004149 -0.2030447 -0.02715755 0.132333
-0.1385865 -0.04078783 0.005372788 60344452 -0.2024455 -0.02926887 0.1322412
-0.1377629 -0.043746 0.005541588 60544633 -0.201707 -0.03146352 0.1322955
-0.1375329 -0.04505635 0.005543198 60764836 -0.2013561 -0.03251959 0.1323331
-0.1366866 -0.04797233 0.005571659 61125161 -0.2004499 -0.03460444 0.1323068
-0.1359869 -0.0508777 0.005449618 61465468 -0.1996421 -0.03673292 0.1321548
-0.1351451 -0.05409206 0.005317564 61805771 -0.1988591 -0.03902281 0.1318865
-0.1343536 -0.05692292 0.004973377 62106232 -0.1980114 -0.0411774 0.1314882
-0.1333047 -0.06020809 0.004653092 62336250 -0.1970128 -0.04355801 0.1310268
-0.1327203 -0.06186403 0.004468645 62666722 -0.1964704 -0.04473997 0.1307578
-0.1316253 -0.06495107 0.003972734 63026873 -0.1954856 -0.04714001 0.130111
-0.1306208 -0.06816103 0.003482218 63377193 -0.1944325 -0.04961742 0.1295396
-0.129159 -0.07130743 0.003076728 63677464 -0.1932427 -0.05203057 0.1288859
-0.127455 -0.07437266 0.002710815 64017767 -0.1918353 -0.05444778 0.1282673
-0.1257187 -0.07780362 0.002329822 64358078 -0.1902885 -0.05704749 0.1276541
-0.1239842 -0.08111502 0.001890863 64688384 -0.1887284 -0.05969526 0.1270134
-0.1220668 -0.08444787 0.001555677 64918580 -0.1870583 -0.06223608 0.1264116
-0.1197721 -0.08711684 0.001379694 65128968 -0.1853367 -0.06461323 0.1258832
-0.1187355 -0.08872928 0.00131696 65389005 -0.1844106 -0.06580091 0.1256846
-0.1163847 -0.09132732 0.001303519 65709294 -0.1826335 -0.06798436 0.1252892
-0.1152175 -0.09281589 0.001317496 65909474 -0.1816848 -0.06903268 0.1251025
-0.1128823 -0.09538545 0.00118422 66259794 -0.1797053 -0.07113231 0.1246861
-0.1103743 -0.0984974 0.001229162 66610111 -0.1775838 -0.07346214 0.1243648
-0.1075729 -0.1017196 0.001547213 66960427 -0.1753235 -0.07595839 0.1242357
-0.1042233 -0.1051359 0.002183403 67250693 -0.1726817 -0.07876863 0.1243492
-0.100895 -0.1085329 0.002858187 67591000 -0.1699596 -0.0817293 0.1245869
-0.0978263 -0.1120837 0.003182079 67941312 -0.167464 -0.08481075 0.1244794
-0.09478784 -0.1154908 0.003403391 68261751 -0.1651269 -0.08776892 0.1241931
-0.09139746 -0.1183378 0.003992583 68591899 -0.1626781 -0.09035552 0.1241688
-0.08801118 -0.1207742 0.004622574 68962245 -0.1600339 -0.09254338 0.1242972
-0.08428952 -0.1228278 0.005348231 69282518 -0.1570452 -0.09433425 0.1245161
-0.08058524 -0.1247403 0.006079252 69592977 -0.1539004 -0.09596266 0.1248353
-0.07692483 -0.1267591 0.006749238 69933109 -0.1509007 -0.09767593 0.1250201
-0.07354742 -0.1286745 0.007295633 70263407 -0.148025 -0.09935284 0.1251922
-0.07038045 -0.130658 0.007625247 70613724 -0.1453087 -0.1011114 0.1251795
-0.06714416 -0.1327908 0.007784183 70944018 -0.1425548 -0.1029176 0.1249468
-0.06385329 -0.1351705 0.008137162 71274320 -0.1399056 -0.1047907 0.1247534
-0.06045011 -0.1369786 0.008804406 71624786 -0.1374555 -0.1064974 0.1247669
-0.05698386 -0.1384646 0.009531016 71964943 -0.1346173 -0.1078826 0.1250474
-0.05357883 -0.1399108 0.01020124 72285248 -0.1316439 -0.1090578 0.1253541
-0.05026469 -0.1409221 0.01089897 72625555 -0.1289858 -0.110006 0.1255874
-0.04663679 -0.1416326 0.01168367 72955845 -0.1260493 -0.1107637 0.1259072
-0.04287261 -0.1424096 0.01259237 73286135 -0.1228136 -0.111428 0.1264161
-0.03877991 -0.1432414 0.01345399 73646456 -0.1194065 -0.1121081 0.1267515
-0.03458127 -0.1438967 0.01409339 73996772 -0.1158079 -0.1127131 0.1269476
-0.03002906 -0.1447193 0.01494935 74317066 -0.1120661 -0.1133233 0.1271567
-0.02570269 -0.1452381 0.01556271 74657506 -0.1083921 -0.1138487 0.127292
-0.02148828 -0.1456663 0.01608198 74967657 -0.1047574 -0.1142656 0.1273767
-0.01702601 -0.1459822 0.01675257 75297951 -0.1010986 -0.1146788 0.1274691
-0.01269242 -0.1461581 0.01714047 75648461 -0.09736178 -0.1149966 0.1274415
-0.008166343 -0.146303 0.01734736 75968738 -0.09344113 -0.1150481 0.1271545
-0.003915191 -0.1464837 0.01725894 76318868 -0.08971357 -0.1151666 0.1266396
0.0001070201 -0.146471 0.01687151 76659175 -0.08609015 -0.1151546 0.1259384
0.004227787 -0.1460807 0.01653876 76979468 -0.08243525 -0.1148745 0.1252675
0.008508325 -0.1455656 0.01644942 77309766 -0.07876819 -0.1144697 0.124718
0.01278521 -0.1448894 0.01641175 77650154 -0.07505953 -0.1139838 0.1242746
0.01724228 -0.1441122 0.01640391 77980371 -0.07114202 -0.1133497 0.1238661
0.02185242 -0.1433668 0.01636591 78360711 -0.06707668 -0.1125826 0.1233715
0.02618906 -0.1422335 0.01628959 78670995 -0.06315544 -0.1117344 0.1230305
0.03046151 -0.1409003 0.01625809 78991284 -0.05947411 -0.1107749 0.122608
0.0346542 -0.139313 0.01619526 79321586 -0.05581525 -0.1097189 0.1222411
0.03874777 -0.1379858 0.0161308 79661897 -0.05221224 -0.1087461 0.1218548
0.04301737 -0.1367185 0.01612627 79992191 -0.04854614 -0.107736 0.1213992
0.04722548 -0.1352624 0.01593598 80372526 -0.04486305 -0.1065821 0.120833
0.05297333 -0.1332191 0.01536294 80682810 -0.03977841 -0.1049911 0.1197973
0.0548667 -0.1323149 0.01515495 81023121 -0.03813958 -0.1043346 0.1194296
0.05884068 -0.1309149 0.01484948 81353415 -0.03463814 -0.1030394 0.1187289
0.06297043 -0.1293022 0.01468741 81673879 -0.03099012 -0.1016034 0.1181787
0.06709693 -0.127921 0.01447501 82014012 -0.02730656 -0.1002964 0.1175823
0.0711742 -0.126186 0.01422384 82354319 -0.02360347 -0.09889079 0.1170753
0.07530893 -0.1243172 0.01426056 82954881 -0.02028173 -0.09745312 0.1164711
0.08317472 -0.1207616 0.01388588 83245281 -0.01328597 -0.09440161 0.115408
0.08673687 -0.1190165 0.01336011 83585426 -0.009939432 -0.09283531 0.1147233
0.09066655 -0.1171351 0.01328969 83915728 -0.006471753 -0.09119321 0.114272
0.09426235 -0.1151487 0.01305305 84256035 -0.003315806 -0.08962358 0.113717
0.09763752 -0.1130397 0.01283669 84586333 -0.0003804564 -0.08800603 0.1131963
0.1010195 -0.1107309 0.01262345 84916631 0.00261499 -0.08632316 0.1127587
0.104367 -0.1088643 0.01251611 85246929 0.005524412 -0.08460809 0.1122559
0.1075157 -0.1066831 0.01234656 85587236 0.008325696 -0.08291639 0.1118591
0.1103979 -0.1043874 0.01214709 85937552 0.01094319 -0.08121181 0.1115347
0.1130463 -0.1019688 0.01195487 86267846 0.01329702 -0.07942069 0.1111915
0.1152962 -0.09931399 0.0117613 86608157 0.01522619 -0.07745875 0.1108299
0.1174256 -0.0962813 0.01143157 86958478 0.01701969 -0.07514489 0.1103161
0.1193066 -0.09278346 0.01099669 87268754 0.01875643 -0.07249332 0.1099119
0.1212984 -0.08911145 0.01081037 87619264 0.02054723 -0.06955159 0.1096682
0.1233666 -0.08534563 0.01102349 87929350 0.02228117 -0.06655014 0.1096882
0.1253157 -0.08146668 0.01114204 88330080 0.02393752 -0.06366587 0.1096908
0.1269376 -0.07775379 0.01092624 88660013 0.02533039 -0.06081999 0.1093919
0.1285432 -0.07442833 0.01062142 88990307 0.02677082 -0.05822672 0.1090397
0.1302821 -0.0709765 0.01039755 89280589 0.02824921 -0.05561889 0.1086812
0.1318833 -0.06767251 0.01015657 89611013 0.02970178 -0.05298162 0.1083878
0.1334659 -0.06441475 0.009899343 89941165 0.03120378 -0.05036844 0.108141
0.1350532 -0.06127096 0.009540315 90301742 0.03261869 -0.04777563 0.1076795
0.1363163 -0.05792225 0.009104605 90631784 0.03381276 -0.04511417 0.1072638
0.1375323 -0.05466498 0.008788253 90982109 0.03499815 -0.04246832 0.1069933
0.1387173 -0.05129923 0.008406992 91302394 0.03608094 -0.03980172 0.1065897
0.1399478 -0.04811979 0.008060182 91632700 0.03721392 -0.03718568 0.1062052
0.1409555 -0.04466559 0.007732744 91962986 0.03810945 -0.03452647 0.1058456
0.1418102 -0.04124213 0.007426287 92303471 0.03894185 -0.03190327 0.1055953
0.1423933 -0.03774692 0.006886687 92643600 0.03969607 -0.02924574 0.1053106
0.1428757 -0.03435851 0.006378587 92983907 0.04017 -0.02655412 0.1048513
0.1432395 -0.03096832 0.005963768 93294349 0.04050073 -0.02390505 0.104458
0.1432261 -0.02746046 0.005418415 93634498 0.04062638 -0.02120555 0.1041121
0.1433576 -0.02409185 0.005371089 93974809 0.04077685 -0.01861537 0.1041307
0.1435035 -0.02081324 0.005363191 94305103 0.04089147 -0.01619185 0.104134
0.1438648 -0.01793934 0.005352492 94685443 0.04121096 -0.01387061 0.1041042
0.1441359 -0.0152191 0.005586411 95205916 0.04139841 -0.01171482 0.1042727
0.1442886 -0.01089121 0.006277646 95776427 0.04133327 -0.008612999 0.1047727
0.1442636 -0.005475172 0.007514948 96086719 0.04111725 -0.00479103 0.1058339
0.1443547 -0.003192195 0.007959927 96437027 0.04117107 -0.003014692 0.1062419
0.1442941 -0.001455673 0.008074368 96787542 0.04124641 -0.001515874 0.1064991
0.1442345 0.0005669511 0.008382763 97127646 0.0411219 -9.978652E-05 0.1067372
0.1439165 0.00223457 0.008661087 97448081 0.04083946 0.001137725 0.107049
0.1435887 0.004198304 0.008965428 97798252 0.04060808 0.002421013 0.1074443
0.1433927 0.005999915 0.009414221 98138559 0.04028133 0.003868453 0.1077491
0.1431055 0.007457129 0.009510006 98459018 0.04010387 0.005266777 0.1079586
0.1429526 0.008608571 0.009653295 98769318 0.03993317 0.006432287 0.1080836
0.1428714 0.009098879 0.009558138 99109629 0.04005481 0.007392279 0.1082096
0.1426861 0.00920724 0.009676809 99479769 0.03965084 0.007843486 0.1081051
0.1426206 0.008636347 0.01006627 99810067 0.03927335 0.008062235 0.1081748
0.1424899 0.007681242 0.01093032 100130360 0.03869903 0.008010975 0.1085704
0.1421361 0.006831757 0.01282015 100450645 0.03706811 0.00723087 0.1090844
