0.1475744 0.00297354 0.008957184 0 0.02952317 0.003162676 0.08877025
0.1475744 0.00297354 0.008957184 110104 0.02952317 0.003162676 0.08877025
0.1471121 0.00352615 0.008910649 220199 0.02922779 0.003448321 0.08897015
0.1468211 0.003966748 0.008840729 330290 0.02904698 0.003756824 0.0890621
0.1468211 0.003966748 0.008840729 450403 0.02904698 0.003756824 0.0890621
0.1466623 0.004276067 0.008787245 570507 0.02899879 0.004095617 0.08917079
0.1465482 0.004656865 0.008606696 660588 0.02905461 0.004348903 0.08923803
0.1465482 0.004656865 0.008606696 780717 0.02905461 0.004348903 0.08923803
0.1464686 0.005200964 0.008324442 890792 0.02923021 0.004593892 0.0893247
0.1464212 0.005769114 0.008103266 1000895 0.02935928 0.004942049 0.08935644
0.1464212 0.005769114 0.008103266 1110995 0.02935928 0.004942049 0.08935644
0.1466338 0.00627443 0.008079227 1221110 0.02951065 0.005411729 0.0892438
0.1468336 0.007057162 0.008110783 1341202 0.02967015 0.005937065 0.08921392
0.1468336 0.007057162 0.008110783 1451314 0.02967015 0.005937065 0.08921392
0.1470042 0.007802043 0.007988537 1561401 0.02991612 0.006384712 0.08919577
0.1471406 0.008683219 0.007983553 1671513 0.03011553 0.006913024 0.08927464
0.1471406 0.008683219 0.007983553 1791605 0.03011553 0.006913024 0.08927464
0.1472643 0.009519197 0.008046838 1901708 0.03028239 0.007457291 0.0893932
0.1473015 0.01045429 0.008081002 2011824 0.03037962 0.008005605 0.08950298
0.147384 0.01139617 0.008331707 2121907 0.03046736 0.008568312 0.0897489
0.147384 0.01139617 0.008331707 2232006 0.03046736 0.008568312 0.0897489
0.147656 0.01239813 0.008612025 2342106 0.03070085 0.009196607 0.08996011
0.1477019 0.01332362 0.008693549 2482236 0.03086975 0.009723922 0.09020145
0.1477019 0.01332362 0.008693549 2572317 0.03086975 0.009723922 0.09020145
0.1476309 0.01440581 0.008552027 2682417 0.03105052 0.01031789 0.09039673
0.1476309 0.01440581 0.008552027 2792520 0.03105052 0.01031789 0.09039673
0.1475678 0.01558705 0.0083909 2912633 0.03126791 0.01092178 0.090603
0.1475718 0.01671507 0.008381056 3012711 0.03138888 0.01155088 0.09072862
0.1475777 0.01802901 0.008377189 3132819 0.03147537 0.01224651 0.09079718
0.1475777 0.01802901 0.008377189 3242927 0.03147537 0.01224651 0.09079718
0.1474278 0.01926911 0.00831667 3353018 0.03135219 0.01298119 0.09073738
0.1472948 0.02052698 0.008198445 3463117 0.03127524 0.01374126 0.0906586
0.1472948 0.02052698 0.008198445 3583408 0.03127524 0.01374126 0.0906586
0.1471584 0.02191048 0.008009928 3693325 0.03125481 0.01456287 0.0905849
0.1470021 0.02308405 0.007756012 3803424 0.03126562 0.01528863 0.09052406
0.1470021 0.02308405 0.007756012 3913524 0.03126562 0.01528863 0.09052406
0.1468659 0.02449028 0.007574277 4043637 0.03128257 0.0161334 0.09050137
0.1467506 0.02568299 0.007444498 4133718 0.03124851 0.01690454 0.09044118
0.1467506 0.02568299 0.007444498 4253831 0.03124851 0.01690454 0.09044118
0.1466324 0.02695738 0.007401783 4363930 0.03117394 0.01766887 0.09040383
0.1466323 0.02806384 0.007499957 4474046 0.0311465 0.01844087 0.09042571
0.1466323 0.02806384 0.007499957 4584141 0.0311465 0.01844087 0.09042571
0.146462 0.02933249 0.007476807 4694236 0.03109777 0.0192352 0.09051529
0.1463169 0.03073994 0.007515152 4824354 0.03106217 0.02000323 0.09062544
0.1463169 0.03073994 0.007515152 4924432 0.03106217 0.02000323 0.09062544
0.1460726 0.03202504 0.007524776 5034539 0.03090605 0.02075572 0.09068687
0.1457449 0.03351616 0.00745084 5144639 0.03073385 0.0215982 0.09073759
0.1457449 0.03351616 0.00745084 5264743 0.03073385 0.0215982 0.09073759
0.1452205 0.0350933 0.007236819 5374842 0.03039455 0.02246562 0.09067421
0.1447641 0.0366349 0.007134509 5484946 0.03011179 0.02331948 0.09070362
0.1447641 0.0366349 0.007134509 5615055 0.03011179 0.02331948 0.09070362
0.1442322 0.03828388 0.007058694 5705140 0.02972881 0.02424323 0.09071323
0.1436265 0.04005798 0.006977493 5815240 0.02932263 0.02517616 0.09075949
0.1436265 0.04005798 0.006977493 5925343 0.02932263 0.02517616 0.09075949
0.1429358 0.04169381 0.006811839 6045448 0.02888584 0.02610513 0.0908109
0.142177 0.04340738 0.00655466 6155547 0.02849785 0.02704674 0.09090884
0.142177 0.04340738 0.00655466 6265663 0.02849785 0.02704674 0.09090884
0.1412864 0.04520215 0.006131548 6395780 0.0279879 0.02808201 0.09084641
0.1403752 0.04712555 0.005861681 6485849 0.0273594 0.02919926 0.09078716
0.1403752 0.04712555 0.005861681 6605957 0.0273594 0.02919926 0.09078716
0.1395579 0.04890332 0.00573433 6716057 0.02658316 0.03045558 0.09060273
0.1386408 0.05076222 0.005494371 6826168 0.02587787 0.03171069 0.09051086
0.1386408 0.05076222 0.005494371 6936418 0.02587787 0.03171069 0.09051086
0.137725 0.05273369 0.005270171 7046355 0.02515878 0.03302587 0.09039772
0.1369694 0.05460143 0.005151156 7176468 0.02457336 0.03429838 0.09036364
0.1360506 0.05646107 0.00502001 7276753 0.02381952 0.03560719 0.09031685
0.1360506 0.05646107 0.00502001 7386832 0.02381952 0.03560719 0.09031685
0.1352469 0.058167 0.004916444 7496761 0.02319865 0.03681599 0.09033059
0.1352469 0.058167 0.004916444 7606861 0.02319865 0.03681599 0.09033059
0.1343823 0.05998225 0.004888158 7716960 0.02258107 0.03800832 0.09046784
0.1337384 0.06158191 0.00503945 7837064 0.02204908 0.03926568 0.09067675
0.1337384 0.06158191 0.00503945 7957185 0.02204908 0.03926568 0.09067675
0.13291 0.06336723 0.005094185 8057267 0.02142087 0.04046433 0.09083734
0.1326143 0.06482603 0.005512844 8167358 0.02106205 0.04155872 0.09107551
0.1326143 0.06482603 0.005512844 8277462 0.02106205 0.04155872 0.09107551
0.1320091 0.06632201 0.005693614 8387573 0.02061507 0.04258909 0.09133451
0.1313517 0.06783979 0.005844844 8497661 0.02010514 0.04367697 0.09155726
0.1313517 0.06783979 0.005844844 8617765 0.02010514 0.04367697 0.09155726
0.1308986 0.06915122 0.006005971 8747886 0.01975463 0.0446819 0.09176449
0.1302328 0.07066425 0.006012604 8837968 0.01930492 0.04569033 0.09190538
0.1302328 0.07066425 0.006012604 8948063 0.01930492 0.04569033 0.09190538
0.1295859 0.07208363 0.005957786 9058170 0.0189414 0.04660407 0.09206723
0.1291091 0.07325134 0.006064688 9198439 0.01860325 0.04743606 0.09225215
0.1286347 0.0744627 0.006244262 9288374 0.01818568 0.04826849 0.09239028
0.1286347 0.0744627 0.006244262 9398473 0.01818568 0.04826849 0.09239028
0.1282452 0.07554352 0.006412372 9538616 0.01782511 0.04907507 0.0925116
0.1276169 0.07679135 0.006425548 9618672 0.0173696 0.04989107 0.09261238
0.1276169 0.07679135 0.006425548 9728926 0.0173696 0.04989107 0.09261238
0.127118 0.07801652 0.006506522 9848880 0.01706585 0.05065587 0.09279771
0.1264137 0.07925122 0.006492869 9979010 0.0165801 0.05141226 0.09290953
0.1264137 0.07925122 0.006492869 10079084 0.0165801 0.05141226 0.09290953
0.1258592 0.08035044 0.006603495 10179182 0.01612106 0.05215855 0.0930269
0.125363 0.08143727 0.006758709 10309312 0.01570663 0.05287189 0.09316338
0.125363 0.08143727 0.006758709 10409386 0.01570663 0.05287189 0.09316338
0.1247278 0.08259209 0.006854892 10529494 0.0152339 0.05367177 0.09334736
0.1240353 0.08367962 0.006870695 10629589 0.01473491 0.05438239 0.09348099
0.1240353 0.08367962 0.006870695 10769707 0.01473491 0.05438239 0.09348099
0.123496 0.08466822 0.006950475 10859796 0.01432693 0.05511805 0.0936405
0.1228556 0.08580116 0.00701696 10959891 0.0138374 0.05587808 0.0937689
0.1228556 0.08580116 0.00701696 11069986 0.0138374 0.05587808 0.0937689
0.1221042 0.0870247 0.006948555 11190086 0.01327538 0.05658491 0.09375852
0.1214538 0.0881183 0.006981872 11300190 0.01273339 0.0573615 0.09381593
0.1214538 0.0881183 0.006981872 11410447 0.01273339 0.0573615 0.09381593
0.1205528 0.08930133 0.006778672 11520388 0.01208293 0.05816445 0.09379037
0.1196653 0.09037773 0.006550084 11630484 0.01145408 0.05887016 0.09375026
0.1196653 0.09037773 0.006550084 11750604 0.01145408 0.05887016 0.09375026
0.118773 0.09138713 0.006320185 11860894 0.01079507 0.05958687 0.09370302
0.1178389 0.09243165 0.006105076 11990809 0.01000936 0.06034542 0.0935666
0.1178389 0.09243165 0.006105076 12080894 0.01000936 0.06034542 0.0935666
0.1169291 0.09334752 0.005930756 12200998 0.009236023 0.06106269 0.09348728
0.115801 0.09457365 0.005659867 12311118 0.00837788 0.06179223 0.09336334
0.115801 0.09457365 0.005659867 12421201 0.00837788 0.06179223 0.09336334
0.1147379 0.09569795 0.005557837 12531301 0.007485658 0.06249108 0.09331037
0.1139094 0.0965325 0.005557321 12641400 0.006667376 0.06309132 0.09323342
0.1139094 0.0965325 0.005557321 12771517 0.006667376 0.06309132 0.09323342
0.1128894 0.09760328 0.005480977 12871766 0.005760461 0.06386478 0.09318137
0.1119647 0.09851829 0.005437786 12981711 0.004882336 0.06457666 0.09311672
0.1119647 0.09851829 0.005437786 13091810 0.004882336 0.06457666 0.09311672
0.1108511 0.09971772 0.005365508 13201918 0.003909156 0.06535656 0.09305234
0.1098198 0.1007664 0.005211998 13312009 0.003075958 0.06606121 0.0930047
0.1098198 0.1007664 0.005211998 13422121 0.003075958 0.06606121 0.0930047
0.1088294 0.1018621 0.005118527 13562227 0.002296418 0.06673548 0.09299972
0.1076478 0.1031094 0.004970175 13652308 0.001387894 0.06746572 0.09297367
0.1076478 0.1031094 0.004970175 13762412 0.001387894 0.06746572 0.09297367
0.1065805 0.1041668 0.004811136 13872523 0.0005906969 0.06818157 0.09300113
0.1054125 0.1052721 0.004591058 13982610 -0.0002783835 0.06891406 0.09298666
0.1054125 0.1052721 0.004591058 14102719 -0.0002783835 0.06891406 0.09298666
0.1044908 0.1062582 0.004614181 14212826 -0.001143217 0.06969001 0.09299111
0.1035309 0.1073251 0.004568034 14323108 -0.001885355 0.07035334 0.09303701
0.1035309 0.1073251 0.004568034 14443054 -0.001885355 0.07035334 0.09303701
0.1021889 0.1085349 0.004425574 14553133 -0.002904087 0.07109895 0.09308376
0.1011277 0.1095119 0.004297535 14653224 -0.003737092 0.07173967 0.09308314
0.1011277 0.1095119 0.004297535 14793354 -0.003737092 0.07173967 0.09308314
0.09988986 0.1107007 0.004242925 14903441 -0.004694343 0.07248558 0.09316988
0.09880005 0.1117184 0.004170572 14993519 -0.005539477 0.07314266 0.09322911
0.09880005 0.1117184 0.004170572 15113817 -0.005539477 0.07314266 0.09322911
0.09760544 0.1128163 0.004037778 15223726 -0.006416857 0.07379324 0.09327242
0.09656096 0.1137121 0.003880449 15334081 -0.007234126 0.07443045 0.09326603
0.09656096 0.1137121 0.003880449 15444083 -0.007234126 0.07443045 0.09326603
0.09541464 0.114734 0.003694216 15574205 -0.008128881 0.07519617 0.09325848
0.09429456 0.1156671 0.003445922 15674141 -0.008994639 0.07581898 0.09316622
0.09429456 0.1156671 0.003445922 15784244 -0.008994639 0.07581898 0.09316622
0.0933582 0.1165156 0.003302995 15884335 -0.00971204 0.07643377 0.09317079
0.09222037 0.1174964 0.003091549 16024623 -0.01053971 0.07706163 0.09315624
0.09119128 0.1183891 0.00286809 16114542 -0.01126248 0.07768033 0.0931581
0.09119128 0.1183891 0.00286809 16224642 -0.01126248 0.07768033 0.0931581
0.0900763 0.1193684 0.0026868 16334741 -0.01205069 0.07829633 0.09318219
0.0900763 0.1193684 0.0026868 16474855 -0.01205069 0.07829633 0.09318219
0.08897322 0.1202534 0.002475583 16564941 -0.01282552 0.07882961 0.09318027
0.08792612 0.1210141 0.002268488 16675044 -0.01360619 0.07935797 0.09316521
0.08792612 0.1210141 0.002268488 16785139 -0.01360619 0.07935797 0.09316521
0.08661954 0.1220284 0.002123957 16925266 -0.01460433 0.07991891 0.09315569
0.08558601 0.122768 0.002074929 17015351 -0.01548636 0.08038193 0.09314662
0.08422317 0.1237331 0.001928427 17125447 -0.01655132 0.08092672 0.09313352
0.08422317 0.1237331 0.001928427 17235550 -0.01655132 0.08092672 0.09313352
0.08308516 0.1245415 0.001806227 17365829 -0.01747498 0.08142721 0.09310284
0.08171393 0.1255111 0.001525973 17455745 -0.01849133 0.08191869 0.0929856
0.08171393 0.1255111 0.001525973 17575853 -0.01849133 0.08191869 0.0929856
0.08046928 0.1262935 0.001169325 17685952 -0.01943845 0.08241883 0.09281925
0.07914956 0.12703 0.0007261804 17816074 -0.02043331 0.08285149 0.0925835
0.07914956 0.12703 0.0007261804 17916164 -0.02043331 0.08285149 0.0925835
0.07796682 0.1277498 0.0003254317 18056291 -0.02131921 0.08324476 0.09234633
0.07666214 0.1285092 -0.0001364415 18186400 -0.02227205 0.08368697 0.09210911
0.07546037 0.1291967 -0.0005318453 18386710 -0.02314287 0.0840377 0.09190368
0.07429473 0.1298095 -0.0009436622 18616800 -0.0239737 0.0843282 0.09169015
0.07295902 0.1305942 -0.001293145 18836991 -0.02494881 0.08470607 0.09152165
0.07187964 0.1311751 -0.001507806 19057190 -0.02582699 0.0850189 0.09138611
0.06956825 0.132394 -0.00190696 19287398 -0.02759701 0.08571365 0.0912924
0.0683725 0.1329018 -0.002109796 19507596 -0.02848882 0.08590818 0.0912483
0.06723878 0.1335704 -0.002136483 19757818 -0.02934992 0.08613366 0.09127997
0.06482565 0.1349956 -0.002223194 19947994 -0.0312283 0.08673766 0.09132397
0.06359537 0.1356722 -0.002202042 20188210 -0.03226504 0.08710146 0.09138172
0.06134017 0.1367583 -0.002103073 20398400 -0.03408253 0.0876216 0.09163243
0.06016806 0.1373172 -0.002098871 20628608 -0.03497213 0.08784693 0.09174834
0.05899896 0.137916 -0.002060521 20848803 -0.03591114 0.08811121 0.0918427
0.05656788 0.1391363 -0.002213789 21079010 -0.03771359 0.08867797 0.09197333
0.05540763 0.139662 -0.002301497 21309222 -0.03859377 0.08890287 0.09200387
0.05412182 0.1402281 -0.002479726 21529425 -0.03953853 0.08915824 0.09199706
0.05156578 0.1413603 -0.002854771 21749615 -0.04143387 0.08975273 0.09198181
0.0502427 0.1419838 -0.002990545 21969818 -0.04247627 0.09004528 0.0919402
0.04876608 0.1426034 -0.003230949 22190017 -0.04358003 0.09030242 0.09186403
0.04598255 0.1439596 -0.00357806 22410212 -0.04582316 0.09100996 0.09168103
0.0445967 0.1445185 -0.003873775 22640573 -0.0469065 0.09140979 0.09158764
0.04316446 0.1452715 -0.004093917 22890649 -0.04797226 0.0918239 0.09152885
0.04064153 0.1462998 -0.004568728 23090830 -0.0499323 0.09246616 0.09137181
0.03943543 0.1468041 -0.004875266 23311025 -0.05083364 0.09283928 0.09127849
0.03818883 0.1473933 -0.00518659 23531235 -0.05177045 0.09323048 0.09114604
0.03555855 0.1485869 -0.005852265 23771630 -0.05362666 0.09392963 0.09091982
0.03432295 0.1491412 -0.006074878 23971625 -0.05454836 0.09420889 0.09083015
0.03307469 0.1496288 -0.006295357 24212056 -0.05551481 0.09449995 0.09075598
0.03060739 0.1504674 -0.006754978 24442061 -0.0573867 0.09505308 0.0906747
0.02949156 0.1507593 -0.006858293 24652243 -0.05828595 0.09519824 0.09068315
0.02820279 0.1511259 -0.006988039 24882447 -0.05927795 0.09532006 0.09068023
0.02568425 0.15146 -0.007282354 25092815 -0.06127173 0.09542925 0.09072513
0.02433549 0.1516578 -0.007410475 25322864 -0.06232804 0.09546744 0.0907645
0.02289034 0.1518566 -0.007527258 25543043 -0.0634799 0.09539421 0.09075005
0.01976314 0.1520634 -0.007939131 25773251 -0.06599379 0.09514315 0.0906108
0.01811066 0.1522885 -0.008197838 26013467 -0.06733301 0.0950935 0.09046508
0.01642765 0.1523446 -0.008604984 26223653 -0.06865025 0.094986 0.09027875
0.01311907 0.1523257 -0.0093846 26443856 -0.07128906 0.0946705 0.08989986
0.01150064 0.1521325 -0.009793429 26654053 -0.07258624 0.0943945 0.08971526
0.009977385 0.1518805 -0.01020969 26884253 -0.07379466 0.09411941 0.08955081
0.006753877 0.1514526 -0.01088069 27114465 -0.07629591 0.09349866 0.08937066
0.005184889 0.1510701 -0.01112232 27334660 -0.07750404 0.09305219 0.08938998
0.003598511 0.1506348 -0.01125597 27554862 -0.07875144 0.09254274 0.08949148
0.0003123432 0.1501199 -0.01133206 27775053 -0.08133364 0.09164079 0.08976381
-0.001276046 0.1498875 -0.0112435 28025279 -0.08264667 0.0911939 0.08995008
-0.004489869 0.1494276 -0.01088259 28225480 -0.08522505 0.09030041 0.09056722
-0.005985111 0.1491463 -0.01064355 28455671 -0.08647627 0.08989133 0.09092554
-0.007569969 0.1489542 -0.01038414 28675870 -0.08774096 0.08948781 0.09131454
-0.008979976 0.1487262 -0.01001588 28896069 -0.08892 0.08911328 0.09177873
-0.01209489 0.1483067 -0.009330902 29116511 -0.09126768 0.08815093 0.09274365
-0.01359507 0.1481002 -0.008919577 29346475 -0.09246576 0.08770414 0.09324686
-0.01654676 0.1476803 -0.008031623 29586688 -0.09490538 0.0868609 0.09427762
-0.01810959 0.1474961 -0.007639701 29796882 -0.09613746 0.08644293 0.09478303
-0.01973575 0.1473195 -0.007299556 30037094 -0.09738302 0.08599218 0.09524857
-0.02293721 0.1470642 -0.006606323 30237279 -0.0999909 0.08527254 0.09611063
-0.02446234 0.1469747 -0.006343938 30477743 -0.1011841 0.08499942 0.09651086
-0.02604026 0.1467835 -0.00612383 30687690 -0.1024295 0.08467716 0.0968992
-0.02738416 0.1464536 -0.005921562 30917905 -0.1035068 0.08428528 0.09726123
-0.03013366 0.1458268 -0.005505071 31158114 -0.1056933 0.08340447 0.09793786
-0.03146949 0.1454892 -0.005312541 31358291 -0.1067714 0.0829873 0.09827022
-0.03436178 0.1447546 -0.004901702 31598511 -0.109063 0.08193772 0.09892523
-0.03576258 0.1443632 -0.004684107 31808693 -0.1102372 0.08138888 0.0992102
-0.0371854 0.1439932 -0.00450661 32038909 -0.1114009 0.08084253 0.09946603
-0.04023749 0.1431663 -0.004250135 32269109 -0.1139135 0.07976274 0.09995202
-0.04186827 0.1427284 -0.004111472 32479306 -0.1152788 0.07920429 0.1002046
-0.0434244 0.1422098 -0.00396541 32699501 -0.1166223 0.07859256 0.1004432
-0.04649732 0.1411897 -0.003818605 32919700 -0.1191227 0.07741342 0.1008923
-0.04785341 0.1406261 -0.003748714 33149912 -0.1202666 0.07683932 0.1011028
-0.04956049 0.140014 -0.003845188 33370110 -0.1215829 0.07620002 0.1012586
-0.05272812 0.1388411 -0.003962933 33620340 -0.1240903 0.07493783 0.1015362
-0.05453712 0.1383022 -0.00412221 33840531 -0.1254751 0.07433374 0.1016232
-0.05623239 0.1377053 -0.004220345 34060738 -0.1268891 0.0737275 0.1017077
-0.05975616 0.1364343 -0.004441247 34270939 -0.129802 0.07244302 0.1018835
-0.06165668 0.13586 -0.004538829 34491118 -0.1313357 0.07181859 0.1019966
-0.06338468 0.1353136 -0.004519973 34721326 -0.1327794 0.07121118 0.1021641
-0.06699517 0.1339165 -0.004692037 34961542 -0.1357716 0.06983538 0.1024044
-0.06875908 0.1331024 -0.004854708 35161719 -0.1371878 0.06906854 0.1024925
-0.07022846 0.1323335 -0.004958744 35391931 -0.1384601 0.06837095 0.1025564
-0.07347777 0.1308369 -0.005298027 35612133 -0.1410642 0.06693219 0.102658
-0.07505801 0.1300577 -0.005414477 35832332 -0.1423467 0.06608538 0.1026875
-0.0765951 0.1291814 -0.005601631 36052527 -0.1436171 0.0652573 0.1026943
-0.07955852 0.1274283 -0.00598738 36282731 -0.1460346 0.06364708 0.1027285
-0.08102071 0.126526 -0.006111362 36522951 -0.1472624 0.06286078 0.1028153
-0.08398175 0.1245312 -0.006354818 36733319 -0.1497352 0.06100084 0.1029458
-0.08563387 0.123582 -0.006553642 36953340 -0.151029 0.06010198 0.102991
-0.08709097 0.1227483 -0.00660758 37193553 -0.1522593 0.05925613 0.103065
-0.09006241 0.1207763 -0.006828988 37413763 -0.1547492 0.05747998 0.1032413
-0.09135649 0.1197778 -0.006786998 37643963 -0.1558681 0.0565328 0.1034154
-0.09286737 0.1186993 -0.00691492 37854347 -0.1570178 0.05555558 0.1035562
-0.09563905 0.1166441 -0.006905573 38094369 -0.1592891 0.05370648 0.1039717
-0.09697744 0.1155639 -0.006786769 38294554 -0.1604034 0.05271256 0.1042677
-0.09821174 0.1145037 -0.006637402 38514753 -0.1614468 0.05167715 0.10454
-0.101007 0.1123736 -0.006241502 38734944 -0.1636042 0.04955134 0.1052987
-0.1024827 0.1113509 -0.005906091 38975310 -0.1647944 0.04848799 0.1057709
-0.1037659 0.1103517 -0.005471692 39185358 -0.165832 0.04742873 0.1063082
-0.1064268 0.1082699 -0.004391358 39405557 -0.1679985 0.0452484 0.1076063
-0.1076491 0.1072341 -0.003756244 39655779 -0.1690388 0.04411219 0.1082847
-0.108897 0.1060907 -0.003255856 39855959 -0.1700315 0.04304077 0.1089651
-0.1108089 0.1039893 -0.002143179 40096330 -0.171629 0.04097282 0.1102672
-0.1118863 0.1027986 -0.001784923 40416469 -0.1724316 0.03991532 0.1108482
-0.11377 0.1003294 -0.001333576 40656678 -0.1738584 0.03787461 0.1117816
-0.1145916 0.0991699 -0.001194223 40876876 -0.174509 0.03691409 0.1121212
-0.1162733 0.09646423 -0.0009472611 41087086 -0.1756696 0.03468418 0.1129016
-0.1170723 0.09503799 -0.0007654245 41327465 -0.1761968 0.03345281 0.1133302
-0.1178759 0.09357042 -0.0005606384 41537497 -0.1766942 0.03221725 0.1138179
-0.1195137 0.09047774 0.0001154431 41767838 -0.1777774 0.02952237 0.1149895
-0.1203784 0.08899354 0.0006114178 41997888 -0.1783453 0.02811044 0.1156738
-0.1213646 0.08740492 0.001134563 42218087 -0.1790557 0.02659356 0.1163733
-0.1230691 0.08431751 0.002199608 42458304 -0.1805363 0.02378249 0.1176954
-0.1241914 0.08284407 0.002636959 42658492 -0.1812762 0.02238218 0.1183605
-0.1251639 0.08137308 0.003035451 42878687 -0.1820102 0.02095163 0.1188974
-0.1268829 0.078376 0.00379448 43098886 -0.1834195 0.01823247 0.1199522
-0.1275748 0.07686183 0.004063697 43329093 -0.1840349 0.01698658 0.1203971
-0.1285433 0.07550013 0.004413473 43569306 -0.1847168 0.01563966 0.1208932
-0.1301092 0.07242302 0.004989375 43769499 -0.1858791 0.01289064 0.1218306
-0.1308833 0.07094026 0.005330872 44009712 -0.1864524 0.01156566 0.1223479
-0.1326093 0.0679633 0.00603287 44220068 -0.1877878 0.008886172 0.1233848
-0.133302 0.06670372 0.006572478 44460110 -0.1883977 0.007621448 0.1239607
-0.1338375 0.0652485 0.007110449 44670454 -0.1889518 0.006263927 0.1245391
-0.134534 0.06395362 0.007658204 44910525 -0.189455 0.005046153 0.1252161
-0.1357795 0.06134162 0.008826023 45110705 -0.1904327 0.002460866 0.126522
-0.1362246 0.05979636 0.009262346 45330896 -0.1908606 0.001182519 0.1270995
-0.1368765 0.05865056 0.009936672 45581122 -0.1913626 -8.651875E-05 0.1277818
-0.1378107 0.05589081 0.01069528 45781323 -0.1920656 -0.002408491 0.128864
-0.1382629 0.05465999 0.01113689 46011510 -0.1924608 -0.003586667 0.1293577
-0.1390056 0.05194306 0.01176168 46241730 -0.1930537 -0.006024061 0.1301883
-0.1396729 0.05057793 0.01195003 46451920 -0.1934969 -0.007285483 0.1305294
-0.1400783 0.04913824 0.01210639 46682326 -0.1938723 -0.008483903 0.1308167
-0.1410156 0.04643069 0.01268288 46902318 -0.1946644 -0.01090449 0.1315977
-0.1414873 0.04490086 0.01290237 47172562 -0.1950017 -0.01228115 0.1319515
-0.1416861 0.0434477 0.01314904 47352729 -0.1951931 -0.01354981 0.1322898
-0.1422698 0.04029099 0.01360377 47602946 -0.1956111 -0.01617007 0.1330739
-0.1425698 0.03884117 0.01379486 47793268 -0.1957633 -0.01748162 0.1333961
-0.1426977 0.03730979 0.01403916 48023330 -0.195927 -0.01883473 0.1337083
-0.1430752 0.03417166 0.01438279 48243528 -0.1961811 -0.02158418 0.1342882
-0.1432728 0.03268415 0.01449542 48463723 -0.1962853 -0.0228767 0.1345326
-0.1435751 0.03102247 0.01452612 48704110 -0.1963561 -0.02421892 0.1348125
-0.1440132 0.02790904 0.01477224 48924143 -0.1966227 -0.02699074 0.1352899
-0.1440984 0.02616932 0.01482481 49154350 -0.1967636 -0.0283616 0.1354855
-0.144322 0.02447833 0.01491312 49364548 -0.1969096 -0.02970521 0.1357641
-0.1446206 0.02129044 0.01510642 49604757 -0.1970012 -0.03246417 0.1362384
-0.1447402 0.01966419 0.01520924 49804933 -0.19708 -0.03387082 0.1364561
-0.1449955 0.01806094 0.01530524 50055163 -0.1971621 -0.03523954 0.13673
-0.145235 0.0147307 0.01549824 50255340 -0.1973432 -0.03794394 0.1372207
-0.1454606 0.01318008 0.0156394 50485572 -0.1974459 -0.03923953 0.1375245
-0.1456364 0.01168427 0.01583331 50705750 -0.1975316 -0.04054334 0.1378391
-0.1461759 0.008886712 0.01635869 50925953 -0.1978304 -0.04306272 0.1385852
-0.1463311 0.007331302 0.01654003 51166166 -0.1978939 -0.04433912 0.1389235
-0.1465901 0.005947288 0.01674052 51486653 -0.1979873 -0.04563641 0.1392301
-0.1470231 0.002848451 0.01717988 51706650 -0.1981892 -0.04826768 0.139962
-0.1474288 8.978367E-05 0.01782651 51957050 -0.1984747 -0.05078353 0.1407593
-0.1477554 -0.001485431 0.01799039 52157246 -0.1986137 -0.05208286 0.1411146
-0.1479056 -0.002931535 0.01831227 52407282 -0.198704 -0.05343608 0.1414994
-0.1482588 -0.005957553 0.0187943 52607462 -0.1988452 -0.05596086 0.1422728
-0.1483886 -0.00744549 0.01912462 52847679 -0.1989295 -0.05723374 0.1427086
-0.1485181 -0.01067456 0.01963296 53058063 -0.1989581 -0.05994593 0.1434651
-0.1484478 -0.01218038 0.01989503 53278088 -0.1988078 -0.06123326 0.1438464
-0.1484533 -0.01382225 0.02011577 53498266 -0.1987211 -0.06248306 0.1442589
-0.1484208 -0.01549107 0.02035383 53718465 -0.1986643 -0.06376977 0.144656
-0.148295 -0.01871038 0.02082647 53968695 -0.1984103 -0.06628238 0.1454524
-0.1481964 -0.02025567 0.02108366 54178893 -0.1982516 -0.06758138 0.1458275
-0.1481022 -0.02180691 0.02130667 54399241 -0.1980256 -0.0687831 0.1462353
-0.1480313 -0.02485535 0.02184871 54619464 -0.1979522 -0.0713013 0.1469764
-0.1481169 -0.02653234 0.02200359 54839493 -0.1979895 -0.07260978 0.1472867
-0.1479251 -0.02805089 0.02225696 55099712 -0.1978725 -0.0739061 0.1475918
-0.1476274 -0.03092697 0.02273105 55289883 -0.1976535 -0.07638563 0.1481789
-0.1474088 -0.03216868 0.02304701 55530100 -0.1974232 -0.07751615 0.1485398
-0.1463987 -0.03522222 0.02350548 55740290 -0.1966534 -0.07991449 0.1491372
-0.1458444 -0.03662263 0.02377713 55960492 -0.1961986 -0.08103575 0.149468
-0.1452515 -0.0380145 0.02400924 56180873 -0.1956989 -0.08210965 0.1497746
-0.1440484 -0.04087539 0.02445381 56410899 -0.1946163 -0.0842788 0.1504113
-0.143407 -0.04225209 0.0247026 56631102 -0.1940864 -0.0853087 0.1507343
-0.1427396 -0.0436161 0.02493619 56851304 -0.1935325 -0.08640064 0.1510149
-0.1411147 -0.04675911 0.02518508 57101522 -0.1922127 -0.08871995 0.1514172
-0.1403176 -0.04835272 0.02531477 57411798 -0.1914608 -0.08992703 0.1516564
-0.1386553 -0.05155844 0.02546876 57642022 -0.1900029 -0.09238001 0.1519729
-0.1376872 -0.05324069 0.02547349 57882231 -0.1892013 -0.09358866 0.1520618
-0.1360413 -0.05646133 0.0254194 58102425 -0.1877335 -0.09613957 0.1521467
-0.1350788 -0.05809416 0.02535603 58422722 -0.1869442 -0.09734594 0.1521453
-0.1332589 -0.06121935 0.0249303 58662927 -0.1853319 -0.09955496 0.1519147
-0.1322705 -0.06285895 0.02469672 58863112 -0.1844991 -0.1006197 0.1517894
-0.1302973 -0.06613281 0.02426334 59093328 -0.1827419 -0.1027004 0.1516157
-0.1292273 -0.06759194 0.02405939 59323681 -0.1817977 -0.1036615 0.1515019
-0.1282873 -0.06914816 0.02388624 59653846 -0.1809611 -0.1046018 0.1514588
-0.126237 -0.07164378 0.02377257 59874036 -0.179193 -0.1062758 0.151454
-0.1243472 -0.07399879 0.02378162 60234349 -0.1775222 -0.1079073 0.1515662
-0.1225877 -0.076195 0.02367594 60564647 -0.1759136 -0.1093754 0.1515887
-0.1208904 -0.07837687 0.02363008 60894962 -0.1743735 -0.1109503 0.1516331
-0.1191463 -0.08057999 0.02352423 61105285 -0.1728718 -0.112448 0.1516033
-0.1182405 -0.08157301 0.02342257 61355357 -0.1720805 -0.113175 0.1515195
-0.1162966 -0.08381213 0.02312229 61685655 -0.1703744 -0.1145547 0.1513281
-0.1150215 -0.08501434 0.02295869 61995935 -0.1692584 -0.1152371 0.1512209
-0.1127305 -0.0874382 0.02262311 62336416 -0.1672475 -0.116671 0.150996
-0.1106701 -0.09004777 0.0221691 62566454 -0.165346 -0.1182288 0.1507095
-0.1086194 -0.09263182 0.02165673 62896752 -0.1633054 -0.1196548 0.1504413
-0.1066758 -0.09473295 0.02147437 63257251 -0.1615608 -0.1211038 0.1503094
-0.1051467 -0.09668732 0.02134709 63577366 -0.1600863 -0.1225085 0.1502702
-0.1031283 -0.09847258 0.02150755 63897651 -0.1584994 -0.1239175 0.1503208
-0.1010892 -0.1004958 0.02156568 64118008 -0.156686 -0.1253607 0.150395
-0.09994048 -0.1015678 0.02152882 64458331 -0.155655 -0.1259694 0.1503958
-0.09714699 -0.1037198 0.02134644 64678368 -0.1533151 -0.1272302 0.1501822
-0.09421566 -0.1058325 0.0211293 65018683 -0.1507147 -0.1284225 0.149985
-0.09110522 -0.1078622 0.02101682 65358970 -0.1478698 -0.1296254 0.1498981
-0.08811143 -0.1100451 0.02107435 65689288 -0.1450869 -0.1310064 0.1499956
-0.08494735 -0.1121814 0.02130229 66039588 -0.1422087 -0.1324166 0.1502129
-0.08165193 -0.1143556 0.02165281 66369882 -0.1393292 -0.1339445 0.1504777
-0.07840276 -0.116511 0.02190675 66710193 -0.1365528 -0.1354445 0.1506171
-0.07486635 -0.1188207 0.02208066 67060509 -0.1336147 -0.1369205 0.1506391
-0.07134295 -0.120896 0.02212198 67360946 -0.1306559 -0.1381248 0.1505408
-0.06786093 -0.1229277 0.02211758 67711101 -0.1276362 -0.1392695 0.1504379
-0.0645448 -0.1247532 0.02222041 68031386 -0.1246314 -0.1403564 0.1504873
-0.06078896 -0.1261336 0.02263876 68391897 -0.1215593 -0.141194 0.1506481
-0.05712807 -0.1275332 0.02321919 68732026 -0.1184733 -0.1421422 0.1510065
-0.05291805 -0.1287187 0.02397592 69062312 -0.1152222 -0.142855 0.1513518
-0.04874182 -0.1298264 0.02451356 69372592 -0.1116439 -0.1434597 0.1516502
-0.04400626 -0.1310392 0.02510667 69722912 -0.107658 -0.1441153 0.1519283
-0.03899357 -0.1319734 0.02566784 70073390 -0.1034972 -0.1445771 0.1521063
-0.03385732 -0.1332741 0.02612616 70393521 -0.09913669 -0.1450862 0.1522425
-0.02832306 -0.1346292 0.02657758 70723815 -0.09445602 -0.1455882 0.1523257
-0.02319235 -0.1357074 0.02694965 71074127 -0.08993897 -0.145978 0.1524314
-0.01809794 -0.1365329 0.02738064 71414434 -0.08567527 -0.1463577 0.1524527
-0.0127255 -0.1372734 0.0278652 71764755 -0.08152062 -0.1465154 0.1523163
-0.007792354 -0.1375835 0.02809508 72055029 -0.07754707 -0.146384 0.152043
-0.002560675 -0.1381755 0.02827961 72395320 -0.07345867 -0.146159 0.1516327
0.002587542 -0.1384187 0.02842133 72745644 -0.06934693 -0.1456274 0.1512209
0.006842986 -0.1380031 0.02853716 73075942 -0.06571954 -0.1450049 0.1509786
0.01125672 -0.1374021 0.02901886 73396292 -0.06240422 -0.1443106 0.150808
0.01559457 -0.1367607 0.02917587 73746539 -0.05880028 -0.143532 0.1505258
0.02008399 -0.136357 0.02938263 74096871 -0.05507332 -0.1429308 0.1502727
0.02452652 -0.1357816 0.02943249 74427331 -0.05127063 -0.1421518 0.1499334
0.02906786 -0.1356505 0.02949224 74737453 -0.04750875 -0.1414227 0.1495296
0.03298499 -0.1348502 0.02941839 75077919 -0.04410961 -0.1405599 0.1491267
0.03673564 -0.1338432 0.02923534 75418056 -0.04088068 -0.1394956 0.1486088
0.04060008 -0.1330866 0.02908092 75748536 -0.03773192 -0.1384611 0.1479989
0.04398015 -0.1317138 0.02882974 76138714 -0.03469771 -0.1371494 0.1475163
0.04786798 -0.1307592 0.02868623 76649162 -0.03152347 -0.1358785 0.1469108
0.05407068 -0.1290955 0.02821471 76979461 -0.02638376 -0.1337206 0.145739
0.0577098 -0.1277237 0.02775298 77309755 -0.02306652 -0.1322328 0.1450607
0.06136788 -0.1261605 0.02751843 77650102 -0.020013 -0.1306724 0.1444075
0.06510094 -0.1243218 0.0275086 78000382 -0.01702332 -0.1289847 0.1438706
0.06899315 -0.1222819 0.02750013 78320671 -0.01398444 -0.1271532 0.1432466
0.07318638 -0.1207365 0.02737478 78660978 -0.01050609 -0.1252877 0.1426185
0.07704161 -0.1186419 0.02700614 79011294 -0.007185042 -0.1232165 0.1418591
0.08156645 -0.1169864 0.02716905 79331579 -0.003729403 -0.1212491 0.1412423
0.08565448 -0.1138801 0.02752432 79672060 -0.0007513165 -0.1188504 0.1407303
0.08991805 -0.1114274 0.02781993 80222387 0.002458096 -0.116739 0.1401978
0.09758273 -0.1053705 0.02721242 80552855 0.008562371 -0.1112949 0.1383274
0.1013261 -0.101822 0.0270849 80882983 0.01156324 -0.1082893 0.1375704
0.105243 -0.09830758 0.02720586 81233316 0.01470415 -0.105097 0.137037
0.1088557 -0.09446511 0.02740143 81563597 0.01765938 -0.1019035 0.1366449
0.1122684 -0.0905856 0.02757684 81893895 0.02042881 -0.09850655 0.1362461
0.1157998 -0.08664256 0.02781498 82254217 0.02323443 -0.09488916 0.1358422
0.1191579 -0.08265521 0.02801237 82584515 0.0259085 -0.09145604 0.1354059
0.1222491 -0.07890105 0.02789221 82894803 0.02855089 -0.08781776 0.1348847
0.124979 -0.07476174 0.02761563 83255120 0.03090757 -0.08424526 0.1342312
0.127685 -0.07080041 0.02751003 83595435 0.03308384 -0.08059958 0.1336271
0.1303135 -0.06659475 0.02740545 83915716 0.0353117 -0.07681086 0.1331246
0.1331907 -0.06234187 0.02757089 84236009 0.03761306 -0.07309829 0.132716
0.1359472 -0.05833571 0.02742705 84576320 0.03997529 -0.06925887 0.132195
0.1381873 -0.05369657 0.02730686 84956866 0.04199836 -0.0653938 0.1317919
0.1403146 -0.04891078 0.02716465 85256934 0.04377341 -0.06126789 0.1312481
0.1422695 -0.0438778 0.02705177 85597246 0.04543845 -0.05698498 0.1307735
0.1441397 -0.03953499 0.0270449 85907526 0.04700688 -0.05296066 0.1304432
0.14544 -0.03363868 0.02700405 86257838 0.04813218 -0.04828672 0.1300714
0.1465777 -0.02825275 0.02697679 86598137 0.04920973 -0.0439554 0.1298319
0.1475158 -0.0237464 0.02694467 86958632 0.05003691 -0.03998766 0.1296108
0.1484971 -0.01882355 0.02691642 87288954 0.05083607 -0.03592768 0.1292689
0.1490197 -0.01364915 0.02669456 87619058 0.05142321 -0.03184443 0.1289204
0.1495083 -0.008932762 0.02623794 87929350 0.05200647 -0.02793187 0.1284078
0.1495688 -0.003952515 0.02555365 88289821 0.05228709 -0.0240736 0.1277186
0.1493727 0.0005815071 0.02484833 88609960 0.05223474 -0.02039484 0.126978
0.1493742 0.004721572 0.02414423 88960268 0.05232677 -0.01689151 0.1262272
0.1491227 0.007620397 0.02319739 89320593 0.05247696 -0.01391601 0.1256768
0.1489843 0.01013698 0.02241586 89610876 0.05264243 -0.01170658 0.1251162
0.1486457 0.01192239 0.02221312 89941413 0.0520493 -0.01026576 0.1246
0.1480071 0.01256783 0.02264214 90291470 0.05090307 -0.01007546 0.1244476
0.1468785 0.01293555 0.02511124 90671817 0.04751295 -0.01022819 0.1245908
