0.1492456 0.004877484 0.006979406 0 0.09949198 -0.003616342 0.229605
0.1495699 0.0053212 0.007239416 120108 0.09977105 -0.003329882 0.2294299
0.1495699 0.0053212 0.007239416 230211 0.09977105 -0.003329882 0.2294299
0.1497373 0.006031815 0.007726714 340315 0.1001057 -0.002924451 0.2294963
0.1496728 0.006994397 0.00823772 470436 0.100436 -0.002403029 0.2297924
0.1496728 0.006994397 0.00823772 560506 0.100436 -0.002403029 0.2297924
0.1493907 0.008306055 0.008923456 680630 0.1007194 -0.001607665 0.2303524
0.148911 0.009772352 0.009520888 810918 0.1008265 -0.0005887831 0.2310423
0.148911 0.009772352 0.009520888 900813 0.1008265 -0.0005887831 0.2310423
0.148326 0.01166179 0.01024923 1010912 0.1009093 0.0006738818 0.2318636
0.1475674 0.01374729 0.01084974 1131024 0.1008102 0.001990906 0.2327555
0.1475674 0.01374729 0.01084974 1241120 0.1008102 0.001990906 0.2327555
0.1468282 0.01584072 0.01144476 1351219 0.100622 0.00350248 0.2336173
0.1461338 0.01806846 0.01218392 1461318 0.100425 0.005197636 0.2344848
0.1461338 0.01806846 0.01218392 1591448 0.100425 0.005197636 0.2344848
0.1454318 0.02013675 0.01303118 1681517 0.1002325 0.006946675 0.2354228
0.1446715 0.02230951 0.0135325 1791617 0.09994354 0.008689276 0.236256
0.1446715 0.02230951 0.0135325 1911725 0.09994354 0.008689276 0.236256
0.1439123 0.02463101 0.0140914 2021824 0.09966768 0.01039969 0.237087
0.143051 0.02701543 0.01455899 2131924 0.09943072 0.01213085 0.2379901
0.143051 0.02701543 0.01455899 2242023 0.09943072 0.01213085 0.2379901
0.1421571 0.02940874 0.01493523 2362135 0.09904796 0.01395976 0.2388617
0.1412353 0.0315807 0.01536165 2472227 0.09856535 0.01583122 0.2397895
0.1412353 0.0315807 0.01536165 2582330 0.09856535 0.01583122 0.2397895
0.1404423 0.03381881 0.01603229 2692429 0.09815513 0.01779901 0.240693
0.1395382 0.03599929 0.01646428 2812534 0.09761886 0.0196787 0.2415851
0.1395382 0.03599929 0.01646428 2922653 0.09761886 0.0196787 0.2415851
0.1385829 0.03837722 0.01672129 3032737 0.09714734 0.02157199 0.2424489
0.1375849 0.04033019 0.01658827 3142840 0.09656671 0.02325045 0.2432162
0.1375849 0.04033019 0.01658827 3252935 0.09656671 0.02325045 0.2432162
0.1366705 0.04266337 0.01689476 3373044 0.09608876 0.02503812 0.2440342
0.1358781 0.04459191 0.0172883 3473142 0.09557384 0.0266888 0.2447938
0.1358781 0.04459191 0.0172883 3593255 0.09557384 0.0266888 0.2447938
0.1348965 0.04676852 0.0173898 3703342 0.09487041 0.0283066 0.2455329
0.1339351 0.04881556 0.01744623 3813437 0.09422893 0.02988159 0.2462613
0.1339351 0.04881556 0.01744623 3943558 0.09422893 0.02988159 0.2462613
0.1328851 0.05069787 0.01745415 4033640 0.09345698 0.03133785 0.2470335
0.1320425 0.05249743 0.01776594 4143747 0.09296225 0.03269946 0.2477752
0.1320425 0.05249743 0.01776594 4253843 0.09296225 0.03269946 0.2477752
0.1310205 0.05427071 0.01777107 4363934 0.09221186 0.03388702 0.2484823
0.1299104 0.0561499 0.01775694 4484042 0.09150442 0.03515541 0.249269
0.1299104 0.0561499 0.01775694 4594146 0.09150442 0.03515541 0.249269
0.1289359 0.05769671 0.01783578 4714254 0.09074337 0.0363655 0.2499931
0.1279497 0.05943979 0.0179709 4814348 0.08997248 0.03761398 0.250705
0.1279497 0.05943979 0.0179709 4934453 0.08997248 0.03761398 0.250705
0.1268514 0.06132071 0.01799819 5044556 0.0891889 0.03885352 0.251444
0.1256732 0.06267273 0.01746671 5164810 0.08823858 0.03975903 0.2520466
0.1256732 0.06267273 0.01746671 5264755 0.08823858 0.03975903 0.2520466
0.124548 0.0644971 0.01724814 5374854 0.08735691 0.04098283 0.2526802
0.1235971 0.06650321 0.01752262 5494979 0.08668727 0.04242074 0.2533847
0.1235971 0.06650321 0.01752262 5605054 0.08668727 0.04242074 0.2533847
0.1225366 0.0683446 0.01715682 5715161 0.0858219 0.04363143 0.2538727
0.1214262 0.07029045 0.01683219 5845275 0.08491533 0.04488432 0.2543873
0.1203656 0.07174288 0.01591003 5945365 0.08375187 0.04591917 0.2546127
0.1203656 0.07174288 0.01591003 6055464 0.08375187 0.04591917 0.2546127
0.1195685 0.07228024 0.01445264 6165770 0.08247608 0.04648577 0.2544501
0.1195685 0.07228024 0.01445264 6275813 0.08247608 0.04648577 0.2544501
0.1184267 0.07475294 0.01418656 6385762 0.08140069 0.04815637 0.254908
0.1172002 0.0772203 0.01364791 6495862 0.08037531 0.04967463 0.2552975
0.1172002 0.0772203 0.01364791 6615974 0.08037531 0.04967463 0.2552975
0.1161184 0.07942465 0.01332502 6726065 0.07931952 0.05124819 0.2557048
0.114815 0.0819637 0.01273555 6836165 0.07823976 0.05274832 0.2560781
0.114815 0.0819637 0.01273555 6946272 0.07823976 0.05274832 0.2560781
0.1135955 0.08418175 0.01209825 7076386 0.07711712 0.05425321 0.2564211
0.1123776 0.08639577 0.0114495 7166471 0.07589367 0.05577635 0.2567257
0.1115553 0.08855431 0.01125942 7276570 0.07504591 0.05726551 0.2569515
0.1115553 0.08855431 0.01125942 7386670 0.07504591 0.05726551 0.2569515
0.1102395 0.09083157 0.01052459 7506774 0.07386283 0.05859422 0.257225
0.1102395 0.09083157 0.01052459 7616877 0.07386283 0.05859422 0.257225
0.1087975 0.09314407 0.009813756 7726973 0.07241658 0.06003391 0.2575601
0.107934 0.09510784 0.009472743 7847081 0.07164468 0.06131553 0.2577542
0.1076869 0.09594723 0.009704664 7957176 0.07075768 0.06254398 0.2579426
0.1076869 0.09594723 0.009704664 8067280 0.07075768 0.06254398 0.2579426
0.1051405 0.09915682 0.008324429 8177387 0.06896343 0.06385648 0.2585275
0.1047239 0.09985562 0.008632362 8297488 0.06803295 0.06480645 0.2588475
0.1047239 0.09985562 0.008632362 8397578 0.06803295 0.06480645 0.2588475
0.1030726 0.101899 0.008174375 8507677 0.06662211 0.0658642 0.2593897
0.1012512 0.1038088 0.007568657 8647804 0.06503811 0.06687474 0.2599792
0.1012512 0.1038088 0.007568657 8737885 0.06503811 0.06687474 0.2599792
0.09938365 0.1056459 0.006864503 8847988 0.06331006 0.0678395 0.2605142
0.09743681 0.1075869 0.006247133 8958258 0.06158246 0.06885885 0.2611088
0.09743681 0.1075869 0.006247133 9078192 0.06158246 0.06885885 0.2611088
0.09558241 0.1092313 0.005555838 9178291 0.05987021 0.06969797 0.2616149
0.09375326 0.1108411 0.005042553 9298395 0.05813165 0.07053124 0.262157
0.09375326 0.1108411 0.005042553 9428504 0.05813165 0.07053124 0.262157
0.09175095 0.1124215 0.004436806 9518598 0.05645737 0.07127415 0.2627676
0.08983384 0.1138635 0.004043937 9628689 0.05470835 0.07195031 0.263386
0.08983384 0.1138635 0.004043937 9748801 0.05470835 0.07195031 0.263386
0.08774225 0.1153814 0.003781945 9858909 0.05300458 0.07269203 0.2641793
0.08560904 0.1166711 0.003357679 9968996 0.05120667 0.07330834 0.2649172
0.08560904 0.1166711 0.003357679 10079095 0.05120667 0.07330834 0.2649172
0.08327515 0.1181633 0.003013209 10199220 0.0493975 0.07403886 0.2657745
0.08049907 0.1202277 0.002609342 10309303 0.04779721 0.07466733 0.2666872
0.08049907 0.1202277 0.002609342 10419402 0.04779721 0.07466733 0.2666872
0.07829887 0.1214614 0.002478778 10529506 0.0460334 0.07531893 0.2675495
0.07602187 0.1227253 0.002149403 10649614 0.04423333 0.07593154 0.2683068
0.07602187 0.1227253 0.002149403 10759710 0.04423333 0.07593154 0.2683068
0.07379866 0.1239856 0.001785129 10859982 0.04245311 0.07656515 0.2689917
0.07156927 0.1251982 0.001167178 10999926 0.04067485 0.07697224 0.2694576
0.07156927 0.1251982 0.001167178 11090008 0.04067485 0.07697224 0.2694576
0.06914098 0.1265153 0.0007229 11200107 0.03886932 0.07756972 0.2701254
0.06645501 0.1280294 0.0001844466 11320394 0.03692645 0.07822835 0.2707819
0.06645501 0.1280294 0.0001844466 11420306 0.03692645 0.07822835 0.2707819
0.06423394 0.1293778 -2.159178E-05 11530405 0.03513369 0.07893419 0.2713936
0.06167903 0.1308183 -0.0004090965 11650518 0.03320092 0.0795939 0.2719922
0.06167903 0.1308183 -0.0004090965 11760617 0.03320092 0.0795939 0.2719922
0.05922394 0.1321624 -0.0006887019 11880725 0.03129577 0.08022844 0.2725799
0.05654846 0.13358 -0.0009626746 11980812 0.02930219 0.08090114 0.2732185
0.05654846 0.13358 -0.0009626746 12091073 0.02930219 0.08090114 0.2732185
0.05399355 0.1347104 -0.001171306 12231037 0.02731718 0.08151615 0.2738739
0.05126652 0.1360139 -0.001284778 12321119 0.02534242 0.08215737 0.2745674
0.05126652 0.1360139 -0.001284778 12431218 0.02534242 0.08215737 0.2745674
0.04866226 0.1375125 -0.0009314567 12541313 0.02343508 0.08309042 0.2754513
0.04623251 0.138373 -0.001288965 12661426 0.02145784 0.08361542 0.2759168
0.04623251 0.138373 -0.001288965 12781534 0.02145784 0.08361542 0.2759168
0.04365546 0.1394916 -0.001376212 12881629 0.01948748 0.08440601 0.2765591
0.04106863 0.1404995 -0.001482889 13011742 0.01746598 0.08510696 0.2771524
0.03868186 0.1415026 -0.001496449 13111840 0.0155004 0.08579754 0.2776789
0.03868186 0.1415026 -0.001496449 13211927 0.0155004 0.08579754 0.2776789
0.03608637 0.1425137 -0.001580164 13332031 0.01343305 0.08645522 0.2781795
0.03608637 0.1425137 -0.001580164 13452143 0.01343305 0.08645522 0.2781795
0.03351362 0.1433832 -0.001711294 13552238 0.0113875 0.08710133 0.2786602
0.03101209 0.1442091 -0.001771733 13692356 0.009348115 0.08772956 0.2791237
0.02837259 0.144967 -0.001979068 13922564 0.007254507 0.08827411 0.2794964
0.02581753 0.145779 -0.002187565 14162785 0.005188107 0.08884989 0.2797907
0.02327051 0.1465159 -0.002356023 14372970 0.003174859 0.08932983 0.2800609
0.01802701 0.1479391 -0.00279358 14583160 -0.0008697889 0.09020756 0.2804369
0.01567729 0.1485604 -0.002894431 14673245 -0.002788856 0.09059702 0.2805904
0.01567729 0.1485604 -0.002894431 14783341 -0.002788856 0.09059702 0.2805904
0.01321379 0.1490849 -0.0031863 14893440 -0.004714333 0.0908364 0.2805983
0.01095777 0.1494854 -0.003407359 15013552 -0.006596747 0.09108936 0.2806276
0.008461506 0.1498491 -0.003686175 15113647 -0.008474711 0.09128463 0.2806246
0.008461506 0.1498491 -0.003686175 15223738 -0.008474711 0.09128463 0.2806246
0.006327703 0.1500861 -0.003825203 15343863 -0.01013786 0.09138512 0.280641
0.004021428 0.1502636 -0.004085809 15453962 -0.01177436 0.09135722 0.2805541
0.004021428 0.1502636 -0.004085809 15564061 -0.01177436 0.09135722 0.2805541
0.001794914 0.1504734 -0.00412561 15674315 -0.01356607 0.09142863 0.2805602
-0.0003701373 0.1505373 -0.004181564 15804258 -0.01526555 0.09153842 0.2806042
-0.0003701373 0.1505373 -0.004181564 15894339 -0.01526555 0.09153842 0.2806042
-0.002458092 0.1505375 -0.004211128 16014448 -0.01688314 0.09164297 0.2806584
-0.004672492 0.150511 -0.004177928 16124551 -0.01861258 0.09168671 0.2807036
-0.004672492 0.150511 -0.004177928 16244659 -0.01861258 0.09168671 0.2807036
-0.00728838 0.1503546 -0.004065365 16344758 -0.02042494 0.09158693 0.2807704
-0.009487021 0.1501453 -0.003852576 16464862 -0.02222759 0.09155857 0.280888
-0.009487021 0.1501453 -0.003852576 16574961 -0.02222759 0.09155857 0.280888
-0.01194351 0.1499926 -0.003491476 16685053 -0.02418263 0.09170257 0.2811022
-0.01414878 0.149795 -0.003073946 16795164 -0.02606207 0.09189355 0.2813556
-0.01414878 0.149795 -0.003073946 16905264 -0.02606207 0.09189355 0.2813556
-0.01685554 0.1494565 -0.002647042 17035373 -0.02803373 0.09198987 0.2815842
-0.01908926 0.1491945 -0.002363592 17135637 -0.02990863 0.09213793 0.2816944
-0.01908926 0.1491945 -0.002363592 17355666 -0.02990863 0.09213793 0.2816944
-0.02449996 0.1484347 -0.001474068 17485779 -0.03369982 0.09226405 0.2819575
-0.02449996 0.1484347 -0.001474068 17605888 -0.03369982 0.09226405 0.2819575
-0.02669913 0.1480386 -0.001052111 17836286 -0.03558252 0.09234535 0.2820657
-0.02936141 0.1472309 -0.0007764548 18066299 -0.03739151 0.09207045 0.2820242
-0.0333411 0.1458613 5.574524E-05 18286502 -0.04079055 0.09193432 0.2822582
-0.03544894 0.1449269 0.000574857 18506701 -0.04246004 0.09175169 0.2824335
-0.0393148 0.1430485 0.001759678 18746917 -0.04565459 0.09094488 0.2826843
-0.04111749 0.1418095 0.002411962 18977125 -0.04728568 0.09053289 0.2829553
-0.04254809 0.1408088 0.003200203 19177314 -0.04878214 0.09033727 0.2833703
-0.04446777 0.1396236 0.004123062 19397505 -0.05041742 0.09000813 0.2837491
-0.04760392 0.1375106 0.005834267 19627720 -0.0535521 0.08952163 0.2845131
-0.04921487 0.1364895 0.006644621 19847915 -0.05506023 0.0893048 0.2848285
-0.0525123 0.1340003 0.008394763 20078119 -0.0581221 0.08871996 0.285584
-0.05405334 0.1327398 0.009424865 20308322 -0.05949419 0.08839904 0.2860626
-0.05504175 0.1314756 0.01033437 20538530 -0.06088997 0.0880742 0.286644
-0.05762641 0.128419 0.01275779 20748724 -0.06373311 0.08701074 0.2879992
-0.05870694 0.1269806 0.01384631 20968923 -0.06513892 0.08646404 0.2886251
-0.05994531 0.125546 0.01480459 21189129 -0.06661485 0.08586644 0.2890802
-0.06338638 0.122638 0.01709223 21419329 -0.06929192 0.08471965 0.2898158
-0.06488623 0.1214229 0.01783657 21659542 -0.07080898 0.08420479 0.2899195
-0.06650124 0.1203005 0.01845218 21859889 -0.07239521 0.08370566 0.2898395
-0.06919929 0.1184547 0.01896633 22099939 -0.07547394 0.08293068 0.2893553
-0.07036606 0.1174798 0.01892915 22310137 -0.07692063 0.0825218 0.2890138
-0.07160985 0.1165662 0.01890974 22530514 -0.07827359 0.08210766 0.288605
-0.07408617 0.1148331 0.0185255 22760726 -0.0806422 0.08108031 0.2874309
-0.07549523 0.1141967 0.01853253 22980738 -0.08190768 0.08057892 0.2867745
-0.07671762 0.1132538 0.0179759 23210950 -0.08310184 0.07991469 0.2859145
-0.0793108 0.1115733 0.01728866 23431153 -0.08539398 0.07862902 0.284283
-0.08095583 0.1106762 0.01720861 23661352 -0.08665294 0.07795822 0.2834355
-0.0823473 0.1097669 0.0168121 23871550 -0.08782549 0.07725823 0.2825087
-0.0853641 0.1077442 0.01604646 24101758 -0.09028713 0.07584131 0.2805656
-0.08664297 0.1067358 0.01542906 24352146 -0.091395 0.0750519 0.2795303
-0.08945937 0.1048129 0.01463553 24542147 -0.09361283 0.07333171 0.2774789
-0.09055831 0.103872 0.0139538 24792377 -0.09454881 0.07240879 0.2764162
-0.09182742 0.1029645 0.01354976 24992554 -0.09558018 0.07154309 0.275426
-0.09293374 0.1020757 0.0128188 25222770 -0.09655596 0.07072388 0.2743257
-0.09602837 0.1001651 0.01192386 25442960 -0.0985733 0.06910383 0.2719693
-0.09752154 0.09941797 0.01127443 25673164 -0.09943751 0.06832694 0.270627
-0.1010382 0.09762932 0.01041067 25893375 -0.1017591 0.0667771 0.267931
-0.1029693 0.09666884 0.01026551 26113573 -0.1030645 0.06611168 0.2666746
-0.1048816 0.09554633 0.010075 26353778 -0.1043645 0.06530439 0.2653902
-0.1080669 0.09362245 0.009584442 26554121 -0.1067879 0.0636351 0.2630302
-0.1095209 0.09275992 0.009276867 26814198 -0.1079902 0.06284677 0.261874
-0.1109132 0.09182049 0.008959845 27014378 -0.1091525 0.06208419 0.2607728
-0.1141806 0.08994367 0.008854851 27224568 -0.1114578 0.06051838 0.258513
-0.1158448 0.08895113 0.008854091 27454776 -0.1126589 0.05974256 0.2573871
-0.1173568 0.08804429 0.008703411 27684996 -0.1138918 0.05901968 0.2562583
-0.1201435 0.08680153 0.008126721 27925200 -0.1164442 0.05770599 0.2538651
-0.1225291 0.08520906 0.009020552 28125531 -0.1179933 0.0568788 0.2528102
-0.1238159 0.08458324 0.008683383 28355589 -0.1193577 0.05639064 0.2516769
-0.1267911 0.08247883 0.00883612 28575787 -0.1221103 0.05504405 0.2496763
-0.1280536 0.08117848 0.008599237 28796172 -0.123292 0.05412387 0.2486582
-0.129096 0.08025008 0.008303031 29036203 -0.1242645 0.05334937 0.2477152
-0.1315436 0.07769456 0.008045048 29236396 -0.1258079 0.05133914 0.2457949
-0.1327784 0.07635094 0.008030683 29466599 -0.1263788 0.05032122 0.2448972
-0.1334995 0.07554545 0.007260114 29686790 -0.1269512 0.0493592 0.2438601
-0.1356946 0.07337922 0.006649762 29916998 -0.1282534 0.04751395 0.2418515
-0.1369646 0.07200333 0.006474867 30137375 -0.1289162 0.04654454 0.2408305
-0.1377884 0.07147926 0.005982563 30357391 -0.1295023 0.0458579 0.2398586
-0.1393698 0.06959999 0.005102441 30607617 -0.1307553 0.04430663 0.2381546
-0.1401706 0.06834696 0.004817501 30807806 -0.1312168 0.04343092 0.2374274
-0.1408772 0.06715396 0.004505679 31048014 -0.1313181 0.04252755 0.2367538
-0.1414737 0.06581205 0.003061026 31258366 -0.1313761 0.04082047 0.2354079
-0.1418159 0.06494182 0.002529949 31478407 -0.1313642 0.0400406 0.2348613
-0.1422479 0.06364872 0.002071291 31718822 -0.1311865 0.03907906 0.234338
-0.1429354 0.06136314 0.001377329 31928813 -0.130845 0.03733694 0.2335264
-0.1432332 0.06038632 0.001167476 32149016 -0.1308258 0.03661465 0.2332218
-0.1432885 0.05980293 0.0007213056 32369211 -0.130937 0.0359323 0.2329033
-0.1441512 0.05735739 0.000670597 32599418 -0.1314807 0.03429138 0.232315
-0.14458 0.05602062 0.0007691234 32849644 -0.131713 0.03345381 0.2321085
-0.1452241 0.05333035 0.0006789416 33049821 -0.1320598 0.03146171 0.2316496
-0.14548 0.05178098 0.000581488 33270028 -0.1320376 0.03044163 0.2314772
-0.1455256 0.05069315 0.0003142804 33490234 -0.1321032 0.02943336 0.2312971
-0.1457625 0.04907197 0.0002150983 33720430 -0.1321117 0.02827059 0.2311232
-0.1461595 0.04604246 0.0003818423 33960647 -0.1325395 0.0259906 0.2309973
-0.1462914 0.04460084 0.000423491 34160827 -0.1326766 0.02491199 0.2309631
-0.146621 0.04304005 0.0006343424 34401040 -0.1328432 0.02374207 0.2308732
-0.1470357 0.03987781 0.0007306188 34611420 -0.1331114 0.02134537 0.2306941
-0.147213 0.03800592 0.0008142591 34831437 -0.1332663 0.02004944 0.2306716
-0.1474151 0.03457903 0.001069173 35061636 -0.133414 0.01750552 0.230767
-0.1474509 0.03315638 0.001273006 35291844 -0.13348 0.01631211 0.2308844
-0.147497 0.03161449 0.001420736 35522311 -0.1336242 0.01506674 0.2309652
-0.1475161 0.02851983 0.002088293 35732262 -0.1341495 0.01277863 0.2314183
-0.1474161 0.02695682 0.002355605 35972458 -0.134264 0.01161467 0.2316993
-0.1471249 0.02564697 0.002631217 36172647 -0.1343372 0.01052057 0.2321203
-0.146676 0.0229526 0.003398046 36412860 -0.1345914 0.008443347 0.2330015
-0.1464479 0.02168755 0.003813997 36623199 -0.1347738 0.007512442 0.2334659
-0.146212 0.02051531 0.004354805 36853281 -0.1349272 0.006595961 0.2340061
-0.1453729 0.01829256 0.00544928 37063459 -0.1352001 0.004781834 0.2353878
-0.1446754 0.01702696 0.005471855 37303854 -0.1349913 0.00374364 0.2360027
-0.144016 0.01603041 0.005997345 37533867 -0.1349333 0.002885453 0.23688
-0.1427406 0.01376921 0.007092029 37734052 -0.1348981 0.001074663 0.2386474
-0.1420888 0.01264317 0.007473648 37974269 -0.1347493 0.0002285159 0.2394517
-0.1415845 0.01153381 0.007929608 38294756 -0.134735 -0.0006395662 0.2401754
-0.140721 0.009088688 0.008937061 38524770 -0.1348175 -0.002495059 0.2415755
-0.1399496 0.006748593 0.009874508 38774991 -0.1349744 -0.004262098 0.2428557
-0.1395491 0.005760223 0.01033767 38975172 -0.1350725 -0.005152115 0.2434889
-0.139174 0.004466195 0.01057671 39205380 -0.1350663 -0.006127723 0.2439806
-0.1386266 0.001801694 0.01098627 39415574 -0.1350166 -0.008111366 0.2447575
-0.1383386 0.0002501311 0.01099551 39635784 -0.134899 -0.009206661 0.2450409
-0.1382204 -0.001245347 0.01086457 39906012 -0.1347654 -0.01036025 0.2450853
-0.1383787 -0.004431737 0.01053539 40086337 -0.1346575 -0.01270522 0.2448091
-0.1386391 -0.006013804 0.01047297 40336595 -0.1346734 -0.01388622 0.2445845
-0.1389134 -0.007875479 0.01025845 40536581 -0.1346121 -0.01515342 0.2442604
-0.1395118 -0.01151529 0.009877086 40876888 -0.13463 -0.01769639 0.2435829
-0.1400452 -0.01492863 0.00944148 41117121 -0.1346096 -0.02021779 0.242906
-0.1403452 -0.01665097 0.009140193 41327303 -0.1345293 -0.0214671 0.2424871
-0.1406035 -0.01860238 0.008804053 41547510 -0.1344108 -0.02281798 0.2420826
-0.1409121 -0.02209552 0.007783398 41797715 -0.1339325 -0.02532006 0.2412155
-0.1410908 -0.02376071 0.007566139 41987895 -0.1338183 -0.02655519 0.2409428
-0.1410495 -0.02542341 0.007237718 42238113 -0.1336438 -0.027784 0.2407769
-0.1407005 -0.02855914 0.006510347 42438305 -0.1329442 -0.03024472 0.2406215
-0.1405031 -0.02999663 0.006217018 42668505 -0.132631 -0.03136195 0.2406033
-0.1404618 -0.03190942 0.005934358 42908722 -0.132447 -0.032596 0.2404605
-0.1405254 -0.03540516 0.005196691 43108898 -0.1318151 -0.03490735 0.2399511
-0.1406157 -0.03711975 0.004768535 43359278 -0.1315118 -0.03618778 0.2396111
-0.1410048 -0.04080071 0.004149556 43569330 -0.1311234 -0.038674 0.2389004
-0.1412547 -0.04257828 0.003941193 43799522 -0.1309405 -0.03994418 0.2385648
-0.1414591 -0.04431857 0.003768787 43999706 -0.130893 -0.04116715 0.2382808
-0.141504 -0.04729303 0.003488421 44249928 -0.1307765 -0.0434599 0.2380495
-0.1414339 -0.048691 0.003488988 44450275 -0.1306522 -0.04457951 0.2380989
-0.1411051 -0.04986839 0.003431827 44670490 -0.1304423 -0.04558659 0.2383227
-0.1401488 -0.05214845 0.003158942 44900714 -0.1298645 -0.04742349 0.2389031
-0.1397583 -0.05321228 0.003191084 45130723 -0.1296582 -0.04830183 0.2392274
-0.1394679 -0.05423208 0.003352448 45340917 -0.1294353 -0.0491438 0.2395559
-0.1389572 -0.05631524 0.003516585 45571124 -0.1290777 -0.05072523 0.2400459
-0.1387006 -0.0573617 0.003553882 45811341 -0.1289685 -0.05150367 0.2402587
-0.1385529 -0.05848332 0.003588513 46151648 -0.1288632 -0.05235745 0.2403842
-0.1380845 -0.06091858 0.003591821 46351825 -0.1285152 -0.05409754 0.2407212
-0.1374492 -0.0631997 0.003719091 46592232 -0.1281582 -0.05602206 0.2412822
-0.1369762 -0.06425591 0.003918126 46802235 -0.1280066 -0.05691172 0.2417671
-0.1362369 -0.06540776 0.003915325 47042452 -0.1277405 -0.05779661 0.2423254
-0.1344788 -0.06738633 0.003971741 47242633 -0.1267083 -0.05962885 0.2437315
-0.1334753 -0.06833815 0.004096463 47472837 -0.1262526 -0.06049122 0.2445825
-0.1323538 -0.06926494 0.004165933 47693043 -0.1256834 -0.06129111 0.2454845
-0.1301175 -0.07086203 0.004382595 47913234 -0.1244008 -0.0626694 0.2473276
-0.1290285 -0.07158724 0.004544944 48163464 -0.1237766 -0.06325974 0.2482539
-0.1267781 -0.0730854 0.004794344 48363649 -0.1224403 -0.064667 0.2501121
-0.1256605 -0.07393093 0.005032092 48603861 -0.1219041 -0.0654651 0.2510992
-0.124224 -0.07462901 0.00496462 48814051 -0.121235 -0.06622744 0.2521155
-0.122978 -0.07547308 0.005108103 49034246 -0.1205868 -0.06708385 0.2531268
-0.1201553 -0.07769318 0.004929602 49264640 -0.1188864 -0.06883014 0.2550098
-0.1188597 -0.07888843 0.00498502 49484652 -0.1180279 -0.06988002 0.2559654
-0.1174703 -0.08006749 0.004932344 49724873 -0.1171283 -0.07091285 0.2569007
-0.1144883 -0.08278533 0.004626825 49945076 -0.1150959 -0.07303191 0.2587125
-0.1131067 -0.08425412 0.004699662 50165270 -0.1140515 -0.07418764 0.2596916
-0.1113306 -0.08572231 0.004397959 50375464 -0.112855 -0.07520474 0.260633
-0.1079502 -0.08829255 0.00439401 50605668 -0.1105302 -0.07749069 0.2628487
-0.1063031 -0.0892353 0.004658863 50825879 -0.1094446 -0.07863427 0.264137
-0.1043467 -0.09055004 0.004723564 51056086 -0.1081922 -0.07979668 0.2654218
-0.1006068 -0.09298012 0.004954249 51296295 -0.1057204 -0.08180918 0.2678948
-0.09880065 -0.09435003 0.005008981 51496476 -0.1044155 -0.08291758 0.2690181
-0.09694447 -0.09588791 0.004889995 51746693 -0.1031329 -0.08414174 0.2700067
-0.09337377 -0.09896752 0.004839092 51936877 -0.1005629 -0.08672012 0.2720049
-0.0917635 -0.1004462 0.004946679 52167073 -0.09931815 -0.08799566 0.2729927
-0.09020541 -0.1018482 0.005015105 52387271 -0.09805275 -0.0891992 0.2739102
-0.08722729 -0.1043315 0.0053121 52607470 -0.09580633 -0.09140266 0.2757573
-0.08583414 -0.1053752 0.005628511 52857700 -0.09483329 -0.09251309 0.2767655
-0.08269484 -0.1070758 0.006271258 53057881 -0.09275135 -0.09456743 0.2789633
-0.08088163 -0.1077315 0.006530777 53308102 -0.09157391 -0.09547294 0.2801231
-0.07920358 -0.1084293 0.006973058 53508287 -0.09042137 -0.09640814 0.2813522
-0.07550013 -0.1099856 0.007626146 53738495 -0.08782717 -0.09831537 0.283728
-0.07366543 -0.1109295 0.007953241 53958880 -0.08646771 -0.09928525 0.2848666
-0.07174939 -0.1116311 0.008244291 54178888 -0.08504188 -0.1002149 0.2860195
-0.06761186 -0.1132992 0.00884527 54439127 -0.08196075 -0.1020663 0.2883726
-0.06538773 -0.1142168 0.009056821 54759416 -0.08024713 -0.103001 0.2894937
-0.06101241 -0.1156795 0.009531274 54959597 -0.07684044 -0.1046327 0.2916802
-0.05888401 -0.1163878 0.009817421 55199810 -0.07507476 -0.1054275 0.2927586
-0.05425416 -0.1175982 0.01020421 55410003 -0.07133766 -0.1068686 0.2947961
-0.05204606 -0.1179097 0.0105786 55630210 -0.06951287 -0.1075065 0.2959196
-0.04956161 -0.1181808 0.01075573 55860410 -0.06753951 -0.1080237 0.2969068
-0.04461913 -0.1186403 0.01123253 56090618 -0.06346104 -0.1088606 0.2988578
-0.04209354 -0.1188727 0.01143067 56320825 -0.06127902 -0.1092864 0.2997608
-0.03957804 -0.1191122 0.0115952 56521152 -0.05903597 -0.109643 0.3005851
-0.03456887 -0.1197905 0.01187518 56761219 -0.05451263 -0.1102737 0.3020196
-0.03203268 -0.1202295 0.01200408 56971412 -0.05221653 -0.1106452 0.3026604
-0.02938797 -0.1205202 0.01214917 57251673 -0.04988514 -0.1109941 0.3033001
-0.02455929 -0.1213933 0.01269397 57531914 -0.04494724 -0.112032 0.3046854
-0.01951203 -0.1217932 0.01340716 57772131 -0.04005105 -0.1131864 0.3061367
-0.0169939 -0.1220165 0.01377606 58002339 -0.03779866 -0.1136772 0.3067626
-0.01228015 -0.1222605 0.01468121 58202527 -0.03330362 -0.1146163 0.3080693
-0.009727907 -0.1223581 0.01516682 58432731 -0.0309592 -0.1150745 0.3086893
-0.007171433 -0.1222758 0.01566903 58662943 -0.02855033 -0.1154477 0.3092994
-0.004623335 -0.1222701 0.0161968 58993411 -0.02608749 -0.1158863 0.3098892
0.0007765486 -0.1218352 0.01760897 59203423 -0.02097188 -0.1164895 0.3112397
0.006508877 -0.1212173 0.01902197 59433634 -0.01549033 -0.1168304 0.312335
0.009355571 -0.1209008 0.01965393 59663838 -0.01268295 -0.1169063 0.3127223
0.01210535 -0.1203727 0.02029397 59924073 -0.009880723 -0.1169011 0.3130999
0.01739488 -0.1192219 0.02144745 60234353 -0.004249666 -0.1168637 0.3136473
0.02242625 -0.1183599 0.02234977 60444543 0.001083993 -0.1165937 0.3137206
0.02485392 -0.1179853 0.02267879 60684763 0.00358983 -0.1164265 0.31357
0.029511 -0.117752 0.02306874 61005056 0.008427182 -0.1160647 0.3128722
0.03179365 -0.1177029 0.02313168 61225251 0.01081646 -0.1158813 0.3123551
0.03594955 -0.1178794 0.02305517 61575563 0.01521811 -0.1155912 0.3111319
0.03993036 -0.1178935 0.02275367 61925883 0.01940939 -0.1153592 0.3096914
0.04360102 -0.117808 0.02233733 62116055 0.02313836 -0.1147789 0.3081003
0.04550917 -0.117595 0.0220836 62366277 0.02503733 -0.1144108 0.307222
0.04917741 -0.1170058 0.02178621 62696575 0.02874817 -0.1136617 0.3056566
0.05312007 -0.1162444 0.02154779 62896760 0.032589 -0.1127896 0.3039277
0.05502519 -0.1158981 0.02141692 63126967 0.03449258 -0.1122919 0.3030408
0.05694605 -0.11544 0.0212453 63347166 0.03633993 -0.1117677 0.302095
0.05901514 -0.1149443 0.02108957 63567365 0.03822237 -0.1111794 0.3010499
0.06304274 -0.1141689 0.02070005 63827600 0.04213189 -0.1101232 0.2989111
0.06512716 -0.1136896 0.02044924 64127875 0.04405695 -0.1095026 0.2977158
0.06902289 -0.1129188 0.0197369 64378096 0.04776607 -0.108318 0.2952459
0.07312582 -0.112429 0.01896591 64698385 0.05153109 -0.1071521 0.2924883
0.07690173 -0.1119696 0.01781389 65038688 0.05508098 -0.1060866 0.2896027
0.08048467 -0.1114517 0.01650527 65378996 0.0582449 -0.1049975 0.2866379
0.08412623 -0.1110327 0.01534288 65599198 0.06109333 -0.1037324 0.2835938
0.08586083 -0.1107557 0.01479261 65829422 0.06248572 -0.1031811 0.2821585
0.08760867 -0.1100755 0.01423797 66159700 0.06383704 -0.1025182 0.2807368
0.09111346 -0.1093486 0.01312408 66510036 0.06652394 -0.1010826 0.2777537
0.09629887 -0.1082795 0.01067521 66820296 0.0702488 -0.09856749 0.2727019
0.0980488 -0.1079035 0.009737641 67150594 0.07130217 -0.09755791 0.2708693
0.1015549 -0.1069546 0.007682934 67480896 0.07344665 -0.09542239 0.2671125
0.105128 -0.1060584 0.005459368 67821204 0.07543059 -0.09317041 0.2631636
0.1087211 -0.1049579 0.003331766 68161515 0.07732175 -0.09078492 0.2592625
0.1121294 -0.1031498 0.001539022 68501818 0.07890987 -0.08827437 0.2557266
0.1155612 -0.1009931 2.741814E-05 68852134 0.08073661 -0.08565951 0.2524005
0.1208168 -0.09744444 -0.001692623 69182432 0.08351795 -0.0817107 0.2476458
0.1242739 -0.0945916 -0.002572671 69522735 0.08538369 -0.07906783 0.2446878
0.1276028 -0.09161921 -0.003307894 69853037 0.08692342 -0.0762452 0.241829
0.1307339 -0.0884352 -0.003974184 70163317 0.08857412 -0.07342399 0.2391916
0.13241 -0.0866622 -0.003987238 70503624 0.08954177 -0.0721227 0.2379747
0.1355032 -0.08291253 -0.00410828 70833922 0.09192452 -0.06982673 0.2358046
0.1383581 -0.07930958 -0.004021585 71204431 0.09389597 -0.06738234 0.2338028
0.1419538 -0.07363864 -0.003608331 71514532 0.09607964 -0.06332672 0.2313234
0.1437412 -0.06951767 -0.003708526 71895074 0.09728128 -0.06052102 0.2299789
0.1453415 -0.06537136 -0.003855258 72195151 0.09798274 -0.05738283 0.2286634
0.1469406 -0.06082949 -0.004043147 72565505 0.09853385 -0.0540054 0.2272998
0.148399 -0.0560926 -0.004137591 72865756 0.09914058 -0.0504408 0.2260978
0.1498218 -0.05084181 -0.003878653 73206067 0.09967374 -0.04675067 0.2250562
0.151168 -0.04552799 -0.00359419 73526352 0.1003171 -0.04301943 0.2240906
0.1525733 -0.04032543 -0.003461778 73886677 0.1011849 -0.03962541 0.2230264
0.1540062 -0.03549731 -0.003486305 74206962 0.1016325 -0.03606404 0.2217797
0.1550781 -0.03083503 -0.00347349 74537260 0.1020087 -0.03248537 0.220855
0.1556929 -0.02565584 -0.003350928 74867761 0.1022524 -0.02901364 0.2203442
0.156076 -0.02025641 -0.00274311 75197860 0.1023738 -0.02542377 0.2201852
0.1564125 -0.01548238 -0.001985013 75528154 0.1027926 -0.02194072 0.2201805
0.1566017 -0.01062462 -0.001007721 75888480 0.1032438 -0.01858343 0.2203735
0.156399 -0.005747882 -0.0001331717 76228803 0.1036505 -0.01537264 0.2208606
0.1558812 -0.001268875 0.0003616661 76559085 0.1039561 -0.01216508 0.2215003
0.1551949 0.003062931 0.000781104 76879382 0.103906 -0.008984097 0.2222029
0.1541413 0.006847959 0.001186222 77209672 0.103888 -0.006129393 0.2232684
0.152887 0.009670921 0.001938716 77549987 0.1037508 -0.003956803 0.2246564
0.1517461 0.01178865 0.002853334 77910487 0.1036592 -0.002336153 0.226025
0.1508276 0.01322166 0.003568381 78240606 0.1034899 -0.001272806 0.2271064
0.1502705 0.01377624 0.004306123 78580909 0.1036366 -0.0009046876 0.2279358
0.1497633 0.01382638 0.005216077 78901198 0.1039 -0.0008176649 0.2288363
0.1488901 0.01365619 0.00626421 79221487 0.1040065 -0.000890621 0.2301285
0.1472827 0.01314702 0.007520407 79561969 0.1039329 -0.001399525 0.2321867
0.144909 0.01211564 0.009174928 79892093 0.1037478 -0.002925404 0.2351062
0.1413825 0.009518895 0.0118807 80232404 0.1027614 -0.005608686 0.2395473
