0.1496951 -0.001373654 0.004447624 0 0.1076477 0.01781162 0.2287633
0.1498087 -0.00134009 0.003893346 120104 0.1075827 0.01788026 0.2284044
0.1498087 -0.00134009 0.003893346 220211 0.1075827 0.01788026 0.2284044
0.1498961 -0.001541735 0.003164738 330310 0.1074863 0.01804425 0.2279435
0.1500365 -0.001804864 0.002436519 450406 0.1072847 0.01825468 0.2273998
0.1500365 -0.001804864 0.002436519 560506 0.1072847 0.01825468 0.2273998
0.1502431 -0.001975301 0.00173007 670613 0.1070392 0.01844126 0.2268137
0.150377 -0.002269548 0.0008523166 780704 0.1067541 0.0184909 0.2262171
0.150377 -0.002269548 0.0008523166 900813 0.1067541 0.0184909 0.2262171
0.1504201 -0.00276421 -0.0001520813 1010932 0.1064556 0.01838418 0.2256402
0.1504484 -0.002884745 -0.0008679777 1121007 0.1061165 0.01834352 0.2252414
0.1504484 -0.002884745 -0.0008679777 1231107 0.1061165 0.01834352 0.2252414
0.1504193 -0.002985578 -0.001341924 1341206 0.1057097 0.01836368 0.2249829
0.1503266 -0.002908287 -0.00178504 1471332 0.1052371 0.01849677 0.224795
0.1502114 -0.002481792 -0.002176315 1571418 0.1046757 0.01868949 0.2246792
0.1502114 -0.002481792 -0.002176315 1681513 0.1046757 0.01868949 0.2246792
0.1501077 -0.001791203 -0.002158493 1791621 0.1042137 0.01890196 0.22478
0.1501077 -0.001791203 -0.002158493 1901716 0.1042137 0.01890196 0.22478
0.1499009 -0.001021935 -0.002251729 2011815 0.1036968 0.01922871 0.2249091
0.1497662 -7.015459E-05 -0.00230746 2131924 0.1032637 0.01972723 0.2250011
0.1495265 0.0006920332 -0.002469793 2252032 0.1028747 0.02020228 0.2251237
0.1495265 0.0006920332 -0.002469793 2352130 0.1028747 0.02020228 0.2251237
0.1492479 0.001381984 -0.002650395 2462222 0.1024409 0.02068923 0.2252531
0.1492479 0.001381984 -0.002650395 2582334 0.1024409 0.02068923 0.2252531
0.149362 0.003181125 -0.002287954 2692620 0.1021508 0.02148252 0.2253924
0.1494046 0.005106774 -0.002063543 2802529 0.1018113 0.02219919 0.2255444
0.1494046 0.005106774 -0.002063543 2912632 0.1018113 0.02219919 0.2255444
0.1491286 0.006666989 -0.001908764 3042762 0.1013012 0.02273872 0.2258942
0.1485195 0.007180147 -0.001888022 3132823 0.1007829 0.02300433 0.2263952
0.1485195 0.007180147 -0.001888022 3242926 0.1007829 0.02300433 0.2263952
0.1480842 0.008305857 -0.001642227 3363213 0.1004547 0.02363662 0.2268945
0.1472972 0.008610078 -0.00184159 3473142 0.09989879 0.02420237 0.2273953
0.1470721 0.01107138 -0.001370236 3583237 0.09955865 0.02556656 0.2278631
0.1470721 0.01107138 -0.001370236 3693349 0.09955865 0.02556656 0.2278631
0.1465924 0.01326598 -0.0005230606 3813457 0.09911773 0.02678184 0.2286905
0.1457457 0.01470941 -7.638335E-05 3923557 0.09856855 0.02766134 0.2296161
0.1457457 0.01470941 -7.638335E-05 4033644 0.09856855 0.02766134 0.2296161
0.1451513 0.01680404 0.0008389354 4143743 0.09815733 0.02890753 0.2305666
0.14482 0.0195355 0.001583397 4253843 0.09781729 0.03052465 0.2312281
0.14482 0.0195355 0.001583397 4363938 0.09781729 0.03052465 0.2312281
0.144599 0.02255165 0.002612531 4484050 0.09753644 0.03241114 0.2319126
0.144599 0.02255165 0.002612531 4594146 0.09753644 0.03241114 0.2319126
0.1440517 0.02417431 0.00299485 4704245 0.0970671 0.03374182 0.2325199
0.1436508 0.0262612 0.00374572 4814348 0.09678587 0.03527337 0.233205
0.1432252 0.02823767 0.004369095 4924448 0.09653357 0.0366095 0.2338669
0.1432252 0.02823767 0.004369095 5044556 0.09653357 0.0366095 0.2338669
0.14259 0.02949224 0.004720449 5154676 0.09608564 0.03763091 0.2345447
0.1420354 0.03089409 0.00526832 5264755 0.09567401 0.03872759 0.2352424
0.1420354 0.03089409 0.00526832 5394868 0.09567401 0.03872759 0.2352424
0.1416033 0.03270372 0.005836859 5484954 0.09536568 0.04006207 0.2358623
0.1412165 0.03449595 0.006367847 5595061 0.09509527 0.04136332 0.2364294
0.1412165 0.03449595 0.006367847 5725170 0.09509527 0.04136332 0.2364294
0.1406495 0.03586321 0.006638005 5825253 0.09470199 0.04251895 0.2370175
0.1400765 0.03712837 0.006723598 5935356 0.09435052 0.04352268 0.2375419
0.1400765 0.03712837 0.006723598 6045613 0.09435052 0.04352268 0.2375419
0.139548 0.03857978 0.007154211 6155567 0.09398542 0.04458563 0.2381744
0.1387926 0.03977545 0.007088959 6275663 0.09341891 0.04549026 0.238758
0.1387926 0.03977545 0.007088959 6385916 0.09341891 0.04549026 0.238758
0.1381318 0.04115422 0.007391602 6516034 0.09296982 0.04657457 0.2394386
0.1374499 0.04269999 0.007583335 6605977 0.09249187 0.04770258 0.2400854
0.1374499 0.04269999 0.007583335 6716247 0.09249187 0.04770258 0.2400854
0.1366274 0.04421729 0.007570222 6826160 0.09185341 0.04881876 0.2407358
0.1358651 0.04572727 0.007620052 6946272 0.09123382 0.04991176 0.2413574
0.1358651 0.04572727 0.007620052 7056372 0.09123382 0.04991176 0.2413574
0.1350359 0.04735688 0.007882908 7166625 0.09055847 0.05110352 0.2421242
0.1339936 0.04863786 0.007913753 7296592 0.08975244 0.05213206 0.2429553
0.1339936 0.04863786 0.007913753 7386666 0.08975244 0.05213206 0.2429553
0.1330228 0.05062192 0.008250177 7506770 0.08896901 0.05351869 0.2438616
0.1319382 0.0519866 0.008413091 7616869 0.08814147 0.0546765 0.2447829
0.1319382 0.0519866 0.008413091 7726989 0.08814147 0.0546765 0.2447829
0.1308489 0.05349725 0.008849666 7837080 0.08734506 0.05591225 0.2458421
0.1297534 0.05514194 0.009158745 7947176 0.08644736 0.05722161 0.2468195
0.1297534 0.05514194 0.009158745 8077293 0.08644736 0.05722161 0.2468195
0.1286504 0.05675827 0.009401292 8167370 0.08557016 0.05854175 0.2477753
0.1275377 0.05844424 0.00961031 8287487 0.08472024 0.05987705 0.2487273
0.1275377 0.05844424 0.00961031 8397582 0.08472024 0.05987705 0.2487273
0.1264046 0.06000774 0.009891689 8507685 0.08384745 0.06114601 0.2497255
0.1252895 0.06177687 0.01015525 8627794 0.08297318 0.06250352 0.2506911
0.1252895 0.06177687 0.01015525 8737885 0.08297318 0.06250352 0.2506911
0.1241241 0.0634561 0.01051368 8847984 0.08209473 0.06385991 0.2517489
0.1229196 0.06515767 0.01079804 8948087 0.08127034 0.06517461 0.2528172
0.1229196 0.06515767 0.01079804 9068341 0.08127034 0.06517461 0.2528172
0.1217227 0.06663861 0.01112056 9198321 0.08042769 0.06636996 0.2538923
0.1206269 0.06819665 0.01154864 9298395 0.07956484 0.06760751 0.2549125
0.1193739 0.06956612 0.01149176 9408510 0.07855169 0.06866698 0.2557972
0.1193739 0.06956612 0.01149176 9508589 0.07855169 0.06866698 0.2557972
0.1182116 0.07137517 0.01191173 9628689 0.07759432 0.06988038 0.2568294
0.1169586 0.07257457 0.01200578 9738788 0.07666254 0.07089937 0.2578081
0.1169586 0.07257457 0.01200578 9848896 0.07666254 0.07089937 0.2578081
0.1157564 0.07408462 0.01231541 9979013 0.07571882 0.07204735 0.2588292
0.1144597 0.07557518 0.01227121 10079099 0.07470292 0.07319121 0.2597327
0.1144597 0.07557518 0.01227121 10199204 0.07470292 0.07319121 0.2597327
0.1132534 0.07702546 0.01254398 10299298 0.07368694 0.07441617 0.2607167
0.1132534 0.07702546 0.01254398 10439421 0.07368694 0.07441617 0.2607167
0.1119911 0.07898687 0.01244113 10519489 0.07259387 0.07580352 0.2615027
0.1107102 0.08035503 0.01219909 10629604 0.07140887 0.07702245 0.2622299
0.109593 0.08212001 0.01217628 10749867 0.07038149 0.07845128 0.2629407
0.109593 0.08212001 0.01217628 10859800 0.07038149 0.07845128 0.2629407
0.1080848 0.08401094 0.01172929 10969903 0.06911106 0.07994089 0.2637032
0.1070012 0.0852213 0.01156551 11080003 0.06811871 0.08100292 0.2643165
0.1070012 0.0852213 0.01156551 11190102 0.06811871 0.08100292 0.2643165
0.1057289 0.088775 0.01099896 11310202 0.06693748 0.08274335 0.2646658
0.1045682 0.09043668 0.01071869 11420302 0.06580746 0.08383527 0.2651863
0.1045682 0.09043668 0.01071869 11530409 0.06580746 0.08383527 0.2651863
0.103538 0.0921474 0.01081619 11660523 0.06469956 0.08497727 0.2657936
0.1021405 0.09380054 0.0102846 11750604 0.0634245 0.08609271 0.2663294
0.1021405 0.09380054 0.0102846 11870716 0.0634245 0.08609271 0.2663294
0.1009686 0.09536216 0.01004218 12000830 0.06232741 0.08709863 0.2668602
0.09984289 0.09698702 0.009902716 12090911 0.06123838 0.08825274 0.267409
0.09984289 0.09698702 0.009902716 12211019 0.06123838 0.08825274 0.267409
0.09849469 0.09889279 0.009264633 12311118 0.05999544 0.08942223 0.2677863
0.0974487 0.1005829 0.009033561 12431222 0.05906753 0.09055521 0.2682275
0.0974487 0.1005829 0.009033561 12541321 0.05906753 0.09055521 0.2682275
0.09645104 0.1023851 0.009016693 12661430 0.05804464 0.09176631 0.2687099
0.095408 0.1037724 0.008671403 12761524 0.05706048 0.092709 0.2690673
0.095408 0.1037724 0.008671403 12871615 0.05706048 0.092709 0.2690673
0.0944005 0.1053268 0.008190572 12981719 0.05609477 0.09365383 0.2692915
0.09342737 0.1059934 0.007882595 13231953 0.05503154 0.09436147 0.2696393
0.09246986 0.1081265 0.007295921 13322018 0.05411905 0.09552097 0.2697077
0.09136369 0.1096781 0.006621569 13472153 0.05308208 0.09640969 0.2698461
0.09037505 0.1109848 0.006113976 13692356 0.05199012 0.09723663 0.2699863
0.08936695 0.1126511 0.005583256 13912563 0.05080596 0.09815453 0.270057
0.08816935 0.1139641 0.004713833 14142759 0.04958545 0.09892791 0.2700872
0.08575331 0.1172233 0.003471553 14372978 0.04709058 0.1007184 0.2703481
0.08443762 0.1189668 0.002768412 14583160 0.0457978 0.1015919 0.2704594
0.08306105 0.1206163 0.002130926 14813376 0.044347 0.1025281 0.2706215
0.08015686 0.1239996 0.0009064376 15033571 0.04155082 0.1044317 0.2710588
0.07857499 0.1254331 0.0003689975 15263794 0.04007682 0.1052765 0.2713942
0.07705327 0.12712 -1.788139E-05 15453954 0.03869225 0.1061585 0.2717533
0.07532674 0.1285752 -0.0006785393 15584063 0.03715622 0.1068521 0.272032
0.07352503 0.1300475 -0.001371548 15674140 0.03564174 0.1074337 0.2723022
0.07181618 0.1314366 -0.001858473 15784240 0.03408697 0.1081164 0.2726357
0.07181618 0.1314366 -0.001858473 15894542 0.03408697 0.1081164 0.2726357
0.07013529 0.1326306 -0.002227992 16024461 0.03255598 0.1086954 0.2730264
0.06830383 0.1337421 -0.002749115 16124551 0.03091747 0.109096 0.2733524
0.06632475 0.1347979 -0.003439829 16224799 0.02921778 0.1093909 0.2736109
0.06632475 0.1347979 -0.003439829 16364914 0.02921778 0.1093909 0.2736109
0.06434792 0.1361454 -0.004110202 16454853 0.0275062 0.1097351 0.2738089
0.06241108 0.1372029 -0.004685134 16564957 0.02578728 0.1100378 0.2740552
0.06241108 0.1372029 -0.004685134 16675052 0.02578728 0.1100378 0.2740552
0.06035553 0.1381815 -0.005261689 16785155 0.02410922 0.1102933 0.2743565
0.06035553 0.1381815 -0.005261689 16905268 0.02410922 0.1102933 0.2743565
0.05831581 0.1387808 -0.005684257 17015351 0.0223691 0.1104836 0.2747599
0.05627301 0.1397113 -0.006038502 17125470 0.02064967 0.1107327 0.2751448
0.05403364 0.1404559 -0.006455168 17255568 0.01882659 0.1108148 0.2755417
0.05403364 0.1404559 -0.006455168 17345649 0.01882659 0.1108148 0.2755417
0.05188265 0.1412295 -0.006770954 17455752 0.01708606 0.1109838 0.2759591
0.04976568 0.141802 -0.007004187 17576019 0.01520781 0.1111687 0.2763927
0.04976568 0.141802 -0.007004187 17685960 0.01520781 0.1111687 0.2763927
0.04750248 0.1424566 -0.007421926 17796063 0.0133601 0.1113039 0.2767227
0.04541423 0.1431353 -0.00783062 17906167 0.01149426 0.1114777 0.2769395
0.04541423 0.1431353 -0.00783062 18036292 0.01149426 0.1114777 0.2769395
0.04306474 0.1439939 -0.008550644 18146380 0.009579748 0.1115988 0.2769698
0.04082778 0.1446177 -0.009210497 18256479 0.007605731 0.1117169 0.2769792
0.04082778 0.1446177 -0.009210497 18356573 0.007605731 0.1117169 0.2769792
0.03840733 0.1455941 -0.009946719 18466669 0.005762368 0.1118398 0.2769448
0.03600819 0.1464089 -0.0106611 18576764 0.003864586 0.1119199 0.276882
0.03600819 0.1464089 -0.0106611 18686863 0.003864586 0.1119199 0.276882
0.03373082 0.1470212 -0.01125222 18826994 0.001973704 0.1120251 0.2768624
0.03132756 0.1479227 -0.01204404 18917075 8.070469E-05 0.1121937 0.2766632
0.03132756 0.1479227 -0.01204404 19027179 8.070469E-05 0.1121937 0.2766632
0.02893908 0.1488834 -0.01272205 19137278 -0.001889288 0.1124291 0.2764911
0.02661566 0.1496781 -0.01327802 19277404 -0.003719747 0.1125773 0.2763922
0.02661566 0.1496781 -0.01327802 19397505 -0.003719747 0.1125773 0.2763922
0.02444497 0.149951 -0.01363039 19587875 -0.005538225 0.1125932 0.2764297
0.02220358 0.1505513 -0.01394926 19727803 -0.007216752 0.1126741 0.2764723
0.01990118 0.1510841 -0.01429731 19958006 -0.009026468 0.1127446 0.2764605
0.01780391 0.1514889 -0.01453653 20178209 -0.01073724 0.1128865 0.2764968
0.01361842 0.1518665 -0.01479124 20418426 -0.01404512 0.1129643 0.2767201
0.0114735 0.1517889 -0.01486087 20628624 -0.01556104 0.1128794 0.2768977
0.007576016 0.1511567 -0.01430933 20858823 -0.01873124 0.1128434 0.2777244
0.005451357 0.1507929 -0.01383294 21079038 -0.02039415 0.1128045 0.2782963
0.003549503 0.150466 -0.01308611 21299237 -0.02207276 0.1128764 0.2790358
0.001545953 0.1498102 -0.01237693 21519432 -0.02367753 0.1128299 0.2797911
-0.002484232 0.148724 -0.01098886 21749623 -0.0270462 0.1128679 0.2811778
-0.004678352 0.148271 -0.01037878 21979835 -0.02881402 0.1130159 0.2817882
-0.009032913 0.1474409 -0.009411007 22190029 -0.03231895 0.1132115 0.2826883
-0.01119311 0.1469434 -0.009012043 22440250 -0.03406146 0.1132702 0.2830328
-0.01356961 0.1466911 -0.00862591 22640431 -0.03593957 0.113332 0.2832908
-0.01607319 0.1453735 -0.007586867 22860630 -0.0385831 0.113166 0.2840843
-0.01845171 0.1451722 -0.007366627 23120865 -0.04041612 0.1132227 0.2841311
-0.02085465 0.1450265 -0.00718762 23311044 -0.04230011 0.1132697 0.2840877
-0.02589275 0.1446827 -0.007047549 23561262 -0.04604095 0.1133417 0.2837118
-0.02840889 0.1442756 -0.006988332 23761443 -0.04795974 0.1133374 0.2834772
-0.03093901 0.1441219 -0.00686644 23991667 -0.04985941 0.1134039 0.2832259
-0.03611335 0.1434334 -0.006528646 24201848 -0.05389071 0.1134333 0.2826785
-0.03856946 0.1430259 -0.006265834 24432234 -0.05588162 0.1134321 0.2824438
-0.04120598 0.1423763 -0.006018862 24652271 -0.05791212 0.1133616 0.2821554
-0.04628653 0.1410414 -0.005399719 24882450 -0.06192625 0.1130745 0.281564
-0.04875432 0.140329 -0.005139828 25122671 -0.06388551 0.1128567 0.2811764
-0.05139499 0.1393545 -0.004845738 25322848 -0.06600732 0.1126027 0.2807567
-0.05638068 0.1374891 -0.004299015 25553060 -0.06995785 0.1119631 0.279814
-0.05878868 0.1363536 -0.004071951 25773274 -0.07185847 0.1115079 0.2792812
-0.06137879 0.1350946 -0.003857031 26003474 -0.07373372 0.1109511 0.2786538
-0.06623903 0.1326637 -0.003246382 26253846 -0.07747614 0.1098553 0.2775029
-0.06856699 0.1312354 -0.002989173 26443863 -0.07928228 0.1091797 0.2768789
-0.07086366 0.1299516 -0.002638564 26684076 -0.08109105 0.1085556 0.2762928
-0.07522495 0.1271697 -0.002058849 26894266 -0.08459133 0.1071512 0.2750188
-0.07742368 0.1257656 -0.001731381 27124478 -0.08631802 0.1064777 0.2743639
-0.07953557 0.1241471 -0.001419857 27334679 -0.08798465 0.1057258 0.2737198
-0.08320884 0.1213064 -0.0009420812 27565029 -0.09115857 0.1041836 0.2724225
-0.08494168 0.1200342 -0.0007914752 27815097 -0.09267682 0.1033726 0.2716989
-0.08828267 0.1171738 -0.0005643219 28015277 -0.09535915 0.1016579 0.2702467
-0.08993874 0.1157711 -0.0004501045 28245489 -0.09655178 0.1008034 0.2695098
-0.09148286 0.1143592 -0.0004267395 28455837 -0.09768879 0.09991496 0.2687388
-0.09303606 0.1128996 -0.0004567653 28675878 -0.09885615 0.09897148 0.2679016
-0.09597389 0.1101369 -0.0005375147 28926103 -0.1010199 0.09705641 0.266249
-0.09741332 0.1087834 -0.0006152987 29126280 -0.1020778 0.09607625 0.2653863
-0.1004034 0.1057542 -0.0009164065 29346503 -0.1043072 0.09398536 0.2634559
-0.1018866 0.104238 -0.00126645 29576699 -0.1053388 0.09292676 0.262326
-0.1034352 0.1027365 -0.001629248 29806894 -0.1063361 0.09188077 0.2611404
-0.1052924 0.100315 -0.003076091 30037102 -0.1074218 0.08963561 0.258891
-0.1066869 0.09869956 -0.003638417 30247490 -0.1081433 0.08833204 0.2576263
-0.1080848 0.09696788 -0.004187271 30487513 -0.1087973 0.0869002 0.2563674
-0.110956 0.09324184 -0.005133823 30687697 -0.1100347 0.08392164 0.2539141
-0.1123111 0.09143457 -0.005608127 30947924 -0.1106883 0.0824542 0.2527167
-0.113839 0.08956255 -0.005922616 31138274 -0.111478 0.08099154 0.2515259
-0.1174135 0.08476309 -0.006252557 31358298 -0.1133841 0.07786497 0.2490253
-0.1189803 0.08285273 -0.006532907 31588506 -0.1142489 0.07652789 0.2477974
-0.1204765 0.08148099 -0.006805018 31818714 -0.1150898 0.07541494 0.2466055
-0.1238929 0.07730278 -0.007346168 32048918 -0.1168455 0.0725979 0.2439336
-0.125653 0.07523148 -0.007481903 32259119 -0.1177009 0.07117552 0.2426458
-0.1274263 0.07298715 -0.007628024 32479318 -0.1184083 0.0696934 0.2413379
-0.1307063 0.06858951 -0.007644862 32699509 -0.1200684 0.06671201 0.2390333
-0.1320664 0.06655642 -0.007752627 32929716 -0.1208621 0.06521188 0.2379819
-0.1337913 0.06400558 -0.007415578 33169945 -0.1217863 0.0636149 0.2369726
-0.1365785 0.05963296 -0.006751001 33380119 -0.123652 0.06061805 0.2353565
-0.1380209 0.05720936 -0.006215289 33610327 -0.1247221 0.05902669 0.2346188
-0.1392628 0.05488546 -0.005718127 33820699 -0.1257715 0.05745474 0.233984
-0.1415849 0.05024624 -0.004623026 34050728 -0.1279424 0.0543542 0.2328502
-0.1424847 0.04801869 -0.004370973 34290945 -0.1287863 0.05277396 0.2322787
-0.1437714 0.04558165 -0.003782734 34491126 -0.1297597 0.05116862 0.2316173
-0.1461742 0.04092661 -0.002925053 34731342 -0.1316568 0.04804913 0.2301738
-0.1472811 0.0385622 -0.002569973 34941528 -0.132565 0.04652646 0.2294538
-0.1482014 0.03633697 -0.002378836 35181947 -0.1333075 0.04502926 0.228778
-0.1499566 0.03208813 -0.002247006 35401943 -0.1345452 0.0420917 0.2273355
-0.1508324 0.02996637 -0.002140179 35612137 -0.1351908 0.04062935 0.2266296
-0.1517081 0.02788519 -0.001952216 35832332 -0.135681 0.03920956 0.2259771
-0.1530119 0.02385412 -0.001998141 36062548 -0.136431 0.036353 0.2247742
-0.153533 0.02195051 -0.002163976 36282925 -0.1367401 0.03500151 0.2241911
-0.1541127 0.01986928 -0.002245963 36502941 -0.1370511 0.03364083 0.2235939
-0.1548097 0.01634171 -0.002650037 36733319 -0.137212 0.03124753 0.2226731
-0.1548978 0.01471817 -0.002908632 37073456 -0.1371636 0.03007152 0.2224048
-0.1546316 0.01158787 -0.003545299 37293663 -0.1369113 0.02791736 0.2221435
-0.1539864 0.01131065 -0.004178151 37513849 -0.1366382 0.02720727 0.2223341
-0.1530764 0.008392422 -0.004455388 37764249 -0.1361446 0.02518854 0.2228108
-0.1524607 0.006851979 -0.004762709 37974269 -0.1358928 0.0241583 0.2230577
-0.1510065 0.003706193 -0.005311087 38204473 -0.1351322 0.02202275 0.2237695
-0.1503116 0.002028353 -0.005510524 38404661 -0.1346897 0.02082772 0.2241492
-0.1496926 0.0001278947 -0.005623311 38634873 -0.1343406 0.01955728 0.2244959
-0.148393 -0.003918363 -0.006035209 38855076 -0.1336296 0.01682829 0.2250976
-0.1477934 -0.005728194 -0.006191954 39075262 -0.1332684 0.01550447 0.2254107
-0.1472813 -0.008003782 -0.006134093 39335493 -0.1329104 0.01404546 0.2257458
-0.1459312 -0.01241739 -0.006180391 39525677 -0.1322891 0.01112 0.2265505
-0.1453272 -0.01456983 -0.006088257 39755877 -0.1319656 0.009622178 0.2269834
-0.1444537 -0.01695259 -0.006417572 39976075 -0.1315401 0.007985594 0.227331
-0.1428635 -0.02193723 -0.00678806 40196274 -0.1306282 0.004792307 0.2280317
-0.1421379 -0.02437705 -0.006951451 40416481 -0.1301447 0.003176115 0.2283516
-0.14117 -0.02693336 -0.007270247 40646830 -0.1295848 0.001518643 0.2287286
-0.139068 -0.03168421 -0.007771254 40906936 -0.1283703 -0.001797639 0.2297381
-0.1380091 -0.03382974 -0.007856399 41087248 -0.1278008 -0.00329224 0.2303521
-0.1373802 -0.03596435 -0.007650942 41317282 -0.1273692 -0.004821944 0.2308535
-0.1353191 -0.03973425 -0.007617205 41547502 -0.1261972 -0.007529535 0.2321963
-0.1339215 -0.04133521 -0.007851928 41767692 -0.1255114 -0.008683753 0.2329621
-0.1329894 -0.0430148 -0.007508621 41998082 -0.1251123 -0.009841201 0.2337492
-0.1308355 -0.04586577 -0.007157832 42208094 -0.1241369 -0.0119867 0.2353653
-0.129594 -0.0473383 -0.006955609 42428434 -0.123493 -0.0129706 0.2362747
-0.1282632 -0.04856173 -0.006830052 42658500 -0.1228788 -0.01394066 0.2372323
-0.1256047 -0.05110566 -0.006340981 42908892 -0.1217306 -0.0158149 0.2392375
-0.1256009 -0.05183562 -0.005328074 43109097 -0.1213449 -0.0167484 0.2400199
-0.1244034 -0.05337876 -0.0050392 43369137 -0.1207831 -0.01777283 0.2409176
-0.1217623 -0.05608033 -0.004277527 43549296 -0.1195926 -0.01974093 0.243049
-0.1206632 -0.05712475 -0.003662631 43779508 -0.1191747 -0.02074881 0.2441908
-0.1192604 -0.05906174 -0.003350914 43999706 -0.1186406 -0.02190206 0.2451326
-0.1169616 -0.06209897 -0.002680391 44219905 -0.1177854 -0.024046 0.2468573
-0.116189 -0.06370103 -0.002149746 44440100 -0.1174495 -0.0252085 0.2476077
-0.1145662 -0.06555888 -0.002270073 44670316 -0.1168162 -0.02640933 0.248385
-0.1131108 -0.06898613 -0.001687571 44890693 -0.1160346 -0.02881256 0.2494432
-0.1112301 -0.07070158 -0.002284333 45120718 -0.115346 -0.02993733 0.2500294
-0.1106232 -0.07231098 -0.002053782 45360931 -0.1150721 -0.03101221 0.2504123
-0.109403 -0.07529099 -0.001556218 45561261 -0.1144815 -0.0330369 0.251229
-0.1087407 -0.07668129 -0.00133419 45791323 -0.1141315 -0.03400053 0.2516623
-0.1073204 -0.07890037 -0.0007708967 46011518 -0.1133188 -0.03572914 0.2527753
-0.1064514 -0.07994569 -0.0004905909 46231721 -0.1129154 -0.03650812 0.2534054
-0.1054294 -0.08072536 -0.0003087372 46481942 -0.1124117 -0.03712416 0.2540915
-0.1035926 -0.08240806 0.0002311617 46682301 -0.1114728 -0.03839248 0.2554191
-0.1024719 -0.08308678 0.0004625171 46922340 -0.1108595 -0.03895168 0.2562018
-0.101392 -0.08382171 0.0007711202 47122524 -0.1102259 -0.03950573 0.2569911
-0.102335 -0.084657 0.002863973 47352740 -0.1107491 -0.0405975 0.2579225
-0.1011719 -0.0856654 0.00290969 47572927 -0.1099155 -0.04125831 0.2585436
-0.1000908 -0.08681627 0.003029764 47803135 -0.1090823 -0.04196137 0.259126
-0.0974804 -0.08921663 0.003159016 48043355 -0.1072676 -0.04342058 0.2604218
-0.09636444 -0.09037983 0.003309771 48243536 -0.1064594 -0.04418786 0.2610288
-0.09489221 -0.0917576 0.00331074 48503767 -0.1054487 -0.04503692 0.2616779
-0.0921999 -0.09429366 0.003537446 48693943 -0.1035407 -0.04674879 0.2630325
-0.09091485 -0.09558705 0.003633857 48944168 -0.1026089 -0.04766327 0.2636604
-0.08965293 -0.09688642 0.003733605 49144349 -0.1016564 -0.04856359 0.2642626
-0.08681127 -0.09961399 0.004097119 49374557 -0.09984935 -0.05040786 0.2656358
-0.08514536 -0.1008289 0.004280925 49614770 -0.0988692 -0.05128801 0.2664605
-0.08354259 -0.1021645 0.004569501 49814950 -0.0978331 -0.05227636 0.2673076
-0.08010748 -0.1046977 0.005031377 50045166 -0.09552121 -0.05420152 0.2690301
-0.07830303 -0.105914 0.005195022 50255352 -0.09429249 -0.05514234 0.2698719
-0.07641941 -0.1069504 0.005283758 50485559 -0.09296742 -0.05597796 0.2707185
-0.07255477 -0.109326 0.005681455 50705762 -0.09034586 -0.05767354 0.2723891
-0.07092873 -0.1102292 0.005906612 50935970 -0.08911473 -0.0583817 0.2731557
-0.06907079 -0.1110751 0.006111711 51186188 -0.08777326 -0.05901482 0.2739737
-0.06504847 -0.1125823 0.006561249 51376359 -0.08494315 -0.06017996 0.2757127
-0.0630732 -0.1132307 0.006794766 51616580 -0.08348614 -0.06068277 0.2765552
-0.06106782 -0.1140048 0.007038847 51826770 -0.08201113 -0.06124403 0.2773547
-0.05680231 -0.115414 0.007307932 52066987 -0.07871217 -0.06230201 0.2788733
-0.05478785 -0.1162161 0.007401228 52267175 -0.07706386 -0.06289718 0.2795162
-0.05236376 -0.1171708 0.007390067 52507380 -0.0752098 -0.06350856 0.2801063
-0.04762837 -0.1190974 0.007296205 52717570 -0.07128805 -0.06478424 0.2811466
-0.04533494 -0.1201375 0.007366911 52947781 -0.06930196 -0.06545465 0.281653
-0.04013804 -0.1220098 0.007527351 53298106 -0.0649755 -0.06679789 0.282784
-0.03496651 -0.1235613 0.007535741 53518483 -0.06044805 -0.06807283 0.2837884
-0.03315995 -0.1246917 0.007611275 53728482 -0.05827207 -0.06877641 0.2840765
-0.03044965 -0.1257168 0.007721156 53948879 -0.05585364 -0.06940486 0.2844357
-0.02821577 -0.1265621 0.007740736 54169058 -0.053675 -0.06997333 0.2847079
-0.02321849 -0.1284423 0.00776352 54429118 -0.04919308 -0.07118028 0.285069
-0.0210411 -0.129259 0.007894218 54619290 -0.04711789 -0.07173012 0.2852778
-0.01931066 -0.1298898 0.008015722 54839488 -0.04517192 -0.07217436 0.2855017
-0.01443419 -0.1307375 0.00827983 55069854 -0.04093748 -0.07295922 0.2859821
-0.0122674 -0.1310153 0.008375853 55399990 -0.03894961 -0.0733172 0.2862087
-0.007589727 -0.1312504 0.008759141 55640211 -0.03480583 -0.07387128 0.286737
-0.002863856 -0.131189 0.009210035 55850397 -0.03063488 -0.07426822 0.2872199
-0.0008975582 -0.1313532 0.009182394 56080609 -0.02874324 -0.07443362 0.2871825
0.001232532 -0.1313326 0.009269476 56300815 -0.02676729 -0.07457221 0.2872486
0.003675647 -0.1313363 0.009370402 56521010 -0.02455747 -0.07462165 0.2871998
0.008225592 -0.1314869 0.009562671 56761231 -0.0202837 -0.0749336 0.2870694
0.01077153 -0.1314914 0.009769604 56971408 -0.0180639 -0.07513296 0.2870019
0.01529362 -0.1314332 0.00992918 57311732 -0.01382089 -0.07527277 0.2866528
0.01973485 -0.1313696 0.01020269 57521917 -0.009441793 -0.07540414 0.2862839
0.02262905 -0.1308938 0.0104578 57752125 -0.007091701 -0.07538787 0.2860712
0.02532137 -0.1304239 0.01066618 58002343 -0.004703403 -0.07532186 0.2858429
0.03016425 -0.1295751 0.01089664 58202527 -0.0002171397 -0.0750549 0.2852044
0.03286581 -0.1291188 0.01119746 58532821 0.002180204 -0.07486392 0.2848029
0.03768743 -0.1282782 0.01106395 58763029 0.006750301 -0.07437522 0.2836531
0.04040604 -0.1276471 0.01121716 59003254 0.009042144 -0.07411517 0.2830641
0.04524213 -0.1267589 0.01096027 59353574 0.01347297 -0.07340803 0.2814937
0.05028156 -0.1257751 0.01059036 59563752 0.01786365 -0.07256687 0.2795792
0.05261714 -0.125181 0.01034097 59874194 0.01999408 -0.07203439 0.2786378
0.05779561 -0.12356 0.01026565 60104240 0.02434677 -0.07095809 0.2767559
0.0601867 -0.1228658 0.0100469 60344456 0.02640884 -0.07033445 0.2756799
0.06530352 -0.1205994 0.01006988 60544823 0.03060508 -0.06876218 0.2737021
0.06772244 -0.1190707 0.009999603 60804868 0.0326281 -0.06778174 0.2728106
0.07237544 -0.1160366 0.01023708 60995052 0.0365366 -0.06576802 0.2711395
0.07454526 -0.1145602 0.0102275 61225251 0.03839388 -0.06470398 0.2702501
0.07682252 -0.1127478 0.01028924 61575584 0.04033718 -0.063514 0.2694088
0.08098221 -0.1094612 0.01016836 61915870 0.04386176 -0.06103345 0.2675427
0.08499573 -0.106529 0.009849057 62246168 0.04706238 -0.0585782 0.2653749
0.08885379 -0.1037443 0.009313136 62566457 0.05010403 -0.05610707 0.2630577
0.09249548 -0.1014745 0.008604988 62776647 0.05275458 -0.05388849 0.2605583
0.09426787 -0.1004878 0.008288309 63026877 0.05401239 -0.05287118 0.2592999
0.09779791 -0.09844723 0.007583022 63227058 0.05658107 -0.05076245 0.2567562
0.09945142 -0.09753536 0.007077783 63477466 0.05770823 -0.04975593 0.2554407
0.102825 -0.09554566 0.006073549 63807578 0.05980415 -0.04776793 0.2527678
0.1060636 -0.09357801 0.005027756 64007758 0.06183065 -0.04561392 0.2500831
0.1077497 -0.09228378 0.004712135 64257988 0.06281364 -0.04440835 0.2488091
0.109347 -0.09123834 0.004402772 64458177 0.06371905 -0.04330976 0.2475273
0.1127406 -0.0886797 0.003849253 64798484 0.06583478 -0.04110634 0.2450639
0.1160437 -0.08593753 0.003639251 65058707 0.06813514 -0.03904798 0.2429427
0.1176678 -0.0845986 0.003688455 65379000 0.06928411 -0.03801006 0.2419232
0.120954 -0.08229566 0.003532439 65709306 0.07157326 -0.03600525 0.2396237
0.1241592 -0.0796243 0.003545284 66029583 0.07391605 -0.033933 0.2375477
0.1272199 -0.07674976 0.003649041 66359885 0.07599811 -0.03180998 0.235576
0.1301667 -0.07380366 0.003769055 66700350 0.07804908 -0.02953583 0.2336468
0.133101 -0.07081049 0.004069716 67060517 0.08003125 -0.02712686 0.2316916
0.1359999 -0.06800497 0.004375309 67390811 0.08213061 -0.02486179 0.2297595
0.1387855 -0.06455135 0.004718333 67721121 0.0840297 -0.02224574 0.2279651
0.1412953 -0.06097207 0.004989311 68041402 0.08563215 -0.01922443 0.2262171
0.1435501 -0.05664467 0.005315572 68381859 0.08703025 -0.01598895 0.2248409
0.1455704 -0.05157723 0.005720779 68702189 0.08826198 -0.01252062 0.2238151
0.1472341 -0.04700199 0.006151959 69072527 0.08943225 -0.009262925 0.2230212
0.1488335 -0.04225661 0.005955681 69382621 0.09042729 -0.005707548 0.2220374
0.1501086 -0.03781624 0.005666867 69732925 0.09087232 -0.002112664 0.2210748
0.1510336 -0.0328891 0.005041569 70073232 0.09091735 0.001584456 0.220367
0.1516334 -0.02740085 0.004199713 70383528 0.09060536 0.005651768 0.2198597
0.1522226 -0.02199535 0.003410563 70723819 0.09025633 0.00983715 0.2192826
0.1527752 -0.01676788 0.00289534 71054137 0.09027125 0.01376498 0.2189207
0.1528208 -0.01195514 0.00232026 71384419 0.09004526 0.01751525 0.2189099
0.1528703 -0.006640341 0.001562715 71734735 0.08970664 0.02121816 0.2189071
0.1524732 -0.001680053 0.0009346157 72085047 0.08900777 0.02471035 0.219221
0.1519736 0.00280841 0.000218913 72395477 0.0881598 0.02806369 0.2194743
0.1513625 0.006901324 -0.0003917813 72735639 0.08723739 0.03117485 0.2197989
0.1505923 0.01075132 -0.0008047223 73065933 0.08632797 0.0340552 0.2203287
0.1497692 0.01341299 -0.001208246 73426468 0.08578932 0.03628314 0.2209215
0.1489505 0.01526248 -0.001551807 73766565 0.08497451 0.03794071 0.2213984
0.1476354 0.01636347 -0.001727909 74076845 0.08383512 0.03892135 0.2223046
0.1453131 0.01693591 -0.001332924 74447183 0.08219956 0.03983482 0.2241635
