0.1429384 0.001767077 0.0127184 0 0.01576164 0.01410285 0.07580673
0.1430158 0.001913109 0.01256891 110108 0.01593405 0.01426462 0.07584547
0.1434091 0.002300896 0.01276685 220223 0.01623708 0.01449791 0.07589173
0.1434091 0.002300896 0.01276685 330302 0.01623708 0.01449791 0.07589173
0.1436936 0.002819219 0.01270856 440406 0.01647037 0.01474348 0.07578235
0.1439682 0.003233828 0.01260408 550675 0.01669296 0.01502971 0.07559723
0.1439682 0.003233828 0.01260408 670609 0.01669296 0.01502971 0.07559723
0.1442014 0.004047312 0.0124702 780709 0.01687586 0.01548997 0.07542669
0.1443543 0.004857697 0.01225432 890808 0.01701259 0.01599828 0.07523227
0.1443543 0.004857697 0.01225432 1000907 0.01701259 0.01599828 0.07523227
0.1446192 0.005960026 0.01231469 1111007 0.01719612 0.0165898 0.07521641
0.1446796 0.007084169 0.01212545 1231115 0.01725685 0.01714603 0.07512105
0.1446796 0.007084169 0.01212545 1341397 0.01725685 0.01714603 0.07512105
0.1449139 0.008553066 0.01239451 1451314 0.01734122 0.01791874 0.07519364
0.1448842 0.01008026 0.01260944 1561413 0.01717624 0.01872615 0.07523667
0.1448842 0.01008026 0.01260944 1671529 0.01717624 0.01872615 0.07523667
0.1447548 0.01155142 0.01296593 1801630 0.01690358 0.01963691 0.07537525
0.1447324 0.01326958 0.01354261 1901720 0.01666998 0.0206062 0.07561057
0.1447324 0.01326958 0.01354261 2011820 0.01666998 0.0206062 0.07561057
0.1446548 0.01521984 0.0141774 2121923 0.01641258 0.0216885 0.07597023
0.1444168 0.01742498 0.01463743 2242044 0.01603415 0.02285544 0.07623821
0.144045 0.01966802 0.0149665 2342118 0.01562959 0.02406374 0.07658153
0.144045 0.01966802 0.0149665 2462222 0.01562959 0.02406374 0.07658153
0.1434251 0.02241377 0.01502551 2592340 0.01510867 0.02552287 0.07692432
0.142918 0.02512983 0.01540299 2682425 0.01456409 0.02702144 0.07727343
0.142918 0.02512983 0.01540299 2792536 0.01456409 0.02702144 0.07727343
0.1421957 0.02803043 0.01567193 2902620 0.01385101 0.02878252 0.07758582
0.1421957 0.02803043 0.01567193 3022732 0.01385101 0.02878252 0.07758582
0.1414974 0.03104595 0.01605828 3132835 0.01313427 0.03063217 0.07793701
0.1404181 0.03403679 0.01596905 3242927 0.01220733 0.03258566 0.07814747
0.1395297 0.03710106 0.0162852 3353030 0.01134595 0.03471748 0.07849031
0.1395297 0.03710106 0.0162852 3463129 0.01134595 0.03471748 0.07849031
0.1385402 0.04057602 0.0167736 3583408 0.01036915 0.03692797 0.07894371
0.1376858 0.04361943 0.01739915 3713351 0.009475377 0.03910259 0.07943087
0.1376858 0.04361943 0.01739915 3803437 0.009475377 0.03910259 0.07943087
0.1365611 0.04687515 0.01784898 3913532 0.008407858 0.04138223 0.07992011
0.1353669 0.05024949 0.0184737 4023643 0.007268963 0.04370013 0.08055656
0.1353669 0.05024949 0.0184737 4133735 0.007268963 0.04370013 0.08055656
0.1341431 0.05349819 0.01925923 4253843 0.00606772 0.0459284 0.08127254
0.1328828 0.05704287 0.02017505 4363938 0.004828242 0.04810587 0.08204906
0.1328828 0.05704287 0.02017505 4474042 0.004828242 0.04810587 0.08204906
0.1313574 0.06039623 0.02082963 4584141 0.003441629 0.0502452 0.08280359
0.1299062 0.06360845 0.02147771 4704420 0.002137808 0.05238525 0.08357059
0.1299062 0.06360845 0.02147771 4814357 0.002137808 0.05238525 0.08357059
0.1282731 0.06720963 0.0222391 4924448 0.0006979382 0.05452827 0.08444863
0.1265475 0.07076827 0.02295466 5034697 -0.0008457326 0.0566136 0.08521908
0.1265475 0.07076827 0.02295466 5144659 -0.0008457326 0.0566136 0.08521908
0.1247488 0.07413617 0.02369876 5254746 -0.002485873 0.05870214 0.08598351
0.1228427 0.07695345 0.02392919 5364842 -0.004166039 0.06059233 0.08643799
0.1228427 0.07695345 0.02392919 5474945 -0.004166039 0.06059233 0.08643799
0.1211307 0.08033386 0.02463962 5595061 -0.00580612 0.0627685 0.08696739
0.1191599 0.0836077 0.02517129 5705153 -0.007593425 0.06484678 0.0875241
0.1191599 0.0836077 0.02517129 5825419 -0.007593425 0.06484678 0.0875241
0.1171692 0.08654109 0.0255409 5925351 -0.009396525 0.06678096 0.08796613
0.1151065 0.08943656 0.02579815 6065482 -0.01122329 0.06875315 0.08840197
0.1151065 0.08943656 0.02579815 6155563 -0.01122329 0.06875315 0.08840197
0.1129522 0.09220508 0.02597524 6265659 -0.0130977 0.07066993 0.08885519
0.1107217 0.0948154 0.025993 6375754 -0.01500404 0.07249085 0.08924572
0.1107217 0.0948154 0.025993 6495866 -0.01500404 0.07249085 0.08924572
0.108655 0.09754267 0.02649362 6595953 -0.01688996 0.07431868 0.08978157
0.1061708 0.1002461 0.0265444 6716227 -0.01898742 0.07604995 0.09023289
0.1061708 0.1002461 0.0265444 6826359 -0.01898742 0.07604995 0.09023289
0.1038667 0.1026868 0.02667822 6936268 -0.02098766 0.07775322 0.0906779
0.1012735 0.1052515 0.02662207 7046359 -0.02308559 0.07944361 0.09123652
0.1012735 0.1052515 0.02662207 7156466 -0.02308559 0.07944361 0.09123652
0.09887524 0.1077437 0.02677138 7266566 -0.02515712 0.08109632 0.09167235
0.09650524 0.110132 0.0271057 7386670 -0.02729115 0.08277456 0.09216158
0.09650524 0.110132 0.0271057 7496940 -0.02729115 0.08277456 0.09216158
0.09408756 0.1120996 0.0272317 7626883 -0.02946743 0.08426538 0.09254377
0.09170726 0.1143525 0.0278315 7726973 -0.03173098 0.08577707 0.09304409
0.09170726 0.1143525 0.0278315 7827064 -0.03173098 0.08577707 0.09304409
0.0889926 0.1167229 0.02813477 7937171 -0.03414124 0.08732298 0.09355609
0.08669183 0.1189918 0.02876849 8057279 -0.03639823 0.08878604 0.09390455
0.08669183 0.1189918 0.02876849 8167375 -0.03639823 0.08878604 0.09390455
0.08427959 0.1212228 0.0293339 8277474 -0.03868854 0.09016362 0.09429865
0.08130633 0.1238925 0.02958477 8397595 -0.04125965 0.09152213 0.09466927
0.08130633 0.1238925 0.02958477 8507876 -0.04125965 0.09152213 0.09466927
0.07814597 0.1263413 0.02966184 8627798 -0.04388598 0.09279051 0.09515075
0.07641425 0.1294203 0.03260095 8747899 -0.04654097 0.09373156 0.09516756
0.07604496 0.1311503 0.03551859 8837984 -0.04860177 0.09416477 0.093841
0.07604496 0.1311503 0.03551859 8958096 -0.04860177 0.09416477 0.093841
0.06944787 0.1323836 0.0303619 9068184 -0.05158007 0.09660307 0.09653012
0.06944787 0.1323836 0.0303619 9198309 -0.05158007 0.09660307 0.09653012
0.06618866 0.1343295 0.03047145 9288394 -0.05441388 0.09779135 0.09700148
0.06197016 0.134475 0.02766288 9398490 -0.05732813 0.09849779 0.09679894
0.06197016 0.134475 0.02766288 9508589 -0.05732813 0.09849779 0.09679894
0.05986338 0.1377944 0.03056801 9638698 -0.05997836 0.1002144 0.09788774
0.05668686 0.1398107 0.0309121 9738789 -0.06280112 0.1014165 0.09840105
0.05668686 0.1398107 0.0309121 9848888 -0.06280112 0.1014165 0.09840105
0.05364085 0.1411908 0.0314886 9958992 -0.06627675 0.1016759 0.09755366
0.04957202 0.1421665 0.02965653 10069091 -0.06884041 0.1033329 0.09877013
0.04592454 0.1437426 0.0293386 10179186 -0.07201561 0.1044338 0.09898905
0.04592454 0.1437426 0.0293386 10299299 -0.07201561 0.1044338 0.09898905
0.04213695 0.1452939 0.02908546 10429416 -0.07520675 0.1054167 0.09941695
0.03847878 0.1467022 0.0288285 10519493 -0.07841929 0.1062835 0.0995916
0.03847878 0.1467022 0.0288285 10629597 -0.07841929 0.1062835 0.0995916
0.03442862 0.1481843 0.02812255 10739878 -0.08166712 0.1071471 0.09984402
0.03068496 0.1495751 0.02789951 10859813 -0.08497781 0.1080157 0.1000187
0.03068496 0.1495751 0.02789951 10959899 -0.08497781 0.1080157 0.1000187
0.02627973 0.1504963 0.02698779 11080011 -0.08854001 0.1086552 0.1002818
0.02218565 0.1512039 0.02636474 11190103 -0.0920796 0.1092233 0.1004413
0.02218565 0.1512039 0.02636474 11310211 -0.0920796 0.1092233 0.1004413
0.01789343 0.1517952 0.02539176 11410463 -0.0955173 0.1097213 0.1007181
0.01406733 0.1527947 0.02522796 11540419 -0.09894123 0.1102745 0.1009072
0.01406733 0.1527947 0.02522796 11640505 -0.09894123 0.1102745 0.1009072
0.009700615 0.153299 0.02436441 11750608 -0.1024859 0.1105985 0.101157
0.005809326 0.1536696 0.02381366 11860793 -0.1058918 0.1108784 0.1012605
0.005809326 0.1536696 0.02381366 11970803 -0.1058918 0.1108784 0.1012605
0.001632263 0.1541615 0.023117 12080923 -0.1093289 0.1111244 0.1014858
-0.00221126 0.1544982 0.02272278 12201193 -0.1126691 0.1112927 0.1017076
-0.00221126 0.1544982 0.02272278 12331128 -0.1126691 0.1112927 0.1017076
-0.00678003 0.1545171 0.02153826 12421214 -0.1161559 0.1112548 0.1019842
-0.01072827 0.1546023 0.02107554 12531479 -0.1194846 0.1112 0.1022824
-0.01072827 0.1546023 0.02107554 12651417 -0.1194846 0.1112 0.1022824
-0.0147527 0.1543597 0.0204606 12751512 -0.1228798 0.1109306 0.1024892
-0.01851837 0.1540045 0.01991874 12881625 -0.126077 0.1106383 0.1027243
-0.01851837 0.1540045 0.01991874 12981715 -0.126077 0.1106383 0.1027243
-0.02207462 0.1534689 0.01945394 13111833 -0.1291136 0.1101895 0.1029752
-0.02552727 0.1527584 0.01894664 13211923 -0.1320523 0.1096723 0.1032216
-0.02552727 0.1527584 0.01894664 13312163 -0.1320523 0.1096723 0.1032216
-0.0287878 0.1519171 0.01842784 13432130 -0.1348055 0.1090619 0.1034568
-0.03201104 0.1508938 0.01790923 13542221 -0.1375494 0.1083628 0.1036939
-0.03201104 0.1508938 0.01790923 13652333 -0.1375494 0.1083628 0.1036939
-0.03515394 0.1497433 0.01736837 13762432 -0.1402005 0.1075782 0.1039338
-0.0383453 0.1488464 0.01687562 13902546 -0.1428567 0.1068226 0.1041545
-0.0416765 0.1477814 0.01623964 13992628 -0.1455486 0.1059968 0.1043923
-0.0416765 0.1477814 0.01623964 14102735 -0.1455486 0.1059968 0.1043923
-0.04487485 0.1467467 0.01590377 14252866 -0.148226 0.1052262 0.1047904
-0.04827461 0.1458412 0.01561528 14473065 -0.1510548 0.1044452 0.1052192
-0.05164785 0.1446731 0.01524609 14693264 -0.1538456 0.1035632 0.1056443
-0.05492074 0.1437892 0.01520567 14923488 -0.1565675 0.1026779 0.1062224
-0.06061003 0.1419983 0.01604872 15163684 -0.1616334 0.1008562 0.1077431
-0.06405686 0.1406652 0.01621109 15363885 -0.1646266 0.09968821 0.1084763
-0.06679526 0.1395635 0.01669799 15584076 -0.1671356 0.09876851 0.1092931
-0.07293774 0.1366381 0.01655405 15814446 -0.1721589 0.09664384 0.1106915
-0.07560296 0.1353085 0.01672893 16044483 -0.1743525 0.09558348 0.1114744
-0.07825528 0.1337231 0.01687943 16284700 -0.1765595 0.09433786 0.1122279
-0.08346213 0.130175 0.01710211 16484877 -0.1807996 0.09173217 0.1138172
-0.086165 0.1282203 0.01717459 16705079 -0.1829182 0.09024802 0.1146588
-0.08854346 0.1263929 0.01760333 16945446 -0.184978 0.08874741 0.115529
-0.0935752 0.1225802 0.01820766 17155482 -0.1892461 0.08572474 0.1171773
-0.09564766 0.120564 0.01854377 17395703 -0.1910852 0.08425085 0.1179383
-0.09782731 0.1184881 0.01857405 17595883 -0.1928167 0.08270732 0.118589
-0.1016526 0.1139818 0.01845901 17826087 -0.1959515 0.07972006 0.1196524
-0.1032595 0.1113577 0.01841633 18056299 -0.1973637 0.07807651 0.1201169
-0.1048322 0.108854 0.018378 18266488 -0.1986604 0.07643297 0.1206101
-0.1074024 0.1038379 0.01819383 18496696 -0.2007747 0.07299367 0.1213272
-0.1080442 0.1018042 0.01850425 18726904 -0.2016387 0.0713704 0.1215582
-0.1092243 0.09948913 0.01837067 18947103 -0.2026011 0.06981412 0.1218425
-0.1115317 0.09469084 0.01789151 19167301 -0.204483 0.06657878 0.1221796
-0.1125453 0.0926185 0.01777296 19397509 -0.2053716 0.06510834 0.1223326
-0.113542 0.08997408 0.01755951 19627713 -0.2062923 0.06354026 0.1224637
-0.1153351 0.08555284 0.01717131 19847912 -0.2078911 0.06062547 0.1226145
-0.1169879 0.08300176 0.0162857 20068114 -0.2084892 0.05914513 0.1228907
-0.1181037 0.07801739 0.01582544 20278300 -0.2093627 0.05587808 0.123007
-0.1184224 0.07547203 0.01565842 20508524 -0.2096741 0.05423656 0.1230289
-0.1186829 0.07292023 0.01555853 20748728 -0.209954 0.05254129 0.1230784
-0.119093 0.06769922 0.01546542 20959101 -0.2104101 0.04889003 0.1232321
-0.1192429 0.06527665 0.01534949 21189134 -0.2105883 0.04707829 0.123197
-0.1194589 0.06259636 0.01519315 21409329 -0.2108196 0.04523293 0.1231653
-0.1201345 0.05758265 0.01471858 21629523 -0.2115596 0.0417811 0.1228758
-0.1205057 0.05503777 0.01444148 21869740 -0.2118532 0.04003719 0.1227783
-0.121196 0.05250756 0.01411192 22079926 -0.2123407 0.03821579 0.122715
-0.122175 0.04749492 0.01351534 22310138 -0.2131387 0.03464023 0.1224494
-0.1225222 0.04485969 0.01322685 22520331 -0.2134397 0.03282336 0.1222929
-0.1232256 0.04227725 0.01294486 22740522 -0.2138848 0.03098408 0.1223049
-0.1240401 0.03716436 0.01245187 22980759 -0.2143838 0.0271999 0.1222015
-0.1244075 0.03447918 0.01226459 23200941 -0.2146098 0.02529947 0.1221988
-0.1257614 0.03211013 0.01211868 23431149 -0.2154278 0.02323572 0.1225154
-0.1262588 0.02731446 0.01218311 23641339 -0.2160419 0.01973871 0.1225817
-0.1266683 0.02462164 0.01216887 23861570 -0.2164096 0.01788274 0.1226557
-0.1268599 0.0221651 0.0122122 24091749 -0.21658 0.01598207 0.1227487
-0.1271445 0.01683859 0.01231508 24311960 -0.2167994 0.01218931 0.1229795
-0.1268266 0.01429144 0.01253496 24532151 -0.216671 0.01040677 0.1230752
-0.1267463 0.01152078 0.01252739 24762355 -0.2166309 0.008424796 0.1230598
-0.1262569 0.005760707 0.01254569 25002563 -0.2161757 0.004336991 0.1230845
-0.125829 0.002893128 0.01261924 25212753 -0.2158234 0.00231544 0.1231042
-0.1255143 0.0003898525 0.01265405 25432956 -0.2154995 0.0003456259 0.1231479
-0.1244967 -0.005292377 0.01291065 25653158 -0.214864 -0.003744683 0.1230815
-0.1243424 -0.008042774 0.01289819 25873353 -0.2146886 -0.005787692 0.123074
-0.123921 -0.01090868 0.01285945 26113570 -0.2142976 -0.007780394 0.1229891
-0.122895 -0.01647564 0.0127648 26323760 -0.2135977 -0.01179703 0.1225709
-0.1224393 -0.01965662 0.01271306 26553975 -0.2132486 -0.01404413 0.1223872
-0.1217716 -0.02295717 0.01272182 26764165 -0.2127163 -0.01633521 0.1222274
-0.1202618 -0.02916773 0.01277666 26994365 -0.2115654 -0.0206941 0.121855
-0.1196696 -0.03202208 0.01255612 27214563 -0.2110099 -0.02282508 0.1215451
-0.1188462 -0.03517898 0.01245384 27444771 -0.2102866 -0.02504929 0.1212761
-0.1170223 -0.04107853 0.01238965 27684984 -0.2087283 -0.02929982 0.1208217
-0.1163566 -0.04394718 0.01214741 27885169 -0.207966 -0.03150698 0.1205873
-0.115361 -0.04672094 0.01208924 28115372 -0.2070977 -0.03353949 0.1203338
-0.1133773 -0.05228515 0.01194488 28345604 -0.2054367 -0.03751202 0.1197089
-0.1125814 -0.05469247 0.01195918 28555774 -0.2047442 -0.03934427 0.1195543
-0.1115569 -0.05701788 0.01192515 28785986 -0.2038755 -0.04112836 0.1193079
-0.1094029 -0.06184013 0.01216434 29006180 -0.2021531 -0.04469772 0.118981
-0.1084373 -0.06385155 0.01227085 29246397 -0.2014241 -0.04637202 0.1188268
-0.1063345 -0.06809039 0.01260404 29456583 -0.1997069 -0.04966458 0.1186621
-0.1053378 -0.07024653 0.01268207 29696808 -0.1988741 -0.05126603 0.1184977
-0.1041307 -0.07242091 0.01267033 29907001 -0.1978377 -0.05285414 0.1182279
-0.1017923 -0.07648523 0.01276385 30127196 -0.196018 -0.05579527 0.1176433
-0.1004526 -0.07844062 0.01288878 30347399 -0.1949869 -0.05721851 0.1173835
-0.09942728 -0.08044001 0.01290898 30587603 -0.1941551 -0.0587184 0.1171254
-0.09734768 -0.08452757 0.01293706 30817811 -0.1923161 -0.06170757 0.1166988
-0.09612511 -0.0863616 0.01298593 31018057 -0.1912897 -0.0631121 0.1164722
-0.09498633 -0.08851071 0.01313602 31248216 -0.1902805 -0.06457217 0.1163457
-0.09239592 -0.0922019 0.01320999 31468556 -0.1880875 -0.06731255 0.1158252
-0.09104212 -0.09422715 0.0134763 31688747 -0.1869889 -0.06871338 0.1156991
-0.08987983 -0.09580704 0.01343112 31928826 -0.1859223 -0.07001527 0.1154943
-0.0874947 -0.09951814 0.0134968 32139003 -0.1836873 -0.07269771 0.1151526
-0.08612208 -0.1012417 0.01364516 32359206 -0.1825082 -0.07394667 0.1149909
-0.0847373 -0.1030037 0.01369136 32579401 -0.1812429 -0.0751793 0.114779
-0.08192375 -0.1059238 0.01375907 32809613 -0.1787326 -0.07738551 0.1143565
-0.08038155 -0.1075661 0.01388549 33049825 -0.1773891 -0.07854767 0.1141537
-0.07882409 -0.109142 0.0139808 33250006 -0.1759332 -0.07967719 0.1140203
-0.07546644 -0.112128 0.01403402 33500232 -0.1728137 -0.08192571 0.1136211
-0.07357167 -0.1136833 0.01403951 33700416 -0.1710535 -0.08305749 0.1133652
-0.07113153 -0.1156643 0.01443534 33930624 -0.1690936 -0.08421595 0.113029
-0.06690387 -0.1184723 0.01447397 34170837 -0.1651076 -0.08630534 0.1125942
-0.06463984 -0.1202262 0.0145868 34371172 -0.1630285 -0.08747657 0.1123283
-0.06211784 -0.1217939 0.01471179 34631256 -0.1607118 -0.08856995 0.1120856
-0.05726649 -0.1248779 0.01479953 34821424 -0.1562191 -0.09074636 0.1114932
-0.05448687 -0.1262947 0.01492857 35051640 -0.1538176 -0.09171779 0.1110748
-0.05183712 -0.1277502 0.01508414 35271839 -0.1514605 -0.09270914 0.1107583
-0.04646907 -0.1302279 0.01509362 35512051 -0.1467972 -0.09459396 0.1098076
-0.04351865 -0.1315013 0.01530283 35712236 -0.1442677 -0.09541412 0.1093964
-0.04092371 -0.1330025 0.01527052 35942448 -0.1419093 -0.09633441 0.1088848
-0.03538266 -0.1350481 0.01522821 36163040 -0.137138 -0.09780927 0.1077775
-0.03244654 -0.1361702 0.0152499 36402851 -0.1345481 -0.09850617 0.1072441
-0.02972012 -0.1369055 0.01498323 36633083 -0.1320484 -0.0990959 0.1066653
-0.02420615 -0.1388239 0.0145393 36843253 -0.1270431 -0.100317 0.1053579
-0.02144084 -0.1396926 0.0142067 37063451 -0.1244815 -0.100939 0.104689
-0.01893224 -0.1404323 0.01367098 37283849 -0.1220849 -0.1014921 0.1039452
-0.0132569 -0.1418253 0.01275825 37513866 -0.1168582 -0.1024049 0.1023074
-0.01015192 -0.1427501 0.01259011 37734057 -0.1140507 -0.1028338 0.1015731
-0.007368572 -0.1431853 0.01191372 37954413 -0.1114272 -0.1032302 0.1006922
-0.001724199 -0.1441642 0.0109086 38194654 -0.1061381 -0.1038829 0.09912083
0.001097872 -0.1443581 0.01029718 38394661 -0.1035093 -0.1041014 0.09829137
0.004156841 -0.1447147 0.009949028 38634878 -0.1007818 -0.104282 0.09746663
0.009888527 -0.145099 0.009119571 38845071 -0.09557714 -0.1045047 0.0959259
0.01292754 -0.145237 0.008786621 39085276 -0.09283134 -0.1046224 0.09522603
0.01908405 -0.145112 0.008214655 39315484 -0.08739208 -0.1045656 0.09380125
0.02223703 -0.1451008 0.008083644 39515786 -0.08463927 -0.1045277 0.09315734
0.02542061 -0.1450032 0.007843021 39745872 -0.08184602 -0.1044458 0.09243158
0.03149792 -0.1452204 0.007278923 39966071 -0.07624795 -0.1043354 0.09109715
0.0347936 -0.1453291 0.007221703 40186269 -0.07331263 -0.1042873 0.09049753
0.03791419 -0.1449351 0.006772761 40416477 -0.0704776 -0.1041392 0.08979789
0.04433287 -0.1449258 0.006491131 40636676 -0.06477004 -0.1040158 0.08852272
0.04744131 -0.1451264 0.006425446 40856879 -0.06195247 -0.1040641 0.08799223
0.05085273 -0.1447113 0.006350583 41087078 -0.05903523 -0.1039657 0.08741032
0.05681276 -0.144136 0.005605883 41327315 -0.05362957 -0.1036673 0.08604852
0.05973693 -0.144081 0.005443939 41527484 -0.05099728 -0.1035032 0.08542912
0.06258927 -0.1437199 0.004995354 41767701 -0.04839205 -0.1032908 0.08471285
0.06810302 -0.1427179 0.003922769 41967877 -0.04340115 -0.1028416 0.0831878
0.07095203 -0.1423713 0.003908524 42198101 -0.0409694 -0.1025781 0.08262543
0.07344618 -0.141799 0.003411958 42448319 -0.03866428 -0.1021453 0.08192997
0.07899947 -0.140277 0.003149997 42648504 -0.03393224 -0.1011375 0.08074372
0.08139652 -0.139585 0.002916883 42898717 -0.03180813 -0.1006028 0.08019137
0.08625067 -0.137669 0.002403986 43108907 -0.02751982 -0.09937914 0.07919198
0.08883234 -0.1368156 0.002580654 43329102 -0.02537927 -0.09870322 0.07880007
0.0911717 -0.135656 0.002247047 43559313 -0.0232524 -0.09793492 0.07834236
0.09357243 -0.1344453 0.00220604 43769507 -0.02118349 -0.09708377 0.07797837
0.09829562 -0.1316323 0.002105785 44009716 -0.0172151 -0.09533676 0.07724671
0.1001627 -0.1305795 0.001777125 44209901 -0.01543894 -0.0945278 0.07689565
0.102587 -0.1292393 0.002099468 44430095 -0.01346663 -0.09353407 0.07668471
0.1067107 -0.1262022 0.002233221 44660315 -0.009965152 -0.0914342 0.07628863
0.1088822 -0.1242387 0.00248511 44880506 -0.008226633 -0.09023376 0.07621049
0.1109676 -0.1225171 0.002852513 45130727 -0.006510616 -0.08905096 0.07623606
0.114817 -0.1188772 0.00372751 45330920 -0.003357233 -0.08656211 0.07650684
0.1165754 -0.1168339 0.004082098 45571137 -0.001918734 -0.08523102 0.07665371
0.120206 -0.1125629 0.004981533 45781323 0.001061468 -0.08237381 0.07708883
0.121876 -0.1106545 0.005482212 46001513 0.00245115 -0.08090421 0.07730757
0.1235865 -0.1083105 0.005908028 46241730 0.003844379 -0.07929511 0.07750528
0.1266457 -0.1034728 0.006674663 46451924 0.006281433 -0.07593723 0.07781171
0.1282196 -0.1009736 0.007235841 46692141 0.007471529 -0.07421835 0.07801943
0.129644 -0.09850045 0.007647053 46892321 0.008590159 -0.0724711 0.07817857
0.1311105 -0.0959378 0.008136705 47132538 0.009704735 -0.0707012 0.07835066
0.1335905 -0.09120508 0.008736149 47342728 0.01175743 -0.06721231 0.07864527
0.1347757 -0.08877106 0.009107427 47582965 0.01270318 -0.06540044 0.07880937
0.1371589 -0.08352728 0.009804146 47813164 0.01455649 -0.06174572 0.07908946
0.1382152 -0.08106228 0.01019491 48023358 0.01536998 -0.05996986 0.07926302
0.1391631 -0.07838722 0.01046123 48243537 0.01613098 -0.0580519 0.07942372
0.1410674 -0.07337113 0.01106323 48483753 0.01760491 -0.0544122 0.07964759
0.1421418 -0.07035203 0.01164963 48683934 0.01831403 -0.05247029 0.07986384
0.1429728 -0.06800456 0.01209833 48924155 0.01893344 -0.05067285 0.08006959
0.1444728 -0.06278344 0.01279475 49134345 0.0201075 -0.04714115 0.08058011
0.1453387 -0.06048234 0.01338978 49354543 0.0207177 -0.04550572 0.08085512
0.1460011 -0.05795749 0.01391156 49574742 0.0211862 -0.04377278 0.08118933
0.1471598 -0.05284818 0.01473977 49804954 0.02211305 -0.0404547 0.08194065
0.1476675 -0.05049642 0.01528622 50045162 0.02250096 -0.03884836 0.08239745
0.148117 -0.04800196 0.01574715 50265365 0.02284175 -0.03718968 0.08279525
0.1486165 -0.04283102 0.0166141 50485564 0.02316674 -0.03386112 0.08360773
0.1486275 -0.04018315 0.01683088 50695750 0.02316591 -0.03204735 0.08390868
0.1488573 -0.03761693 0.01729645 50945979 0.02321213 -0.03025278 0.0841195
0.1489274 -0.0324163 0.01791461 51166178 0.02311327 -0.0266877 0.08457977
0.1488594 -0.02970858 0.01829691 51366359 0.02293273 -0.02486642 0.08481961
0.148905 -0.02693435 0.01881559 51626590 0.02279508 -0.02307006 0.08505452
0.1486673 -0.02183851 0.01952852 51816769 0.02241736 -0.01950344 0.08557212
0.148541 -0.01940556 0.01992406 52036960 0.02221217 -0.01776489 0.08583765
0.1483532 -0.01717838 0.02018984 52287186 0.02199831 -0.01612445 0.0860654
0.1478948 -0.01245984 0.02084579 52477361 0.02147751 -0.01298102 0.08660775
0.1474635 -0.01040491 0.02089347 52727587 0.02111807 -0.01163109 0.08678417
0.1471151 -0.008243165 0.02130349 52927776 0.02070593 -0.01026281 0.08705228
0.1463936 -0.004483185 0.02188046 53177990 0.01986283 -0.007574162 0.08735298
0.1461933 -0.00276812 0.02236588 53388187 0.0195277 -0.006211243 0.08755957
0.1458143 -0.0008884286 0.02248945 53608382 0.0192112 -0.004973969 0.08776747
0.1453272 0.002776542 0.023151 53848595 0.01864364 -0.00236269 0.08819794
0.1451756 0.004398265 0.02364607 54068802 0.01836049 -0.001216731 0.08839666
0.1446861 0.007668891 0.02446873 54299005 0.01773148 0.001195111 0.08886492
0.1444691 0.009118952 0.02481051 54499186 0.01750418 0.002350726 0.08915608
0.1442362 0.01004771 0.02490993 54719385 0.01732209 0.003180303 0.08934521
0.1442007 0.01130406 0.02548315 54939583 0.01719811 0.004061141 0.08970254
0.1435618 0.01259664 0.02610387 55169791 0.01659291 0.005362668 0.09039097
0.1433049 0.01288775 0.02668871 55420013 0.01624759 0.005736031 0.09081016
0.1423729 0.01343063 0.02813686 55620198 0.01515904 0.006094613 0.09192609
0.1415711 0.01360468 0.02889766 55870423 0.0142711 0.00598506 0.09248149
0.1404092 0.01384644 0.02937014 56060591 0.01316386 0.005685248 0.09299617
