0.1458812 0.009669258 0.01253338 0 0.1335316 0.009754889 0.239924
0.1458812 0.009669258 0.01253338 130113 0.1335316 0.009754889 0.239924
0.1456433 0.01043688 0.01254597 220194 0.1333424 0.01015817 0.2401366
0.1453768 0.01141512 0.01255082 330302 0.1330608 0.01081215 0.2403677
0.1453768 0.01141512 0.01255082 440397 0.1330608 0.01081215 0.2403677
0.1449682 0.01262101 0.01243657 560506 0.1325535 0.01166975 0.2406501
0.1445596 0.0141996 0.01253933 670605 0.1320634 0.01268303 0.2410511
0.1445596 0.0141996 0.01253933 780708 0.1320634 0.01268303 0.2410511
0.1440179 0.0155982 0.01259272 890812 0.131612 0.0137037 0.2415419
0.1436167 0.01704118 0.01290485 1000899 0.1312963 0.0148338 0.2420599
0.1436167 0.01704118 0.01290485 1121011 0.1312963 0.0148338 0.2420599
0.1430252 0.01883872 0.01320988 1231301 0.130849 0.01613366 0.242731
0.1423314 0.02065221 0.01353338 1341206 0.1302741 0.01753031 0.2434993
0.1416718 0.02273646 0.01404978 1451309 0.1297353 0.01905023 0.2443395
0.1416718 0.02273646 0.01404978 1561409 0.1297353 0.01905023 0.2443395
0.1409683 0.02506584 0.01469535 1671524 0.1292489 0.0207163 0.2452836
0.1409683 0.02506584 0.01469535 1791617 0.1292489 0.0207163 0.2452836
0.1400927 0.02687093 0.01510717 1901732 0.1287427 0.02212798 0.2462554
0.1394451 0.02901195 0.0160227 2011819 0.1284771 0.02376889 0.2473132
0.1388335 0.03096102 0.01689419 2121919 0.1283039 0.02531718 0.2483201
0.1388335 0.03096102 0.01689419 2242019 0.1283039 0.02531718 0.2483201
0.1379 0.03308855 0.01742505 2342117 0.127882 0.02696024 0.2493991
0.1379 0.03308855 0.01742505 2472239 0.127882 0.02696024 0.2493991
0.1371093 0.03535191 0.01818869 2572329 0.1274714 0.0285896 0.2504674
0.1364164 0.03737862 0.01912738 2682424 0.1272247 0.03011262 0.2515618
0.1354284 0.03972078 0.01986083 2792917 0.1267237 0.03180634 0.2527701
0.1354284 0.03972078 0.01986083 2912648 0.1267237 0.03180634 0.2527701
0.134528 0.04186802 0.02060902 3022732 0.1263257 0.03346681 0.2539226
0.1336218 0.04386852 0.02149111 3132831 0.1258491 0.03520643 0.2551726
0.1336218 0.04386852 0.02149111 3262944 0.1258491 0.03520643 0.2551726
0.1327669 0.04583228 0.02238113 3363035 0.1254325 0.03691184 0.2563809
0.1318643 0.0476306 0.02334101 3473146 0.124961 0.03856611 0.2576813
0.1318643 0.0476306 0.02334101 3573240 0.124961 0.03856611 0.2576813
0.13106 0.04955681 0.02433099 3713367 0.1246453 0.04025923 0.2589029
0.1298186 0.05158377 0.02479041 3803428 0.1239465 0.04190838 0.2601731
0.1298186 0.05158377 0.02479041 3913544 0.1239465 0.04190838 0.2601731
0.1289127 0.05362379 0.02572306 4023631 0.1235848 0.04364371 0.2614312
0.1277645 0.05555474 0.02664779 4143735 0.1230638 0.04534768 0.2629041
0.1277645 0.05555474 0.02664779 4243829 0.1230638 0.04534768 0.2629041
0.1266885 0.05747685 0.0277663 4364149 0.1226517 0.04708683 0.2644309
0.1255391 0.0592338 0.02895804 4474033 0.122181 0.04879581 0.2660834
0.1255391 0.0592338 0.02895804 4584137 0.122181 0.04879581 0.2660834
0.1241784 0.06144845 0.02999716 4694240 0.1217555 0.05063402 0.2677786
0.1229188 0.0632391 0.03139471 4804335 0.1211768 0.05237758 0.2696321
0.1229188 0.0632391 0.03139471 4934461 0.1211768 0.05237758 0.2696321
0.121635 0.06518417 0.03269204 5034551 0.1206114 0.05419528 0.2714273
0.1198045 0.0672297 0.03354657 5144650 0.1197623 0.05594229 0.2734118
0.1198045 0.0672297 0.03354657 5284769 0.1197623 0.05594229 0.2734118
0.1184959 0.06898639 0.03490248 5364841 0.1192473 0.05756854 0.2752592
0.1169284 0.07104129 0.03612125 5484954 0.1184053 0.05933522 0.2771859
0.1169284 0.07104129 0.03612125 5595053 0.1184053 0.05933522 0.2771859
0.1150673 0.07314562 0.03723386 5725166 0.117489 0.06108795 0.2792863
0.1135856 0.07454118 0.03840016 5825269 0.116671 0.06251585 0.2811815
0.1135856 0.07454118 0.03840016 5925351 0.116671 0.06251585 0.2811815
0.1121848 0.07624153 0.03999469 6045605 0.115847 0.06411254 0.28319
0.1104472 0.07784208 0.04113078 6155753 0.1150004 0.06556689 0.2852311
0.1104472 0.07784208 0.04113078 6265650 0.1150004 0.06556689 0.2852311
0.1088515 0.0792587 0.04240949 6375753 0.1139818 0.06706487 0.2872609
0.1073064 0.08058614 0.04345353 6495870 0.11291 0.06846463 0.2890998
0.1073064 0.08058614 0.04345353 6595956 0.11291 0.06846463 0.2890998
0.1054239 0.08213552 0.04466783 6716073 0.1118716 0.06987082 0.2912658
0.1040123 0.08330567 0.04588857 6826306 0.1107927 0.07114529 0.2930813
0.1040123 0.08330567 0.04588857 6936259 0.1107927 0.07114529 0.2930813
0.1022771 0.0845784 0.04674937 7046359 0.1095936 0.0724157 0.2949269
0.1006514 0.08588293 0.04762803 7166471 0.108384 0.07375776 0.2966764
0.1006514 0.08588293 0.04762803 7286733 0.108384 0.07375776 0.2966764
0.09918479 0.08694543 0.04831596 7386848 0.1071992 0.07495617 0.2982131
0.09773535 0.08818648 0.04898857 7496781 0.1059451 0.07624304 0.2996651
0.09773535 0.08818648 0.04898857 7606877 0.1059451 0.07624304 0.2996651
0.09558132 0.08986521 0.04901069 7736982 0.1042148 0.07761966 0.3011543
0.09407915 0.09114072 0.04940306 7827063 0.1028516 0.07887279 0.3024213
0.09407915 0.09114072 0.04940306 7947176 0.1028516 0.07887279 0.3024213
0.09456413 0.09104104 0.05113943 8057433 0.1029069 0.07966208 0.3032834
0.09291168 0.09249063 0.05103765 8167370 0.1012401 0.08091056 0.3042868
0.09291168 0.09249063 0.05103765 8277470 0.1012401 0.08091056 0.3042868
0.09123643 0.09403575 0.05095106 8387569 0.09941959 0.08221184 0.3052559
0.08951391 0.09539317 0.05042928 8527691 0.09756606 0.08330536 0.306001
0.08771969 0.09691907 0.05010967 8617773 0.09557784 0.08456611 0.3068642
0.08771969 0.09691907 0.05010967 8727872 0.09557784 0.08456611 0.3068642
0.08597802 0.09822018 0.04975052 8837975 0.09346516 0.08571672 0.3076825
0.08597802 0.09822018 0.04975052 8948071 0.09346516 0.08571672 0.3076825
0.08390693 0.09986805 0.04932804 9068195 0.09125624 0.08701324 0.3085905
0.08185954 0.1013607 0.04876703 9168269 0.08889524 0.08818232 0.3093716
0.08185954 0.1013607 0.04876703 9308400 0.08889524 0.08818232 0.3093716
0.08139916 0.1013922 0.04860714 9398639 0.08784129 0.08847439 0.3096117
0.07900752 0.1032761 0.04702477 9518602 0.08514754 0.08949029 0.3097459
0.07679829 0.1047698 0.04633842 9618866 0.08258194 0.09052633 0.310416
0.07679829 0.1047698 0.04633842 9748797 0.08258194 0.09052633 0.310416
0.07456622 0.1061283 0.04541159 9848888 0.07992717 0.09143542 0.310922
0.07221875 0.1075702 0.04434133 9958987 0.07723333 0.09228276 0.3113126
0.07221875 0.1075702 0.04434133 10089104 0.07723333 0.09228276 0.3113126
0.0696089 0.1094424 0.04414207 10179186 0.07442679 0.09355889 0.3123059
0.06713091 0.1108655 0.04312021 10309299 0.07151072 0.09439134 0.3126894
0.06713091 0.1108655 0.04312021 10409389 0.07151072 0.09439134 0.3126894
0.06487828 0.1119439 0.04183766 10529506 0.068414 0.0950067 0.3127792
0.06227667 0.1133273 0.04071765 10629608 0.06531829 0.09564792 0.3130032
0.06227667 0.1133273 0.04071765 10749701 0.06531829 0.09564792 0.3130032
0.05980914 0.1144575 0.03964226 10879814 0.06236765 0.09611689 0.3131812
0.05727742 0.1155315 0.03820398 10969895 0.05935517 0.09640943 0.3130656
0.05727742 0.1155315 0.03820398 11090008 0.05935517 0.09640943 0.3130656
0.05463255 0.1167603 0.03694333 11190098 0.05636861 0.09668314 0.3129871
0.05194569 0.1179349 0.03543338 11300197 0.05318354 0.09690105 0.3126937
0.05194569 0.1179349 0.03543338 11420302 0.05318354 0.09690105 0.3126937
0.04935212 0.1188748 0.03410876 11520392 0.05001042 0.09701704 0.3124774
0.04668398 0.1197886 0.03269738 11640504 0.04674015 0.09705209 0.312152
0.04668398 0.1197886 0.03269738 11750612 0.04674015 0.09705209 0.312152
0.04375213 0.1210664 0.03116257 11860703 0.04352085 0.0971719 0.3116653
0.04104732 0.1219085 0.02981856 11990829 0.04032529 0.09713864 0.3112758
0.04104732 0.1219085 0.02981856 12090911 0.04032529 0.09713864 0.3112758
0.03830813 0.122625 0.02829649 12201164 0.03702028 0.09702312 0.310733
0.03526729 0.1236256 0.02681136 12311106 0.03361339 0.0970019 0.3101566
0.03526729 0.1236256 0.02681136 12431218 0.03361339 0.0970019 0.3101566
0.03219672 0.1245102 0.02525319 12531316 0.03003057 0.09696769 0.3094957
0.02930618 0.1252948 0.02369599 12651417 0.02666001 0.096825 0.3087198
0.02930618 0.1252948 0.02369599 12761516 0.02666001 0.096825 0.3087198
0.02625346 0.1261771 0.02231149 12871615 0.0232771 0.09670471 0.308001
0.02326042 0.1268338 0.02067052 12991732 0.02003644 0.09638631 0.3070446
0.02326042 0.1268338 0.02067052 13101831 0.02003644 0.09638631 0.3070446
0.02041381 0.1274478 0.01909502 13211927 0.01675214 0.0960859 0.3060519
0.01737968 0.1280032 0.0173678 13352053 0.01347142 0.09571814 0.3049204
0.01452504 0.1285484 0.01563837 13442138 0.01031102 0.09527992 0.303671
0.01452504 0.1285484 0.01563837 13542217 0.01031102 0.09527992 0.303671
0.01145311 0.1292299 0.01390427 13652324 0.007144635 0.09483587 0.3023289
0.01145311 0.1292299 0.01390427 13762419 0.007144635 0.09483587 0.3023289
0.00878576 0.1295564 0.01194818 13872523 0.004123292 0.09418332 0.3007821
0.005962021 0.1299241 0.00995025 13992631 0.001230112 0.09344338 0.2991229
0.005962021 0.1299241 0.00995025 14102722 0.001230112 0.09344338 0.2991229
0.003223842 0.1302701 0.007990658 14212830 -0.001558792 0.09263646 0.2974155
0.0005484633 0.1304349 0.005948827 14342943 -0.004279967 0.09171616 0.295618
-0.002129702 0.1306063 0.004083171 14443029 -0.006975636 0.09073578 0.293876
-0.002129702 0.1306063 0.004083171 14543128 -0.006975636 0.09073578 0.293876
-0.004760806 0.1307817 0.002055854 14663248 -0.009640092 0.08975469 0.2919657
-0.004760806 0.1307817 0.002055854 14773332 -0.009640092 0.08975469 0.2919657
-0.007281302 0.1310071 0.0001583248 14883435 -0.01213609 0.08878934 0.2901005
-0.009838494 0.1311358 -0.001887947 14993538 -0.01452642 0.08771478 0.2880838
-0.009838494 0.1311358 -0.001887947 15123644 -0.01452642 0.08771478 0.2880838
-0.01218061 0.1311154 -0.003993049 15223734 -0.01685045 0.08660471 0.2860268
-0.01472593 0.1312548 -0.005939394 15333833 -0.01920728 0.085536 0.2840063
-0.01472593 0.1312548 -0.005939394 15443937 -0.01920728 0.085536 0.2840063
-0.01673681 0.1317232 -0.007807702 15564045 -0.02129899 0.08456003 0.2819884
-0.01935168 0.1314444 -0.01003028 15674149 -0.0235274 0.08321559 0.279731
-0.01935168 0.1314444 -0.01003028 15774247 -0.0235274 0.08321559 0.279731
-0.02106419 0.1317384 -0.01225951 15894343 -0.02525498 0.08209538 0.2774417
-0.02327262 0.1318049 -0.01468648 16014452 -0.02702836 0.08081137 0.2749523
-0.0255443 0.132226 -0.01704611 16114550 -0.02868145 0.07965957 0.2724371
-0.0255443 0.132226 -0.01704611 16244659 -0.02868145 0.07965957 0.2724371
-0.02744332 0.1323783 -0.01966642 16334741 -0.03023619 0.07836174 0.2697766
-0.02744332 0.1323783 -0.01966642 16444844 -0.03023619 0.07836174 0.2697766
-0.02968482 0.1325204 -0.02225308 16564948 -0.0318211 0.07701898 0.2670723
-0.03194734 0.1329412 -0.02469091 16675048 -0.03340289 0.07580113 0.2644307
-0.03194734 0.1329412 -0.02469091 16785167 -0.03340289 0.07580113 0.2644307
-0.03395189 0.1328425 -0.02729484 16895255 -0.03477995 0.07433068 0.2617375
-0.03643421 0.1329657 -0.02972531 17005362 -0.03629601 0.07297122 0.2590671
-0.03925414 0.133429 -0.03181005 17145468 -0.03797515 0.07180154 0.2565612
-0.03925414 0.133429 -0.03181005 17235554 -0.03797515 0.07180154 0.2565612
-0.04148384 0.1331398 -0.0343316 17345649 -0.0395182 0.07030951 0.2538679
-0.04475122 0.1333872 -0.0364824 17455756 -0.04124672 0.06902181 0.2512021
-0.04475122 0.1333872 -0.0364824 17575861 -0.04124672 0.06902181 0.2512021
-0.04722207 0.1330587 -0.03871842 17685968 -0.04298161 0.06771313 0.2486851
-0.05059464 0.1330423 -0.04090653 17796063 -0.04465755 0.06639992 0.245961
-0.05059464 0.1330423 -0.04090653 18026267 -0.04465755 0.06639992 0.245961
-0.05616072 0.1322728 -0.04526536 18146380 -0.04771582 0.06354033 0.2407721
-0.05616072 0.1322728 -0.04526536 18306540 -0.04771582 0.06354033 0.2407721
-0.0593441 0.1321619 -0.04717629 18516706 -0.04922516 0.06223475 0.2382573
-0.06507464 0.1308932 -0.05141761 18727078 -0.05179075 0.05915319 0.2330726
-0.0679558 0.1301229 -0.05324984 18947098 -0.05302784 0.05764257 0.2307027
-0.07139844 0.1293896 -0.05496076 19177306 -0.05435797 0.05613482 0.228263
-0.07784271 0.1266904 -0.05840216 19397505 -0.05692247 0.05302929 0.2235559
-0.08108199 0.1252996 -0.06000924 19617910 -0.05798103 0.05145251 0.2212732
-0.08420432 0.1235203 -0.06144462 19867925 -0.05903219 0.04978632 0.2191615
-0.09121134 0.1189063 -0.06384124 20068106 -0.06114162 0.04631507 0.215107
-0.09438202 0.1163328 -0.06494965 20298318 -0.06223696 0.04458415 0.2132332
-0.09774017 0.113498 -0.06587553 20518516 -0.06336182 0.04288446 0.2114451
-0.1038418 0.1064947 -0.06749252 20728714 -0.06534921 0.03915953 0.2082523
-0.1066914 0.1030425 -0.06806117 20978932 -0.06632305 0.03727042 0.206859
-0.1095675 0.09905612 -0.06855991 21189125 -0.06725955 0.03533911 0.205529
-0.1146652 0.0908639 -0.06924408 21419345 -0.06909209 0.03153824 0.2032849
-0.1172007 0.08650447 -0.06942411 21629519 -0.07001542 0.02969872 0.2022836
-0.1194285 0.08202329 -0.06949869 21859735 -0.0708959 0.02782439 0.201454
-0.1234368 0.07306834 -0.06965572 22079925 -0.07247718 0.02413034 0.1999253
-0.1248076 0.06876461 -0.06979501 22320138 -0.07307731 0.02226745 0.1993341
-0.1265781 0.06446365 -0.06985248 22540341 -0.07372275 0.0204004 0.1986422
-0.1297608 0.05570062 -0.07003727 22750530 -0.07471523 0.01687144 0.1973702
-0.1316912 0.05145803 -0.07001387 22980738 -0.07535794 0.01522099 0.1966629
-0.1335194 0.04667472 -0.07004362 23190928 -0.07591291 0.01344573 0.1959677
-0.1364626 0.03809203 -0.07018236 23421132 -0.07685887 0.009987704 0.1947458
-0.1380173 0.03375631 -0.07013907 23661348 -0.07733126 0.008196942 0.194164
-0.1393475 0.02925069 -0.07010929 23871538 -0.0778117 0.006419412 0.193661
-0.1416737 0.0201563 -0.06990804 24121768 -0.07866556 0.002799622 0.1928696
-0.1424194 0.01554902 -0.06981813 24321944 -0.07896141 0.0009620106 0.1926384
-0.142919 0.01086895 -0.06978142 24562165 -0.07918274 -0.0009853924 0.1924709
-0.1432556 0.001360383 -0.06947799 24782368 -0.07958518 -0.004982837 0.1925546
-0.1430212 -0.003164179 -0.06932008 24982549 -0.07968225 -0.006955156 0.1927683
-0.1428613 -0.008336778 -0.06909985 25212752 -0.07983232 -0.009052047 0.1929947
-0.1421337 -0.01774889 -0.06873208 25442960 -0.07979216 -0.01304615 0.1935784
-0.1415593 -0.02248454 -0.06842289 25683173 -0.07970186 -0.01510037 0.1940437
-0.1397413 -0.03169184 -0.06793649 25883358 -0.07948533 -0.01908232 0.1951589
-0.1384916 -0.03601208 -0.06768844 26103564 -0.07933813 -0.02102245 0.1958586
-0.1370762 -0.04025099 -0.06734265 26333760 -0.07917139 -0.02290953 0.1966923
-0.1355808 -0.04375631 -0.06676732 26553959 -0.07897593 -0.0246985 0.1977192
-0.1316956 -0.05066762 -0.0657625 26794176 -0.07838325 -0.02824903 0.2000497
-0.1290679 -0.05421133 -0.06542088 27004369 -0.07793321 -0.02995146 0.2013782
-0.1265954 -0.05745603 -0.06494734 27234577 -0.07740112 -0.03162087 0.2027395
-0.1211542 -0.06397077 -0.06396263 27444767 -0.07593815 -0.03494109 0.2056872
-0.1178093 -0.0672304 -0.06349884 27674970 -0.07502225 -0.03659333 0.2073689
-0.1144474 -0.07002809 -0.06289499 27895173 -0.07404451 -0.03820313 0.2091547
-0.107491 -0.07455944 -0.06116874 28125381 -0.07199422 -0.04134608 0.2131891
-0.103851 -0.07694682 -0.06029841 28375615 -0.0708758 -0.04287005 0.2152465
-0.09641926 -0.08044699 -0.05797377 28565774 -0.06895483 -0.04574645 0.2198256
-0.09283394 -0.081584 -0.05651555 28785977 -0.06796607 -0.04714061 0.2223118
-0.08896855 -0.08267591 -0.05512586 29016185 -0.06683187 -0.04848052 0.2248219
-0.0817828 -0.08481947 -0.05229004 29236392 -0.06461584 -0.05110944 0.2296601
-0.078205 -0.08631571 -0.05096538 29486613 -0.06337633 -0.05240906 0.231959
-0.07479142 -0.08742648 -0.04964105 29686794 -0.06208633 -0.05365742 0.2341994
-0.06807137 -0.09025003 -0.04711185 29927007 -0.05931476 -0.05619825 0.2384648
-0.06464662 -0.09119153 -0.04580976 30137196 -0.0579095 -0.05737747 0.2406133
-0.0612259 -0.09211797 -0.04445992 30357391 -0.05642351 -0.05861343 0.2427824
-0.0546138 -0.09381244 -0.04159795 30577800 -0.05326697 -0.06099642 0.2471417
-0.05132509 -0.09452566 -0.040212 30807802 -0.05161012 -0.06211497 0.2492317
-0.04822948 -0.0953153 -0.03884903 31048018 -0.04995888 -0.06323685 0.2512276
-0.04211645 -0.0963094 -0.03603227 31248223 -0.04674575 -0.06525029 0.25519
-0.03910702 -0.09701686 -0.03470501 31498421 -0.04497372 -0.06628192 0.2570412
-0.03576985 -0.09732336 -0.03333434 31698605 -0.04300214 -0.06718708 0.2589606
-0.02940518 -0.09793645 -0.03062542 31958836 -0.03895821 -0.0689031 0.2626002
-0.02609627 -0.09825827 -0.02920255 32149028 -0.03682428 -0.06971324 0.264427
-0.02295208 -0.09837894 -0.02783374 32369207 -0.03467206 -0.07046474 0.2661507
-0.01636971 -0.09775238 -0.02480984 32589413 -0.03030251 -0.07162703 0.2697501
-0.0131574 -0.0973094 -0.0232705 32819617 -0.02805356 -0.07214368 0.2714995
-0.009993618 -0.09691018 -0.02179739 33059842 -0.02570097 -0.07260717 0.273134
-0.004626744 -0.09571613 -0.01902454 33260010 -0.02133016 -0.07314194 0.2760937
-0.001672707 -0.09522665 -0.01769498 33490243 -0.01888097 -0.07340229 0.2774506
0.001796358 -0.09482464 -0.01643269 33710421 -0.01629583 -0.0736568 0.278636
0.008367481 -0.09373759 -0.01393735 33940629 -0.01098176 -0.07403553 0.2808318
0.01159057 -0.0932417 -0.01272091 34150831 -0.00827577 -0.07411421 0.2817971
0.0154519 -0.09291007 -0.01139796 34381022 -0.005293794 -0.07424892 0.2826806
0.02217164 -0.09184897 -0.008953884 34641439 0.0005474851 -0.07431544 0.2842101
0.0256858 -0.09102196 -0.007666856 34821578 0.003559964 -0.07425512 0.2848952
0.02879094 -0.09034154 -0.006550238 35081658 0.006412197 -0.07420517 0.28543
0.03522511 -0.08862442 -0.004183695 35271838 0.01224555 -0.0738417 0.2863468
0.03828135 -0.08789229 -0.003084674 35502042 0.01507629 -0.07363392 0.2866477
0.04155917 -0.08732751 -0.002022102 35742421 0.01805414 -0.07348359 0.2867662
0.04760161 -0.0856639 6.899238E-06 35962623 0.02392267 -0.07285345 0.286913
0.05056652 -0.08498374 0.0009848326 36202666 0.02675347 -0.07255483 0.2868465
0.0560505 -0.08267565 0.002959862 36392988 0.03238408 -0.07155312 0.2868016
0.05884717 -0.08156467 0.004102826 36633058 0.03507809 -0.07100642 0.2867572
0.06154572 -0.08010986 0.005193844 36833397 0.03779326 -0.07033504 0.2866843
0.06432594 -0.07878806 0.006364301 37063447 0.04052703 -0.06962801 0.2865528
0.06953762 -0.0759141 0.008413732 37323678 0.04580286 -0.06797506 0.2860472
0.07189886 -0.07446397 0.009317994 37503840 0.04829799 -0.06704558 0.2857402
0.07436644 -0.0730931 0.01016165 37734056 0.05080423 -0.0661006 0.2852627
0.07894813 -0.07014096 0.0117683 37954449 0.05560616 -0.06410325 0.2843173
0.08130772 -0.06868116 0.0126294 38204671 0.05801816 -0.06306613 0.2837704
0.08559109 -0.06582785 0.01390153 38404795 0.06251375 -0.06098748 0.2824726
0.08766994 -0.06426744 0.01444511 38644870 0.06465916 -0.0598327 0.281735
0.08967514 -0.06277694 0.01493713 38865069 0.06679129 -0.05867912 0.2809773
0.09376656 -0.0599893 0.01576769 39075266 0.07072469 -0.05630506 0.2791207
0.09582244 -0.05861659 0.01609938 39305486 0.07269361 -0.05505765 0.2780784
0.09785195 -0.05736632 0.01639581 39515660 0.07465164 -0.05389954 0.2770015
0.1013615 -0.0545021 0.01669401 39755877 0.07844897 -0.05130089 0.2750272
0.1033549 -0.05310108 0.01709695 39966249 0.08042575 -0.05001343 0.2739869
0.1052415 -0.05148414 0.01746184 40206287 0.08216964 -0.04856981 0.2729499
0.1088288 -0.04831374 0.01790838 40416477 0.08570044 -0.04557563 0.2707902
0.1106398 -0.04685728 0.01815982 40636680 0.08748806 -0.0441717 0.2696847
0.1124416 -0.04498425 0.01843029 40897060 0.08914575 -0.04254938 0.2685694
0.1156942 -0.04156875 0.01825178 41087078 0.09219682 -0.03932215 0.2661065
0.1171773 -0.04001552 0.01800941 41327295 0.09354601 -0.03766979 0.2648567
0.1188491 -0.03812816 0.01809093 41527475 0.0950199 -0.03594817 0.2636519
0.1215351 -0.03443302 0.01771639 41757679 0.09735586 -0.03244258 0.2613921
0.1228859 -0.03244863 0.01766795 41977902 0.09851095 -0.03061212 0.2603246
0.1241934 -0.03050271 0.0175961 42208085 0.09961167 -0.02879787 0.259266
0.1267404 -0.02667526 0.01767406 42448472 0.1018968 -0.02514542 0.2573249
0.1279266 -0.02476898 0.01760399 42648483 0.1028479 -0.02330268 0.2563329
0.1292024 -0.02271807 0.01755883 42898713 0.103919 -0.02136493 0.2552857
0.1316782 -0.01900082 0.01751699 43108902 0.1059724 -0.01771677 0.2532493
0.1328685 -0.01700364 0.01754236 43319092 0.107041 -0.0158968 0.2523025
0.1340539 -0.01532453 0.01746847 43669408 0.1080087 -0.0141964 0.2512808
0.136384 -0.01183744 0.01778653 43879598 0.1098564 -0.0107354 0.2494856
0.1387143 -0.008455166 0.01818115 44109806 0.1118616 -0.007432946 0.2477253
0.1395758 -0.006555401 0.01801889 44330004 0.1127714 -0.005795845 0.246947
0.1405083 -0.005115809 0.01824829 44560224 0.1136215 -0.004353651 0.2462723
0.1420472 -0.001675027 0.01884554 44800425 0.1152985 -0.001403579 0.2452983
0.1425412 0.0001050379 0.0192094 45000610 0.1159717 0.000112406 0.2450837
0.1431483 0.001537465 0.01983623 45250831 0.116702 0.001410118 0.2448837
0.1437292 0.005183505 0.02071467 45451016 0.1178278 0.004185072 0.2448761
0.1439138 0.006942901 0.02138343 45701246 0.1183448 0.005555502 0.2450728
0.1442987 0.009977744 0.02278887 45901422 0.1192194 0.008119694 0.2454489
0.1443569 0.01144284 0.02341332 46121621 0.1196484 0.009446136 0.2457362
0.144417 0.01261414 0.02403811 46362024 0.1200082 0.01060819 0.2460131
0.1441391 0.01503355 0.02496149 46562015 0.1208617 0.0126723 0.2468445
0.1438312 0.01609331 0.02534454 46832279 0.1211036 0.01351284 0.2473691
0.1434541 0.01680166 0.02594921 47012425 0.1212097 0.01417863 0.2480549
0.1419056 0.01792931 0.02726923 47242633 0.1212346 0.01497614 0.2502819
0.1409049 0.01815206 0.02834725 47452818 0.1212729 0.01500248 0.2518425
0.1395554 0.01812814 0.02960876 47683030 0.1210874 0.01482355 0.2538355
0.1362021 0.01696009 0.03322132 47923247 0.1204519 0.01360165 0.2590756
