0.1506162 0.003118864 0.003810879 0 0.0563977 -0.004934439 0.1104143
0.1503864 0.00399386 0.003840237 120084 0.0561412 -0.004614719 0.1103766
0.1502438 0.005021326 0.004081957 230187 0.05585202 -0.004237779 0.1104338
0.1502438 0.005021326 0.004081957 340287 0.05585202 -0.004237779 0.1104338
0.1500251 0.006294361 0.004389555 450540 0.05547521 -0.003764161 0.1105281
0.1498841 0.007629744 0.004690744 560485 0.05523003 -0.003260382 0.1106543
0.1498841 0.007629744 0.004690744 680614 0.05523003 -0.003260382 0.1106543
0.1497474 0.008996001 0.005051807 790709 0.05497137 -0.002651581 0.1108256
0.1497226 0.01059543 0.005531149 920823 0.05474316 -0.001796254 0.1110376
0.1497226 0.01059543 0.005531149 1010896 0.05474316 -0.001796254 0.1110376
0.149791 0.01220345 0.006046262 1121012 0.0545507 -0.0008978927 0.1112313
0.149983 0.01391708 0.006713811 1241096 0.05445785 6.162286E-05 0.1115433
0.149983 0.01391708 0.006713811 1351195 0.05445785 6.162286E-05 0.1115433
0.1499347 0.01565837 0.007222019 1461306 0.05438622 0.001099578 0.1119349
0.1500741 0.01767158 0.008000485 1581411 0.05439854 0.002308718 0.1124822
0.1500741 0.01767158 0.008000485 1681497 0.05439854 0.002308718 0.1124822
0.1501019 0.01959049 0.00869155 1791605 0.05441108 0.003455273 0.1130428
0.1501237 0.02177333 0.009459244 1901700 0.05441244 0.004734151 0.1136479
0.1501237 0.02177333 0.009459244 2021804 0.05441244 0.004734151 0.1136479
0.1501482 0.02393781 0.0101818 2131904 0.05439811 0.006076805 0.114197
0.1501149 0.02614056 0.01090585 2242023 0.05432112 0.007486812 0.1147415
0.1501149 0.02614056 0.01090585 2352102 0.05432112 0.007486812 0.1147415
0.1498849 0.02849196 0.01153628 2472207 0.05413838 0.008964888 0.1152549
0.1498958 0.03066611 0.01219226 2582310 0.05413442 0.01047169 0.1157693
0.1498958 0.03066611 0.01219226 2692409 0.05413442 0.01047169 0.1157693
0.1496171 0.03304457 0.01279402 2822531 0.05394343 0.01204287 0.1162915
0.1494022 0.03522062 0.01330871 2912604 0.05375047 0.01368581 0.1167169
0.1494022 0.03522062 0.01330871 3022703 0.05375047 0.01368581 0.1167169
0.149121 0.03769743 0.01379793 3142812 0.05346627 0.01536786 0.1170347
0.1487424 0.03998982 0.01418993 3252915 0.05316123 0.01704573 0.11736
0.1487424 0.03998982 0.01418993 3373178 0.05316123 0.01704573 0.11736
0.1482831 0.0425254 0.01460374 3473118 0.05281974 0.01874482 0.1176934
0.1484517 0.04347085 0.01433932 3583221 0.05315239 0.01947295 0.1175304
0.1476621 0.04616725 0.01456956 3703322 0.0526617 0.02115714 0.1177958
0.1476621 0.04616725 0.01456956 3813421 0.0526617 0.02115714 0.1177958
0.1469879 0.04867792 0.01470973 3923537 0.05213753 0.02293765 0.1178946
0.1462264 0.05130815 0.0148514 4043629 0.05148976 0.02472722 0.1179275
0.1462264 0.05130815 0.0148514 4143715 0.05148976 0.02472722 0.1179275
0.1455645 0.05363273 0.01501907 4253818 0.05095855 0.02644264 0.1180562
0.1446975 0.05611765 0.01498539 4373943 0.05040489 0.02813326 0.1180971
0.1446975 0.05611765 0.01498539 4484209 0.05040489 0.02813326 0.1180971
0.1440897 0.05848181 0.0151877 4594142 0.04991729 0.02979623 0.1182165
0.1430458 0.06077825 0.01523619 4714250 0.04918714 0.0313419 0.1183396
0.1430458 0.06077825 0.01523619 4824333 0.04918714 0.0313419 0.1183396
0.1422025 0.06324672 0.01534665 4924424 0.04856621 0.03297602 0.1184107
0.1412853 0.06564771 0.01556252 5044548 0.04782552 0.03448092 0.1185195
0.1412853 0.06564771 0.01556252 5164640 0.04782552 0.03448092 0.1185195
0.140436 0.06783365 0.01575042 5264727 0.04710723 0.03604078 0.1186348
0.1393736 0.07022773 0.01574235 5374846 0.04632092 0.03757726 0.1186083
0.1393736 0.07022773 0.01574235 5484933 0.04632092 0.03757726 0.1186083
0.1382637 0.07253467 0.01573291 5605034 0.04544117 0.03917014 0.1185776
0.1369172 0.07478809 0.01540192 5715141 0.04455923 0.04075252 0.1184448
0.1369172 0.07478809 0.01540192 5825241 0.04455923 0.04075252 0.1184448
0.1358772 0.07691108 0.01517009 5945341 0.043741 0.04232156 0.118227
0.1351274 0.07829106 0.01482981 6055529 0.04299482 0.04369926 0.1178893
0.1351274 0.07829106 0.01482981 6165548 0.04299482 0.04369926 0.1178893
0.1332607 0.08120763 0.01457956 6275651 0.04190623 0.04534494 0.1178969
0.1323836 0.08296513 0.014352 6385759 0.0410586 0.04684149 0.1176045
0.1323836 0.08296513 0.014352 6495842 0.0410586 0.04684149 0.1176045
0.1308217 0.08536624 0.0141372 6605941 0.0400093 0.04838824 0.1175392
0.1297259 0.08712947 0.01387015 6726058 0.03905515 0.04989814 0.1173056
0.1297259 0.08712947 0.01387015 6836153 0.03905515 0.04989814 0.1173056
0.1283135 0.08943437 0.0136986 6946252 0.03802867 0.05146395 0.117203
0.1269601 0.09176385 0.01368211 7056347 0.0369452 0.05303573 0.1171408
0.1269601 0.09176385 0.01368211 7166467 0.0369452 0.05303573 0.1171408
0.1247849 0.09440159 0.01334486 7276550 0.03565577 0.0546019 0.1171632
0.123284 0.09683036 0.01324315 7416669 0.03444905 0.0563476 0.1170495
0.123284 0.09683036 0.01324315 7506754 0.03444905 0.0563476 0.1170495
0.1220177 0.09866153 0.01307609 7616857 0.03328513 0.05788457 0.1168548
0.1201113 0.1012982 0.01272285 7726957 0.03204891 0.05969774 0.1167453
0.1201113 0.1012982 0.01272285 7847065 0.03204891 0.05969774 0.1167453
0.1181826 0.1036931 0.01230502 7957160 0.03068775 0.06135153 0.1165072
0.1164828 0.1059226 0.01194404 8067260 0.02936685 0.06302177 0.116235
0.1164828 0.1059226 0.01194404 8197377 0.02936685 0.06302177 0.116235
0.1146036 0.1081293 0.0114516 8287463 0.02797995 0.06469678 0.1159323
0.1125904 0.1105574 0.01100419 8397554 0.02654645 0.0663427 0.1156357
0.1125904 0.1105574 0.01100419 8517666 0.02654645 0.0663427 0.1156357
0.1106231 0.1126589 0.01061117 8627762 0.02510743 0.06782781 0.1154134
0.1086899 0.1148636 0.01028114 8737978 0.02368101 0.06940686 0.115226
0.1086899 0.1148636 0.01028114 8847968 0.02368101 0.06940686 0.115226
0.106626 0.117167 0.009919108 8958060 0.02220122 0.07096802 0.1150113
0.1046595 0.1190351 0.009594745 9078180 0.02070544 0.07235157 0.1148497
0.1046595 0.1190351 0.009594745 9178262 0.02070544 0.07235157 0.1148497
0.1025301 0.1211871 0.009191047 9298375 0.01917448 0.07393562 0.114668
0.1003265 0.1230414 0.008715698 9438501 0.01765951 0.07528137 0.1145052
0.09836521 0.1249236 0.008344023 9518569 0.01610802 0.07677901 0.1142785
0.09836521 0.1249236 0.008344023 9628681 0.01610802 0.07677901 0.1142785
0.09630077 0.1266899 0.007599527 9738772 0.01457551 0.07821095 0.1137929
0.09630077 0.1266899 0.007599527 9858885 0.01457551 0.07821095 0.1137929
0.09391618 0.1286514 0.006922196 9968988 0.01296761 0.07972336 0.1135038
0.09174445 0.1302081 0.006062111 10079075 0.01131123 0.08109652 0.112949
0.09174445 0.1302081 0.006062111 10219388 0.01131123 0.08109652 0.112949
0.08960813 0.1318228 0.005297396 10299270 0.009779954 0.08250474 0.1125422
0.08712769 0.1334156 0.004556878 10409377 0.008066357 0.08369934 0.1121852
0.08712769 0.1334156 0.004556878 10529482 0.008066357 0.08369934 0.1121852
0.08483236 0.1350789 0.003965462 10659599 0.006435395 0.08493328 0.1118802
0.08216566 0.1369573 0.003415587 10749680 0.004659818 0.08619558 0.1116854
0.08216566 0.1369573 0.003415587 10859776 0.004659818 0.08619558 0.1116854
0.07964384 0.1385894 0.0028042 10979892 0.002925652 0.08740914 0.1114374
0.0771856 0.1401524 0.002178242 11089992 0.001105605 0.08866726 0.1111157
0.0771856 0.1401524 0.002178242 11210343 0.001105605 0.08866726 0.1111157
0.07481274 0.141812 0.001797605 11310186 -0.0007488746 0.08984052 0.1108649
0.07227094 0.143121 0.001142802 11440308 -0.002700245 0.09095179 0.1105226
0.06967974 0.1447999 0.0005298355 11530385 -0.00462394 0.09221613 0.1101663
0.06967974 0.1447999 0.0005298355 11650493 -0.00462394 0.09221613 0.1101663
0.06706007 0.1462028 -0.0002140794 11780607 -0.006627282 0.09341919 0.1097419
0.0643522 0.1474411 -0.001154151 11870688 -0.008636767 0.0945326 0.1092068
0.0643522 0.1474411 -0.001154151 11980791 -0.008636767 0.0945326 0.1092068
0.06142163 0.1486374 -0.002191565 12090891 -0.01064579 0.09566509 0.108743
0.06142163 0.1486374 -0.002191565 12210995 -0.01064579 0.09566509 0.108743
0.05857655 0.1495192 -0.003249825 12321273 -0.01270676 0.09657108 0.1082017
0.05564686 0.1505636 -0.004223929 12431206 -0.01474983 0.09748995 0.1077303
0.0527539 0.1514707 -0.005203184 12571324 -0.0169746 0.09828614 0.107116
0.0527539 0.1514707 -0.005203184 12651397 -0.0169746 0.09828614 0.107116
0.04971375 0.1522514 -0.006250387 12761496 -0.01914632 0.09902131 0.1065818
0.04971375 0.1522514 -0.006250387 12871595 -0.01914632 0.09902131 0.1065818
0.04692151 0.1527576 -0.007223554 12991704 -0.02132592 0.09962641 0.1060267
0.04396142 0.1533667 -0.008318096 13101803 -0.0233887 0.100211 0.1054566
0.04113605 0.153693 -0.009390971 13211902 -0.02552947 0.1006333 0.1048309
0.04113605 0.153693 -0.009390971 13342020 -0.02552947 0.1006333 0.1048309
0.03821789 0.1541326 -0.01045117 13442126 -0.02763924 0.1010328 0.1042201
0.03543704 0.1543452 -0.01148843 13552226 -0.02975741 0.1014225 0.1036425
0.03543704 0.1543452 -0.01148843 13662309 -0.02975741 0.1014225 0.1036425
0.0327177 0.1546257 -0.01243859 13782413 -0.03183313 0.1017013 0.1030537
0.03006404 0.1547436 -0.01337131 13882524 -0.03398329 0.1019849 0.1024765
0.03006404 0.1547436 -0.01337131 13992607 -0.03398329 0.1019849 0.1024765
0.02739256 0.1548276 -0.01435912 14132733 -0.03594972 0.1021848 0.1019282
0.02519167 0.1545706 -0.01535029 14222815 -0.03787283 0.1023772 0.1012901
0.02519167 0.1545706 -0.01535029 14332918 -0.03787283 0.1023772 0.1012901
0.02271415 0.1545081 -0.01647602 14443022 -0.03972645 0.102559 0.1006082
0.0203167 0.154326 -0.01755134 14553113 -0.04153207 0.1026524 0.09996816
0.0203167 0.154326 -0.01755134 14663220 -0.04153207 0.1026524 0.09996816
0.01934625 0.1541207 -0.01824571 14783316 -0.04295548 0.102821 0.0991983
0.01683966 0.1539852 -0.01951994 14913434 -0.0448346 0.1029169 0.09835529
0.01683966 0.1539852 -0.01951994 15003527 -0.0448346 0.1029169 0.09835529
0.01464845 0.1537107 -0.02083066 15113627 -0.04662189 0.1030211 0.09741808
0.0122722 0.1534677 -0.02226459 15223726 -0.04836582 0.1031102 0.09645106
0.0122722 0.1534677 -0.02226459 15353835 -0.04836582 0.1031102 0.09645106
0.0100725 0.1528333 -0.02383 15453926 -0.0500486 0.1030949 0.09540838
0.0079323 0.1523545 -0.02520844 15564025 -0.05176426 0.1030122 0.09440725
0.0079323 0.1523545 -0.02520844 15694142 -0.05176426 0.1030122 0.09440725
0.005344142 0.1518612 -0.02670072 15784228 -0.05358734 0.1028495 0.09342919
0.003130116 0.1510646 -0.02820141 15904458 -0.05540222 0.102628 0.09235613
0.003130116 0.1510646 -0.02820141 16014436 -0.05540222 0.102628 0.09235613
0.0006450724 0.1503311 -0.02969665 16144549 -0.05733708 0.1023303 0.09130024
-0.002199801 0.1494869 -0.03121013 16234638 -0.05934293 0.1018798 0.0903402
-0.002199801 0.1494869 -0.03121013 16344738 -0.05934293 0.1018798 0.0903402
-0.004541881 0.1484517 -0.03271025 16454825 -0.06124125 0.1014036 0.0892648
-0.007408117 0.147333 -0.03427738 16574941 -0.06332617 0.1007842 0.08824866
-0.007408117 0.147333 -0.03427738 16685211 -0.06332617 0.1007842 0.08824866
-0.009991866 0.1461935 -0.03569821 16795282 -0.06529424 0.1000744 0.08726898
-0.01267244 0.1448094 -0.03727599 16935506 -0.06730516 0.09924018 0.08619449
-0.01520798 0.1435043 -0.0388651 17035361 -0.06927366 0.09842407 0.0850338
-0.01520798 0.1435043 -0.0388651 17145460 -0.06927366 0.09842407 0.0850338
-0.01772403 0.1421063 -0.04046402 17255556 -0.07117744 0.09754407 0.08388707
-0.01772403 0.1421063 -0.04046402 17385669 -0.07117744 0.09754407 0.08388707
-0.02001736 0.1404324 -0.04213237 17495768 -0.07307281 0.09657084 0.08263759
-0.02240623 0.1388912 -0.04378413 17605872 -0.0749307 0.09556138 0.0813956
-0.02490466 0.1371814 -0.04549859 17735981 -0.07679631 0.09445595 0.08015193
-0.02490466 0.1371814 -0.04549859 17946171 -0.07679631 0.09445595 0.08015193
-0.02960962 0.1335626 -0.04891464 18176383 -0.08046894 0.0920478 0.07756107
-0.03185987 0.1318622 -0.05060423 18396581 -0.08230476 0.09086942 0.07620728
-0.03428912 0.1297574 -0.05241456 18626789 -0.08417597 0.08949409 0.07485061
-0.03916775 0.1256136 -0.05610852 18836979 -0.0878262 0.08675765 0.07206646
-0.04166823 0.1236195 -0.05790659 19077195 -0.08970015 0.08536637 0.07068537
-0.0438141 0.1213717 -0.05967178 19317408 -0.09149307 0.08390843 0.06928354
-0.04804813 0.1168995 -0.06324137 19517589 -0.09474797 0.08103668 0.06652475
-0.04975361 0.1146355 -0.06493145 19747801 -0.09618128 0.07960116 0.06515823
-0.05156266 0.1124016 -0.06657368 19957990 -0.0976086 0.07808243 0.06384189
-0.0552114 0.1077229 -0.06972723 20188198 -0.1001947 0.0748347 0.06142584
-0.05705911 0.1054001 -0.07115112 20428415 -0.1015705 0.07313811 0.06031812
-0.05959816 0.1002359 -0.07389443 20628604 -0.104225 0.06973314 0.05795506
-0.06118494 0.09785306 -0.07518882 20858803 -0.1054981 0.06796729 0.05690754
-0.06215319 0.09529316 -0.07643524 21079018 -0.1065667 0.06624459 0.05581407
-0.06375927 0.09293973 -0.07753228 21309210 -0.1076486 0.06442403 0.05500769
-0.06584215 0.08796608 -0.07944649 21549422 -0.1094233 0.06075572 0.05346901
-0.06632988 0.08532249 -0.08038305 21749603 -0.1101175 0.05893635 0.05263074
-0.0675647 0.0827868 -0.08130403 21979815 -0.1108412 0.05710303 0.05201417
-0.06943116 0.07768559 -0.0829405 22210201 -0.11222 0.05325352 0.0507698
-0.0705975 0.07518077 -0.08371487 22430225 -0.112962 0.05131936 0.05023338
-0.07293893 0.07015573 -0.08502468 22680447 -0.1145114 0.04735636 0.04935599
-0.0731691 0.06722569 -0.08565925 22880636 -0.1150626 0.04530238 0.04876755
-0.07405798 0.06484055 -0.08605177 23100847 -0.1157153 0.04333317 0.04851551
-0.07533858 0.06018852 -0.08680256 23321021 -0.1169197 0.03943979 0.04790734
-0.07602925 0.05750977 -0.0871823 23541224 -0.1174795 0.03741478 0.04766699
-0.07670004 0.05507755 -0.08753155 23791454 -0.1179638 0.03551184 0.04745265
-0.07788922 0.05017316 -0.08801684 23981617 -0.1188265 0.03157937 0.04720395
-0.07825392 0.04770743 -0.08825446 24241856 -0.119192 0.02957069 0.04702815
-0.07875708 0.04517662 -0.08842161 24442037 -0.119541 0.02751052 0.04696981
-0.08130245 0.04118597 -0.08862786 24662236 -0.1204726 0.02349865 0.04723646
-0.08170695 0.03866648 -0.08867311 24882438 -0.1207033 0.02139615 0.04729482
-0.08207789 0.03582894 -0.0887287 25102637 -0.1209178 0.01921522 0.04736573
-0.08242814 0.03039061 -0.08864814 25352859 -0.1211526 0.01486277 0.04760737
-0.08272904 0.02777123 -0.08852192 25553039 -0.1212817 0.01266956 0.04783017
-0.08285929 0.02498542 -0.08837132 25813282 -0.1213069 0.01043319 0.04807012
-0.08240905 0.0195223 -0.08779623 26003450 -0.1209195 0.00609111 0.04874242
-0.08231018 0.01673125 -0.08761337 26223645 -0.1206935 0.003895632 0.04901835
-0.08211614 0.01408099 -0.08739103 26453856 -0.1204792 0.001693598 0.04928772
-0.08130718 0.00840818 -0.08679284 26674067 -0.1197681 -0.002828487 0.04995785
-0.08072848 0.00538396 -0.08636263 26904271 -0.1192232 -0.005255231 0.05042634
-0.07982653 0.002703778 -0.08566262 27124466 -0.1185109 -0.007695326 0.0510913
-0.07799493 -0.003526935 -0.08416234 27344656 -0.1167372 -0.01315165 0.05263186
-0.07695597 -0.006595858 -0.08321529 27584869 -0.1158296 -0.01602197 0.05355547
-0.07588152 -0.009780655 -0.08250582 27805072 -0.1149098 -0.01896323 0.05423747
-0.07316469 -0.01654244 -0.08110152 28015261 -0.1127462 -0.02473057 0.05554591
-0.07177832 -0.01992775 -0.08050044 28235456 -0.1115961 -0.02752388 0.05611254
-0.07023913 -0.02338124 -0.07986037 28465668 -0.1102202 -0.03032363 0.05673966
-0.06697882 -0.02993632 -0.07848664 28686012 -0.1074025 -0.03579033 0.05803409
-0.06517142 -0.03313113 -0.07781307 28906069 -0.1059869 -0.03841818 0.05861422
-0.06343013 -0.03610183 -0.0771813 29156461 -0.1044777 -0.04087413 0.05919532
-0.05945797 -0.04231752 -0.07594009 29356646 -0.1010086 -0.04570902 0.06032545
-0.05704147 -0.04539908 -0.07518822 29586680 -0.0991006 -0.04807139 0.06093725
-0.05248255 -0.05103279 -0.07352612 29806878 -0.09505945 -0.05249775 0.06245666
-0.05046182 -0.05372382 -0.07275472 30027247 -0.09311082 -0.05465675 0.06321015
-0.04820722 -0.05635978 -0.07187262 30247442 -0.09121987 -0.05682719 0.06398004
-0.04611107 -0.05907048 -0.07099181 30477479 -0.08939574 -0.05909813 0.06477526
-0.04198048 -0.06411494 -0.06925048 30717700 -0.08585373 -0.06351937 0.06632623
-0.04003081 -0.06660427 -0.06833752 30918079 -0.08410496 -0.06569804 0.06717224
-0.03819141 -0.06916452 -0.06730051 31168103 -0.08241224 -0.0678562 0.06815816
-0.0339416 -0.07410897 -0.06477808 31368287 -0.07868595 -0.07217658 0.07050115
-0.03186042 -0.07640399 -0.06337573 31608504 -0.07686673 -0.07418073 0.07181206
-0.02739204 -0.08073415 -0.06043416 31828707 -0.07278696 -0.07800198 0.07461431
-0.02497519 -0.08297433 -0.058975 32038892 -0.07064664 -0.07976831 0.0759698
-0.02284139 -0.08497263 -0.05753274 32259099 -0.06854172 -0.08149422 0.07739553
-0.01836531 -0.08847393 -0.05452856 32489299 -0.06464454 -0.08464564 0.08019277
-0.01608339 -0.0901717 -0.05299264 32729512 -0.06269547 -0.08616567 0.0816087
-0.01391033 -0.09179688 -0.05138516 32929692 -0.06070479 -0.08761085 0.0831474
-0.009213623 -0.09468461 -0.04802863 33159912 -0.05653127 -0.09036768 0.08631667
-0.00678581 -0.09599639 -0.04633722 33380111 -0.0543135 -0.091684 0.08793408
-0.004239873 -0.09743036 -0.04464281 33620316 -0.05201435 -0.09308184 0.08953969
0.00161257 -0.1002121 -0.04129728 33830505 -0.04701438 -0.09571064 0.0925736
0.004409923 -0.1015217 -0.03974879 34050708 -0.04444699 -0.09701301 0.09403809
0.007169728 -0.1029698 -0.03829189 34290933 -0.0419067 -0.09823848 0.09540695
0.01346393 -0.1053332 -0.03543161 34501110 -0.03648077 -0.1005511 0.09794351
0.01683236 -0.1066004 -0.03403252 34751340 -0.03375801 -0.1016249 0.09909192
0.0198565 -0.1076143 -0.03276442 34941520 -0.03107218 -0.1025961 0.1002294
0.02639876 -0.1090729 -0.03004807 35181725 -0.02560719 -0.1041278 0.1025309
0.02981825 -0.10962 -0.02865243 35411945 -0.02270418 -0.1046242 0.1037209
0.03322959 -0.1097565 -0.0271579 35622122 -0.01976573 -0.1049908 0.1050353
0.03988259 -0.1094059 -0.02405825 35842325 -0.01412885 -0.1052828 0.1077447
0.04338397 -0.1088799 -0.022465 36072553 -0.01121229 -0.105137 0.1091081
0.04576196 -0.1076744 -0.02107273 36292735 -0.008721023 -0.10477 0.1105685
0.0532267 -0.1061781 -0.01782545 36532948 -0.002539869 -0.1040555 0.1132922
0.05701011 -0.1053444 -0.01619642 36743138 0.0005456755 -0.1035134 0.1146266
0.06064113 -0.1042833 -0.01463774 36963336 0.003698471 -0.1029011 0.1159834
0.06852712 -0.102178 -0.01142258 37183693 0.01006117 -0.1012629 0.118528
0.07209939 -0.1006756 -0.009838904 37443770 0.01309771 -0.1002991 0.119872
0.07909238 -0.09738756 -0.006699019 37633946 0.01904887 -0.09806837 0.1225317
0.0822167 -0.09542096 -0.005292882 37854140 0.0219407 -0.09682787 0.1238237
0.08549123 -0.09326602 -0.003789707 38104362 0.02466917 -0.09536279 0.1250611
0.09155885 -0.08884419 -0.001204425 38304547 0.0298938 -0.09209967 0.127221
0.09442894 -0.08634437 -3.251137E-05 38544922 0.03233985 -0.09027017 0.1281696
0.09735903 -0.08383311 0.001105423 38745090 0.03472971 -0.08833421 0.1290256
0.1000561 -0.08119393 0.002203785 38965143 0.03692937 -0.08630206 0.1298564
0.1050463 -0.07562948 0.004120761 39225374 0.0412772 -0.0821215 0.1313906
0.107409 -0.07287992 0.004923322 39415545 0.04333731 -0.07987893 0.1320142
0.1097184 -0.07021058 0.005769785 39645753 0.0453244 -0.07766284 0.1326718
0.1142004 -0.06463446 0.007299496 39865952 0.0489758 -0.07316745 0.1337084
0.1161527 -0.0617931 0.008040532 40096164 0.05068245 -0.07092226 0.1342806
0.1199072 -0.05650354 0.009136263 40316362 0.05383074 -0.06658698 0.1349873
0.1217376 -0.05386866 0.009589786 40546570 0.05525293 -0.064371 0.1351913
0.123121 -0.05124403 0.009811409 40756756 0.0565912 -0.06213058 0.1353563
0.1247462 -0.04861702 0.01020224 40997139 0.05780444 -0.05985487 0.135497
0.127239 -0.04326857 0.01087233 41207166 0.05967357 -0.0554104 0.1357472
0.1286494 -0.04067911 0.01125132 41457388 0.06062743 -0.05319608 0.135841
0.1317067 -0.03570689 0.01199188 41677607 0.06266845 -0.04873038 0.1359691
0.1331685 -0.0334338 0.01221623 41877978 0.06376457 -0.04654814 0.1359796
0.1351668 -0.03126121 0.0126357 42097970 0.06501007 -0.04434634 0.135977
0.1385148 -0.02708436 0.01318083 42318181 0.06729548 -0.04029835 0.1358979
0.1403156 -0.02511061 0.01349985 42548571 0.06844645 -0.03825212 0.1358452
0.1419483 -0.02301896 0.01376628 42778771 0.06960215 -0.03620363 0.1358255
0.1447676 -0.01880599 0.0142508 42998787 0.07169624 -0.0324061 0.1358315
0.1459482 -0.01673485 0.01445621 43219140 0.07251428 -0.0306579 0.1357816
0.1469898 -0.01463009 0.01458425 43459215 0.07323065 -0.02890135 0.1356718
0.1489311 -0.01029027 0.01492767 43659375 0.0745905 -0.02538265 0.1355591
0.1495661 -0.008419999 0.0149186 43899596 0.07525174 -0.02380837 0.1355289
0.1503333 -0.006552347 0.01502411 44139813 0.07589099 -0.02226127 0.1355141
0.1515582 -0.002680429 0.01513999 44339997 0.07696159 -0.01932276 0.135409
0.1520628 -0.000744828 0.01516135 44570209 0.07739452 -0.01786531 0.1353187
0.1525081 0.001021258 0.01513992 44790412 0.07779974 -0.01648987 0.1352161
0.1529051 0.004673711 0.01508511 45010615 0.07824203 -0.01373733 0.1350548
0.1531888 0.006443135 0.01517408 45360915 0.07826022 -0.01235832 0.1349174
0.153361 0.009351722 0.01521732 45571270 0.0783274 -0.01006115 0.1347972
0.1533965 0.01037525 0.0152365 45801482 0.07837421 -0.009153255 0.1348047
0.1530422 0.01220369 0.0155464 46011502 0.07806998 -0.007922539 0.1350469
0.1527013 0.01274811 0.015852 46241714 0.07767697 -0.007660874 0.1352718
0.1523212 0.01287817 0.01628148 46492166 0.07723314 -0.00774134 0.135625
