0.154616 -0.0002910675 0.0003073364 0 0.1217701 -0.01927325 0.2240236
0.1545841 0.0002396687 0.0002996027 110100 0.1217159 -0.01902536 0.2240061
0.1545841 0.0002396687 0.0002996027 230484 0.1217159 -0.01902536 0.2240061
0.1544287 0.0009043255 0.0002245754 340307 0.1216646 -0.01876966 0.224046
0.1541521 0.001685182 9.079278E-05 450411 0.1215397 -0.0183928 0.2241581
0.1541521 0.001685182 9.079278E-05 570604 0.1215397 -0.0183928 0.2241581
0.1538634 0.002773032 1.455843E-05 670606 0.1214161 -0.01784177 0.2242879
0.1535946 0.004017191 0.0001477897 790714 0.1212638 -0.01720701 0.2244881
0.1535946 0.004017191 0.0001477897 900817 0.1212638 -0.01720701 0.2244881
0.1533345 0.005427151 0.0001849681 1010909 0.1208909 -0.01627772 0.2246373
0.1530591 0.006886096 0.0002598912 1121012 0.1205072 -0.01528773 0.224817
0.1530591 0.006886096 0.0002598912 1241124 0.1205072 -0.01528773 0.224817
0.152794 0.008438825 0.0001811236 1341211 0.1201662 -0.01428228 0.2249007
0.152459 0.01039686 0.0001611114 1461327 0.1197985 -0.0130929 0.2250326
0.152104 0.0123206 -4.546344E-05 1571418 0.119218 -0.01175384 0.2251047
0.152104 0.0123206 -4.546344E-05 1701532 0.119218 -0.01175384 0.2251047
0.1518487 0.01419368 5.702674E-05 1791613 0.1188385 -0.0104449 0.2252525
0.1515351 0.01630853 0.0002372563 1901725 0.1183685 -0.00904435 0.225451
0.1515351 0.01630853 0.0002372563 2021825 0.1183685 -0.00904435 0.225451
0.1508617 0.01845329 7.69496E-05 2131924 0.1177488 -0.007717043 0.2257659
0.1502634 0.02036619 0.0005072057 2242024 0.1172199 -0.006445334 0.2263295
0.1502634 0.02036619 0.0005072057 2362306 0.1172199 -0.006445334 0.2263295
0.1492992 0.02272388 0.0007873923 2462218 0.1165437 -0.004960691 0.2270778
0.1483777 0.02477414 0.001438767 2582517 0.1160194 -0.003514966 0.2280226
0.1483777 0.02477414 0.001438767 2692430 0.1160194 -0.003514966 0.2280226
0.1472439 0.02735959 0.001990244 2802683 0.1153405 -0.001846896 0.2290202
0.1459798 0.02976668 0.002650619 2912625 0.1145928 -0.0002170447 0.2301974
0.1459798 0.02976668 0.002650619 3022732 0.1145928 -0.0002170447 0.2301974
0.1445943 0.03240431 0.003338143 3132828 0.1137674 0.001558815 0.2314571
0.1430352 0.03497052 0.003820688 3252932 0.1128293 0.00328253 0.2327559
0.1430352 0.03497052 0.003820688 3363056 0.1128293 0.00328253 0.2327559
0.1417059 0.03732863 0.004682928 3473313 0.1120357 0.005003973 0.2340828
0.1400894 0.04009845 0.005074188 3583230 0.1110803 0.006984975 0.2353763
0.1400894 0.04009845 0.005074188 3693337 0.1110803 0.006984975 0.2353763
0.1386415 0.04269887 0.005813256 3803433 0.11016 0.008980978 0.2367224
0.1370666 0.04522122 0.006361932 3923541 0.1091961 0.01085746 0.2380662
0.1370666 0.04522122 0.006361932 4053658 0.1091961 0.01085746 0.2380662
0.1354353 0.04786564 0.007175744 4143744 0.1081361 0.01280767 0.239545
0.1338557 0.0502959 0.008050457 4263848 0.1071055 0.01464611 0.2410266
0.1338557 0.0502959 0.008050457 4374122 0.1071055 0.01464611 0.2410266
0.1321827 0.05283522 0.008832783 4504065 0.1062052 0.01646454 0.2425128
0.1305549 0.05526744 0.009695649 4594252 0.105263 0.01835342 0.2440301
0.1305549 0.05526744 0.009695649 4704254 0.105263 0.01835342 0.2440301
0.1288175 0.05772181 0.01040654 4814349 0.1042515 0.02024746 0.2455472
0.1271889 0.05993585 0.01131791 4934453 0.1033399 0.02201149 0.2470988
0.1271889 0.05993585 0.01131791 5034544 0.1033399 0.02201149 0.2470988
0.1254304 0.06219789 0.01210001 5154656 0.1023381 0.02379038 0.2486703
0.1235896 0.06453369 0.01276121 5284765 0.1013213 0.02555969 0.2502136
0.1235896 0.06453369 0.01276121 5374855 0.1013213 0.02555969 0.2502136
0.1218936 0.06681278 0.01365367 5484946 0.1003262 0.02735909 0.2517521
0.1201475 0.06909734 0.01425873 5595049 0.09932938 0.02913469 0.2531778
0.1201475 0.06909734 0.01425873 5725167 0.09932938 0.02913469 0.2531778
0.1183341 0.07141785 0.01481982 5825257 0.09822523 0.03098702 0.2546234
0.116389 0.07382642 0.0150927 5935357 0.09705141 0.0328629 0.2559977
0.116389 0.07382642 0.0150927 6045602 0.09705141 0.0328629 0.2559977
0.1146334 0.07585246 0.01568139 6165560 0.09588777 0.03458514 0.2574322
0.1127006 0.07812489 0.01607779 6275814 0.09458548 0.03632526 0.2587997
0.1127006 0.07812489 0.01607779 6385945 0.09458548 0.03632526 0.2587997
0.1107032 0.08037622 0.01645114 6495862 0.09319782 0.03806057 0.2601842
0.1086591 0.08266021 0.01687275 6605962 0.0918123 0.03978256 0.2615872
0.1086591 0.08266021 0.01687275 6716065 0.0918123 0.03978256 0.2615872
0.106604 0.08471442 0.01741505 6846187 0.09026261 0.04143946 0.2630814
0.1045106 0.08666212 0.01780148 6946273 0.08874997 0.04298807 0.2645227
0.1045106 0.08666212 0.01780148 7056522 0.08874997 0.04298807 0.2645227
0.1025009 0.08851451 0.01840276 7166488 0.08717707 0.04456715 0.2660176
0.1002784 0.09055336 0.01872294 7296771 0.08541836 0.04616848 0.2674284
0.09822101 0.0922159 0.0192447 7396882 0.08374929 0.047629 0.2689052
0.09822101 0.0922159 0.0192447 7496766 0.08374929 0.047629 0.2689052
0.09600531 0.09392997 0.01972046 7616870 0.08190064 0.04903024 0.2703862
0.09600531 0.09392997 0.01972046 7726977 0.08190064 0.04903024 0.2703862
0.09377941 0.09551571 0.0202066 7847078 0.0800385 0.05035844 0.271883
0.0912559 0.09741344 0.02030574 7947172 0.07803854 0.05174066 0.2732495
0.0912559 0.09741344 0.02030574 8087477 0.07803854 0.05174066 0.2732495
0.08884588 0.09918533 0.02039877 8177384 0.07595003 0.05316257 0.2745574
0.08641317 0.1010433 0.02042741 8287495 0.07385805 0.05464769 0.2758006
0.08641317 0.1010433 0.02042741 8397745 0.07385805 0.05464769 0.2758006
0.08411385 0.1027573 0.02052703 8507678 0.07179876 0.05597027 0.276947
0.08157293 0.104522 0.02038015 8617931 0.06963538 0.05725936 0.2780593
0.08157293 0.104522 0.02038015 8727885 0.06963538 0.05725936 0.2780593
0.07912468 0.1061763 0.02045761 8867999 0.06743425 0.05854088 0.2792198
0.07655775 0.1078993 0.02036335 8958084 0.0651142 0.05981086 0.2802814
0.07655775 0.1078993 0.02036335 9078197 0.0651142 0.05981086 0.2802814
0.07398065 0.1096448 0.02026792 9188292 0.06268778 0.06114501 0.2813092
0.07143337 0.1112786 0.0202093 9298391 0.06027013 0.06241727 0.2823245
0.06859388 0.1130963 0.01989265 9408499 0.05769992 0.06366951 0.2832218
0.06859388 0.1130963 0.01989265 9518594 0.05769992 0.06366951 0.2832218
0.06540924 0.1149324 0.01918685 9648704 0.05492852 0.06477439 0.2839718
0.06416711 0.1160711 0.0204329 9748794 0.05312422 0.06591909 0.2849864
0.06416711 0.1160711 0.0204329 9858893 0.05312422 0.06591909 0.2849864
0.06177359 0.1176557 0.02047455 9969167 0.05064812 0.06717923 0.2858032
0.05934199 0.1190442 0.02031355 10079096 0.04813663 0.06828656 0.2865406
0.05934199 0.1190442 0.02031355 10189203 0.04813663 0.06828656 0.2865406
0.05655984 0.1207263 0.02003624 10299303 0.04549938 0.06943201 0.2872024
0.05447916 0.1218288 0.02021222 10409394 0.04313236 0.07030673 0.2878892
0.05447916 0.1218288 0.02021222 10529498 0.04313236 0.07030673 0.2878892
0.05179928 0.1233541 0.01978847 10639602 0.04050887 0.07134579 0.2883751
0.04906083 0.124995 0.01944351 10769715 0.03777882 0.07245921 0.2888299
0.04906083 0.124995 0.01944351 10869814 0.03777882 0.07245921 0.2888299
0.04632822 0.1265434 0.01890178 10969904 0.03503303 0.07348582 0.2891447
0.04355874 0.1279268 0.01854251 11079995 0.03224958 0.07439966 0.2895423
0.04355874 0.1279268 0.01854251 11230135 0.03224958 0.07439966 0.2895423
0.04084481 0.1291915 0.01828656 11310203 0.02943582 0.07525306 0.2899453
0.03794739 0.1303589 0.01775491 11420310 0.02658419 0.0759622 0.2902184
0.03794739 0.1303589 0.01775491 11560473 0.02658419 0.0759622 0.2902184
0.03509213 0.1317344 0.01733157 11640655 0.02363414 0.07686824 0.2904332
0.03214788 0.132993 0.01665387 11760800 0.02065763 0.07768332 0.2905222
0.03214788 0.132993 0.01665387 11870887 0.02065763 0.07768332 0.2905222
0.02940662 0.1340113 0.01611802 12000830 0.0178135 0.07830988 0.2906061
0.02645294 0.1351225 0.01554123 12090912 0.01493441 0.07883403 0.2905634
0.02645294 0.1351225 0.01554123 12201011 0.01493441 0.07883403 0.2905634
0.02371189 0.1359712 0.01480502 12341133 0.0121163 0.07925348 0.2904315
0.0205687 0.1371294 0.01409493 12441228 0.009178385 0.07973905 0.2901966
0.0205687 0.1371294 0.01409493 12541314 0.009178385 0.07973905 0.2901966
0.01746748 0.1381484 0.01335426 12651421 0.006128952 0.08014274 0.2898934
0.01421575 0.1391805 0.01268056 12771522 0.003055334 0.08052678 0.289563
0.01421575 0.1391805 0.01268056 12871612 0.003055334 0.08052678 0.289563
0.01155489 0.1396452 0.01178741 12981719 0.000250116 0.08053725 0.2891052
0.008549998 0.1402241 0.01103586 13121838 -0.002732754 0.0805876 0.2886559
0.008549998 0.1402241 0.01103586 13211919 -0.002732754 0.0805876 0.2886559
0.005104816 0.1410484 0.01008107 13322027 -0.005703092 0.08071661 0.2880019
0.001831931 0.1417106 0.009032682 13432122 -0.008671165 0.08070068 0.2872144
0.001831931 0.1417106 0.009032682 13542221 -0.008671165 0.08070068 0.2872144
-0.0009243824 0.1419329 0.007906854 13652325 -0.01138434 0.08039546 0.2863899
-0.004190307 0.1424381 0.006981865 13772429 -0.01419944 0.08023237 0.2855451
-0.004190307 0.1424381 0.006981865 13902542 -0.01419944 0.08023237 0.2855451
-0.006076012 0.1422307 0.006189555 13992632 -0.01646408 0.07976454 0.2849253
-0.009004951 0.1424635 0.005081698 14102731 -0.01923046 0.07943942 0.2839359
-0.009004951 0.1424635 0.005081698 14242858 -0.01923046 0.07943942 0.2839359
-0.01208774 0.1426509 0.004114076 14332943 -0.02212906 0.0791803 0.2830083
-0.01532383 0.1427418 0.002986893 14443034 -0.02495542 0.07874203 0.2818938
-0.01532383 0.1427418 0.002986893 14553142 -0.02495542 0.07874203 0.2818938
-0.01875302 0.1429044 0.002172798 14663233 -0.0278106 0.07840181 0.2808698
-0.02192817 0.1427199 0.001269609 14783349 -0.03053126 0.07781408 0.2798051
-0.02192817 0.1427199 0.001269609 14883432 -0.03053126 0.07781408 0.2798051
-0.02561456 0.1426262 0.0004404038 15003544 -0.03355587 0.0772969 0.27863
-0.02857819 0.1422947 -0.0001745075 15113639 -0.03629953 0.07680168 0.2777203
-0.02857819 0.1422947 -0.0001745075 15223747 -0.03629953 0.07680168 0.2777203
-0.03210377 0.1418931 -0.0008582026 15333838 -0.03910258 0.07615627 0.2765918
-0.03553713 0.1412789 -0.001483425 15473965 -0.04192954 0.07551479 0.2755374
-0.03804054 0.1407627 -0.001923233 15574055 -0.0444403 0.0748767 0.274652
-0.03804054 0.1407627 -0.001923233 15674303 -0.0444403 0.0748767 0.274652
-0.04170026 0.1401163 -0.002289265 15804263 -0.04725575 0.07417514 0.2735424
-0.0447273 0.1391978 -0.002846971 15894344 -0.04980895 0.07334968 0.2724817
-0.0447273 0.1391978 -0.002846971 16004447 -0.04980895 0.07334968 0.2724817
-0.0477155 0.1385485 -0.003280476 16124556 -0.05230176 0.07262599 0.2713615
-0.0477155 0.1385485 -0.003280476 16254669 -0.05230176 0.07262599 0.2713615
-0.0506015 0.1375507 -0.003722429 16354767 -0.05480862 0.07182053 0.2703365
-0.05366032 0.1368035 -0.004140615 16564957 -0.0572514 0.07108899 0.2691434
-0.0563398 0.1358216 -0.004753977 16825184 -0.05945355 0.07015711 0.2679324
-0.06191717 0.1339944 -0.00576137 17075406 -0.06371433 0.06827023 0.2653595
-0.06480576 0.1328003 -0.006291345 17275748 -0.06580961 0.06720579 0.2640288
-0.06736233 0.1316165 -0.006791711 17505798 -0.06783724 0.06618178 0.2628055
-0.07224907 0.1294463 -0.008005783 17736006 -0.07154429 0.06404578 0.2601138
-0.07466605 0.1283931 -0.008633375 17946362 -0.07324758 0.06288671 0.2586721
-0.0773061 0.1270617 -0.009203389 18166402 -0.07499522 0.06170818 0.2572449
-0.08173802 0.1246236 -0.01067016 18396764 -0.07819486 0.05923497 0.254352
-0.08447596 0.1232342 -0.01125608 18616801 -0.0798015 0.05808498 0.2528192
-0.08936024 0.1202954 -0.01282488 18847012 -0.08289295 0.05548933 0.249654
-0.09212264 0.1186605 -0.01351252 19087221 -0.08448476 0.05421343 0.2479957
-0.09415457 0.1173906 -0.0142543 19287576 -0.08588582 0.05297774 0.2465215
-0.0990621 0.114251 -0.01591718 19517614 -0.08859944 0.05030176 0.2431357
-0.1017725 0.1121372 -0.01683871 19737829 -0.08993486 0.04861359 0.2412777
-0.1045399 0.1104714 -0.01741655 19958007 -0.09131598 0.04732216 0.239539
-0.1097482 0.1068672 -0.01913112 20178210 -0.09371495 0.04455211 0.2358875
-0.1120263 0.1053255 -0.02012546 20408442 -0.09482068 0.04320723 0.2340677
-0.114913 0.1032605 -0.02099483 20648630 -0.09597412 0.04174234 0.232075
-0.1201223 0.09921334 -0.02247538 20848823 -0.09808732 0.03892545 0.2284839
-0.1222029 0.09797556 -0.02312368 21089052 -0.09907091 0.03780086 0.2268802
-0.1246278 0.09572716 -0.02398495 21299221 -0.1000646 0.03630438 0.2251144
-0.1295031 0.09181039 -0.02500093 21529425 -0.101985 0.03363986 0.2218241
-0.131686 0.08986896 -0.02550073 21759637 -0.1028003 0.03240456 0.220342
-0.1334749 0.08810887 -0.02615136 21969843 -0.1035303 0.03112531 0.2189527
-0.1370378 0.08468674 -0.02696146 22220048 -0.1050568 0.02882032 0.2164543
-0.1389917 0.08252127 -0.02712432 22420229 -0.1058076 0.02766589 0.2153156
-0.1407766 0.08053076 -0.0273875 22660446 -0.1064712 0.02643835 0.2141587
-0.1435583 0.0770115 -0.02819367 22870644 -0.1075704 0.02417332 0.2121338
-0.1451131 0.07520378 -0.02826941 23090838 -0.108238 0.02313171 0.2111998
-0.1465814 0.07300965 -0.0284269 23341064 -0.1087966 0.02200998 0.2103421
-0.1492623 0.06878759 -0.02880198 23531236 -0.1098424 0.01950666 0.2086321
-0.1504648 0.06630915 -0.02886358 23761443 -0.1104635 0.01821094 0.2079793
-0.1516543 0.06409073 -0.02891326 23981642 -0.1110081 0.01692921 0.2072857
-0.1537336 0.05984248 -0.0290948 24211854 -0.1119031 0.01449372 0.2060406
-0.1552757 0.0567558 -0.02883312 24432049 -0.1124593 0.01302146 0.2053696
-0.1560652 0.05470422 -0.02903605 24652251 -0.1128052 0.01175416 0.2048224
-0.1582119 0.04955749 -0.02944347 24902473 -0.1133401 0.009109005 0.20351
-0.1595517 0.04634674 -0.02957984 25102828 -0.1135609 0.007555453 0.2027586
-0.1605533 0.04386345 -0.02969863 25332861 -0.1137349 0.006096912 0.2021312
-0.1626471 0.03836184 -0.03058403 25563227 -0.1136584 0.003017799 0.2005601
-0.1638002 0.03528482 -0.03099997 25783272 -0.1137478 0.001378359 0.1997319
-0.1647158 0.03251302 -0.03140236 26023485 -0.1138469 -0.0002038335 0.1990294
-0.1667773 0.02724019 -0.03179211 26223673 -0.1141783 -0.003225575 0.1976334
-0.1678456 0.02412713 -0.03185868 26463902 -0.1144685 -0.004763197 0.1970186
-0.169417 0.01843606 -0.03214382 26664152 -0.1148236 -0.007785594 0.1960313
-0.1702644 0.01545228 -0.03208603 26904280 -0.1150106 -0.009311342 0.1955958
-0.170758 0.01276219 -0.03228307 27114469 -0.1150089 -0.01075606 0.195264
-0.1713696 0.009773431 -0.0321972 27344677 -0.1151634 -0.01225265 0.1949996
-0.1721057 0.004028729 -0.03205165 27564888 -0.115347 -0.01533737 0.1947478
-0.1722312 0.0008085839 -0.03201917 27795100 -0.1153282 -0.01696246 0.1947947
-0.1722738 -0.002357368 -0.03191279 28035296 -0.1152975 -0.01864709 0.1949167
-0.1722624 -0.008252997 -0.03134641 28235481 -0.1152203 -0.02196522 0.1953516
-0.1719358 -0.01143706 -0.03117537 28465705 -0.1152031 -0.02376424 0.1957421
-0.171226 -0.01749802 -0.03054328 28675878 -0.1152005 -0.02745005 0.1966619
-0.1706327 -0.02033583 -0.0302197 28906086 -0.1150932 -0.02915367 0.197295
-0.1698624 -0.02336648 -0.02993911 29126285 -0.1149336 -0.03096526 0.1980374
-0.168197 -0.02927549 -0.02887048 29356509 -0.1146362 -0.03469018 0.199842
-0.1672781 -0.03237363 -0.02834822 29606714 -0.1145423 -0.03659602 0.2008058
-0.1661726 -0.03510625 -0.0278201 29796886 -0.1145706 -0.03838433 0.2018914
-0.1639924 -0.04120265 -0.02667502 30037103 -0.114517 -0.04230663 0.2041064
-0.1627393 -0.04426125 -0.02617764 30247300 -0.1143937 -0.04442329 0.2052875
-0.1615476 -0.04742456 -0.02562915 30477520 -0.1141829 -0.046538 0.2064595
-0.1588268 -0.05374222 -0.0248023 30727730 -0.113602 -0.05088649 0.2088973
-0.157462 -0.05693597 -0.0243375 30918052 -0.1132402 -0.05316346 0.2101445
-0.1559882 -0.06019954 -0.02400748 31158131 -0.1127291 -0.05550693 0.2113958
-0.1530541 -0.06653806 -0.02331133 31368308 -0.1112412 -0.0602694 0.2139007
-0.1514287 -0.06976849 -0.02300005 31588507 -0.1105649 -0.06264614 0.2152396
-0.1494524 -0.07271361 -0.02288336 31828724 -0.1099612 -0.06483356 0.2167037
-0.1457628 -0.07900917 -0.02231598 32038909 -0.1088121 -0.06936543 0.2196211
-0.1438065 -0.08236329 -0.02210292 32259282 -0.1080292 -0.07172298 0.2211044
-0.1418941 -0.08542076 -0.0217775 32479307 -0.1072237 -0.07406025 0.2226155
-0.1379062 -0.09171585 -0.02115104 32709672 -0.1055878 -0.07874453 0.2257075
-0.1360509 -0.09481622 -0.02071184 32929883 -0.1049334 -0.08105768 0.2272256
-0.1338379 -0.09798336 -0.02053465 33159929 -0.1041597 -0.08331934 0.2288011
-0.1300593 -0.1043244 -0.01978599 33390133 -0.1023858 -0.08825777 0.2317589
-0.1280918 -0.1074429 -0.01933555 33600343 -0.1014027 -0.09072017 0.233327
-0.1259534 -0.1107013 -0.01903754 33840697 -0.1003892 -0.09325226 0.2348899
-0.1218791 -0.1165433 -0.01799196 34050733 -0.09867204 -0.09816647 0.2381665
-0.1196314 -0.1194281 -0.01752359 34280941 -0.09787858 -0.100667 0.2398835
-0.1176159 -0.1219917 -0.01678684 34491126 -0.0971675 -0.1031246 0.241643
-0.113374 -0.1268759 -0.01527782 34721338 -0.09559238 -0.1079083 0.2452993
-0.1112908 -0.1287849 -0.01439427 34961547 -0.09478221 -0.1100658 0.2471982
-0.1066853 -0.1329232 -0.0127207 35161739 -0.09293276 -0.1145141 0.2511573
-0.1041742 -0.1347847 -0.01193573 35401948 -0.09175605 -0.1166942 0.2532119
-0.1016313 -0.1365636 -0.01119086 35612134 -0.09051046 -0.1187686 0.2552378
-0.09909846 -0.1383204 -0.01042992 35832495 -0.089136 -0.1208744 0.2572581
-0.09335709 -0.1414634 -0.008946911 36082558 -0.08616528 -0.1249331 0.2615805
-0.09041183 -0.1431832 -0.008164272 36282739 -0.08451068 -0.1270252 0.2637695
-0.08751633 -0.1445705 -0.007402644 36532965 -0.08279216 -0.1289682 0.2658981
-0.08128116 -0.1472082 -0.006002858 36733166 -0.0791291 -0.1326573 0.270167
-0.07808904 -0.1484815 -0.005354479 36973362 -0.07705033 -0.134485 0.2722398
-0.07208965 -0.1508429 -0.004055768 37183552 -0.07280952 -0.1379396 0.2760935
-0.06890535 -0.1520744 -0.003514811 37403751 -0.07060099 -0.1395259 0.2779284
-0.06579792 -0.1531476 -0.002965674 37623953 -0.06840217 -0.1409622 0.2796902
-0.05951074 -0.154961 -0.001622275 37854157 -0.06391698 -0.1438037 0.2833244
-0.05645293 -0.1557525 -0.0009235591 38094374 -0.06160912 -0.1451949 0.2850697
-0.05337591 -0.1565418 -0.0003221631 38294721 -0.05923784 -0.1465518 0.2866854
-0.04735437 -0.1581874 0.000937134 38524766 -0.05419347 -0.1492626 0.2897855
-0.04435252 -0.1591428 0.001660839 38744965 -0.05163494 -0.1505733 0.29133
-0.04119021 -0.1597109 0.002455741 38975177 -0.04920915 -0.1518297 0.2929384
-0.03502076 -0.1604326 0.004188076 39215385 -0.04435596 -0.1542707 0.2961042
-0.03170358 -0.160629 0.00513649 39415736 -0.04183057 -0.1554333 0.2977237
-0.02892097 -0.1610143 0.006100312 39665792 -0.03930175 -0.1566206 0.2992087
-0.02282352 -0.1615406 0.008030266 39866155 -0.03392595 -0.1588147 0.302107
-0.01993128 -0.1619436 0.008885533 40086390 -0.03108853 -0.1599329 0.303355
-0.01708005 -0.1621571 0.00982824 40316379 -0.02828526 -0.1609631 0.3046318
-0.01103219 -0.1618013 0.01195247 40536578 -0.02266207 -0.1628804 0.3072951
-0.008406495 -0.16148 0.01295818 40786808 -0.01998156 -0.1636201 0.3084735
-0.005526066 -0.1607251 0.01407892 40976975 -0.01735324 -0.1641995 0.3097175
1.795244E-05 -0.1590261 0.01640624 41237210 -0.01209685 -0.1650277 0.3121092
0.002927571 -0.156893 0.01763241 41427568 -0.009476602 -0.1647581 0.3133124
0.005548864 -0.1562195 0.01862714 41647584 -0.006851584 -0.165024 0.3141966
0.01075292 -0.1535544 0.02067907 41877812 -0.001840681 -0.1646714 0.3158844
0.01326532 -0.1523589 0.02165642 42108008 0.000641644 -0.1643896 0.316599
0.01567167 -0.1512815 0.02239913 42348213 0.003184721 -0.1640304 0.3170626
0.02079217 -0.1490044 0.02396458 42548405 0.008313358 -0.1630128 0.3178296
0.02310139 -0.1477959 0.02451943 42788610 0.01074305 -0.162334 0.3179787
0.02557801 -0.1471457 0.02520268 43008817 0.0132353 -0.1619305 0.3181295
0.03099583 -0.1446909 0.02635171 43229011 0.0187071 -0.1604778 0.3180119
0.03389694 -0.1432626 0.02700238 43439452 0.02134919 -0.1596776 0.3178504
0.03573055 -0.1432354 0.02710147 43679434 0.02359234 -0.1592096 0.3174464
0.04074808 -0.1410749 0.02753556 43909772 0.02872175 -0.1574458 0.3163493
0.04321194 -0.1399376 0.02773254 44109823 0.03115334 -0.1564215 0.3157094
0.04558212 -0.1390276 0.02771029 44340014 0.03349358 -0.1553991 0.3148523
0.04978121 -0.1378289 0.02758503 44560257 0.03798684 -0.1537754 0.3131936
0.05195853 -0.1366493 0.02752788 44780416 0.04015389 -0.152636 0.3122921
0.05443874 -0.1353801 0.02759418 45000614 0.04239053 -0.1514597 0.3113036
0.05877695 -0.1333922 0.02703983 45230818 0.04657052 -0.1488431 0.3089076
0.06112022 -0.1325062 0.0268307 45471047 0.04864255 -0.1476202 0.307611
0.0654333 -0.1306587 0.02572058 45681228 0.05272696 -0.1448344 0.3045812
0.06784227 -0.1292429 0.02548414 45901569 0.05471095 -0.1432322 0.3031311
0.0701375 -0.1279844 0.02497271 46141786 0.05673656 -0.1416987 0.3015074
0.07245144 -0.1269215 0.02440698 46341833 0.05875862 -0.1401208 0.2997892
0.07706141 -0.1244232 0.02343588 46592050 0.06266427 -0.1367704 0.2964075
0.078972 -0.1235318 0.02257963 46802240 0.06439677 -0.1350583 0.2946302
0.08113867 -0.1221842 0.02188928 47022439 0.06615984 -0.1331751 0.2928026
0.08533154 -0.1197669 0.02021702 47242633 0.06947674 -0.1294855 0.2889487
0.08767206 -0.1184811 0.01960741 47462836 0.0712904 -0.1274881 0.2870072
0.09177233 -0.1158903 0.01777947 47823161 0.07436535 -0.123367 0.2829981
0.09622647 -0.112047 0.0166747 48053543 0.07724848 -0.1192079 0.2792062
0.09870303 -0.1099934 0.01627693 48243557 0.07878833 -0.1171299 0.2772106
0.1004233 -0.1089489 0.01479693 48493775 0.08002406 -0.1150337 0.2749915
0.1052369 -0.105244 0.01307108 48693947 0.08305858 -0.1103231 0.2704005
0.1074021 -0.1037207 0.01205498 48914138 0.08442925 -0.1080924 0.2681628
0.1096699 -0.1016911 0.01125999 49164364 0.08585604 -0.1057968 0.2660013
0.1138857 -0.09789993 0.009336174 49364739 0.08823332 -0.101248 0.2616392
0.1155045 -0.0965371 0.007801875 49614936 0.08911487 -0.09887176 0.2594551
0.1181572 -0.09401628 0.007250354 49814963 0.09065156 -0.09654131 0.2571365
0.1225416 -0.09023135 0.005128637 50055342 0.09301092 -0.09168384 0.2525153
0.1245525 -0.0886001 0.004135445 50265377 0.09408645 -0.08937347 0.2503864
0.1268451 -0.08544257 0.003860518 50485560 0.09527601 -0.08675185 0.24846
0.1305342 -0.08135957 0.002372295 50735782 0.09726474 -0.08202461 0.2447539
0.1327978 -0.07841408 0.002396658 50925953 0.09851451 -0.07956097 0.2429981
0.1344844 -0.07616893 0.00177595 51176179 0.09942923 -0.07712536 0.2413334
0.1379049 -0.07077457 0.0007909387 51376360 0.1013854 -0.07221593 0.2381124
0.1396736 -0.06743088 0.0005815923 51606568 0.1024226 -0.06971488 0.2365933
0.1410947 -0.06497335 0.0002665371 51826766 0.1031159 -0.06736594 0.2352798
0.1436863 -0.05904001 -0.0007827431 52056978 0.104114 -0.06219935 0.2325966
0.1452727 -0.05557487 -0.0005813092 52307204 0.1049015 -0.05965686 0.2313779
0.1476969 -0.04998882 -0.001178309 52497376 0.1056982 -0.05487379 0.2290203
0.1487892 -0.04704952 -0.001642331 52747597 0.1060257 -0.05244766 0.2278544
0.1498717 -0.0441382 -0.001979962 52947782 0.1063579 -0.05004899 0.2267567
0.151162 -0.04080937 -0.001676634 53198008 0.1070524 -0.04768797 0.2257914
0.1529548 -0.03537036 -0.002129808 53388179 0.1075268 -0.04320448 0.2239916
0.1536838 -0.03273532 -0.002139568 53608382 0.1077428 -0.04114525 0.2233268
0.1545632 -0.02997609 -0.001794025 53838590 0.1081001 -0.0391969 0.2226794
0.1564704 -0.02490181 -0.0009524375 54068790 0.1091572 -0.03549549 0.2213458
0.1570786 -0.02247956 -0.001263872 54309010 0.1093531 -0.03354583 0.2206504
0.1585137 -0.01784542 -0.000568673 54629303 0.1100762 -0.03016502 0.2196059
0.159139 -0.01308196 -0.000369966 54849502 0.1103917 -0.02676841 0.2190226
0.1592312 -0.01075398 3.665686E-05 55099732 0.1103911 -0.02520066 0.2190171
0.1591182 -0.008553631 0.0002391636 55289896 0.1103402 -0.02370416 0.2191184
0.1583338 -0.004406628 0.0007413626 55530112 0.1100702 -0.02105595 0.219835
0.1574965 -0.002313355 0.0009464025 55740456 0.1096512 -0.01992282 0.220517
0.156351 -0.0007310302 0.001254603 55990710 0.1092294 -0.01912559 0.2215457
0.1528691 0.001641726 0.002890542 56320826 0.107511 -0.01844844 0.2249599
