0.1501343 -0.001876865 0.006625861 0 0.1922169 0.007350556 0.2196162
0.1501343 -0.001876865 0.006625861 110115 0.1922169 0.007350556 0.2196162
0.1501123 -0.001723406 0.005982324 220210 0.1922784 0.00758814 0.2189886
0.1504004 -0.00176049 0.005406633 340307 0.1922621 0.007788888 0.2182649
0.1504004 -0.00176049 0.005406633 450406 0.1922621 0.007788888 0.2182649
0.150684 -0.001657939 0.004946038 560501 0.1922527 0.007972828 0.2176614
0.1508892 -0.001563328 0.004535988 670605 0.1921239 0.008098475 0.2172114
0.1508892 -0.001563328 0.004535988 780708 0.1921239 0.008098475 0.2172114
0.1510418 -0.001414094 0.004194394 890807 0.1919418 0.008303157 0.2168805
0.1512765 -0.001135893 0.003987625 1001085 0.1918298 0.008586637 0.2166004
0.1512765 -0.001135893 0.003987625 1121023 0.1918298 0.008586637 0.2166004
0.1514528 -0.0008635385 0.003706396 1231127 0.1916997 0.008904091 0.2162896
0.1515636 -0.0006079999 0.003348514 1341214 0.1914896 0.009284846 0.2159761
0.1515636 -0.0006079999 0.003348514 1481336 0.1914896 0.009284846 0.2159761
0.1518115 -0.000324115 0.00307256 1561409 0.1911625 0.009725682 0.2157121
0.1517618 -7.575644E-05 0.002808496 1681667 0.1907503 0.01014983 0.2156714
0.1517618 -7.575644E-05 0.002808496 1791620 0.1907503 0.01014983 0.2156714
0.1516008 0.0007484785 0.002706304 1901728 0.1904521 0.01064943 0.2158347
0.1516949 0.001346702 0.002742231 2011815 0.1901108 0.01119529 0.2159759
0.1516949 0.001346702 0.002742231 2131923 0.1901108 0.01119529 0.2159759
0.1519079 0.001923698 0.002920777 2242023 0.1899525 0.0119177 0.2160795
0.1515568 0.0023528 0.002789795 2352122 0.1896791 0.01259481 0.2162707
0.1514048 0.003514125 0.002877519 2462226 0.1895497 0.01346194 0.216526
0.1514048 0.003514125 0.002877519 2592339 0.1895497 0.01346194 0.216526
0.1514424 0.004419057 0.003269076 2682428 0.1894052 0.01435458 0.2169373
0.1512332 0.005324017 0.00359571 2802533 0.1890257 0.01529729 0.2175349
0.1512332 0.005324017 0.00359571 2912802 0.1890257 0.01529729 0.2175349
0.1508467 0.006519345 0.004040927 3022893 0.1887417 0.01637732 0.2183163
0.1503879 0.007762652 0.004372224 3132827 0.1883274 0.01764881 0.2190811
0.1503879 0.007762652 0.004372224 3252931 0.1883274 0.01764881 0.2190811
0.1497476 0.008912408 0.004719764 3363034 0.1879607 0.01887118 0.219944
0.1493973 0.01076702 0.005291462 3473150 0.1876952 0.02045547 0.220823
0.1493973 0.01076702 0.005291462 3583237 0.1876952 0.02045547 0.220823
0.1488223 0.01208014 0.005681768 3723368 0.1873237 0.02184557 0.221687
0.1481478 0.01321885 0.005999744 3803428 0.1868865 0.02315318 0.2225634
0.1481478 0.01321885 0.005999744 3913535 0.1868865 0.02315318 0.2225634
0.147558 0.01518979 0.00653927 4023639 0.1865506 0.02490222 0.2235804
0.1470676 0.0166198 0.006999537 4143739 0.1861434 0.02638923 0.224472
0.1470676 0.0166198 0.006999537 4253838 0.1861434 0.02638923 0.224472
0.14648 0.01820296 0.007486492 4363942 0.1857337 0.02796542 0.2254513
0.1458841 0.01959478 0.00801678 4504060 0.1852971 0.02945101 0.226478
0.1458841 0.01959478 0.00801678 4594141 0.1852971 0.02945101 0.226478
0.1451882 0.02115105 0.008565933 4704249 0.1848898 0.03092038 0.2275815
0.144464 0.02277515 0.009179011 4814348 0.1845365 0.0323764 0.2287433
0.144464 0.02277515 0.009179011 4924444 0.1845365 0.0323764 0.2287433
0.1437111 0.02428806 0.009718433 5034543 0.1841508 0.03376853 0.2298624
0.1429332 0.02577592 0.01037148 5144646 0.1837297 0.03516256 0.2311122
0.1429332 0.02577592 0.01037148 5264751 0.1837297 0.03516256 0.2311122
0.1421839 0.02740666 0.01099756 5374854 0.1832845 0.03664314 0.232331
0.1413156 0.02877337 0.01169959 5484953 0.182834 0.03806674 0.2336793
0.1413156 0.02877337 0.01169959 5595057 0.182834 0.03806674 0.2336793
0.1403462 0.03042426 0.01224688 5725474 0.1823166 0.03960859 0.2349788
0.1393677 0.03207526 0.01277566 5825256 0.1818134 0.04120003 0.2362553
0.1393677 0.03207526 0.01277566 5925355 0.1818134 0.04120003 0.2362553
0.1384596 0.03368494 0.0133418 6045455 0.1813032 0.04284262 0.2375197
0.1374471 0.0354753 0.01379263 6155555 0.1807346 0.04460143 0.2387615
0.1374471 0.0354753 0.01379263 6265654 0.1807346 0.04460143 0.2387615
0.1362758 0.03716378 0.0141588 6375757 0.1800691 0.04631185 0.2400469
0.1352979 0.03896386 0.01460811 6515876 0.1794375 0.04806017 0.2412824
0.1342883 0.04077983 0.01507306 6606160 0.1787637 0.04976999 0.2425641
0.1342883 0.04077983 0.01507306 6716064 0.1787637 0.04976999 0.2425641
0.1331696 0.04270009 0.01553757 6826160 0.1780775 0.05153119 0.2439097
0.1331696 0.04270009 0.01553757 6946268 0.1780775 0.05153119 0.2439097
0.1319885 0.04459108 0.01595432 7056367 0.1772825 0.053236 0.2452798
0.1307808 0.04637576 0.01642714 7166471 0.1764472 0.05488455 0.2467226
0.1307808 0.04637576 0.01642714 7296584 0.1764472 0.05488455 0.2467226
0.1295923 0.04834168 0.01687649 7386674 0.175626 0.05661188 0.2481219
0.1282252 0.04997465 0.01724634 7496773 0.1747912 0.05818294 0.2495371
0.1282252 0.04997465 0.01724634 7606868 0.1747912 0.05818294 0.2495371
0.1268666 0.05186058 0.01765257 7726973 0.1739365 0.05980622 0.2509827
0.1256447 0.05360199 0.01811261 7837072 0.1730704 0.06137835 0.2523965
0.1256447 0.05360199 0.01811261 7947179 0.1730704 0.06137835 0.2523965
0.1243284 0.05535634 0.01844029 8077285 0.1721122 0.06290614 0.2537587
0.1229446 0.0571924 0.01881601 8167366 0.1712431 0.06438672 0.2551594
0.1229446 0.0571924 0.01881601 8287478 0.1712431 0.06438672 0.2551594
0.1216973 0.05903112 0.01925267 8397574 0.170426 0.06588649 0.2565151
0.1201649 0.06066728 0.01953119 8517694 0.1693585 0.06728815 0.2579431
0.1201649 0.06066728 0.01953119 8617776 0.1693585 0.06728815 0.2579431
0.1187411 0.06245149 0.01998563 8737885 0.1682979 0.06875657 0.2594649
0.1172796 0.06409734 0.02041146 8857993 0.1671469 0.07023548 0.2609975
0.1158714 0.0658038 0.02084948 8958092 0.1659464 0.07182991 0.2625193
0.1158714 0.0658038 0.02084948 9068341 0.1659464 0.07182991 0.2625193
0.1141878 0.06742702 0.02114181 9188308 0.1646521 0.07335483 0.2640527
0.1126042 0.06917935 0.02151184 9298399 0.1633784 0.07491194 0.2655843
0.1126042 0.06917935 0.02151184 9398485 0.1633784 0.07491194 0.2655843
0.1110619 0.07078241 0.02188121 9518598 0.162071 0.07645308 0.2670948
0.1110619 0.07078241 0.02188121 9648707 0.162071 0.07645308 0.2670948
0.1093221 0.07235605 0.02215661 9738788 0.1605854 0.07793605 0.268647
0.1078142 0.07400084 0.02254575 9848896 0.1591231 0.07955157 0.2701792
0.1062201 0.07557213 0.0229122 9969000 0.1575867 0.08118092 0.2717393
0.1062201 0.07557213 0.0229122 10069082 0.1575867 0.08118092 0.2717393
0.1047891 0.07724005 0.02320141 10189199 0.1561037 0.08281004 0.2731146
0.103256 0.07884773 0.02342485 10299298 0.15467 0.08439743 0.2744386
0.103256 0.07884773 0.02342485 10429419 0.15467 0.08439743 0.2744386
0.1015549 0.08055087 0.02348137 10519711 0.1531062 0.08603667 0.2756926
0.09993621 0.08234641 0.02363232 10629762 0.1516083 0.08774458 0.2769596
0.09993621 0.08234641 0.02363232 10739699 0.1516083 0.08774458 0.2769596
0.09815533 0.08397481 0.02369088 10859808 0.1499662 0.08930718 0.2782292
0.09654851 0.08578821 0.02391644 10969899 0.1483646 0.0909816 0.2795524
0.09654851 0.08578821 0.02391644 11080007 0.1483646 0.0909816 0.2795524
0.09484107 0.08738963 0.02408779 11190110 0.1466676 0.09264719 0.2808846
0.09300137 0.08904955 0.02436607 11310210 0.1449233 0.09438657 0.2823606
0.09300137 0.08904955 0.02436607 11420310 0.1449233 0.09438657 0.2823606
0.09134753 0.09058245 0.02462195 11550423 0.1431355 0.09607541 0.2837472
0.08955464 0.09211031 0.02488828 11640500 0.1413091 0.09782099 0.2851856
0.08955464 0.09211031 0.02488828 11750604 0.1413091 0.09782099 0.2851856
0.08765596 0.09366544 0.02502017 11860707 0.1394426 0.09957575 0.2865142
0.08583853 0.09526966 0.02527484 12000829 0.1376143 0.1013631 0.287897
0.08583853 0.09526966 0.02527484 12090911 0.1376143 0.1013631 0.287897
0.08382825 0.09675384 0.02549008 12201010 0.1355872 0.1030167 0.2893354
0.08203667 0.09841866 0.02575481 12331132 0.1334851 0.1047627 0.2907456
0.08203667 0.09841866 0.02575481 12431214 0.1334851 0.1047627 0.2907456
0.07998964 0.09983739 0.02600995 12531308 0.131364 0.1064738 0.2922137
0.0778399 0.1012664 0.02612466 12651417 0.1291936 0.1082038 0.2935548
0.0778399 0.1012664 0.02612466 12761516 0.1291936 0.1082038 0.2935548
0.07594043 0.1028289 0.02623475 12871615 0.1271074 0.1099574 0.2947612
0.07375486 0.1042111 0.02630915 12981715 0.1249009 0.1116475 0.2960161
0.07375486 0.1042111 0.02630915 13111828 0.1249009 0.1116475 0.2960161
0.07179391 0.1055516 0.0263841 13201913 0.122703 0.1132473 0.2971829
0.06976926 0.1068926 0.02644266 13322022 0.120465 0.1147982 0.2983242
0.06976926 0.1068926 0.02644266 13432121 0.120465 0.1147982 0.2983242
0.06734589 0.1081327 0.02644143 13552229 0.1181039 0.1162666 0.299484
0.06520301 0.1093686 0.02640079 13662325 0.1158221 0.1177059 0.3004898
0.06520301 0.1093686 0.02640079 13762419 0.1158221 0.1177059 0.3004898
0.0631306 0.1106866 0.02638184 13902546 0.1135518 0.1191959 0.3014639
0.06090369 0.1119495 0.02624872 13992627 0.1111465 0.1206045 0.3023503
0.06090369 0.1119495 0.02624872 14142766 0.1111465 0.1206045 0.3023503
0.05873128 0.1128521 0.02620138 14242849 0.1087559 0.1217884 0.3032868
0.0566489 0.1137859 0.0262218 14473060 0.1063296 0.1228882 0.3042467
0.05439273 0.1146588 0.02619758 14703264 0.1038587 0.1238151 0.3051462
0.0499082 0.1162024 0.0261378 14923463 0.09891976 0.1256565 0.3068282
0.04769124 0.1169158 0.02628325 15153675 0.09647273 0.1265894 0.3077814
0.04541248 0.1175009 0.02633329 15383878 0.09391342 0.1274272 0.3086396
0.04073364 0.1182078 0.02643788 15594072 0.08886026 0.1286427 0.3102175
0.03849731 0.1184415 0.02664861 15824292 0.08630691 0.1291873 0.3111174
0.03606482 0.1186497 0.02682169 16044479 0.08371577 0.1297165 0.3119373
0.03168808 0.1189647 0.02700071 16274703 0.07876623 0.1304589 0.3132403
0.02956417 0.1192085 0.02697626 16494885 0.07630903 0.1307615 0.3137131
0.02735563 0.119288 0.02691919 16725097 0.07381462 0.1309546 0.3141227
0.02277359 0.1194167 0.02684814 16945450 0.068818 0.1315118 0.3148536
0.02053664 0.1192701 0.02676383 17155481 0.06633697 0.131721 0.315125
0.01849729 0.1192208 0.02654356 17375866 0.06382112 0.1319536 0.3152716
0.0142035 0.1190899 0.02623181 17605896 0.05898027 0.1319669 0.3154569
0.01220765 0.1190799 0.02600572 17826252 0.05671847 0.1319289 0.3154135
0.01011929 0.118728 0.02579574 18056493 0.05442923 0.1317754 0.3153525
0.006273591 0.1180025 0.02538888 18276493 0.04988606 0.1312085 0.3152267
0.00432329 0.1177047 0.02525441 18506701 0.04758387 0.1308008 0.3151811
0.002354204 0.1173187 0.02523823 18726899 0.0453302 0.1303118 0.3152015
-0.001579387 0.1164572 0.02496681 18957107 0.0407877 0.1296571 0.3149557
-0.003399719 0.1162414 0.02461451 19177306 0.03861195 0.1294583 0.3146037
-0.005154269 0.1159368 0.0242054 19397500 0.03635641 0.1292809 0.31423
-0.009134407 0.1151123 0.02354343 19617707 0.03179116 0.1287864 0.3133879
-0.01130585 0.1146914 0.02337335 19837910 0.02959992 0.1285177 0.3129701
-0.01323551 0.1142847 0.02302946 20088124 0.02735336 0.128136 0.3124783
-0.0170821 0.1133208 0.02238268 20288495 0.02280173 0.1274498 0.3114895
-0.01898778 0.112613 0.02212903 20508515 0.02050463 0.1270019 0.3110411
-0.02059922 0.1120152 0.02158524 20738715 0.01820876 0.1265366 0.3104391
-0.02440357 0.1107517 0.02064766 20959205 0.01379021 0.1253886 0.3089711
-0.02629415 0.1101086 0.02003996 21199134 0.0117767 0.1245874 0.3080218
-0.02959731 0.1088049 0.0184304 21409320 0.007877882 0.1229184 0.3059254
-0.03127258 0.1080032 0.01758963 21649545 0.005934085 0.122008 0.3048097
-0.03274268 0.107292 0.01655036 21849904 0.004105418 0.1210116 0.3035801
-0.03605518 0.1059559 0.01443766 22079925 0.0006989571 0.1185692 0.3007975
-0.03759918 0.1050846 0.0133248 22330151 -0.0008855898 0.1172645 0.299371
-0.03893236 0.1045149 0.01194385 22530336 -0.00253428 0.1160399 0.2978392
-0.04214663 0.1028666 0.009406403 22780557 -0.005675422 0.1135958 0.2946024
-0.04377459 0.1021205 0.008088037 22970729 -0.007253482 0.1124049 0.2929256
-0.04515143 0.1013888 0.006607816 23200937 -0.008741551 0.1111853 0.2912218
-0.0480573 0.09982298 0.003779635 23421144 -0.01175066 0.1086125 0.2878556
-0.04955654 0.0991139 0.002335802 23641334 -0.01324091 0.1073652 0.286117
-0.05102284 0.09823907 0.0008697212 23871728 -0.01460676 0.1061054 0.2843377
-0.05410079 0.09602515 -0.002051979 24091749 -0.01723577 0.1034299 0.2806636
-0.05560542 0.09488702 -0.003474876 24312146 -0.01851684 0.1020735 0.2788721
-0.05689946 0.0934663 -0.0050181 24532296 -0.01977 0.1005396 0.2770821
-0.05967115 0.09084854 -0.007968962 24782360 -0.02207689 0.09730195 0.273506
-0.06104814 0.08954205 -0.009549499 24982545 -0.02310518 0.09561073 0.2716136
-0.06249576 0.08771005 -0.01110546 25212947 -0.02410658 0.0938152 0.2696695
-0.06535333 0.08441509 -0.01436605 25432959 -0.02589543 0.09021925 0.2656741
-0.06680688 0.08273278 -0.01610488 25673168 -0.0266441 0.08839356 0.2635478
-0.06850456 0.08115955 -0.01787958 25903371 -0.0273642 0.08670377 0.2612544
-0.07201538 0.07767536 -0.02156869 26103552 -0.0286268 0.08320748 0.2564618
-0.07386496 0.07611126 -0.02346346 26333764 -0.02923124 0.08155596 0.2539933
-0.07565765 0.07445157 -0.02530456 26553963 -0.02980397 0.07991397 0.2516002
-0.0792569 0.07089488 -0.0286642 26784170 -0.03093509 0.07666694 0.2470901
-0.08088115 0.06914333 -0.03030553 27024387 -0.03153451 0.07504845 0.2449984
-0.08393963 0.06524523 -0.03330925 27224572 -0.03279135 0.07193505 0.2411415
-0.08545754 0.06354127 -0.03477772 27464963 -0.03334184 0.07043599 0.2392706
-0.08697934 0.06132016 -0.03613272 27674978 -0.03384563 0.06883322 0.2374466
-0.08820557 0.05904214 -0.03774983 27895169 -0.03420781 0.06716382 0.2355641
-0.09138405 0.05415884 -0.04043225 28115562 -0.03491478 0.06383478 0.2318415
-0.09257127 0.05110765 -0.04202233 28345579 -0.03506557 0.06199919 0.2299379
-0.09381003 0.04810781 -0.04354744 28565782 -0.03525648 0.06011485 0.2280983
-0.09611782 0.0415571 -0.04637881 28785977 -0.03543707 0.05600201 0.224682
-0.09690662 0.03788407 -0.04803482 29026190 -0.03537006 0.05385768 0.2229452
-0.09875821 0.02992769 -0.05108151 29236379 -0.03491757 0.04934084 0.2194907
-0.09947692 0.02561331 -0.05253435 29456582 -0.03461903 0.0470103 0.2179062
-0.1002563 0.02162101 -0.05408213 29686790 -0.03439376 0.04481017 0.2162781
-0.1009698 0.01723598 -0.05545948 29906984 -0.034058 0.04248511 0.2147766
-0.1021949 0.008023383 -0.0579896 30127187 -0.0332583 0.03782367 0.212006
-0.1028192 0.003397816 -0.0590269 30357399 -0.0329647 0.03563356 0.2107837
-0.1045443 -0.005736424 -0.06085615 30597608 -0.0326514 0.031399 0.2083607
-0.1056714 -0.01021205 -0.06138039 30797788 -0.03259624 0.02937626 0.2073075
-0.1063831 -0.01506743 -0.06223867 31017987 -0.03255321 0.02742659 0.206171
-0.1084408 -0.02424983 -0.0629141 31248203 -0.0327066 0.02373373 0.2043385
-0.1088904 -0.02926316 -0.06346706 31478403 -0.03281702 0.02183449 0.2035215
-0.1093884 -0.03383433 -0.06365764 31698605 -0.0328384 0.01984154 0.2029799
-0.1102658 -0.04368139 -0.06396902 31918804 -0.03293893 0.01556932 0.2019638
-0.1102423 -0.04903497 -0.06433946 32139003 -0.03289101 0.01328825 0.2015059
-0.1101269 -0.05442408 -0.06461469 32379220 -0.03279205 0.01091849 0.2011552
-0.1097169 -0.06476495 -0.06489678 32589429 -0.03255009 0.006259314 0.2007237
-0.1094936 -0.06992541 -0.06500144 32819633 -0.03248994 0.003943077 0.2005426
-0.1093115 -0.07476851 -0.06513719 33039966 -0.03245535 0.001742951 0.2003542
-0.1088344 -0.0847763 -0.06551775 33260168 -0.03210425 -0.002659448 0.1998635
-0.1085492 -0.08981184 -0.06605224 33480395 -0.03185787 -0.00475777 0.1994354
-0.1082071 -0.09493406 -0.06633454 33710425 -0.0315651 -0.006877669 0.199129
-0.1082334 -0.1049984 -0.06705219 33950634 -0.03112224 -0.01104678 0.198184
-0.1078972 -0.1103568 -0.06756137 34150814 -0.030823 -0.01308049 0.1977179
-0.1074247 -0.1158525 -0.06820223 34381030 -0.03053124 -0.01496805 0.197189
-0.1067936 -0.126868 -0.06911723 34601379 -0.02981088 -0.01873971 0.196113
-0.1062576 -0.1325645 -0.06959272 34831449 -0.02944485 -0.02060402 0.1956212
-0.1059946 -0.1377443 -0.06997326 35071649 -0.02917474 -0.02246309 0.1951759
-0.1050511 -0.1483445 -0.0707196 35271838 -0.02853038 -0.02606703 0.1943601
-0.1046674 -0.1532886 -0.07083834 35512059 -0.02825614 -0.02789534 0.1940836
-0.1042718 -0.1579848 -0.07091907 35712223 -0.02795843 -0.02974046 0.1938786
-0.1024447 -0.1676909 -0.07100677 35942443 -0.02717473 -0.0334071 0.1937838
-0.1014487 -0.1718858 -0.07092178 36162642 -0.02687847 -0.03525627 0.1939683
-0.1003396 -0.1755912 -0.07069252 36392837 -0.026587 -0.03710879 0.1943391
-0.09745727 -0.1835368 -0.07029208 36633054 -0.02571573 -0.04101337 0.1952232
-0.09584706 -0.1877584 -0.07022187 36843402 -0.02525151 -0.04298843 0.1956439
-0.09281106 -0.1952526 -0.06989073 37083461 -0.02406882 -0.0467893 0.196536
-0.09091819 -0.198979 -0.06961357 37283654 -0.02336542 -0.04865135 0.1970944
-0.08909547 -0.202487 -0.06945893 37533879 -0.02269523 -0.05044854 0.1976321
-0.08452772 -0.209652 -0.06893937 37734052 -0.02095842 -0.05408336 0.1989478
-0.08201279 -0.213075 -0.06858758 37964280 -0.02001969 -0.0559181 0.1997122
-0.07932359 -0.2161733 -0.06831654 38174457 -0.01908102 -0.05765832 0.2005564
-0.07707093 -0.2181863 -0.06755945 38404657 -0.01821936 -0.05937529 0.2015684
-0.07148965 -0.2225953 -0.06627195 38624856 -0.01631738 -0.06282558 0.2037788
-0.06832194 -0.2246829 -0.06564538 38865073 -0.01528224 -0.06457842 0.2050142
-0.0627566 -0.2276657 -0.06409666 39085271 -0.01317887 -0.06792653 0.2074515
-0.06011055 -0.2289353 -0.06321254 39295469 -0.01212012 -0.06953359 0.2086399
-0.05758844 -0.2300847 -0.06224778 39555696 -0.0110127 -0.07116307 0.2098199
-0.05255565 -0.2315027 -0.06039833 39745880 -0.008802059 -0.07421149 0.212302
-0.0500001 -0.2317175 -0.05928504 39966078 -0.007752869 -0.07563639 0.2136721
-0.04709127 -0.2322405 -0.05825742 40196432 -0.006622236 -0.07691992 0.2149348
-0.04265571 -0.2306718 -0.0556571 40416477 -0.004556554 -0.07913888 0.2178204
-0.04022476 -0.2297269 -0.05422556 40636679 -0.003481983 -0.08029593 0.2194184
-0.03768714 -0.2285591 -0.05272186 40867037 -0.002445552 -0.0814271 0.2211321
-0.03273493 -0.2255337 -0.04949011 41087078 -0.00032567 -0.08342517 0.2246771
-0.02998601 -0.2239894 -0.04785592 41307280 0.0009101583 -0.08450652 0.2265665
-0.02729921 -0.2224192 -0.04594129 41557498 0.002230749 -0.08573951 0.2285652
-0.02183266 -0.2188835 -0.04215533 41757679 0.004806009 -0.08799458 0.2326682
-0.01923612 -0.2170444 -0.04012265 42007905 0.006149609 -0.08908666 0.2347274
-0.01664438 -0.2150829 -0.03812893 42208089 0.007524649 -0.09015501 0.2368296
-0.01089124 -0.2113185 -0.03410418 42428288 0.01062802 -0.09230603 0.2410633
-0.008573198 -0.2092372 -0.03197356 42648487 0.0121919 -0.09330524 0.2431607
-0.005769042 -0.2074231 -0.03009457 42878695 0.01385433 -0.09419598 0.2450972
-0.0004213517 -0.2032852 -0.02604765 43098893 0.0174158 -0.09575523 0.2490699
0.00232793 -0.2012475 -0.02412263 43329101 0.01934852 -0.09647144 0.2509731
0.004895026 -0.1991482 -0.02210315 43579327 0.02132988 -0.09719075 0.252904
0.01029276 -0.195205 -0.01833947 43769656 0.02544853 -0.09847106 0.2564698
0.01290547 -0.1931575 -0.0166157 44019724 0.0275798 -0.09895457 0.258133
0.01828089 -0.1899581 -0.01319048 44219905 0.03197151 -0.0999204 0.2609079
0.02094361 -0.18855 -0.01174507 44440120 0.03425438 -0.1003007 0.2620109
0.02364457 -0.187271 -0.01046798 44660473 0.03658537 -0.1005824 0.2629001
0.02667073 -0.1860851 -0.00924474 44890514 0.03904618 -0.1008426 0.2636421
0.03203256 -0.1841122 -0.007147074 45140732 0.04388945 -0.1012141 0.2646306
0.03474735 -0.1830367 -0.00612779 45330903 0.04645371 -0.101216 0.2649764
0.03787092 -0.1819812 -0.005064204 45591150 0.04913005 -0.101237 0.2652254
0.04385424 -0.1792419 -0.003134519 45781314 0.05433143 -0.1011154 0.2658317
0.04639579 -0.1778451 -0.002229854 46021539 0.0567537 -0.1009156 0.2660765
0.05178111 -0.1750338 -0.0002292693 46231724 0.0618991 -0.1004316 0.2663651
0.05446719 -0.1736092 0.0006739497 46451919 0.06447942 -0.1001053 0.2663781
0.0571762 -0.1721814 0.001614079 46692136 0.06711078 -0.09976925 0.2663422
0.06271785 -0.1690932 0.00337854 46902476 0.0723461 -0.09882558 0.2660418
0.06545487 -0.1676851 0.004275054 47122524 0.07496423 -0.0984062 0.265781
0.06848001 -0.166169 0.00536865 47352728 0.07774211 -0.09801687 0.2654935
0.07415743 -0.1630897 0.007201403 47572939 0.08304936 -0.09707392 0.2647384
0.077045 -0.1613601 0.008176625 47803155 0.08573173 -0.09649099 0.2643256
0.08014465 -0.1596094 0.00919576 48023337 0.08859085 -0.09585823 0.2637418
0.08638468 -0.1561197 0.01142183 48273563 0.0941536 -0.09461273 0.2624171
0.08931389 -0.154301 0.01246689 48463735 0.09674463 -0.09389222 0.2617356
0.09189044 -0.152518 0.01321904 48693938 0.09920974 -0.09314419 0.2610839
0.09736404 -0.1489375 0.01474527 48914137 0.1041388 -0.09158505 0.2594253
0.1002172 -0.1471231 0.01557405 49134340 0.10668 -0.09075011 0.2584415
0.1027217 -0.1454289 0.01615839 49384562 0.109069 -0.08987476 0.257471
0.1083689 -0.1418316 0.01745084 49584908 0.113795 -0.08809317 0.2551058
0.1110513 -0.1401446 0.01799606 49834968 0.1160381 -0.08719052 0.2538415
0.1136252 -0.1383628 0.01845391 50035149 0.118204 -0.08626737 0.2526344
0.1186694 -0.1350382 0.01927727 50255360 0.1223138 -0.08426727 0.2499154
0.1211579 -0.1334742 0.01969841 50475550 0.1242378 -0.08320607 0.2484318
0.1235986 -0.1318913 0.02003539 50705754 0.1261482 -0.08214808 0.2469398
0.1283659 -0.1286471 0.02034459 50945971 0.1296141 -0.07994093 0.2438528
0.1306055 -0.1269661 0.0205431 51146155 0.1311676 -0.07879091 0.2424017
0.1327442 -0.1254191 0.02074847 51396377 0.1325661 -0.07758559 0.2409027
0.1370037 -0.1222169 0.02097617 51596558 0.135214 -0.07505216 0.2377992
0.1391024 -0.1205796 0.02102686 51856797 0.136507 -0.07380427 0.236253
0.1428662 -0.1175792 0.02076781 52046968 0.1388506 -0.07141257 0.2333027
0.1447255 -0.1158024 0.02062987 52267167 0.1398268 -0.07011331 0.2319182
0.146616 -0.1141868 0.02069151 52507384 0.1408651 -0.06879462 0.2304351
0.1483328 -0.1125434 0.02044564 52717573 0.1417928 -0.06734456 0.2289809
0.1517251 -0.109248 0.01998395 52957786 0.1435361 -0.0642469 0.2259919
0.1533879 -0.1075658 0.01963761 53157967 0.1443422 -0.0627302 0.2245176
0.1549368 -0.1058302 0.01926246 53388199 0.1450986 -0.06118859 0.2231493
0.157971 -0.1022019 0.01859502 53608377 0.1464279 -0.05812825 0.220545
0.1593229 -0.1006225 0.01824678 53828580 0.1470602 -0.05664719 0.2192912
0.1607019 -0.0987556 0.01763335 54078802 0.1477453 -0.05501259 0.2180138
0.1632701 -0.09528679 0.01673844 54278987 0.1487866 -0.05163563 0.2155246
0.1644274 -0.09337076 0.01633035 54559235 0.1490668 -0.04976953 0.2144122
0.1666267 -0.08944888 0.01544653 54729389 0.1494035 -0.04612196 0.212339
0.1678054 -0.08724288 0.01500817 54949588 0.1496308 -0.04419196 0.2112806
0.168553 -0.08533306 0.01431449 55179791 0.149684 -0.04237748 0.2104906
0.1695067 -0.08316317 0.01388049 55399994 0.1496827 -0.04045285 0.2096247
0.1711556 -0.0788491 0.01308186 55660225 0.1494584 -0.03640236 0.2080578
0.1719341 -0.07675637 0.01265885 55850397 0.1493516 -0.03440297 0.2072899
0.1732904 -0.07237279 0.01173469 56070599 0.1492431 -0.03049815 0.2060255
0.1738408 -0.07021409 0.01133932 56290798 0.1491738 -0.02849055 0.2054952
0.174314 -0.0678976 0.01108049 56521030 0.149084 -0.02652741 0.205146
0.1747724 -0.06328347 0.01083295 56761239 0.1487355 -0.02257682 0.2049664
0.1748406 -0.06076876 0.01083371 56971420 0.1485317 -0.0205629 0.2051235
0.1747443 -0.05824805 0.0108373 57201620 0.1483425 -0.01852978 0.2054333
0.1743336 -0.05318894 0.010793 57411806 0.1479001 -0.01455832 0.2062733
0.1741758 -0.05050685 0.01084916 57642017 0.1476323 -0.01254571 0.2067057
0.173912 -0.04796879 0.01088914 57862212 0.1472859 -0.01044751 0.2071579
0.1731567 -0.04283884 0.01051259 58082415 0.1464631 -0.006214985 0.2081246
0.1729072 -0.04036553 0.01048423 58332637 0.1460811 -0.004047521 0.208487
0.1725998 -0.03790553 0.01035509 58522820 0.1456081 -0.001879224 0.2088616
0.1718492 -0.03280406 0.009481907 58793072 0.1443962 0.002503267 0.2095407
0.1714218 -0.03050029 0.008976549 59123350 0.1437443 0.004655234 0.2098303
0.1708347 -0.02597286 0.008333907 59313526 0.1425436 0.008606068 0.2103443
0.1706373 -0.02357794 0.008008331 59583766 0.1420171 0.01047956 0.2105628
0.1699784 -0.01958875 0.007216081 59924073 0.1409961 0.01402651 0.2110142
0.1693877 -0.0156507 0.006588295 60214347 0.1401204 0.01740574 0.2114784
0.1685224 -0.0120113 0.006162032 60434537 0.1391426 0.02033268 0.2122973
0.167938 -0.01024758 0.005808085 60674750 0.1386572 0.02169835 0.2127908
0.167408 -0.008497025 0.005485982 60884944 0.1382052 0.02296459 0.2132609
0.1662337 -0.005090103 0.004801914 61125157 0.1373357 0.02545511 0.2142559
0.165642 -0.003445487 0.004656985 61465468 0.1366974 0.0266875 0.2148216
0.1645791 -0.0004757188 0.004304901 61675657 0.1355492 0.02906167 0.2157533
0.1640391 0.0006275625 0.004056841 61905865 0.1350234 0.03016543 0.2161241
0.1630234 0.001995367 0.00409402 62256177 0.1340415 0.03197133 0.2169537
0.1618171 0.002548593 0.00430271 62456362 0.1330041 0.0325756 0.2181089
