0.1473149 0.002730328 0.007572824 0 0.06873901 -0.02684793 0.1227128
0.1473698 0.002613453 0.007424686 110099 0.06891875 -0.02676565 0.1227007
0.1474012 0.002511195 0.00721323 220199 0.06895864 -0.02661417 0.1225594
0.1475599 0.002409344 0.007049907 330298 0.06898409 -0.0263529 0.1223965
0.1475599 0.002409344 0.007049907 450406 0.06898409 -0.0263529 0.1223965
0.1477774 0.002402741 0.006818014 560506 0.06907655 -0.02611851 0.1221391
0.1480633 0.002551886 0.006575565 670609 0.06927798 -0.02588608 0.1218596
0.1480633 0.002551886 0.006575565 780704 0.06927798 -0.02588608 0.1218596
0.1481991 0.002960751 0.006312522 890804 0.06949528 -0.02565162 0.1216091
0.1483479 0.003544789 0.006118445 1010912 0.06972523 -0.02535142 0.1213995
0.1483479 0.003544789 0.006118445 1141030 0.06972523 -0.02535142 0.1213995
0.1484497 0.004249813 0.006085925 1231123 0.06987491 -0.02503747 0.121301
0.1486362 0.005075923 0.006272167 1351231 0.0699558 -0.02466901 0.1212978
0.1486362 0.005075923 0.006272167 1451310 0.0699558 -0.02466901 0.1212978
0.1488215 0.00616637 0.006675234 1561409 0.06995507 -0.02420124 0.1214104
0.1491405 0.007307937 0.007279855 1681513 0.07000443 -0.02376482 0.1216399
0.1491405 0.007307937 0.007279855 1791617 0.07000443 -0.02376482 0.1216399
0.1493062 0.008524125 0.007825398 1901716 0.070048 -0.02315584 0.121934
0.1495899 0.01000096 0.008546959 2011815 0.0701751 -0.02241898 0.1223383
0.1495899 0.01000096 0.008546959 2121915 0.0701751 -0.02241898 0.1223383
0.149772 0.0116393 0.009302937 2242023 0.07027172 -0.02154071 0.1228153
0.1498413 0.01345054 0.009883068 2352118 0.07033608 -0.02051596 0.1231591
0.1498413 0.01345054 0.009883068 2462222 0.07033608 -0.02051596 0.1231591
0.1500516 0.01539209 0.01058459 2582334 0.07043301 -0.01953731 0.1234875
0.1498845 0.01737443 0.0108405 2682579 0.07037799 -0.01823488 0.1236099
0.1498845 0.01737443 0.0108405 2802529 0.07037799 -0.01823488 0.1236099
0.1498981 0.01931969 0.01108509 2912632 0.07037842 -0.01681641 0.1236775
0.1492243 0.02180749 0.01126271 3042742 0.07010809 -0.01523075 0.1238462
0.1492243 0.02180749 0.01126271 3132827 0.07010809 -0.01523075 0.1238462
0.1489651 0.02434053 0.01145495 3243121 0.07002318 -0.01353161 0.1238832
0.1485767 0.02666747 0.01146383 3353026 0.0697779 -0.01184924 0.1237735
0.1485767 0.02666747 0.01146383 3473130 0.0697779 -0.01184924 0.1237735
0.1481145 0.02906803 0.01129413 3583233 0.06948619 -0.009990874 0.123536
0.1473959 0.03152187 0.01097494 3693333 0.06911211 -0.008113462 0.1232556
0.1473959 0.03152187 0.01097494 3823450 0.06911211 -0.008113462 0.1232556
0.1468295 0.03438853 0.01096754 3913532 0.06877571 -0.006189559 0.1230714
0.1457396 0.03734316 0.01079165 4033640 0.06814257 -0.004205607 0.1228571
0.1457396 0.03734316 0.01079165 4143739 0.06814257 -0.004205607 0.1228571
0.1449459 0.04020244 0.01086392 4254029 0.06758532 -0.002198557 0.1227735
0.1439752 0.04331323 0.01078258 4363934 0.06699137 -0.0001230357 0.1225548
0.1439752 0.04331323 0.01078258 4474045 0.06699137 -0.0001230357 0.1225548
0.1431018 0.04589254 0.01047146 4604159 0.06647346 0.001911489 0.122275
0.1418062 0.04903029 0.01010142 4704245 0.06572419 0.004160427 0.1219248
0.1418062 0.04903029 0.01010142 4814349 0.06572419 0.004160427 0.1219248
0.1405511 0.05192582 0.009656938 4924444 0.06498338 0.006359389 0.1215474
0.1392848 0.05475662 0.009278676 5034547 0.06414349 0.008523655 0.1211829
0.1392848 0.05475662 0.009278676 5144643 0.06414349 0.008523655 0.1211829
0.1378021 0.05749666 0.008573646 5254750 0.063196 0.01078695 0.1206378
0.1360867 0.06056486 0.00811569 5394868 0.06203001 0.01310955 0.120231
0.1345076 0.06339414 0.007434208 5484946 0.06099573 0.01535611 0.1196599
0.1345076 0.06339414 0.007434208 5595049 0.06099573 0.01535611 0.1196599
0.1327263 0.06626542 0.006836837 5705148 0.05978536 0.01751888 0.1191295
0.1327263 0.06626542 0.006836837 5825257 0.05978536 0.01751888 0.1191295
0.1308043 0.06898496 0.006238246 5935356 0.05843334 0.01962958 0.1186337
0.1290958 0.07190967 0.005763088 6045464 0.05726133 0.02185206 0.1181921
0.1290958 0.07190967 0.005763088 6155559 0.05726133 0.02185206 0.1181921
0.1272524 0.0746974 0.005004489 6275821 0.05600397 0.02410987 0.1175691
0.1252701 0.07729778 0.004220606 6375749 0.05458214 0.02631593 0.1169606
0.1252701 0.07729778 0.004220606 6496060 0.05458214 0.02631593 0.1169606
0.123385 0.08000974 0.00346662 6605957 0.05334219 0.02848988 0.1163646
0.1213828 0.08236645 0.002450815 6716069 0.05207146 0.03051434 0.1156477
0.1213828 0.08236645 0.002450815 6826156 0.05207146 0.03051434 0.1156477
0.119245 0.08469933 0.001607324 6956277 0.0506216 0.03249313 0.1150604
0.1171787 0.08736998 0.001012104 7056376 0.0492176 0.03450667 0.1145595
0.1171787 0.08736998 0.001012104 7166471 0.0492176 0.03450667 0.1145595
0.1149335 0.08985095 0.0003323918 7276566 0.04757202 0.03652205 0.1140192
0.1127672 0.09192582 -0.0006531664 7386666 0.0460747 0.03831718 0.1132962
0.1104249 0.09419516 -0.001430445 7496785 0.04440521 0.04013491 0.1126973
0.1104249 0.09419516 -0.001430445 7616894 0.04440521 0.04013491 0.1126973
0.1083646 0.09620243 -0.002077753 7736982 0.0428409 0.04181146 0.1121786
0.1060939 0.09818303 -0.002831056 7837072 0.04127134 0.04341365 0.1116443
0.1060939 0.09818303 -0.002831056 7957177 0.04127134 0.04341365 0.1116443
0.1038117 0.1002796 -0.003367183 8087298 0.03966542 0.04503307 0.1112598
0.101416 0.1020271 -0.004355573 8167366 0.03805861 0.04660821 0.1106264
0.101416 0.1020271 -0.004355573 8287475 0.03805861 0.04660821 0.1106264
0.09893613 0.104082 -0.004996706 8397582 0.03628336 0.04815937 0.1101273
0.09669898 0.1056584 -0.005708589 8507681 0.03454777 0.04962548 0.1096334
0.09669898 0.1056584 -0.005708589 8617777 0.03454777 0.04962548 0.1096334
0.09430765 0.1073241 -0.006479891 8727884 0.03279014 0.05099726 0.1090585
0.09430765 0.1073241 -0.006479891 8868007 0.03279014 0.05099726 0.1090585
0.09176493 0.1090693 -0.007142663 8948075 0.03117017 0.05225373 0.1086439
0.08938245 0.1105841 -0.00788647 9068187 0.02941748 0.05367048 0.1081794
0.08712009 0.1118507 -0.00872954 9178283 0.0278004 0.05493802 0.1076679
0.08712009 0.1118507 -0.00872954 9288382 0.0278004 0.05493802 0.1076679
0.08489232 0.1133519 -0.009575538 9398485 0.02619065 0.05635181 0.1070922
0.08267296 0.1143096 -0.01068888 9518740 0.02471765 0.05739611 0.1063935
0.08267296 0.1143096 -0.01068888 9638694 0.02471765 0.05739611 0.1063935
0.08053701 0.1154267 -0.0118105 9738805 0.02324086 0.05855431 0.1056158
0.07799812 0.1165486 -0.01294128 9848892 0.02155156 0.05967814 0.1048967
0.07799812 0.1165486 -0.01294128 9968996 0.02155156 0.05967814 0.1048967
0.07537501 0.1175091 -0.01420639 10079091 0.01971219 0.06082756 0.1040945
0.07283268 0.1187755 -0.01516933 10189195 0.01797752 0.06191236 0.1034213
0.07283268 0.1187755 -0.01516933 10299298 0.01797752 0.06191236 0.1034213
0.07005511 0.1196547 -0.01630747 10429412 0.01599174 0.06285885 0.1026784
0.06732612 0.1205618 -0.01706666 10519489 0.01411899 0.06366475 0.1022563
0.06732612 0.1205618 -0.01706666 10629592 0.01411899 0.06366475 0.1022563
0.06488842 0.1214084 -0.01769981 10749701 0.01216424 0.06442709 0.1017972
0.06256352 0.1220351 -0.01832254 10859800 0.01033313 0.06509067 0.1014087
0.06256352 0.1220351 -0.01832254 10969895 0.01033313 0.06509067 0.1014087
0.05971859 0.1227303 -0.01901097 11080003 0.008416641 0.06567211 0.1010671
0.0568179 0.1233078 -0.0196937 11210120 0.006512629 0.066191 0.1007775
0.0568179 0.1233078 -0.0196937 11310223 0.006512629 0.066191 0.1007775
0.05417087 0.1239065 -0.02028909 11420318 0.004632224 0.06674112 0.1004764
0.05139305 0.124107 -0.02098287 11540430 0.002605941 0.06704801 0.1001383
0.05139305 0.124107 -0.02098287 11650514 0.002605941 0.06704801 0.1001383
0.04895284 0.1243725 -0.02150001 11750604 0.0005641223 0.06735492 0.09980036
0.04595195 0.1247544 -0.02215557 11860853 -0.001400846 0.06763802 0.09950661
0.04595195 0.1247544 -0.02215557 12011029 -0.001400846 0.06763802 0.09950661
0.04307825 0.1249311 -0.02275696 12091102 -0.003637432 0.0678601 0.09917255
0.04049932 0.1250449 -0.02316141 12211019 -0.005693283 0.06802738 0.09899221
0.04049932 0.1250449 -0.02316141 12311118 -0.005693283 0.06802738 0.09899221
0.03777359 0.1251059 -0.02358212 12421209 -0.007735346 0.06808765 0.09882746
0.03511015 0.1250335 -0.02400556 12541318 -0.009716635 0.06807496 0.09868323
0.03511015 0.1250335 -0.02400556 12651421 -0.009716635 0.06807496 0.09868323
0.03259822 0.124933 -0.02427378 12791547 -0.01167849 0.06806013 0.09865423
0.02994277 0.124851 -0.02473011 12901659 -0.01381224 0.0681 0.09844077
0.02712182 0.1248458 -0.02523676 13121837 -0.01591281 0.06811806 0.09819838
0.02469716 0.1247258 -0.02552258 13241946 -0.01797183 0.06815939 0.09811343
0.02192569 0.1244265 -0.02602117 13492180 -0.02000625 0.06805777 0.09795679
0.01921305 0.1243223 -0.02645639 13692364 -0.02196648 0.06795665 0.09777486
0.01669303 0.1241025 -0.0267103 13932597 -0.02400375 0.0678314 0.09772274
0.011459 0.1237054 -0.02716069 14142779 -0.02834064 0.06762537 0.09764822
0.008621589 0.1235822 -0.02729993 14362961 -0.03054911 0.06747634 0.09769621
0.005803567 0.123398 -0.0273953 14583172 -0.03269359 0.06724761 0.09779
0.0008769199 0.122497 -0.02785035 14813388 -0.0366672 0.06672851 0.09779426
-0.001806053 0.1218493 -0.02834451 15043576 -0.03858341 0.06646273 0.09769519
-0.00432323 0.1212331 -0.02881773 15253765 -0.04058963 0.06616674 0.09751
-0.009252146 0.1200255 -0.02953185 15483973 -0.04432985 0.06529424 0.09727624
-0.0117803 0.118993 -0.03006778 15724186 -0.04624967 0.06463325 0.09706654
-0.01649721 0.1176675 -0.03041458 15924366 -0.05002367 0.06341408 0.09701697
-0.01881961 0.1169502 -0.03054359 16154578 -0.05194005 0.06274854 0.0970161
-0.02144263 0.116074 -0.03080208 16384790 -0.05392479 0.06205859 0.09700052
-0.02609782 0.1143187 -0.03117405 16605009 -0.05754875 0.06057017 0.09699844
-0.02839671 0.1134159 -0.03132564 16845197 -0.05926577 0.0598447 0.09706234
-0.030585 0.1122299 -0.0314717 17045390 -0.0609686 0.05905749 0.09719757
-0.03282912 0.1110571 -0.03170731 17265581 -0.06268691 0.05820229 0.0972157
-0.03740649 0.109018 -0.03223397 17485934 -0.06591254 0.056699 0.09721247
-0.03992757 0.1080266 -0.03252096 17716008 -0.06760699 0.05594204 0.09719915
-0.04441947 0.1057845 -0.03284547 17946394 -0.07124613 0.054239 0.09726848
-0.04626014 0.1044514 -0.03294498 18166390 -0.07279702 0.05332236 0.09739251
-0.04828851 0.1032008 -0.03295431 18386588 -0.07434585 0.05241169 0.09761271
-0.0521266 0.1005216 -0.03297095 18606787 -0.07719069 0.0503098 0.09801312
-0.05380886 0.09905294 -0.03289944 18836995 -0.07856072 0.04913519 0.09825628
-0.05571508 0.09747346 -0.03297248 19067203 -0.07992361 0.04796836 0.09844076
-0.059609 0.09438259 -0.03293986 19287405 -0.08269768 0.04555517 0.09892765
-0.06174674 0.0927167 -0.03305833 19527622 -0.08415782 0.04427739 0.09906898
-0.06387325 0.09112876 -0.03320416 19728163 -0.08560786 0.04304396 0.09916548
-0.06805496 0.08761232 -0.03341547 19958011 -0.08865376 0.04042096 0.09945638
-0.07028726 0.08595166 -0.03344462 20178209 -0.09030274 0.03918188 0.0996652
-0.07244369 0.08409868 -0.03350823 20408417 -0.09195368 0.0378492 0.09985821
-0.07682874 0.08055958 -0.03352818 20638625 -0.09502828 0.03509017 0.100291
-0.07877513 0.07877144 -0.03345941 20848814 -0.09659566 0.03368805 0.1005412
-0.08080155 0.07682651 -0.03335966 21079022 -0.09821046 0.03226636 0.1008699
-0.08415367 0.07307037 -0.03294272 21299391 -0.1008742 0.02955097 0.1017151
-0.08568028 0.07151949 -0.03252944 21519416 -0.1019261 0.02824895 0.1022667
-0.0871485 0.06976517 -0.03212096 21749631 -0.102947 0.02686097 0.1028453
-0.08993366 0.06633815 -0.03120307 21979831 -0.1049774 0.02403483 0.1040389
-0.09101046 0.0648713 -0.03058404 22210213 -0.1058573 0.02268328 0.1047156
-0.09223547 0.06303142 -0.03015662 22420228 -0.1066808 0.02124223 0.1053102
-0.09477972 0.05967987 -0.02921235 22640431 -0.1084952 0.01830311 0.1064567
-0.09612207 0.05779529 -0.02891083 22860630 -0.1094127 0.01678556 0.1069119
-0.09729146 0.05615023 -0.02866786 23080829 -0.1101924 0.01544749 0.1072847
-0.0996573 0.05222486 -0.02843555 23301185 -0.1116854 0.01249307 0.1078838
-0.1008445 0.0500492 -0.02834283 23531247 -0.1125886 0.01083842 0.108152
-0.101931 0.04810277 -0.02815477 23761459 -0.1135942 0.009179574 0.1084293
-0.1041438 0.0441891 -0.02743662 23981642 -0.1153534 0.005915996 0.1093689
-0.1051963 0.04224288 -0.02697606 24211849 -0.1161852 0.004179706 0.109906
-0.1064656 0.04017588 -0.02651007 24422197 -0.117045 0.002426076 0.1104909
-0.1084217 0.03592142 -0.02566702 24652251 -0.118581 -0.001189507 0.1115402
-0.1092961 0.03369672 -0.02519595 24892464 -0.1192137 -0.003035419 0.1121309
-0.1112928 0.02946769 -0.02420959 25092835 -0.1205731 -0.006634498 0.1133286
-0.1123416 0.02713999 -0.02379755 25322864 -0.1212829 -0.008601106 0.1138574
-0.1131505 0.02508709 -0.0233148 25543059 -0.1220183 -0.01044051 0.1144001
-0.1138743 0.02255817 -0.02300922 25783271 -0.1226843 -0.01244534 0.1148436
-0.1149302 0.01774476 -0.02237084 25993473 -0.1234694 -0.01626251 0.1157481
-0.1154302 0.01534387 -0.02209496 26223665 -0.1237574 -0.01816863 0.1161578
-0.1156643 0.01030958 -0.02157982 26463890 -0.1239759 -0.02215512 0.1169237
-0.1158282 0.00777822 -0.0212637 26664070 -0.1241262 -0.02412714 0.1173706
-0.1159115 0.005283049 -0.02091668 26904299 -0.1241792 -0.02609956 0.1178386
-0.1160343 0.0005305353 -0.02007927 27114469 -0.1242326 -0.02999259 0.1188717
-0.1163375 -0.001975819 -0.01970995 27334680 -0.1242677 -0.03199919 0.1193655
-0.1162824 -0.004302991 -0.01919797 27554870 -0.1242403 -0.03399006 0.119948
-0.1159695 -0.009075368 -0.01815058 27785070 -0.1240297 -0.03790206 0.1211703
-0.1158407 -0.01154929 -0.0176308 28005536 -0.1238718 -0.03987339 0.1217948
-0.115457 -0.0138954 -0.01702202 28235476 -0.1236143 -0.04187258 0.1224663
-0.1146156 -0.01843235 -0.01568813 28475693 -0.1229935 -0.04595298 0.123878
-0.1140688 -0.02088368 -0.01501227 28675878 -0.1226126 -0.04806124 0.1246109
-0.1137986 -0.02314939 -0.0143057 28916103 -0.1222813 -0.05013863 0.1253578
-0.1117985 -0.02797356 -0.01308569 29116441 -0.1207575 -0.0542606 0.1266819
-0.1109785 -0.03054821 -0.01261306 29346483 -0.1199625 -0.05640341 0.1272334
-0.1097163 -0.03332527 -0.01225884 29566686 -0.1189905 -0.05857108 0.12768
-0.1070888 -0.03862002 -0.01135796 29796889 -0.1169295 -0.06294022 0.1287061
-0.105556 -0.04143709 -0.01100286 30017092 -0.115708 -0.06520955 0.129133
-0.1040623 -0.04434996 -0.01073201 30247320 -0.1143757 -0.06747358 0.1295006
-0.1009831 -0.04988762 -0.01004088 30467491 -0.1118326 -0.07220441 0.130282
-0.09916506 -0.05273292 -0.009674928 30687884 -0.1105454 -0.07468055 0.1306641
-0.09749258 -0.05558034 -0.00931646 30907900 -0.1091929 -0.07715701 0.1310538
-0.09373528 -0.06150446 -0.008655035 31128099 -0.1060781 -0.08218838 0.1317945
-0.0916466 -0.06437069 -0.008259395 31358307 -0.1043946 -0.08462006 0.1322173
-0.08964409 -0.06722758 -0.007858764 31598511 -0.1026841 -0.08701733 0.1326566
-0.08569653 -0.07269779 -0.006985602 31808705 -0.09930066 -0.09168662 0.1335868
-0.08371782 -0.07525794 -0.0065052 32048934 -0.09774174 -0.09389764 0.1340727
-0.08160283 -0.07773571 -0.006056922 32249110 -0.09612479 -0.09604692 0.1345136
-0.07725038 -0.08274375 -0.005171762 32479310 -0.09263963 -0.1003186 0.1354005
-0.07522409 -0.08500651 -0.004655901 32699513 -0.09087435 -0.1023106 0.1359211
-0.07317363 -0.08707929 -0.00407557 32929725 -0.08916067 -0.1042347 0.1364818
-0.06882613 -0.09095909 -0.002832876 33169933 -0.08585856 -0.1079563 0.1376209
-0.06634237 -0.09274314 -0.002082537 33370122 -0.08400441 -0.1096988 0.1382984
-0.06404292 -0.09474901 -0.001360441 33600318 -0.08210485 -0.1114396 0.1390014
-0.0587317 -0.09793081 0.0001061217 33820529 -0.0778117 -0.1143404 0.1403663
-0.0558624 -0.09905194 0.0009599941 34050728 -0.07556872 -0.1155384 0.1411246
-0.05059929 -0.1017182 0.002442135 34280932 -0.07118001 -0.1180303 0.1425014
-0.04816926 -0.1027605 0.003168937 34491122 -0.06915306 -0.1191284 0.1431619
-0.04568365 -0.1037584 0.003920128 34721329 -0.06721126 -0.1201579 0.1438268
-0.0403618 -0.1055441 0.005204199 34931705 -0.06308555 -0.1219002 0.1449267
-0.03757228 -0.1064771 0.005749749 35161731 -0.06075732 -0.1226852 0.1454136
-0.03448433 -0.1070629 0.006275222 35401944 -0.0582766 -0.1232571 0.1458386
-0.02862636 -0.108703 0.007293162 35602128 -0.05359395 -0.1245561 0.1466903
-0.0256427 -0.1092091 0.007886309 35842345 -0.05120101 -0.1250242 0.1471806
-0.02254936 -0.1099481 0.008481127 36052539 -0.04875792 -0.1255301 0.1476809
-0.01918185 -0.1102677 0.009201094 36282755 -0.04617561 -0.1258859 0.1482466
-0.01245132 -0.1109644 0.01049439 36502945 -0.04069457 -0.1265256 0.149298
-0.008948592 -0.1112467 0.01116549 36743158 -0.03791795 -0.1267856 0.1498218
-0.002248306 -0.1115985 0.01254727 36973366 -0.03253698 -0.1271156 0.1509238
0.001190878 -0.111738 0.01320313 37173542 -0.02979623 -0.1273047 0.1514194
0.004798467 -0.11178 0.01391941 37403754 -0.02690413 -0.1274104 0.1519661
0.0119448 -0.1116186 0.01538143 37623957 -0.02120643 -0.1274604 0.1530633
0.0153482 -0.1113998 0.01605336 37844147 -0.0184053 -0.127325 0.1535791
0.01903887 -0.1111493 0.01678754 38064350 -0.01551499 -0.1271393 0.1541069
0.02634526 -0.1104285 0.01797584 38284553 -0.009525932 -0.1265674 0.1549395
0.02978759 -0.1101868 0.01846778 38534771 -0.006719728 -0.1262679 0.15527
0.03329469 -0.1098201 0.0188699 38734955 -0.003917193 -0.1258726 0.1554856
0.04011123 -0.1089758 0.01964386 38975176 0.001367682 -0.1250127 0.1558349
0.04335378 -0.108173 0.02008274 39185544 0.003760897 -0.1245528 0.1559885
0.04674518 -0.1075433 0.02033307 39415570 0.006286947 -0.1240798 0.1559646
0.0528021 -0.1063187 0.02054489 39675800 0.01093852 -0.123018 0.1557293
0.05580352 -0.1055297 0.02061531 39865984 0.01319226 -0.1224091 0.1555435
0.05888972 -0.1047759 0.02060721 40106189 0.0154926 -0.1216686 0.1552831
0.06462689 -0.1033856 0.02050489 40306386 0.01999397 -0.1202227 0.1547832
0.06789384 -0.1023403 0.02067835 40536581 0.02228146 -0.1193344 0.1546073
0.0705687 -0.1012807 0.02082287 40756784 0.02444073 -0.1184473 0.1545531
0.07644239 -0.09893572 0.02121304 40976979 0.02887393 -0.1164223 0.1543961
0.07924598 -0.0978502 0.02133316 41207344 0.03105897 -0.1153528 0.1542915
0.08242039 -0.09672359 0.02147304 41427385 0.03332599 -0.1141953 0.1541031
0.08813407 -0.09371197 0.02185859 41667602 0.03772759 -0.1116 0.1539398
0.09089874 -0.09203435 0.0220604 41867787 0.03995774 -0.1101696 0.1539026
0.09375439 -0.09071296 0.02212308 42097994 0.04206082 -0.108777 0.1536819
0.09911091 -0.0874455 0.02221027 42318384 0.04609989 -0.1059038 0.1531888
0.1020801 -0.08600099 0.0222731 42538388 0.0482045 -0.1043891 0.1529083
0.1042996 -0.08414866 0.02219021 42788609 0.05011869 -0.1028532 0.1526541
0.1093475 -0.08096903 0.02175437 42988790 0.05382683 -0.09971496 0.1516477
0.1116121 -0.07927267 0.0214345 43239016 0.05569547 -0.09808395 0.1511485
0.1163417 -0.07578653 0.02086556 43439201 0.0592739 -0.09484401 0.1500412
0.1188539 -0.07407208 0.02059639 43669412 0.06109858 -0.09311024 0.1494689
0.1210788 -0.07241229 0.02019054 43889781 0.06284077 -0.09134778 0.1488608
0.1251238 -0.06849827 0.01939281 44109802 0.06607622 -0.0878371 0.1476334
0.1272223 -0.06694186 0.01891214 44350019 0.06771085 -0.08604284 0.1469738
0.129166 -0.06465911 0.01872047 44560208 0.06916591 -0.08414053 0.1464965
0.13305 -0.06076736 0.01836149 44790420 0.07213924 -0.08042002 0.1456797
0.1348654 -0.05832713 0.01828124 44990605 0.07364261 -0.07853211 0.145363
0.1366376 -0.05589006 0.01830208 45230817 0.07498594 -0.0766555 0.1450858
0.1397895 -0.05171433 0.01772566 45461025 0.07745542 -0.07286506 0.1441114
0.1414384 -0.04936811 0.01759847 45671211 0.07872996 -0.07098752 0.1437195
0.1427302 -0.04725698 0.01730075 45891410 0.07978326 -0.0691406 0.1432572
0.1445932 -0.04569146 0.01693098 46111616 0.08089296 -0.06722455 0.1425688
0.1470332 -0.04112351 0.01615382 46361838 0.08292495 -0.0635396 0.1414292
0.14817 -0.03859841 0.01577941 46562019 0.08390224 -0.06158904 0.1408687
0.1504244 -0.0349423 0.01468899 46802236 0.08559726 -0.05786122 0.1395025
0.1518651 -0.03255846 0.01446387 47152564 0.08671942 -0.05594966 0.1390237
0.1531754 -0.02746915 0.01328847 47352732 0.08818047 -0.05207162 0.1376936
0.1541995 -0.02508697 0.01280832 47583122 0.0890263 -0.05009575 0.137039
0.1558598 -0.02075425 0.01192328 47793130 0.09016044 -0.04611771 0.1358045
0.1561978 -0.01784148 0.01143764 48023333 0.09063371 -0.04416654 0.1351898
0.1564444 -0.01553076 0.01064664 48263554 0.09087104 -0.04205555 0.1343512
0.1559566 -0.009745825 0.009293224 48473740 0.09105321 -0.03783495 0.1330058
0.1561938 -0.007269462 0.008836232 48703952 0.09119555 -0.03566811 0.1324283
0.1565548 -0.005119289 0.008323347 48914141 0.0913247 -0.03350278 0.1317967
0.1562496 -3.308187E-05 0.007069814 49134340 0.09147506 -0.02922089 0.1305954
0.1550866 0.003082697 0.006233446 49364702 0.09110094 -0.02697556 0.1299613
0.1545387 0.005656256 0.005674754 49584909 0.09076582 -0.02487472 0.1293968
0.1532004 0.01029159 0.003949424 49824976 0.09005249 -0.0206395 0.1278924
0.1527213 0.01261517 0.003156521 50025148 0.08985706 -0.01867145 0.1271545
0.1515239 0.01421809 0.001685834 50285375 0.08947053 -0.01683086 0.1261511
0.1499786 0.01804992 0.0001246631 50475559 0.08821112 -0.01335822 0.124642
0.1486825 0.01977776 -0.0006643863 50725772 0.08733214 -0.01197967 0.1239705
0.1471934 0.02266257 -0.001546476 50926119 0.08590563 -0.0096786 0.122969
0.1464715 0.02369323 -0.001800827 51146172 0.08502051 -0.008917951 0.1225637
0.1457659 0.024421 -0.001671684 51376367 0.08412164 -0.008443443 0.1225305
0.1456481 0.02452959 -0.001227555 51596582 0.08350302 -0.008364927 0.1227168
0.143179 0.02433778 -0.0005999772 51846784 0.08164451 -0.009216527 0.1234721
0.1420804 0.0238699 0.000155044 52046969 0.08067489 -0.01019491 0.1241518
0.1409169 0.02254162 0.001231216 52277172 0.07924146 -0.01170238 0.1250446
