0.1444571 0.01176428 0.04090183 0 0.0833948 0.0111339 0.1696545
0.1444571 0.01176428 0.04090183 110103 0.0833948 0.0111339 0.1696545
0.1445385 0.01167738 0.04054406 220202 0.08349934 0.01112496 0.1693081
0.1447188 0.01152479 0.04025232 340311 0.08357817 0.01116943 0.1689689
0.1447188 0.01152479 0.04025232 470432 0.08357817 0.01116943 0.1689689
0.1449306 0.01144706 0.03997132 560509 0.08368616 0.01128852 0.1686389
0.1451039 0.01143049 0.03963896 670613 0.08379644 0.01147281 0.1682766
0.1451039 0.01143049 0.03963896 780708 0.08379644 0.01147281 0.1682766
0.1451934 0.01152097 0.03929456 900829 0.08392638 0.01168 0.1679514
0.145312 0.01192044 0.03909146 1010916 0.08403899 0.01200043 0.1677456
0.145312 0.01192044 0.03909146 1121019 0.08403899 0.01200043 0.1677456
0.1454413 0.01243555 0.03900325 1231115 0.08413273 0.01239883 0.1676404
0.1455293 0.01308369 0.03899645 1341214 0.08414891 0.0129069 0.1675993
0.1455293 0.01308369 0.03899645 1451325 0.08414891 0.0129069 0.1675993
0.1456238 0.01417135 0.03906336 1571422 0.08414277 0.01367973 0.1676172
0.1454719 0.01560926 0.03915226 1681521 0.0840373 0.01462757 0.1677255
0.1454719 0.01560926 0.03915226 1791620 0.0840373 0.01462757 0.1677255
0.1452946 0.01700877 0.03935974 1911729 0.08389336 0.01557266 0.1679447
0.1450484 0.01874649 0.03954637 2021852 0.08368652 0.01674782 0.1681426
0.1447139 0.02053153 0.03991064 2131927 0.08334202 0.01794051 0.1684915
0.1447139 0.02053153 0.03991064 2242027 0.08334202 0.01794051 0.1684915
0.1442914 0.02275979 0.04040122 2352126 0.0828675 0.01934349 0.1689379
0.1437743 0.02513968 0.04101493 2462221 0.08232684 0.02092635 0.1695167
0.1437743 0.02513968 0.04101493 2572325 0.08232684 0.02092635 0.1695167
0.1431151 0.02767145 0.04169348 2692437 0.08165161 0.02269732 0.1701604
0.1426967 0.03031444 0.04258284 2802537 0.08100513 0.02459275 0.1709092
0.1426967 0.03031444 0.04258284 2912652 0.08100513 0.02459275 0.1709092
0.1420216 0.03320908 0.04347047 3022739 0.08032015 0.02658712 0.1717488
0.1412942 0.03608727 0.04445665 3132831 0.07946123 0.02859544 0.1726238
0.1412942 0.03608727 0.04445665 3242930 0.07946123 0.02859544 0.1726238
0.1402568 0.039119 0.04530969 3363221 0.07850994 0.03076469 0.173465
0.1393174 0.04212915 0.04629808 3493156 0.07752134 0.03298938 0.174376
0.1393174 0.04212915 0.04629808 3583233 0.07752134 0.03298938 0.174376
0.1384887 0.04533266 0.0473217 3693332 0.07664993 0.03534865 0.175316
0.1372369 0.04844808 0.04821828 3813441 0.0756073 0.03766357 0.1762485
0.1372369 0.04844808 0.04821828 3923544 0.0756073 0.03766357 0.1762485
0.1359707 0.05176663 0.049185 4033644 0.07456112 0.0400027 0.1772347
0.1350541 0.05492138 0.0502538 4153752 0.07360312 0.04229712 0.1782017
0.1350541 0.05492138 0.0502538 4253838 0.07360312 0.04229712 0.1782017
0.1337485 0.05814945 0.05137434 4363938 0.07247038 0.04452752 0.1793028
0.1324628 0.06141674 0.0524674 4484046 0.07136184 0.04679357 0.1803701
0.1324628 0.06141674 0.0524674 4604163 0.07136184 0.04679357 0.1803701
0.1312541 0.06470858 0.05373671 4704249 0.07020181 0.04907739 0.1815433
0.1301409 0.06826495 0.05509215 4814348 0.0691137 0.05145847 0.1827615
0.1301409 0.06826495 0.05509215 4924443 0.0691137 0.05145847 0.1827615
0.1287939 0.07133066 0.05639071 5054565 0.06788413 0.05364513 0.1839974
0.1274935 0.07458054 0.05772379 5154651 0.06668052 0.05590498 0.1852356
0.1274935 0.07458054 0.05772379 5264759 0.06668052 0.05590498 0.1852356
0.1259305 0.07752382 0.05894126 5374854 0.0654705 0.05798446 0.1864915
0.1245965 0.08052945 0.06012149 5484966 0.06426404 0.06014525 0.1875999
0.1245965 0.08052945 0.06012149 5595053 0.06426404 0.06014525 0.1875999
0.1226393 0.08364391 0.06098061 5715295 0.06285277 0.06231415 0.1885614
0.1212401 0.08653175 0.06201118 5815247 0.0613791 0.06447744 0.1894338
0.1212401 0.08653175 0.06201118 5935360 0.0613791 0.06447744 0.1894338
0.1194969 0.08944749 0.06292599 6045459 0.06001622 0.06651043 0.1903708
0.1173946 0.09221863 0.06380231 6155559 0.05840892 0.06847154 0.1913289
0.1173946 0.09221863 0.06380231 6275825 0.05840892 0.06847154 0.1913289
0.1158832 0.09509885 0.06490977 6385945 0.05693129 0.07048213 0.1922869
0.1135904 0.09803485 0.06577618 6496012 0.05518892 0.07249724 0.1932256
0.1135904 0.09803485 0.06577618 6635996 0.05518892 0.07249724 0.1932256
0.1121586 0.1009602 0.0669923 6726231 0.05351527 0.07463145 0.1941694
0.1096531 0.1038953 0.06784847 6826180 0.05148358 0.07670271 0.1950614
0.1096531 0.1038953 0.06784847 6936267 0.05148358 0.07670271 0.1950614
0.1091743 0.1059236 0.06919546 7056388 0.05031664 0.07843375 0.1960274
0.1071011 0.1082586 0.0700715 7166467 0.04857088 0.08016669 0.196923
0.1071011 0.1082586 0.0700715 7276574 0.04857088 0.08016669 0.196923
0.1049546 0.1106954 0.07093737 7396679 0.04685535 0.08191621 0.197833
0.1026125 0.1130947 0.07172689 7496785 0.04497993 0.08365785 0.1986844
0.1026125 0.1130947 0.07172689 7606884 0.04497993 0.08365785 0.1986844
0.1004984 0.1154871 0.07267557 7716968 0.0430963 0.08542073 0.19959
0.0981463 0.11773 0.07356092 7837226 0.04113784 0.08709192 0.200516
0.0981463 0.11773 0.07356092 7947179 0.04113784 0.08709192 0.200516
0.09577364 0.1199462 0.07448164 8057275 0.03912966 0.0887488 0.2014637
0.09323427 0.1218629 0.07527502 8197401 0.03711721 0.09029471 0.2023993
0.09053068 0.1239424 0.07601992 8287499 0.03498888 0.09183597 0.203262
0.09053068 0.1239424 0.07601992 8397602 0.03498888 0.09183597 0.203262
0.08750962 0.125988 0.07667125 8507681 0.0327509 0.09331905 0.2041094
0.08750962 0.125988 0.07667125 8617780 0.0327509 0.09331905 0.2041094
0.08464071 0.1282486 0.07752124 8727880 0.0304324 0.09492885 0.2050262
0.08175997 0.1301939 0.07817693 8837979 0.0281193 0.09647249 0.2058162
0.08175997 0.1301939 0.07817693 8958088 0.0281193 0.09647249 0.2058162
0.07876651 0.1321748 0.0788535 9068341 0.02578869 0.09788429 0.206618
0.07570678 0.13401 0.07947429 9178282 0.02348703 0.09919893 0.20741
0.07302612 0.1354538 0.08008264 9318409 0.02115951 0.1002855 0.2080643
0.07302612 0.1354538 0.08008264 9408494 0.02115951 0.1002855 0.2080643
0.06980544 0.1373827 0.08067588 9518593 0.01869488 0.1016275 0.208799
0.06712151 0.1392961 0.08145754 9628697 0.01624861 0.1029946 0.2095216
0.06712151 0.1392961 0.08145754 9748797 0.01624861 0.1029946 0.2095216
0.06416821 0.1407596 0.08194928 9858905 0.01373953 0.1041648 0.2101055
0.06120193 0.1423495 0.08250662 9969166 0.01133347 0.1052512 0.2107373
0.06120193 0.1423495 0.08250662 10079099 0.01133347 0.1052512 0.2107373
0.05800882 0.1437156 0.08295417 10189195 0.008918256 0.1062645 0.2113823
0.05462459 0.1450129 0.08334655 10299306 0.0064044 0.1072268 0.2120061
0.05462459 0.1450129 0.08334655 10409397 0.0064044 0.1072268 0.2120061
0.05189811 0.1463492 0.08392429 10519505 0.003962472 0.1081939 0.2125812
0.04882942 0.1477633 0.08435318 10639605 0.001391754 0.1092565 0.2130899
0.04882942 0.1477633 0.08435318 10749704 0.001391754 0.1092565 0.2130899
0.04564846 0.1489471 0.08471179 10859808 -0.001227021 0.1101473 0.2135664
0.04241049 0.1497445 0.08492246 10989921 -0.003676057 0.1108314 0.2140273
0.04241049 0.1497445 0.08492246 11080002 -0.003676057 0.1108314 0.2140273
0.03898686 0.1505437 0.08510517 11190098 -0.006178141 0.1114494 0.2144806
0.03561692 0.1514832 0.08525105 11300205 -0.008756816 0.1121523 0.2148285
0.03561692 0.1514832 0.08525105 11420310 -0.008756816 0.1121523 0.2148285
0.03244859 0.1522692 0.08532855 11530413 -0.01126915 0.1128017 0.2150873
0.02920654 0.1530807 0.08529493 11640516 -0.01395851 0.1135486 0.2152189
0.02920654 0.1530807 0.08529493 11770626 -0.01395851 0.1135486 0.2152189
0.02571538 0.1539531 0.08532193 11870716 -0.01662678 0.1141821 0.2154437
0.02234861 0.1542545 0.08523963 11980982 -0.01922065 0.1145667 0.2156357
0.02234861 0.1542545 0.08523963 12090915 -0.01922065 0.1145667 0.2156357
0.0188309 0.1548499 0.08527894 12201014 -0.0219003 0.1150187 0.2158956
0.01540439 0.1550337 0.08519177 12311113 -0.02446043 0.1153186 0.2161107
0.01540439 0.1550337 0.08519177 12421221 -0.02446043 0.1153186 0.2161107
0.0119701 0.1555043 0.08519159 12531316 -0.02717644 0.1157514 0.2163156
0.008647129 0.1560495 0.08525555 12651429 -0.02981496 0.1161643 0.2165418
0.008647129 0.1560495 0.08525555 12761528 -0.02981496 0.1161643 0.2165418
0.005351752 0.1563622 0.08536889 12881628 -0.03250033 0.1164238 0.2168163
0.001739532 0.1565278 0.08553106 13011742 -0.0352062 0.1165732 0.2172311
0.001739532 0.1565278 0.08553106 13101827 -0.0352062 0.1165732 0.2172311
-0.001688242 0.1569835 0.08579434 13211930 -0.03782952 0.1168371 0.2176592
-0.005037129 0.1571252 0.08603805 13372067 -0.04055321 0.1170624 0.218098
-0.008443415 0.1576343 0.08633558 13582261 -0.04329854 0.1174372 0.2185308
-0.01180914 0.1577034 0.08648733 13802459 -0.0460645 0.1176251 0.2188753
-0.01521769 0.1581623 0.08679431 14022666 -0.04876626 0.1179262 0.2193153
-0.02212951 0.158659 0.087289 14222839 -0.05416924 0.1182789 0.2201391
-0.02532789 0.1587641 0.08748547 14322925 -0.05698949 0.11851 0.2204645
-0.02532789 0.1587641 0.08748547 14443037 -0.05698949 0.11851 0.2204645
-0.02846465 0.1588309 0.08762474 14553141 -0.05970442 0.1187409 0.2207529
-0.03189668 0.1589596 0.08774211 14673249 -0.06254765 0.1189591 0.2210339
-0.03189668 0.1589596 0.08774211 14773344 -0.06254765 0.1189591 0.2210339
-0.03532419 0.1588355 0.08781055 14893444 -0.0652622 0.1189719 0.2213054
-0.03894618 0.1587298 0.08785492 15003547 -0.06806147 0.118935 0.2215521
-0.03894618 0.1587298 0.08785492 15113643 -0.06806147 0.118935 0.2215521
-0.04223582 0.15848 0.08795315 15223746 -0.07075235 0.1188332 0.2218232
-0.04572484 0.1581485 0.08787685 15343854 -0.07359958 0.1187154 0.221945
-0.04921725 0.1580209 0.08792262 15463959 -0.07649601 0.1187175 0.2221514
-0.04921725 0.1580209 0.08792262 15554044 -0.07649601 0.1187175 0.2221514
-0.0526554 0.1574708 0.08783849 15694166 -0.07941139 0.1184939 0.2222675
-0.05627772 0.15701 0.0878517 15784256 -0.08228457 0.1181582 0.2224639
-0.05627772 0.15701 0.0878517 15894347 -0.08228457 0.1181582 0.2224639
-0.05994391 0.1562972 0.0878498 16014460 -0.08505589 0.1176487 0.2226902
-0.05994391 0.1562972 0.0878498 16154582 -0.08505589 0.1176487 0.2226902
-0.06437212 0.1556137 0.08792181 16244663 -0.08786029 0.1171426 0.2231051
-0.06817487 0.1548738 0.08796357 16354767 -0.09073308 0.1166902 0.2233865
-0.0717366 0.1538704 0.08796762 16464866 -0.09348658 0.1161244 0.2236453
-0.0717366 0.1538704 0.08796762 16594979 -0.09348658 0.1161244 0.2236453
-0.07511932 0.1529874 0.08799558 16695074 -0.09618819 0.1155552 0.2238675
-0.0783352 0.1519272 0.0879709 16905255 -0.09884316 0.1148149 0.2240163
-0.08132243 0.1507257 0.08795856 17015355 -0.1013618 0.1139308 0.2241599
-0.0841251 0.1495352 0.08800407 17155481 -0.1040049 0.1131087 0.2243278
-0.0841251 0.1495352 0.08800407 17385689 -0.1040049 0.1131087 0.2243278
-0.09010962 0.1476718 0.08825417 17615905 -0.109423 0.1116596 0.2247693
-0.09330302 0.1464244 0.08829664 17836103 -0.1121209 0.1107238 0.2249627
-0.09624583 0.1450798 0.08841278 18056298 -0.1145249 0.1097461 0.2252472
-0.101884 0.1420339 0.08861363 18276509 -0.1191273 0.1074357 0.2257701
-0.1048837 0.1406327 0.08879568 18506709 -0.1214796 0.10632 0.2261036
-0.1077363 0.1390899 0.08895009 18726907 -0.1238095 0.1051586 0.2264149
-0.1127466 0.135409 0.0893802 18947102 -0.1278013 0.1023906 0.2271823
-0.1150123 0.1332915 0.08962591 19177314 -0.1296257 0.1007425 0.227587
-0.1195181 0.1291803 0.08993256 19397508 -0.1333193 0.09749638 0.2281784
-0.1217664 0.126895 0.08995417 19617719 -0.1352181 0.09576236 0.2283596
-0.1238322 0.1243857 0.08993361 19848089 -0.1370025 0.09384429 0.2284977
-0.1269395 0.1184949 0.08981827 20088148 -0.1399791 0.08938157 0.2287018
-0.1285085 0.1151688 0.0895381 20288470 -0.1414152 0.08692931 0.2286143
-0.1301554 0.1123092 0.08954471 20518524 -0.1428201 0.08462989 0.2287558
-0.1328444 0.1054236 0.08936315 20738719 -0.1454814 0.07934772 0.228886
-0.1340253 0.1015779 0.08921266 20958918 -0.1465 0.07632554 0.2289014
-0.1351787 0.09774887 0.08903985 21189141 -0.1475421 0.07328331 0.2288785
-0.1371875 0.08966374 0.08845815 21409324 -0.1495452 0.06695949 0.228594
-0.1383827 0.08546995 0.08812913 21649541 -0.1505614 0.0636903 0.2284273
-0.1395473 0.08120047 0.08778502 21859730 -0.151508 0.06029522 0.2282349
-0.1417817 0.07286703 0.0871166 22079929 -0.1534385 0.05358207 0.2278236
-0.1429639 0.06874561 0.08670731 22300136 -0.1544397 0.05031954 0.2275442
-0.1441213 0.06498551 0.08645528 22530332 -0.1554009 0.04720413 0.2273909
-0.1463713 0.05708944 0.08600397 22780561 -0.1573203 0.04090487 0.2271579
-0.1475673 0.05308949 0.08587945 22980746 -0.1582376 0.03773879 0.2271479
-0.1483516 0.04909431 0.08558079 23200937 -0.15893 0.03464853 0.2269514
-0.1503063 0.04136407 0.08498612 23431144 -0.1603984 0.02870321 0.2265633
-0.1512409 0.03768551 0.08475085 23651347 -0.1611556 0.02584075 0.2264112
-0.1521429 0.03391444 0.08460611 23871546 -0.1619232 0.0229696 0.2263481
-0.1534235 0.026466 0.08436624 24101750 -0.1629933 0.01719307 0.2262418
-0.1538703 0.02290642 0.08420955 24352154 -0.1634162 0.0143777 0.2261334
-0.15463 0.01577591 0.08405408 24542151 -0.1641117 0.008833519 0.2260687
-0.1547014 0.01192605 0.08400963 24762350 -0.1642888 0.005840651 0.2260565
-0.1545272 0.008102409 0.08395201 24982698 -0.1642426 0.002853385 0.2260235
-0.154321 0.004158608 0.08391017 25212756 -0.1641401 -0.0001484239 0.2260062
-0.1536546 -0.003064879 0.08386335 25452973 -0.163762 -0.006010422 0.2259739
-0.1532058 -0.007117161 0.08381172 25653162 -0.1634865 -0.009158262 0.2259257
-0.1526884 -0.01107765 0.08375487 25883361 -0.1631055 -0.01225902 0.2258688
-0.1514625 -0.01898707 0.0835958 26103560 -0.1620706 -0.01842035 0.2256993
-0.1506734 -0.02277721 0.08340807 26333768 -0.1614816 -0.02130831 0.22549
-0.1496964 -0.02656044 0.08324222 26583994 -0.1607292 -0.02422513 0.2252953
-0.1472661 -0.03395236 0.0831141 26784174 -0.1588271 -0.03011883 0.2250926
-0.1457342 -0.03747345 0.08311369 27014382 -0.1576474 -0.03297807 0.2250437
-0.1439783 -0.04096676 0.08309872 27224576 -0.1563456 -0.03564323 0.2249612
-0.1404738 -0.04709972 0.08336692 27474806 -0.1535141 -0.04073549 0.2251262
-0.1384909 -0.05002368 0.08365084 27695000 -0.151855 -0.04323865 0.2253605
-0.1364748 -0.05266441 0.08393018 27895173 -0.1501254 -0.04555358 0.2255965
-0.1318547 -0.05789221 0.08451331 28135548 -0.146567 -0.04978098 0.2260195
-0.1291466 -0.06020213 0.08479255 28345770 -0.1445512 -0.05169023 0.2262015
-0.1264092 -0.06272508 0.08519987 28565794 -0.1424547 -0.0537355 0.226508
-0.1209347 -0.06773008 0.08626537 28785985 -0.1378877 -0.057683 0.2273962
-0.1181308 -0.06952704 0.0868082 29016189 -0.1355851 -0.05941261 0.2278731
-0.1129855 -0.07284058 0.08799972 29246563 -0.1314793 -0.06252111 0.2289172
-0.1101934 -0.07443953 0.08864986 29466603 -0.1294665 -0.06399084 0.2294534
-0.1074267 -0.07612193 0.08923932 29686794 -0.1272352 -0.06547726 0.2299538
-0.1043259 -0.07755578 0.08973546 29906997 -0.124903 -0.06688023 0.2303373
-0.09856829 -0.08037938 0.09064927 30127187 -0.1202413 -0.06940139 0.231063
-0.09550893 -0.08174123 0.0911347 30377413 -0.117909 -0.07056499 0.2314187
-0.08903801 -0.08391369 0.09238353 30577598 -0.1129994 -0.07255352 0.2323944
-0.08582562 -0.08494962 0.09307121 30807854 -0.1104664 -0.07350648 0.2329574
-0.08227795 -0.08585907 0.09382869 31028195 -0.107819 -0.07436634 0.2335492
-0.07530338 -0.08740092 0.0953079 31248211 -0.1022891 -0.0758127 0.2347487
-0.07147139 -0.08844162 0.09617529 31478581 -0.09934778 -0.07666267 0.2354248
-0.06744814 -0.08926094 0.0969869 31708614 -0.09616494 -0.07746114 0.2360637
-0.05925537 -0.09069002 0.0986197 31928817 -0.08963776 -0.07879556 0.2373341
-0.05520183 -0.09139121 0.09944999 32139197 -0.08643913 -0.07929648 0.237957
-0.05090559 -0.09181382 0.1002734 32379224 -0.08308268 -0.07972015 0.2385652
-0.04280278 -0.0931182 0.1018269 32589596 -0.07632393 -0.0808034 0.2397795
-0.03862867 -0.09347487 0.102563 32819625 -0.07290632 -0.08117092 0.2403306
-0.03461227 -0.09375585 0.1031475 33059838 -0.06958681 -0.08143593 0.2407384
-0.02724764 -0.09393502 0.1039743 33270023 -0.0632793 -0.0816908 0.2412989
-0.02356672 -0.0938443 0.1043659 33510244 -0.06024027 -0.08164919 0.2415248
-0.01957709 -0.09354867 0.1048681 33720438 -0.05710799 -0.08142675 0.2418015
-0.01142117 -0.09289873 0.105852 33930619 -0.05043817 -0.08098127 0.2423874
-0.007164776 -0.09251595 0.1063803 34181036 -0.04693258 -0.08066227 0.2427044
-0.00287658 -0.09220053 0.1069809 34381026 -0.04332662 -0.08040692 0.2431093
0.005605653 -0.09114935 0.108318 34621247 -0.03636217 -0.07971001 0.2440166
0.009835646 -0.09013726 0.1089541 34831432 -0.03292564 -0.0790192 0.2444314
0.01397616 -0.08897508 0.1096177 35161735 -0.02959511 -0.07821024 0.2448654
0.02236131 -0.08661509 0.1110748 35401951 -0.02283832 -0.07641733 0.2458311
0.03066501 -0.08398438 0.1124998 35612145 -0.0159744 -0.07446206 0.2468141
0.03466696 -0.08234133 0.1131258 35852528 -0.01269388 -0.07325388 0.2472177
0.04260306 -0.078825 0.1142212 36062624 -0.006171703 -0.07054771 0.2478579
0.04647456 -0.07708967 0.1146158 36282742 -0.00296402 -0.06916631 0.2480298
0.05029251 -0.07529665 0.1149284 36522959 0.0002026707 -0.06770743 0.2481188
0.05802871 -0.07122708 0.1157664 36733161 0.00651744 -0.06442107 0.248456
0.06173721 -0.06895281 0.116222 36963405 0.009627163 -0.06263103 0.2487016
0.06530112 -0.06653096 0.1167497 37173562 0.01271099 -0.06086005 0.2490689
0.06885114 -0.06414831 0.1172581 37403758 0.01570034 -0.05905498 0.2493767
0.07601205 -0.05947364 0.1181038 37643971 0.02173856 -0.05540133 0.2498007
0.07958049 -0.05710055 0.1184636 37844163 0.02460054 -0.05347861 0.2498803
0.08603665 -0.05207671 0.1190311 38074363 0.03007522 -0.04961766 0.2500598
0.0887652 -0.04947485 0.1191711 38284727 0.03259334 -0.04755307 0.2501188
0.09180091 -0.04698993 0.1192667 38514760 0.03515504 -0.04552139 0.2500158
0.09723183 -0.04158843 0.1193131 38744972 0.03991431 -0.04112316 0.2497767
0.0998217 -0.03877056 0.1194088 38975176 0.04221904 -0.03886772 0.2497475
0.1030263 -0.0360998 0.1197347 39195375 0.04464833 -0.03662158 0.2497269
0.1090249 -0.03046954 0.1204884 39415569 0.04928428 -0.03218092 0.2498499
0.1119034 -0.02757979 0.1209353 39655786 0.05163231 -0.02987231 0.2500414
0.1143241 -0.02467693 0.1212521 39865980 0.05374861 -0.02752913 0.2502046
0.1198211 -0.01877023 0.1222465 40106193 0.05828756 -0.02287723 0.2507105
0.1219435 -0.01583327 0.1225008 40316382 0.06035942 -0.0206535 0.2509158
0.123934 -0.01268817 0.1227813 40526576 0.0623308 -0.01828052 0.2511558
0.1279998 -0.006110439 0.1234373 40746771 0.06590967 -0.01333393 0.2514954
0.1298075 -0.002998003 0.123582 40976982 0.06750777 -0.0109278 0.2514965
0.1315196 0.0002537882 0.1238356 41217199 0.0691165 -0.008468875 0.2516481
0.1347728 0.00663542 0.1244143 41437398 0.07196662 -0.003508219 0.2519241
0.1365005 0.009781233 0.1248218 41657597 0.07334717 -0.0009628618 0.2521107
0.1375017 0.01305627 0.1250455 41867790 0.07445596 0.001553885 0.2523215
0.1396916 0.01946961 0.1258685 42087989 0.07667753 0.006363741 0.2530051
0.1404905 0.02261542 0.1261467 42318193 0.07761465 0.008652321 0.2532605
0.1419634 0.02573168 0.126678 42538404 0.07874513 0.01096188 0.2535305
0.1421953 0.03146457 0.126666 42808631 0.07956518 0.0152825 0.2536379
0.142052 0.03419089 0.1266175 42988794 0.07976516 0.01726627 0.2536614
0.1417584 0.03676163 0.1265879 43249033 0.07975906 0.01909911 0.253672
0.1410956 0.04116523 0.1266482 43429195 0.07921731 0.02238309 0.2536307
0.14094 0.04315936 0.1268912 43659403 0.07897519 0.02378046 0.2537419
0.1406199 0.0446782 0.1271668 43879598 0.07866387 0.0248841 0.2539576
0.140125 0.04730701 0.1281052 44119981 0.07803133 0.02663242 0.254688
0.1399945 0.04825663 0.1287859 44330012 0.07767616 0.0271908 0.2551936
0.1396869 0.04913794 0.1295197 44560370 0.07719567 0.02761363 0.2557648
0.1385447 0.05036986 0.130931 44790444 0.07611071 0.02803718 0.2570639
0.1383242 0.05048274 0.1317182 45000808 0.07565115 0.02796852 0.2577002
0.1377996 0.05049454 0.1324939 45230821 0.07509419 0.02775895 0.25842
0.1360947 0.05052721 0.1340965 45451020 0.0734638 0.02735101 0.2599793
0.1349033 0.05068289 0.1350127 45671219 0.07238162 0.0269972 0.260855
