0.05542619 0.0007623357 -0.005856186 0 0.01323406 -0.02551647 0.1276934
0.05517259 -0.0008503794 -0.006197052 100090 0.01324064 -0.02494089 0.1278462
0.05515088 -0.000626943 -0.006238587 220198 0.01291664 -0.02424466 0.1277939
0.05515088 -0.000626943 -0.006238587 330297 0.01291664 -0.02424466 0.1277939
0.05507375 -0.0006305435 -0.006279153 450406 0.0126708 -0.02408047 0.1277295
0.05504838 -0.0006742026 -0.00624075 550496 0.01250608 -0.02444038 0.127668
0.05504838 -0.0006742026 -0.00624075 660595 0.01250608 -0.02444038 0.127668
0.05498078 -0.0007818544 -0.00620436 770698 0.01242069 -0.02522211 0.1275773
0.05506099 -0.0005934882 -0.006090832 890803 0.01243259 -0.02601165 0.1274868
0.05506099 -0.0005934882 -0.006090832 1000902 0.01243259 -0.02601165 0.1274868
0.05490198 0.0007433471 -0.00589922 1111001 0.01221028 -0.02644731 0.1273086
0.05485419 0.0008152907 -0.005826904 1231109 0.01200377 -0.0270793 0.1271843
0.05485419 0.0008152907 -0.005826904 1331199 0.01200377 -0.0270793 0.1271843
0.05488961 0.0008062609 -0.005797013 1441303 0.01171616 -0.02733983 0.1270566
0.05490208 0.0008106885 -0.005797497 1571416 0.01127128 -0.02732449 0.1269089
0.05490208 0.0008106885 -0.005797497 1671506 0.01127128 -0.02732449 0.1269089
0.05493607 0.0006927885 -0.005876628 1781605 0.01095908 -0.0271014 0.1267874
0.05504144 0.0006205034 -0.00593569 1891701 0.01084989 -0.02680439 0.1267339
0.05504144 0.0006205034 -0.00593569 2011813 0.01084989 -0.02680439 0.1267339
0.0551954 0.0006203747 -0.005922374 2111903 0.01087671 -0.02657185 0.1267527
0.05538436 0.0005885675 -0.005894968 2222002 0.01080527 -0.0263938 0.1267357
0.05538436 0.0005885675 -0.005894968 2342111 0.01080527 -0.0263938 0.1267357
0.05491415 0.0007439294 -0.005993561 2452210 0.01025223 -0.02609208 0.1266389
0.05486953 0.000707315 -0.006018488 2562313 0.009692735 -0.02597571 0.1264704
0.05486953 0.000707315 -0.006018488 2672408 0.009692735 -0.02597571 0.1264704
0.05447268 0.0006799561 -0.006039228 2782507 0.009162894 -0.02589095 0.1264268
0.05367444 0.0007526944 -0.006050136 2902628 0.008511383 -0.02583763 0.1264621
0.05367444 0.0007526944 -0.006050136 3012719 0.008511383 -0.02583763 0.1264621
0.05209189 0.0007433479 -0.006047073 3122814 0.007409634 -0.02583167 0.1266311
0.05009672 0.001096819 -0.005858222 3232913 0.005977396 -0.02569357 0.126965
0.05009672 0.001096819 -0.005858222 3343013 0.005977396 -0.02569357 0.126965
0.04778918 0.0009613376 -0.00584356 3453116 0.004217723 -0.02554804 0.1272166
0.04600729 -0.000667977 -0.005819442 3563211 0.002417987 -0.02590938 0.1274813
0.04600729 -0.000667977 -0.005819442 3683319 0.002417987 -0.02590938 0.1274813
0.0424929 -0.001345267 -0.005863739 3793414 -0.0003040976 -0.02603969 0.1277957
0.03835667 -0.001292388 -0.005927754 3903522 -0.003477211 -0.02610492 0.1280144
0.03835667 -0.001292388 -0.005927754 4013617 -0.003477211 -0.02610492 0.1280144
0.03374243 -0.0009359348 -0.005932936 4123724 -0.007014734 -0.02601645 0.128291
0.02860842 -0.0008428534 -0.005920724 4233815 -0.01092684 -0.02603876 0.1286466
0.02860842 -0.0008428534 -0.005920724 4343915 -0.01092684 -0.02603876 0.1286466
0.02280295 -0.001153217 -0.006067464 4464027 -0.0152724 -0.02627195 0.1289346
0.01706054 -0.0009007541 -0.006065595 4574130 -0.01981832 -0.02627412 0.1292207
0.01706054 -0.0009007541 -0.006065595 4694230 -0.01981832 -0.02627412 0.1292207
0.011012 -0.0006325186 -0.006004197 4794321 -0.02485565 -0.02631331 0.1294958
0.004863685 -0.0002610778 -0.00585048 4914429 -0.02993539 -0.02618577 0.1298815
-0.001806575 0.0003908542 -0.00563851 5034533 -0.03498219 -0.02591472 0.1304263
-0.001806575 0.0003908542 -0.00563851 5134627 -0.03498219 -0.02591472 0.1304263
-0.008391357 0.0004486943 -0.005498555 5244735 -0.03997475 -0.0259736 0.1309221
-0.01481072 0.0006436514 -0.005301183 5384853 -0.04492865 -0.02598964 0.1314095
-0.01481072 0.0006436514 -0.005301183 5464933 -0.04492865 -0.02598964 0.1314095
-0.02066754 0.0005214823 -0.0051516 5575024 -0.04985061 -0.02602397 0.1317788
-0.02066754 0.0005214823 -0.0051516 5685123 -0.04985061 -0.02602397 0.1317788
-0.02655349 0.0001448769 -0.005159133 5805232 -0.05475027 -0.02609009 0.1320374
-0.03222707 -9.62476E-05 -0.005112269 5915335 -0.05913547 -0.02616377 0.1323747
-0.03222707 -9.62476E-05 -0.005112269 6025430 -0.05913547 -0.02616377 0.1323747
-0.03721297 -0.000288009 -0.005004327 6135537 -0.06285382 -0.0264434 0.132708
-0.04172362 -0.0006526064 -0.004957363 6255637 -0.06610294 -0.02684876 0.1329761
-0.04172362 -0.0006526064 -0.004957363 6355732 -0.06610294 -0.02684876 0.1329761
-0.04542118 -0.001101946 -0.004932534 6475836 -0.068913 -0.02733186 0.1331485
-0.04859763 -0.001607359 -0.005032343 6585935 -0.07165755 -0.02778309 0.1331317
-0.04859763 -0.001607359 -0.005032343 6696034 -0.07165755 -0.02778309 0.1331317
-0.05128092 -0.001821937 -0.005064211 6806134 -0.0740284 -0.02803811 0.133144
-0.05299097 -0.002151214 -0.005043964 6916233 -0.07552591 -0.02841451 0.1331901
-0.05421217 -0.00228428 -0.005044002 7026336 -0.07649742 -0.02875164 0.1331916
-0.05421217 -0.00228428 -0.005044002 7146440 -0.07649742 -0.02875164 0.1331916
-0.05412385 -0.002499691 -0.005034223 7256539 -0.07675496 -0.02914969 0.1331101
-0.05412385 -0.002499691 -0.005034223 7366639 -0.07675496 -0.02914969 0.1331101
-0.05408224 -0.002376891 -0.004987695 7476746 -0.07654299 -0.02935 0.1331217
-0.05425636 -0.00243077 -0.005024375 7586837 -0.07610285 -0.0291752 0.1332279
-0.05433753 -0.002395282 -0.005013306 7696936 -0.07586218 -0.0286466 0.1333839
-0.05433753 -0.002395282 -0.005013306 7817045 -0.07586218 -0.0286466 0.1333839
-0.05446187 -0.002150102 -0.005029092 7927144 -0.07613727 -0.02792687 0.1334338
-0.05440996 -0.002472759 -0.00519664 8037243 -0.07664353 -0.02734965 0.1333423
-0.05440996 -0.002472759 -0.00519664 8147342 -0.07664353 -0.02734965 0.1333423
-0.05471509 -0.00246212 -0.005285704 8257446 -0.07726722 -0.02669588 0.1333158
-0.05465563 -0.002538946 -0.005378622 8367545 -0.07731464 -0.02642616 0.1332656
-0.05465563 -0.002538946 -0.005378622 8487649 -0.07731464 -0.02642616 0.1332656
-0.05467013 -0.002424304 -0.005419531 8587739 -0.0771931 -0.02632224 0.1332449
-0.0545969 -0.002320321 -0.00543346 8707847 -0.07712243 -0.02618195 0.1332369
-0.0545969 -0.002320321 -0.00543346 8817947 -0.07712243 -0.02618195 0.1332369
-0.0545451 -0.002372113 -0.005466156 8928046 -0.07721319 -0.02601751 0.133218
-0.05434069 -0.002457749 -0.005501687 9038145 -0.07732756 -0.02576621 0.133187
-0.05434069 -0.002457749 -0.005501687 9158253 -0.07732756 -0.02576621 0.133187
-0.05425225 -0.002452732 -0.005463092 9268357 -0.07738622 -0.02552736 0.1332402
