0.1567839 0.003266562 -0.005596721 0 0.104692 -0.02301339 0.1244111
0.156936 0.003049478 -0.005713933 110100 0.1050124 -0.02256875 0.1244932
0.156647 0.002437955 -0.005980223 240217 0.1051715 -0.02212431 0.1246077
0.156647 0.002437955 -0.005980223 330306 0.1051715 -0.02212431 0.1246077
0.1566547 0.001828988 -0.006472109 450406 0.1057344 -0.02163575 0.1245346
0.1567833 0.001553055 -0.006719705 580524 0.1062888 -0.02143992 0.1245353
0.1567833 0.001553055 -0.006719705 670621 0.1062888 -0.02143992 0.1245353
0.1568034 0.002256072 -0.005930424 780720 0.1058842 -0.02143325 0.1250363
0.1562017 0.002982497 -0.006039629 890819 0.105504 -0.0213369 0.1248975
0.1562017 0.002982497 -0.006039629 1000902 0.105504 -0.0213369 0.1248975
0.1562726 0.003013933 -0.006019889 1121023 0.1049452 -0.02156604 0.124623
0.1560864 0.002962958 -0.006156979 1231114 0.1043272 -0.0218787 0.1242658
0.1560864 0.002962958 -0.006156979 1341221 0.1043272 -0.0218787 0.1242658
0.1561195 0.002949149 -0.006177128 1461330 0.1038934 -0.02209382 0.1240209
0.1560912 0.003128466 -0.006150328 1561403 0.1037055 -0.02233977 0.123901
0.1560912 0.003128466 -0.006150328 1681516 0.1037055 -0.02233977 0.123901
0.1561556 0.003078294 -0.006169468 1781606 0.1036404 -0.02266443 0.1237755
0.1568513 0.00294846 -0.005873514 1901714 0.1036401 -0.02299817 0.1237474
0.1568513 0.00294846 -0.005873514 2011830 0.1036401 -0.02299817 0.1237474
0.1560041 0.003145522 -0.006260884 2121913 0.1031527 -0.02305334 0.1234564
0.1559315 0.003170548 -0.006292751 2232012 0.1028591 -0.02315301 0.1233091
0.1559315 0.003170548 -0.006292751 2342119 0.1028591 -0.02315301 0.1233091
0.155892 0.003210527 -0.006239844 2452210 0.1024495 -0.02321581 0.1231888
0.1559627 0.003016496 -0.006358209 2572319 0.1022053 -0.0232028 0.1229821
0.1559627 0.003016496 -0.006358209 2682422 0.1022053 -0.0232028 0.1229821
0.155984 0.003070012 -0.00614592 2792517 0.1016709 -0.02313542 0.1229649
0.1560442 0.00276801 -0.00631968 2902616 0.1015558 -0.02318149 0.122769
0.1560442 0.00276801 -0.00631968 3012715 0.1015558 -0.02318149 0.122769
0.1560137 0.002571532 -0.006324359 3132828 0.1012436 -0.02328171 0.1226643
0.1558304 0.002197191 -0.006426706 3232914 0.1008311 -0.02342122 0.1225113
0.1558304 0.002197191 -0.006426706 3353022 0.1008311 -0.02342122 0.1225113
0.1559225 0.001953052 -0.006442342 3473130 0.1003184 -0.0234981 0.1222692
0.1555261 0.001974279 -0.006391828 3573221 0.09975883 -0.0234285 0.1222587
0.1555261 0.001974279 -0.006391828 3693329 0.09975883 -0.0234285 0.1222587
0.1543418 0.002161727 -0.006359703 3793419 0.09897774 -0.02331389 0.1224505
0.1527293 0.002208322 -0.006394032 3903518 0.0977206 -0.02324639 0.1225724
0.1527293 0.002208322 -0.006394032 4023627 0.0977206 -0.02324639 0.1225724
0.1498086 0.002347297 -0.006663807 4153744 0.09563039 -0.02302 0.1226709
0.1470933 0.002427775 -0.006589757 4243833 0.09338006 -0.02288949 0.1229485
0.1470933 0.002427775 -0.006589757 4353924 0.09338006 -0.02288949 0.1229485
0.1447094 0.002987117 -0.006350907 4484041 0.09110764 -0.02265384 0.1231698
0.1411107 0.003113714 -0.006090166 4584132 0.088133 -0.02281797 0.1236293
0.1411107 0.003113714 -0.006090166 4694231 0.088133 -0.02281797 0.1236293
0.1358788 0.003360533 -0.006429414 4824348 0.08453936 -0.02308276 0.1238443
0.1309627 0.003306145 -0.006330697 4914429 0.08046083 -0.02338175 0.1242202
0.1309627 0.003306145 -0.006330697 5024533 0.08046083 -0.02338175 0.1242202
0.1257654 0.003333673 -0.006183487 5134628 0.07581861 -0.02364161 0.1245219
0.1195086 0.003845577 -0.006243235 5244727 0.07057982 -0.0235044 0.124769
0.1195086 0.003845577 -0.006243235 5364835 0.07057982 -0.0235044 0.124769
0.1132309 0.003516123 -0.006218097 5474939 0.06513089 -0.0238444 0.1250984
0.1055607 0.003589765 -0.006280021 5585034 0.05897057 -0.02401467 0.1255289
0.1055607 0.003589765 -0.006280021 5695133 0.05897057 -0.02401467 0.1255289
0.0980552 0.004066582 -0.00596736 5805232 0.05262776 -0.02409503 0.1261292
0.08908893 0.004418646 -0.005998152 5915331 0.04553229 -0.02425556 0.1266172
0.08908893 0.004418646 -0.005998152 6035440 0.04553229 -0.02425556 0.1266172
0.08024314 0.005077981 -0.005899866 6145543 0.03827055 -0.0241994 0.127094
0.07136556 0.005125411 -0.005807334 6275660 0.03075484 -0.02417643 0.1276033
0.07136556 0.005125411 -0.005807334 6365737 0.03075484 -0.02417643 0.1276033
0.062052 0.005604766 -0.005690098 6485846 0.02305372 -0.0237292 0.1281938
0.0521307 0.006054436 -0.005445581 6595945 0.01507874 -0.02338385 0.1289671
0.0521307 0.006054436 -0.005445581 6696035 0.01507874 -0.02338385 0.1289671
0.0420282 0.00607731 -0.005474322 6816147 0.007058545 -0.02326216 0.1295166
0.03326007 0.004568266 -0.005424169 6926242 -0.0006447913 -0.02385445 0.1300337
0.03326007 0.004568266 -0.005424169 7036342 -0.0006447913 -0.02385445 0.1300337
0.0228486 0.004386451 -0.005397331 7146441 -0.009176167 -0.02404805 0.1305149
0.01241048 0.004501658 -0.005311527 7256540 -0.01765882 -0.02422458 0.1309855
0.01241048 0.004501658 -0.005311527 7366639 -0.01765882 -0.02422458 0.1309855
0.002039858 0.003928056 -0.005240111 7486756 -0.0259566 -0.02491104 0.131474
-0.008499309 0.003853075 -0.00505635 7596847 -0.03416142 -0.02548954 0.1320082
-0.008499309 0.003853075 -0.00505635 7706946 -0.03416142 -0.02548954 0.1320082
-0.01872372 0.003396282 -0.004985395 7817045 -0.04234944 -0.02597366 0.132439
-0.02882871 0.00280318 -0.004922314 7927144 -0.05062764 -0.02640792 0.1328374
-0.03896495 0.002422045 -0.004845385 8037244 -0.05888657 -0.02677399 0.1332016
-0.03896495 0.002422045 -0.004845385 8157352 -0.05888657 -0.02677399 0.1332016
-0.04922025 0.002123498 -0.004701738 8267451 -0.06671472 -0.02728332 0.1336291
-0.05841276 0.001566464 -0.004604136 8377550 -0.07406735 -0.02806672 0.1338987
-0.05841276 0.001566464 -0.004604136 8487650 -0.07406735 -0.02806672 0.1338987
-0.06856383 0.001325381 -0.004468004 8597749 -0.08206491 -0.02846504 0.1342277
-0.07849571 0.001301983 -0.004363923 8707848 -0.09014823 -0.02850311 0.1344961
-0.07849571 0.001301983 -0.004363923 8827952 -0.09014823 -0.02850311 0.1344961
-0.08821441 0.001083438 -0.004331169 8938055 -0.09796564 -0.02864339 0.1346921
-0.09771418 0.001261404 -0.004251585 9048155 -0.1054498 -0.02859616 0.1348704
-0.09771418 0.001261404 -0.004251585 9158254 -0.1054498 -0.02859616 0.1348704
-0.1067913 0.001337499 -0.004076341 9268357 -0.1124905 -0.02861574 0.1351234
-0.1157746 0.00162254 -0.003888969 9388461 -0.119203 -0.02842745 0.1353643
-0.1157746 0.00162254 -0.003888969 9488548 -0.119203 -0.02842745 0.1353643
-0.1239814 0.001595334 -0.00378983 9608668 -0.1257017 -0.02825923 0.1355371
-0.1313869 0.002548275 -0.003471204 9718759 -0.1318116 -0.02774383 0.1357712
-0.1313869 0.002548275 -0.003471204 9828858 -0.1318116 -0.02774383 0.1357712
-0.1387999 0.002594956 -0.003378151 9938962 -0.1376828 -0.02763069 0.1358749
-0.1454568 0.002997049 -0.003174214 10049053 -0.1430733 -0.02741772 0.1360217
-0.1454568 0.002997049 -0.003174214 10159156 -0.1430733 -0.02741772 0.1360217
-0.1512951 0.002457431 -0.003238812 10269255 -0.1480013 -0.02734648 0.1360706
-0.1560902 0.002289649 -0.0031001 10399377 -0.152438 -0.02708531 0.1362915
-0.1560902 0.002289649 -0.0031001 10499463 -0.152438 -0.02708531 0.1362915
-0.1590023 0.002057133 -0.003073865 10609566 -0.1557929 -0.0268484 0.1364267
-0.1607098 0.001680614 -0.003121688 10719669 -0.1580601 -0.02694763 0.1364478
-0.1607098 0.001680614 -0.003121688 10849782 -0.1580601 -0.02694763 0.1364478
-0.1616812 0.00158688 -0.003102541 10940204 -0.1592439 -0.02728844 0.1364199
-0.1625321 0.0007736123 -0.003206421 11059968 -0.1601017 -0.02798134 0.136341
-0.1625321 0.0007736123 -0.003206421 11170274 -0.1601017 -0.02798134 0.136341
-0.1625876 0.0007998611 -0.003192599 11290175 -0.1598816 -0.02827432 0.1362836
-0.1623084 0.0008309145 -0.003182524 11390265 -0.15922 -0.02856244 0.1362188
-0.1623084 0.0008309145 -0.003182524 11510374 -0.15922 -0.02856244 0.1362188
-0.1621798 0.0008724402 -0.003176172 11610464 -0.1585183 -0.02854631 0.1362059
-0.1622545 0.0009294022 -0.003269836 11730572 -0.1585092 -0.02830462 0.1361489
-0.1622545 0.0009294022 -0.003269836 11840740 -0.1585092 -0.02830462 0.1361489
-0.1622726 0.0007767705 -0.003403316 11950771 -0.1589021 -0.0278166 0.1361578
-0.1623076 0.0007452611 -0.003482884 12060870 -0.1593994 -0.02747772 0.1361639
-0.1623076 0.0007452611 -0.003482884 12180978 -0.1593994 -0.02747772 0.1361639
-0.1623733 0.0006734601 -0.003517191 12281068 -0.1599313 -0.02730558 0.1361877
-0.1622568 0.0006971559 -0.003489326 12391167 -0.1601198 -0.02726222 0.1362245
-0.1622568 0.0006971559 -0.003489326 12511280 -0.1601198 -0.02726222 0.1362245
-0.1622806 0.000757809 -0.003456451 12621375 -0.1601237 -0.02741552 0.136214
-0.1623661 0.0008839733 -0.003435027 12731474 -0.1600858 -0.0276099 0.1361685
-0.1623661 0.0008839733 -0.003435027 12841573 -0.1600858 -0.0276099 0.1361685
-0.1625018 0.0008094194 -0.003434023 12971691 -0.1601373 -0.02781517 0.1361413
-0.162576 0.0007578008 -0.00343422 13071781 -0.1602407 -0.02790182 0.1361344
-0.162576 0.0007578008 -0.00343422 13181880 -0.1602407 -0.02790182 0.1361344
-0.1625942 0.0007560363 -0.003424427 13311997 -0.1604207 -0.02777647 0.1361729
-0.1624871 0.0006854393 -0.003446265 13402079 -0.1605561 -0.02749171 0.1362268
-0.1624871 0.0006854393 -0.003446265 13512178 -0.1605561 -0.02749171 0.1362268
-0.1625411 0.0008241624 -0.003400578 13622277 -0.1606747 -0.02715095 0.1363139
-0.162559 0.0007629762 -0.003462896 13732380 -0.1606881 -0.02701898 0.1362901
-0.162559 0.0007629762 -0.003462896 13852484 -0.1606881 -0.02701898 0.1362901
-0.1626323 0.0007665553 -0.003487609 13982602 -0.1605777 -0.02709285 0.1362474
-0.1625531 0.0008379746 -0.003512235 14072683 -0.160331 -0.02727416 0.1361696
-0.1625531 0.0008379746 -0.003512235 14182782 -0.160331 -0.02727416 0.1361696
-0.1625269 0.0007982706 -0.003542329 14292881 -0.1602123 -0.02739474 0.1361217
-0.1624908 0.0008390554 -0.003534007 14412990 -0.160275 -0.02723417 0.1361557
-0.1624908 0.0008390554 -0.003534007 14523089 -0.160275 -0.02723417 0.1361557
-0.1623998 0.0008668658 -0.003483625 14633188 -0.1602785 -0.02693954 0.1362609
-0.1623707 0.0008125299 -0.003447033 14743287 -0.1601538 -0.02675077 0.1363442
