0.06323712 0.01941308 -0.006874737 0 0.07490931 0.008980664 0.1347627
0.06323712 0.01941308 -0.006874737 120092 0.07490931 0.008980664 0.1347627
0.06135743 0.02294389 -0.006954026 230203 0.0732518 0.01125633 0.1345669
0.05820496 0.02703977 -0.007004443 360333 0.07129633 0.01411594 0.1343032
0.05820496 0.02703977 -0.007004443 450394 0.07129633 0.01411594 0.1343032
0.05471808 0.03149614 -0.006902677 560489 0.06888209 0.01771545 0.1342204
0.04944506 0.03675421 -0.007037234 670588 0.06610201 0.02141439 0.1336521
0.04944506 0.03675421 -0.007037234 790696 0.06610201 0.02141439 0.1336521
0.04345961 0.04204672 -0.006928552 900796 0.06304687 0.02526059 0.1332171
0.03633774 0.0464791 -0.00705341 1010895 0.05931968 0.02887455 0.1324749
0.03633774 0.0464791 -0.00705341 1131011 0.05931968 0.02887455 0.1324749
0.0280774 0.04987397 -0.007009889 1231247 0.05466444 0.03236897 0.1318892
0.01967063 0.05273027 -0.006896099 1351210 0.04932529 0.03560002 0.1314275
0.01967063 0.05273027 -0.006896099 1461499 0.04932529 0.03560002 0.1314275
0.01013379 0.05524794 -0.006886219 1571716 0.04325029 0.03823233 0.1306638
0.0003789311 0.05529815 -0.006788373 1691516 0.03662128 0.04000546 0.1301747
0.0003789311 0.05529815 -0.006788373 1811633 0.03662128 0.04000546 0.1301747
-0.01093735 0.05372518 -0.006838673 1901702 0.02918828 0.04054369 0.1292584
-0.02245541 0.05075424 -0.006864425 2011809 0.02118105 0.04013721 0.1283738
-0.02245541 0.05075424 -0.006864425 2141934 0.02118105 0.04013721 0.1283738
-0.0329172 0.04606753 -0.006846094 2242405 0.01279731 0.03830929 0.127899
-0.0417158 0.04089183 -0.006824326 2352132 0.004879778 0.03528897 0.1277257
-0.0417158 0.04089183 -0.006824326 2462227 0.004879778 0.03528897 0.1277257
-0.04874891 0.0347662 -0.006672767 2592981 -0.001616552 0.0312777 0.1277617
-0.05356139 0.02721745 -0.006602019 2692430 -0.006430602 0.02653994 0.1278765
-0.05356139 0.02721745 -0.006602019 2802509 -0.006430602 0.02653994 0.1278765
-0.0560964 0.01869483 -0.006544061 2902600 -0.009608953 0.02114389 0.1281376
-0.05685722 0.008925994 -0.006553243 3032737 -0.01126266 0.0151096 0.1283139
-0.05685722 0.008925994 -0.006553243 3132815 -0.01126266 0.0151096 0.1283139
-0.0558681 -0.001077402 -0.006554162 3242927 -0.01135511 0.008691629 0.1284621
-0.05342404 -0.01059086 -0.006675931 3363035 -0.01013055 0.001677644 0.1285328
-0.05342404 -0.01059086 -0.006675931 3473126 -0.01013055 0.001677644 0.1285328
-0.04943145 -0.01975336 -0.006785981 3583245 -0.007580495 -0.005617757 0.1286944
-0.04414141 -0.02823823 -0.006874525 3693543 -0.003700056 -0.0125602 0.128864
-0.04414141 -0.02823823 -0.006874525 3813429 -0.003700056 -0.0125602 0.128864
-0.03791263 -0.03626364 -0.006987943 3913669 0.00125892 -0.01931189 0.1289697
-0.03052582 -0.04319286 -0.007159618 4023634 0.007049453 -0.02534062 0.1291329
-0.03052582 -0.04319286 -0.007159618 4143722 0.007049453 -0.02534062 0.1291329
-0.02213588 -0.04865021 -0.007209763 4253830 0.01328661 -0.0306003 0.1296321
-0.012529 -0.05232388 -0.007204214 4374120 0.0195748 -0.03491931 0.1305371
-0.012529 -0.05232388 -0.007204214 4474032 0.0195748 -0.03491931 0.1305371
-0.003143421 -0.05352045 -0.007267299 4584123 0.02623754 -0.03786116 0.1312888
0.006376561 -0.05360564 -0.007136932 4694470 0.03367658 -0.03934423 0.1319945
0.006376561 -0.05360564 -0.007136932 4814331 0.03367658 -0.03934423 0.1319945
0.01528203 -0.05252931 -0.007071956 4924430 0.0414342 -0.03953328 0.1324035
0.02335867 -0.04993871 -0.007047803 5024516 0.048474 -0.03878336 0.1327772
0.02335867 -0.04993871 -0.007047803 5144636 0.048474 -0.03878336 0.1327772
0.03105229 -0.04561962 -0.007013591 5254825 0.05455162 -0.03704961 0.1332739
0.03825298 -0.04011092 -0.007023239 5374836 0.06016275 -0.03420786 0.1336585
0.04350623 -0.03369259 -0.00685381 5494944 0.06487428 -0.03034522 0.1339952
0.04350623 -0.03369259 -0.00685381 5585037 0.06487428 -0.03034522 0.1339952
0.04800989 -0.02643366 -0.006565262 5705133 0.06878819 -0.02567371 0.1344097
0.05115005 -0.01880447 -0.0064852 5815225 0.07158756 -0.02059351 0.1345302
0.05115005 -0.01880447 -0.0064852 5925332 0.07158756 -0.02059351 0.1345302
0.05329725 -0.01113003 -0.006485726 6045756 0.07350834 -0.0153594 0.1345103
0.05493431 -0.003957265 -0.006585608 6145899 0.07453576 -0.01028233 0.134418
0.05493431 -0.003957265 -0.006585608 6266117 0.07453576 -0.01028233 0.134418
0.05578807 0.001551986 -0.006682388 6375762 0.07489373 -0.00565462 0.134347
0.05578807 0.001551986 -0.006682388 6485837 0.07489373 -0.00565462 0.134347
0.05604689 0.0074628 -0.006633522 6595936 0.07478933 -0.0009185844 0.1343797
0.05552142 0.01198078 -0.006552193 6706035 0.07431667 0.00326564 0.1344337
0.05462459 0.01503197 -0.00640584 6816305 0.07330082 0.00694242 0.1346332
0.05462459 0.01503197 -0.00640584 6956257 0.07330082 0.00694242 0.1346332
0.05390881 0.0164694 -0.006416476 7036337 0.07152677 0.009782784 0.134832
0.05390881 0.0164694 -0.006416476 7146432 0.07152677 0.009782784 0.134832
0.05421837 0.0163575 -0.006373467 7266532 0.06878895 0.01204662 0.1353141
0.05407375 0.01664619 -0.006484511 7376648 0.06631184 0.01264054 0.1354325
0.05403784 0.01618262 -0.006689596 7486739 0.06453975 0.01223933 0.1353682
0.05403784 0.01618262 -0.006689596 7607022 0.06453975 0.01223933 0.1353682
0.05410629 0.01700471 -0.006545887 7716942 0.06375676 0.01155147 0.1355223
0.05424011 0.01658908 -0.006551652 7817045 0.06392474 0.0102849 0.135479
0.05424011 0.01658908 -0.006551652 7937546 0.06392474 0.0102849 0.135479
0.05417586 0.01492247 -0.006558671 8067254 0.06470915 0.009567569 0.1354506
0.05556865 0.01294068 -0.005930582 8157360 0.0656682 0.008036092 0.1361264
0.05556865 0.01294068 -0.005930582 8267455 0.0656682 0.008036092 0.1361264
0.0570447 0.01263034 -0.003347621 8407581 0.06757659 0.004982633 0.1385567
0.05775154 0.0137793 0.0005424786 8497658 0.07002823 0.001411922 0.1419729
0.05775154 0.0137793 0.0005424786 8608341 0.07002823 0.001411922 0.1419729
0.06040573 0.01291263 0.005316438 8717849 0.07220753 -0.001517716 0.1465918
0.06334106 0.01190909 0.01085882 8827948 0.07460874 -0.004602316 0.1519498
0.06334106 0.01190909 0.01085882 8938744 0.07460874 -0.004602316 0.1519498
0.06607721 0.01007506 0.01688921 9058155 0.07760052 -0.008414365 0.1577139
0.06896195 0.007298799 0.0231623 9168250 0.08122922 -0.01294454 0.1636827
0.06896195 0.007298799 0.0231623 9278358 0.08122922 -0.01294454 0.1636827
0.07223659 0.002862503 0.0290533 9388453 0.08549849 -0.01854307 0.1693108
0.07616998 -0.002292644 0.0342225 9518570 0.09013435 -0.0249242 0.1742191
