0.1360161 -0.004877049 -0.006056055 0 0.1190118 0.00057915 0.1353205
0.1360161 -0.004877049 -0.006056055 109925 0.1190118 0.00057915 0.1353205
0.1359786 -0.004692893 -0.005903809 219862 0.1183415 0.00028241 0.1354129
0.1368269 -0.004181987 -0.005677009 330541 0.1173374 0.0001903481 0.1354162
0.1368269 -0.004181987 -0.005677009 450102 0.1173374 0.0001903481 0.1354162
0.136732 -0.003813591 -0.005535123 560185 0.115002 5.815724E-05 0.135245
0.1344045 -0.004408002 -0.00536914 680293 0.1131909 -0.0009993367 0.1355018
0.1344045 -0.004408002 -0.00536914 780371 0.1131909 -0.0009993367 0.1355018
0.1288931 -0.004264445 -0.005329463 890467 0.1121961 -0.002266695 0.1361748
0.1241861 -0.004004876 -0.005266622 1030921 0.1091573 -0.003148306 0.1364361
0.1241861 -0.004004876 -0.005266622 1120682 0.1091573 -0.003148306 0.1364361
0.1195696 -0.004218452 -0.005144543 1231345 0.1052689 -0.004217826 0.136636
0.112353 -0.003852276 -0.005098089 1341063 0.09988677 -0.005308969 0.1368481
0.112353 -0.003852276 -0.005098089 1450980 0.09988677 -0.005308969 0.1368481
0.1042866 -0.004137023 -0.005107897 1571080 0.0931522 -0.006165769 0.1369419
0.09455758 -0.005531565 -0.005240284 1681204 0.08508961 -0.006849311 0.1369387
0.09455758 -0.005531565 -0.005240284 1811317 0.08508961 -0.006849311 0.1369387
0.08340468 -0.005995295 -0.00537341 1891393 0.07623489 -0.00681831 0.1369437
0.07112429 -0.00652088 -0.00554294 2011481 0.06657677 -0.006645525 0.1368844
0.07112429 -0.00652088 -0.00554294 2131593 0.06657677 -0.006645525 0.1368844
0.05810622 -0.006376772 -0.005657449 2231692 0.05633726 -0.006122007 0.1368313
0.04403283 -0.005930766 -0.005791783 2341965 0.04551245 -0.005128399 0.1366982
0.04403283 -0.005930766 -0.005791783 2452036 0.04551245 -0.005128399 0.1366982
0.02853599 -0.006147669 -0.005967339 2592016 0.03407978 -0.003884323 0.1364068
0.0116256 -0.005472144 -0.006066603 2672072 0.02245751 -0.001993766 0.1359785
0.0116256 -0.005472144 -0.006066603 2792197 0.02245751 -0.001993766 0.1359785
-0.005047676 -0.004875304 -0.006016813 2902280 0.01062707 6.076404E-05 0.1355324
-0.02046257 -0.00482901 -0.006228943 3012549 -0.001312093 0.002116252 0.1348075
-0.02046257 -0.00482901 -0.006228943 3122486 -0.001312093 0.002116252 0.1348075
-0.03607209 -0.003195137 -0.006369563 3232731 -0.01325982 0.004467268 0.1340837
-0.05094918 -0.001860989 -0.006645347 3372712 -0.02523565 0.006317092 0.1332767
-0.05094918 -0.001860989 -0.006645347 3462789 -0.02523565 0.006317092 0.1332767
-0.06613757 -0.0004389774 -0.006838858 3572925 -0.03722008 0.00816455 0.1324307
-0.08194151 -0.0004979067 -0.006788873 3683433 -0.04876738 0.009766332 0.1314152
-0.08194151 -0.0004979067 -0.006788873 3793082 -0.04876738 0.009766332 0.1314152
-0.09634814 0.001134541 -0.006746332 3913555 -0.0591211 0.01151304 0.130413
-0.1091467 0.002759099 -0.006854317 4023553 -0.06841224 0.01270921 0.1293365
-0.1200021 0.004421287 -0.006741726 4153427 -0.07773121 0.0139529 0.1290101
-0.1200021 0.004421287 -0.006741726 4253696 -0.07773121 0.0139529 0.1290101
-0.1282184 0.005709463 -0.006767751 4353912 -0.08622088 0.01533266 0.1290624
-0.1352906 0.00621027 -0.006764731 4463719 -0.09323071 0.01653495 0.1289946
-0.1352906 0.00621027 -0.006764731 4583815 -0.09323071 0.01653495 0.1289946
-0.1403144 0.00658789 -0.006783199 4694048 -0.09850395 0.01792562 0.1289724
-0.1403144 0.00658789 -0.006783199 4804006 -0.09850395 0.01792562 0.1289724
-0.1440441 0.006526296 -0.006742497 4914101 -0.1027242 0.01924727 0.1290407
-0.1462297 0.006605594 -0.006773538 5024545 -0.1062651 0.02032084 0.1293182
-0.1462297 0.006605594 -0.006773538 5134299 -0.1062651 0.02032084 0.1293182
-0.1474297 0.00667756 -0.006830317 5254404 -0.1089265 0.02109728 0.1296095
-0.1472833 0.006989849 -0.006900022 5354510 -0.1108736 0.02192651 0.1300579
-0.1476548 0.007048128 -0.006830292 5474606 -0.1111966 0.02219378 0.1300918
-0.1476548 0.007048128 -0.006830292 5584705 -0.1111966 0.02219378 0.1300918
-0.1476981 0.006937702 -0.006849083 5704813 -0.110682 0.02231637 0.1298972
-0.1476791 0.007081646 -0.006943335 5814925 -0.1094667 0.02220699 0.1295018
-0.1476791 0.007081646 -0.006943335 5925356 -0.1094667 0.02220699 0.1295018
-0.1476155 0.006970827 -0.006991445 6035119 -0.108647 0.0217607 0.1292765
-0.1477988 0.006900695 -0.006971308 6145218 -0.1083631 0.02113881 0.129221
-0.1477988 0.006900695 -0.006971308 6255310 -0.1083631 0.02113881 0.129221
-0.14771 0.00703027 -0.006975475 6365409 -0.1084214 0.02035031 0.1293521
-0.1477009 0.006926949 -0.006983359 6485517 -0.1085571 0.01949481 0.1294573
-0.1477009 0.006926949 -0.006983359 6605625 -0.1085571 0.01949481 0.1294573
-0.1474807 0.00692709 -0.007088382 6695723 -0.1085775 0.0187499 0.1294876
-0.1474903 0.006926379 -0.007163909 6815827 -0.1087848 0.01808503 0.1295241
-0.1474903 0.006926379 -0.007163909 6935915 -0.1087848 0.01808503 0.1295241
-0.1476696 0.006905301 -0.007177954 7036013 -0.1091718 0.01730528 0.1296285
-0.1476696 0.006905301 -0.007177954 7146112 -0.1091718 0.01730528 0.1296285
-0.1473366 0.007095132 -0.007313631 7256208 -0.1095079 0.01648924 0.129752
-0.1473266 0.00700106 -0.007360788 7376320 -0.1100039 0.01563746 0.1298932
-0.1473331 0.007000959 -0.007345241 7476402 -0.1104717 0.01493924 0.1300755
-0.1473331 0.007000959 -0.007345241 7626537 -0.1104717 0.01493924 0.1300755
-0.1474527 0.006914505 -0.007284559 7706613 -0.1108398 0.01433543 0.1302315
-0.1472258 0.007093676 -0.00736656 7816725 -0.1110466 0.01397963 0.130292
-0.1472258 0.007093676 -0.00736656 7937003 -0.1110466 0.01397963 0.130292
-0.1471075 0.007253672 -0.007338081 8046936 -0.1115839 0.01362491 0.1305159
-0.1473142 0.007366946 -0.007109334 8157084 -0.112658 0.01328126 0.1309856
-0.1473142 0.007366946 -0.007109334 8267119 -0.112658 0.01328126 0.1309856
-0.1468983 0.007857948 -0.007048302 8377214 -0.1141503 0.01313966 0.1315371
-0.147029 0.008180669 -0.007033253 8487548 -0.1166541 0.01298417 0.1321089
-0.147029 0.008180669 -0.007033253 8597428 -0.1166541 0.01298417 0.1321089
-0.147308 0.007942389 -0.006485856 8727797 -0.11983 0.01350888 0.1332289
-0.1489181 0.007941774 -0.004228628 8817619 -0.1225253 0.01428721 0.135662
-0.1489181 0.007941774 -0.004228628 8937727 -0.1225253 0.01428721 0.135662
-0.1518133 0.008319387 -0.0006313618 9047826 -0.1249033 0.01492771 0.1391485
-0.1550145 0.009326279 0.004340525 9157934 -0.1275213 0.01550263 0.1440267
-0.1550145 0.009326279 0.004340525 9278026 -0.1275213 0.01550263 0.1440267
