0.3087032 0.009095332 -0.008213404 0 0.3079651 0.00805647 0.1342809
0.3087032 0.009095332 -0.008213404 120108 0.3079651 0.00805647 0.1342809
0.3095283 0.01183452 -0.008315558 230637 0.3077609 0.01056217 0.1341678
0.3102252 0.01562803 -0.008605864 340526 0.3074882 0.01378849 0.133856
0.3102252 0.01562803 -0.008605864 450406 0.3074882 0.01378849 0.133856
0.31083 0.01968795 -0.008562831 560757 0.3070588 0.01791984 0.1338763
0.3109911 0.02423916 -0.008542511 680605 0.3064605 0.02313359 0.1338811
0.3109911 0.02423916 -0.008542511 780910 0.3064605 0.02313359 0.1338811
0.3102815 0.03015869 -0.008638093 890997 0.3055769 0.02895519 0.1337791
0.3089012 0.0378138 -0.008849845 1011094 0.304286 0.03479437 0.1335434
0.3089012 0.0378138 -0.008849845 1121010 0.304286 0.03479437 0.1335434
0.3068224 0.04659517 -0.009038962 1231268 0.3022484 0.04165062 0.1333017
0.3037594 0.05628257 -0.009218954 1341314 0.2993779 0.04935265 0.133045
0.3037594 0.05628257 -0.009218954 1461329 0.2993779 0.04935265 0.133045
0.2996072 0.06714749 -0.009172235 1561419 0.2957421 0.05790675 0.1329753
0.2927665 0.07857709 -0.008805046 1671507 0.2907366 0.06699722 0.1332091
0.2927665 0.07857709 -0.008805046 1801624 0.2907366 0.06699722 0.1332091
0.2868078 0.09139121 -0.008507287 1891887 0.285848 0.07725051 0.1332861
0.2799116 0.1043096 -0.008511318 2012206 0.2798789 0.08807798 0.1330612
0.2799116 0.1043096 -0.008511318 2121908 0.2798789 0.08807798 0.1330612
0.2721249 0.1201445 -0.008358343 2232024 0.2728929 0.1002816 0.1327484
0.2627964 0.1359133 -0.008234578 2342119 0.2647693 0.1132775 0.1324423
0.2627964 0.1359133 -0.008234578 2462215 0.2647693 0.1132775 0.1324423
0.2535648 0.1501701 -0.008392268 2582668 0.2552805 0.126624 0.1321384
0.2423639 0.166477 -0.008378786 2682418 0.2451729 0.1409111 0.1317809
0.2423639 0.166477 -0.008378786 2792517 0.2451729 0.1409111 0.1317809
0.2296732 0.1830395 -0.008472032 2922626 0.2343322 0.1551207 0.1311885
0.215263 0.1993058 -0.00846202 3012715 0.2225626 0.1695476 0.1307048
0.215263 0.1993058 -0.00846202 3132819 0.2225626 0.1695476 0.1307048
0.1977523 0.2147085 -0.008044667 3242923 0.209903 0.1834185 0.1304455
0.1803631 0.2296658 -0.007798655 3353022 0.1963775 0.1969357 0.1299639
0.1803631 0.2296658 -0.007798655 3463129 0.1963775 0.1969357 0.1299639
0.1618057 0.2436106 -0.007417253 3573759 0.1818753 0.2098493 0.1295631
0.1424647 0.2559929 -0.007273172 3713748 0.1665458 0.2219153 0.1289805
0.1424647 0.2559929 -0.007273172 3793427 0.1665458 0.2219153 0.1289805
0.1223697 0.2666932 -0.007103046 3903530 0.1506818 0.2328014 0.1283813
0.1020797 0.2756677 -0.007043029 4013629 0.1344499 0.2423307 0.127668
0.1020797 0.2756677 -0.007043029 4143747 0.1344499 0.2423307 0.127668
0.08064733 0.2831575 -0.006948329 4243829 0.1179558 0.2504206 0.1266279
0.05847136 0.2881261 -0.00661878 4353956 0.1016138 0.2567285 0.1255144
0.03567128 0.2887662 -0.007333741 4494370 0.08456481 0.2604356 0.1234831
0.03567128 0.2887662 -0.007333741 4574131 0.08456481 0.2604356 0.1234831
0.01420647 0.2890971 -0.007446976 4694482 0.06737975 0.2629288 0.1221449
0.01420647 0.2890971 -0.007446976 4794313 0.06737975 0.2629288 0.1221449
-0.007567472 0.2820181 -0.009694944 4914441 0.04911954 0.2618396 0.119478
-0.02679249 0.2822924 -0.008787516 5024536 0.0322629 0.2620875 0.1193158
-0.04607672 0.2807568 -0.007670012 5144637 0.01609619 0.2608721 0.1190003
-0.04607672 0.2807568 -0.007670012 5254764 0.01609619 0.2608721 0.1190003
-0.06617472 0.2777242 -0.005157107 5354968 0.0009123293 0.2583152 0.1190559
-0.06617472 0.2777242 -0.005157107 5464925 0.0009123293 0.2583152 0.1190559
-0.08577761 0.2664395 -0.005257975 5585046 -0.01481922 0.252001 0.1174721
-0.104014 0.2562226 -0.004671634 5705142 -0.03056124 0.2450447 0.116926
-0.104014 0.2562226 -0.004671634 5805244 -0.03056124 0.2450447 0.116926
-0.121057 0.2431666 -0.004436615 5915323 -0.04623136 0.2362487 0.1166398
-0.1366573 0.2295272 -0.004449685 6035435 -0.06092552 0.2263592 0.1162189
-0.1366573 0.2295272 -0.004449685 6145689 -0.06092552 0.2263592 0.1162189
-0.1519635 0.2137531 -0.004126085 6255646 -0.07406346 0.2151117 0.1151885
-0.1666774 0.1961905 -0.003676279 6376058 -0.08563132 0.2026976 0.1133512
-0.179872 0.1780141 -0.003258981 6475836 -0.09632429 0.1892159 0.1116347
-0.179872 0.1780141 -0.003258981 6595945 -0.09632429 0.1892159 0.1116347
-0.1912685 0.1591472 -0.002909405 6716081 -0.1065146 0.1748528 0.1105646
-0.2012134 0.1396605 -0.002597513 6816147 -0.1160544 0.1598453 0.1098603
-0.2012134 0.1396605 -0.002597513 6926242 -0.1160544 0.1598453 0.1098603
-0.2096409 0.1195417 -0.002547664 7036354 -0.1244587 0.1439911 0.1090429
-0.2171981 0.09823567 -0.001973836 7146453 -0.1313737 0.1273011 0.1080063
-0.2171981 0.09823567 -0.001973836 7256540 -0.1313737 0.1273011 0.1080063
-0.2236461 0.07677652 -0.002078003 7366639 -0.1370693 0.1103666 0.1060072
-0.229247 0.05477928 -0.001413871 7506765 -0.1416737 0.09288087 0.1043473
-0.229247 0.05477928 -0.001413871 7606876 -0.1416737 0.09288087 0.1043473
-0.2335713 0.03290072 -0.00121514 7706946 -0.1459599 0.07475679 0.1030852
-0.2361971 0.01036916 -0.001012886 7817057 -0.1494954 0.05623459 0.1023575
-0.2361971 0.01036916 -0.001012886 7927136 -0.1494954 0.05623459 0.1023575
-0.2376222 -0.0126013 -0.0009745737 8047252 -0.1523117 0.03734285 0.1016605
-0.2376861 -0.03600097 -0.0008270476 8147343 -0.153977 0.01832569 0.1008964
-0.2376861 -0.03600097 -0.0008270476 8267451 -0.153977 0.01832569 0.1008964
-0.2355823 -0.05959149 -0.0008494267 8377862 -0.1537852 -0.0008781931 0.09998818
-0.2325966 -0.08214507 -0.0009419409 8487645 -0.1523315 -0.0200231 0.09908116
-0.2325966 -0.08214507 -0.0009419409 8608066 -0.1523315 -0.0200231 0.09908116
-0.2280373 -0.1038465 -0.001452993 8717857 -0.1495658 -0.03900115 0.09826433
-0.2212747 -0.125633 -0.002262569 8827972 -0.1455998 -0.05773224 0.0975825
-0.2212747 -0.125633 -0.002262569 8948068 -0.1455998 -0.05773224 0.0975825
-0.2157008 -0.1473188 -0.001528107 9048167 -0.1417095 -0.07599284 0.09718434
-0.2060693 -0.1694157 -0.001761356 9158262 -0.1359516 -0.09403729 0.09676704
-0.2060693 -0.1694157 -0.001761356 9298388 -0.1359516 -0.09403729 0.09676704
-0.1941247 -0.1903271 -0.002419254 9378460 -0.1287074 -0.1116125 0.09673133
-0.1810939 -0.2100956 -0.003088006 9498560 -0.120237 -0.1287585 0.09684685
-0.1810939 -0.2100956 -0.003088006 9608656 -0.120237 -0.1287585 0.09684685
-0.168163 -0.2299513 -0.003117782 9718767 -0.1110592 -0.1456461 0.09657194
-0.1534456 -0.249479 -0.002923704 9828858 -0.1009027 -0.1615607 0.09615124
-0.1534456 -0.249479 -0.002923704 9948962 -0.1009027 -0.1615607 0.09615124
-0.13728 -0.2679497 -0.002514514 10059090 -0.09036158 -0.1770555 0.09669812
-0.1211378 -0.2836932 -0.00210384 10159148 -0.07880154 -0.1916895 0.09814187
-0.1211378 -0.2836932 -0.00210384 10279264 -0.07880154 -0.1916895 0.09814187
-0.1045417 -0.2966664 -0.002883879 10389363 -0.06697635 -0.2049272 0.09948321
-0.09015245 -0.3071784 -0.004145966 10499454 -0.05509758 -0.2169924 0.1004671
-0.09015245 -0.3071784 -0.004145966 10619571 -0.05509758 -0.2169924 0.1004671
-0.06586779 -0.3274923 -0.00261253 10729998 -0.04007943 -0.2315692 0.09956359
-0.0472851 -0.3394301 -0.002304197 10839761 -0.0251077 -0.2418833 0.09917988
-0.0472851 -0.3394301 -0.002304197 10949917 -0.0251077 -0.2418833 0.09917988
-0.02827788 -0.3483171 -0.001816238 11059980 -0.009838127 -0.250657 0.1003049
-0.008064956 -0.3543307 -0.001933111 11200114 0.00547039 -0.2579743 0.1021749
-0.008064956 -0.3543307 -0.001933111 11280166 0.00547039 -0.2579743 0.1021749
0.01067794 -0.3585407 -0.002540794 11390257 0.02018369 -0.2634484 0.1031632
0.02803419 -0.3629667 -0.00260107 11500364 0.0351165 -0.2680364 0.1034382
0.02803419 -0.3629667 -0.00260107 11620481 0.0351165 -0.2680364 0.1034382
0.04752995 -0.3654756 -0.00232914 11730584 0.04980187 -0.2708726 0.1042136
0.06611431 -0.3645736 -0.002347342 11840683 0.06418134 -0.2723846 0.1062975
0.06611431 -0.3645736 -0.002347342 11960779 0.06418134 -0.2723846 0.1062975
0.08464521 -0.3603953 -0.002516394 12060878 0.0777756 -0.2729339 0.1097758
0.1029146 -0.3543651 -0.002659409 12170977 0.09069095 -0.2724392 0.113293
0.1029146 -0.3543651 -0.002659409 12291073 0.09069095 -0.2724392 0.113293
0.1199719 -0.3482948 -0.002640255 12391171 0.1039116 -0.2701809 0.1154552
0.1366761 -0.3423717 -0.002438255 12511275 0.1174947 -0.2661561 0.1164293
0.1366761 -0.3423717 -0.002438255 12621375 0.1174947 -0.2661561 0.1164293
0.1525117 -0.3346961 -0.002551617 12741495 0.1308078 -0.2606159 0.1172286
0.1665578 -0.3255713 -0.00279163 12841573 0.1427727 -0.2543824 0.1183391
0.1665578 -0.3255713 -0.00279163 12961694 0.1427727 -0.2543824 0.1183391
0.1806195 -0.3144386 -0.002995312 13071789 0.15414 -0.2471871 0.1198147
0.1933626 -0.3027451 -0.003172639 13181872 0.1645085 -0.2394197 0.1211801
0.1933626 -0.3027451 -0.003172639 13291979 0.1645085 -0.2394197 0.1211801
0.2042332 -0.2914733 -0.003298392 13412099 0.1738737 -0.2309662 0.1220948
0.2142593 -0.278476 -0.003714148 13512178 0.1828686 -0.2216209 0.1231258
0.2142593 -0.278476 -0.003714148 13632286 0.1828686 -0.2216209 0.1231258
0.2241284 -0.2641887 -0.004045151 13742393 0.1913504 -0.2120778 0.1244706
0.2330085 -0.2496538 -0.004477588 13852484 0.1987965 -0.2022108 0.1254644
0.2330085 -0.2496538 -0.004477588 13962583 0.1987965 -0.2022108 0.1254644
0.2408317 -0.2349592 -0.004919068 14072683 0.206181 -0.1915844 0.126322
0.2489036 -0.2208984 -0.004915476 14182924 0.2134856 -0.1807266 0.1271377
0.2489036 -0.2208984 -0.004915476 14302890 0.2134856 -0.1807266 0.1271377
0.2554243 -0.2082286 -0.004869742 14402984 0.2198779 -0.1697827 0.1276618
0.261067 -0.195789 -0.005114442 14533470 0.2253997 -0.1592629 0.1279266
0.261067 -0.195789 -0.005114442 14633184 0.2253997 -0.1592629 0.1279266
0.2665478 -0.1829906 -0.005144197 14743299 0.2301555 -0.1489728 0.1283647
0.2714018 -0.1700214 -0.005436544 14853378 0.2343896 -0.1394878 0.1287426
0.2714018 -0.1700214 -0.005436544 14963477 0.2343896 -0.1394878 0.1287426
0.2757842 -0.156684 -0.005750946 15073585 0.2383687 -0.1303305 0.1292002
0.2800611 -0.1440012 -0.005822546 15184255 0.2425145 -0.1210409 0.1297109
0.2800611 -0.1440012 -0.005822546 15303792 0.2425145 -0.1210409 0.1297109
0.2842663 -0.1330919 -0.005648049 15413891 0.2466275 -0.1116168 0.1301031
0.2882149 -0.122258 -0.005587064 15533996 0.2503862 -0.1023997 0.1303574
0.2882149 -0.122258 -0.005587064 15634292 0.2503862 -0.1023997 0.1303574
0.291587 -0.111323 -0.005842515 15754384 0.2534118 -0.09348192 0.1302846
0.2950602 -0.1007696 -0.00591206 15864305 0.2563123 -0.08530761 0.1303442
0.2950602 -0.1007696 -0.00591206 15974401 0.2563123 -0.08530761 0.1303442
0.2981631 -0.09062438 -0.006119875 16084500 0.2589003 -0.0774252 0.1302269
0.301392 -0.0806836 -0.006254298 16214621 0.2616355 -0.06947555 0.1301277
0.301392 -0.0806836 -0.006254298 16304682 0.2616355 -0.06947555 0.1301277
0.3048067 -0.07204673 -0.006268661 16414935 0.2641405 -0.06190099 0.1299281
0.3080917 -0.06373034 -0.006442399 16534902 0.2665389 -0.05480926 0.1295724
0.3080917 -0.06373034 -0.006442399 16644997 0.2665389 -0.05480926 0.1295724
0.3109145 -0.05506547 -0.006747686 16745083 0.2685272 -0.04804603 0.1291209
0.3136959 -0.04769037 -0.006771087 16865199 0.2701328 -0.04182548 0.1287801
0.3153724 -0.04012747 -0.007032163 16975290 0.2713889 -0.035918 0.1284446
0.3153724 -0.04012747 -0.007032163 17095617 0.2713889 -0.035918 0.1284446
0.3163721 -0.03316493 -0.007112904 17195497 0.2725569 -0.03021217 0.1284517
0.3166338 -0.02707731 -0.007219074 17335960 0.2736698 -0.02537152 0.1286391
0.3166338 -0.02707731 -0.007219074 17426596 0.2736698 -0.02537152 0.1286391
0.3164969 -0.0210964 -0.007446986 17535812 0.2745217 -0.02065771 0.1287299
0.3161495 -0.01537449 -0.007748919 17645903 0.275242 -0.01653245 0.1287483
0.3161495 -0.01537449 -0.007748919 17766307 0.275242 -0.01653245 0.1287483
0.3159744 -0.01031985 -0.007796472 17876123 0.2759135 -0.0126963 0.1289358
0.3159468 -0.00590079 -0.007846237 17986230 0.2766027 -0.009086338 0.1290776
0.3159468 -0.00590079 -0.007846237 18096665 0.2766027 -0.009086338 0.1290776
0.3151806 -0.002339567 -0.008021273 18206420 0.2772104 -0.005866661 0.1292815
0.3146432 0.0004667258 -0.007913891 18316515 0.2777464 -0.002978397 0.1296834
0.3146432 0.0004667258 -0.007913891 18456629 0.2777464 -0.002978397 0.1296834
0.3137794 0.002844141 -0.007922799 18546723 0.277905 -0.0004866665 0.1299473
0.3134412 0.00499147 -0.007878093 18646801 0.2781935 0.00142141 0.1301476
0.3134412 0.00499147 -0.007878093 18756904 0.2781935 0.00142141 0.1301476
0.3129797 0.006494914 -0.007713561 18877025 0.2786738 0.002958729 0.1305501
0.3129797 0.006494914 -0.007713561 18987104 0.2786738 0.002958729 0.1305501
0.3129263 0.005915568 -0.00759716 19097223 0.2793179 0.004098171 0.1308709
0.3131129 0.006400905 -0.007459618 19217493 0.2804775 0.004230636 0.131236
0.3122427 0.007531495 -0.007016906 19317454 0.2818123 0.003341426 0.1321329
0.3122427 0.007531495 -0.007016906 19437530 0.2818123 0.003341426 0.1321329
0.3121059 0.008368524 -0.004915512 19547625 0.2827433 0.001744547 0.1343691
0.3125002 0.009156231 -0.001179615 19657712 0.283057 -0.0002300088 0.1379291
0.3125002 0.009156231 -0.001179615 19767835 0.283057 -0.0002300088 0.1379291
0.3125007 0.008540827 0.003314438 19877923 0.2830686 -0.002597678 0.1422962
0.3129267 0.007677025 0.008493504 19998027 0.282847 -0.004877533 0.1472157
0.3129267 0.007677025 0.008493504 20108122 0.282847 -0.004877533 0.1472157
0.3137031 0.004765599 0.01364747 20208212 0.2825593 -0.007980024 0.1521171
0.3133896 0.003394302 0.0188189 20358651 0.2821361 -0.01082294 0.1571205
0.3133896 0.003394302 0.0188189 20448441 0.2821361 -0.01082294 0.1571205
0.3136204 -0.001068286 0.02406828 20548539 0.2824802 -0.01500028 0.1624245
0.3132218 -0.006628244 0.02911206 20658671 0.2827484 -0.01970927 0.1676996
0.3132218 -0.006628244 0.02911206 20778722 0.2827484 -0.01970927 0.1676996
0.3135339 -0.01228756 0.03399961 20888834 0.283392 -0.0247643 0.1727153
0.3137046 -0.02076355 0.03867035 20998929 0.2840586 -0.03139061 0.1776467
0.3137046 -0.02076355 0.03867035 21109032 0.2840586 -0.03139061 0.1776467
