0.05639703 -0.009237305 -0.004451973 0 0.02428026 0.04158606 0.1247446
0.05613359 -0.009315832 -0.004487215 99750 0.02268691 0.04107456 0.1245414
0.0555493 -0.009360506 -0.00427967 209854 0.02059072 0.0405909 0.1245186
0.0555493 -0.009360506 -0.00427967 329970 0.02059072 0.0405909 0.1245186
0.05191188 -0.009106509 -0.004686288 440065 0.02001322 0.04056113 0.1250127
0.04862263 -0.00918092 -0.004726722 550529 0.01815689 0.04041914 0.1253422
0.04862263 -0.00918092 -0.004726722 670609 0.01815689 0.04041914 0.1253422
0.04438737 -0.009465928 -0.004792651 780380 0.01607435 0.04027214 0.1257092
0.03854686 -0.009798807 -0.004884118 880462 0.01286689 0.0398199 0.1262066
0.03854686 -0.009798807 -0.004884118 1000570 0.01286689 0.0398199 0.1262066
0.03160373 -0.0103746 -0.004951043 1110669 0.008469583 0.03903027 0.1266932
0.02353994 -0.01100336 -0.005136249 1220769 0.00302282 0.03810537 0.1270516
0.02353994 -0.01100336 -0.005136249 1330868 0.00302282 0.03810537 0.1270516
0.01545172 -0.01113329 -0.005188765 1440967 -0.00284805 0.03723118 0.1275977
0.007817377 -0.01096439 -0.005335753 1561083 -0.00902408 0.03659371 0.1279341
0.007817377 -0.01096439 -0.005335753 1671175 -0.00902408 0.03659371 0.1279341
0.0001137996 -0.01093301 -0.0054697 1781274 -0.01503135 0.03624332 0.1281389
-0.007853889 -0.01133291 -0.005478902 1901382 -0.0211779 0.0360137 0.1282634
-0.007853889 -0.01133291 -0.005478902 2001472 -0.0211779 0.0360137 0.1282634
-0.0165751 -0.01212109 -0.005519219 2121572 -0.02699375 0.0357203 0.1283049
-0.02517357 -0.01285529 -0.005514513 2221675 -0.03287227 0.03534209 0.128366
-0.02517357 -0.01285529 -0.005514513 2351800 -0.03287227 0.03534209 0.128366
-0.03267634 -0.0130853 -0.005598016 2441877 -0.03872615 0.03498487 0.1284128
-0.03822724 -0.01292473 -0.005696048 2562152 -0.04462206 0.03460955 0.1284898
-0.03822724 -0.01292473 -0.005696048 2672093 -0.04462206 0.03460955 0.1284898
-0.04195674 -0.0126047 -0.005891553 2792481 -0.05002498 0.03431434 0.1284206
-0.04400035 -0.01226027 -0.006001872 2902284 -0.05465055 0.03405047 0.1283415
-0.04553635 -0.01205519 -0.005881418 3032405 -0.05823382 0.03387038 0.1284162
-0.04553635 -0.01205519 -0.005881418 3122483 -0.05823382 0.03387038 0.1284162
-0.04520367 -0.01225152 -0.005609553 3242591 -0.06090887 0.03398295 0.1282634
-0.04520367 -0.01225152 -0.005609553 3352686 -0.06090887 0.03398295 0.1282634
-0.04570687 -0.01203031 -0.005625157 3472810 -0.06203702 0.03443402 0.1280933
-0.0456881 -0.01200565 -0.005631825 3562879 -0.06209182 0.03511327 0.1278484
-0.0456881 -0.01200565 -0.005631825 3683004 -0.06209182 0.03511327 0.1278484
-0.04553975 -0.01211913 -0.005580263 3813421 -0.06138789 0.03583956 0.1276678
-0.04552131 -0.01199737 -0.005655619 3903194 -0.06025853 0.03660923 0.1274851
-0.04552131 -0.01199737 -0.005655619 4013281 -0.06025853 0.03660923 0.1274851
-0.04540439 -0.01201784 -0.005706826 4123376 -0.0590735 0.03719468 0.1273252
-0.04527474 -0.01201341 -0.005694252 4233496 -0.05809065 0.03757854 0.1272818
-0.04527474 -0.01201341 -0.005694252 4343907 -0.05809065 0.03757854 0.1272818
-0.04529915 -0.01204771 -0.005700366 4463691 -0.05753311 0.03779152 0.1272381
-0.04515614 -0.01214974 -0.0056772 4594125 -0.05727661 0.0378009 0.1272298
-0.04515614 -0.01214974 -0.0056772 4683890 -0.05727661 0.0378009 0.1272298
-0.04545187 -0.01227984 -0.005489531 4794143 -0.05784016 0.03756322 0.1274332
-0.04432359 -0.0118283 -0.004241233 4904262 -0.06047446 0.03697503 0.1286634
-0.04432359 -0.0118283 -0.004241233 5024200 -0.06047446 0.03697503 0.1286634
-0.04452152 -0.01344272 0.0004969321 5124291 -0.0647613 0.03811304 0.1317928
-0.04671409 -0.0150506 0.006764425 5244407 -0.06926673 0.03977679 0.1363467
-0.04671409 -0.0150506 0.006764425 5354494 -0.06926673 0.03977679 0.1363467
-0.05092025 -0.01772992 0.0142327 5464614 -0.07419579 0.04132605 0.1418136
