0.3081292 0.01305123 -0.006619226 0 0.2265451 0.01202002 0.1102107
0.3079097 0.01301268 -0.006733161 90065 0.2266993 0.01228482 0.110359
0.3079097 0.01301268 -0.006733161 200164 0.2266993 0.01228482 0.110359
0.3068264 0.01289387 -0.007476319 310263 0.2263975 0.01276852 0.1101563
0.3074346 0.01346085 -0.007144591 420358 0.2266364 0.01413334 0.1102328
0.3074346 0.01346085 -0.007144591 530470 0.2266364 0.01413334 0.1102328
0.3094323 0.01268969 -0.006466882 640569 0.2270315 0.01535673 0.1097624
0.3112378 0.01833314 -0.005819364 760685 0.2269317 0.01725983 0.1090614
0.3112378 0.01833314 -0.005819364 880777 0.2269317 0.01725983 0.1090614
0.3112397 0.02254369 -0.006177879 980859 0.2259032 0.02026262 0.1079217
0.3111278 0.02838294 -0.006931771 1090959 0.2258957 0.02493268 0.1072165
0.3111278 0.02838294 -0.006931771 1211083 0.2258957 0.02493268 0.1072165
0.3093466 0.03796082 -0.007701167 1311161 0.2237748 0.03171906 0.1060739
0.3037123 0.05133706 -0.0099559 1421277 0.2197955 0.04172992 0.1048131
0.3037123 0.05133706 -0.0099559 1551382 0.2197955 0.04172992 0.1048131
0.2997934 0.06639739 -0.009790351 1651472 0.2159823 0.05348331 0.1047312
0.2941639 0.08336063 -0.01000636 1761774 0.2111631 0.06652447 0.1045958
0.2941639 0.08336063 -0.01000636 1871670 0.2111631 0.06652447 0.1045958
0.2850067 0.103561 -0.01107593 1981887 0.2045836 0.08118305 0.1044126
0.2717375 0.1271435 -0.01224389 2092225 0.1950315 0.09792139 0.10424
0.2717375 0.1271435 -0.01224389 2221982 0.1950315 0.09792139 0.10424
0.2593865 0.1614336 -0.008770685 2322084 0.1852681 0.1194746 0.1054753
0.2424431 0.1871881 -0.00878992 2432200 0.1724975 0.1387514 0.1055243
0.2220159 0.2139384 -0.008258062 2572484 0.1572035 0.1588909 0.1060895
0.2220159 0.2139384 -0.008258062 2652560 0.1572035 0.1588909 0.1060895
0.1975821 0.2401456 -0.007850266 2772652 0.1394027 0.1784877 0.106691
0.1975821 0.2401456 -0.007850266 2882590 0.1394027 0.1784877 0.106691
0.1707466 0.2643698 -0.007015762 2992681 0.1194962 0.1972022 0.1077368
0.1416031 0.2856867 -0.006446482 3102780 0.09797665 0.2141855 0.1088382
0.1416031 0.2856867 -0.006446482 3212883 0.09797665 0.2141855 0.1088382
0.1094408 0.3038789 -0.005918341 3343576 0.07472588 0.2286406 0.110014
0.0760671 0.3188255 -0.00498863 3443087 0.05083255 0.2404317 0.1113036
0.0760671 0.3188255 -0.00498863 3553198 0.05083255 0.2404317 0.1113036
0.03882037 0.3281618 -0.005410184 3663289 0.0246927 0.248943 0.1121953
0.001171438 0.3327225 -0.004856057 3773392 -0.00135474 0.253384 0.1134878
0.001171438 0.3327225 -0.004856057 3883496 -0.00135474 0.253384 0.1134878
-0.03478833 0.3332914 -0.004305903 3993923 -0.02723649 0.2541996 0.1139891
-0.07094391 0.3287282 -0.003859821 4113703 -0.05294333 0.2509428 0.1141727
-0.07094391 0.3287282 -0.003859821 4223802 -0.05294333 0.2509428 0.1141727
-0.1056039 0.3197391 -0.003491533 4334222 -0.07842269 0.244411 0.1143775
-0.1394159 0.3064912 -0.003129736 4444171 -0.1032517 0.23439 0.1143428
-0.1394159 0.3064912 -0.003129736 4554088 -0.1032517 0.23439 0.1143428
-0.1725179 0.2888857 -0.002721007 4664386 -0.1270327 0.220928 0.11398
-0.2042079 0.2668433 -0.002307921 4804326 -0.1497335 0.2041672 0.1134958
-0.2042079 0.2668433 -0.002307921 4884377 -0.1497335 0.2041672 0.1134958
-0.2335653 0.2405983 -0.002155704 4994578 -0.1711285 0.184543 0.1130211
-0.2597235 0.2121473 -0.001332093 5114808 -0.1906625 0.1619406 0.1127561
-0.2597235 0.2121473 -0.001332093 5224692 -0.1906625 0.1619406 0.1127561
-0.2825817 0.180808 -0.0009094778 5334791 -0.2079531 0.1372793 0.1124134
-0.3017751 0.1437746 -0.001616532 5444887 -0.222595 0.10951 0.1117973
-0.3170704 0.1093461 -0.00103652 5585021 -0.2341774 0.08115588 0.1113926
-0.3170704 0.1093461 -0.00103652 5665081 -0.2341774 0.08115588 0.1113926
-0.3273617 0.07205927 -0.001247388 5785189 -0.2418542 0.0504134 0.110673
-0.3273617 0.07205927 -0.001247388 5885283 -0.2418542 0.0504134 0.110673
-0.3352197 0.03374754 -0.0003701939 6005538 -0.2465186 0.01856806 0.1101194
-0.3369379 -0.001471124 -0.001215062 6125840 -0.2476351 -0.01241347 0.1092906
-0.3361802 -0.03795315 -0.001098133 6225586 -0.2462811 -0.04221793 0.1093836
-0.3361802 -0.03795315 -0.001098133 6345694 -0.2462811 -0.04221793 0.1093836
-0.3312877 -0.07353773 -0.0009014517 6456138 -0.2417769 -0.07098067 0.1099477
-0.3223078 -0.1075036 -0.0006171895 6565893 -0.2342622 -0.09869131 0.1110814
-0.3223078 -0.1075036 -0.0006171895 6716032 -0.2342622 -0.09869131 0.1110814
-0.3103429 -0.1403445 0.0006142135 6786095 -0.2242159 -0.1240676 0.1129683
-0.3103429 -0.1403445 0.0006142135 6896207 -0.2242159 -0.1240676 0.1129683
-0.2942861 -0.1714935 0.0009332703 7016323 -0.2127599 -0.147403 0.1152983
-0.2745037 -0.2028 0.0005749273 7126430 -0.2002284 -0.169884 0.1176474
-0.2745037 -0.2028 0.0005749273 7236509 -0.2002284 -0.169884 0.1176474
-0.2520998 -0.2348767 0.001205125 7346750 -0.1853209 -0.1913669 0.119331
-0.2287516 -0.2614568 0.001181779 7466883 -0.1684984 -0.2127215 0.1207672
-0.2048215 -0.2835941 0.001325248 7566993 -0.1506173 -0.2320908 0.122633
-0.2048215 -0.2835941 0.001325248 7686911 -0.1506173 -0.2320908 0.122633
-0.1787972 -0.3033946 0.0005223672 7807011 -0.1314008 -0.2488518 0.123343
-0.152919 -0.3218456 0.0001461002 7897093 -0.111743 -0.2633717 0.1234002
-0.152919 -0.3218456 0.0001461002 8017201 -0.111743 -0.2633717 0.1234002
-0.1277553 -0.3370204 -2.106776E-05 8127300 -0.09145401 -0.2745369 0.122797
-0.1021573 -0.3476452 -0.0005034737 8247416 -0.07106216 -0.2818127 0.1219931
-0.1021573 -0.3476452 -0.0005034737 8347523 -0.07106216 -0.2818127 0.1219931
-0.07547071 -0.3550734 -0.00099273 8457760 -0.0505872 -0.2856109 0.1209172
-0.04837234 -0.3596388 -0.00148911 8577722 -0.03036988 -0.2869481 0.1197471
-0.04837234 -0.3596388 -0.00148911 8687805 -0.03036988 -0.2869481 0.1197471
-0.02093546 -0.3608353 -0.002631783 8797912 -0.009757584 -0.2863744 0.1183511
0.007495786 -0.3607875 -0.003065818 8918219 0.01104418 -0.2851003 0.1176201
0.007495786 -0.3607875 -0.003065818 9028128 0.01104418 -0.2851003 0.1176201
0.03560219 -0.3580005 -0.003508411 9138227 0.03158786 -0.2829802 0.1175787
0.06306183 -0.3521698 -0.00405809 9258344 0.05190449 -0.2793313 0.1179104
0.06306183 -0.3521698 -0.00405809 9358438 0.05190449 -0.2793313 0.1179104
0.0891504 -0.3444775 -0.004484876 9468517 0.071357 -0.2742909 0.1182485
0.114409 -0.3346662 -0.005097043 9599080 0.08995957 -0.2670033 0.1179078
0.114409 -0.3346662 -0.005097043 9699036 0.08995957 -0.2670033 0.1179078
0.1376049 -0.3231345 -0.00571381 9808815 0.1073155 -0.2576927 0.1171933
0.1594342 -0.309608 -0.006207682 9939273 0.1232224 -0.2461173 0.1161192
0.1594342 -0.309608 -0.006207682 10029030 0.1232224 -0.2461173 0.1161192
0.1799019 -0.294025 -0.00685271 10139129 0.1377966 -0.2329854 0.1148336
0.1990613 -0.2769888 -0.007217502 10249220 0.1513586 -0.2193436 0.114058
0.1990613 -0.2769888 -0.007217502 10359320 0.1513586 -0.2193436 0.114058
0.2172689 -0.2579055 -0.007692726 10479436 0.1645338 -0.2053965 0.1138312
0.2333622 -0.2372256 -0.008239302 10579526 0.176601 -0.1909422 0.1139992
0.2333622 -0.2372256 -0.008239302 10699634 0.176601 -0.1909422 0.1139992
0.2475262 -0.2164282 -0.008515341 10809730 0.1874198 -0.1753725 0.1139914
0.2600099 -0.1936559 -0.009040575 10919825 0.1964245 -0.1592517 0.113758
0.2600099 -0.1936559 -0.009040575 11039933 0.1964245 -0.1592517 0.113758
0.2715858 -0.1720064 -0.008933919 11140035 0.2043663 -0.1423457 0.1131645
0.2805313 -0.1511299 -0.00907579 11250122 0.210894 -0.1256184 0.1126043
0.2805313 -0.1511299 -0.00907579 11390581 0.210894 -0.1256184 0.1126043
0.2870311 -0.1299736 -0.009668131 11480338 0.2158556 -0.1093052 0.112041
0.2931696 -0.1096207 -0.009939143 11600450 0.2207764 -0.09378673 0.1117767
0.2931696 -0.1096207 -0.009939143 11710537 0.2207764 -0.09378673 0.1117767
0.2985659 -0.08958463 -0.009795739 11810741 0.2249167 -0.07915015 0.1117491
0.3023139 -0.0701642 -0.009813139 11920727 0.2279472 -0.06546567 0.1116519
0.3023139 -0.0701642 -0.009813139 12041046 0.2279472 -0.06546567 0.1116519
0.3038272 -0.05203497 -0.01030357 12150930 0.2296739 -0.05220972 0.1113825
0.3051388 -0.03594107 -0.01040028 12261033 0.2309687 -0.03975981 0.1112158
0.3051388 -0.03594107 -0.01040028 12371129 0.2309687 -0.03975981 0.1112158
0.3075699 -0.02217727 -0.009611164 12481232 0.2324397 -0.02819007 0.1113249
0.3079654 -0.00990108 -0.009658607 12621747 0.2330818 -0.0181704 0.1112972
0.3079654 -0.00990108 -0.009658607 12711439 0.2330818 -0.0181704 0.1112972
0.3078631 0.000303319 -0.009761627 12821535 0.2335758 -0.00967188 0.111433
0.3071824 0.008880098 -0.009788847 12951656 0.2338107 -0.002551538 0.1118342
0.3071824 0.008880098 -0.009788847 13041749 0.2338107 -0.002551538 0.1118342
0.3065663 0.0153704 -0.009619799 13151836 0.2339025 0.003161923 0.1123522
0.3060281 0.01919017 -0.00967043 13271944 0.2338653 0.007483781 0.1126477
0.3060281 0.01919017 -0.00967043 13382044 0.2338653 0.007483781 0.1126477
0.3061711 0.02012548 -0.009636717 13492135 0.233873 0.01044357 0.1127785
0.3065422 0.02034025 -0.009650243 13592229 0.2341854 0.01124057 0.112775
0.3065422 0.02034025 -0.009650243 13722346 0.2341854 0.01124057 0.112775
0.3062143 0.01989111 -0.009964069 13832648 0.2345241 0.01037109 0.1128208
0.3060721 0.02025122 -0.01015193 13942541 0.234568 0.008328024 0.1125316
0.3060721 0.02025122 -0.01015193 14062657 0.234568 0.008328024 0.1125316
0.3054549 0.0196976 -0.009481849 14162755 0.2340986 0.006995119 0.1132095
0.3054802 0.01810536 -0.005561498 14283184 0.2306941 0.005753267 0.1151062
0.3054802 0.01810536 -0.005561498 14382946 0.2306941 0.005753267 0.1151062
0.3061366 0.01576379 0.0021436 14493122 0.2259722 0.003844077 0.1193521
