0.1433743 -0.01568686 -0.005784398 0 0.1298105 -0.02468434 0.1357829
0.1387403 -0.01691584 -0.005783957 110100 0.1250188 -0.02420138 0.1358666
0.1387403 -0.01691584 -0.005783957 220203 0.1250188 -0.02420138 0.1358666
0.132731 -0.01846525 -0.005765863 330290 0.1189225 -0.02367909 0.1359676
0.1253531 -0.01919975 -0.005879177 440389 0.1115256 -0.02299515 0.1358975
0.1253531 -0.01919975 -0.005879177 550493 0.1115256 -0.02299515 0.1358975
0.1144041 -0.01510605 -0.005945291 660774 0.1022565 -0.02114315 0.1359076
0.1042405 -0.01448209 -0.006153283 790713 0.09256298 -0.02065651 0.1357331
0.1042405 -0.01448209 -0.006153283 890811 0.09256298 -0.02065651 0.1357331
0.09255505 -0.01479189 -0.006370069 1001085 0.08169564 -0.01996311 0.1356214
0.08128758 -0.01672764 -0.006410961 1131028 0.07035778 -0.01916533 0.1356483
0.08128758 -0.01672764 -0.006410961 1221097 0.07035778 -0.01916533 0.1356483
0.06873544 -0.01790945 -0.006542932 1341201 0.05794557 -0.01789124 0.135548
0.05577913 -0.01982213 -0.006456922 1451624 0.04516248 -0.017814 0.1356328
0.05577913 -0.01982213 -0.006456922 1561400 0.04516248 -0.017814 0.1356328
0.04129698 -0.01996247 -0.006588817 1671507 0.03165808 -0.01788714 0.1355696
0.02582094 -0.02050866 -0.006728441 1791615 0.01763876 -0.01812138 0.1355164
0.01043349 -0.02160077 -0.006738547 1911715 0.003446556 -0.01823782 0.1355503
0.01043349 -0.02160077 -0.006738547 2011814 0.003446556 -0.01823782 0.1355503
-0.004751948 -0.02266385 -0.006573705 2121905 -0.01117334 -0.0184463 0.135719
-0.02014972 -0.02292595 -0.006489348 2252030 -0.02605262 -0.01847531 0.1358187
-0.02014972 -0.02292595 -0.006489348 2342103 -0.02605262 -0.01847531 0.1358187
-0.03555018 -0.02234599 -0.006420537 2452202 -0.04090938 -0.01845453 0.1359254
-0.03555018 -0.02234599 -0.006420537 2562302 -0.04090938 -0.01845453 0.1359254
-0.05085203 -0.02175444 -0.006293252 2682410 -0.05540859 -0.01830151 0.136092
-0.06532727 -0.02216881 -0.005984767 2782512 -0.06897525 -0.01807179 0.1364096
-0.07972386 -0.02362414 -0.005754022 2902620 -0.08201017 -0.01830907 0.1366284
-0.07972386 -0.02362414 -0.005754022 3012707 -0.08201017 -0.01830907 0.1366284
-0.09244056 -0.02322092 -0.005775907 3122807 -0.09405348 -0.01792677 0.1366165
-0.1032154 -0.02248779 -0.005551954 3232902 -0.1047686 -0.0177572 0.136861
-0.1032154 -0.02248779 -0.005551954 3373032 -0.1047686 -0.0177572 0.136861
-0.1121106 -0.02194144 -0.005631542 3453104 -0.1140761 -0.01768475 0.1367913
-0.1200924 -0.02171603 -0.005574284 3573229 -0.1221488 -0.01770401 0.1368544
-0.1200924 -0.02171603 -0.005574284 3683312 -0.1221488 -0.01770401 0.1368544
-0.1261005 -0.02253808 -0.005500597 3803420 -0.12869 -0.01805937 0.1369054
-0.1297823 -0.02255405 -0.005620756 3903514 -0.133726 -0.01777475 0.1367444
-0.1297823 -0.02255405 -0.005620756 4013605 -0.133726 -0.01777475 0.1367444
-0.1320078 -0.02249369 -0.005654573 4153744 -0.1372419 -0.01742395 0.136659
-0.1327959 -0.02225115 -0.005681938 4233804 -0.1389059 -0.01691294 0.1365869
-0.1327959 -0.02225115 -0.005681938 4353908 -0.1389059 -0.01691294 0.1365869
-0.133393 -0.02203261 -0.005720115 4464007 -0.1395177 -0.01652853 0.1365417
-0.1336305 -0.02200717 -0.005838685 4574123 -0.1391251 -0.0163311 0.1364421
-0.1336305 -0.02200717 -0.005838685 4694235 -0.1391251 -0.0163311 0.1364421
-0.1336477 -0.02232988 -0.005862583 4804334 -0.1377884 -0.0165301 0.1364591
-0.1337525 -0.02211396 -0.005999451 4924426 -0.1362808 -0.01665577 0.1363735
-0.1337525 -0.02211396 -0.005999451 5024529 -0.1362808 -0.01665577 0.1363735
-0.1337314 -0.02173883 -0.005971408 5134632 -0.1346228 -0.01649908 0.1364294
-0.1335763 -0.02181179 -0.005959982 5274742 -0.1332375 -0.0166231 0.1364451
-0.1335763 -0.02181179 -0.005959982 5354826 -0.1332375 -0.0166231 0.1364451
-0.1339042 -0.02116084 -0.006104299 5474926 -0.1326165 -0.01631288 0.1363073
-0.1338458 -0.02108643 -0.006180316 5585026 -0.1322685 -0.01606131 0.1362223
-0.1338458 -0.02108643 -0.006180316 5705134 -0.1322685 -0.01606131 0.1362223
-0.1341111 -0.02106643 -0.006327244 5805220 -0.1324164 -0.01574826 0.1360634
-0.1338817 -0.02092206 -0.006310526 5915331 -0.1322955 -0.01590713 0.1360923
-0.1338817 -0.02092206 -0.006310526 6055446 -0.1322955 -0.01590713 0.1360923
-0.1342878 -0.02044621 -0.005872527 6145547 -0.1322704 -0.017042 0.1365725
-0.1335563 -0.02072793 -0.004094572 6255634 -0.1323405 -0.01965426 0.1383961
-0.1335563 -0.02072793 -0.004094572 6355724 -0.1323405 -0.01965426 0.1383961
-0.1320352 -0.02180713 -0.0003961184 6475837 -0.132585 -0.0231484 0.1420965
