0.06398655 0.004533869 -0.006046677 0 0.005220987 -0.02176827 0.1210795
0.06398655 0.004533869 -0.006046677 89902 0.005220987 -0.02176827 0.1210795
0.06343522 0.009020563 -0.006113882 200139 0.004640343 -0.01897273 0.120637
0.06198166 0.01403778 -0.006140374 320106 0.003473439 -0.01552643 0.1203863
0.06198166 0.01403778 -0.006140374 430501 0.003473439 -0.01552643 0.1203863
0.05944505 0.02014614 -0.006194397 540479 0.001695989 -0.01146407 0.1201864
0.05583172 0.02699012 -0.006325494 650464 -0.0007249452 -0.00713134 0.1199413
0.05583172 0.02699012 -0.006325494 780521 -0.0007249452 -0.00713134 0.1199413
0.05101726 0.03430507 -0.006437758 870598 -0.003965877 -0.00280427 0.1196813
0.04496828 0.04171403 -0.00666122 990718 -0.008067127 0.001805108 0.119437
0.04496828 0.04171403 -0.00666122 1100805 -0.008067127 0.001805108 0.119437
0.03811112 0.04853564 -0.006621124 1210901 -0.01308999 0.00665313 0.1195952
0.03053592 0.05426876 -0.006521888 1321008 -0.01894151 0.01129961 0.1200162
0.03053592 0.05426876 -0.006521888 1441108 -0.01894151 0.01129961 0.1200162
0.02265619 0.059227 -0.006367798 1551207 -0.02507495 0.01518721 0.1204726
0.01368131 0.06303248 -0.006309878 1661311 -0.03164748 0.01792634 0.1210361
0.01368131 0.06303248 -0.006309878 1761401 -0.03164748 0.01792634 0.1210361
0.004627991 0.06545284 -0.006287773 1881513 -0.0382945 0.01951242 0.1215926
-0.004692636 0.06622867 -0.006300538 1991945 -0.04496969 0.01998575 0.1223291
-0.004692636 0.06622867 -0.006300538 2101707 -0.04496969 0.01998575 0.1223291
-0.01374536 0.06515767 -0.006288037 2211819 -0.05167249 0.01942279 0.1232346
-0.02236968 0.06263679 -0.006258849 2341952 -0.05802932 0.01765139 0.1241672
-0.02236968 0.06263679 -0.006258849 2442026 -0.05802932 0.01765139 0.1241672
-0.03007424 0.05855045 -0.006215202 2552134 -0.06382886 0.01443805 0.1250135
-0.03681323 0.05332144 -0.0062273 2662233 -0.06904209 0.009790918 0.125578
-0.03681323 0.05332144 -0.0062273 2782325 -0.06904209 0.009790918 0.125578
-0.04265857 0.04694064 -0.006279111 2882423 -0.07356292 0.003930585 0.1260134
-0.04683401 0.03918904 -0.006286393 2992506 -0.07697236 -0.00298599 0.126451
-0.04683401 0.03918904 -0.006286393 3122786 -0.07697236 -0.00298599 0.126451
-0.05005168 0.03004574 -0.006280233 3212887 -0.0793493 -0.01078508 0.1270643
-0.05098804 0.01923609 -0.006188967 3332821 -0.08041515 -0.01914062 0.127854
-0.05098804 0.01923609 -0.006188967 3452958 -0.08041515 -0.01914062 0.127854
-0.05062395 0.008421187 -0.006172165 3563037 -0.08024866 -0.02806528 0.1283543
-0.04856108 -0.002147105 -0.006207236 3663119 -0.07896347 -0.03710212 0.1285522
-0.04856108 -0.002147105 -0.006207236 3803415 -0.07896347 -0.03710212 0.1285522
-0.04506043 -0.01326 -0.006084956 3893330 -0.07676172 -0.04637779 0.128839
-0.03993113 -0.023438 -0.005808852 4003421 -0.07346261 -0.05508866 0.1290249
-0.03993113 -0.023438 -0.005808852 4113533 -0.07346261 -0.05508866 0.1290249
-0.03326599 -0.03275671 -0.005625349 4223624 -0.0692067 -0.06314591 0.1288775
-0.02606434 -0.04126176 -0.005502545 4333723 -0.06424506 -0.07032602 0.1286755
-0.02606434 -0.04126176 -0.005502545 4453839 -0.06424506 -0.07032602 0.1286755
-0.01991897 -0.04789184 -0.005954469 4563926 -0.05835624 -0.07640777 0.128268
-0.01148918 -0.0538092 -0.005886191 4674030 -0.0517831 -0.08156258 0.127951
-0.01148918 -0.0538092 -0.005886191 4784129 -0.0517831 -0.08156258 0.127951
-0.003268171 -0.05780036 -0.005936729 4894228 -0.04487088 -0.08543471 0.1275241
0.005368439 -0.06012848 -0.005901643 5014345 -0.03769096 -0.08795471 0.1270564
0.005368439 -0.06012848 -0.005901643 5114427 -0.03769096 -0.08795471 0.1270564
0.01359682 -0.06071771 -0.005949465 5224850 -0.03080248 -0.08897023 0.1264769
0.02161541 -0.06023049 -0.005974878 5364993 -0.0243696 -0.08846532 0.1259131
0.02161541 -0.06023049 -0.005974878 5454733 -0.0243696 -0.08846532 0.1259131
0.02929444 -0.05876733 -0.005872716 5564845 -0.01849146 -0.08654031 0.1254719
0.03572383 -0.05556281 -0.005841025 5674964 -0.01313991 -0.08353452 0.1250642
0.03572383 -0.05556281 -0.005841025 5795048 -0.01313991 -0.08353452 0.1250642
0.04131757 -0.05091612 -0.005818145 5905135 -0.008334867 -0.0797769 0.1245964
0.04583223 -0.04512006 -0.005894047 6015247 -0.004270491 -0.0755313 0.1239948
0.04993424 -0.03904353 -0.005974563 6145356 -0.001117135 -0.07074837 0.1232338
0.04993424 -0.03904353 -0.005974563 6235437 -0.001117135 -0.07074837 0.1232338
0.05375899 -0.03297108 -0.00587019 6345536 0.001345061 -0.06551799 0.1225811
0.05689133 -0.02758295 -0.005889197 6465640 0.003231215 -0.06023141 0.1220206
0.05689133 -0.02758295 -0.005889197 6575735 0.003231215 -0.06023141 0.1220206
0.05916288 -0.02208565 -0.00585683 6676247 0.00492494 -0.05541117 0.121634
0.05916288 -0.02208565 -0.00585683 6785941 0.00492494 -0.05541117 0.121634
0.0608073 -0.01694618 -0.005902686 6906066 0.006562368 -0.0511953 0.1213402
0.06199151 -0.01254089 -0.005967934 7016132 0.007862266 -0.04748943 0.1211339
0.06294613 -0.009394181 -0.005935074 7136431 0.008727377 -0.04412919 0.1211872
0.06294613 -0.009394181 -0.005935074 7246348 0.008727377 -0.04412919 0.1211872
0.06382073 -0.007128446 -0.005890275 7366460 0.009195795 -0.04129311 0.1212126
0.06382073 -0.007128446 -0.005890275 7466554 0.009195795 -0.04129311 0.1212126
0.06430866 -0.005911201 -0.005757585 7576978 0.009485759 -0.03894291 0.1215594
0.06439128 -0.006189351 -0.005732135 7686757 0.009750697 -0.03702077 0.1222135
0.06439128 -0.006189351 -0.005732135 7796844 0.009750697 -0.03702077 0.1222135
0.0643887 -0.006146993 -0.005728894 7906943 0.009909319 -0.03651818 0.1223954
0.06450897 -0.006042753 -0.005699075 8027064 0.01017131 -0.03689222 0.1223711
0.0642477 -0.006135689 -0.005885972 8137163 0.01031982 -0.03769192 0.1221853
0.0642477 -0.006135689 -0.005885972 8247250 0.01031982 -0.03769192 0.1221853
0.06422354 -0.006125 -0.005940482 8357349 0.01035491 -0.03884125 0.1218643
0.06403555 -0.006113053 -0.005984776 8497666 0.01029186 -0.03985763 0.1216051
0.06403555 -0.006113053 -0.005984776 8587557 0.01029186 -0.03985763 0.1216051
0.06387313 -0.006222515 -0.006114441 8687955 0.01013451 -0.04072118 0.1212757
0.06392824 -0.006326487 -0.006060665 8827814 0.009879194 -0.04139072 0.1210434
0.06392824 -0.006326487 -0.006060665 8917866 0.009879194 -0.04139072 0.1210434
0.06402457 -0.00633733 -0.006032295 9028156 0.009546129 -0.04175738 0.1207895
0.06410921 -0.006426872 -0.005988429 9148058 0.009285824 -0.0420007 0.1206416
0.06410921 -0.006426872 -0.005988429 9248152 0.009285824 -0.0420007 0.1206416
0.0640941 -0.006458043 -0.006009241 9368422 0.009032923 -0.04208951 0.1205013
0.06411769 -0.006466588 -0.00599771 9478359 0.008876081 -0.04205175 0.1204472
0.06411769 -0.006466588 -0.00599771 9588451 0.008876081 -0.04205175 0.1204472
0.06409389 -0.006615256 -0.006014526 9698550 0.008793293 -0.04194851 0.1204752
0.0640822 -0.006621226 -0.005992334 9808649 0.008830261 -0.04172058 0.1205838
0.0640822 -0.006621226 -0.005992334 9918748 0.008830261 -0.04172058 0.1205838
0.06413749 -0.006561064 -0.005977413 10038856 0.008974953 -0.04143111 0.120701
0.06419255 -0.00644924 -0.00595457 10148956 0.009144505 -0.04107244 0.1208413
0.06419255 -0.00644924 -0.00595457 10259521 0.009144505 -0.04107244 0.1208413
0.06416332 -0.006258759 -0.006034307 10369162 0.009309245 -0.04066025 0.1209059
0.0640918 -0.006145023 -0.006054957 10479253 0.009410709 -0.04018187 0.1210581
0.0640918 -0.006145023 -0.006054957 10599528 0.009410709 -0.04018187 0.1210581
0.0639402 -0.006059202 -0.006084982 10699472 0.009444815 -0.03966627 0.121222
