0.0381023 -0.01519009 -0.004577182 0 -0.006395096 0.02640148 0.1242497
0.03033791 -0.01587123 -0.004488294 120116 -0.01249024 0.02651062 0.1246464
0.03033791 -0.01587123 -0.004488294 220202 -0.01249024 0.02651062 0.1246464
0.0210847 -0.01718968 -0.004299826 340327 -0.01978977 0.0267699 0.1249405
0.01092587 -0.01756523 -0.004619621 460419 -0.02741868 0.02684716 0.1252398
0.01092587 -0.01756523 -0.004619621 560525 -0.02741868 0.02684716 0.1252398
-0.0001782097 -0.01768571 -0.004856274 670620 -0.03573247 0.02710417 0.1256658
-0.01022747 -0.01758262 -0.004843097 780703 -0.04475822 0.02730971 0.1259183
-0.01022747 -0.01758262 -0.004843097 890815 -0.04475822 0.02730971 0.1259183
-0.01949165 -0.01733157 -0.004739707 1010927 -0.05414358 0.02743567 0.1260326
-0.02833056 -0.01731881 -0.004649534 1121030 -0.06345607 0.02768687 0.1259143
-0.02833056 -0.01731881 -0.004649534 1241139 -0.06345607 0.02768687 0.1259143
-0.03691977 -0.01829985 -0.004435324 1371260 -0.07188799 0.02761954 0.1258523
-0.04473561 -0.01906744 -0.004336277 1451316 -0.07938624 0.02761261 0.1257658
-0.04473561 -0.01906744 -0.004336277 1571436 -0.07938624 0.02761261 0.1257658
-0.0513134 -0.01978707 -0.004344181 1671531 -0.08570617 0.02755384 0.1255874
-0.0557432 -0.02047348 -0.004146643 1801644 -0.09105637 0.02739153 0.1253453
-0.0557432 -0.02047348 -0.004146643 1911735 -0.09105637 0.02739153 0.1253453
-0.05757443 -0.0206825 -0.00393486 2011821 -0.09508466 0.02719177 0.1249344
-0.05803258 -0.02052388 -0.004044393 2151963 -0.09778076 0.02735002 0.1241524
-0.05803258 -0.02052388 -0.004044393 2232023 -0.09778076 0.02735002 0.1241524
-0.05832186 -0.02048573 -0.004015074 2342119 -0.09862748 0.02764454 0.1239114
-0.05805133 -0.02036767 -0.003945105 2462227 -0.09822552 0.02814402 0.1238786
-0.05805133 -0.02036767 -0.003945105 2572338 -0.09822552 0.02814402 0.1238786
-0.05787485 -0.02034624 -0.003962889 2682417 -0.09691771 0.02858362 0.1240518
-0.05754713 -0.01992576 -0.004071346 2792516 -0.09518613 0.02891452 0.1243972
-0.05754713 -0.01992576 -0.004071346 2902713 -0.09518613 0.02891452 0.1243972
-0.05724663 -0.01970641 -0.004185233 3022732 -0.0934248 0.02895083 0.1247715
-0.05698229 -0.01948997 -0.004352512 3122822 -0.09159832 0.02885098 0.1251509
-0.05698229 -0.01948997 -0.004352512 3242926 -0.09159832 0.02885098 0.1251509
-0.05704537 -0.01965883 -0.004323369 3353022 -0.09015629 0.02869256 0.1255691
-0.05723891 -0.01976545 -0.004305005 3463129 -0.0890319 0.02854591 0.1259312
-0.05723891 -0.01976545 -0.004305005 3573228 -0.0890319 0.02854591 0.1259312
-0.05762572 -0.019681 -0.004199816 3693344 -0.0889169 0.02814784 0.1263357
-0.0580589 -0.01823263 -0.003341183 3803768 -0.09048096 0.02733342 0.1277267
-0.0580589 -0.01823263 -0.003341183 3913535 -0.09048096 0.02733342 0.1277267
-0.05979114 -0.02073089 0.002451609 4043640 -0.09458634 0.02887201 0.1314287
-0.06290741 -0.02234174 0.009785896 4133741 -0.1006474 0.03110212 0.1363785
-0.06290741 -0.02234174 0.009785896 4253846 -0.1006474 0.03110212 0.1363785
