0.1538255 0.002906354 -0.003572618 0 0.1109395 -0.02060472 0.1302716
0.1538255 0.002906354 -0.003572618 110096 0.1109395 -0.02060472 0.1302716
0.1526821 0.003369402 -0.004754101 210174 0.1097608 -0.0202285 0.1290635
0.151114 0.003655109 -0.005738054 330286 0.1082059 -0.01992556 0.1280868
0.1490083 0.003919152 -0.006164585 460403 0.1061125 -0.01961123 0.127673
0.1490083 0.003919152 -0.006164585 550496 0.1061125 -0.01961123 0.127673
0.1462402 0.004094707 -0.006332372 660584 0.103232 -0.01937263 0.1274803
0.1428418 0.004442915 -0.00603268 790717 0.09951433 -0.01923986 0.1276389
0.1428418 0.004442915 -0.00603268 880778 0.09951433 -0.01923986 0.1276389
0.1382315 0.004701246 -0.005609428 1000898 0.09487768 -0.01910033 0.1280326
0.1327037 0.005174822 -0.004740332 1110981 0.08915492 -0.01913189 0.1287472
0.1327037 0.005174822 -0.004740332 1221085 0.08915492 -0.01913189 0.1287472
0.1254892 0.006184146 -0.003540014 1331188 0.08185491 -0.01929133 0.1297015
0.117279 0.006735737 -0.002308343 1451296 0.07336237 -0.01922731 0.1307461
0.117279 0.006735737 -0.002308343 1561403 0.07336237 -0.01922731 0.1307461
0.1078478 0.006997632 -0.00120524 1671495 0.06394538 -0.01885028 0.1318763
0.1078478 0.006997632 -0.00120524 1771585 0.06394538 -0.01885028 0.1318763
0.0973269 0.007164671 -4.390363E-05 1921732 0.05365399 -0.01874702 0.1331008
0.08579447 0.007508308 0.00156423 2001792 0.04247627 -0.01939817 0.1346275
0.07309666 0.008031589 0.00336113 2111908 0.03045759 -0.02063753 0.1362755
0.07309666 0.008031589 0.00336113 2221999 0.03045759 -0.02063753 0.1362755
0.0598149 0.008529407 0.005668664 2342103 0.01757417 -0.02203016 0.1382887
0.04548124 0.008647032 0.007238412 2442189 0.004353384 -0.02327875 0.1398864
0.04548124 0.008647032 0.007238412 2562297 0.004353384 -0.02327875 0.1398864
0.03061399 0.008644016 0.008449757 2672401 -0.009238142 -0.0242827 0.1412424
0.01562474 0.008408106 0.009506547 2782496 -0.02309097 -0.02517796 0.1424701
0.01562474 0.008408106 0.009506547 2902608 -0.02309097 -0.02517796 0.1424701
0.0005543065 0.00790362 0.01023456 3032738 -0.03684221 -0.02599547 0.1434959
-0.01562436 0.007277534 0.01075699 3122811 -0.05093316 -0.02690411 0.1445148
-0.01562436 0.007277534 0.01075699 3232910 -0.05093316 -0.02690411 0.1445148
-0.0299092 0.006658633 0.0116277 3342997 -0.06410862 -0.02788905 0.1455796
-0.0443824 0.005692493 0.01240709 3473118 -0.07748669 -0.02911836 0.1465658
-0.0443824 0.005692493 0.01240709 3563208 -0.07748669 -0.02911836 0.1465658
-0.0596613 0.004582375 0.01260015 3673295 -0.09006345 -0.03056505 0.1473095
-0.07331706 0.003849888 0.01337727 3783398 -0.1025221 -0.03224793 0.1481001
-0.07331706 0.003849888 0.01337727 3903514 -0.1025221 -0.03224793 0.1481001
-0.08646283 0.002980022 0.01372095 4013617 -0.1140105 -0.03402561 0.1485466
-0.0986754 0.002166176 0.01380935 4123705 -0.1246662 -0.03569185 0.1487074
-0.0986754 0.002166176 0.01380935 4243825 -0.1246662 -0.03569185 0.1487074
-0.1098004 0.001426737 0.01365187 4343903 -0.1345718 -0.03717541 0.1485685
-0.1197325 0.0007065497 0.01333537 4454006 -0.1434948 -0.0385903 0.1482329
-0.1197325 0.0007065497 0.01333537 4574119 -0.1434948 -0.0385903 0.1482329
-0.1291341 0.0002517932 0.01302209 4684210 -0.151245 -0.03987225 0.147957
-0.1366019 -8.784083E-05 0.01259818 4794305 -0.1574174 -0.04107507 0.1474797
-0.1366019 -8.784083E-05 0.01259818 4904408 -0.1574174 -0.04107507 0.1474797
-0.1424574 -0.0006588491 0.01208785 5034517 -0.1624722 -0.04228102 0.146896
-0.1473693 -0.001181604 0.01152226 5124607 -0.1668084 -0.04325812 0.1462736
-0.1473693 -0.001181604 0.01152226 5244711 -0.1668084 -0.04325812 0.1462736
-0.1504487 -0.001755011 0.01091858 5344797 -0.1702167 -0.04402562 0.1455613
-0.1529152 -0.002500263 0.01008346 5464909 -0.1727994 -0.04462506 0.1447548
-0.1529152 -0.002500263 0.01008346 5575008 -0.1727994 -0.04462506 0.1447548
-0.1548166 -0.002854866 0.009379052 5685116 -0.174638 -0.04509323 0.144024
-0.1560826 -0.003190149 0.008793496 5805228 -0.1757212 -0.04564457 0.1433973
-0.1560826 -0.003190149 0.008793496 5925328 -0.1757212 -0.04564457 0.1433973
-0.1570617 -0.0033415 0.008253656 6025410 -0.1764604 -0.04612248 0.1427889
-0.1579135 -0.003529981 0.007827543 6135558 -0.1772451 -0.04640921 0.1423411
-0.1579135 -0.003529981 0.007827543 6245617 -0.1772451 -0.04640921 0.1423411
-0.1586047 -0.003706917 0.007539951 6355724 -0.1780812 -0.04658874 0.1420318
-0.158747 -0.00391442 0.007388078 6465823 -0.1787634 -0.04674011 0.1418185
-0.158747 -0.00391442 0.007388078 6585936 -0.1787634 -0.04674011 0.1418185
-0.1590499 -0.003910196 0.00730022 6696031 -0.1793835 -0.04690029 0.1416305
-0.1596023 -0.003865928 0.007263504 6806114 -0.179987 -0.04710456 0.1415063
-0.1596023 -0.003865928 0.007263504 6916221 -0.179987 -0.04710456 0.1415063
-0.1603985 -0.003813695 0.007281505 7026320 -0.180705 -0.04725291 0.1414714
-0.161014 -0.003737055 0.007371687 7146441 -0.1814763 -0.04737832 0.1414723
-0.161014 -0.003737055 0.007371687 7256528 -0.1814763 -0.04737832 0.1414723
-0.1615524 -0.003714692 0.007458828 7366619 -0.1822458 -0.04743256 0.141499
-0.1621716 -0.003730044 0.007442616 7476718 -0.1830614 -0.04744952 0.1414518
-0.1621716 -0.003730044 0.007442616 7586842 -0.1830614 -0.04744952 0.1414518
-0.1626454 -0.003620781 0.007523261 7696921 -0.1837076 -0.04747157 0.1414626
-0.163021 -0.003563244 0.007660114 7807036 -0.1842533 -0.04762747 0.1415025
-0.163021 -0.003563244 0.007660114 7927132 -0.1842533 -0.04762747 0.1415025
-0.163245 -0.003448915 0.007947468 8037231 -0.1847308 -0.0478337 0.1416434
-0.1633853 -0.0034054 0.00825455 8147327 -0.1850897 -0.04803805 0.1418326
