0.3000402 -0.01111925 -0.004419418 0 0.2390677 -0.007151723 0.1243162
0.3006936 -0.008517146 -0.006602453 110095 0.2399947 -0.004994988 0.1222754
0.3007554 -0.005177855 -0.008797934 230207 0.240494 -0.002374411 0.1203026
0.3007554 -0.005177855 -0.008797934 340307 0.240494 -0.002374411 0.1203026
0.3009289 -0.0002455711 -0.01071887 440701 0.2405966 0.001324892 0.1183695
0.2996606 0.006590962 -0.01310662 560513 0.2400464 0.006105304 0.1163235
0.2983784 0.01517081 -0.01495263 670604 0.2387715 0.01225197 0.1144489
0.2983784 0.01517081 -0.01495263 780700 0.2387715 0.01225197 0.1144489
0.2960482 0.02563357 -0.01692447 890799 0.2367366 0.02040303 0.1125399
0.2919352 0.03828204 -0.0191598 1010923 0.2336148 0.03024518 0.1106107
0.2919352 0.03828204 -0.0191598 1111030 0.2336148 0.03024518 0.1106107
0.2860594 0.05301702 -0.02151031 1231109 0.2294645 0.04165709 0.1087748
0.279025 0.0701344 -0.02346827 1341205 0.2241125 0.05466998 0.1071139
0.279025 0.0701344 -0.02346827 1451316 0.2241125 0.05466998 0.1071139
0.2707693 0.08904445 -0.02481636 1571408 0.2171317 0.06927919 0.1057156
0.2597547 0.1097311 -0.02604687 1681511 0.2084638 0.08511031 0.1046027
0.2597547 0.1097311 -0.02604687 1781606 0.2084638 0.08511031 0.1046027
0.2471313 0.1315725 -0.02692362 1901835 0.1983485 0.1021504 0.1036935
0.2328613 0.1540011 -0.02720871 2011809 0.1869644 0.1201793 0.1033892
0.2328613 0.1540011 -0.02720871 2121904 0.1869644 0.1201793 0.1033892
0.2164062 0.1765846 -0.02728406 2232012 0.1741106 0.1382557 0.1032848
0.1973008 0.1997881 -0.02707076 2342131 0.1597126 0.1559352 0.1031993
0.1973008 0.1997881 -0.02707076 2462215 0.1597126 0.1559352 0.1031993
0.1770867 0.2229304 -0.02576614 2572318 0.1441928 0.1737114 0.1038553
0.1555228 0.2443838 -0.02399215 2682417 0.1277046 0.191085 0.105204
0.1555228 0.2443838 -0.02399215 2792525 0.1277046 0.191085 0.105204
0.131781 0.2654707 -0.02191012 2902620 0.1096504 0.2081357 0.1066557
0.1065663 0.2843099 -0.01998121 3022724 0.09042751 0.2240649 0.108145
0.1065663 0.2843099 -0.01998121 3122806 0.09042751 0.2240649 0.108145
0.07950813 0.3023632 -0.01735136 3242923 0.07015126 0.2393137 0.1100985
0.05173964 0.3179054 -0.01443089 3353022 0.04942881 0.2530371 0.1124273
0.05173964 0.3179054 -0.01443089 3463121 0.04942881 0.2530371 0.1124273
0.02298189 0.3317949 -0.0109604 3573236 0.02783035 0.2648922 0.1147646
-0.00552499 0.3429868 -0.006787239 3693328 0.005932562 0.274474 0.1176353
-0.00552499 0.3429868 -0.006787239 3793419 0.005932562 0.274474 0.1176353
-0.03386354 0.3512088 -0.002281456 3913535 -0.01605789 0.2819718 0.1209883
-0.06242966 0.3566083 0.001945606 4023638 -0.03794137 0.287086 0.1239015
-0.06242966 0.3566083 0.001945606 4133733 -0.03794137 0.287086 0.1239015
-0.09071684 0.3589945 0.005640797 4243833 -0.05979074 0.2898644 0.1263506
-0.1185502 0.3584467 0.009027823 4373942 -0.0813281 0.290418 0.1285806
-0.1185502 0.3584467 0.009027823 4474036 -0.0813281 0.290418 0.1285806
-0.1456301 0.3546246 0.01186365 4584123 -0.1024774 0.2883451 0.1304011
-0.1717314 0.348169 0.01444757 4684221 -0.1230263 0.2837352 0.1318458
-0.1717314 0.348169 0.01444757 4804342 -0.1230263 0.2837352 0.1318458
-0.1974678 0.3381981 0.01623587 4924446 -0.1431183 0.2763575 0.1325464
-0.2222064 0.3256549 0.01767419 5024520 -0.1625795 0.2668499 0.1329689
-0.2222064 0.3256549 0.01767419 5154641 -0.1625795 0.2668499 0.1329689
-0.245935 0.3099178 0.01853907 5254748 -0.1813811 0.2552009 0.1331912
-0.2676142 0.2917678 0.01911892 5364847 -0.1991248 0.2411991 0.1333916
-0.2676142 0.2917678 0.01911892 5474946 -0.1991248 0.2411991 0.1333916
-0.2886839 0.2711279 0.019888 5585037 -0.2160142 0.2249461 0.1334336
-0.3081441 0.2475644 0.02008386 5695133 -0.2315764 0.2062864 0.1329544
-0.3081441 0.2475644 0.02008386 5805240 -0.2315764 0.2062864 0.1329544
-0.3261324 0.2203084 0.02037209 5915327 -0.245557 0.1851689 0.1325285
-0.3409892 0.1945426 0.01990131 6025438 -0.257943 0.1636819 0.131513
-0.3409892 0.1945426 0.01990131 6145534 -0.257943 0.1636819 0.131513
-0.3544097 0.1647096 0.01898685 6285673 -0.2688574 0.1400214 0.1302413
-0.3659056 0.1329516 0.01852982 6355740 -0.2779405 0.114608 0.1291278
-0.3659056 0.1329516 0.01852982 6475828 -0.2779405 0.114608 0.1291278
-0.3748179 0.0996877 0.01829825 6595936 -0.2851558 0.08768809 0.1284026
-0.3805101 0.06424069 0.01839039 6706052 -0.2901198 0.05941641 0.1284475
-0.3805101 0.06424069 0.01839039 6816135 -0.2901198 0.05941641 0.1284475
-0.3843908 0.03006315 0.01893031 6926437 -0.2937129 0.03153276 0.1288466
-0.3857746 -0.006060719 0.019448 7046358 -0.2951856 0.002909541 0.1290811
-0.3857746 -0.006060719 0.019448 7146453 -0.2951856 0.002909541 0.1290811
-0.384468 -0.04254949 0.02046033 7256564 -0.2941567 -0.02625346 0.1294767
-0.3816067 -0.07770216 0.02227072 7396662 -0.2917097 -0.05491054 0.1304619
-0.3816067 -0.07770216 0.02227072 7486747 -0.2917097 -0.05491054 0.1304619
-0.3757434 -0.1120079 0.02493784 7586845 -0.2869282 -0.08300126 0.1325331
-0.3671579 -0.1451997 0.02791682 7706946 -0.2804696 -0.1095659 0.1352556
-0.3671579 -0.1451997 0.02791682 7817045 -0.2804696 -0.1095659 0.1352556
-0.3550518 -0.1785967 0.0304608 7927152 -0.2716941 -0.1356081 0.1377442
-0.3419706 -0.2100766 0.03347215 8037247 -0.2612794 -0.1610334 0.1401958
-0.3419706 -0.2100766 0.03347215 8157352 -0.2612794 -0.1610334 0.1401958
-0.3257366 -0.2397666 0.03639529 8267463 -0.2482171 -0.1851326 0.1427537
-0.3074464 -0.2665005 0.03947939 8377558 -0.2335347 -0.2069476 0.1457656
-0.3074464 -0.2665005 0.03947939 8497650 -0.2335347 -0.2069476 0.1457656
-0.2871533 -0.2901385 0.04256266 8597748 -0.2178391 -0.2257739 0.1491413
-0.2656245 -0.311326 0.04541266 8707848 -0.2009441 -0.2426084 0.1521862
-0.2656245 -0.311326 0.04541266 8847994 -0.2009441 -0.2426084 0.1521862
-0.2419752 -0.330846 0.04791797 8938067 -0.1824295 -0.257875 0.1548562
-0.2181828 -0.3480288 0.05075744 9048150 -0.1631211 -0.2715179 0.1576243
-0.2181828 -0.3480288 0.05075744 9168267 -0.1631211 -0.2715179 0.1576243
-0.1905566 -0.3609198 0.05180933 9278362 -0.1419733 -0.2820553 0.1600974
-0.1636173 -0.3704072 0.05275498 9378444 -0.1211333 -0.2897557 0.1622844
-0.1636173 -0.3704072 0.05275498 9488823 -0.1211333 -0.2897557 0.1622844
-0.1368315 -0.3769035 0.05325476 9608668 -0.1004036 -0.2947457 0.1638412
-0.1095486 -0.3809879 0.05328258 9718759 -0.07954575 -0.2974067 0.1647288
-0.1095486 -0.3809879 0.05328258 9828858 -0.07954575 -0.2974067 0.1647288
-0.08203325 -0.3824215 0.05267056 9978989 -0.05850125 -0.2981329 0.1651336
-0.05738005 -0.3814536 0.05198351 10049052 -0.03793944 -0.297493 0.1654689
-0.05738005 -0.3814536 0.05198351 10159147 -0.03793944 -0.297493 0.1654689
-0.03111267 -0.3773158 0.05053345 10269247 -0.01770644 -0.2942439 0.165536
-0.005001487 -0.3708618 0.04874142 10389371 0.001928973 -0.2888099 0.1650415
-0.005001487 -0.3708618 0.04874142 10489542 0.001928973 -0.2888099 0.1650415
0.02162802 -0.3623698 0.04694898 10609566 0.02115558 -0.2816288 0.1643667
0.04640168 -0.3522818 0.04515967 10719673 0.0398153 -0.2734991 0.1637183
0.04640168 -0.3522818 0.04515967 10829768 0.0398153 -0.2734991 0.1637183
0.06983167 -0.3408241 0.04349498 10939867 0.05769192 -0.2644985 0.1632166
0.09218401 -0.3273789 0.04151479 11080002 0.07459824 -0.2542012 0.162519
0.09218401 -0.3273789 0.04151479 11170063 0.07459824 -0.2542012 0.162519
0.1130683 -0.3130611 0.0394616 11290232 0.0903552 -0.2428898 0.1613892
0.1328292 -0.2981285 0.03754551 11390265 0.1051943 -0.2307099 0.160009
0.1328292 -0.2981285 0.03754551 11500765 0.1051943 -0.2307099 0.160009
0.1510643 -0.2825253 0.03563569 11620485 0.1192621 -0.2183198 0.1588124
0.1677268 -0.2660598 0.03351149 11730580 0.1321488 -0.2056926 0.1575932
0.1677268 -0.2660598 0.03351149 11840675 0.1321488 -0.2056926 0.1575932
0.1835319 -0.2487119 0.03135386 11960791 0.1440222 -0.1924082 0.1561542
0.1980425 -0.2312994 0.02928397 12060865 0.1549256 -0.1786854 0.1544996
0.1980425 -0.2312994 0.02928397 12170969 0.1549256 -0.1786854 0.1544996
0.2111691 -0.2138597 0.02715755 12291085 0.1648396 -0.1649534 0.1527282
0.2240585 -0.1960839 0.02534452 12401184 0.1742967 -0.151297 0.1511386
0.2347112 -0.1793245 0.02359516 12511275 0.1827237 -0.1383909 0.1498013
0.2347112 -0.1793245 0.02359516 12611398 0.1827237 -0.1383909 0.1498013
0.2443918 -0.1633266 0.0219711 12731474 0.1906034 -0.1259779 0.1485339
0.2533489 -0.1481537 0.02040587 12841569 0.1976497 -0.113632 0.1469448
0.2533489 -0.1481537 0.02040587 12981695 0.1976497 -0.113632 0.1469448
0.2613881 -0.1333709 0.01898534 13071776 0.2039081 -0.1016743 0.1454671
0.2687374 -0.1191288 0.01774112 13181880 0.2094842 -0.09017527 0.1440621
0.2687374 -0.1191288 0.01774112 13291979 0.2094842 -0.09017527 0.1440621
0.275062 -0.1055462 0.01638061 13402078 0.214543 -0.07935703 0.1427049
0.275062 -0.1055462 0.01638061 13512185 0.214543 -0.07935703 0.1427049
0.2803206 -0.09296119 0.01490101 13632298 0.2189832 -0.06949532 0.1413657
0.2837774 -0.08207655 0.01297327 13742393 0.2226138 -0.06059635 0.1398743
0.2837774 -0.08207655 0.01297327 13842516 0.2226138 -0.06059635 0.1398743
0.2894393 -0.07000721 0.01188132 13962583 0.2268402 -0.05170238 0.1385799
0.2923703 -0.06062138 0.01029923 14072682 0.2296889 -0.04387105 0.1371721
0.2947081 -0.05226576 0.008650891 14182778 0.2319618 -0.03691483 0.1356686
0.2947081 -0.05226576 0.008650891 14292893 0.2319618 -0.03691483 0.1356686
0.2969887 -0.04391348 0.007120827 14413005 0.2340016 -0.03056347 0.1342454
0.2986518 -0.03671443 0.005655346 14523097 0.2359109 -0.02520216 0.133081
0.2986518 -0.03671443 0.005655346 14633188 0.2359109 -0.02520216 0.133081
0.2992196 -0.03023708 0.003664123 14753296 0.2373717 -0.02059495 0.1316802
0.299767 -0.02433026 0.00188035 14853394 0.2383401 -0.01603568 0.1301932
0.299767 -0.02433026 0.00188035 14963485 0.2383401 -0.01603568 0.1301932
0.2997853 -0.01959538 -0.0002739355 15073576 0.2391342 -0.01202118 0.1284519
0.3003945 -0.01582253 -0.001890814 15183684 0.2396883 -0.008554816 0.1268267
0.3003945 -0.01582253 -0.001890814 15303796 0.2396883 -0.008554816 0.1268267
0.300225 -0.01303649 -0.003546173 15413899 0.2399324 -0.006265759 0.1253926
0.3004186 -0.00997293 -0.004604282 15534024 0.2400529 -0.004346251 0.1243553
0.3004186 -0.00997293 -0.004604282 15644099 0.2400529 -0.004346251 0.1243553
0.3005114 -0.007675767 -0.005824355 15754198 0.2402607 -0.002829909 0.1232207
0.3002156 -0.006042838 -0.007383896 15854288 0.240394 -0.001439214 0.1218695
0.3002156 -0.006042838 -0.007383896 15974425 0.240394 -0.001439214 0.1218695
0.3002923 -0.005066276 -0.008599723 16084504 0.2406511 -0.0004580021 0.1207368
0.3004923 -0.003838062 -0.009466579 16194599 0.2408082 7.152557E-05 0.1198732
0.3004923 -0.003838062 -0.009466579 16314711 0.2408082 7.152557E-05 0.1198732
0.299899 -0.003136754 -0.01058212 16414793 0.2409115 0.0001890659 0.1190931
0.2998292 -0.002589822 -0.01121098 16524892 0.2409731 0.0005825758 0.1185278
0.2998292 -0.002589822 -0.01121098 16645001 0.2409731 0.0005825758 0.1185278
0.2993324 -0.002326369 -0.01186622 16755108 0.240712 0.001169801 0.1179709
0.2988636 -0.002279758 -0.01237513 16865207 0.2404504 0.001534581 0.1175464
0.2988636 -0.002279758 -0.01237513 17005338 0.2404504 0.001534581 0.1175464
0.2985531 -0.002222896 -0.0125598 17085394 0.2401968 0.001471519 0.1173907
0.2982897 -0.002140999 -0.01241263 17195497 0.2398345 0.001346231 0.1174992
0.2982897 -0.002140999 -0.01241263 17315601 0.2398345 0.001346231 0.1174992
0.2980552 -0.00225687 -0.01190851 17425712 0.2391969 0.0008357763 0.1178312
0.2978563 -0.002012968 -0.01123565 17525786 0.2386463 0.0004589558 0.1183572
