0.1492406 -1.538362E-05 0.0002780855 0 0.09880835 0.01519915 0.2263271
0.1492873 0.0008826453 0.0003446192 140118 0.0986081 0.01576385 0.2263046
0.1492873 0.0008826453 0.0003446192 230204 0.0986081 0.01576385 0.2263046
0.1495724 0.002634284 0.0005143583 340303 0.09855758 0.01650282 0.2261972
0.1495074 0.00367906 0.0007168353 450414 0.09831446 0.01712247 0.2263294
0.1495074 0.00367906 0.0007168353 560510 0.09831446 0.01712247 0.2263294
0.1492526 0.005039274 0.0005732924 680618 0.09803914 0.01776442 0.2265243
0.1489682 0.006545982 0.000241518 780700 0.09775757 0.01864275 0.2266586
0.1489682 0.006545982 0.000241518 900809 0.09775757 0.01864275 0.2266586
0.1488372 0.007790545 0.0003723949 1010916 0.09761166 0.0194399 0.2268421
0.1487428 0.009329703 4.626811E-05 1121016 0.09749224 0.02047321 0.2268171
0.1487428 0.009329703 4.626811E-05 1231107 0.09749224 0.02047321 0.2268171
0.1488906 0.01125425 -8.942187E-05 1341210 0.09743926 0.02169057 0.2266672
0.1488672 0.01243088 -4.892051E-05 1461331 0.09729858 0.02268084 0.2266896
0.1488672 0.01243088 -4.892051E-05 1571406 0.09729858 0.02268084 0.2266896
0.148353 0.01444733 -0.00103946 1681517 0.09689381 0.02394983 0.226739
0.1482234 0.01595576 -0.0008336902 1791617 0.09654555 0.02515182 0.2268917
0.1482234 0.01595576 -0.0008336902 1901704 0.09654555 0.02515182 0.2268917
0.1480139 0.0178932 -0.0009132624 2021820 0.09618399 0.0265704 0.227012
0.1477181 0.01999373 -0.0007810593 2131976 0.09577245 0.02805408 0.2272921
0.1477181 0.01999373 -0.0007810593 2242023 0.09577245 0.02805408 0.2272921
0.1470597 0.0223272 -0.001343429 2352114 0.09508666 0.02987143 0.2275583
0.1463898 0.02406811 -0.001792014 2472219 0.09437477 0.03156479 0.2278442
0.1463898 0.02406811 -0.001792014 2572309 0.09437477 0.03156479 0.2278442
0.1463563 0.02680341 -0.001171336 2692438 0.09406325 0.03337058 0.2281135
0.1459344 0.02869977 -0.000966385 2802517 0.09372199 0.03507515 0.228526
0.1459344 0.02869977 -0.000966385 2912616 0.09372199 0.03507515 0.228526
0.1452861 0.03177135 -0.001106784 3022724 0.09341624 0.03691515 0.229057
0.1445444 0.03339945 -0.001164779 3142832 0.09310785 0.03845008 0.2296577
0.1445444 0.03339945 -0.001164779 3252935 0.09310785 0.03845008 0.2296577
0.144513 0.03625114 -0.0009305626 3363031 0.09312346 0.04002365 0.2298315
0.1437185 0.03801828 -0.0008906275 3473130 0.09287303 0.04156645 0.2305375
0.1437185 0.03801828 -0.0008906275 3583229 0.09287303 0.04156645 0.2305375
0.1433305 0.04044322 -0.0008721501 3703334 0.09281259 0.0431213 0.2309122
0.1426905 0.04308182 -0.00107047 3813433 0.0925779 0.0448744 0.2313823
0.1426905 0.04308182 -0.00107047 3923537 0.0925779 0.0448744 0.2313823
0.1417942 0.04536222 -0.001485035 4053666 0.09208709 0.04642376 0.2319281
0.1412661 0.04723682 -0.0010629 4153756 0.09187698 0.04809376 0.2325556
0.1412661 0.04723682 -0.0010629 4253831 0.09187698 0.04809376 0.2325556
0.1406429 0.04990931 -0.001019806 4393961 0.09128743 0.04968938 0.2330248
0.1397976 0.05260188 -0.0008369237 4484054 0.09067585 0.05150565 0.2337464
0.13911 0.05527813 -0.0008795112 4594154 0.09002744 0.05316576 0.2342068
0.13911 0.05527813 -0.0008795112 4724267 0.09002744 0.05316576 0.2342068
0.1379237 0.05756667 -0.001009777 4814332 0.08937561 0.05482622 0.2350797
0.1379237 0.05756667 -0.001009777 4924440 0.08937561 0.05482622 0.2350797
0.1367365 0.060966 -0.001438007 5044544 0.08848909 0.05671295 0.2357379
0.135846 0.06328414 -0.001543567 5154639 0.08775695 0.05843063 0.2363182
0.134864 0.06661893 -0.001455903 5264755 0.08698287 0.06029734 0.2370225
0.134864 0.06661893 -0.001455903 5384847 0.08698287 0.06029734 0.2370225
0.1334089 0.06885713 -0.00201042 5484937 0.08587404 0.06198701 0.2378056
0.1325216 0.0720847 -0.001886457 5605054 0.08503446 0.06375369 0.2384015
0.1325216 0.0720847 -0.001886457 5715145 0.08503446 0.06375369 0.2384015
0.1314399 0.0746116 -0.002265915 5845275 0.08434921 0.06533249 0.238983
0.1300947 0.07714725 -0.002678424 5935364 0.08335947 0.06690987 0.2397013
0.1300947 0.07714725 -0.002678424 6055464 0.08335947 0.06690987 0.2397013
0.1286518 0.08000397 -0.003689095 6175561 0.08235502 0.06857356 0.2401834
0.1271057 0.08305285 -0.004399896 6275655 0.08131132 0.07027289 0.2408534
0.1271057 0.08305285 -0.004399896 6385767 0.08131132 0.07027289 0.2408534
0.1257781 0.08536546 -0.004746839 6495858 0.08020707 0.07177719 0.2415224
0.1241014 0.08849788 -0.005461186 6615958 0.07897213 0.07325121 0.2421911
0.1241014 0.08849788 -0.005461186 6726062 0.07897213 0.07325121 0.2421911
0.1226119 0.09150281 -0.005932108 6826164 0.07770756 0.0748535 0.2428149
0.1205412 0.09415663 -0.006630585 6946272 0.07626384 0.07639774 0.2437665
0.1205412 0.09415663 -0.006630585 7056368 0.07626384 0.07639774 0.2437665
0.1188489 0.09780088 -0.007431179 7176480 0.07443514 0.07829209 0.244193
0.1167817 0.1008158 -0.008195326 7296585 0.07285911 0.0800856 0.2450104
0.1167817 0.1008158 -0.008195326 7396679 0.07285911 0.0800856 0.2450104
0.1144126 0.104318 -0.009050637 7506770 0.07086089 0.08203062 0.2458626
0.1124384 0.1073651 -0.009317666 7616869 0.06914648 0.08370837 0.2467591
0.1124384 0.1073651 -0.009317666 7726973 0.06914648 0.08370837 0.2467591
0.1099347 0.1107764 -0.009872317 7837076 0.06729135 0.08543046 0.2478085
0.1072667 0.1146717 -0.01054895 7947168 0.0651066 0.08736833 0.2487723
0.1072667 0.1146717 -0.01054895 8067284 0.0651066 0.08736833 0.2487723
0.1049742 0.1171131 -0.01065676 8177383 0.0634051 0.08907732 0.2499796
0.1031904 0.1200511 -0.0107712 8287475 0.06166244 0.09091552 0.2507356
0.1031904 0.1200511 -0.0107712 8427601 0.06166244 0.09091552 0.2507356
0.1010172 0.1229379 -0.01096702 8517682 0.06005839 0.09259399 0.2517147
0.09860638 0.1258578 -0.01123996 8627774 0.05873162 0.09431347 0.2528452
0.09860638 0.1258578 -0.01123996 8737885 0.05873162 0.09431347 0.2528452
0.09611213 0.1285843 -0.0117597 8857981 0.05723491 0.09575375 0.253809
0.09387747 0.130735 -0.01203437 8968089 0.05576039 0.09705373 0.2547688
0.09387747 0.130735 -0.01203437 9068175 0.05576039 0.09705373 0.2547688
0.09179293 0.1333445 -0.01195318 9178287 0.05431846 0.09859904 0.2557812
0.08917044 0.1359371 -0.01214597 9298391 0.05275333 0.1000663 0.2569253
0.08917044 0.1359371 -0.01214597 9408494 0.05275333 0.1000663 0.2569253
0.08722058 0.1379472 -0.01181282 9528603 0.05145988 0.1013769 0.2580304
0.08505002 0.1408978 -0.012099 9628685 0.04995662 0.1027636 0.258704
0.08505002 0.1408978 -0.012099 9738780 0.04995662 0.1027636 0.258704
0.08277844 0.1429758 -0.01196362 9878919 0.0486112 0.1039698 0.2598042
0.07984126 0.1454863 -0.01247884 9968984 0.04708612 0.1051205 0.2607646
0.07984126 0.1454863 -0.01247884 10079091 0.04708612 0.1051205 0.2607646
0.07753615 0.1477655 -0.01244976 10189199 0.0457193 0.1064018 0.2617254
0.07540585 0.149667 -0.01243429 10319312 0.04422999 0.1076597 0.2625991
0.07306609 0.1513638 -0.01220205 10409394 0.04275379 0.1086858 0.2636864
0.07306609 0.1513638 -0.01220205 10529498 0.04275379 0.1086858 0.2636864
0.07069699 0.1526246 -0.01194292 10669637 0.04097969 0.1096953 0.2648173
0.06817678 0.1543293 -0.01179577 10749689 0.03923646 0.1106516 0.265833
0.06817678 0.1543293 -0.01179577 10869797 0.03923646 0.1106516 0.265833
0.06589708 0.1557419 -0.01158619 10969887 0.03761701 0.1116157 0.2668133
0.06589708 0.1557419 -0.01158619 11090016 0.03761701 0.1116157 0.2668133
0.06309988 0.1574274 -0.01164585 11200103 0.03603531 0.1124568 0.2677767
0.06127007 0.158199 -0.01123416 11320207 0.03454525 0.11336 0.2687499
0.06127007 0.158199 -0.01123416 11420298 0.03454525 0.11336 0.2687499
0.05935796 0.1592266 -0.01106466 11540422 0.03346873 0.1141647 0.2695788
0.05639734 0.160924 -0.01133761 11650518 0.03176946 0.1150674 0.2703739
0.05639734 0.160924 -0.01133761 11790640 0.03176946 0.1150674 0.2703739
0.05427356 0.1622265 -0.01117004 11870716 0.03029252 0.1159236 0.2711336
0.05232602 0.1629582 -0.01126385 11990813 0.02897097 0.1163524 0.2716756
0.04991562 0.1642076 -0.01147564 12110925 0.02742414 0.1169936 0.2722127
0.04991562 0.1642076 -0.01147564 12201023 0.02742414 0.1169936 0.2722127
0.04804182 0.1652854 -0.01174663 12321119 0.02612756 0.1174732 0.2724946
0.04599762 0.1658707 -0.01180893 12421205 0.02471191 0.1179469 0.2730533
0.04599762 0.1658707 -0.01180893 12551322 0.02471191 0.1179469 0.2730533
0.04312494 0.1675835 -0.01234171 12651409 0.0230001 0.1186248 0.2733325
0.04112256 0.168091 -0.01264742 12761524 0.02163134 0.1189769 0.2736476
0.04112256 0.168091 -0.01264742 12881629 0.02163134 0.1189769 0.2736476
0.03835049 0.1692096 -0.01318438 12991720 0.01985032 0.1191717 0.2738036
0.03553529 0.169432 -0.0134494 13101819 0.01804785 0.1190787 0.2742354
0.03553529 0.169432 -0.0134494 13251959 0.01804785 0.1190787 0.2742354
0.03374544 0.1702139 -0.01411366 13472158 0.01601733 0.1192525 0.2739706
0.03010119 0.1708645 -0.01463974 13692356 0.01373891 0.1194597 0.2742938
0.02510155 0.1723575 -0.01500145 13932581 0.00955848 0.1201307 0.2747035
0.02239095 0.17286 -0.01514255 14162777 0.007642042 0.1202507 0.2749424
0.01684612 0.1734286 -0.0149146 14372958 0.003815722 0.1202689 0.275703
0.01353086 0.1737026 -0.01491383 14614281 0.001834315 0.1204158 0.2760504
0.01192165 0.173669 -0.01443121 14823377 0.000244123 0.1206463 0.2765624
0.006447891 0.1739208 -0.0142117 15033567 -0.003425258 0.1208998 0.2771094
0.003229477 0.1736241 -0.01390816 15283780 -0.005358623 0.1208711 0.27754
0.001218016 0.1732223 -0.0137926 15483981 -0.007081346 0.1207907 0.2777302
-0.001889573 0.1736153 -0.0133995 15704164 -0.009104716 0.1210534 0.2780173
-0.007043046 0.173077 -0.01285148 15954385 -0.01295213 0.1212999 0.2785064
-0.009349864 0.1727621 -0.01253998 16154566 -0.01498635 0.1213045 0.2786942
-0.0150416 0.1724001 -0.01210718 16394799 -0.01920946 0.1214252 0.2787475
-0.01730403 0.1720387 -0.01207201 16615002 -0.02102767 0.1212825 0.2786151
-0.01986374 0.1716766 -0.01186912 16835192 -0.02299859 0.1211806 0.2785484
-0.02393288 0.1705572 -0.01196682 17075417 -0.02624263 0.120678 0.2781066
-0.02638986 0.1696196 -0.01175649 17275602 -0.02811853 0.1203477 0.2780375
-0.02835515 0.1693233 -0.01168175 17495776 -0.02946304 0.1201106 0.2777903
-0.03277911 0.1676364 -0.01172951 17725988 -0.03252827 0.1189533 0.2770771
-0.03471452 0.1666198 -0.01184884 17946191 -0.03388185 0.1180999 0.2766343
-0.03723948 0.1653431 -0.01203322 18176391 -0.03553106 0.1172677 0.2760635
-0.04071087 0.1634846 -0.01291464 18396593 -0.03842379 0.1159396 0.2747412
-0.04243828 0.1625853 -0.01343894 18626817 -0.03999819 0.1151305 0.2739503
-0.04458786 0.1620151 -0.01319045 18867030 -0.04159363 0.1144703 0.273549
-0.04847804 0.159905 -0.0137409 19057185 -0.044668 0.1127272 0.2721515
-0.05012536 0.1587068 -0.01421276 19297423 -0.04592334 0.1118973 0.2714081
-0.05180272 0.1580002 -0.01487927 19527618 -0.04698886 0.1109901 0.2703819
-0.05574113 0.1561919 -0.0152902 19727803 -0.04935281 0.109233 0.2688518
-0.05787446 0.1552043 -0.01536044 19958006 -0.05062805 0.1084364 0.2681311
-0.05972377 0.1540977 -0.01540592 20188214 -0.05189617 0.1076337 0.267522
-0.06360232 0.1525986 -0.01515165 20408417 -0.05504141 0.1064509 0.2663756
-0.06566183 0.1513738 -0.01512174 20638613 -0.05655974 0.1057937 0.2657386
-0.06777596 0.1504917 -0.01492657 20869019 -0.05794593 0.1052571 0.2651272
-0.07152715 0.1484486 -0.01463443 21069001 -0.06072446 0.1041472 0.264004
-0.0730107 0.1477964 -0.01456292 21299221 -0.06213359 0.1035949 0.2634564
-0.07575345 0.1466296 -0.01381792 21539438 -0.06381067 0.103155 0.2629283
-0.07884785 0.1443401 -0.01376539 21769649 -0.06662017 0.1021981 0.2618555
-0.08061481 0.1431029 -0.01351094 21969814 -0.06771404 0.1015187 0.2613171
-0.08190576 0.1423223 -0.01353742 22190025 -0.06876595 0.1008814 0.2607232
-0.0851621 0.1401469 -0.01298787 22420220 -0.07096279 0.09942409 0.2596519
-0.08662216 0.1388421 -0.01286656 22650448 -0.07194319 0.09871753 0.2591204
-0.08971291 0.1358374 -0.01240687 22860626 -0.0742631 0.09714111 0.2581189
-0.09159185 0.13467 -0.01188917 23090846 -0.0753521 0.09629258 0.2575258
-0.09240811 0.1331936 -0.01207845 23311032 -0.07633984 0.09542092 0.2570894
-0.09379487 0.131866 -0.01177235 23531223 -0.07738067 0.09438022 0.256594
-0.0963497 0.1286714 -0.01125781 23761439 -0.07917261 0.09247478 0.2557526
-0.09751194 0.1275235 -0.01122008 24001668 -0.08029159 0.09172352 0.2552099
-0.1000074 0.1240256 -0.01044898 24231871 -0.08211589 0.08985349 0.254566
-0.1004096 0.1231284 -0.01117897 24432052 -0.0827615 0.08879813 0.2538493
-0.1014453 0.1216683 -0.01100402 24662244 -0.08369835 0.08791109 0.2534639
-0.1047934 0.1187198 -0.009241685 24872445 -0.08587317 0.08614095 0.2527916
-0.1064038 0.1175069 -0.008887574 25102653 -0.08709121 0.08541425 0.2521259
-0.1067892 0.116262 -0.00976868 25362892 -0.08786557 0.08446964 0.2514115
-0.1099222 0.1133922 -0.008384958 25543047 -0.08982883 0.08278092 0.2505161
-0.1110817 0.1121744 -0.008370593 25783276 -0.0908049 0.08177742 0.2498359
-0.112579 0.1099883 -0.008276418 26003458 -0.09180752 0.08053371 0.2490908
-0.114587 0.1074682 -0.007945389 26213648 -0.09365453 0.07863721 0.2481089
-0.1162608 0.1052297 -0.007253781 26454031 -0.09491383 0.07781502 0.2476524
-0.1176675 0.1034889 -0.006827042 26674079 -0.09610639 0.07673558 0.2470818
-0.1204358 0.1006259 -0.006171972 26894266 -0.09806333 0.07482895 0.2457465
-0.1215607 0.09930413 -0.006297499 27134475 -0.09893059 0.07370456 0.2449377
-0.1226722 0.09752878 -0.006022006 27344676 -0.1001117 0.07279893 0.2444752
-0.1249637 0.09432485 -0.005679056 27554870 -0.1023288 0.07083853 0.243276
-0.1259173 0.09338875 -0.00600189 27785078 -0.1030843 0.06992229 0.2424259
-0.1267597 0.09151206 -0.005870193 28015282 -0.1037063 0.06864794 0.2419855
-0.1288171 0.08903048 -0.005885005 28255490 -0.1048805 0.06652363 0.2405481
-0.1291994 0.08727501 -0.006397948 28465692 -0.1050294 0.06527575 0.240039
-0.1301722 0.0856356 -0.006521404 28705893 -0.1054953 0.06421884 0.2393343
-0.1316273 0.08251859 -0.006233916 28906081 -0.1065025 0.06195351 0.2385426
-0.1324871 0.08144833 -0.005930498 29126280 -0.1069921 0.06087836 0.2380814
-0.1323998 0.08028923 -0.00681296 29376518 -0.1068925 0.05957469 0.2376236
-0.1341482 0.07688467 -0.005897328 29566686 -0.1080079 0.05731591 0.236983
-0.1351116 0.07528719 -0.005659133 29806903 -0.1087875 0.05617436 0.2364577
-0.1361266 0.07350353 -0.004757658 30027085 -0.1097924 0.05498251 0.2362754
-0.1378344 0.06968189 -0.003435284 30247292 -0.1118589 0.05255874 0.2358949
-0.1382632 0.06860194 -0.003156081 30467491 -0.1125467 0.05129513 0.2357131
-0.1395668 0.06660225 -0.001814663 30687701 -0.1136993 0.05007323 0.2355291
-0.1412571 0.06335884 -0.0004276931 30917897 -0.1158221 0.04775044 0.235088
-0.141457 0.06153705 -0.0007111132 31168119 -0.1166662 0.04645856 0.2348635
-0.1428269 0.0582186 0.0001990497 31368312 -0.1184218 0.04413637 0.2343959
-0.1439155 0.05674328 0.001300335 31588502 -0.1196456 0.04317793 0.2341771
-0.1442566 0.05461394 0.001630709 31838736 -0.1200795 0.04172357 0.2341509
-0.1450728 0.05176376 0.001755998 32028916 -0.1214035 0.03972599 0.2336624
-0.1458549 0.05088213 0.002495199 32289134 -0.1219101 0.03882273 0.233412
-0.1457004 0.04968941 0.00181374 32479306 -0.121989 0.03786096 0.2332066
-0.1460116 0.04835435 0.002068385 32699509 -0.1224706 0.03702768 0.2331403
-0.1458869 0.04577868 0.001435056 32929713 -0.1224702 0.03507432 0.232958
-0.1459728 0.04496143 0.0013576 33149911 -0.1223681 0.03418442 0.2328368
-0.1457889 0.04346295 0.0006891489 33370114 -0.1220547 0.03306469 0.2326494
-0.145665 0.04155153 -0.0002431273 33590309 -0.1217121 0.03140172 0.2322523
-0.1452785 0.0404153 -0.001134545 33830517 -0.1213242 0.03029546 0.2320701
-0.14549 0.03771377 -0.001859367 34070758 -0.1205842 0.02825054 0.2315238
-0.1451503 0.03655009 -0.002569795 34270931 -0.1201216 0.0270265 0.2313889
-0.1454112 0.03485842 -0.002500132 34511148 -0.1200604 0.02576789 0.2312412
-0.145329 0.03190671 -0.003474474 34711312 -0.1196301 0.0234079 0.2307841
-0.1456736 0.02988181 -0.003749847 34951549 -0.1195534 0.02199563 0.2303817
-0.1457141 0.02851324 -0.004245311 35191754 -0.1194945 0.02085718 0.2300788
-0.1464206 0.0248686 -0.004267961 35391926 -0.1199071 0.01790699 0.2295357
-0.1464267 0.02226242 -0.004584178 35612149 -0.1200145 0.01614126 0.2293851
-0.1468963 0.02091778 -0.004398614 35852358 -0.1205436 0.01478204 0.2291197
-0.1472634 0.01713261 -0.004611805 36052543 -0.1209037 0.01164874 0.2287298
-0.1478556 0.01437215 -0.004076689 36282755 -0.1212901 0.01008567 0.2285968
-0.1485827 0.01308339 -0.003248125 36532960 -0.1217927 0.008718099 0.228476
-0.1486649 0.007782428 -0.003289029 36733141 -0.1224337 0.005446877 0.2284368
-0.1492166 0.007051119 -0.002573013 36953352 -0.1228463 0.004158106 0.228382
-0.1490306 0.003767459 -0.002336308 37183543 -0.1230785 0.002269115 0.2286887
-0.1491061 0.0003674752 -0.002044424 37403758 -0.1236112 -0.0004262066 0.2288013
-0.1488974 -0.001224922 -0.002236813 37653976 -0.1237059 -0.001719508 0.2288664
-0.1487229 -0.005445407 -0.002392799 37854156 -0.1238374 -0.004467044 0.2289197
-0.1482211 -0.008014439 -0.003039494 38074363 -0.1235214 -0.006041083 0.2289488
-0.1482686 -0.009818944 -0.003130808 38324593 -0.1233061 -0.007546816 0.2288544
-0.1474768 -0.01504861 -0.004263431 38524766 -0.1220067 -0.01078311 0.2288002
-0.1475616 -0.01669253 -0.004646212 38764991 -0.1215866 -0.01217929 0.2285074
-0.1469241 -0.01946273 -0.005522966 38965159 -0.1207318 -0.0138847 0.2284781
-0.1471813 -0.02064755 -0.005126849 39195371 -0.120422 -0.01516512 0.2285031
-0.1458133 -0.02512409 -0.007021725 39415566 -0.1195097 -0.01808253 0.2284344
-0.1462541 -0.02706289 -0.006684929 39645915 -0.1195734 -0.01940099 0.2282632
-0.1454244 -0.02946491 -0.007657647 39865976 -0.1191321 -0.02076546 0.2282993
-0.1456385 -0.03258822 -0.007377177 40086171 -0.1189887 -0.02318254 0.2282675
-0.1454063 -0.03423664 -0.007613406 40326379 -0.1188437 -0.02435556 0.2282882
-0.1457569 -0.03800296 -0.006973535 40546598 -0.1190894 -0.02714458 0.2283349
-0.1458716 -0.03912304 -0.006507531 40766789 -0.11907 -0.02823582 0.2285108
-0.1458187 -0.04129924 -0.006288022 40976975 -0.1191163 -0.02978614 0.22864
-0.1451552 -0.04412143 -0.007240266 41197181 -0.1190421 -0.03132382 0.2285322
-0.1457946 -0.04580821 -0.005167246 41427409 -0.1197081 -0.03380493 0.2292667
-0.1456244 -0.04765822 -0.004754618 41687608 -0.1199327 -0.03527561 0.2296083
-0.1450207 -0.05084866 -0.003922686 41867787 -0.1202167 -0.03803387 0.2305235
-0.1449332 -0.05196158 -0.003277406 42128017 -0.1205401 -0.0391883 0.2309594
-0.1444331 -0.05381338 -0.003196746 42328202 -0.1204989 -0.04051891 0.2313608
-0.1432038 -0.05788039 -0.002898961 42548393 -0.1202492 -0.04339948 0.2323985
-0.1429742 -0.05877637 -0.002629682 42788630 -0.1201196 -0.04459217 0.2327587
-0.1425706 -0.06022456 -0.002172664 43018825 -0.1200372 -0.04604378 0.233335
-0.1410349 -0.06371738 -0.002078325 43249025 -0.1195021 -0.04864303 0.2345138
-0.1402456 -0.06547968 -0.002051935 43439197 -0.1191437 -0.04993573 0.2351
-0.1397348 -0.06705481 -0.001577094 43669408 -0.1191022 -0.05116525 0.2357333
-0.1379667 -0.0704056 -0.001508445 43909621 -0.1182194 -0.0539619 0.2370888
-0.1374408 -0.07182909 -0.001486227 44109802 -0.1177895 -0.05516974 0.237484
-0.1366324 -0.07432326 -0.001585096 44340018 -0.117143 -0.05664805 0.237933
-0.1348676 -0.07877398 -0.002405792 44560216 -0.1163422 -0.0591642 0.2385744
-0.1344241 -0.08055912 -0.00260587 44800437 -0.1160386 -0.06043783 0.2387307
-0.1333744 -0.08331574 -0.002973795 45120718 -0.1154217 -0.06179395 0.2391213
-0.1315077 -0.08813757 -0.004064798 45350942 -0.1139304 -0.06457976 0.2395956
-0.1294619 -0.09236768 -0.004123464 45561120 -0.1128173 -0.06728604 0.2408321
-0.1283433 -0.09443037 -0.004275307 45781326 -0.1125548 -0.06841174 0.2414031
-0.1270397 -0.09681444 -0.00445509 46031548 -0.1121231 -0.06963935 0.2420408
-0.1243153 -0.1007993 -0.004784018 46231721 -0.1109431 -0.071978 0.2434875
-0.1228257 -0.1032633 -0.004803658 46451915 -0.1102098 -0.07321373 0.2442906
-0.1219036 -0.1044943 -0.004498616 46702153 -0.1096252 -0.07448831 0.2451223
-0.1189426 -0.1084632 -0.004347429 46902314 -0.1083441 -0.0769805 0.2469474
-0.1168747 -0.1107253 -0.004877776 47132534 -0.1074023 -0.07810083 0.2477832
-0.115497 -0.1125842 -0.00476858 47362741 -0.1070304 -0.07913819 0.2485785
-0.1121449 -0.1159833 -0.004484653 47572939 -0.1054828 -0.08123663 0.2506393
-0.1104991 -0.1177267 -0.003965244 47823145 -0.1046379 -0.08267024 0.2519369
-0.1062744 -0.1207381 -0.003888011 48023325 -0.1028901 -0.08486882 0.2544075
-0.1045603 -0.1217628 -0.003575623 48273616 -0.1019807 -0.0858734 0.2556388
-0.1020793 -0.1236788 -0.003464997 48473740 -0.1009131 -0.08690705 0.2569634
-0.09962195 -0.1257258 -0.00326401 48713969 -0.09967103 -0.08792368 0.2582645
-0.09449816 -0.1287266 -0.003169209 48914129 -0.09704771 -0.08961072 0.2608545
-0.09210572 -0.1298689 -0.002691984 49144337 -0.09557056 -0.09051028 0.2624024
-0.08914122 -0.1307335 -0.002467692 49404572 -0.0941515 -0.09124032 0.264052
-0.08360159 -0.1322774 -0.001995355 49584747 -0.09092773 -0.09267727 0.2671202
-0.08076047 -0.1332474 -0.001786545 49824971 -0.08942275 -0.09307399 0.2684434
-0.07830997 -0.134194 -0.001421213 50035153 -0.08790178 -0.09342495 0.2696588
-0.07195771 -0.135799 -0.001297563 50265357 -0.08408415 -0.09432235 0.2723022
-0.06896337 -0.1365352 -0.001251146 50485551 -0.0820125 -0.09471264 0.2734751
-0.06624963 -0.136881 -0.00112991 50835872 -0.08004058 -0.09501412 0.2746343
-0.0571962 -0.1403233 -0.001263991 51046073 -0.07353853 -0.0958853 0.2770251
-0.05492819 -0.1415627 -0.001162171 51286286 -0.07153554 -0.09625401 0.2776015
-0.05214565 -0.1422757 -0.00136511 51486451 -0.06950001 -0.09663799 0.2782184
-0.04808619 -0.1435588 -0.000986442 51716675 -0.0660939 -0.09756342 0.2795896
-0.04578802 -0.1442938 -0.0008187592 51936865 -0.06432443 -0.09815684 0.2802834
-0.04392622 -0.1446776 -0.0006865263 52167065 -0.06290688 -0.09846583 0.2808278
-0.03970848 -0.1456233 -0.0002826899 52397281 -0.05971515 -0.09905115 0.2819761
-0.03747572 -0.1458311 8.687377E-05 52607474 -0.05817851 -0.09935751 0.2827162
-0.03558658 -0.1465819 0.0002539009 52837678 -0.05675646 -0.0996454 0.2830429
-0.03124497 -0.1475964 0.0006438494 53087908 -0.05352819 -0.1002709 0.2839307
-0.0297104 -0.1482916 0.0008265376 53278075 -0.05189027 -0.1006091 0.2842447
-0.0270034 -0.1487978 0.001235008 53508291 -0.05001066 -0.10098 0.2848243
-0.02264827 -0.1493847 0.002068713 53748500 -0.04632301 -0.1018004 0.2860439
-0.02059198 -0.149408 0.002368137 53948681 -0.04463515 -0.1021794 0.2865964
-0.01800358 -0.1494071 0.002801731 54198919 -0.04283936 -0.1024694 0.2871662
-0.01401588 -0.1496049 0.003778681 54529213 -0.03959296 -0.102615 0.2880422
-0.01025317 -0.149835 0.004561976 54729381 -0.03630264 -0.1029368 0.2887655
-0.008437036 -0.1498674 0.004785001 54949596 -0.03449954 -0.1029972 0.2890165
-0.006151611 -0.149418 0.004949123 55179792 -0.03269998 -0.1031417 0.289359
-0.003188169 -0.1485379 0.00537008 55399986 -0.0297503 -0.1030823 0.2900253
-0.001587884 -0.1483309 0.005651414 55740306 -0.02828793 -0.1030411 0.2902556
0.003063234 -0.1480208 0.005938366 55990523 -0.02426307 -0.1028449 0.2902944
0.006813268 -0.1471895 0.006210208 56180707 -0.02073069 -0.1024113 0.2904286
0.009380885 -0.1465254 0.00611569 56420912 -0.01852603 -0.1020233 0.2902479
0.01089898 -0.1466095 0.005994961 56641110 -0.01681386 -0.1017803 0.2899719
0.01427151 -0.1461489 0.00626269 56881339 -0.01451008 -0.1011404 0.2895226
0.01824596 -0.1459284 0.0053709 57101538 -0.01044293 -0.1002411 0.2882834
0.01988067 -0.1456336 0.004980192 57301711 -0.008725539 -0.09974936 0.2877784
0.02188044 -0.145496 0.004664153 57531922 -0.006942407 -0.09936777 0.2871606
0.02642045 -0.1451602 0.003421068 57752125 -0.003039406 -0.09848323 0.2853348
0.02845998 -0.1453141 0.003476456 57972312 -0.001355664 -0.09790375 0.2846269
0.03077916 -0.1447826 0.003185615 58202519 0.0003391932 -0.09733132 0.2838486
0.03351008 -0.1438837 0.001994401 58422726 0.00327049 -0.09615329 0.282545
0.03572025 -0.142875 0.001949936 58672948 0.004979295 -0.09554663 0.2820672
0.03903992 -0.1411959 0.001589254 59003238 0.00750066 -0.09388736 0.2808943
0.04205212 -0.1393271 0.0009550899 59353562 0.01009045 -0.09188226 0.2796192
0.04611346 -0.1367311 0.00128901 59673839 0.01318557 -0.08980301 0.2786449
0.04903971 -0.1343823 0.0006429553 59874028 0.015786 -0.0875732 0.2773899
0.05084366 -0.1334348 0.0003538132 60124270 0.01708181 -0.08661392 0.276545
0.05267135 -0.1316186 0.0007863641 60464569 0.01848517 -0.08516183 0.2762285
0.05577642 -0.1291335 0.0005431026 60654732 0.0211593 -0.08284846 0.2750219
0.06026132 -0.1258471 0.001044899 60894941 0.02445901 -0.08056942 0.2737665
0.06096213 -0.1246627 0.0006159097 61255274 0.02545596 -0.07935038 0.2733479
0.06441989 -0.1218914 0.0007410645 61575567 0.02826885 -0.07676998 0.2720128
0.06844839 -0.1199427 0.0010432 61915870 0.0315123 -0.07478479 0.2703515
0.07200542 -0.1174976 0.0006316751 62246173 0.03428549 -0.07253972 0.2685248
0.07623436 -0.1153106 0.001404271 62446349 0.03746966 -0.07065478 0.2668861
0.07829548 -0.1144174 0.001607761 62686566 0.03905005 -0.06991044 0.2659703
0.08192109 -0.1131589 0.00237073 63026877 0.04215649 -0.06853881 0.2644435
0.08554037 -0.1117923 0.00325039 63377189 0.04554296 -0.06732956 0.2630619
0.08956373 -0.1109231 0.004105508 63687461 0.04931653 -0.06633964 0.2612584
0.09321825 -0.1098716 0.004777551 64027768 0.05280722 -0.06563011 0.2596738
0.09717336 -0.107766 0.005842805 64358078 0.05597124 -0.06463793 0.2581007
0.1005 -0.1052372 0.006823346 64688364 0.05879546 -0.06301144 0.2567738
0.1035855 -0.1017033 0.008566797 65028688 0.06187567 -0.06108775 0.2562142
0.1058569 -0.09699345 0.009193987 65358982 0.0639731 -0.05841914 0.2558115
0.1086579 -0.09174176 0.01026976 65609216 0.06647891 -0.05545941 0.2552412
0.1097706 -0.08916884 0.0104223 65799367 0.06764886 -0.05375805 0.2549435
0.1106404 -0.08673627 0.01035845 66029587 0.06854567 -0.05185333 0.2545883
0.1134317 -0.08113129 0.01065868 66259803 0.07081637 -0.04791573 0.2533566
0.1148856 -0.07866452 0.01095341 66590093 0.0720799 -0.04594007 0.2526491
0.1176824 -0.07404975 0.01132001 66920399 0.0744653 -0.04206398 0.2511037
0.1207822 -0.06881741 0.01076367 67260694 0.07652545 -0.03808358 0.2489281
0.1233468 -0.06456464 0.009859249 67501085 0.0781939 -0.03432122 0.2467704
0.1261871 -0.05957407 0.009772167 67831217 0.07983232 -0.03066054 0.2448342
0.128461 -0.05465772 0.007930547 68041398 0.08091915 -0.02706829 0.2426002
0.129825 -0.05279557 0.007325485 68371696 0.08146507 -0.02526799 0.2412251
0.1327086 -0.04906071 0.00678812 68621930 0.08298244 -0.02218107 0.2388033
0.1341607 -0.04686133 0.006238863 68962241 0.0837905 -0.02065948 0.2375667
0.1364953 -0.04313771 0.004403949 69272517 0.08462578 -0.01733485 0.2349562
0.1390073 -0.03986588 0.003443077 69602816 0.08561537 -0.01451722 0.2325392
0.1411774 -0.03499707 0.001973391 69963137 0.08618695 -0.01107541 0.230349
0.142548 -0.02980514 0.0004744977 70283418 0.08627528 -0.007745299 0.2288453
0.1435849 -0.02495252 -0.001084447 70613724 0.08576419 -0.003869686 0.2273117
0.1448297 -0.02009664 -0.002375022 70954035 0.08583098 8.341311E-05 0.2258122
0.1466229 -0.01470887 -0.002490625 71284333 0.08632258 0.004149046 0.2243689
0.1487056 -0.01031993 -0.001674712 71614635 0.08777406 0.007822838 0.2231278
0.1505324 -0.005274111 -0.002718121 71964955 0.08911341 0.01158055 0.2215344
0.1524592 -0.001424589 -0.00283815 72285232 0.09009743 0.01447412 0.2200086
0.1540584 0.003846735 -0.003850222 72635540 0.08996128 0.01749572 0.2183381
0.1547774 0.007950712 -0.005446553 72985852 0.08976664 0.02022275 0.2172084
0.1563113 0.01062424 -0.005776405 73316158 0.08955898 0.02236613 0.2156309
0.1565612 0.013611 -0.007307112 73666466 0.08885282 0.02401837 0.2148349
