0.1503449 -9.769157E-05 -0.002485871 0 0.017643 -0.0005861854 0.1781186
0.1504739 0.0001822487 -0.002126679 130134 0.01800054 -0.0005640125 0.1782001
0.1506454 0.0002270458 -0.002094373 220207 0.0182555 -0.0006201601 0.1782318
0.1506454 0.0002270458 -0.002094373 340327 0.0182555 -0.0006201601 0.1782318
0.1507698 0.0006599003 -0.001891375 450406 0.01847779 -0.0003866291 0.1782244
0.1509499 0.0007572116 -0.001825616 560522 0.0186572 -0.0002423858 0.1781435
0.1509499 0.0007572116 -0.001825616 670617 0.0186572 -0.0002423858 0.1781435
0.151008 0.0009407469 -0.001735196 780709 0.0187385 -7.072448E-05 0.1781163
0.151047 0.001049569 -0.001552939 890812 0.01880991 0.000140276 0.1780693
0.151047 0.001049569 -0.001552939 1000911 0.01880991 0.000140276 0.1780693
0.1510804 0.001378677 -0.001285672 1131033 0.01886537 0.0002225303 0.1779732
0.1511954 0.002069733 -0.001033902 1231115 0.01902767 0.0005893373 0.1778853
0.1511954 0.002069733 -0.001033902 1341210 0.01902767 0.0005893373 0.1778853
0.1511372 0.002989799 -0.0008759648 1471328 0.01903849 0.001063909 0.1779101
0.1512886 0.004174231 -0.001044452 1571418 0.01916524 0.001668539 0.1778917
0.1512886 0.004174231 -0.001044452 1681521 0.01916524 0.001668539 0.1778917
0.1511756 0.004816878 -0.0009925067 1811639 0.01925778 0.002063598 0.1781369
0.1509541 0.006088542 -0.0008893162 1901724 0.01912417 0.002724972 0.1782451
0.1509541 0.006088542 -0.0008893162 2011811 0.01912417 0.002724972 0.1782451
0.1508196 0.007389246 -0.000919506 2121923 0.01903819 0.003465023 0.1783337
0.1507875 0.008692909 -0.0008533299 2242027 0.01909377 0.004377451 0.1784017
0.1507875 0.008692909 -0.0008533299 2352123 0.01909377 0.004377451 0.1784017
0.1505224 0.01078799 -0.0005373508 2462226 0.01895072 0.005539503 0.1784482
0.1502953 0.01169344 -0.0004744828 2572329 0.01888993 0.006501402 0.1786903
0.1502953 0.01169344 -0.0004744828 2682437 0.01888993 0.006501402 0.1786903
0.149997 0.01351169 -0.0007554889 2792532 0.01857668 0.007631149 0.17884
0.1497035 0.01546627 -0.0008777231 2912632 0.01849198 0.008772816 0.1791704
0.1497035 0.01546627 -0.0008777231 3022728 0.01849198 0.008772816 0.1791704
0.1491758 0.01713573 -0.0005739331 3132823 0.01827105 0.01003155 0.1795396
0.1488502 0.0186205 -0.0003270358 3242947 0.01826468 0.0112842 0.1798977
0.1488502 0.0186205 -0.0003270358 3353026 0.01826468 0.0112842 0.1798977
0.1486076 0.02119126 4.294515E-05 3473138 0.01836746 0.01255723 0.1801174
0.1479923 0.02175093 0.0005851388 3583242 0.01818591 0.01372084 0.1806587
0.1479923 0.02175093 0.0005851388 3693337 0.01818591 0.01372084 0.1806587
0.1475562 0.02442892 0.001270488 3803444 0.01825326 0.01516518 0.1809958
0.1470879 0.02620494 0.001083195 3923549 0.01796433 0.01656112 0.1813968
0.1470879 0.02620494 0.001083195 4023635 0.01796433 0.01656112 0.1813968
0.1467775 0.02827256 0.001221389 4143748 0.01782849 0.01817998 0.1815979
0.1464248 0.03010641 0.0009825528 4273857 0.01755607 0.01972553 0.1818715
0.1464248 0.03010641 0.0009825528 4363934 0.01755607 0.01972553 0.1818715
0.1459984 0.03174764 0.001804203 4474050 0.01773068 0.02127334 0.1823801
0.1456103 0.03399882 0.001793206 4614168 0.01754125 0.02291747 0.1826736
0.1456103 0.03399882 0.001793206 4694248 0.01754125 0.02291747 0.1826736
0.1452446 0.03553641 0.001991078 4814357 0.01743554 0.02439352 0.1830156
0.1448583 0.03734995 0.001877144 4944458 0.01724597 0.02588483 0.183382
0.1448583 0.03734995 0.001877144 5044548 0.01724597 0.02588483 0.183382
0.1441529 0.03963528 0.002367541 5144647 0.01664724 0.02747175 0.1834487
0.1435032 0.04143729 0.002856418 5264751 0.01654285 0.02899798 0.1840826
0.1435032 0.04143729 0.002856418 5374863 0.01654285 0.02899798 0.1840826
0.1427863 0.0428152 0.003259867 5494959 0.0163215 0.0304664 0.1847736
0.1422808 0.04572679 0.003387764 5605062 0.01614251 0.03223559 0.1851079
0.1422808 0.04572679 0.003387764 5705144 0.01614251 0.03223559 0.1851079
0.1413919 0.04724535 0.003647745 5815260 0.015706 0.03386339 0.1858755
0.1407588 0.04943447 0.003798917 5935360 0.01544055 0.03540906 0.1863708
0.1407588 0.04943447 0.003798917 6045460 0.01544055 0.03540906 0.1863708
0.1397535 0.05183656 0.004069448 6155571 0.01480495 0.03706595 0.1869291
0.1389139 0.05432361 0.003972799 6275667 0.01435082 0.03878959 0.187589
0.1389139 0.05432361 0.003972799 6395768 0.01435082 0.03878959 0.187589
0.1380191 0.05636313 0.003549099 6495874 0.01356369 0.04043254 0.1881272
0.1369759 0.05871591 0.002936348 6605965 0.01254746 0.04211839 0.1886345
0.1369759 0.05871591 0.002936348 6726078 0.01254746 0.04211839 0.1886345
0.135868 0.06141304 0.00329265 6826168 0.01192867 0.04404863 0.1893205
0.1346082 0.06367312 0.002858639 6946273 0.0108453 0.04571792 0.1900218
0.1346082 0.06367312 0.002858639 7056364 0.0108453 0.04571792 0.1900218
0.1332173 0.06654187 0.002829909 7166463 0.009828233 0.04773435 0.1907896
0.1316893 0.06979264 0.002338588 7276571 0.008538865 0.04969534 0.1915039
0.1316893 0.06979264 0.002338588 7386658 0.008538865 0.04969534 0.1915039
0.1302571 0.07257259 0.002400696 7496777 0.007510537 0.0516214 0.1922693
0.1287326 0.07511018 0.002265811 7616890 0.006330365 0.05357047 0.1931312
0.1273431 0.07714433 0.002470031 7716960 0.005402559 0.05534967 0.1940519
0.1273431 0.07714433 0.002470031 7857090 0.005402559 0.05534967 0.1940519
0.1258347 0.08012187 0.001859605 7947168 0.004153573 0.05716523 0.1948165
0.1258347 0.08012187 0.001859605 8067292 0.004153573 0.05716523 0.1948165
0.1244412 0.08276181 0.001913667 8197406 0.003237212 0.05911502 0.1956883
0.1228299 0.08528285 0.001774371 8287479 0.002145702 0.0608358 0.1967254
0.1214686 0.08743033 0.001674578 8397594 0.001123214 0.06244548 0.1975062
0.1214686 0.08743033 0.001674578 8517691 0.001123214 0.06244548 0.1975062
0.1199578 0.09006269 0.001726866 8627790 0.0002289057 0.06412991 0.1985055
0.1186619 0.09263251 0.002168879 8727880 -0.0005591869 0.0659407 0.1992087
0.1186619 0.09263251 0.002168879 8847985 -0.0005591869 0.0659407 0.1992087
0.1174815 0.09552681 0.001364321 8958096 -0.001578218 0.06769045 0.1997332
0.116209 0.09704041 0.001693517 9068187 -0.002495146 0.06940611 0.2005868
0.116209 0.09704041 0.001693517 9178291 -0.002495146 0.06940611 0.2005868
0.114943 0.09989122 0.001538441 9288382 -0.003278857 0.0711964 0.2013359
0.1136742 0.102326 0.00108926 9398494 -0.004297173 0.07269415 0.2019262
0.1136742 0.102326 0.00108926 9508585 -0.004297173 0.07269415 0.2019262
0.112192 0.1048357 0.001574084 9628685 -0.005137419 0.0743558 0.2027935
0.1106508 0.1067991 0.001798496 9738793 -0.00612325 0.0758961 0.2038149
0.1106508 0.1067991 0.001798496 9848888 -0.00612325 0.0758961 0.2038149
0.1090146 0.1094663 0.001726955 9958991 -0.007321661 0.07759376 0.20461
0.1072971 0.1121484 0.001712903 10069095 -0.008575177 0.07937678 0.2054654
0.1072971 0.1121484 0.001712903 10179186 -0.008575177 0.07937678 0.2054654
0.1055692 0.1149594 0.001175895 10299298 -0.0100354 0.08115394 0.2061821
0.1037817 0.117876 0.001382694 10429416 -0.01127393 0.08300134 0.2070029
0.1037817 0.117876 0.001382694 10519493 -0.01127393 0.08300134 0.2070029
0.1013829 0.121305 -0.0006627142 10629596 -0.01327628 0.08442672 0.2081417
0.09971754 0.1232107 0.0007686615 10769719 -0.01452807 0.08643206 0.2088493
0.09971754 0.1232107 0.0007686615 10859800 -0.01452807 0.08643206 0.2088493
0.09736758 0.1267312 -0.0007916242 10969904 -0.01638818 0.08795365 0.2098751
0.09560549 0.129285 -0.0007934868 11080003 -0.01782844 0.08966692 0.2105071
0.09560549 0.129285 -0.0007934868 11200111 -0.01782844 0.08966692 0.2105071
0.09391327 0.131918 -0.0007424802 11310211 -0.01931692 0.09158083 0.2109969
0.09140633 0.1359668 -0.002482131 11410301 -0.02125568 0.09322949 0.2119257
0.09140633 0.1359668 -0.002482131 11550436 -0.02125568 0.09322949 0.2119257
0.089371 0.1385652 -0.003191337 11640517 -0.02313319 0.09479912 0.2124956
0.08742919 0.1410047 -0.002746329 11750608 -0.0250704 0.0965478 0.2126781
0.08742919 0.1410047 -0.002746329 11860707 -0.0250704 0.0965478 0.2126781
0.08453134 0.1453085 -0.005121678 11970799 -0.02744481 0.09809311 0.2135185
0.0824417 0.1483423 -0.005873159 12090911 -0.02944053 0.09968933 0.213754
0.0824417 0.1483423 -0.005873159 12201027 -0.02944053 0.09968933 0.213754
0.08052756 0.1498886 -0.005237952 12311130 -0.03147588 0.1012313 0.2140092
0.07789196 0.1532643 -0.006582811 12431218 -0.03394577 0.1026896 0.2143386
0.07789196 0.1532643 -0.006582811 12541330 -0.03394577 0.1026896 0.2143386
0.0753398 0.1559874 -0.007606477 12661434 -0.0362632 0.1038912 0.2147917
0.0723583 0.1589169 -0.008528322 12761520 -0.03897581 0.1050888 0.2152126
0.0723583 0.1589169 -0.008528322 12871620 -0.03897581 0.1050888 0.2152126
0.06963892 0.1609254 -0.009222135 12981719 -0.04154221 0.1059947 0.215635
0.06631583 0.1640808 -0.01086393 13101827 -0.04448715 0.1066526 0.2158684
0.06631583 0.1640808 -0.01086393 13221948 -0.04448715 0.1066526 0.2158684
0.06298707 0.1659679 -0.01116136 13322034 -0.04744974 0.1074141 0.2164695
0.05911139 0.1684491 -0.01224521 13432130 -0.05072001 0.1079706 0.2170945
0.05911139 0.1684491 -0.01224521 13542237 -0.05072001 0.1079706 0.2170945
0.05569354 0.1703067 -0.01296653 13652316 -0.05360338 0.1082331 0.2175701
0.0511557 0.1716895 -0.01342933 13772429 -0.0570679 0.1080843 0.2187552
0.0511557 0.1716895 -0.01342933 13892549 -0.0570679 0.1080843 0.2187552
0.04700138 0.1737206 -0.01443352 13992639 -0.06009647 0.1079086 0.219514
0.04276185 0.1755154 -0.01575279 14102731 -0.06329566 0.1076041 0.2200906
0.04276185 0.1755154 -0.01575279 14212854 -0.06329566 0.1076041 0.2200906
0.03908508 0.1763363 -0.01619914 14322938 -0.06609938 0.1073093 0.2207958
0.03479458 0.1772468 -0.01698506 14443034 -0.06966853 0.1070975 0.2212572
0.03479458 0.1772468 -0.01698506 14553141 -0.06966853 0.1070975 0.2212572
0.03097501 0.1776692 -0.01767521 14663245 -0.0729464 0.1067935 0.2215745
0.02650554 0.1776422 -0.01811066 14773336 -0.07659656 0.106173 0.2221799
0.02650554 0.1776422 -0.01811066 14883447 -0.07659656 0.106173 0.2221799
0.02254833 0.1776407 -0.0183486 15023558 -0.07988077 0.1056362 0.2225722
0.01811022 0.1775025 -0.01897976 15113643 -0.08332777 0.1048413 0.2230549
0.0137464 0.1771173 -0.01885924 15223738 -0.08682853 0.1040166 0.223538
0.0137464 0.1771173 -0.01885924 15353872 -0.08682853 0.1040166 0.223538
0.008997845 0.1764899 -0.0188954 15453950 -0.09048751 0.1030893 0.224168
0.004371215 0.1754966 -0.01892638 15554036 -0.0941053 0.1018924 0.2246265
0.004371215 0.1754966 -0.01892638 15684162 -0.0941053 0.1018924 0.2246265
-0.0007285739 0.1752204 -0.01918714 15784244 -0.09782498 0.1008858 0.2249636
-0.005469155 0.1739312 -0.0190421 15904357 -0.1017344 0.100009 0.2253405
-0.005469155 0.1739312 -0.0190421 16014452 -0.1017344 0.100009 0.2253405
-0.01047928 0.1729814 -0.01891398 16114546 -0.1055302 0.09906741 0.2257325
-0.01531764 0.1718807 -0.01848798 16224638 -0.109367 0.0981985 0.2260415
-0.01531764 0.1718807 -0.01848798 16344758 -0.109367 0.0981985 0.2260415
-0.02025717 0.1701958 -0.01827423 16464854 -0.1130104 0.09711679 0.2265826
-0.02547293 0.1691589 -0.01750721 16574962 -0.1170253 0.09627029 0.2268898
-0.02547293 0.1691589 -0.01750721 16675068 -0.1170253 0.09627029 0.2268898
-0.03074863 0.1676611 -0.01691177 16795160 -0.1208837 0.09520718 0.2272759
-0.03074863 0.1676611 -0.01691177 16915289 -0.1208837 0.09520718 0.2272759
-0.03563984 0.1661063 -0.01638791 17015355 -0.1246634 0.09428664 0.2273931
-0.04027062 0.1640242 -0.01555653 17125450 -0.1285608 0.09345777 0.2276015
-0.04450184 0.1622172 -0.0147789 17265589 -0.1322679 0.09278114 0.2275617
-0.04450184 0.1622172 -0.0147789 17365692 -0.1322679 0.09278114 0.2275617
-0.04901922 0.1603332 -0.014008 17475767 -0.1357909 0.09183128 0.2276489
-0.05311341 0.1584574 -0.01339279 17635927 -0.1390798 0.09093102 0.2275398
-0.05773124 0.1566343 -0.01285432 17836100 -0.1424971 0.09007295 0.2273968
-0.06168664 0.1549959 -0.01214653 18056311 -0.1457385 0.0891883 0.2269954
-0.06542555 0.1523968 -0.01163445 18306532 -0.1488767 0.08823165 0.2268074
-0.07334972 0.1474737 -0.009757832 18506701 -0.155556 0.08640119 0.2264977
-0.07675673 0.1455748 -0.00883767 18726892 -0.1587524 0.08568629 0.2259731
-0.08037609 0.1429338 -0.008162677 18947098 -0.1616854 0.08463892 0.2256611
-0.08743753 0.1381404 -0.007050902 19167305 -0.1668407 0.08245047 0.2248424
-0.08965077 0.135838 -0.006321982 19397501 -0.1689557 0.08119471 0.2245007
-0.09225412 0.1331352 -0.005618542 19627713 -0.1712985 0.0798579 0.2241154
-0.09673046 0.1276269 -0.004144505 19837906 -0.1755646 0.07738837 0.2236926
-0.09953211 0.1253508 -0.00395143 20088140 -0.1772342 0.07601734 0.223079
-0.1025126 0.122701 -0.003634632 20298314 -0.1788568 0.07435652 0.2225836
-0.1061823 0.1180477 -0.003756374 20518516 -0.1815903 0.07140406 0.2209493
-0.1087186 0.115711 -0.003494605 20768746 -0.1832276 0.06984171 0.2201261
-0.1105557 0.113412 -0.003229171 20958926 -0.1848813 0.06812163 0.2191927
-0.1152625 0.1080384 -0.002707094 21189126 -0.1883482 0.06470629 0.217337
-0.1184581 0.1054126 -0.002664492 21409320 -0.1898872 0.06307372 0.2161743
-0.1201325 0.1028684 -0.00267978 21639540 -0.1911131 0.06136664 0.2152662
-0.1248942 0.09792963 -0.002724752 21879749 -0.1940584 0.05812892 0.2127223
-0.1266715 0.09442046 -0.002768412 22079938 -0.1955116 0.05629166 0.2117576
-0.128411 0.09237774 -0.002903283 22310137 -0.1968678 0.05495867 0.2104253
-0.1328894 0.08629087 -0.003034994 22540345 -0.1988323 0.05137023 0.2084708
-0.1346838 0.08393494 -0.003272101 22750535 -0.1996084 0.04960355 0.2073132
-0.1362427 0.08143476 -0.003676042 22990760 -0.2001673 0.04780444 0.2062099
-0.1396878 0.07655703 -0.004124254 23220951 -0.2012924 0.0441378 0.2041468
-0.1406964 0.07425995 -0.004417792 23431161 -0.2018776 0.04246529 0.2032218
-0.1421588 0.07102503 -0.004403368 23651356 -0.2025407 0.04041561 0.2025429
-0.1438163 0.06538256 -0.004471868 23891577 -0.2035477 0.03628525 0.2014851
-0.1452386 0.06316636 -0.004026636 24101750 -0.2043064 0.03459593 0.2010099
-0.1463541 0.05960731 -0.003936157 24331978 -0.204947 0.03266748 0.2005799
-0.148205 0.05465002 -0.003919378 24542156 -0.2061314 0.02906712 0.19929
-0.1488811 0.05198804 -0.003780633 24782364 -0.2067704 0.02719983 0.1988618
-0.1501509 0.0496404 -0.003385186 24992554 -0.2076367 0.02533897 0.1982422
-0.1515338 0.04357309 -0.003007531 25212757 -0.2089105 0.02130541 0.1975322
-0.1528298 0.04021006 -0.002666771 25462974 -0.2095482 0.01929935 0.1971309
-0.1536433 0.03360506 -0.002528891 25663179 -0.2106104 0.01479205 0.1964935
-0.154093 0.0302887 -0.002278194 25883370 -0.2111394 0.01259204 0.1963573
-0.1539947 0.02668791 -0.00214453 26103561 -0.211432 0.01005265 0.1964857
-0.1540187 0.02338841 -0.00218603 26333768 -0.2113492 0.007672753 0.1966095
-0.153246 0.01738558 -0.00173445 26573989 -0.2124249 0.003350344 0.1968743
-0.1524899 0.01406305 -0.001770094 26784175 -0.2123586 0.001147833 0.1973294
-0.1517145 0.007972822 -0.001899436 26994365 -0.2118255 -0.003345523 0.1980609
-0.149791 0.0040235 -0.002716586 27244594 -0.210998 -0.005670461 0.1986383
-0.1493216 0.0002316175 -0.00295347 27454792 -0.2104886 -0.008323702 0.1990112
-0.1483901 -0.003935579 -0.003327802 27674987 -0.2097734 -0.01097504 0.1995626
-0.147719 -0.009326486 -0.003347248 27895194 -0.2089712 -0.01589015 0.2004212
-0.1462714 -0.01137385 -0.003732666 28125385 -0.2086388 -0.01777771 0.20075
-0.1452825 -0.0185612 -0.003536478 28345576 -0.2086999 -0.02275291 0.2013929
-0.144523 -0.02236122 -0.003057852 28565787 -0.2089316 -0.02513567 0.2021054
-0.1435669 -0.02499242 -0.00290072 28795998 -0.2089664 -0.02725044 0.2026044
-0.1427844 -0.0308748 -0.001993924 29026202 -0.2094797 -0.0314695 0.2035989
-0.1422546 -0.0337728 -0.001726642 29236380 -0.2094375 -0.03332106 0.2041355
-0.142153 -0.03595667 -0.001238838 29456595 -0.2096895 -0.03500107 0.2045679
-0.139696 -0.04091619 -0.0007089376 29686815 -0.2094829 -0.03899947 0.2061322
-0.1384975 -0.04308359 -0.000713557 29906993 -0.2087386 -0.04066864 0.2070582
-0.1383674 -0.04526233 -8.46982E-05 30157219 -0.2091804 -0.04280069 0.2075222
-0.1362639 -0.04902328 9.11355E-05 30357399 -0.208301 -0.04616657 0.2090131
-0.1354604 -0.05168936 0.0004050881 30597624 -0.2082649 -0.04776779 0.20961
-0.1344089 -0.05389463 0.0003594756 30807810 -0.2080072 -0.04935709 0.2100005
-0.1328369 -0.05913236 0.001093507 31028009 -0.2078931 -0.05284873 0.211291
-0.1321854 -0.06155793 0.001271874 31278226 -0.2077149 -0.05473724 0.2117707
-0.1310326 -0.06396769 0.001472563 31488444 -0.20728 -0.05653039 0.2125828
-0.129805 -0.06952179 0.001701117 31698614 -0.2066789 -0.06027821 0.2134604
-0.129445 -0.072176 0.001856446 31918813 -0.2065871 -0.06194702 0.2137016
-0.1276477 -0.07518433 0.001541018 32149024 -0.2060263 -0.06396702 0.2139989
-0.1257054 -0.08151139 0.001514912 32369207 -0.2049941 -0.06818524 0.214886
-0.12488 -0.08446407 0.001731515 32599423 -0.2046013 -0.07020071 0.2154737
-0.123646 -0.08750803 0.001862437 32819638 -0.2040634 -0.07225671 0.2161076
-0.1200818 -0.09264875 0.001593009 33069843 -0.2027384 -0.0758988 0.2170434
-0.1187149 -0.09507138 0.001304746 33260011 -0.2018655 -0.07752183 0.2174149
-0.1175517 -0.09824231 0.001847178 33490239 -0.2014448 -0.07946172 0.2182861
-0.1139922 -0.1034508 0.001792014 33740456 -0.1995799 -0.08302656 0.2196512
-0.1127814 -0.1056647 0.00210768 33930624 -0.1992355 -0.0850245 0.2202915
-0.1112614 -0.1079721 0.002061203 34160836 -0.1982824 -0.08671751 0.2209387
-0.10709 -0.1137326 0.001946464 34401044 -0.1958061 -0.09029105 0.2223494
-0.105294 -0.116241 0.001788959 34601229 -0.1945647 -0.09187213 0.2229294
-0.1023817 -0.1187317 0.001640245 34841446 -0.1929639 -0.09364548 0.2237339
-0.09736316 -0.1234122 0.001309752 35051636 -0.1897015 -0.09688368 0.2252513
-0.09526741 -0.1256518 0.001332939 35281851 -0.1881886 -0.09849623 0.2261354
-0.09194219 -0.1274871 0.001136914 35502050 -0.1863065 -0.09981695 0.2268018
-0.08770782 -0.1309473 0.0007434934 35722249 -0.1831288 -0.1020433 0.2279382
-0.08501425 -0.1329159 0.0008079708 35952449 -0.1814789 -0.1032063 0.2285348
-0.08276507 -0.1340408 0.0006790012 36162646 -0.1799837 -0.1041469 0.2290426
-0.07792211 -0.1364425 0.0006498247 36402867 -0.1766939 -0.1057304 0.2301786
-0.075303 -0.1376391 0.0006765723 36613037 -0.1748825 -0.1064768 0.2307692
-0.07097286 -0.139148 0.001130089 36843261 -0.1718573 -0.107899 0.2322876
-0.06840631 -0.1384779 0.0009825081 37063459 -0.1701129 -0.1079153 0.2328508
-0.0658538 -0.1389521 0.001668647 37293651 -0.1687038 -0.1083905 0.2336303
-0.06063233 -0.1385493 0.002628356 37533876 -0.1654055 -0.1089877 0.2353238
-0.05779349 -0.1385961 0.003421336 37734060 -0.163551 -0.1094394 0.2364109
-0.05615064 -0.1384278 0.003387243 37964264 -0.1620668 -0.1096025 0.2370056
-0.05095108 -0.138971 0.004409686 38204485 -0.158297 -0.1105542 0.2385256
-0.04818099 -0.1392692 0.004585758 38434685 -0.1562337 -0.1110741 0.2389021
-0.04587705 -0.1399215 0.004607409 38634869 -0.1543105 -0.1116189 0.239172
-0.04141562 -0.1424609 0.004030496 38855088 -0.1499847 -0.112965 0.2393259
-0.03878919 -0.1437279 0.004209295 39075267 -0.147631 -0.1139392 0.2397448
-0.03643673 -0.1449337 0.003866851 39325484 -0.145345 -0.1145298 0.2396926
-0.03159544 -0.1471381 0.003357053 39525685 -0.140768 -0.1161126 0.2397375
-0.02949342 -0.1478522 0.003027454 39745880 -0.138724 -0.1163843 0.2396214
-0.02705576 -0.1484313 0.003109455 39996114 -0.1368452 -0.1170414 0.2394432
-0.02294516 -0.1502338 0.002553925 40196295 -0.132763 -0.117903 0.239213
-0.02085645 -0.1508185 0.002426937 40436491 -0.1308138 -0.118154 0.2390752
-0.01878648 -0.1514953 0.001960367 40656706 -0.1287671 -0.1182429 0.2386986
-0.01462588 -0.1527417 0.001133233 40867046 -0.1247932 -0.1186751 0.237941
-0.01224451 -0.1536759 0.001183182 41117109 -0.1227082 -0.1191405 0.2375761
-0.01026425 -0.1542383 0.0005173534 41317290 -0.1207676 -0.1194809 0.2371207
-0.006206819 -0.1555205 -0.0001549125 41537477 -0.1168895 -0.1195932 0.2361662
-0.004442446 -0.1568146 -0.0008983165 41787727 -0.1149101 -0.1200325 0.2357053
-0.0001593306 -0.1571193 -0.001195997 41987895 -0.1110343 -0.1202454 0.2350503
0.002019572 -0.1571025 -0.001375452 42218091 -0.1091469 -0.1201778 0.2345463
0.00347835 -0.1573849 -0.001641303 42438306 -0.1075453 -0.1201067 0.2344401
0.005323324 -0.157087 -0.001591936 42658500 -0.1058253 -0.1198875 0.2343043
0.009184188 -0.1551252 -0.0008550584 42908722 -0.1024446 -0.1193377 0.2344864
0.01169788 -0.1534089 -0.0002916753 43098894 -0.1004552 -0.1189302 0.2344398
0.0133233 -0.1529998 -0.0002828389 43359141 -0.09875664 -0.1185693 0.2344451
0.01740595 -0.150223 0.0003864616 43559329 -0.09504038 -0.1172915 0.2344815
0.01943271 -0.1486763 0.001135439 43779512 -0.09323388 -0.11663 0.2346256
0.02129412 -0.1475672 0.001457796 44039755 -0.09131578 -0.1158704 0.2347389
0.02588253 -0.1436133 0.002595574 44219913 -0.08732906 -0.1141059 0.2345268
0.02742794 -0.1429103 0.002047092 44460138 -0.08556733 -0.1131472 0.2342605
0.03130085 -0.1408651 0.002678141 44690334 -0.08161414 -0.1115927 0.2340738
0.03388498 -0.1382219 0.003797412 44890515 -0.0793772 -0.1104952 0.2340272
0.03562917 -0.1376817 0.003558338 45140761 -0.07750466 -0.1097816 0.233679
0.0395687 -0.1351439 0.004102722 45381277 -0.0734362 -0.1077146 0.2332796
0.04150074 -0.1334681 0.004466072 45561124 -0.07148877 -0.1067843 0.2332053
0.04353089 -0.1315133 0.005114242 45801527 -0.06956053 -0.1056928 0.2330254
0.04677109 -0.129148 0.005884126 46011530 -0.06616226 -0.1039123 0.232748
0.04838251 -0.1279804 0.005751729 46261748 -0.06440148 -0.1029603 0.232547
0.05004674 -0.1266261 0.006021664 46461945 -0.06275067 -0.1019477 0.2322187
0.05302293 -0.1250689 0.005485505 46682139 -0.05963871 -0.09996238 0.2312473
0.05469977 -0.1240761 0.00554578 46902334 -0.05802983 -0.09894004 0.2306326
0.05600357 -0.1235849 0.00513415 47142571 -0.05679596 -0.09811607 0.2299406
0.05878337 -0.1226368 0.00458777 47472845 -0.05398929 -0.09654537 0.2287975
0.06139008 -0.1229008 0.003854454 47713070 -0.05123541 -0.09513834 0.2274628
0.06298886 -0.1222148 0.003075436 47913254 -0.04966289 -0.09447709 0.2268615
0.0642201 -0.1221835 0.003006145 48133449 -0.04843244 -0.09390035 0.2262607
0.06666347 -0.1217373 0.002399683 48383667 -0.04592443 -0.09281805 0.2252931
0.06842532 -0.1206364 0.002362743 48583860 -0.04435623 -0.09224907 0.2246641
0.06977905 -0.1205256 0.002188757 48824072 -0.04300642 -0.09163442 0.2240287
0.07214434 -0.1196048 0.001050487 49024253 -0.04087702 -0.09018818 0.2227362
0.07394966 -0.1182704 0.001728192 49254465 -0.03907639 -0.08944169 0.2223648
0.0749423 -0.1181542 0.0009251237 49504687 -0.03815928 -0.08877411 0.2217418
0.07811918 -0.1165041 0.001235247 49694846 -0.03515017 -0.08729329 0.2205345
0.08013514 -0.1156778 0.001009375 49925054 -0.0333713 -0.08648673 0.2195673
0.08201157 -0.1151689 0.000782609 50155270 -0.03176314 -0.08574977 0.2185209
0.08530767 -0.1147104 0.0001675338 50365443 -0.02880595 -0.08447567 0.2167342
0.08715528 -0.1144128 -0.0003874153 50625690 -0.02720121 -0.08387187 0.2157497
0.09078399 -0.1130596 -0.0003857166 50825875 -0.02399257 -0.08260813 0.2140279
0.09254352 -0.1128396 -0.001469433 51056087 -0.02268798 -0.08174732 0.2127878
0.09428002 -0.1123976 -0.002238438 51296295 -0.02123198 -0.08088961 0.2118305
0.09777547 -0.1106977 -0.002321258 51496488 -0.01843247 -0.0791457 0.2098142
0.09953333 -0.1092529 -0.002519697 51736693 -0.01714942 -0.07818559 0.2088424
0.1012184 -0.1085522 -0.003369287 51946886 -0.0160108 -0.07730356 0.2077156
0.1049177 -0.1066069 -0.004306644 52157072 -0.01338846 -0.07514182 0.2053243
0.1066801 -0.10531 -0.003694937 52377271 -0.01191724 -0.07425836 0.2043995
0.1083979 -0.1050828 -0.004435197 52627489 -0.0106625 -0.07324997 0.2032109
0.1099938 -0.1043347 -0.005191922 52947782 -0.009721761 -0.0723199 0.2020411
0.1151642 -0.1005408 -0.005260751 53188002 -0.006057983 -0.06916586 0.1988199
0.1170772 -0.1003394 -0.005288973 53388183 -0.004495805 -0.06833807 0.197621
0.1187566 -0.09897094 -0.005192935 53638405 -0.003223693 -0.06742445 0.1967184
0.1220373 -0.0969666 -0.005146295 53838590 -0.000688439 -0.06583205 0.1949152
0.1234632 -0.0957957 -0.004967645 54058788 0.0005171841 -0.06505004 0.1942617
0.125015 -0.09426613 -0.004130945 54289000 0.001902426 -0.06421354 0.193486
0.128082 -0.09198418 -0.003892154 54509199 0.004425878 -0.06253925 0.1919541
0.1297936 -0.09050487 -0.003573403 54759416 0.005663449 -0.0615553 0.1908697
0.1309808 -0.08917783 -0.00326106 55090079 0.006829166 -0.06056014 0.1904338
0.1340137 -0.08593793 -0.002630875 55289903 0.009322667 -0.05863848 0.1889378
0.1368503 -0.08271374 -0.001811162 55530278 0.0118021 -0.05646268 0.1875383
0.1384417 -0.08108924 -0.001763314 55770333 0.01308223 -0.05525628 0.186743
0.1400281 -0.07882833 -0.001628146 55970522 0.01425331 -0.05390051 0.1859183
0.1424313 -0.07500613 -0.001352727 56180711 0.0159544 -0.05093423 0.1844122
0.14366 -0.07220434 -0.001499861 56410923 0.01651245 -0.04915443 0.1835518
0.1447674 -0.06953184 -0.001337752 56651136 0.01731777 -0.04730526 0.1829639
0.1464733 -0.063867 -0.001222745 56981438 0.0183629 -0.04322508 0.1819499
0.1480274 -0.05892284 -0.001354471 57311736 0.01933431 -0.03902045 0.1809896
0.1493796 -0.05322772 -0.0007060319 57551945 0.02055963 -0.03504268 0.1804609
0.1503941 -0.05056766 -0.0007859915 57882231 0.0212801 -0.03288808 0.1799252
0.1521682 -0.04488912 0.0003307611 58092432 0.02301251 -0.02857867 0.1790527
0.1530344 -0.04167618 0.0009184331 58342666 0.02396327 -0.02634016 0.1787681
0.1545089 -0.03596026 0.00106369 58692978 0.02537104 -0.02226344 0.1783944
0.1559563 -0.02922834 0.002105534 58983232 0.02686178 -0.01746932 0.1777704
0.1572868 -0.022935 0.002302974 59333540 0.02769249 -0.01245883 0.1768361
0.1581884 -0.0161165 0.002338707 59653837 0.02829149 -0.007273826 0.1763566
0.1589782 -0.009766689 0.002572536 59994144 0.02897649 -0.002383742 0.1760024
0.1600567 -0.003093771 0.002083808 60214343 0.02941918 0.002495255 0.1752776
0.1605903 -0.0002314006 0.002235427 60454556 0.0297476 0.004854288 0.1748344
0.1611984 0.005194359 0.00127095 60814885 0.02933343 0.009430494 0.1739817
0.1617834 0.01075027 -8.386374E-05 61135182 0.02910786 0.01348087 0.17356
0.1611601 0.01627043 0.0005629212 61475485 0.0288535 0.01672586 0.1739167
0.1608941 0.02005159 2.454221E-05 61785761 0.02841839 0.01945731 0.1740546
0.1604535 0.02146781 0.0003994256 62116072 0.0280666 0.02055606 0.1741272
