0.1528126 0.007863689 -0.005466312 0 0.0228526 0.01370944 0.1811789
0.1529911 0.007852946 -0.005100548 90077 0.02326392 0.01414371 0.1812187
0.1529911 0.007852946 -0.005100548 210173 0.02326392 0.01414371 0.1812187
0.1531476 0.008434719 -0.004890248 320269 0.02350925 0.01467567 0.1811956
0.1531127 0.009243751 -0.004750952 440389 0.02353881 0.01531922 0.1812395
0.1531127 0.009243751 -0.004750952 540467 0.02353881 0.01531922 0.1812395
0.1531286 0.01106745 -0.004242241 660588 0.02369644 0.01620299 0.1812756
0.1530888 0.0124133 -0.004119053 770679 0.02367607 0.01681941 0.1813064
0.1530888 0.0124133 -0.004119053 880778 0.02367607 0.01681941 0.1813064
0.1531281 0.01405725 -0.004008174 990886 0.02372997 0.01786258 0.1812986
0.1530949 0.0156872 -0.004049167 1111023 0.02376401 0.01883186 0.1814156
0.1530949 0.0156872 -0.004049167 1211081 0.02376401 0.01883186 0.1814156
0.1531467 0.01708615 -0.003749982 1331193 0.02390846 0.01985084 0.1814121
0.1533 0.01864627 -0.004043996 1441280 0.02407594 0.02089805 0.1814799
0.1533 0.01864627 -0.004043996 1551388 0.02407594 0.02089805 0.1814799
0.1532116 0.02118771 -0.003900647 1661479 0.02400454 0.02219067 0.1815084
0.1532462 0.02366471 -0.003821209 1781595 0.02392293 0.0239757 0.1813604
0.1532462 0.02366471 -0.003821209 1891695 0.02392293 0.0239757 0.1813604
0.1529196 0.02637976 -0.004035905 2001810 0.02363079 0.02571382 0.1815769
0.1525986 0.02851961 -0.004180253 2121902 0.02339655 0.02711144 0.1818164
0.1525986 0.02851961 -0.004180253 2222009 0.02339655 0.02711144 0.1818164
0.1522672 0.03089545 -0.003845587 2332096 0.02320637 0.02923745 0.1819676
0.1519014 0.03430518 -0.004180759 2472223 0.02295052 0.03110576 0.1822844
0.1514121 0.03589226 -0.003959656 2562304 0.02270194 0.03282757 0.1826329
0.1514121 0.03589226 -0.003959656 2672403 0.02270194 0.03282757 0.1826329
0.1508368 0.03902395 -0.004072055 2812530 0.0222877 0.03459364 0.1829914
0.1499518 0.04192422 -0.00358285 2892598 0.02184854 0.03700283 0.1835872
0.1499518 0.04192422 -0.00358285 3012706 0.02184854 0.03700283 0.1835872
0.1487799 0.04552562 -0.00322096 3122802 0.02120948 0.03919042 0.1843682
0.1487799 0.04552562 -0.00322096 3232913 0.02120948 0.03919042 0.1843682
0.1476564 0.04820008 -0.003400773 3342996 0.0204709 0.04103249 0.1851646
0.1467862 0.05109198 -0.002902076 3453104 0.02014782 0.04318803 0.1858437
0.1467862 0.05109198 -0.002902076 3563203 0.02014782 0.04318803 0.1858437
0.1457252 0.05362773 -0.002828315 3683316 0.01966834 0.04511624 0.1867605
0.1444657 0.05652929 -0.001898259 3793419 0.01932007 0.04748185 0.1878539
0.1444657 0.05652929 -0.001898259 3913531 0.01932007 0.04748185 0.1878539
0.1431309 0.05914665 -0.001857117 4013618 0.01850645 0.04957853 0.1888282
0.141805 0.06179078 -0.00160259 4123709 0.01794968 0.05147847 0.1899824
0.141805 0.06179078 -0.00160259 4233804 0.01794968 0.05147847 0.1899824
0.1405648 0.06488924 -0.001152694 4353909 0.01733314 0.05363696 0.1908772
0.1392907 0.06782916 -0.0003599972 4464016 0.01698351 0.05575253 0.1920223
0.1392907 0.06782916 -0.0003599972 4574115 0.01698351 0.05575253 0.1920223
0.1378904 0.07052918 -2.114475E-05 4694228 0.01635254 0.05781988 0.1932008
0.1366576 0.07300469 0.0004095584 4804331 0.01570976 0.05993289 0.1941387
0.1350938 0.07543574 0.0002325624 4914423 0.01479858 0.06177835 0.1954036
0.1350938 0.07543574 0.0002325624 5024526 0.01479858 0.06177835 0.1954036
0.1335748 0.07820585 0.0007078946 5134625 0.01395542 0.06379976 0.1964848
0.1318793 0.08142191 0.0008539557 5244725 0.01295725 0.06578605 0.1976621
0.1318793 0.08142191 0.0008539557 5364833 0.01295725 0.06578605 0.1976621
0.1302884 0.08414258 0.0008416027 5474924 0.01184965 0.06789228 0.1987029
0.1286012 0.08635511 0.0007864982 5585036 0.01070308 0.06971162 0.199892
0.1286012 0.08635511 0.0007864982 5695127 0.01070308 0.06971162 0.199892
0.1268719 0.08925033 0.001247078 5805226 0.009747711 0.07158291 0.2011151
0.1250327 0.09145909 0.001360089 5915334 0.008338064 0.07351175 0.20223
0.1250327 0.09145909 0.001360089 6025437 0.008338064 0.07351175 0.20223
0.1232239 0.0941702 0.002008379 6145525 0.007401227 0.07558031 0.203631
0.1210967 0.09680679 0.001979232 6255633 0.005851062 0.07723998 0.2049132
0.1210967 0.09680679 0.001979232 6375741 0.005851062 0.07723998 0.2049132
0.1189671 0.09953815 0.001722232 6475840 0.004300062 0.07898623 0.206233
0.1168998 0.101217 0.001535669 6585939 0.002785535 0.08034195 0.207629
0.1168998 0.101217 0.001535669 6726057 0.002785535 0.08034195 0.207629
0.1145846 0.1042784 0.001298547 6816147 0.001119973 0.08218069 0.2090158
0.1123743 0.1065554 0.001349941 6916229 -0.0006230415 0.08392451 0.2102674
0.1123743 0.1065554 0.001349941 7036329 -0.0006230415 0.08392451 0.2102674
0.110109 0.1085653 0.001394913 7156454 -0.002446298 0.08550621 0.2115384
0.1074194 0.1122111 0.0001222789 7266545 -0.004666784 0.08716688 0.2127684
0.1074194 0.1122111 0.0001222789 7376661 -0.004666784 0.08716688 0.2127684
0.1046712 0.1143719 0.0002519637 7496765 -0.006915002 0.08863569 0.2141761
0.1019513 0.1159138 0.000260368 7596851 -0.009256829 0.08998287 0.2155838
0.1019513 0.1159138 0.000260368 7706934 -0.009256829 0.08998287 0.2155838
0.09900099 0.1182491 0.0006582737 7847065 -0.01158436 0.09142746 0.2171105
0.09577967 0.1206749 0.0004065782 7927149 -0.01415364 0.09276938 0.2187591
0.09577967 0.1206749 0.0004065782 8047250 -0.01415364 0.09276938 0.2187591
0.09242415 0.1223859 0.0003364682 8177359 -0.01687136 0.09373184 0.2205034
0.08903135 0.1249799 0.0002751499 8267461 -0.0194241 0.0947638 0.2222001
0.08903135 0.1249799 0.0002751499 8377564 -0.0194241 0.0947638 0.2222001
0.0858738 0.1262046 0.0004235208 8487655 -0.02204761 0.09586632 0.2239064
0.08259618 0.1276437 0.0009689331 8607768 -0.02464927 0.09696195 0.2257339
0.08259618 0.1276437 0.0009689331 8717847 -0.02464927 0.09696195 0.2257339
0.07925224 0.1291878 0.001137748 8827966 -0.02725283 0.09773546 0.2275015
0.07589475 0.1304518 0.00127098 8948054 -0.0300046 0.09844666 0.2291767
0.07589475 0.1304518 0.00127098 9058162 -0.0300046 0.09844666 0.2291767
0.07268897 0.1311087 0.001926363 9168261 -0.03269279 0.09910276 0.2309173
0.06901349 0.1323616 0.002400249 9298452 -0.03576128 0.09972012 0.2326705
0.06581824 0.1328676 0.002835646 9388468 -0.03846539 0.1001868 0.2343424
0.06581824 0.1328676 0.002835646 9498576 -0.03846539 0.1001868 0.2343424
0.06265812 0.1335504 0.003432035 9618660 -0.04110968 0.1006059 0.2359554
0.06265812 0.1335504 0.003432035 9728759 -0.04110968 0.1006059 0.2359554
0.0594523 0.1343628 0.003584504 9838871 -0.04371946 0.1011145 0.2375839
0.05622526 0.135205 0.003689319 9948958 -0.04637118 0.1014758 0.2390852
0.05622526 0.135205 0.003689319 10059065 -0.04637118 0.1014758 0.2390852
0.05321606 0.1356183 0.003887311 10169161 -0.04916716 0.1019932 0.2403394
0.0503209 0.1356345 0.004708439 10289273 -0.05181384 0.1021023 0.241717
0.0503209 0.1356345 0.004708439 10409373 -0.05181384 0.1021023 0.241717
0.04685257 0.1374078 0.004198968 10509480 -0.05469552 0.1025746 0.2427125
0.04367961 0.1378268 0.004200846 10619567 -0.05758752 0.1025562 0.2437199
0.04367961 0.1378268 0.004200846 10749701 -0.05758752 0.1025562 0.2437199
0.04050424 0.1388099 0.003975153 10849787 -0.06040357 0.1029439 0.2446273
0.03733078 0.1400017 0.003540441 10959886 -0.06314135 0.1032805 0.2453766
0.03733078 0.1400017 0.003540441 11100183 -0.06314135 0.1032805 0.2453766
0.03431493 0.1407513 0.003424481 11180089 -0.06591875 0.1036264 0.2461106
0.03111252 0.1419204 0.003200457 11290172 -0.06890212 0.1042506 0.2467057
0.03111252 0.1419204 0.003200457 11400267 -0.06890212 0.1042506 0.2467057
0.02746221 0.1432531 0.002616823 11530393 -0.07205066 0.1043416 0.2471766
0.02443746 0.1436362 0.002361357 11630479 -0.07509255 0.1045072 0.2474793
0.02443746 0.1436362 0.002361357 11750608 -0.07509255 0.1045072 0.2474793
0.021085 0.1448014 0.00240244 11870700 -0.07812363 0.1049609 0.24803
0.01736373 0.1459073 0.001661912 11970799 -0.08149228 0.1051131 0.2481367
0.01366816 0.1468746 0.001147553 12080890 -0.08479159 0.1052785 0.2483419
0.01366816 0.1468746 0.001147553 12201006 -0.08479159 0.1052785 0.2483419
0.01061181 0.1476545 0.0009836853 12301080 -0.08768648 0.1055714 0.2484624
0.006725039 0.1486671 0.0004504472 12411180 -0.09107134 0.1057891 0.2485854
0.006725039 0.1486671 0.0004504472 12521287 -0.09107134 0.1057891 0.2485854
0.003291214 0.1487316 0.0004848987 12641408 -0.09442637 0.1058054 0.2487836
-0.00024411 0.1483661 0.0004873425 12741486 -0.09780299 0.105558 0.2490505
-0.00024411 0.1483661 0.0004873425 12851585 -0.09780299 0.105558 0.2490505
-0.004414012 0.148636 0.0004464835 12981699 -0.1014123 0.1052113 0.2492684
-0.008331666 0.1486306 0.000788644 13081793 -0.1049282 0.1049969 0.2496338
-0.008331666 0.1486306 0.000788644 13191905 -0.1049282 0.1049969 0.2496338
-0.01184361 0.1474823 0.001305684 13301988 -0.1084235 0.1045697 0.2500943
-0.01619789 0.1476823 0.001285955 13412083 -0.1120788 0.1043727 0.2502205
-0.01619789 0.1476823 0.001285955 13522182 -0.1120788 0.1043727 0.2502205
-0.01956218 0.146045 0.001676932 13672330 -0.1151798 0.1035111 0.2507264
-0.02310198 0.145048 0.00239411 13782421 -0.1183758 0.102744 0.251192
-0.02310198 0.145048 0.00239411 13882528 -0.1183758 0.102744 0.251192
-0.02680111 0.1441144 0.002831653 14032655 -0.1216897 0.1020693 0.2514151
-0.03003282 0.143015 0.003565624 14232836 -0.1246945 0.1013307 0.2517558
-0.03319977 0.1413843 0.004156038 14463031 -0.1277853 0.1003577 0.2519447
-0.03638627 0.139997 0.0046345 14683242 -0.1306941 0.09932242 0.2520341
-0.04309174 0.1373838 0.005200788 14873414 -0.1366114 0.09729107 0.2517588
-0.04606772 0.1357056 0.005482346 15003523 -0.1394996 0.09614962 0.2514407
-0.04880539 0.1343501 0.00556536 15103609 -0.1420479 0.09496107 0.2508922
-0.04880539 0.1343501 0.00556536 15203700 -0.1420479 0.09496107 0.2508922
-0.05229098 0.1330787 0.005890369 15313807 -0.1447198 0.09346943 0.2506225
-0.05515659 0.13146 0.005954161 15453934 -0.1473182 0.09224822 0.2500477
-0.05515659 0.13146 0.005954161 15544019 -0.1473182 0.09224822 0.2500477
-0.05798164 0.130416 0.006106019 15654131 -0.1498129 0.09115767 0.2493491
-0.06090093 0.1290136 0.006267145 15764214 -0.152188 0.08989598 0.2488334
-0.06090093 0.1290136 0.006267145 15914357 -0.152188 0.08989598 0.2488334
-0.06352234 0.1271832 0.006515175 16104521 -0.154478 0.08845726 0.2483882
-0.06682571 0.1257198 0.006832495 16354747 -0.1571521 0.08714146 0.2477724
-0.07257824 0.1230664 0.007070735 16604972 -0.1619393 0.08479954 0.2460957
-0.07489725 0.1210215 0.00691478 16815166 -0.1639783 0.08358507 0.2453194
-0.08030582 0.117463 0.006872058 17035349 -0.168235 0.08120959 0.2436907
-0.08217614 0.1159796 0.006543353 17265569 -0.1696972 0.08000746 0.2427103
-0.08555563 0.1141816 0.006309718 17485775 -0.1715585 0.0783089 0.2416833
-0.0897679 0.111676 0.005400017 17705958 -0.174444 0.07584117 0.23912
-0.09258454 0.1097644 0.004475862 17926157 -0.175873 0.07452524 0.2375987
-0.09478645 0.1084035 0.003942385 18156372 -0.1772449 0.07312539 0.2361488
-0.09982508 0.1061506 0.002773255 18396601 -0.179892 0.07085687 0.2331157
-0.1022758 0.1041148 0.002043158 18616788 -0.181109 0.06939851 0.2316386
-0.104591 0.1017902 0.001429647 18826978 -0.1824225 0.06779593 0.2301884
-0.1088938 0.09861316 0.0002224445 19067198 -0.1845809 0.06534917 0.227285
-0.111395 0.09713406 -0.0003201067 19267371 -0.1855786 0.06382541 0.2257361
-0.1139409 0.0949553 -0.0009474605 19497591 -0.1867098 0.06220277 0.2241087
-0.1185092 0.09167923 -0.002284423 19717786 -0.1886883 0.05953768 0.2207325
-0.1210256 0.08945691 -0.002755418 19937980 -0.1896608 0.05803685 0.2192639
-0.1229164 0.0871052 -0.003373072 20178201 -0.1905148 0.05656759 0.2178279
-0.1267757 0.08277871 -0.004748538 20388407 -0.1917297 0.0533127 0.2148578
-0.1287759 0.08034959 -0.005264163 20618594 -0.1921473 0.0512389 0.2135803
-0.1302369 0.07815156 -0.005910084 20858811 -0.1926154 0.04955523 0.2122687
-0.1346417 0.07320929 -0.006630152 21058992 -0.1941527 0.04625932 0.2094692
-0.1366392 0.07134468 -0.006646618 21289212 -0.1952108 0.04469722 0.2081368
-0.1385264 0.06851651 -0.006692871 21509398 -0.1961813 0.04290553 0.2069784
-0.1415377 0.06344649 -0.006589562 21729783 -0.1980939 0.03960887 0.2050148
-0.1430279 0.0605958 -0.006323054 21959801 -0.1994026 0.03808526 0.2040685
-0.1453734 0.05518853 -0.005919993 22180003 -0.2012264 0.03486862 0.2026822
-0.1459507 0.05267209 -0.005789399 22400214 -0.2019685 0.03310483 0.2021841
-0.1467472 0.04934759 -0.005490974 22650428 -0.2028473 0.03126175 0.2017851
-0.1478924 0.04400776 -0.004795268 22840616 -0.2041359 0.02818944 0.2014746
-0.1485061 0.04080138 -0.004474849 23080820 -0.2047201 0.02649202 0.2013411
-0.148532 0.03766413 -0.004200488 23331050 -0.2052462 0.02453018 0.2013851
-0.148811 0.03212294 -0.003581911 23511209 -0.2062714 0.02100144 0.2014251
-0.1492711 0.02878606 -0.003029794 23741421 -0.2068876 0.01904139 0.2015357
-0.1489214 0.02613514 -0.002922714 23971628 -0.2072017 0.0173161 0.2016437
-0.1490504 0.01868431 -0.002193227 24191807 -0.208186 0.01301548 0.2019033
-0.1494884 0.01486849 -0.001835033 24432028 -0.2086073 0.01082702 0.2018969
-0.1493113 0.01106004 -0.001769006 24632229 -0.2086746 0.008359127 0.2020342
-0.1487438 0.003733475 -0.001739442 24882442 -0.2091895 0.003721123 0.2019562
-0.1488434 -0.0004837164 -0.001495183 25082615 -0.2094295 0.00111619 0.2020155
-0.1487862 -0.003631313 -0.00165163 25322848 -0.2095561 -0.001165385 0.2017485
-0.1474534 -0.01200122 -0.001884639 25553047 -0.2098461 -0.006206506 0.2016659
-0.1464412 -0.01682556 -0.002301276 25753236 -0.2096731 -0.008603426 0.2015369
-0.1452397 -0.02159075 -0.002731517 25983452 -0.2093503 -0.01101946 0.2015156
-0.1428 -0.03127354 -0.004053652 26203630 -0.2077253 -0.01632006 0.2015526
-0.1416072 -0.03685383 -0.004532456 26423837 -0.2063853 -0.01953916 0.2021047
-0.1401263 -0.04174536 -0.005309701 26664054 -0.2049156 -0.02270865 0.2025406
-0.1370831 -0.05176307 -0.005942747 26874236 -0.2025857 -0.02867546 0.2038398
-0.1351017 -0.05655741 -0.006411344 27094438 -0.201601 -0.03164202 0.204254
-0.1336511 -0.06230667 -0.006400019 27354681 -0.2006444 -0.0350125 0.2049195
-0.1287225 -0.07239058 -0.006871969 27534840 -0.1979327 -0.04146548 0.2068223
-0.126671 -0.07669361 -0.006700471 27765056 -0.1967497 -0.04445074 0.2080519
-0.1237537 -0.0805852 -0.00670056 28015273 -0.1954641 -0.04727244 0.2093046
-0.1183783 -0.08813344 -0.006126523 28215450 -0.1931708 -0.05284092 0.2119807
-0.1155166 -0.09222022 -0.005519986 28435649 -0.1918388 -0.05539648 0.213563
-0.1133225 -0.0956678 -0.005100429 28695884 -0.1904206 -0.05774573 0.2150231
-0.108174 -0.1026697 -0.004193604 28886047 -0.1869301 -0.06223826 0.2182753
-0.1056091 -0.1058694 -0.003667489 29116255 -0.1854368 -0.06446327 0.219735
-0.1029588 -0.1090972 -0.002933532 29336466 -0.1840089 -0.06658354 0.2212151
-0.09741244 -0.1140601 -0.001427025 29556656 -0.1812711 -0.07044725 0.2242316
-0.0944874 -0.1159598 -0.0008245856 29816899 -0.1796461 -0.07218724 0.225814
-0.08909477 -0.1207585 0.0009258389 30007067 -0.1763246 -0.0758891 0.2290536
-0.08651987 -0.1222949 0.001429319 30227270 -0.1746582 -0.07762469 0.2305515
-0.08360364 -0.1244342 0.002307028 30477504 -0.172867 -0.07925255 0.2320166
-0.07799563 -0.1274913 0.003750086 30677672 -0.1693918 -0.08208805 0.2346948
-0.07551278 -0.1288073 0.003993303 30897871 -0.1676085 -0.08356254 0.2357607
-0.07272871 -0.1304362 0.00477232 31138096 -0.1657798 -0.08506248 0.2370107
-0.06690124 -0.1324773 0.005501732 31348269 -0.1618512 -0.08746171 0.2389695
-0.06423114 -0.1337332 0.006250739 31578485 -0.1598178 -0.08842836 0.240084
-0.06200008 -0.1348053 0.006592304 31788667 -0.1578189 -0.089223 0.2409865
-0.05951449 -0.1356129 0.00683254 32018870 -0.1557713 -0.09014084 0.2418685
-0.05341015 -0.1369323 0.007537529 32259111 -0.1510749 -0.09188452 0.2436144
-0.0510802 -0.1380151 0.008046851 32459276 -0.1488501 -0.09260634 0.2445017
-0.04788075 -0.1380401 0.008565187 32679491 -0.1463959 -0.09301715 0.2453938
-0.04230971 -0.1386545 0.009768829 32909694 -0.1417869 -0.09405486 0.2470889
-0.03919235 -0.138252 0.01009256 33139894 -0.139259 -0.09427904 0.2478375
-0.03382539 -0.1380229 0.01100601 33380123 -0.1344412 -0.09489845 0.2494974
-0.03078622 -0.1379108 0.01164673 33580295 -0.1317025 -0.09521432 0.2503627
-0.02819646 -0.1381423 0.01178722 33820512 -0.1288516 -0.09542195 0.2510887
-0.02227473 -0.1379251 0.01242235 34050716 -0.1232395 -0.09652557 0.2525599
-0.01937397 -0.1380081 0.01256981 34250901 -0.1202532 -0.09673537 0.2530068
-0.01656853 -0.1379834 0.0128008 34481112 -0.1172665 -0.09675325 0.2534895
-0.01060078 -0.1383042 0.01341462 34731346 -0.1107745 -0.09680962 0.2542682
-0.00764218 -0.1385455 0.01345688 34921510 -0.1075224 -0.09702075 0.2544956
-0.004390205 -0.1383539 0.013383 35151718 -0.1040824 -0.09730216 0.2547913
0.001635157 -0.1384894 0.01342414 35502034 -0.09752173 -0.0971855 0.2547218
0.007926458 -0.1383937 0.01338466 35722220 -0.09074482 -0.09659209 0.2541261
0.01073581 -0.1388507 0.01296963 35962441 -0.08737873 -0.09632623 0.253682
0.01405264 -0.1391734 0.0128043 36152621 -0.08370037 -0.09610559 0.2530892
0.02014687 -0.1395543 0.01199888 36372816 -0.0769451 -0.09547258 0.2517022
0.02364167 -0.1388672 0.0116622 36633063 -0.07344742 -0.09504656 0.2510204
0.02968812 -0.1389189 0.01139201 36823226 -0.06683897 -0.0941541 0.2494808
0.03259289 -0.1389565 0.01054393 37053426 -0.06356974 -0.09339529 0.2484448
0.03593627 -0.1390192 0.01074859 37273637 -0.06004257 -0.09323527 0.2475911
0.03908627 -0.1391209 0.01023088 37513837 -0.05663961 -0.09278531 0.2465145
0.04555584 -0.1380917 0.008777261 37824129 -0.05024328 -0.0912689 0.2440085
0.05164331 -0.1366468 0.008489624 38054325 -0.04422025 -0.08960305 0.241815
0.05443908 -0.1361592 0.008432597 38284541 -0.0413228 -0.08883797 0.2407977
0.05742681 -0.1353791 0.00790067 38534767 -0.03847518 -0.08791296 0.2395141
0.0637538 -0.1340979 0.006670266 38724930 -0.03240187 -0.08603381 0.236631
0.06696325 -0.131937 0.006206378 38955142 -0.02966195 -0.08438113 0.235301
0.0696633 -0.1302519 0.006957382 39175341 -0.02721689 -0.08346059 0.2344323
0.07506774 -0.124985 0.007847562 39395539 -0.02230593 -0.08018382 0.2329437
0.07777095 -0.1224375 0.007855058 39655782 -0.0200747 -0.07860123 0.2319154
0.08321477 -0.118217 0.008218706 39855963 -0.01477284 -0.0751037 0.2299066
0.08594131 -0.1156565 0.008541614 40066136 -0.01220046 -0.07304468 0.2288447
0.08839921 -0.1127487 0.009365335 40306357 -0.009924153 -0.07112627 0.2280494
0.09292644 -0.1065328 0.01012948 40526568 -0.005704923 -0.06702149 0.2268097
0.09507556 -0.1036896 0.009650245 40736758 -0.00393078 -0.06471506 0.2258177
0.09764499 -0.09997352 0.01003763 40986988 -0.001694788 -0.06228667 0.2249263
0.102093 -0.09362082 0.01054344 41187168 0.001970666 -0.05649303 0.2223286
0.1040901 -0.09022683 0.01026805 41407359 0.003348265 -0.05352671 0.2210395
0.1061766 -0.08667839 0.01023184 41637554 0.004968725 -0.05058013 0.2199095
0.1105553 -0.08021872 0.01024039 41857753 0.008346704 -0.04536553 0.2174287
0.1126905 -0.0776281 0.009415939 42097986 0.009865112 -0.04253466 0.2158397
0.1151843 -0.07435649 0.009050339 42318185 0.01151734 -0.03971697 0.2140784
0.1193211 -0.06915047 0.007834002 42528366 0.01411967 -0.03465289 0.2108868
0.1214623 -0.06670381 0.007370889 42748561 0.01550863 -0.03252453 0.2093548
0.1236098 -0.06389035 0.006057888 42988778 0.01664463 -0.03026051 0.2078245
0.1278128 -0.0581108 0.004262626 43198964 0.01874475 -0.02497792 0.2043796
0.1297133 -0.05536607 0.003531292 43559309 0.01951372 -0.02244583 0.2026429
0.1337428 -0.04909512 0.001880467 43759477 0.02085721 -0.0169006 0.198841
0.1357375 -0.04590174 0.001340747 43999694 0.02178443 -0.01447966 0.1973167
0.1398769 -0.04016536 -0.0005901307 44209888 0.02350779 -0.009868956 0.1940213
0.1417145 -0.03734443 -0.001948744 44430087 0.02392267 -0.007384411 0.1923118
0.1436604 -0.03362825 -0.002046257 44650281 0.02459702 -0.004334986 0.1905136
0.1469699 -0.02724145 -0.004069358 44870480 0.02530097 0.0009484394 0.1875088
0.1485198 -0.02335671 -0.004532844 45120702 0.02564252 0.004015314 0.1860808
0.1500394 -0.01996376 -0.005040929 45330904 0.02614165 0.006481554 0.1848923
0.1526695 -0.01249457 -0.006374389 45551094 0.02638168 0.01223092 0.1823815
0.1539923 -0.008211277 -0.006613404 45791311 0.02659201 0.01525357 0.1811762
0.155663 -0.001603398 -0.007550478 46131610 0.02650248 0.0209156 0.1793311
0.1570547 0.005543144 -0.007600889 46351829 0.02664316 0.02596506 0.1780545
0.1578164 0.008562195 -0.007583782 46572024 0.02693806 0.02821299 0.1774763
0.1585503 0.01139669 -0.007457778 46782197 0.02735971 0.03063654 0.1769534
0.1593972 0.0140326 -0.007686555 47002412 0.02761886 0.03281725 0.176245
0.1603676 0.01908421 -0.006020769 47242637 0.0286417 0.03686326 0.1756118
0.1608775 0.02141016 -0.005760387 47442814 0.02895316 0.03827371 0.175316
0.1612038 0.02321901 -0.00532116 47793130 0.02915309 0.03934138 0.1750577
