0.151371 -0.006476374 -0.007516488 0 0.1070041 0.03399485 0.2173319
0.151371 -0.006476374 -0.007516488 110091 0.1070041 0.03399485 0.2173319
0.151979 -0.005681703 -0.007774845 220182 0.1070169 0.0343067 0.2168307
0.1527269 -0.004982461 -0.007325664 330298 0.1071469 0.03448278 0.2165494
0.1527269 -0.004982461 -0.007325664 440393 0.1071469 0.03448278 0.2165494
0.1531689 -0.004806208 -0.007305592 560489 0.1073736 0.03451711 0.2162437
0.1542505 -0.003331943 -0.006903633 670589 0.1077912 0.03493577 0.215816
0.1542505 -0.003331943 -0.006903633 780700 0.1077912 0.03493577 0.215816
0.1550643 -0.002792111 -0.006774515 890856 0.1082812 0.03517443 0.2153017
0.1558389 -0.001705262 -0.007028297 1000895 0.1086684 0.03552943 0.2147535
0.1558389 -0.001705262 -0.007028297 1121011 0.1086684 0.03552943 0.2147535
0.1561576 -0.001317802 -0.006455928 1231099 0.1091339 0.03572279 0.2148237
0.1563032 -0.0004489885 -0.006256163 1341202 0.1095764 0.03615755 0.2149411
0.1563032 -0.0004489885 -0.006256163 1451297 0.1095764 0.03615755 0.2149411
0.1575964 0.00159968 -0.00418815 1561393 0.1106522 0.03696102 0.2151114
0.1581133 0.003461815 -0.003011301 1671512 0.1114957 0.03771645 0.2155131
0.1581133 0.003461815 -0.003011301 1781599 0.1114957 0.03771645 0.2155131
0.1577248 0.005361397 -0.003280491 1901712 0.1118022 0.0386892 0.2160085
0.1576444 0.007914864 -0.002324373 2011819 0.1122034 0.03981251 0.2168661
0.1576444 0.007914864 -0.002324373 2121919 0.1122034 0.03981251 0.2168661
0.156827 0.01106598 -0.00231418 2232018 0.1120475 0.04159576 0.2178899
0.1558164 0.01437722 -0.001520142 2352106 0.1118519 0.04357248 0.219409
0.1558164 0.01437722 -0.001520142 2462206 0.1118519 0.04357248 0.219409
0.1548439 0.01774811 -0.0008545667 2572305 0.1114069 0.0460208 0.2207187
0.1533698 0.02167648 -0.0009791255 2702426 0.1106784 0.04870659 0.222147
0.1533698 0.02167648 -0.0009791255 2792512 0.1106784 0.04870659 0.222147
0.1522788 0.0258518 -3.419816E-05 2902607 0.1102149 0.05164295 0.2237497
0.1509086 0.03005395 0.0007016659 3042738 0.1095284 0.05454046 0.2254891
0.1509086 0.03005395 0.0007016659 3132815 0.1095284 0.05454046 0.2254891
0.1493467 0.03426088 0.001059964 3242926 0.1087323 0.05780416 0.2271393
0.147741 0.03855606 0.001033604 3373036 0.1078654 0.06085318 0.2286692
0.147741 0.03855606 0.001033604 3473126 0.1078654 0.06085318 0.2286692
0.1463846 0.04275021 0.001999855 3573216 0.107304 0.06431645 0.2304263
0.1444657 0.04691554 0.00194709 3693321 0.1060895 0.06764823 0.2320928
0.1444657 0.04691554 0.00194709 3803424 0.1060895 0.06764823 0.2320928
0.1423784 0.05140635 0.001538694 3913523 0.1047796 0.07091027 0.2337415
0.1403054 0.05695755 0.001442999 4023627 0.103464 0.07463926 0.235587
0.1403054 0.05695755 0.001442999 4133718 0.103464 0.07463926 0.235587
0.1381169 0.06243258 0.001199648 4243834 0.1018019 0.07842332 0.2373465
0.136001 0.06681842 0.001370564 4363930 0.1001979 0.08199948 0.2391543
0.136001 0.06681842 0.001370564 4474029 0.1001979 0.08199948 0.2391543
0.13345 0.07223205 0.0003398955 4584133 0.09839656 0.08582932 0.2406633
0.1313628 0.07683916 0.0002013296 4694228 0.09665707 0.0892809 0.2422195
0.1313628 0.07683916 0.0002013296 4804327 0.09665707 0.0892809 0.2422195
0.1291157 0.08123441 0.000166446 4924428 0.09486108 0.09267312 0.2439237
0.1263759 0.08606824 -0.00069049 5034527 0.0927428 0.09584206 0.2455022
0.1263759 0.08606824 -0.00069049 5144634 0.0927428 0.09584206 0.2455022
0.1237265 0.0907011 -0.0009751469 5254734 0.09078852 0.09898561 0.2473141
0.121244 0.09441389 -0.0007387102 5374842 0.0887849 0.1019561 0.2492314
0.121244 0.09441389 -0.0007387102 5484958 0.0887849 0.1019561 0.2492314
0.1187347 0.09853596 -0.0005087256 5595049 0.08662636 0.1051472 0.251129
0.1154487 0.102536 -0.001233011 5715141 0.08440952 0.1078485 0.2529838
0.1123273 0.1069452 -0.001914322 5815240 0.08211389 0.1107805 0.2546613
0.1123273 0.1069452 -0.001914322 5935360 0.08211389 0.1107805 0.2546613
0.1089862 0.1107303 -0.002321407 6045455 0.07962135 0.11341 0.2565846
0.1089862 0.1107303 -0.002321407 6165568 0.07962135 0.11341 0.2565846
0.1052808 0.1150478 -0.002915695 6265642 0.07703212 0.1159025 0.2585733
0.1025589 0.1178637 -0.001977578 6375749 0.07454171 0.1185375 0.2608623
0.0996866 0.1204646 -0.001265123 6505871 0.07206369 0.1208701 0.2630781
0.0996866 0.1204646 -0.001265123 6605969 0.07206369 0.1208701 0.2630781
0.09534395 0.1251875 -0.002333969 6716061 0.06928032 0.1234677 0.2649406
0.09137 0.1274608 -0.0029089 6826152 0.06641386 0.1253433 0.2667792
0.09137 0.1274608 -0.0029089 6946252 0.06641386 0.1253433 0.2667792
0.0878908 0.1307376 -0.003233895 7046346 0.06373044 0.1274363 0.2684234
0.08414323 0.1332572 -0.003243461 7156462 0.06076652 0.1291428 0.2703721
0.08414323 0.1332572 -0.003243461 7266557 0.06076652 0.1291428 0.2703721
0.07990869 0.1359604 -0.003817573 7386650 0.05766654 0.1306692 0.2720617
0.07584242 0.1381512 -0.004180521 7496765 0.05434259 0.1320209 0.2736915
0.07584242 0.1381512 -0.004180521 7606852 0.05434259 0.1320209 0.2736915
0.07167216 0.1412037 -0.004493922 7716956 0.05101735 0.1336922 0.2753068
0.06758113 0.1429166 -0.004267886 7837064 0.04753952 0.1348819 0.277227
0.06758113 0.1429166 -0.004267886 7947159 0.04753952 0.1348819 0.277227
0.06369701 0.1450186 -0.004153207 8057275 0.04412146 0.1363974 0.2788695
0.05893774 0.1472325 -0.004350603 8167362 0.0402943 0.1376813 0.2805137
0.05893774 0.1472325 -0.004350603 8277470 0.0402943 0.1376813 0.2805137
0.05419178 0.1494135 -0.004639849 8387553 0.03643465 0.1389391 0.2819324
0.05002526 0.1506303 -0.004771039 8507677 0.03292578 0.1400313 0.2831863
0.05002526 0.1506303 -0.004771039 8617773 0.03292578 0.1400313 0.2831863
0.04556656 0.1524418 -0.004851818 8757903 0.02923823 0.141311 0.2844562
0.04133653 0.1531359 -0.004704267 8837975 0.02559266 0.1421942 0.2857659
0.04133653 0.1531359 -0.004704267 8958096 0.02559266 0.1421942 0.2857659
0.03696357 0.1541214 -0.004763141 9078188 0.02205673 0.1428791 0.2868207
0.03176807 0.1562165 -0.005177885 9178266 0.01823434 0.1437553 0.2875987
0.03176807 0.1562165 -0.005177885 9288370 0.01823434 0.1437553 0.2875987
0.02735 0.1564822 -0.005182207 9398473 0.01464948 0.144136 0.2884658
0.02297969 0.1573669 -0.005519331 9508568 0.01101519 0.1447412 0.2888702
0.02297969 0.1573669 -0.005519331 9628681 0.01101519 0.1447412 0.2888702
0.01849532 0.1582567 -0.006049141 9738788 0.007411832 0.145134 0.2889841
0.01325559 0.158648 -0.006469727 9848892 0.003611515 0.1454607 0.2891856
0.01325559 0.158648 -0.006469727 9968984 0.003611515 0.1454607 0.2891856
0.009024285 0.1598574 -0.006769016 10069070 -2.661291E-05 0.1457699 0.28918
0.003119886 0.1603741 -0.007361993 10209201 -0.004006659 0.145718 0.288905
0.003119886 0.1603741 -0.007361993 10289281 -0.004006659 0.145718 0.288905
-0.0007760444 0.1609094 -0.007469237 10409385 -0.007614602 0.1459976 0.288825
-0.006174319 0.1616253 -0.00797835 10519485 -0.01173874 0.1461583 0.2882456
-0.006174319 0.1616253 -0.00797835 10629580 -0.01173874 0.1461583 0.2882456
-0.01031146 0.1613282 -0.007936671 10739679 -0.01551429 0.1462974 0.2881018
-0.01453594 0.1610407 -0.008057773 10859784 -0.01893006 0.1462862 0.2876982
-0.01453594 0.1610407 -0.008057773 10969887 -0.01893006 0.1462862 0.2876982
-0.0190387 0.1606879 -0.00793618 11079987 -0.02256002 0.1462552 0.2873842
-0.02148252 0.160956 -0.007721424 11200091 -0.0252367 0.1463655 0.2872651
-0.02148252 0.160956 -0.007721424 11320207 -0.0252367 0.1463655 0.2872651
-0.02589314 0.1601862 -0.00762254 11410281 -0.02850892 0.1459947 0.2867605
-0.03038668 0.1597212 -0.007926852 11530397 -0.0319966 0.145729 0.2857244
-0.03038668 0.1597212 -0.007926852 11660531 -0.0319966 0.145729 0.2857244
-0.03388311 0.1592178 -0.008123457 11750600 -0.03474589 0.145515 0.2848742
-0.03787572 0.1585117 -0.008316353 11860687 -0.03755299 0.1449814 0.2838412
-0.03787572 0.1585117 -0.008316353 11980804 -0.03755299 0.1449814 0.2838412
-0.04023875 0.157899 -0.008436352 12090927 -0.04002951 0.1445091 0.2831673
-0.04432483 0.1565165 -0.008454517 12201010 -0.04278714 0.1437922 0.2821357
-0.04432483 0.1565165 -0.008454517 12311102 -0.04278714 0.1437922 0.2821357
-0.04757737 0.1562208 -0.008368582 12421217 -0.04529751 0.1434724 0.2813148
-0.05095979 0.1554215 -0.008431807 12541305 -0.04776018 0.1428953 0.2802598
-0.05095979 0.1554215 -0.008431807 12651405 -0.04776018 0.1428953 0.2802598
-0.05498562 0.1538142 -0.008212447 12771529 -0.05029679 0.1422949 0.2792005
-0.05687611 0.1533109 -0.008445293 12871603 -0.05209013 0.1415965 0.278349
-0.05687611 0.1533109 -0.008445293 12981707 -0.05209013 0.1415965 0.278349
-0.0613008 0.1511018 -0.008125901 13111836 -0.05461725 0.1407509 0.2770855
-0.0631355 0.150219 -0.008234829 13201901 -0.0565558 0.1401165 0.2763125
-0.0631355 0.150219 -0.008234829 13311997 -0.0565558 0.1401165 0.2763125
-0.0662642 0.1489783 -0.007862896 13452119 -0.05861748 0.1395234 0.2754358
-0.06886273 0.1473659 -0.007913664 13542213 -0.06055978 0.1386457 0.2743461
-0.07170951 0.1455934 -0.007791817 13652312 -0.06258194 0.1378497 0.2732609
-0.07170951 0.1455934 -0.007791817 13782421 -0.06258194 0.1378497 0.2732609
-0.07493465 0.1437778 -0.007506818 13882532 -0.06469993 0.136926 0.2720932
-0.07751172 0.1426285 -0.007922709 13992619 -0.06647199 0.135949 0.2705588
-0.07751172 0.1426285 -0.007922709 14112727 -0.06647199 0.135949 0.2705588
-0.08128758 0.1401132 -0.007520422 14212814 -0.06867583 0.134838 0.2690992
-0.08444203 0.1388919 -0.007494539 14342935 -0.07078858 0.1339623 0.2675638
-0.08444203 0.1388919 -0.007494539 14443026 -0.07078858 0.1339623 0.2675638
-0.08830415 0.1363976 -0.007079929 14563134 -0.07297619 0.1326279 0.2658994
-0.09029285 0.1342035 -0.008152425 14663224 -0.07463705 0.1313854 0.2639545
-0.09029285 0.1342035 -0.008152425 14773324 -0.07463705 0.1313854 0.2639545
-0.09308489 0.131516 -0.008371666 14893432 -0.07693869 0.1300489 0.2622533
-0.09673137 0.1294308 -0.008015558 15003548 -0.07942273 0.1288396 0.2605075
-0.09673137 0.1294308 -0.008015558 15103614 -0.07942273 0.1288396 0.2605075
-0.1001988 0.1263202 -0.007940829 15223738 -0.08153342 0.127227 0.2585195
-0.1032034 0.1242761 -0.008114964 15373861 -0.08351853 0.1257346 0.2565965
-0.1032034 0.1242761 -0.008114964 15574050 -0.08351853 0.1257346 0.2565965
-0.1102437 0.1184353 -0.007640943 15704164 -0.08755836 0.1224022 0.2525044
-0.1102437 0.1184353 -0.007640943 15924374 -0.08755836 0.1224022 0.2525044
-0.1163028 0.112703 -0.007820934 16144565 -0.09133375 0.1188394 0.2483351
-0.1184836 0.1106341 -0.008225054 16384782 -0.09298113 0.1172083 0.2465889
-0.1242225 0.1044233 -0.008128196 16614986 -0.09602828 0.1131425 0.2425889
-0.1277814 0.100541 -0.007702425 16815170 -0.09755008 0.1107564 0.2402354
-0.1312195 0.09732066 -0.007153258 17045374 -0.09927899 0.1088532 0.2380088
-0.1352382 0.09101143 -0.00772047 17285583 -0.102312 0.104838 0.2345211
-0.1372553 0.0880679 -0.007501528 17495784 -0.1037128 0.102764 0.2330994
-0.1396457 0.08460705 -0.006961659 17715975 -0.104857 0.1007243 0.2314688
-0.143232 0.07829271 -0.006686538 17966201 -0.1068162 0.09648245 0.2286434
-0.1445417 0.07591448 -0.007135153 18166398 -0.1076329 0.09454053 0.2273191
-0.1461932 0.07260579 -0.006650135 18396597 -0.1087564 0.09257847 0.226156
-0.1485186 0.06647722 -0.007033199 18606787 -0.1102747 0.08838958 0.2238465
-0.1498059 0.06326659 -0.006797135 18836995 -0.1107362 0.08621413 0.2227912
-0.1506822 0.06002694 -0.006615683 19057198 -0.1110807 0.08383709 0.2220563
-0.1533961 0.05434493 -0.005523413 19277396 -0.1122884 0.07920498 0.2203077
-0.1546179 0.0502972 -0.004853383 19507612 -0.1133325 0.07664233 0.2194428
-0.154815 0.04706099 -0.005796492 19727795 -0.1138534 0.07414025 0.218692
-0.1569123 0.03967102 -0.005166858 19957998 -0.1152424 0.06870502 0.2169712
-0.1581198 0.03587644 -0.004711941 20188202 -0.1157751 0.06577176 0.216033
-0.1591078 0.03223178 -0.004241586 20408417 -0.1165805 0.06289917 0.2153187
-0.1607567 0.02347475 -0.003397927 20618590 -0.1184756 0.05664688 0.2138889
-0.1617385 0.01987769 -0.002538994 20848822 -0.1195727 0.05360943 0.213384
-0.1628437 0.01575663 -0.001789764 21099028 -0.1205088 0.05047423 0.2125754
-0.1639177 0.007046477 -0.001514152 21299205 -0.1215248 0.04350537 0.2113828
-0.1641445 0.002815342 -0.001568481 21519420 -0.1217881 0.04002481 0.2109865
-0.1643666 -0.001310342 -0.001604557 21749611 -0.1221006 0.0366227 0.2106098
-0.1644711 -0.01058625 -0.0009605139 21959821 -0.122694 0.02962702 0.2101916
-0.1642601 -0.01457692 -0.000707835 22200026 -0.1230542 0.02634114 0.2103081
-0.1640083 -0.01943177 -0.0001928508 22410223 -0.1234391 0.02275282 0.210382
-0.1626463 -0.02726938 -5.294383E-05 22640447 -0.1240786 0.01658803 0.2111939
-0.1612708 -0.03194037 -0.000298962 22870639 -0.1240326 0.0133844 0.211857
-0.1599235 -0.03564164 -0.0002944767 23080833 -0.1240706 0.01046675 0.2128032
-0.1558835 -0.04305974 -0.001023188 23311016 -0.1234327 0.005052624 0.2153515
-0.1534264 -0.04702892 -0.001696348 23541232 -0.1227434 0.002550182 0.2166474
-0.1512536 -0.051054 -0.001521885 23761443 -0.1223207 -0.0001878166 0.2180768
-0.1454909 -0.05861373 -0.003457844 23971616 -0.1197195 -0.00521976 0.2210191
-0.1433226 -0.06245838 -0.003362745 24221842 -0.1184017 -0.008203688 0.2224591
-0.1382946 -0.06942718 -0.004458249 24422039 -0.1154877 -0.01362914 0.2253209
-0.1362918 -0.07286526 -0.004312888 24652230 -0.1144873 -0.01638431 0.2266586
-0.1330698 -0.07679489 -0.005254358 24872441 -0.1131197 -0.01913303 0.2282049
-0.1308282 -0.07967284 -0.005262449 25092636 -0.1117382 -0.02189893 0.2298306
-0.1253869 -0.08646983 -0.005814448 25322844 -0.1089438 -0.02740807 0.2330133
-0.1235608 -0.08976998 -0.005561948 25543042 -0.1079672 -0.03013748 0.2342041
-0.1212116 -0.09265668 -0.005921602 25773266 -0.1066664 -0.03254348 0.2354895
-0.1155798 -0.09941704 -0.006629363 26013459 -0.1035747 -0.03729672 0.2381443
-0.1129079 -0.1023012 -0.006973386 26223649 -0.1020384 -0.03949005 0.2394491
-0.1074024 -0.1078757 -0.007410765 26433854 -0.09896634 -0.04355997 0.2420924
-0.104927 -0.1104736 -0.007787764 26694081 -0.09728374 -0.04548425 0.2431551
-0.1022069 -0.1134722 -0.007609829 26894254 -0.09563464 -0.04750795 0.2444499
-0.09661651 -0.1191095 -0.007880628 27104464 -0.09247293 -0.0513677 0.2467547
-0.09349699 -0.1219273 -0.007969379 27354681 -0.09069106 -0.05343515 0.2480973
-0.09034126 -0.1252308 -0.008031651 27554866 -0.08870424 -0.05562312 0.2492564
-0.08407117 -0.1316116 -0.008315757 27775061 -0.08450155 -0.06008584 0.2514627
-0.08125322 -0.1345392 -0.008771628 28005264 -0.08241811 -0.06236262 0.2523512
-0.07729987 -0.1377115 -0.009127066 28245473 -0.08011535 -0.06449718 0.2535106
-0.07143519 -0.1437303 -0.009455383 28445670 -0.07574373 -0.06872624 0.2551332
-0.06788567 -0.1468615 -0.009537354 28675882 -0.07335097 -0.07087142 0.2560765
-0.06422278 -0.149457 -0.009461001 28896072 -0.07100119 -0.07274956 0.2571633
-0.05755012 -0.1532706 -0.009205714 29136297 -0.06657713 -0.07604021 0.2593831
-0.05428017 -0.1544444 -0.008770108 29346487 -0.06439791 -0.07758994 0.2608269
-0.05058127 -0.1557206 -0.008398086 29586704 -0.06203375 -0.07896108 0.2621338
-0.04340673 -0.1579412 -0.007852659 29816903 -0.05729126 -0.08132786 0.2643314
-0.03997026 -0.15882 -0.008024827 30017084 -0.05479644 -0.08209294 0.2650014
-0.03657996 -0.1593528 -0.007496119 30257289 -0.05234294 -0.08283657 0.2660577
-0.02889153 -0.1607139 -0.006821603 30487521 -0.04695447 -0.08434826 0.2677418
-0.02559968 -0.1608234 -0.006605446 30697702 -0.04447905 -0.08474153 0.2684493
-0.02201093 -0.1611731 -0.0062197 30907880 -0.04189461 -0.08514518 0.2690449
-0.01526731 -0.1608467 -0.005512848 31128083 -0.03681312 -0.08562845 0.2703392
-0.01146787 -0.1605629 -0.005242452 31358282 -0.03395566 -0.08586496 0.2709137
-0.008219529 -0.1598674 -0.005068332 31578501 -0.03132962 -0.08589298 0.2714865
-0.001394342 -0.158567 -0.004127756 31808701 -0.02616708 -0.08570451 0.2724093
0.001818499 -0.1576692 -0.003786296 32038900 -0.0235151 -0.08537072 0.2727551
0.004803621 -0.1569851 -0.003755033 32259103 -0.02113599 -0.08517927 0.2728599
0.01232159 -0.1546925 -0.002786294 32469289 -0.01587521 -0.08432573 0.273176
0.01542252 -0.1539292 -0.002806455 32709506 -0.01315832 -0.08379693 0.272943
0.01927504 -0.1528586 -0.002511054 32939722 -0.01039012 -0.08344024 0.2727899
0.02589299 -0.1515606 -0.002180353 33149919 -0.004881729 -0.08233852 0.2718427
0.02933576 -0.150835 -0.002039775 33370106 -0.002122314 -0.0817563 0.2712212
0.03279166 -0.1498588 -0.001552567 33600318 0.0007826954 -0.08134085 0.2709178
0.04041267 -0.1466771 -0.0006913543 33820516 0.006970342 -0.07986492 0.2700814
0.04425903 -0.1454324 4.033744E-05 34060725 0.009941627 -0.07919186 0.2694253
0.05133196 -0.1424339 0.0005920529 34270915 0.01617319 -0.07754559 0.2680524
0.05499964 -0.140881 0.001439914 34491130 0.01932165 -0.07697339 0.2675411
0.05844303 -0.1390237 0.001948342 34721321 0.02232102 -0.07588857 0.2668152
0.0657106 -0.1353901 0.003409997 34941528 0.02860143 -0.07401962 0.2652181
0.0689331 -0.1337095 0.003871366 35181753 0.03135926 -0.07289547 0.2642141
0.07247931 -0.1319181 0.004274592 35391930 0.03434568 -0.0717401 0.2630014
0.07933582 -0.1276288 0.005463451 35622138 0.03996249 -0.06941623 0.2609088
0.08282933 -0.1251149 0.006437972 35862355 0.04272908 -0.06802876 0.2598719
0.08543523 -0.1234932 0.006739333 36062536 0.04514166 -0.0666408 0.2587281
0.09137081 -0.1187744 0.007716551 36282742 0.0501908 -0.06352717 0.2564837
0.09378835 -0.1166487 0.007647038 36502925 0.05224667 -0.06194955 0.2553439
0.09661436 -0.1136244 0.00800094 36723148 0.05455588 -0.06013328 0.2543442
0.101362 -0.1080601 0.008144885 36963348 0.05787465 -0.05613238 0.2520431
0.1037365 -0.1052359 0.008028015 37173546 0.05953026 -0.05399055 0.2507497
0.1059237 -0.1025156 0.007830009 37403754 0.06111176 -0.05168623 0.2494353
0.1105658 -0.09694985 0.007730782 37643971 0.06408543 -0.04714936 0.2465901
0.1126356 -0.09467517 0.007363871 37854152 0.06542084 -0.04498893 0.2450588
0.1148921 -0.09231967 0.007149562 38064358 0.06682476 -0.04277629 0.2434085
0.1193637 -0.08762296 0.00606209 38314580 0.06936733 -0.03817064 0.2397736
0.1215946 -0.08539503 0.005643204 38514744 0.07056013 -0.03608531 0.2379863
0.1236055 -0.08293527 0.005326018 38734955 0.07158549 -0.03376717 0.2363742
0.1276601 -0.07799867 0.004250631 38965147 0.07377307 -0.02936202 0.233139
0.1299336 -0.07452035 0.004596069 39185366 0.0751299 -0.02698726 0.2318874
0.1318184 -0.071931 0.003656939 39425575 0.07608148 -0.02452809 0.2301956
0.1359136 -0.06669776 0.002475351 39625755 0.07808591 -0.01969499 0.2267113
0.137753 -0.06341212 0.002109557 39855951 0.07896776 -0.01696366 0.2253121
0.139575 -0.05973398 0.002192229 40106197 0.0798026 -0.01414341 0.2241112
0.1426784 -0.05209518 0.001599744 40306365 0.08114275 -0.008169356 0.2219251
0.1442476 -0.04846684 0.001543507 40536573 0.08174187 -0.005207482 0.2207658
0.145978 -0.04477873 0.0008335412 40766793 0.08230293 -0.002179804 0.2192792
0.1487182 -0.03864114 -0.0009457469 40976979 0.08299933 0.003097591 0.2166438
0.1497554 -0.03516399 -0.001485318 41197169 0.08325231 0.00568944 0.2158403
0.1512287 -0.03007102 -0.00236997 41447387 0.08352776 0.008690891 0.214874
0.1530676 -0.02353516 -0.003584966 41647584 0.08392213 0.01406437 0.2131935
0.1538577 -0.02031825 -0.004048198 41977870 0.08397463 0.01668578 0.2124652
0.154883 -0.01281093 -0.004983336 42218099 0.0835376 0.02230078 0.2115433
0.1555257 -0.00524094 -0.006460488 42458303 0.08306643 0.02758771 0.2109063
0.1556398 -0.0009859374 -0.006413415 42668497 0.08300896 0.03028494 0.2111221
0.1553262 0.003254929 -0.007687956 42878687 0.08254344 0.0330699 0.2112271
0.1549453 0.00709248 -0.008071646 43128908 0.08206147 0.03574222 0.2115502
0.1537523 0.01440567 -0.008231059 43319084 0.08097075 0.04092818 0.2126729
0.1530686 0.0183901 -0.007659495 43579351 0.08034488 0.04356652 0.2135317
0.1507781 0.02365617 -0.006811187 43769495 0.07850417 0.04789334 0.2155425
0.1492218 0.02658316 -0.006261289 43989701 0.0776288 0.04978567 0.217108
0.1471729 0.02904511 -0.005862966 44239931 0.07621206 0.05110425 0.2189431
