0.1431896 -0.001004461 0.007303345 0 0.03648509 0.01872674 0.09966714
0.1436798 -0.001456429 0.007362888 100074 0.03687959 0.01855144 0.09955651
0.1436798 -0.001456429 0.007362888 240217 0.03687959 0.01855144 0.09955651
0.1436376 -0.001416737 0.006677512 330282 0.03712631 0.01844925 0.09923524
0.1444386 -0.001268176 0.006862577 440385 0.03762422 0.01832997 0.09912778
0.1444386 -0.001268176 0.006862577 550501 0.03762422 0.01832997 0.09912778
0.144892 -0.001267454 0.006887137 670585 0.03795405 0.01824283 0.09902762
0.1451292 -0.001090614 0.006405144 780701 0.03845342 0.01795168 0.09894665
0.1451292 -0.001090614 0.006405144 890804 0.03845342 0.01795168 0.09894665
0.1453168 -0.0006405754 0.005868352 1000891 0.03886718 0.0177303 0.09880521
0.1455734 0.0005918695 0.005030731 1110995 0.03955584 0.01759791 0.09871809
0.1455734 0.0005918695 0.005030731 1221086 0.03955584 0.01759791 0.09871809
0.1454788 0.001564025 0.004716207 1331185 0.03959234 0.01769954 0.09870533
0.1456455 0.00315723 0.004873285 1451302 0.03951722 0.01828166 0.09875774
0.1456455 0.00315723 0.004873285 1561397 0.03951722 0.01828166 0.09875774
0.1455046 0.005660373 0.005022083 1671504 0.03904626 0.01966301 0.09870671
0.1451268 0.007719464 0.005121213 1781596 0.03845897 0.02107994 0.09866109
0.1451268 0.007719464 0.005121213 1891699 0.03845897 0.02107994 0.09866109
0.1448687 0.01035672 0.005045285 2011808 0.03814425 0.02300443 0.09861986
0.1446867 0.01250675 0.00549511 2121919 0.03761954 0.02455364 0.09875686
0.1446867 0.01250675 0.00549511 2231994 0.03761954 0.02455364 0.09875686
0.1442649 0.01506238 0.00550566 2342093 0.03713753 0.02620944 0.09881008
0.1440388 0.01889256 0.00607167 2462210 0.03647735 0.02839423 0.0990583
0.1440388 0.01889256 0.00607167 2562300 0.03647735 0.02839423 0.0990583
0.1432054 0.02121059 0.0064537 2682417 0.03558882 0.03002583 0.09944416
0.1427024 0.02360514 0.007183808 2802517 0.03482105 0.03174963 0.0999283
0.1427024 0.02360514 0.007183808 2902620 0.03482105 0.03174963 0.0999283
0.1414386 0.02649406 0.00691668 3022712 0.03403715 0.03384074 0.1002826
0.1414704 0.02944217 0.007776785 3132815 0.03369982 0.03600368 0.1007752
0.1414704 0.02944217 0.007776785 3242914 0.03369982 0.03600368 0.1007752
0.1403043 0.03262552 0.007481004 3353018 0.03294354 0.03802668 0.1010263
0.1396292 0.03583313 0.007869867 3473118 0.03217677 0.04007038 0.1013701
0.1396292 0.03583313 0.007869867 3573208 0.03217677 0.04007038 0.1013701
0.1387788 0.03921177 0.008229193 3683316 0.03116461 0.04233968 0.1015869
0.1377281 0.04201168 0.008291889 3793415 0.03018547 0.04456432 0.1017495
0.1377281 0.04201168 0.008291889 3913528 0.03018547 0.04456432 0.1017495
0.1373148 0.04572218 0.008819262 4023619 0.02938326 0.04703458 0.1018533
0.1357879 0.04888122 0.008431138 4133722 0.02817202 0.04939253 0.1018379
0.1357879 0.04888122 0.008431138 4243818 0.02817202 0.04939253 0.1018379
0.1348887 0.05253197 0.008498932 4363938 0.02717418 0.05181649 0.1017906
0.1337712 0.05546535 0.008249049 4474030 0.02611713 0.05404129 0.1016023
0.1337712 0.05546535 0.008249049 4584125 0.02611713 0.05404129 0.1016023
0.1329032 0.05842623 0.008311299 4704233 0.02521063 0.05643201 0.1016098
0.1313911 0.06172553 0.007682027 4814324 0.02407814 0.05855489 0.1013844
0.1306105 0.06525117 0.007679194 4924432 0.02325435 0.0609479 0.1012868
0.1306105 0.06525117 0.007679194 5034531 0.02325435 0.0609479 0.1012868
0.1287491 0.06869228 0.006699683 5144627 0.02197016 0.06329514 0.100909
0.1276569 0.07154529 0.006705083 5254734 0.02075603 0.06524682 0.1007199
0.1276569 0.07154529 0.006705083 5364846 0.02075603 0.06524682 0.1007199
0.1257007 0.07418641 0.006053072 5484938 0.01915706 0.06758076 0.1004516
0.1243192 0.07758395 0.005812191 5585036 0.01802041 0.06986823 0.1004023
0.1243192 0.07758395 0.005812191 5705136 0.01802041 0.06986823 0.1004023
0.1228597 0.0805978 0.005393397 5815228 0.01682386 0.07214847 0.1002155
0.1208423 0.08322827 0.004694221 5925335 0.01523538 0.07413901 0.09993503
0.1208423 0.08322827 0.004694221 6045444 0.01523538 0.07413901 0.09993503
0.1187285 0.08622898 0.003855388 6145538 0.01366557 0.07623184 0.09960554
0.1168419 0.08933185 0.00322659 6265650 0.01197553 0.07841981 0.09909228
0.1168419 0.08933185 0.00322659 6375750 0.01197553 0.07841981 0.09909228
0.1149147 0.09295917 0.002988976 6485849 0.01013022 0.08075214 0.09878802
0.112548 0.09554509 0.002395852 6595944 0.007835221 0.08297216 0.09822588
0.112548 0.09554509 0.002395852 6706040 0.007835221 0.08297216 0.09822588
0.1099166 0.09850339 0.001706441 6826156 0.005677399 0.08518363 0.09795107
0.1069436 0.101402 0.00105715 6936243 0.003098691 0.08711022 0.09758817
0.1069436 0.101402 0.00105715 7046355 0.003098691 0.08711022 0.09758817
0.1049915 0.1046481 0.00146329 7156446 0.0008367586 0.08941628 0.09751563
0.101496 0.1071516 0.0006905308 7276559 -0.001992216 0.09094018 0.09730122
0.101496 0.1071516 0.0006905308 7386658 -0.001992216 0.09094018 0.09730122
0.0981833 0.1110009 0.0004193911 7496749 -0.004829744 0.09317233 0.09725282
0.09551729 0.1140348 0.0006551269 7606849 -0.007440387 0.09508414 0.09733417
0.09551729 0.1140348 0.0006551269 7716964 -0.007440387 0.09508414 0.09733417
0.09216966 0.1163329 0.0008787208 7837056 -0.01065496 0.0968823 0.09760006
0.0885548 0.1191809 0.0009788044 7937159 -0.01384999 0.0987353 0.09794006
0.0885548 0.1191809 0.0009788044 8067268 -0.01384999 0.0987353 0.09794006
0.08538853 0.1211953 0.001627267 8167354 -0.01705888 0.1004262 0.09847466
0.08193271 0.1236191 0.002551283 8277458 -0.02037783 0.1020612 0.09937101
0.08193271 0.1236191 0.002551283 8407571 -0.02037783 0.1020612 0.09937101
0.07806939 0.1269481 0.003181176 8497656 -0.02378727 0.1036635 0.1000796
0.07372616 0.1292056 0.003659464 8607756 -0.02752941 0.1050398 0.1009712
0.07372616 0.1292056 0.003659464 8747886 -0.02752941 0.1050398 0.1009712
0.06974425 0.1321302 0.004294637 8837960 -0.03117036 0.106757 0.1016532
0.06540369 0.1337262 0.004741019 8948075 -0.03517338 0.1080779 0.1023764
0.06540369 0.1337262 0.004741019 9068163 -0.03517338 0.1080779 0.1023764
0.06167923 0.1354838 0.005465227 9178291 -0.0387008 0.1095952 0.1032399
0.05740118 0.1376159 0.00599638 9288382 -0.0424649 0.1111593 0.1041446
0.05740118 0.1376159 0.00599638 9398461 -0.0424649 0.1111593 0.1041446
0.05295525 0.1393274 0.006602046 9508569 -0.04644428 0.1122648 0.1050581
0.0486034 0.1406162 0.007352057 9628673 -0.0505215 0.1131271 0.1059667
0.0486034 0.1406162 0.007352057 9728767 -0.0505215 0.1131271 0.1059667
0.04412074 0.1423609 0.00790618 9868894 -0.05449443 0.1139685 0.1067756
0.04000452 0.1432064 0.008515128 9958975 -0.05827653 0.1145748 0.107648
0.04000452 0.1432064 0.008515128 10069083 -0.05827653 0.1145748 0.107648
0.03569106 0.1445833 0.008637084 10199188 -0.06207637 0.1153316 0.1080963
0.03156868 0.1448202 0.009029177 10299274 -0.0659251 0.1157469 0.1088087
0.03156868 0.1448202 0.009029177 10399365 -0.0659251 0.1157469 0.1088087
0.02755795 0.1449915 0.009148064 10539487 -0.06948283 0.1159362 0.1093734
0.0232369 0.1459104 0.009206517 10629572 -0.07315177 0.1159339 0.1097892
0.0232369 0.1459104 0.009206517 10739692 -0.07315177 0.1159339 0.1097892
0.01865734 0.146584 0.00858664 10879802 -0.07691322 0.1160763 0.1097885
0.01420321 0.1471967 0.008305089 10969888 -0.08086784 0.1163129 0.1098627
0.01420321 0.1471967 0.008305089 11079983 -0.08086784 0.1163129 0.1098627
0.01025466 0.146779 0.007920977 11210112 -0.08440766 0.1161171 0.1099266
0.006764382 0.1467725 0.007574238 11300186 -0.08768117 0.1162522 0.109823
0.006764382 0.1467725 0.007574238 11410285 -0.08768117 0.1162522 0.109823
0.002278469 0.1464229 0.00656228 11540410 -0.09128419 0.1161669 0.1096974
-0.001126396 0.1463214 0.006274695 11640485 -0.09453066 0.1160646 0.109553
-0.001126396 0.1463214 0.006274695 11750588 -0.09453066 0.1160646 0.109553
-0.005171291 0.1461478 0.005595271 11860687 -0.09795108 0.1156408 0.1093617
-0.008977228 0.1465861 0.004996205 11990809 -0.1012086 0.1154789 0.1090729
-0.01283294 0.1462209 0.004587051 12080890 -0.1046069 0.1149798 0.1090274
-0.01283294 0.1462209 0.004587051 12201015 -0.1046069 0.1149798 0.1090274
-0.01656446 0.1461437 0.004137542 12331108 -0.1079 0.1148538 0.108947
-0.01983481 0.145947 0.003956584 12421189 -0.1110386 0.114516 0.1088385
-0.01983481 0.145947 0.003956584 12531297 -0.1110386 0.114516 0.1088385
-0.02447481 0.1456459 0.003286198 12671423 -0.114926 0.1141006 0.1087838
-0.02788392 0.1457721 0.003528362 12751495 -0.1182086 0.1137778 0.108999
-0.02788392 0.1457721 0.003528362 12871612 -0.1182086 0.1137778 0.108999
-0.0317419 0.1456867 0.003271406 12981703 -0.1215372 0.1134017 0.1091049
-0.03556769 0.1458891 0.003199697 13091815 -0.1247813 0.1130313 0.1093484
-0.03556769 0.1458891 0.003199697 13201894 -0.1247813 0.1130313 0.1093484
-0.03953946 0.145534 0.003115872 13311997 -0.1282187 0.1124501 0.1096415
-0.04334825 0.1454864 0.003338444 13422109 -0.131711 0.1118316 0.1099482
-0.04334825 0.1454864 0.003338444 13532208 -0.131711 0.1118316 0.1099482
-0.04662981 0.1446501 0.00361841 13652320 -0.1350439 0.1112073 0.1102523
-0.05079397 0.1445713 0.003668582 13782422 -0.138684 0.1107703 0.1106224
-0.05079397 0.1445713 0.003668582 13872507 -0.138684 0.1107703 0.1106224
-0.05464911 0.1446667 0.004039592 13982618 -0.1420684 0.1101742 0.1111581
-0.05819708 0.1442914 0.004516717 14102711 -0.1455045 0.1095077 0.1116324
-0.05819708 0.1442914 0.004516717 14212818 -0.1455045 0.1095077 0.1116324
-0.06210801 0.144111 0.004787155 14322917 -0.1489168 0.1091548 0.1122514
-0.06598156 0.1437003 0.004879442 14453035 -0.1522779 0.1085885 0.112705
-0.06598156 0.1437003 0.004879442 14563126 -0.1522779 0.1085885 0.112705
-0.0697367 0.1422565 0.004976869 14653224 -0.1555188 0.107803 0.1134234
-0.07294319 0.1410393 0.005342126 14773316 -0.1587785 0.1069698 0.1138678
-0.07294319 0.1410393 0.005342126 14883427 -0.1587785 0.1069698 0.1138678
-0.07651357 0.1399034 0.005725321 15013545 -0.1622274 0.1063173 0.1144974
-0.07976379 0.1385396 0.006225959 15103622 -0.1655242 0.1052339 0.1150476
-0.07976379 0.1385396 0.006225959 15213713 -0.1655242 0.1052339 0.1150476
-0.08312442 0.1370497 0.006070155 15333826 -0.1685688 0.1042879 0.1153046
-0.08577484 0.1353846 0.006208404 15443933 -0.1710691 0.1030415 0.1156847
-0.08577484 0.1353846 0.006208404 15554016 -0.1710691 0.1030415 0.1156847
-0.08895776 0.1329602 0.006040744 15664128 -0.1737113 0.1015139 0.1161961
-0.09181136 0.1308449 0.005776036 15774223 -0.1762711 0.1002789 0.1164039
-0.09181136 0.1308449 0.005776036 15884322 -0.1762711 0.1002789 0.1164039
-0.09530843 0.1289335 0.005609308 16004455 -0.1791134 0.09868555 0.116821
-0.09791322 0.1265296 0.005532891 16144569 -0.181646 0.09694573 0.1169773
-0.09791322 0.1265296 0.005532891 16234639 -0.181646 0.09694573 0.1169773
-0.1006902 0.1242447 0.005527993 16334729 -0.18422 0.09514136 0.117251
-0.1034874 0.1221268 0.005359343 16464846 -0.1867642 0.09336296 0.1173587
-0.1034874 0.1221268 0.005359343 16554920 -0.1867642 0.09336296 0.1173587
-0.1058554 0.1188399 0.005461185 16675028 -0.189298 0.09115861 0.1176099
-0.1086996 0.1165087 0.005364392 16785176 -0.1920595 0.08953311 0.1177463
-0.1086996 0.1165087 0.005364392 16895231 -0.1920595 0.08953311 0.1177463
-0.1108609 0.1124806 0.005279458 17005326 -0.194489 0.08741634 0.1179044
-0.1130594 0.1094455 0.005251017 17125434 -0.1967432 0.08558172 0.1180952
-0.1130594 0.1094455 0.005251017 17265573 -0.1967432 0.08558172 0.1180952
-0.1152456 0.1063088 0.005255281 17375672 -0.1990434 0.08339006 0.1182106
-0.1172682 0.103355 0.005512903 17615881 -0.2011973 0.08115544 0.1185145
-0.118983 0.1000304 0.005751667 17826079 -0.2030446 0.07896926 0.1188725
-0.1230974 0.09374988 0.006089056 18046273 -0.2068722 0.07428275 0.1197072
-0.1246457 0.09053965 0.006341088 18286498 -0.2086965 0.07205522 0.1199195
-0.1265087 0.08723813 0.006575493 18506689 -0.2104329 0.06958091 0.1203788
-0.1298766 0.07982472 0.007067322 18726888 -0.2138881 0.06430545 0.1211177
-0.1316256 0.07638944 0.007218002 18977126 -0.2156063 0.06151581 0.1213769
-0.1338056 0.0731151 0.00723428 19167293 -0.2174617 0.05866985 0.1216862
-0.1369768 0.06672828 0.007654327 19397489 -0.2207124 0.05345972 0.1221906
-0.1387474 0.06266208 0.007537764 19617704 -0.2223261 0.05045908 0.1223068
-0.1401031 0.05932219 0.007703996 19837898 -0.2236842 0.04788696 0.1225503
-0.1423055 0.05250166 0.008327488 20088124 -0.2259534 0.04243196 0.1232531
-0.1434406 0.04900165 0.008374316 20288451 -0.2271037 0.0398444 0.1233651
-0.1442405 0.04490527 0.008552528 20518496 -0.2280275 0.03700835 0.1235465
-0.1452388 0.03689087 0.00835636 20748724 -0.2290554 0.03185297 0.1234895
-0.1455266 0.03260075 0.008393832 20968923 -0.2294657 0.02898671 0.1234913
-0.1461175 0.02904844 0.008169323 21179121 -0.2297469 0.02610889 0.1235112
-0.1470111 0.02009684 0.007649172 21429335 -0.2304665 0.01960371 0.1231534
-0.1477072 0.01575122 0.007246085 21629503 -0.2311088 0.01648537 0.1227879
-0.1477473 0.01175585 0.006598425 21849706 -0.2312248 0.01364865 0.1220721
-0.1475815 0.001658183 0.005691866 22079914 -0.2311046 0.006994253 0.1210248
-0.1476709 -0.003150435 0.005128438 22300104 -0.2310036 0.003506773 0.1205303
-0.1477496 -0.00812399 0.004748574 22550346 -0.2309665 -0.0001744907 0.1201522
-0.1475984 -0.01680975 0.003816745 22750527 -0.2306545 -0.006901285 0.1191846
-0.1475855 -0.02189093 0.003722108 22980718 -0.2308153 -0.01033565 0.1188112
-0.1468503 -0.03084905 0.004358129 23190920 -0.2307582 -0.01641018 0.1186264
-0.1464504 -0.03509169 0.004753842 23411115 -0.2305429 -0.01947008 0.1187305
-0.1455943 -0.03970985 0.005322968 23651340 -0.2298958 -0.02256861 0.1189262
-0.1447052 -0.04775393 0.006621306 23881539 -0.2290389 -0.02831914 0.1198308
-0.1435595 -0.05206994 0.007405186 24091737 -0.2282853 -0.03115775 0.1200572
-0.1420366 -0.05675449 0.008415862 24311936 -0.2272049 -0.0338907 0.1203527
-0.1383292 -0.0652155 0.009842034 24552145 -0.2240266 -0.03952283 0.1207568
-0.1359964 -0.06945142 0.01057419 24752321 -0.2220767 -0.04260455 0.1209176
-0.133718 -0.07366148 0.0110698 24992546 -0.2200176 -0.04562236 0.1209445
-0.1287381 -0.08241306 0.01193205 25202752 -0.2150438 -0.05162375 0.1210631
-0.1257332 -0.0870054 0.0124034 25432939 -0.212232 -0.05454019 0.120894
-0.1226773 -0.09105786 0.012816 25663147 -0.2094858 -0.05740168 0.1206945
-0.1164366 -0.09812453 0.0131738 25883350 -0.2036237 -0.06222804 0.1200199
-0.1132125 -0.1009715 0.01317534 26113562 -0.2005999 -0.06429644 0.1195926
-0.110015 -0.1041803 0.01332882 26323755 -0.1976121 -0.06633753 0.1191634
-0.1029187 -0.1101977 0.01365695 26553955 -0.1910415 -0.06993932 0.1181552
-0.09925471 -0.1133837 0.01385139 26794168 -0.1874644 -0.07195088 0.1178159
-0.09605144 -0.1165571 0.01357817 26994353 -0.183784 -0.07386056 0.1174351
-0.08823086 -0.1215985 0.01308082 27214555 -0.1759741 -0.07730186 0.1162564
-0.08451977 -0.1248758 0.01304281 27474782 -0.172014 -0.07928525 0.1158655
-0.08058614 -0.1271918 0.0130338 27684964 -0.1681095 -0.08066164 0.1154098
-0.07230763 -0.1317364 0.01316781 27895157 -0.1601344 -0.0834787 0.1144787
-0.06860907 -0.1343766 0.01323827 28145379 -0.1564004 -0.08496 0.1140198
-0.06073475 -0.138187 0.01291001 28355597 -0.1483807 -0.08802465 0.1134495
-0.05708661 -0.139837 0.01232079 28575772 -0.1445792 -0.08917925 0.1127453
-0.05348387 -0.1412445 0.0116936 28785965 -0.1408475 -0.09015043 0.1120093
-0.05004404 -0.1434289 0.01136217 29016173 -0.1372596 -0.09118648 0.1112143
-0.04218006 -0.1455701 0.01036977 29246389 -0.1301252 -0.0927817 0.1092903
-0.03875449 -0.1460543 0.009691227 29456583 -0.1268066 -0.0933059 0.108538
-0.03526819 -0.1473839 0.008858976 29696787 -0.1232656 -0.09429969 0.1075745
-0.02865121 -0.1500323 0.007526188 29917002 -0.1162033 -0.09573208 0.1059761
-0.02535981 -0.1506833 0.006765456 30127180 -0.1129827 -0.09609826 0.1049945
-0.02156422 -0.1513991 0.006787989 30367384 -0.1097128 -0.0966917 0.1044771
-0.01485447 -0.1521051 0.006163946 30577582 -0.1033878 -0.09746321 0.1035414
-0.01179167 -0.1529657 0.005626407 30797781 -0.1001517 -0.09826121 0.103126
-0.008941837 -0.1530939 0.005102653 31048003 -0.0971759 -0.09866182 0.1028684
-0.002290563 -0.153236 0.004755045 31248187 -0.09123167 -0.09863003 0.1017803
0.0007441664 -0.1530338 0.004540254 31488412 -0.088403 -0.09860246 0.1014747
0.007709821 -0.1519034 0.004535838 31718616 -0.08242426 -0.09863731 0.1012044
0.01094557 -0.1513597 0.004446954 31918792 -0.07946413 -0.09846289 0.101061
0.01407599 -0.1511931 0.004159248 32138991 -0.07653801 -0.09842969 0.1006548
0.01748802 -0.1509183 0.004277784 32369207 -0.07344478 -0.09826253 0.1005319
0.02438208 -0.1500301 0.004218233 32599415 -0.06703842 -0.09743463 0.1000423
0.02732533 -0.1499549 0.004342767 32829614 -0.06410655 -0.09710534 0.1000162
0.03425156 -0.1482227 0.004486518 33039796 -0.05783738 -0.09625526 0.1000128
0.03795042 -0.1474464 0.004792031 33260011 -0.0546388 -0.09563735 0.09991987
0.04141928 -0.1465398 0.004978494 33510229 -0.05152414 -0.09485362 0.0998274
0.04882095 -0.14434 0.006037493 33700392 -0.04506836 -0.09325965 0.100281
0.0525439 -0.1425977 0.006341279 33950618 -0.04186707 -0.09232823 0.1004997
0.05599217 -0.1414426 0.006481747 34150807 -0.03865308 -0.09139715 0.1005242
0.0634416 -0.1380926 0.007491604 34381022 -0.03214663 -0.08897059 0.1010659
0.06689489 -0.1364169 0.007659733 34601221 -0.02892773 -0.0875098 0.1011069
0.07078759 -0.1348313 0.008159379 34831433 -0.0255431 -0.08608703 0.1011682
0.07813451 -0.1301443 0.008470676 35041598 -0.01918245 -0.08311377 0.1013351
0.08164581 -0.1283965 0.009004645 35281819 -0.0159515 -0.08157946 0.1016825
0.08517243 -0.1261079 0.009200756 35492025 -0.01271285 -0.0800848 0.1019725
0.09209645 -0.1211942 0.009575358 35742243 -0.006537686 -0.07617307 0.1020452
0.09571757 -0.1184349 0.009767761 35932414 -0.003467631 -0.07406341 0.1019616
0.09889977 -0.1163327 0.009800011 36172639 -0.0005168103 -0.07225786 0.1018869
0.1053409 -0.1096374 0.008609155 36422849 0.005306826 -0.06782719 0.1010826
0.1086743 -0.1068759 0.00857712 36613033 0.008347246 -0.06542265 0.1008938
0.112383 -0.102775 0.008209506 36853241 0.01139265 -0.06264684 0.1003883
0.117958 -0.09616806 0.006853238 37063439 0.01658868 -0.05710937 0.09907543
0.1207748 -0.09196682 0.005916577 37293635 0.01900437 -0.05417658 0.09822544
0.1229627 -0.08817751 0.004636736 37503833 0.02131445 -0.05113588 0.0973827
0.1285148 -0.07951251 0.002506585 37734032 0.02616433 -0.04466265 0.0953297
0.1311056 -0.0750778 0.001616871 37984266 0.02841815 -0.04132 0.09447134
0.1351613 -0.06625794 0.000381311 38184455 0.0320003 -0.03420445 0.09331483
0.1363823 -0.06208993 -0.0002118334 38414650 0.03326065 -0.03097459 0.09308345
0.1391469 -0.05675082 0.0002219896 38755128 0.03521653 -0.02724279 0.09314135
0.1420564 -0.04738699 -0.0002244109 38975164 0.03809916 -0.02030643 0.09340142
0.1430816 -0.04166437 -0.0003800333 39185358 0.03899196 -0.01635159 0.09359271
0.1449844 -0.03089539 -0.0001139603 39405549 0.04036978 -0.008198026 0.0939439
0.1456791 -0.02513043 0.0003002468 39635760 0.04066046 -0.003939981 0.09425923
0.1460105 -0.01986682 0.0005735753 39855959 0.04085382 0.0002321459 0.09461797
0.1466841 -0.009272115 0.001238012 40076154 0.0408659 0.008064823 0.09508999
0.1466793 -0.003808286 0.001008338 40316371 0.0408716 0.011931 0.09515316
0.1469671 0.005945161 0.0021976 40546578 0.04026133 0.01961555 0.09564951
0.1464702 0.009876276 0.002633739 40756768 0.03946313 0.02286244 0.09583834
0.1462094 0.01349152 0.003716795 40976963 0.03869147 0.02586121 0.09641588
0.1450713 0.02016511 0.005466335 41207162 0.03706614 0.03060173 0.09783635
0.1443664 0.02326706 0.006108969 41417372 0.03617064 0.03276758 0.09835684
0.1433079 0.02513502 0.006685331 41677591 0.0350411 0.03457107 0.09885655
0.1415458 0.0276383 0.008510361 41867779 0.03284139 0.0370892 0.1001635
0.14034 0.02715431 0.009138056 42097978 0.03183264 0.03761855 0.1009145
0.1393857 0.02682541 0.01055223 42318185 0.03042557 0.03768957 0.1017439
