0.1482259 -0.004567089 -0.002391693 0 0.1082515 0.0355218 0.1283798
0.1482259 -0.004567089 -0.002391693 110111 0.1082515 0.0355218 0.1283798
0.1488216 -0.004544201 -0.00220177 220211 0.1083926 0.035721 0.1283757
0.1488216 -0.004544201 -0.00220177 330298 0.1083926 0.035721 0.1283757
0.1494532 -0.004114571 -0.002362359 450426 0.1088105 0.0359543 0.1282091
0.1497467 -0.004058185 -0.00258966 550509 0.1092783 0.03595048 0.1280544
0.1498897 -0.00442976 -0.002788553 670625 0.1097618 0.03576249 0.1279042
0.1498897 -0.00442976 -0.002788553 780720 0.1097618 0.03576249 0.1279042
0.1496751 -0.004009666 -0.003385849 890816 0.1100781 0.03573447 0.1276055
0.1497741 -0.003579678 -0.004028338 1000915 0.1104154 0.03564745 0.1271905
0.1497741 -0.003579678 -0.004028338 1111023 0.1104154 0.03564745 0.1271905
0.1498988 -0.002899828 -0.004492189 1251153 0.1107377 0.03577048 0.1269509
0.1496445 -0.002458992 -0.005002252 1341218 0.1107332 0.0359295 0.1265975
0.1496445 -0.002458992 -0.005002252 1451309 0.1107332 0.0359295 0.1265975
0.1502942 -0.002052011 -0.004984449 1571430 0.1107551 0.03620785 0.1264655
0.1503303 -0.001704636 -0.005300875 1671516 0.1107506 0.03653485 0.1261428
0.1503303 -0.001704636 -0.005300875 1781607 0.1107506 0.03653485 0.1261428
0.1504566 -0.0004201555 -0.005857934 1891715 0.1107113 0.03716427 0.1257246
0.150356 0.0005333996 -0.006254596 2011823 0.1106959 0.03756744 0.1255096
0.150356 0.0005333996 -0.006254596 2121931 0.1106959 0.03756744 0.1255096
0.1498324 0.001850424 -0.006928836 2232018 0.1106122 0.03802102 0.1252064
0.1495097 0.003557381 -0.007540683 2362131 0.1105445 0.03878111 0.1249254
0.1495097 0.003557381 -0.007540683 2452225 0.1105445 0.03878111 0.1249254
0.1500546 0.005046544 -0.007582929 2572325 0.1104075 0.0397318 0.1248229
0.1499557 0.006957946 -0.007892648 2682428 0.1099689 0.04100782 0.1245759
0.1499557 0.006957946 -0.007892648 2792524 0.1099689 0.04100782 0.1245759
0.1491127 0.008886037 -0.00845266 2902635 0.1094344 0.04221541 0.1242916
0.1477729 0.01098162 -0.008951737 3022732 0.1087649 0.04332596 0.1242341
0.1477729 0.01098162 -0.008951737 3132827 0.1087649 0.04332596 0.1242341
0.1477996 0.01341611 -0.008757794 3242942 0.1082551 0.04483813 0.1244906
0.1459415 0.01611775 -0.009326887 3353038 0.1071968 0.04642195 0.1244145
0.1459415 0.01611775 -0.009326887 3473142 0.1071968 0.04642195 0.1244145
0.1449895 0.01897579 -0.009404878 3573232 0.1061881 0.04812354 0.1245769
0.144077 0.02189606 -0.009222842 3693341 0.1050435 0.05001563 0.1249112
0.144077 0.02189606 -0.009222842 3803432 0.1050435 0.05001563 0.1249112
0.1425776 0.02432269 -0.009365438 3913535 0.103794 0.05180722 0.1249725
0.1415473 0.02764958 -0.00924456 4023639 0.102843 0.05392534 0.1253579
0.1415473 0.02764958 -0.00924456 4133734 0.102843 0.05392534 0.1253579
0.1403322 0.03042549 -0.008607682 4243829 0.101351 0.05599719 0.1260504
0.1390989 0.03301805 -0.008555324 4363950 0.1006791 0.05780441 0.1264106
0.1390989 0.03301805 -0.008555324 4474049 0.1006791 0.05780441 0.1264106
0.138328 0.03523212 -0.007959598 4594154 0.09976654 0.05970293 0.1270235
0.1382719 0.03891462 -0.007015768 4694236 0.09875091 0.0624271 0.1278601
0.1382719 0.03891462 -0.007015768 4804343 0.09875091 0.0624271 0.1278601
0.1363839 0.04206556 -0.007102806 4944478 0.09765693 0.06441838 0.1281999
0.1356784 0.04506367 -0.006562361 5034559 0.09657715 0.06668419 0.1287517
0.1356784 0.04506367 -0.006562361 5144646 0.09657715 0.06668419 0.1287517
0.1339983 0.04749602 -0.00642901 5254746 0.09528558 0.06860048 0.1290781
0.1362075 0.05200738 -0.00525044 5374854 0.09523748 0.07132488 0.1298589
0.1362075 0.05200738 -0.00525044 5484958 0.09523748 0.07132488 0.1298589
0.1347074 0.0545904 -0.005097361 5585048 0.09401932 0.07346934 0.1301591
0.1334204 0.05748791 -0.004879226 5715161 0.09293415 0.07567281 0.1305328
0.1334204 0.05748791 -0.004879226 5815248 0.09293415 0.07567281 0.1305328
0.1341129 0.05986685 -0.003771183 5925351 0.09229071 0.07769567 0.1312817
0.1327172 0.06209904 -0.003355779 6055472 0.09121218 0.07952482 0.1318475
0.1325125 0.06537586 -0.002831839 6145558 0.09059887 0.08174902 0.132377
0.1325125 0.06537586 -0.002831839 6265658 0.09059887 0.08174902 0.132377
0.129549 0.0682562 -0.003260587 6395779 0.08912229 0.0837056 0.1325085
0.1289689 0.07159656 -0.003039846 6495870 0.08842506 0.08593637 0.132816
0.1289689 0.07159656 -0.003039846 6595968 0.08842506 0.08593637 0.132816
0.1282427 0.07359618 -0.002257673 6736087 0.087263 0.08767897 0.1334943
0.1270131 0.07644194 -0.002045315 6826160 0.08632694 0.08978086 0.13387
0.1270131 0.07644194 -0.002045315 6936259 0.08632694 0.08978086 0.13387
0.1259232 0.07829696 -0.001689502 7046367 0.08529074 0.09155004 0.1342502
0.1259232 0.07829696 -0.001689502 7156454 0.08529074 0.09155004 0.1342502
0.1247621 0.08106107 -0.001219333 7276578 0.08417775 0.09340268 0.1348206
0.1240636 0.0833891 -0.0008294747 7386666 0.08316994 0.09517592 0.135167
0.1224234 0.0860706 -0.0006167811 7496765 0.08188802 0.09695905 0.1355617
0.1224234 0.0860706 -0.0006167811 7606864 0.08188802 0.09695905 0.1355617
0.1215611 0.08921427 -2.218702E-05 7716968 0.08065894 0.09884197 0.1361416
0.1200992 0.09171563 0.00024801 7827067 0.0793708 0.1005955 0.1365146
0.1200992 0.09171563 0.00024801 7937162 0.0793708 0.1005955 0.1365146
0.1184357 0.09416872 0.0004359269 8057271 0.07820874 0.1022934 0.1368985
0.1167168 0.09609061 0.0006059447 8167374 0.077059 0.1038546 0.137256
0.1167168 0.09609061 0.0006059447 8287487 0.077059 0.1038546 0.137256
0.11512 0.09903269 0.001005149 8397594 0.07562894 0.1057623 0.1377583
0.113686 0.1015813 0.001266641 8517694 0.07422549 0.1073651 0.1380719
0.113686 0.1015813 0.001266641 8617777 0.07422549 0.1073651 0.1380719
0.1110197 0.1041275 0.00127028 8727880 0.07244946 0.1089693 0.1383657
0.109221 0.1067422 0.001532782 8837992 0.07073039 0.1107172 0.1386784
0.109221 0.1067422 0.001532782 8948079 0.07073039 0.1107172 0.1386784
0.1079746 0.1094753 0.002253588 9058174 0.06900657 0.1123934 0.1392909
0.1048531 0.1118063 0.002092084 9198300 0.06708726 0.1138378 0.1394816
0.1048531 0.1118063 0.002092084 9288398 0.06708726 0.1138378 0.1394816
0.1029327 0.1137746 0.002352656 9408506 0.06529859 0.1153763 0.1397839
0.1012142 0.1159282 0.002605592 9528603 0.06352436 0.1169515 0.1400272
0.1012142 0.1159282 0.002605592 9618696 0.06352436 0.1169515 0.1400272
0.09884799 0.1178115 0.002336838 9728787 0.06192229 0.1185091 0.1399677
0.09668594 0.119279 0.002166253 9848896 0.0602572 0.1198992 0.1399299
0.09668594 0.119279 0.002166253 9958995 0.0602572 0.1198992 0.1399299
0.0938838 0.1214909 0.001682459 10079095 0.05838216 0.1212628 0.1396891
0.09102723 0.1228935 0.0008114023 10189195 0.05659055 0.1224781 0.1390872
0.09102723 0.1228935 0.0008114023 10289305 0.05659055 0.1224781 0.1390872
0.08822446 0.1247207 0.0001102579 10409397 0.05458407 0.1240001 0.1385807
0.08604359 0.1273647 -0.000437964 10519501 0.05258318 0.1257525 0.1380686
0.08604359 0.1273647 -0.000437964 10639613 0.05258318 0.1257525 0.1380686
0.08236348 0.1285101 -0.001496534 10749709 0.05017573 0.1268905 0.1373112
0.07905935 0.1302317 -0.002246048 10849799 0.04772788 0.128501 0.1367561
0.07905935 0.1302317 -0.002246048 10969919 0.04772788 0.128501 0.1367561
0.07633068 0.131732 -0.00281627 11080007 0.04526645 0.1298978 0.1362445
0.07308337 0.1336976 -0.003479976 11190114 0.04278431 0.1313687 0.1357422
0.07308337 0.1336976 -0.003479976 11330224 0.04278431 0.1313687 0.1357422
0.06931525 0.134764 -0.00430087 11420314 0.04021057 0.1326697 0.1351795
0.06568016 0.1377365 -0.004447878 11530413 0.03723834 0.1346307 0.1351504
0.06568016 0.1377365 -0.004447878 11630524 0.03723834 0.1346307 0.1351504
0.06131127 0.1398169 -0.005247248 11750624 0.03419708 0.1361015 0.1346001
0.05751715 0.1421667 -0.005592634 11860711 0.03094557 0.1377613 0.1343388
0.05751715 0.1421667 -0.005592634 11980811 0.03094557 0.1377613 0.1343388
0.05430814 0.1437914 -0.005607978 12110933 0.02799069 0.1391088 0.1343624
0.05038218 0.1451741 -0.006115293 12201018 0.02504651 0.1405106 0.1340368
0.05038218 0.1451741 -0.006115293 12311110 0.02504651 0.1405106 0.1340368
0.04666726 0.1470427 -0.006445721 12471270 0.02224263 0.1418656 0.13385
0.04294519 0.1488633 -0.006640234 12541325 0.01928155 0.1432765 0.1337702
0.04294519 0.1488633 -0.006640234 12681452 0.01928155 0.1432765 0.1337702
0.03916738 0.1498207 -0.00681946 12901651 0.01632983 0.1443468 0.1337321
0.03118879 0.1523562 -0.00754137 13131866 0.01048852 0.1467512 0.1333356
0.02707506 0.1529534 -0.008195432 13352057 0.00724218 0.1479079 0.1328274
0.02375255 0.1541752 -0.008475194 13582277 0.004316639 0.149098 0.1326018
0.01555798 0.1548828 -0.009885146 13802459 -0.002158901 0.1508144 0.1314507
0.01100769 0.1557481 -0.01057827 14022662 -0.00559688 0.1517256 0.1308939
0.006686338 0.156126 -0.01138731 14252890 -0.008899103 0.152459 0.1302103
-0.00162933 0.1563132 -0.01262227 14463060 -0.01558667 0.1533176 0.1291609
-0.006259006 0.1561926 -0.01310161 14693275 -0.01942957 0.1534956 0.1287628
-0.01069502 0.1561119 -0.01359715 14933480 -0.02302209 0.1537458 0.1283489
-0.01864446 0.1556891 -0.01464759 15143678 -0.02959862 0.1537618 0.1274177
-0.02273933 0.1552715 -0.01522149 15373882 -0.0328643 0.153693 0.1269096
-0.02684143 0.1546704 -0.0159395 15604106 -0.03619493 0.1535931 0.1262491
-0.03559394 0.1530305 -0.01731026 15824288 -0.04354108 0.1527515 0.1249677
-0.03902541 0.1523533 -0.01767753 16034490 -0.04698936 0.1521668 0.1245996
-0.04385768 0.1511913 -0.0183694 16264677 -0.0507205 0.1515586 0.1239648
-0.05106413 0.1486329 -0.01915704 16484884 -0.05678694 0.1497689 0.1232235
-0.05462194 0.1470755 -0.01971651 16715088 -0.05949929 0.1487914 0.1226897
-0.05784263 0.145659 -0.02014467 16925286 -0.06241624 0.1478706 0.1222648
-0.06421594 0.142217 -0.02048916 17145484 -0.06821135 0.145243 0.1219227
-0.06847505 0.1408538 -0.02078534 17385697 -0.07147354 0.1438712 0.1216512
-0.07164239 0.1392533 -0.02083993 17605892 -0.07448373 0.1423636 0.1215978
-0.07911116 0.1362076 -0.02075937 17826103 -0.08046201 0.1395395 0.1216952
-0.08253857 0.1348526 -0.02059385 18086342 -0.08309124 0.1383567 0.121862
-0.08763289 0.1307232 -0.02010121 18266496 -0.08821664 0.1352678 0.1223251
-0.09140324 0.129167 -0.01986855 18496700 -0.09096781 0.1339214 0.1225514
-0.09467208 0.1272145 -0.01945495 18736929 -0.09380675 0.132511 0.122944
-0.1011171 0.123084 -0.01883268 18937097 -0.09945364 0.129267 0.1235234
-0.1037784 0.1216519 -0.01836963 19167305 -0.1018033 0.1279264 0.1239785
-0.1075475 0.1191871 -0.01795449 19407514 -0.1045349 0.1262472 0.1243386
-0.1136775 0.1154857 -0.01676317 19617711 -0.1096658 0.1228586 0.1254894
-0.1165295 0.1132773 -0.01572178 19837910 -0.1122492 0.1210855 0.1264997
-0.1200261 0.111439 -0.01491545 20068110 -0.1150885 0.1192372 0.1272853
-0.1256627 0.1066927 -0.01319924 20278316 -0.1205687 0.1157554 0.128921
-0.1274742 0.1045026 -0.01231691 20508519 -0.122832 0.1138392 0.1298011
-0.1304981 0.1019246 -0.01152847 20738735 -0.1249961 0.1117955 0.1305227
-0.1353417 0.09597665 -0.009720404 20968939 -0.1295465 0.1070982 0.1322267
-0.1382131 0.09304267 -0.00898773 21189125 -0.1321248 0.1049538 0.1328831
-0.1400931 0.09024184 -0.008197157 21409324 -0.1343063 0.1025777 0.1336499
-0.1430739 0.08290011 -0.00681379 21629523 -0.1376578 0.09680539 0.1349027
-0.1446597 0.07905823 -0.006119788 21869748 -0.139068 0.09347743 0.1355385
-0.1461193 0.07473105 -0.005635664 22069932 -0.1402619 0.0899778 0.1359252
-0.1489815 0.06566077 -0.004842151 22290127 -0.1426486 0.08256227 0.1365102
-0.149212 0.06156283 -0.004421344 22540345 -0.1437247 0.07866055 0.1369428
-0.1506418 0.0559346 -0.00413566 22740542 -0.1450838 0.07449275 0.1370414
-0.15357 0.04678339 -0.003648112 22970745 -0.1474044 0.06639558 0.1373611
-0.1536421 0.04126996 -0.003658868 23190944 -0.1478615 0.06207985 0.1371949
-0.1538901 0.03611356 -0.003582222 23421144 -0.1481595 0.05783754 0.1371355
-0.1543811 0.02555162 -0.004028476 23641350 -0.1486974 0.04926008 0.1363704
-0.1542591 0.02005178 -0.004155579 23861545 -0.1488871 0.04499727 0.1360411
-0.1549866 0.0152933 -0.004449683 24091761 -0.1494437 0.04091221 0.1356189
-0.1553146 0.005038915 -0.005424066 24321957 -0.1500071 0.03266603 0.1342714
-0.155319 4.881382E-05 -0.005875452 24542155 -0.1502146 0.02868503 0.1336242
-0.1551462 -0.004840317 -0.006123586 24752353 -0.1503376 0.02460402 0.1332183
-0.1561979 -0.01458866 -0.006343197 24982557 -0.1512918 0.01677602 0.1325757
-0.1564527 -0.01888937 -0.006639755 25202747 -0.1517769 0.01309806 0.132145
-0.1559965 -0.02314919 -0.006789944 25432967 -0.15225 0.009464798 0.1318771
-0.155486 -0.0322823 -0.006857987 25673184 -0.1524749 0.002330122 0.1313417
-0.1554286 -0.03665191 -0.006635529 25873353 -0.1528646 -0.001116338 0.1313388
-0.1552211 -0.04075283 -0.006306443 26093555 -0.1532483 -0.00440413 0.1314656
-0.1538139 -0.04924566 -0.005687444 26323771 -0.1532488 -0.01091177 0.1315585
-0.1529424 -0.05292946 -0.005355379 26553975 -0.1530491 -0.01402754 0.1317318
-0.1513329 -0.0572322 -0.004842702 26774178 -0.1525591 -0.01724428 0.1319261
-0.1482653 -0.06495125 -0.003983702 26994360 -0.1512481 -0.02330417 0.1322619
-0.146589 -0.06934482 -0.00340309 27224568 -0.1501152 -0.02634853 0.1324098
-0.1447991 -0.07289857 -0.002874362 27454780 -0.1488402 -0.02928061 0.1327258
-0.1411013 -0.08034068 -0.001834925 27664965 -0.1456923 -0.03546518 0.1333367
-0.1390197 -0.0837974 -0.001259105 27885184 -0.144217 -0.03834635 0.1336981
-0.1369503 -0.08720201 -0.000471931 28135390 -0.1427967 -0.04134351 0.1343207
-0.1324466 -0.09410769 0.0007039124 28335570 -0.1395606 -0.04691607 0.1349745
-0.1295619 -0.09784585 0.001469564 28555777 -0.1376806 -0.04978723 0.1353752
-0.1253219 -0.1048766 0.002605252 28785985 -0.1338031 -0.05546445 0.1359948
-0.1235368 -0.1079755 0.003167314 29006192 -0.1321547 -0.05833286 0.1364625
-0.1211974 -0.1111068 0.003677945 29256462 -0.1307712 -0.06124586 0.1368263
-0.1155529 -0.1183915 0.005414183 29456582 -0.1274067 -0.06688149 0.1377489
-0.1128797 -0.1216665 0.006165716 29676781 -0.1254792 -0.06952649 0.1381844
-0.1102242 -0.1245912 0.006878821 29917014 -0.1231931 -0.07196301 0.1386678
-0.1037286 -0.1301174 0.008498489 30127195 -0.1179871 -0.07685608 0.1398993
-0.1006298 -0.1323385 0.009338636 30347394 -0.1154961 -0.07902796 0.1406521
-0.09740192 -0.1344729 0.01041001 30567593 -0.1130764 -0.08091182 0.1415274
-0.09022079 -0.1379699 0.01251763 30797797 -0.1073595 -0.08423024 0.1433785
-0.08672117 -0.1399843 0.01349472 31018003 -0.1040328 -0.08574385 0.144126
-0.0830303 -0.1415194 0.01427903 31258224 -0.1005277 -0.08697706 0.1447598
-0.07521877 -0.1435806 0.01576679 31478411 -0.09388191 -0.08907551 0.1461015
-0.07083028 -0.1443291 0.01635844 31688613 -0.0908461 -0.08996338 0.1465506
-0.06660496 -0.1455404 0.01681924 31918897 -0.08782046 -0.09077018 0.1466514
-0.05823937 -0.1469614 0.01768957 32129010 -0.08088595 -0.09203619 0.1472141
-0.05476547 -0.1474054 0.01775968 32369223 -0.07758271 -0.09257752 0.1472955
-0.05047813 -0.1481398 0.01833737 32589421 -0.0739888 -0.09300298 0.1476178
-0.04228856 -0.1481434 0.0181954 32799619 -0.06694937 -0.09346479 0.1474561
-0.03819693 -0.1487356 0.01813461 33049837 -0.06356282 -0.09375972 0.1471326
-0.03031703 -0.1489821 0.01717751 33260023 -0.05609088 -0.09406728 0.1461206
-0.02520335 -0.1489839 0.01688431 33470220 -0.05204319 -0.09417433 0.1456546
-0.02185881 -0.1493484 0.01626141 33730447 -0.04875965 -0.09427161 0.1449049
-0.01404527 -0.1490403 0.01493489 33920639 -0.04221506 -0.0939476 0.1432997
-0.01002222 -0.148166 0.01380875 34150822 -0.03866889 -0.09368187 0.1423276
-0.006055423 -0.1485701 0.01342937 34381030 -0.0352746 -0.09354752 0.1415895
-0.001624102 -0.1480102 0.01253112 34591216 -0.03158277 -0.09320563 0.1406139
0.006295439 -0.1473566 0.01074234 34831441 -0.0241803 -0.09238702 0.1386323
0.010685 -0.1466036 0.009854614 35051652 -0.0202301 -0.09193033 0.1377661
0.01888853 -0.145165 0.007951519 35271846 -0.01302086 -0.09066075 0.1356908
0.02355975 -0.1441903 0.007189547 35502050 -0.009398082 -0.08980018 0.1347112
0.02816029 -0.143474 0.006462494 35722245 -0.00580982 -0.08910555 0.1337274
0.0354549 -0.141431 0.004394292 35952460 0.000999335 -0.08758801 0.1317521
0.03917598 -0.1403415 0.00366222 36172651 0.004197814 -0.08667105 0.1309503
0.04240807 -0.1396001 0.002751255 36382833 0.007171876 -0.08593601 0.1299709
0.049693 -0.1370853 0.001144974 36623062 0.0131374 -0.08389944 0.1281931
0.05327495 -0.1357117 0.000797459 36833255 0.01588542 -0.08289045 0.1277549
0.05653234 -0.13452 0.0003898317 37053442 0.01861551 -0.08179039 0.1272289
0.06261091 -0.1306465 -0.0005160446 37303684 0.02377422 -0.07910628 0.1265334
0.06534077 -0.1284745 -0.0007893021 37503848 0.02614303 -0.07751841 0.1263848
0.06912933 -0.1265165 -0.0006572456 37734064 0.02888011 -0.07596201 0.1263487
0.07596331 -0.1225139 -0.0005440084 37944246 0.03413228 -0.07262702 0.1262144
0.07947943 -0.1207427 -0.0002364871 38174482 0.03697934 -0.07109541 0.1263934
0.08287936 -0.1187928 2.285141E-05 38414686 0.0397715 -0.06940144 0.1265474
0.08919366 -0.1150906 0.0001510863 38634861 0.0450913 -0.06640369 0.1266059
0.09210907 -0.1125152 -0.0001847671 38845055 0.04752842 -0.06460113 0.1263975
0.09495178 -0.1110277 -0.0001671436 39095280 0.05005205 -0.06313652 0.1263109
0.1009024 -0.1063238 -0.0002925453 39295473 0.05512734 -0.05966872 0.1263337
0.1031419 -0.1049324 -7.258239E-05 39635776 0.05727526 -0.05823154 0.1265036
0.1089677 -0.1000899 0.0006830416 39875993 0.0616148 -0.0544371 0.1270942
0.1113728 -0.09731741 0.0006083002 40076170 0.06379392 -0.05243749 0.1272112
0.1169945 -0.09259409 0.001358315 40296372 0.06858855 -0.04859871 0.1279582
0.1199782 -0.08945328 0.001563822 40556615 0.07101467 -0.0465166 0.1283126
0.1241244 -0.08470184 0.00208584 40746787 0.0752248 -0.04249949 0.1291057
0.1266429 -0.08150417 0.002723395 40976995 0.07700667 -0.04015177 0.1297371
0.1281187 -0.07800657 0.00272775 41187168 0.07849362 -0.03772849 0.1300906
0.1300422 -0.07446093 0.003370638 41427401 0.07976338 -0.03519839 0.1307942
0.1328112 -0.06827695 0.004112973 41657601 0.08209351 -0.03006381 0.1316815
0.1343549 -0.06467611 0.004512059 41867790 0.08318705 -0.02718956 0.1321164
0.1362051 -0.06114918 0.005295729 42087997 0.08451472 -0.02426499 0.132865
0.1395312 -0.05406565 0.006902468 42428288 0.08731824 -0.01871843 0.1346938
0.1424536 -0.04733259 0.008803557 42658512 0.08963104 -0.01313275 0.1366566
0.1437325 -0.04290551 0.009469138 42868694 0.09054624 -0.009970847 0.1375035
0.1442116 -0.03943998 0.009860593 43128929 0.09134922 -0.007215443 0.1382093
0.1462482 -0.03160447 0.01128806 43309103 0.09288764 -0.001261773 0.1398891
0.1470965 -0.02796728 0.0121076 43559309 0.09365871 0.001643 0.1408472
0.1488079 -0.02016479 0.01323351 43779524 0.09494562 0.007347164 0.1422614
0.1497311 -0.01708311 0.01392284 43999727 0.09542637 0.009948311 0.1428668
0.1500841 -0.01390428 0.0142721 44219917 0.09557337 0.01266867 0.1432244
0.1513527 -0.007764044 0.01505965 44470139 0.09645833 0.01763004 0.1440867
0.1515241 -0.005256 0.01507284 44670465 0.09697481 0.01966792 0.1443378
0.1527376 -0.003409448 0.0154936 44880509 0.09773222 0.02138287 0.1445905
0.1528184 -0.0003337288 0.01546452 45260857 0.09783456 0.02358681 0.1447349
0.1526169 0.006497917 0.01420623 45441023 0.0981189 0.02784043 0.144132
0.1530007 0.007137117 0.01398035 45661222 0.09830939 0.02896052 0.143745
0.1535595 0.00848764 0.01357367 45911456 0.09875271 0.03012878 0.1433201
0.1543706 0.009944138 0.01288223 46121633 0.0997901 0.03171259 0.1427027
0.1548489 0.01150852 0.01296733 46341840 0.1000221 0.03271991 0.1427762
0.1548813 0.01262647 0.01304078 46562035 0.1000292 0.0332573 0.1429325
0.1552284 0.01539963 0.01547545 46792230 0.09945638 0.03359705 0.1453392
0.1544334 0.01682502 0.01720094 47022454 0.09834874 0.03365237 0.1471148
