0.1436888 -0.005300918 0.005973548 0 0.05689989 0.001742119 0.2183965
0.1434747 -0.005487493 0.006093234 110099 0.05687146 0.00130778 0.2186651
0.1434747 -0.005487493 0.006093234 220198 0.05687146 0.00130778 0.2186651
0.143225 -0.005834491 0.006130353 340319 0.05675057 0.001056099 0.2188917
0.1430162 -0.006424479 0.006300688 460423 0.05677048 0.0006766263 0.2191613
0.1430095 -0.006647776 0.006591856 560505 0.05699288 0.0002405885 0.219349
0.1430095 -0.006647776 0.006591856 670609 0.05699288 0.0002405885 0.219349
0.1430807 -0.006248268 0.00634928 800730 0.05718191 0.0001995805 0.2193672
0.1430807 -0.006248268 0.00634928 890828 0.05718191 0.0001995805 0.2193672
0.1433428 -0.006515383 0.006731883 1000907 0.0575852 -0.0001234469 0.2193403
0.1433946 -0.006293515 0.006455466 1121027 0.05768207 -0.0002165792 0.2193149
0.1433946 -0.006293515 0.006455466 1231119 0.05768207 -0.0002165792 0.2193149
0.1436149 -0.005960067 0.006407082 1341210 0.05779393 -0.0003407059 0.2191332
0.1438571 -0.005703737 0.006437719 1451313 0.05789685 -0.0005177615 0.2189277
0.1438571 -0.005703737 0.006437719 1581431 0.05789685 -0.0005177615 0.2189277
0.1441973 -0.005649337 0.00615035 1671512 0.05808736 -0.0006756542 0.2186032
0.1448664 -0.005684186 0.005945504 1791620 0.05836818 -0.0007217286 0.2179421
0.1448664 -0.005684186 0.005945504 1901716 0.05836818 -0.0007217286 0.2179421
0.1451191 -0.005478509 0.005631119 2011815 0.05839863 -0.0005602001 0.2176221
0.1456085 -0.004780087 0.005133852 2121927 0.05859797 -0.0002072512 0.2171092
0.1456085 -0.004780087 0.005133852 2232014 0.05859797 -0.0002072512 0.2171092
0.145879 -0.004337868 0.004683092 2352126 0.05852614 0.0002173723 0.216695
0.1462461 -0.003259298 0.004749507 2462226 0.05846823 0.0008621456 0.2162538
0.1462461 -0.003259298 0.004749507 2572321 0.05846823 0.0008621456 0.2162538
0.1462589 -0.00278573 0.004440993 2682428 0.05831754 0.001192296 0.2161215
0.1463625 -0.002021005 0.004438028 2792524 0.05813195 0.001527006 0.2159069
0.1463625 -0.002021005 0.004438028 2902623 0.05813195 0.001527006 0.2159069
0.1462515 -0.0003297707 0.004275531 3022727 0.05793452 0.002180362 0.2159327
0.1464786 0.001888113 0.005469337 3132835 0.05785629 0.003080094 0.2157711
0.1464786 0.001888113 0.005469337 3242930 0.05785629 0.003080094 0.2157711
0.1460391 0.003693906 0.004811034 3373048 0.05747921 0.00404709 0.216008
0.1456465 0.00592508 0.004942074 3463133 0.05713177 0.005283261 0.2162845
0.1456465 0.00592508 0.004942074 3573228 0.05713177 0.005283261 0.2162845
0.1450386 0.008606554 0.004616156 3713351 0.05670854 0.007166738 0.2167128
0.1445765 0.01004075 0.004354447 3803436 0.05619055 0.008811916 0.2169295
0.1445765 0.01004075 0.004354447 3913547 0.05619055 0.008811916 0.2169295
0.1442236 0.01293425 0.004863605 4023659 0.05590795 0.01089713 0.2172301
0.1436854 0.01554854 0.005230814 4133742 0.05538029 0.01302871 0.2175917
0.1431328 0.01896689 0.00566572 4253855 0.05500514 0.01485389 0.2180267
0.1431328 0.01896689 0.00566572 4363946 0.05500514 0.01485389 0.2180267
0.1423182 0.02193627 0.005092695 4484062 0.05432379 0.01686319 0.2184818
0.1418409 0.02545207 0.005816281 4584145 0.05390793 0.01931405 0.2188297
0.1418409 0.02545207 0.005816281 4694244 0.05390793 0.01931405 0.2188297
0.1410106 0.0282712 0.005469635 4824369 0.05339528 0.02162307 0.2194405
0.1405062 0.03229245 0.006290972 4924452 0.05293226 0.02430939 0.2197638
0.1405062 0.03229245 0.006290972 5034551 0.05293226 0.02430939 0.2197638
0.1397645 0.03539848 0.006887779 5164672 0.05218077 0.02673131 0.2202065
0.1387894 0.03930215 0.007165715 5254750 0.05133744 0.02950766 0.2207882
0.1387894 0.03930215 0.007165715 5364849 0.05133744 0.02950766 0.2207882
0.1377247 0.04298619 0.007542625 5504963 0.05054221 0.03243219 0.2215445
0.1364063 0.04661042 0.007432163 5595057 0.04944521 0.03532141 0.2223645
0.1364063 0.04661042 0.007432163 5705148 0.04944521 0.03532141 0.2223645
0.1347757 0.04999678 0.00741142 5835286 0.0480981 0.03807524 0.2234239
0.1334808 0.05336845 0.008205667 5935368 0.04721791 0.04056695 0.2244222
0.1334808 0.05336845 0.008205667 6045463 0.04721791 0.04056695 0.2244222
0.1318872 0.05745729 0.008519888 6175605 0.04601021 0.04343944 0.2254612
0.1305973 0.05996243 0.008962318 6275671 0.04510653 0.04581606 0.226494
0.1305973 0.05996243 0.008962318 6375757 0.04510653 0.04581606 0.226494
0.1292482 0.06365009 0.009191513 6485869 0.04410231 0.04869496 0.2273944
0.1277459 0.06698084 0.008785605 6605973 0.04282875 0.05134043 0.228247
0.1277459 0.06698084 0.008785605 6716064 0.04282875 0.05134043 0.228247
0.1262424 0.07033864 0.008384198 6826176 0.04167616 0.05378065 0.2291266
0.1249578 0.07362616 0.008906484 6946268 0.04071593 0.05631418 0.2299933
0.1249578 0.07362616 0.008906484 7046362 0.04071593 0.05631418 0.2299933
0.1234447 0.07659098 0.008243307 7156466 0.03964216 0.0584246 0.2308915
0.1217644 0.08053017 0.007173553 7276578 0.03837854 0.06077181 0.2316387
0.1217644 0.08053017 0.007173553 7386670 0.03837854 0.06077181 0.2316387
0.1201124 0.08403754 0.006698146 7496773 0.03706563 0.06314111 0.2324677
0.1184633 0.08707489 0.006321177 7636899 0.03568445 0.06560105 0.2333668
0.1165919 0.08974448 0.006249711 7716968 0.03401062 0.06780542 0.2344068
0.1165919 0.08974448 0.006249711 7827063 0.03401062 0.06780542 0.2344068
0.1146256 0.09291622 0.005914032 7967198 0.03210366 0.07017945 0.2352764
0.1121912 0.09603002 0.005706161 8057279 0.03006473 0.07232165 0.2365808
0.1121912 0.09603002 0.005706161 8177383 0.03006473 0.07232165 0.2365808
0.1095221 0.09950688 0.005378738 8287483 0.02793837 0.07457793 0.237996
0.1095221 0.09950688 0.005378738 8387577 0.02793837 0.07457793 0.237996
0.1070275 0.1025758 0.00526908 8507693 0.02607921 0.07645452 0.2393935
0.1046043 0.1051849 0.005448073 8617797 0.02407882 0.07821883 0.2407346
0.1046043 0.1051849 0.005448073 8727896 0.02407882 0.07821883 0.2407346
0.1016392 0.1078708 0.005299121 8837979 0.02162614 0.07996048 0.2423012
0.09889337 0.1094645 0.005898342 8958088 0.01925124 0.0817344 0.2441079
0.09889337 0.1094645 0.005898342 9068199 0.01925124 0.0817344 0.2441079
0.09576108 0.1114328 0.005927011 9178290 0.01663116 0.08329955 0.2459046
0.09264848 0.1136398 0.006269634 9288402 0.0140941 0.08458422 0.2476261
0.09264848 0.1136398 0.006269634 9398501 0.0140941 0.08458422 0.2476261
0.08924254 0.1153615 0.006533042 9508593 0.01135492 0.08567487 0.2495937
0.08585778 0.1177172 0.006924719 9628693 0.008572415 0.08693124 0.2513531
0.08213715 0.1190309 0.006973684 9738804 0.005436614 0.087819 0.2533541
0.08213715 0.1190309 0.006973684 9848904 0.005436614 0.087819 0.2533541
0.07880087 0.1208547 0.007502526 9968996 0.002519056 0.089145 0.2551288
0.07497889 0.1220571 0.00793767 10069090 -0.0007573962 0.09010352 0.2572424
0.07497889 0.1220571 0.00793767 10189195 -0.0007573962 0.09010352 0.2572424
0.07127703 0.1237138 0.008758411 10299310 -0.004183531 0.09131892 0.2591276
0.06799102 0.124521 0.009333313 10409580 -0.007335067 0.09223388 0.2608369
0.06799102 0.124521 0.009333313 10519517 -0.007335067 0.09223388 0.2608369
0.06334304 0.1262129 0.008994207 10629612 -0.01107895 0.09280606 0.2628233
0.05986437 0.1261124 0.009460241 10739700 -0.01449752 0.09315319 0.2645758
0.05986437 0.1261124 0.009460241 10849803 -0.01449752 0.09315319 0.2645758
0.05555698 0.1278051 0.01019885 10969903 -0.01828948 0.09382693 0.266437
0.05192003 0.128221 0.01101144 11090016 -0.02186972 0.09404642 0.2680462
0.05192003 0.128221 0.01101144 11190094 -0.02186972 0.09404642 0.2680462
0.04835415 0.1284747 0.01159424 11310227 -0.02543348 0.09416845 0.2694895
0.04430116 0.1285403 0.01150683 11420322 -0.02904922 0.09395412 0.2710016
0.04430116 0.1285403 0.01150683 11530413 -0.02904922 0.09395412 0.2710016
0.04092948 0.1285053 0.01208825 11650513 -0.03241163 0.09380024 0.2722932
0.0370457 0.1283187 0.01253769 11750624 -0.03588557 0.09339458 0.2738659
0.0370457 0.1283187 0.01253769 11880729 -0.03588557 0.09339458 0.2738659
0.03317333 0.1284141 0.01292443 11970806 -0.03942311 0.09291438 0.2751275
0.02982859 0.1280559 0.01395145 12080902 -0.04281372 0.09239914 0.2764348
0.02982859 0.1280559 0.01395145 12201022 -0.04281372 0.09239914 0.2764348
0.026102 0.1272867 0.01436506 12321127 -0.04629496 0.09133999 0.277636
0.02308956 0.1264697 0.01558365 12421217 -0.04947445 0.0906174 0.2789311
0.02308956 0.1264697 0.01558365 12531328 -0.04947445 0.0906174 0.2789311
0.01893082 0.1255929 0.01568148 12651429 -0.05299974 0.08926629 0.280113
0.01615943 0.1243346 0.0168661 12761524 -0.0561052 0.08823135 0.2812399
0.01615943 0.1243346 0.0168661 12871615 -0.0561052 0.08823135 0.2812399
0.01289633 0.1233611 0.01792841 13011754 -0.05945826 0.08720102 0.282386
0.009937618 0.1215805 0.01856567 13091822 -0.06253773 0.08576884 0.2834055
0.009937618 0.1215805 0.01856567 13211943 -0.06253773 0.08576884 0.2834055
0.006352866 0.1208908 0.01951867 13342056 -0.0660376 0.08484014 0.2844675
0.003152524 0.1202083 0.02069201 13432150 -0.06935555 0.08411631 0.2855179
0.003152524 0.1202083 0.02069201 13542229 -0.06935555 0.08411631 0.2855179
0.0001670775 0.1191103 0.02122059 13652348 -0.07237542 0.08294892 0.2861667
-0.002534123 0.1180151 0.02204907 13762439 -0.07548612 0.0820901 0.2868381
-0.002534123 0.1180151 0.02204907 13882532 -0.07548612 0.0820901 0.2868381
-0.005717812 0.1173713 0.02257133 13992643 -0.07871121 0.08114905 0.2872558
-0.008619525 0.1168588 0.02281363 14102734 -0.08174777 0.08030394 0.2873244
-0.008619525 0.1168588 0.02281363 14222843 -0.08174777 0.08030394 0.2873244
-0.01134232 0.1167823 0.02344209 14322941 -0.0847145 0.07987102 0.2874747
-0.01407741 0.1167495 0.0233182 14443033 -0.08742905 0.07928172 0.2871323
-0.01407741 0.1167495 0.0233182 14553145 -0.08742905 0.07928172 0.2871323
-0.01693178 0.1166311 0.02266736 14653239 -0.09022266 0.0789025 0.2865395
-0.02010294 0.117217 0.02235833 14773348 -0.09309983 0.07881271 0.2859762
-0.02010294 0.117217 0.02235833 14903469 -0.09309983 0.07881271 0.2859762
-0.02233989 0.1174857 0.02174525 14993538 -0.09564492 0.07852872 0.2848948
-0.02509854 0.1179135 0.02094044 15113643 -0.09820015 0.07842468 0.2838979
-0.02509854 0.1179135 0.02094044 15243776 -0.09820015 0.07842468 0.2838979
-0.02749104 0.1186062 0.01999721 15333854 -0.1004321 0.0782601 0.2825703
-0.03019178 0.1191458 0.01871614 15443937 -0.1026185 0.07800417 0.2811578
-0.03019178 0.1191458 0.01871614 15554056 -0.1026185 0.07800417 0.2811578
-0.03310279 0.12027 0.01765913 15664156 -0.1047203 0.0781458 0.2798455
-0.03581322 0.1206127 0.01618508 15784244 -0.1068634 0.07770449 0.2781854
-0.03581322 0.1206127 0.01618508 15884354 -0.1068634 0.07770449 0.2781854
-0.03799383 0.1215837 0.01501116 16004455 -0.1087486 0.0777583 0.2765313
-0.04070421 0.1217706 0.01373285 16224649 -0.1109312 0.07730741 0.2749364
-0.0432056 0.1227279 0.01240335 16334741 -0.1126927 0.07716148 0.2731554
-0.04595194 0.1230454 0.01096542 16484876 -0.1145992 0.0766487 0.2713788
-0.04861828 0.123962 0.00959681 16705087 -0.1164312 0.07658301 0.269511
-0.05123452 0.1243979 0.008082315 16965314 -0.1181525 0.07616761 0.267601
-0.0539965 0.1249148 0.0065175 17155510 -0.1198797 0.07569094 0.2655458
-0.0597796 0.1263878 0.003785133 17385697 -0.1239534 0.07536304 0.2613092
-0.06294856 0.1272168 0.002620846 17605900 -0.1260654 0.07528777 0.2592314
-0.0661167 0.1274907 0.001057774 17836108 -0.1280718 0.07487118 0.2569366
-0.07177261 0.1286181 -0.001626953 18056302 -0.131462 0.07425628 0.2525931
-0.07493486 0.128839 -0.002868295 18276513 -0.1332929 0.07374143 0.2503999
-0.07766372 0.129371 -0.003820404 18506701 -0.1349362 0.07330504 0.2483576
-0.08371799 0.1291615 -0.005708203 18746930 -0.1382877 0.07212989 0.2444805
-0.08634506 0.1285848 -0.006546766 18947098 -0.1399337 0.07146344 0.2427374
-0.0886194 0.1287001 -0.007454246 19167305 -0.1413748 0.07089405 0.2407878
-0.0940428 0.1272934 -0.008717656 19387516 -0.1444746 0.06950013 0.2375359
-0.09659398 0.1263906 -0.009000421 19637725 -0.1460853 0.06865065 0.2361066
-0.1007828 0.1246382 -0.009406224 19837914 -0.1488357 0.06673399 0.2335394
-0.1029388 0.1234129 -0.009401619 20068126 -0.1502615 0.06580663 0.2324828
-0.1048819 0.121871 -0.009714648 20288316 -0.1514985 0.06458789 0.231296
-0.107084 0.120744 -0.009796843 20528537 -0.152591 0.06361438 0.2302122
-0.1110947 0.1180983 -0.009421036 20748744 -0.1554292 0.06134573 0.2281528
-0.1126917 0.116525 -0.00924246 20958918 -0.1569204 0.06018887 0.2272411
-0.1144991 0.1146329 -0.008978933 21209147 -0.158304 0.05905338 0.2265038
-0.1178384 0.1107641 -0.00847511 21409336 -0.1607801 0.05634011 0.2250292
-0.1195613 0.1082807 -0.008256003 21629535 -0.1619589 0.05501659 0.2244703
-0.1223493 0.1033169 -0.007833943 21849730 -0.1640821 0.05200213 0.223467
-0.123203 0.1008292 -0.007597283 22079933 -0.1651912 0.05011043 0.2229874
-0.1246706 0.09852482 -0.007019699 22310133 -0.1664208 0.04856405 0.2225627
-0.1271255 0.09319004 -0.006166875 22530340 -0.1685395 0.04491553 0.2218333
-0.1288624 0.08973146 -0.00581266 22740525 -0.1694942 0.04309156 0.2215174
-0.129826 0.08670411 -0.005788207 22990759 -0.1701293 0.0408603 0.2210796
-0.1317967 0.07993363 -0.00519073 23200949 -0.1719374 0.03655919 0.2206452
-0.1333188 0.07642084 -0.004725933 23421156 -0.1727359 0.03443003 0.2204172
-0.1337493 0.07419138 -0.004495725 23671382 -0.1734024 0.03238761 0.2201449
-0.136656 0.06842305 -0.003044158 23861545 -0.1756265 0.02851581 0.2195707
-0.1376204 0.06514981 -0.002940565 24091741 -0.1766319 0.02628472 0.219032
-0.1388695 0.06215254 -0.002581 24311943 -0.1776117 0.02443254 0.2186111
-0.1410651 0.05652395 -0.001845136 24542155 -0.1792827 0.0206471 0.217897
-0.1424924 0.05306328 -0.001579896 24762354 -0.1801618 0.01854732 0.2173614
-0.1435526 0.0501139 -0.001396492 24982561 -0.1807548 0.01659089 0.216957
-0.1448842 0.04475002 -0.0008050352 25212756 -0.1828717 0.01302552 0.2162495
-0.1455291 0.04164163 -0.0004417449 25453143 -0.1839451 0.0111865 0.2160383
-0.1461455 0.03901578 -4.354119E-05 25663167 -0.1848168 0.009390229 0.2158545
-0.147733 0.03134889 1.695752E-05 25883357 -0.1854638 0.00511899 0.2154931
-0.1486069 0.02866925 0.0005842894 26103564 -0.1860991 0.003182108 0.2153843
-0.1488982 0.025329 0.0007383972 26333760 -0.1863022 0.001164639 0.2155299
-0.1486057 0.01825578 0.0004848987 26573993 -0.1868224 -0.00316692 0.2157136
-0.1481455 0.01457765 0.0005214363 26774182 -0.1872235 -0.005617446 0.2160162
-0.1475941 0.0105887 0.0002254695 27004389 -0.1870568 -0.008182264 0.2163352
-0.1471531 0.003451018 -0.0003855377 27244610 -0.1858792 -0.01341376 0.2168136
-0.1468176 -0.0005561897 -0.0005218089 27454780 -0.1853635 -0.01576418 0.2173129
-0.1466196 -0.004250032 -0.0009829998 27674982 -0.1845989 -0.01830069 0.2174632
-0.1455745 -0.01162776 -0.001369715 27895335 -0.183548 -0.02285907 0.218412
-0.1446505 -0.01636993 -0.001840904 28115372 -0.1829538 -0.02540184 0.2188908
-0.1443352 -0.01946674 -0.001724944 28335579 -0.1823869 -0.02762781 0.2194894
-0.1428417 -0.02627745 -0.001546666 28565786 -0.1813441 -0.03201602 0.2210538
-0.1415643 -0.03014912 -0.001910448 28785985 -0.180544 -0.03443313 0.2217804
-0.1412913 -0.03343586 -0.001664519 29006188 -0.180125 -0.0367238 0.2223828
-0.139208 -0.04040717 -0.002187103 29236383 -0.1787807 -0.04096366 0.2235811
-0.1388874 -0.04380406 -0.002112821 29476608 -0.1782994 -0.04284851 0.2240369
-0.1373174 -0.05108662 -0.002637759 29676789 -0.1764637 -0.04715503 0.2250891
-0.1364723 -0.05394461 -0.002769947 29917006 -0.1754618 -0.04947619 0.2258077
-0.1356771 -0.05692084 -0.002507374 30147213 -0.1750922 -0.05148209 0.2265812
-0.134576 -0.06184667 -0.001955226 30357399 -0.1739976 -0.05509247 0.2280759
-0.134037 -0.06419485 -0.00164856 30588478 -0.1735867 -0.05687953 0.228782
-0.1323752 -0.06679205 -0.001540557 30807810 -0.1734619 -0.05858592 0.2296733
-0.1292446 -0.07219722 -0.0006805509 31028008 -0.1733305 -0.06195207 0.2318355
-0.1276053 -0.07362881 -0.0004051179 31258228 -0.1730154 -0.06349803 0.2329617
-0.1260346 -0.07692702 0.0002063513 31488416 -0.1726689 -0.0654412 0.2342632
-0.1230103 -0.08111604 0.0007520318 31708622 -0.1712136 -0.06852887 0.2365844
-0.121245 -0.08355732 0.001335904 31948831 -0.170643 -0.07014588 0.2380148
-0.1187119 -0.08573375 0.001515448 32149016 -0.1696485 -0.07169233 0.2395197
-0.1151952 -0.08963668 0.002846241 32359206 -0.1677803 -0.07513542 0.2428782
-0.1128082 -0.09207103 0.003205523 32619457 -0.1662852 -0.07679512 0.2446198
-0.1107681 -0.09450047 0.003906578 32819625 -0.1651385 -0.07843659 0.2463754
-0.1053943 -0.09869321 0.005011588 33039820 -0.1628302 -0.08141087 0.2498899
-0.1025808 -0.101501 0.005461335 33260018 -0.1612851 -0.0829661 0.2515606
-0.1003904 -0.1041521 0.006026909 33490230 -0.1597423 -0.08441021 0.2531367
-0.09397206 -0.1073843 0.006911501 33710429 -0.156082 -0.0874506 0.2569967
-0.09151131 -0.1091418 0.007943019 33930628 -0.1544356 -0.08879881 0.2591127
-0.08807299 -0.1106975 0.008685634 34170836 -0.1524829 -0.09048391 0.2612823
-0.08224709 -0.1130022 0.01035149 34381034 -0.1488153 -0.09297343 0.2653139
-0.07947817 -0.1149614 0.0116495 34601241 -0.1468847 -0.09426863 0.2675231
-0.07592228 -0.1157244 0.01243782 34851463 -0.1448892 -0.09515802 0.2694156
-0.07040589 -0.1173069 0.01436676 35041626 -0.1410738 -0.09716831 0.2732347
-0.06837209 -0.118335 0.0154094 35281851 -0.1393844 -0.09808565 0.2749569
-0.0655674 -0.1188126 0.01592484 35502054 -0.1371253 -0.09899128 0.2765413
-0.06011577 -0.1205005 0.01771376 35722257 -0.133101 -0.1001095 0.2795393
-0.05764912 -0.1214826 0.01845974 35962457 -0.1309113 -0.100757 0.2809096
-0.05186399 -0.1229381 0.01911235 36172659 -0.1257101 -0.102196 0.2831942
-0.0494844 -0.1238462 0.01918761 36392846 -0.1231052 -0.1028009 0.2840405
-0.04767059 -0.1245184 0.0189846 36653097 -0.1205629 -0.10317 0.2847195
-0.04192754 -0.1272909 0.01912802 36843260 -0.1151441 -0.1041479 0.285578
-0.03940704 -0.127683 0.01878254 37093482 -0.1125677 -0.1040866 0.2857688
-0.03683324 -0.1285221 0.01850227 37313677 -0.1098316 -0.1041832 0.2859239
-0.0326887 -0.1305946 0.01700896 37523862 -0.1043261 -0.104147 0.2855167
-0.02948011 -0.131442 0.01657718 37744069 -0.1012093 -0.1040913 0.2853224
-0.02775384 -0.1325668 0.01547898 37964264 -0.09834743 -0.1039529 0.2848952
-0.02502707 -0.1336039 0.01463696 38184471 -0.0952712 -0.1038852 0.2843946
-0.01989022 -0.1359814 0.01320094 38424691 -0.08889151 -0.1038684 0.2836542
-0.01716518 -0.1367663 0.01237965 38624860 -0.08565971 -0.1037719 0.283227
-0.01440648 -0.1373893 0.01186387 38855068 -0.08250183 -0.1035119 0.282923
-0.00861709 -0.1389587 0.01137526 39075266 -0.07590681 -0.1032929 0.2825348
-0.005388019 -0.1398068 0.01154369 39315495 -0.07240397 -0.1035241 0.282557
0.0009225465 -0.1402529 0.01144104 39545691 -0.0654 -0.103348 0.2824531
0.003646712 -0.1400628 0.01145175 39745876 -0.06229675 -0.1032303 0.2825518
0.006482258 -0.1401901 0.01189709 39976075 -0.05896747 -0.1031663 0.2828007
0.01263844 -0.1398114 0.01329471 40206291 -0.05233788 -0.1031713 0.2833708
0.01552915 -0.1395586 0.01375952 40416489 -0.04898435 -0.1031552 0.2835806
0.01819891 -0.1394221 0.01410928 40656706 -0.04573417 -0.10304 0.283671
0.02344507 -0.1388338 0.01475354 40896910 -0.03925705 -0.1029261 0.2839087
0.02667379 -0.1385764 0.01532999 41087098 -0.03586745 -0.1031531 0.2837885
0.02887204 -0.1381211 0.01589336 41317318 -0.03295082 -0.1027907 0.2839947
0.03374789 -0.1376347 0.01624076 41527508 -0.02703172 -0.1025788 0.2835713
0.0361529 -0.1367785 0.01603292 41757687 -0.02410477 -0.1022257 0.2833059
0.03867067 -0.1364735 0.01644026 42007925 -0.02126911 -0.1022802 0.2830648
0.04339299 -0.1348227 0.01671115 42198093 -0.01612109 -0.101626 0.2823499
0.04505581 -0.1342001 0.01595666 42448314 -0.01387849 -0.1008368 0.2816988
0.04741165 -0.133462 0.01625179 42648487 -0.01139611 -0.1001851 0.2811272
0.05198541 -0.1318001 0.01523723 42878699 -0.006562233 -0.0983117 0.2790931
0.05447531 -0.1306491 0.01466371 43118919 -0.004158258 -0.09725285 0.2779111
0.05636615 -0.1306731 0.01394247 43339126 -0.001758218 -0.09642983 0.2767918
0.06173722 -0.1287545 0.01363195 43549304 0.002938807 -0.09483311 0.2742859
0.06388809 -0.1281651 0.01310137 43789525 0.005182132 -0.09365771 0.2729973
0.06671245 -0.1263326 0.01324323 43989721 0.007442505 -0.0925215 0.271834
0.07208931 -0.1238238 0.01231602 44239943 0.01224542 -0.09065108 0.2690304
0.07448679 -0.1229014 0.01181999 44450117 0.01447502 -0.08994637 0.2677316
0.07699428 -0.1205814 0.01168227 44670319 0.01641017 -0.08872557 0.2666174
0.08101199 -0.1181728 0.0114273 44880517 0.02012777 -0.08597139 0.2643293
0.08381024 -0.1149982 0.0120557 45120734 0.02188689 -0.08414871 0.2631041
0.08594201 -0.1135691 0.01188521 45350942 0.0237799 -0.08274189 0.2618551
0.09058625 -0.1097685 0.01133689 45561123 0.02733949 -0.07977853 0.2589952
0.09289931 -0.1085629 0.01114096 45791327 0.02896899 -0.07856326 0.2573414
0.09527801 -0.1066195 0.01072513 46001517 0.03062344 -0.07695497 0.2556723
0.1003896 -0.1030734 0.01009329 46231737 0.03430372 -0.07346476 0.2519658
0.1027311 -0.101843 0.00894545 46491976 0.03598973 -0.07186614 0.2499025
0.1079765 -0.09820616 0.008124083 46692148 0.03911483 -0.0684364 0.2456968
0.1106955 -0.09530066 0.007712141 46902334 0.04048041 -0.06630404 0.2435666
0.1129724 -0.09355854 0.006712988 47152560 0.04169825 -0.06450562 0.2414655
0.1186392 -0.08836524 0.005589381 47342747 0.04431285 -0.06101392 0.2367902
0.1212026 -0.08603175 0.004398584 47572955 0.04538244 -0.05861 0.2342636
0.1239205 -0.08329249 0.003699124 47793150 0.04640873 -0.0563967 0.2317843
0.1261617 -0.08127441 0.002963856 48033354 0.04738858 -0.05416934 0.229636
0.1311924 -0.07539152 0.002075195 48263562 0.04887741 -0.04978965 0.2249995
0.1335479 -0.07227854 0.001687914 48603877 0.04972802 -0.04737989 0.2229066
0.1382696 -0.06582349 0.0002332628 48804042 0.05114028 -0.04249761 0.2184948
0.1432902 -0.05913867 -0.001353741 49034250 0.05271413 -0.03772105 0.2138944
0.1453745 -0.05564822 -0.002574787 49264473 0.05296396 -0.03509439 0.2117315
0.1475116 -0.05144842 -0.002734184 49474659 0.05320332 -0.03209881 0.2096269
0.1506705 -0.0439261 -0.003730699 49694858 0.05328387 -0.02622057 0.2062765
0.1525337 -0.03938213 -0.00333944 49915057 0.05347592 -0.02350108 0.2045131
0.1540321 -0.03566052 -0.003261566 50145260 0.05364776 -0.02107126 0.2030525
0.1567972 -0.02590655 -0.003231734 50385489 0.05335702 -0.015317 0.200075
0.1573645 -0.02251552 -0.003439516 50615681 0.05287276 -0.01258836 0.1991699
0.1583518 -0.01714121 -0.002126008 50815878 0.0526655 -0.009785302 0.1980136
0.1592094 -0.009850226 -0.001628295 51056354 0.051837 -0.005344786 0.1965615
0.1595285 -0.006720157 -0.001607805 51266280 0.0515316 -0.003302313 0.1960101
0.1601539 -0.003170326 -0.002148479 51496488 0.05121434 -0.001353569 0.1951251
0.159884 0.003222514 -0.001105964 51706669 0.04994182 0.002094828 0.1944917
0.1591037 0.006277089 -0.0005676001 51937039 0.04887006 0.003336035 0.1945956
0.1579219 0.007066653 -0.0008019954 52187111 0.04764596 0.004013353 0.1951807
0.1558346 0.01005912 0.00111872 52527410 0.04573023 0.00577014 0.1961135
0.1537264 0.01058841 0.002094969 52707585 0.04416957 0.00625425 0.1974826
0.1525086 0.009451566 0.002349153 52957798 0.04328711 0.005823337 0.1983558
0.1509477 0.009284287 0.00388214 53278087 0.04228222 0.005779558 0.1994275
0.1478645 0.005997346 0.004404664 53518304 0.04049945 0.003757977 0.202032
