0.1571475 -0.008017609 -0.004258886 0 0.1038693 0.001027431 0.2187249
0.1571475 -0.008017609 -0.004258886 110111 0.1038693 0.001027431 0.2187249
0.1574003 -0.008147066 -0.004567802 230220 0.1036911 0.001312818 0.2183212
0.157983 -0.007855677 -0.003630027 340315 0.1040182 0.001672592 0.2181841
0.157983 -0.007855677 -0.003630027 450410 0.1040182 0.001672592 0.2181841
0.1576714 -0.006600732 -0.004177541 570547 0.1040257 0.002157059 0.2183175
0.1582346 -0.005662015 -0.002463654 670609 0.1046108 0.002780046 0.2185459
0.1582346 -0.005662015 -0.002463654 780729 0.1046108 0.002780046 0.2185459
0.1582268 -0.003858783 -0.002131104 900809 0.1044539 0.003990617 0.2186774
0.1576549 -0.0007228467 -0.003187642 1010912 0.1036786 0.005619135 0.2187591
0.1577816 0.002671067 -0.002186313 1121024 0.103739 0.007691707 0.2190686
0.1577816 0.002671067 -0.002186313 1231119 0.103739 0.007691707 0.2190686
0.1571143 0.007745734 -0.00326474 1341214 0.1033694 0.01016864 0.219295
0.1571143 0.007745734 -0.00326474 1451318 0.1033694 0.01016864 0.219295
0.1565874 0.01198174 -0.002972648 1561425 0.103149 0.01299128 0.2198705
0.1555645 0.0173018 -0.003198072 1681517 0.1029726 0.01617011 0.2207022
0.1555645 0.0173018 -0.003198072 1791617 0.1029726 0.01617011 0.2207022
0.1544789 0.02375707 -0.003524631 1901728 0.1024474 0.02017375 0.2214494
0.1530811 0.03008439 -0.002809256 2011815 0.101414 0.02472671 0.2227796
0.1530811 0.03008439 -0.002809256 2121911 0.101414 0.02472671 0.2227796
0.1511329 0.03767488 -0.002843469 2242027 0.1001474 0.02987691 0.2242253
0.1480292 0.04578218 -0.003816918 2352139 0.09813982 0.03523275 0.2261369
0.145655 0.05281518 -0.002598956 2462234 0.09654137 0.04052552 0.2283613
0.145655 0.05281518 -0.002598956 2572333 0.09654137 0.04052552 0.2283613
0.1415402 0.06175409 -0.003614664 2682417 0.0942876 0.04581972 0.2308836
0.1374577 0.07010977 -0.003442705 2802525 0.09239694 0.05099901 0.2338542
0.1374577 0.07010977 -0.003442705 2912628 0.09239694 0.05099901 0.2338542
0.1322615 0.07817648 -0.003909543 3022732 0.09029069 0.05595168 0.2373421
0.127313 0.08548789 -0.003087565 3132831 0.08844816 0.06064399 0.2411725
0.127313 0.08548789 -0.003087565 3252940 0.08844816 0.06064399 0.2411725
0.12229 0.09217209 -0.001919776 3363047 0.08643328 0.06522044 0.2451721
0.1167936 0.09862752 -0.001142606 3493156 0.08423745 0.06957313 0.2492214
0.1167936 0.09862752 -0.001142606 3583242 0.08423745 0.06957313 0.2492214
0.1112986 0.1045755 0.000415653 3693337 0.08232686 0.07363661 0.2536027
0.1059698 0.1090259 0.002036631 3823458 0.07994005 0.07709797 0.2579051
0.1059698 0.1090259 0.002036631 3913524 0.07994005 0.07709797 0.2579051
0.1005525 0.1132693 0.003517583 4033648 0.07754517 0.08013184 0.2620337
0.09453484 0.1175525 0.004629344 4163761 0.07487008 0.08313354 0.2661913
0.09453484 0.1175525 0.004629344 4253843 0.07487008 0.08313354 0.2661913
0.08928428 0.1205926 0.005885869 4363942 0.07226306 0.08547529 0.2699121
0.08367016 0.1245007 0.006605476 4474041 0.06946161 0.08801539 0.2731866
0.08367016 0.1245007 0.006605476 4594150 0.06946161 0.08801539 0.2731866
0.07816271 0.1281771 0.006990939 4704257 0.06675526 0.09018346 0.2759657
0.07241243 0.1315556 0.007068336 4824354 0.06354419 0.0921522 0.2784764
0.07241243 0.1315556 0.007068336 4934449 0.06354419 0.0921522 0.2784764
0.06571473 0.1350877 0.006934911 5044552 0.05959049 0.09385689 0.2808913
0.05979902 0.1377492 0.007194474 5154648 0.05536322 0.09550425 0.2831543
0.05979902 0.1377492 0.007194474 5264759 0.05536322 0.09550425 0.2831543
0.05332559 0.1405974 0.007416561 5374858 0.05082474 0.09706386 0.2852537
0.04651231 0.1429258 0.007460579 5494963 0.04547522 0.09864088 0.2872576
0.04651231 0.1429258 0.007460579 5625092 0.04547522 0.09864088 0.2872576
0.03989966 0.1453961 0.00787659 5705161 0.04012908 0.1002575 0.2890613
0.03351132 0.1481562 0.008063599 5825257 0.03448383 0.1021322 0.2903485
0.03351132 0.1481562 0.008063599 5935372 0.03448383 0.1021322 0.2903485
0.02717462 0.1503456 0.008148074 6045464 0.02891604 0.1038884 0.2914774
0.02085605 0.1529658 0.007841974 6155559 0.02337218 0.105938 0.2920301
0.02085605 0.1529658 0.007841974 6265666 0.02337218 0.105938 0.2920301
0.01400654 0.1552098 0.007365793 6395784 0.01800523 0.107814 0.2923332
0.007781849 0.1573412 0.007119715 6505871 0.01284216 0.1097389 0.2924826
0.007781849 0.1573412 0.007119715 6605965 0.01284216 0.1097389 0.2924826
0.0005942626 0.1596217 0.007097051 6726074 0.007227672 0.1116293 0.2923842
-0.005840228 0.161219 0.006996319 6826168 0.001887842 0.1132361 0.2921093
-0.005840228 0.161219 0.006996319 6946281 0.001887842 0.1132361 0.2921093
-0.01226052 0.1631739 0.007052124 7066377 -0.003550068 0.1150437 0.2915628
-0.01791935 0.1651631 0.006373554 7166463 -0.008905634 0.117015 0.2905384
-0.01791935 0.1651631 0.006373554 7276562 -0.008905634 0.117015 0.2905384
-0.0248628 0.1664582 0.005847603 7406688 -0.01400252 0.1190356 0.2893713
-0.03199283 0.1680764 0.0054501 7506778 -0.0191537 0.1209344 0.287693
-0.03199283 0.1680764 0.0054501 7606877 -0.0191537 0.1209344 0.287693
-0.03834753 0.1686999 0.005239233 7726981 -0.02403028 0.1222864 0.2862124
-0.04377657 0.1702048 0.004479691 7837076 -0.02836697 0.1235729 0.2841268
-0.04377657 0.1702048 0.004479691 7947188 -0.02836697 0.1235729 0.2841268
-0.05106234 0.1696684 0.004956439 8057267 -0.03372453 0.1243764 0.2823786
-0.05702867 0.1697138 0.004938543 8187401 -0.03863351 0.1252951 0.2804652
-0.06334917 0.168164 0.004941374 8287483 -0.04358222 0.125866 0.278624
-0.06334917 0.168164 0.004941374 8397594 -0.04358222 0.125866 0.278624
-0.06810281 0.1671453 0.004092634 8527716 -0.04775501 0.1262361 0.2766559
-0.07320778 0.1649985 0.004459962 8617789 -0.05167402 0.1258143 0.2749828
-0.07320778 0.1649985 0.004459962 8737914 -0.05167402 0.1258143 0.2749828
-0.07892164 0.1620352 0.005385429 8847981 -0.05537918 0.124781 0.2730295
-0.08358502 0.1590477 0.005703375 8948087 -0.05863225 0.123458 0.2711391
-0.08358502 0.1590477 0.005703375 9068195 -0.05863225 0.123458 0.2711391
-0.09095235 0.1566593 0.008297786 9178279 -0.06231661 0.1225062 0.2680304
-0.09095235 0.1566593 0.008297786 9318421 -0.06231661 0.1225062 0.2680304
-0.09261554 0.152647 0.006317601 9398498 -0.06537513 0.1206493 0.2672643
-0.09734073 0.1480471 0.006892875 9508585 -0.06881151 0.1186851 0.265335
-0.1008178 0.1439096 0.006572336 9628693 -0.0716732 0.1162041 0.263483
-0.1008178 0.1439096 0.006572336 9748793 -0.0716732 0.1162041 0.263483
-0.1045278 0.139736 0.00612998 9848888 -0.07443518 0.1134382 0.2612271
-0.1084397 0.1354128 0.006064653 9958999 -0.07700717 0.110383 0.2588263
-0.1084397 0.1354128 0.006064653 10089121 -0.07700717 0.110383 0.2588263
-0.1122771 0.1303878 0.005946428 10189211 -0.07941215 0.1070559 0.2564453
-0.1162564 0.1246186 0.006187707 10299306 -0.08163564 0.103145 0.2540081
-0.1162564 0.1246186 0.006187707 10429424 -0.08163564 0.103145 0.2540081
-0.1195859 0.1190477 0.005935058 10529506 -0.08345085 0.09914168 0.2516933
-0.1227365 0.1133337 0.005391717 10649610 -0.08504657 0.09484764 0.2492775
-0.1227365 0.1133337 0.005391717 10749701 -0.08504657 0.09484764 0.2492775
-0.1257079 0.107377 0.004771799 10859812 -0.08639031 0.09045275 0.2469043
-0.1288003 0.1006423 0.004468054 10969895 -0.08790464 0.08588942 0.2446212
-0.1288003 0.1006423 0.004468054 11079995 -0.08790464 0.08588942 0.2446212
-0.1319879 0.09370852 0.004655808 11220141 -0.08913211 0.08094534 0.2423001
-0.1350941 0.08567435 0.005977646 11320216 -0.09096526 0.07556184 0.2406488
-0.1350941 0.08567435 0.005977646 11420302 -0.09096526 0.07556184 0.2406488
-0.1374227 0.07888497 0.005454257 11540426 -0.09189965 0.07037457 0.2385957
-0.1402144 0.07177335 0.005863771 11670540 -0.09302738 0.06495436 0.2364792
-0.1402144 0.07177335 0.005863771 11760617 -0.09302738 0.06495436 0.2364792
-0.1424157 0.0648604 0.005298898 11870716 -0.0940065 0.05956992 0.2344599
-0.1448897 0.05766762 0.005746469 11980816 -0.09534674 0.05427369 0.2326305
-0.1448897 0.05766762 0.005746469 12090919 -0.09534674 0.05427369 0.2326305
-0.1471976 0.05023831 0.005315602 12201023 -0.0967449 0.04891845 0.2306008
-0.1493135 0.04271977 0.005220145 12311118 -0.09813341 0.04358908 0.2288354
-0.1493135 0.04271977 0.005220145 12431222 -0.09813341 0.04358908 0.2288354
-0.1513302 0.03570176 0.00550586 12541326 -0.09914666 0.03815636 0.2271694
-0.1530775 0.02896053 0.005292311 12651413 -0.09999652 0.03275784 0.2255267
-0.1530775 0.02896053 0.005292311 12761516 -0.09999652 0.03275784 0.2255267
-0.1549912 0.0217396 0.005892664 12871624 -0.1011822 0.02744779 0.2240303
-0.1565272 0.01559478 0.005471006 12981719 -0.1018301 0.02237507 0.2224418
-0.1565272 0.01559478 0.005471006 13121858 -0.1018301 0.02237507 0.2224418
-0.1584263 0.008700129 0.006164476 13211931 -0.1030986 0.01733073 0.2209284
-0.1600002 0.002086521 0.005836159 13322026 -0.1041242 0.01264676 0.2193219
-0.1600002 0.002086521 0.005836159 13452156 -0.1041242 0.01264676 0.2193219
-0.161635 -0.004317947 0.006147936 13542237 -0.1053342 0.007995453 0.2178655
-0.1628731 -0.01009605 0.006367177 13662337 -0.1062045 0.003485288 0.2167196
-0.1628731 -0.01009605 0.006367177 13762420 -0.1062045 0.003485288 0.2167196
-0.1633743 -0.01660884 0.006379366 13892541 -0.1068204 -0.00110117 0.2161146
-0.1641057 -0.02148315 0.007338256 14002653 -0.1074527 -0.005204711 0.2156388
-0.1641057 -0.02148315 0.007338256 14102739 -0.1074527 -0.005204711 0.2156388
-0.1642439 -0.02753918 0.007053182 14212822 -0.1081794 -0.00943664 0.2153189
-0.1646204 -0.03240653 0.008409679 14332934 -0.1088722 -0.01336304 0.2152494
-0.1646204 -0.03240653 0.008409679 14443046 -0.1088722 -0.01336304 0.2152494
-0.164363 -0.03733883 0.008649588 14553141 -0.109328 -0.01729992 0.2154874
-0.1639322 -0.04166018 0.009461015 14673241 -0.1097244 -0.0209271 0.216065
-0.1639322 -0.04166018 0.009461015 14773336 -0.1097244 -0.0209271 0.216065
-0.1628657 -0.04639696 0.009614736 14903457 -0.1096872 -0.02455166 0.2169659
-0.1613032 -0.05025641 0.009868175 15013565 -0.1094221 -0.02778819 0.2184403
-0.1597225 -0.05312605 0.01084234 15113659 -0.1091644 -0.03058377 0.220216
-0.1597225 -0.05312605 0.01084234 15223742 -0.1091644 -0.03058377 0.220216
-0.1574077 -0.05653881 0.01110004 15343847 -0.1084008 -0.03317204 0.222315
-0.1574077 -0.05653881 0.01110004 15443945 -0.1084008 -0.03317204 0.222315
-0.1549672 -0.05883693 0.01128016 15564058 -0.107318 -0.03543678 0.2246129
-0.152535 -0.06139285 0.01191358 15674141 -0.1059865 -0.03768054 0.2268914
-0.1495945 -0.06359623 0.01246141 15784264 -0.1041948 -0.03974155 0.2296008
-0.1495945 -0.06359623 0.01246141 15894364 -0.1041948 -0.03974155 0.2296008
-0.146496 -0.06555343 0.01319596 16014452 -0.1023671 -0.04165832 0.2325364
-0.1427171 -0.06775183 0.01269765 16114558 -0.09994436 -0.04327849 0.2355243
-0.1427171 -0.06775183 0.01269765 16234667 -0.09994436 -0.04327849 0.2355243
-0.1393797 -0.06900676 0.01358801 16374785 -0.09766037 -0.04483214 0.2386972
-0.1354991 -0.07093444 0.0139087 16584963 -0.09505706 -0.04634872 0.2419717
-0.1319366 -0.07173671 0.01482539 16705091 -0.09237769 -0.04757825 0.2452962
-0.1278878 -0.07313921 0.01494054 16835192 -0.08954141 -0.04901615 0.2486597
-0.1278878 -0.07313921 0.01494054 17075409 -0.08954141 -0.04901615 0.2486597
-0.1201942 -0.07477362 0.01608463 17275594 -0.08384167 -0.05125776 0.2553568
-0.1159724 -0.07573596 0.01609626 17505802 -0.08097176 -0.05213466 0.2586806
-0.1120722 -0.07684378 0.0170763 17746018 -0.0779419 -0.05339435 0.262077
-0.1036063 -0.07862012 0.01804578 17946207 -0.07166476 -0.05549613 0.2688858
-0.09954111 -0.07961935 0.01881905 18166402 -0.06864428 -0.05661562 0.2722153
-0.09569218 -0.08048304 0.02015744 18396606 -0.0661479 -0.0576388 0.2757553
-0.08710216 -0.08382959 0.02087945 18616812 -0.06092171 -0.06009451 0.2819723
-0.08324635 -0.08529693 0.02115276 18847004 -0.05787357 -0.06148472 0.2845227
-0.07512851 -0.08946946 0.02178755 19067203 -0.05098961 -0.06446722 0.2892419
-0.07029925 -0.09193642 0.02185382 19287409 -0.04774205 -0.06600085 0.2918009
-0.06667805 -0.09404784 0.02192219 19527630 -0.04441096 -0.06783357 0.2935408
-0.05753288 -0.09990417 0.02068377 19727807 -0.0376148 -0.07142559 0.2964614
-0.05293454 -0.1030491 0.01979975 19958011 -0.03366519 -0.07317165 0.2973022
-0.04837219 -0.1064166 0.01878253 20178234 -0.02929564 -0.07500926 0.2977329
-0.03902602 -0.1116192 0.01706444 20408425 -0.01986961 -0.07841232 0.2987895
-0.03414954 -0.1140534 0.01641023 20628632 -0.0151077 -0.08005419 0.2993358
-0.02846045 -0.1173779 0.01544394 20858840 -0.01063172 -0.08158365 0.2994584
-0.01727181 -0.1240326 0.01315661 21079038 -0.002184406 -0.08429089 0.2985361
-0.01073055 -0.1264677 0.012234 21329260 0.00274299 -0.08551469 0.2982633
-0.004787274 -0.1282574 0.01147647 21529441 0.007668091 -0.08678427 0.2979708
0.006857965 -0.1314113 0.009576485 21749636 0.01680179 -0.08889832 0.2963981
0.01406826 -0.1331809 0.008855 21969830 0.02124007 -0.08949819 0.2950959
0.02155231 -0.1352695 0.007950082 22210051 0.02620299 -0.09008875 0.2930706
0.03439945 -0.1386617 0.006068915 22420241 0.03675736 -0.09085133 0.2883982
0.04067295 -0.1390161 0.00542897 22640448 0.0421584 -0.09093514 0.2863311
0.04663607 -0.1387161 0.004714757 22870651 0.04719768 -0.09079017 0.2842463
0.05895157 -0.1369458 0.00377807 23110860 0.05554602 -0.08972493 0.2796879
0.06481445 -0.1365468 0.002730906 23321050 0.05875457 -0.08877601 0.2764698
0.07044275 -0.1359471 0.001603246 23531247 0.06200964 -0.08773353 0.2731707
0.0806101 -0.1338276 -0.0008516908 23761455 0.06794187 -0.08571007 0.2669167
0.08497177 -0.1319465 -0.002604857 23991655 0.07046834 -0.08446517 0.263918
0.08949731 -0.1301262 -0.004190147 24231872 0.07298768 -0.08282533 0.2606726
0.09912424 -0.1267414 -0.006296262 24432048 0.07676932 -0.07767013 0.2533614
0.1041302 -0.1234176 -0.007085517 24652251 0.07855782 -0.07486072 0.2499873
0.108806 -0.1186056 -0.007676899 24892480 0.0802009 -0.07166007 0.24712
0.1171696 -0.108111 -0.008869663 25102657 0.0838517 -0.06484345 0.2419201
0.1215333 -0.1024185 -0.008569464 25362900 0.08570354 -0.060635 0.2393514
0.1305662 -0.08959854 -0.007340416 25553076 0.09009164 -0.05191365 0.2342965
0.1343627 -0.08262357 -0.006920323 25773263 0.09208678 -0.04757193 0.2322166
0.138027 -0.07526222 -0.006632701 26023492 0.09409562 -0.04314414 0.2301635
0.1445631 -0.06014882 -0.004324734 26223681 0.0978192 -0.03410283 0.2271268
0.1477575 -0.05246495 -0.002581432 26443868 0.1000635 -0.02976206 0.2258604
0.1504408 -0.04513397 -0.001682997 26664058 0.1020842 -0.02534536 0.2245274
0.1529523 -0.03779181 -7.069111E-05 26894286 0.1039344 -0.02089039 0.2234989
0.1568872 -0.02383331 0.0007725209 27124474 0.1067097 -0.01264301 0.2211756
0.1586121 -0.01632179 0.000756681 27344677 0.1076825 -0.008742961 0.2199497
0.1597319 -0.009455449 0.0007175207 27564887 0.1083503 -0.005202088 0.2191292
0.1600383 0.00407272 0.0001907051 27805112 0.1088953 0.0003205204 0.2187591
0.1594277 0.01117366 -0.0001130551 28015282 0.1087663 0.002258625 0.2189729
0.1571528 0.02081275 -0.001771271 28255511 0.1076128 0.005423393 0.2197482
