0.1420126 0.0006531449 0.006664128 0 0.07458574 0.01373959 0.1315185
0.1420126 0.0006531449 0.006664128 100082 0.07458574 0.01373959 0.1315185
0.1431756 0.0003559481 0.00571918 220199 0.07579109 0.01405759 0.1305304
0.1439088 -0.0007358823 0.004454271 330294 0.07702493 0.01430843 0.1293802
0.1439088 -0.0007358823 0.004454271 440389 0.07702493 0.01430843 0.1293802
0.1453573 -0.001172657 0.002956368 550493 0.07869494 0.0149424 0.1278671
0.1461526 -0.002052606 0.001556033 660596 0.07987332 0.015345 0.1264986
0.1461526 -0.002052606 0.001556033 780721 0.07987332 0.015345 0.1264986
0.1476114 -0.001392552 0.0003304038 890796 0.0814406 0.01601235 0.1253294
0.1486244 -0.0003357526 -0.0008522813 1000911 0.08258342 0.01708602 0.124213
0.1486244 -0.0003357526 -0.0008522813 1111327 0.08258342 0.01708602 0.124213
0.1493814 0.001650795 -0.002248077 1221106 0.08365709 0.01860581 0.1230479
0.1503225 0.004183727 -0.003193316 1341210 0.08470121 0.02072722 0.1222117
0.1503225 0.004183727 -0.003193316 1451310 0.08470121 0.02072722 0.1222117
0.1505135 0.00726721 -0.004233466 1561409 0.08545274 0.02353829 0.1214988
0.1510068 0.01195876 -0.005041838 1671504 0.08573541 0.02707654 0.1207252
0.1510068 0.01195876 -0.005041838 1791621 0.08573541 0.02707654 0.1207252
0.1503679 0.01793307 -0.00602599 1891695 0.08550755 0.0315518 0.1201244
0.1499371 0.02405155 -0.006552546 2011807 0.08513819 0.0367077 0.1197296
0.1499371 0.02405155 -0.006552546 2131920 0.08513819 0.0367077 0.1197296
0.1482304 0.03162738 -0.007540012 2232006 0.08411648 0.04258392 0.1192496
0.1469501 0.03940668 -0.008098426 2342101 0.08270505 0.04883511 0.1187477
0.1469501 0.03940668 -0.008098426 2452197 0.08270505 0.04883511 0.1187477
0.1438271 0.04772141 -0.009013276 2572321 0.0803417 0.05539818 0.1183324
0.1417251 0.05631807 -0.008962878 2672399 0.07818585 0.06255171 0.1184347
0.1417251 0.05631807 -0.008962878 2792504 0.07818585 0.06255171 0.1184347
0.1362745 0.06646342 -0.01047153 2902611 0.07430602 0.0699407 0.1178019
0.1320876 0.07625888 -0.01044436 3012711 0.07035244 0.07757775 0.1179818
0.1320876 0.07625888 -0.01044436 3132827 0.07035244 0.07757775 0.1179818
0.126711 0.08617637 -0.01065305 3242918 0.06561235 0.08508247 0.1180793
0.1210581 0.09652335 -0.01070364 3353018 0.06066036 0.09256183 0.1183028
0.1210581 0.09652335 -0.01070364 3463125 0.06066036 0.09256183 0.1183028
0.1140455 0.1064785 -0.01091227 3593243 0.05495524 0.09987598 0.1185906
0.1069302 0.1156035 -0.01099732 3683328 0.04912138 0.1069416 0.1189617
0.0983578 0.1238693 -0.01132433 3803432 0.0420695 0.1134361 0.119171
0.0983578 0.1238693 -0.01132433 3933537 0.0420695 0.1134361 0.119171
0.08803711 0.1311566 -0.01241259 4023619 0.03458346 0.1194562 0.1191627
0.07856304 0.1390079 -0.01232987 4133718 0.02625753 0.1248002 0.1194599
0.07856304 0.1390079 -0.01232987 4243830 0.02625753 0.1248002 0.1194599
0.06795661 0.1470308 -0.01252646 4353917 0.01757747 0.1304037 0.1197298
0.05824832 0.154605 -0.0116863 4474025 0.009069151 0.1355449 0.1206933
0.05824832 0.154605 -0.0116863 4584145 0.009069151 0.1355449 0.1206933
0.04589944 0.1615278 -0.01135166 4694228 -0.0006788302 0.1402697 0.1216327
0.03406298 0.1673698 -0.01075396 4804331 -0.01079265 0.1444103 0.1225392
0.03406298 0.1673698 -0.01075396 4914431 -0.01079265 0.1444103 0.1225392
0.02057148 0.1725172 -0.009911715 5024526 -0.0219257 0.147776 0.1238349
0.00692359 0.1772099 -0.008241547 5144626 -0.03321691 0.1506201 0.1258777
0.00692359 0.1772099 -0.008241547 5254734 -0.03321691 0.1506201 0.1258777
-0.006907044 0.1804972 -0.006351087 5384847 -0.04485122 0.1525446 0.1281299
-0.02136863 0.1838317 -0.003881468 5484954 -0.05662258 0.1540044 0.1309286
-0.02136863 0.1838317 -0.003881468 5585032 -0.05662258 0.1540044 0.1309286
-0.03557678 0.1854483 -0.001504478 5725179 -0.06846291 0.1544835 0.1336471
-0.05060056 0.1855922 0.0005266878 5815252 -0.08049237 0.1541867 0.1362707
-0.05060056 0.1855922 0.0005266878 5925339 -0.08049237 0.1541867 0.1362707
-0.06537857 0.184577 0.002612254 6035438 -0.09263629 0.1530208 0.1388748
-0.08212096 0.1830704 0.003259003 6155547 -0.1052968 0.1521415 0.1404179
-0.08212096 0.1830704 0.003259003 6265646 -0.1052968 0.1521415 0.1404179
-0.09828569 0.1813734 0.005837873 6375891 -0.1169042 0.1500957 0.1436106
-0.1122345 0.1762066 0.008245404 6505879 -0.128082 0.1465182 0.1467146
-0.1122345 0.1762066 0.008245404 6595944 -0.128082 0.1465182 0.1467146
-0.1265274 0.1680585 0.01018178 6706039 -0.1391309 0.1410944 0.1495387
-0.1327584 0.1681616 0.01447577 6826164 -0.1466298 0.1379851 0.1530514
-0.1327584 0.1681616 0.01447577 6936263 -0.1466298 0.1379851 0.1530514
-0.1431917 0.1585854 0.01567852 7046351 -0.1552204 0.1311682 0.1549978
-0.1524221 0.1488319 0.01656199 7156458 -0.1630585 0.1240461 0.1564862
-0.1524221 0.1488319 0.01656199 7276571 -0.1630585 0.1240461 0.1564862
-0.1618757 0.1353627 0.0174303 7386662 -0.1698335 0.1151033 0.1582581
-0.1683109 0.123045 0.0181448 7496757 -0.1745618 0.106054 0.15949
-0.1683109 0.123045 0.0181448 7626883 -0.1745618 0.106054 0.15949
-0.1723571 0.1098764 0.01838529 7716956 -0.1782333 0.09608078 0.1600942
-0.1750633 0.09450222 0.01840478 7827067 -0.1809852 0.08484591 0.1604539
-0.1750633 0.09450222 0.01840478 7937150 -0.1809852 0.08484591 0.1604539
-0.1754907 0.0782292 0.01836559 8057259 -0.1827544 0.07351453 0.1606023
-0.1742291 0.06501151 0.01754988 8167362 -0.1824272 0.06330407 0.1598037
-0.1742291 0.06501151 0.01754988 8277462 -0.1824272 0.06330407 0.1598037
-0.176425 0.04764752 0.01613777 8387565 -0.1827384 0.05170977 0.1584398
-0.1724128 0.03059225 0.01596729 8507682 -0.1829071 0.03967471 0.1577898
-0.1724128 0.03059225 0.01596729 8607760 -0.1829071 0.03967471 0.1577898
-0.1716629 0.01487288 0.01480985 8747890 -0.1814102 0.02811773 0.1563578
-0.1699843 -0.0009482017 0.01388092 8837967 -0.1796669 0.01662743 0.154961
-0.1699843 -0.0009482017 0.01388092 8948071 -0.1796669 0.01662743 0.154961
-0.1677451 -0.01509391 0.0122337 9078192 -0.1760242 0.006474502 0.1528485
-0.1616566 -0.02991025 0.01168034 9178275 -0.1711963 -0.003822001 0.1514468
-0.1616566 -0.02991025 0.01168034 9288386 -0.1711963 -0.003822001 0.1514468
-0.1541351 -0.04297142 0.01095685 9398473 -0.1653553 -0.0135787 0.1499404
-0.1459122 -0.05575493 0.01086028 9518578 -0.1588149 -0.02295371 0.1489322
-0.1459122 -0.05575493 0.01086028 9618680 -0.1588149 -0.02295371 0.1489322
-0.1368774 -0.06720956 0.01072469 9728771 -0.1517691 -0.03163935 0.147908
-0.1274023 -0.07801151 0.01057506 9858885 -0.1441478 -0.03969042 0.1468004
-0.1175786 -0.08827576 0.0101963 9958991 -0.1361585 -0.0469214 0.145292
-0.1175786 -0.08827576 0.0101963 10069091 -0.1361585 -0.0469214 0.145292
-0.1075096 -0.09750552 0.009479053 10189187 -0.1276185 -0.05327824 0.1434411
-0.09711159 -0.1054594 0.008524045 10299286 -0.1189524 -0.05923456 0.1415372
-0.09711159 -0.1054594 0.008524045 10399376 -0.1189524 -0.05923456 0.1415372
-0.08644812 -0.1124054 0.007280164 10519485 -0.1099103 -0.06457278 0.139446
-0.07592124 -0.1189027 0.005831238 10639593 -0.1005358 -0.0695901 0.1372415
-0.07592124 -0.1189027 0.005831238 10739688 -0.1005358 -0.0695901 0.1372415
-0.06300709 -0.1251327 0.005374628 10859788 -0.0911793 -0.07363033 0.135221
-0.05189307 -0.129027 0.003488366 10979896 -0.08170611 -0.07685664 0.1327001
-0.05189307 -0.129027 0.003488366 11090000 -0.08170611 -0.07685664 0.1327001
-0.0406684 -0.1324826 0.001871283 11190094 -0.07221103 -0.07946222 0.1303242
-0.02823194 -0.1348663 0.000541477 11300185 -0.06225875 -0.08127469 0.1281204
-0.02823194 -0.1348663 0.000541477 11410301 -0.06225875 -0.08127469 0.1281204
-0.01653998 -0.1356073 -0.001048974 11520388 -0.05286939 -0.08228547 0.126007
-0.01653998 -0.1356073 -0.001048974 11630492 -0.05286939 -0.08228547 0.126007
-0.005094137 -0.1357984 -0.002614012 11750612 -0.04303116 -0.08257339 0.124012
0.006471478 -0.1344645 -0.004773872 11860691 -0.0330868 -0.08199181 0.1216698
0.01820657 -0.1324468 -0.006385805 11970811 -0.02330135 -0.08060107 0.119691
0.01820657 -0.1324468 -0.006385805 12080906 -0.02330135 -0.08060107 0.119691
0.0298125 -0.1298436 -0.008115209 12191001 -0.01372093 -0.07862532 0.1175342
0.04064102 -0.1268246 -0.009729098 12311106 -0.004464411 -0.07599242 0.115522
0.04064102 -0.1268246 -0.009729098 12431206 -0.004464411 -0.07599242 0.115522
0.05228299 -0.1223828 -0.01041357 12541318 0.004070541 -0.07246515 0.1140455
0.06168101 -0.1174314 -0.01182088 12641408 0.01228697 -0.06852402 0.1125759
0.06168101 -0.1174314 -0.01182088 12771517 0.01228697 -0.06852402 0.1125759
0.07213277 -0.1112816 -0.01252797 12871603 0.02063245 -0.06389303 0.1116021
0.082007 -0.1047465 -0.01303552 13011734 0.02871964 -0.05880437 0.1108839
0.082007 -0.1047465 -0.01303552 13241950 0.02871964 -0.05880437 0.1108839
0.1007476 -0.08980968 -0.01307943 13462153 0.04343984 -0.04736353 0.1102916
0.1090276 -0.08178177 -0.01289871 13682339 0.05009945 -0.04135092 0.1103858
0.1171553 -0.07356797 -0.01228022 13922560 0.05635625 -0.03499832 0.1106918
0.1301656 -0.05709389 -0.01141392 14132742 0.06705999 -0.0224575 0.1115668
0.1356441 -0.0491407 -0.01113174 14362961 0.07150231 -0.01626063 0.111795
0.1456548 -0.03242598 -0.009659171 14603166 0.07871173 -0.003767459 0.1128299
0.149435 -0.02437038 -0.009448756 14803343 0.08172429 0.002210167 0.1130869
0.152812 -0.01636941 -0.008976237 15013536 0.08437463 0.008192698 0.1135769
0.1565018 -0.008110966 -0.008002489 15123636 0.08679518 0.01399918 0.114302
0.1595327 -0.0003554935 -0.006988578 15213713 0.08872635 0.01961394 0.1150521
0.1613941 0.006955226 -0.006277287 15353843 0.0903734 0.02488776 0.115955
0.1613941 0.006955226 -0.006277287 15443937 0.0903734 0.02488776 0.115955
0.1629874 0.01501639 -0.005107671 15554024 0.09167893 0.03002959 0.1173503
0.1642124 0.02258484 -0.003495604 15664123 0.09237897 0.03485082 0.1189616
0.1642124 0.02258484 -0.003495604 15784252 0.09237897 0.03485082 0.1189616
0.1635234 0.03024964 -0.002509113 15884326 0.09234885 0.0389142 0.1206386
0.1622042 0.03763503 -0.001256981 16004439 0.09180421 0.04265574 0.1225368
0.1622042 0.03763503 -0.001256981 16124547 0.09180421 0.04265574 0.1225368
0.160371 0.04418261 0.0004056563 16224633 0.09074716 0.04574126 0.1247292
