0.1470261 0.000135081 0.009691536 0 0.09254863 -0.006938383 0.141177
0.1477519 0.0006655449 0.009270378 110103 0.09283338 -0.005779738 0.1406046
0.1479835 0.003482386 0.008657126 220195 0.0931956 -0.003987529 0.1399916
0.1479835 0.003482386 0.008657126 330286 0.0931956 -0.003987529 0.1399916
0.1492838 0.006513688 0.007996882 450406 0.09404451 -0.0017896 0.139092
0.1478851 0.0113032 0.007190587 550493 0.0937577 0.0004611814 0.1385638
0.1478851 0.0113032 0.007190587 670609 0.0937577 0.0004611814 0.1385638
0.1474466 0.01538629 0.006549497 790709 0.09361859 0.003145089 0.1379228
0.1464592 0.02156551 0.00600255 890796 0.09338109 0.006545652 0.1373927
0.1464592 0.02156551 0.00600255 1000895 0.09338109 0.006545652 0.1373927
0.145284 0.02783003 0.005933628 1131017 0.09280819 0.01057867 0.1372916
0.1436494 0.03613359 0.006051285 1231107 0.09189179 0.01582411 0.137257
0.1436494 0.03613359 0.006051285 1341202 0.09189179 0.01582411 0.137257
0.1416286 0.04396723 0.006360036 1471316 0.09075631 0.02119221 0.1375071
0.1392163 0.05388045 0.007086391 1561421 0.08901244 0.02750652 0.137816
0.1392163 0.05388045 0.007086391 1671504 0.08901244 0.02750652 0.137816
0.135134 0.06343581 0.007106558 1791621 0.08666232 0.03401513 0.1378397
0.1307708 0.07419983 0.007015892 1901708 0.08376018 0.04116111 0.137418
0.1307708 0.07419983 0.007015892 2011811 0.08376018 0.04116111 0.137418
0.1250972 0.08382446 0.006084313 2121907 0.08006631 0.04864484 0.136625
0.1195357 0.09320861 0.005200454 2232010 0.07561133 0.05630091 0.1356409
0.1195357 0.09320861 0.005200454 2352127 0.07561133 0.05630091 0.1356409
0.113107 0.1027529 0.004629667 2482244 0.07065814 0.06350529 0.1348755
0.1057179 0.1128674 0.004215324 2572317 0.0648584 0.07038856 0.1339547
0.09685518 0.1221548 0.003809223 2682421 0.05829972 0.07690241 0.1333158
0.09685518 0.1221548 0.003809223 2792508 0.05829972 0.07690241 0.1333158
0.08744267 0.1312365 0.003051365 2922641 0.05145154 0.08342223 0.1323753
0.07695702 0.1388056 0.001732326 3022728 0.04400914 0.08936825 0.131257
0.07695702 0.1388056 0.001732326 3132823 0.04400914 0.08936825 0.131257
0.06669948 0.1453889 -7.866354E-06 3262957 0.03638725 0.09516136 0.129856
0.0558611 0.1509903 -0.00134352 3353030 0.02838001 0.09997614 0.1288432
0.0558611 0.1509903 -0.00134352 3463117 0.02838001 0.09997614 0.1288432
0.04514823 0.1557923 -0.002441615 3583221 0.02021675 0.1040895 0.1279865
0.03393884 0.1602222 -0.003371449 3693341 0.01176228 0.1076456 0.1272048
0.03393884 0.1602222 -0.003371449 3803424 0.01176228 0.1076456 0.1272048
0.02264601 0.1627981 -0.004234535 3913528 0.00305608 0.1100429 0.1266829
0.01120213 0.1639983 -0.00553146 4053654 -0.00529506 0.1117665 0.1260205
0.01120213 0.1639983 -0.00553146 4143747 -0.00529506 0.1117665 0.1260205
0.0001185499 0.1647563 -0.006520678 4253827 -0.01351269 0.1128468 0.1254863
-0.01122472 0.1648272 -0.007312011 4363934 -0.02157962 0.1127949 0.1249441
-0.01122472 0.1648272 -0.007312011 4474042 -0.02157962 0.1127949 0.1249441
-0.0221794 0.1635827 -0.007750889 4584125 -0.02961699 0.1119252 0.1248479
-0.03292192 0.1617813 -0.007705853 4694232 -0.03774103 0.1102879 0.1250777
-0.03292192 0.1617813 -0.007705853 4824358 -0.03774103 0.1102879 0.1250777
-0.04344822 0.1594224 -0.007418272 4924448 -0.04581033 0.1080612 0.1254829
-0.05356825 0.1560495 -0.007084471 5034539 -0.05354622 0.1053003 0.1260724
-0.05356825 0.1560495 -0.007084471 5164649 -0.05354622 0.1053003 0.1260724
-0.06334635 0.1518364 -0.006875833 5254730 -0.06103443 0.1019081 0.1265711
-0.07279105 0.1470371 -0.006457168 5364833 -0.06848033 0.09804221 0.1272858
-0.07279105 0.1470371 -0.006457168 5484954 -0.06848033 0.09804221 0.1272858
-0.08244672 0.1419969 -0.005733014 5595049 -0.0755979 0.09374923 0.1281756
-0.09134306 0.1364753 -0.004988119 5705144 -0.08249109 0.08890636 0.1290458
-0.09134306 0.1364753 -0.004988119 5825249 -0.08249109 0.08890636 0.1290458
-0.09994578 0.1303589 -0.004379776 5935348 -0.08920622 0.08392247 0.1299131
-0.1074002 0.1238037 -0.003979571 6045464 -0.09558263 0.07875258 0.1306941
-0.1074002 0.1238037 -0.003979571 6155551 -0.09558263 0.07875258 0.1306941
-0.1148171 0.1169488 -0.003555803 6265650 -0.1015756 0.0733279 0.1314558
-0.1208109 0.1094858 -0.003204898 6375758 -0.1068958 0.06730958 0.1321974
-0.1208109 0.1094858 -0.003204898 6485853 -0.1068958 0.06730958 0.1321974
-0.1271613 0.102527 -0.00255288 6605965 -0.1118625 0.06124472 0.1329756
-0.1325661 0.09434458 -0.002005023 6716057 -0.116196 0.05468217 0.1338816
-0.1325661 0.09434458 -0.002005023 6826152 -0.116196 0.05468217 0.1338816
-0.137312 0.08620824 -0.0015789 6936259 -0.1200402 0.04791586 0.1345887
-0.1412936 0.0775768 -0.001315078 7056360 -0.1231258 0.04089757 0.1351797
-0.1412936 0.0775768 -0.001315078 7156462 -0.1231258 0.04089757 0.1351797
-0.1449002 0.06843916 -0.0009809812 7276575 -0.1257803 0.03381327 0.1359195
-0.1484628 0.0594835 -0.0007944102 7406672 -0.1279603 0.02626849 0.1362554
-0.1510135 0.04927422 -0.0003527766 7496753 -0.1298169 0.01826181 0.137107
-0.1510135 0.04927422 -0.0003527766 7606865 -0.1298169 0.01826181 0.137107
-0.1529664 0.03950615 5.303641E-05 7726977 -0.1314569 0.01039229 0.1378789
-0.1529664 0.03950615 5.303641E-05 7837064 -0.1314569 0.01039229 0.1378789
-0.1546147 0.02915771 0.0008430965 7947176 -0.1328217 0.002252149 0.1390727
-0.1551776 0.01976984 0.001747025 8057263 -0.1337375 -0.005701239 0.1403031
-0.1551776 0.01976984 0.001747025 8167366 -0.1337375 -0.005701239 0.1403031
-0.1549545 0.009439987 0.002626877 8277474 -0.1340884 -0.01374691 0.1416708
-0.1540562 -0.0009001092 0.003871592 8387561 -0.133652 -0.02213173 0.1432959
-0.1540562 -0.0009001092 0.003871592 8507694 -0.133652 -0.02213173 0.1432959
-0.1529405 -0.01080005 0.005129085 8617785 -0.1326544 -0.03040803 0.1448081
-0.1508298 -0.02022186 0.006541895 8727868 -0.1313272 -0.03806284 0.1465691
-0.1508298 -0.02022186 0.006541895 8847985 -0.1313272 -0.03806284 0.1465691
-0.1472355 -0.03026461 0.00766386 8948071 -0.1291779 -0.045858 0.1481524
-0.1430868 -0.04059545 0.008634024 9058178 -0.126666 -0.05354853 0.1495908
-0.1430868 -0.04059545 0.008634024 9178271 -0.126666 -0.05354853 0.1495908
-0.1374379 -0.05064139 0.009195723 9308392 -0.1233449 -0.06067647 0.1506416
-0.1315345 -0.06002755 0.009518316 9408478 -0.11943 -0.06762934 0.1512996
-0.1249221 -0.06907406 0.009855361 9508723 -0.1143191 -0.07443012 0.1518594
-0.1249221 -0.06907406 0.009855361 9638702 -0.1143191 -0.07443012 0.1518594
-0.1184346 -0.07771456 0.01041932 9728767 -0.1089206 -0.08069895 0.15257
-0.1109702 -0.08635979 0.01097015 9848900 -0.1029521 -0.08692891 0.1532432
-0.1109702 -0.08635979 0.01097015 9958991 -0.1029521 -0.08692891 0.1532432
-0.1024294 -0.09415732 0.01145269 10069078 -0.09692762 -0.09253377 0.1538372
-0.1024294 -0.09415732 0.01145269 10179182 -0.09692762 -0.09253377 0.1538372
-0.09297524 -0.1020871 0.01183147 10299290 -0.09034303 -0.09807928 0.1542508
-0.08317429 -0.1095568 0.01195752 10409390 -0.08335388 -0.1029097 0.1543023
-0.08317429 -0.1095568 0.01195752 10519481 -0.08335388 -0.1029097 0.1543023
-0.07337313 -0.1155636 0.01171646 10629580 -0.07566549 -0.1071357 0.1539485
-0.06386599 -0.1216249 0.01148817 10749713 -0.06755698 -0.1113124 0.1535667
-0.05341556 -0.1269849 0.01182205 10859788 -0.0591801 -0.1150131 0.1537012
-0.05341556 -0.1269849 0.01182205 10969891 -0.0591801 -0.1150131 0.1537012
-0.04333125 -0.1305911 0.01200557 11080007 -0.05104145 -0.1180875 0.1537464
-0.03271118 -0.1337421 0.01204464 11190094 -0.04333617 -0.1206422 0.1535428
-0.03271118 -0.1337421 0.01204464 11300198 -0.04333617 -0.1206422 0.1535428
-0.02106519 -0.1365756 0.01220783 11420306 -0.03516758 -0.1224571 0.1533037
-0.009857144 -0.1389472 0.01225121 11520392 -0.02693061 -0.123574 0.1528869
-0.009857144 -0.1389472 0.01225121 11640497 -0.02693061 -0.123574 0.1528869
0.002161606 -0.1401037 0.01223796 11780635 -0.01803517 -0.1243032 0.1524117
0.01304918 -0.1405051 0.01264506 11860703 -0.009360898 -0.1242402 0.1524288
0.01304918 -0.1405051 0.01264506 12010835 -0.009360898 -0.1242402 0.1524288
0.02405546 -0.140649 0.01315006 12241039 -0.0006010794 -0.1240695 0.1525181
0.04495355 -0.1369044 0.01393566 12471258 0.01597563 -0.1214033 0.1525944
0.05564453 -0.1348035 0.01450589 12681432 0.02373939 -0.1192281 0.1525121
0.06570705 -0.1324349 0.01507536 12911640 0.03128621 -0.1166443 0.1524511
0.08435529 -0.1241306 0.01617769 13131855 0.0458511 -0.1106405 0.1527123
0.09173189 -0.118121 0.01645466 13352045 0.05214966 -0.1072346 0.1529134
0.09909692 -0.1126904 0.01658378 13562231 0.05807804 -0.1030508 0.1527116
0.1060042 -0.1075105 0.01736448 13652328 0.06321885 -0.09887933 0.1530154
0.1132959 -0.1013897 0.01808682 13772441 0.06828707 -0.09423362 0.1531025
0.1190758 -0.09411817 0.01823113 13932565 0.07238751 -0.08890221 0.1527646
0.1246904 -0.08762084 0.0189251 14132750 0.07633983 -0.08375251 0.1529158
0.1299937 -0.08071525 0.01991335 14362974 0.07998606 -0.07875622 0.1533361
0.1349007 -0.07245938 0.02033571 14603194 0.08363758 -0.07335202 0.1532926
0.1428597 -0.05880002 0.02100756 14803347 0.08970842 -0.06274395 0.1531652
0.1460238 -0.05016982 0.02093965 15033571 0.09221731 -0.05690872 0.1527187
0.1490108 -0.04314847 0.02116497 15283805 0.09441066 -0.05159564 0.1525183
0.1530413 -0.02812166 0.02192088 15443933 0.09806199 -0.04168422 0.1526862
0.1555583 -0.02083867 0.02321941 15554024 0.09953172 -0.03682709 0.1532642
0.1555583 -0.02083867 0.02321941 15684146 0.09953172 -0.03682709 0.1532642
0.1566186 -0.01397251 0.02437518 15774223 0.1004112 -0.03255172 0.1539969
0.1575688 -0.0069013 0.02490293 15884334 0.1011616 -0.02852057 0.1539653
0.1575688 -0.0069013 0.02490293 16024449 0.1011616 -0.02852057 0.1539653
0.1576938 -7.83453E-05 0.02506953 16114550 0.1014344 -0.02455525 0.1536853
0.1580583 0.00645177 0.02461192 16244664 0.1017061 -0.02062881 0.152664
0.1581846 0.01119777 0.02374208 16334749 0.1020493 -0.01747019 0.1515436
0.1581846 0.01119777 0.02374208 16464854 0.1020493 -0.01747019 0.1515436
0.1580569 0.01608829 0.02274212 16564941 0.1023196 -0.01436031 0.1503057
0.1580569 0.01608829 0.02274212 16685053 0.1023196 -0.01436031 0.1503057
0.1577246 0.01838144 0.02136815 16805178 0.1022702 -0.01177311 0.1491248
0.1580382 0.0201841 0.02018999 16905252 0.1025248 -0.009789764 0.1479636
0.1573705 0.02205127 0.0191105 17045378 0.1023787 -0.00836094 0.147006
