0.1490761 -0.003083744 0.003892168 0 0.1062457 0.004601536 0.229981
0.1493995 -0.001164948 0.002306551 120104 0.1062433 0.005298791 0.229061
0.1500977 -0.0002926241 0.001934752 230207 0.1059258 0.006401119 0.2281897
0.1500977 -0.0002926241 0.001934752 340303 0.1059258 0.006401119 0.2281897
0.1504451 0.00211888 0.000954181 450406 0.1050971 0.008012828 0.2273503
0.1509587 0.00471672 0.00067693 560518 0.1045631 0.009669122 0.2267039
0.1509587 0.00471672 0.00067693 670605 0.1045631 0.009669122 0.2267039
0.1511506 0.007143473 0.0004236102 780700 0.1036749 0.01163631 0.226282
0.1509894 0.01092035 -0.0006327927 900821 0.103138 0.01393157 0.2259406
0.1509894 0.01092035 -0.0006327927 1010924 0.103138 0.01393157 0.2259406
0.1510878 0.01480381 -0.0007086247 1121011 0.1026996 0.01609832 0.2257685
0.1507231 0.01816538 -0.001146823 1231111 0.1024116 0.01853889 0.2258793
0.1507231 0.01816538 -0.001146823 1341210 0.1024116 0.01853889 0.2258793
0.150217 0.02316771 -0.00188078 1461330 0.1019906 0.02132684 0.2259562
0.1490643 0.02742657 -0.002966091 1581427 0.1014 0.02402335 0.2264174
0.1490643 0.02742657 -0.002966091 1681517 0.1014 0.02402335 0.2264174
0.1478229 0.03274246 -0.00392513 1811647 0.1003209 0.02730137 0.2268853
0.1464773 0.03790643 -0.003979579 1911721 0.09930333 0.03083545 0.2278324
0.1464773 0.03790643 -0.003979579 2011815 0.09930333 0.03083545 0.2278324
0.1446754 0.04308872 -0.004300207 2141924 0.09808361 0.03443998 0.2290109
0.1428899 0.04838938 -0.004368037 2242015 0.09679595 0.03803688 0.230242
0.1428899 0.04838938 -0.004368037 2352122 0.09679595 0.03803688 0.230242
0.1409097 0.05416076 -0.004193962 2492253 0.0954728 0.04178983 0.2316951
0.1375505 0.06023374 -0.005461112 2572325 0.09327462 0.04545647 0.233452
0.1375505 0.06023374 -0.005461112 2692425 0.09327462 0.04545647 0.233452
0.134833 0.06585813 -0.005278677 2802529 0.09126412 0.04919153 0.2353453
0.131643 0.07142016 -0.005830273 2912624 0.0888963 0.0530358 0.2371974
0.131643 0.07142016 -0.005830273 3022735 0.0888963 0.0530358 0.2371974
0.1279904 0.07719219 -0.006385595 3142844 0.08645581 0.05673033 0.2393089
0.1242763 0.08294123 -0.006536126 3252927 0.08404833 0.06046301 0.241605
0.1242763 0.08294123 -0.006536126 3363043 0.08404833 0.06046301 0.241605
0.120865 0.08790112 -0.006010652 3473150 0.08157905 0.06391698 0.2439926
0.1170373 0.09282929 -0.00598976 3593238 0.07880837 0.06720799 0.2463249
0.1170373 0.09282929 -0.00598976 3693324 0.07880837 0.06720799 0.2463249
0.1122449 0.09838928 -0.005998209 3813441 0.07604257 0.0703426 0.2491736
0.1084054 0.1035068 -0.005553171 3923532 0.07343064 0.0733363 0.2515086
0.1084054 0.1035068 -0.005553171 4033640 0.07343064 0.0733363 0.2515086
0.1039045 0.107495 -0.005316004 4143747 0.07042132 0.07602865 0.2542239
0.1002657 0.1105664 -0.004067376 4253830 0.06706244 0.07867271 0.2569014
0.1002657 0.1105664 -0.004067376 4383960 0.06706244 0.07867271 0.2569014
0.0952748 0.1144956 -0.003777295 4484066 0.06383965 0.08110315 0.2597577
0.09049094 0.1181896 -0.003084198 4594145 0.06058032 0.08353454 0.2626228
0.09049094 0.1181896 -0.003084198 4724271 0.06058032 0.08353454 0.2626228
0.08619917 0.1215254 -0.002107337 4824345 0.05737456 0.08575469 0.2652572
0.08049227 0.1255874 -0.002001971 4934449 0.05380568 0.0878281 0.2679259
0.08049227 0.1255874 -0.002001971 5044544 0.05380568 0.0878281 0.2679259
0.07552398 0.1287567 -0.001092166 5154655 0.0502571 0.08981997 0.2706384
0.06974255 0.1321844 -0.0006648153 5264747 0.04624157 0.09177417 0.2732502
0.06974255 0.1321844 -0.0006648153 5374850 0.04624157 0.09177417 0.2732502
0.0650548 0.1341834 0.0003693998 5484945 0.04224353 0.09363716 0.275833
0.05957312 0.1366947 0.001197875 5605058 0.03813249 0.09539217 0.2783958
0.05957312 0.1366947 0.001197875 5715161 0.03813249 0.09539217 0.2783958
0.0543083 0.1391478 0.00197804 5825256 0.0338935 0.09716636 0.2806601
0.04860389 0.141535 0.002854899 5935360 0.02981279 0.09871131 0.2829883
0.04860389 0.141535 0.002854899 6045459 0.02981279 0.09871131 0.2829883
0.04263604 0.1436446 0.003458083 6175573 0.02534306 0.1000394 0.2850251
0.03726242 0.1456618 0.004220203 6275663 0.02114997 0.1013144 0.2867554
0.03143254 0.147433 0.004796103 6385754 0.01684179 0.102519 0.2883848
0.03143254 0.147433 0.004796103 6495870 0.01684179 0.102519 0.2883848
0.02592866 0.1488831 0.005200505 6615962 0.01255436 0.1035755 0.289657
0.02033124 0.1506146 0.005134314 6716064 0.008438397 0.1046773 0.2903802
0.02033124 0.1506146 0.005134314 6836161 0.008438397 0.1046773 0.2903802
0.01516535 0.1521035 0.005148619 6946280 0.004322341 0.1057501 0.2909289
0.01516535 0.1521035 0.005148619 7056372 0.004322341 0.1057501 0.2909289
0.01018154 0.1533315 0.005151019 7166467 0.0002339348 0.1066293 0.2912864
0.005716596 0.1546221 0.005472481 7276566 -0.003407896 0.1075702 0.291634
0.001121838 0.1554098 0.005404472 7386674 -0.007168241 0.1083034 0.2917325
0.001121838 0.1554098 0.005404472 7496765 -0.007168241 0.1083034 0.2917325
-0.00357367 0.1565592 0.005637959 7616894 -0.01061827 0.1089728 0.2917054
-0.008301639 0.1568278 0.005702198 7726989 -0.01406784 0.1093746 0.2916722
-0.008301639 0.1568278 0.005702198 7837064 -0.01406784 0.1093746 0.2916722
-0.01215905 0.157178 0.00587973 7977211 -0.0171479 0.1099206 0.2916197
-0.01680694 0.1578542 0.006048948 8057287 -0.02063367 0.1105605 0.2912793
-0.01680694 0.1578542 0.006048948 8177379 -0.02063367 0.1105605 0.2912793
-0.02133047 0.1581465 0.006171063 8307513 -0.02405493 0.1112736 0.2909594
-0.02518087 0.157968 0.006164223 8397578 -0.02732129 0.1115829 0.29056
-0.02518087 0.157968 0.006164223 8507677 -0.02732129 0.1115829 0.29056
-0.02914849 0.1577783 0.006481633 8617768 -0.03043254 0.1119483 0.2902485
-0.03340096 0.1577933 0.007104054 8727872 -0.03332053 0.1121274 0.2897682
-0.03340096 0.1577933 0.007104054 8847992 -0.03332053 0.1121274 0.2897682
-0.03736085 0.1573403 0.007681444 8958076 -0.03602046 0.1121648 0.2893317
-0.04179132 0.1564666 0.00831525 9078188 -0.03905086 0.1122387 0.2888551
-0.04179132 0.1564666 0.00831525 9178282 -0.03905086 0.1122387 0.2888551
-0.04613667 0.1558592 0.008793801 9288374 -0.04234709 0.1125052 0.2881439
-0.05031435 0.1555021 0.00895974 9428516 -0.0458606 0.1129644 0.2871701
-0.05031435 0.1555021 0.00895974 9518606 -0.0458606 0.1129644 0.2871701
-0.05411849 0.1549034 0.009005412 9628689 -0.04920589 0.1132424 0.2861852
-0.05828787 0.1541263 0.009652004 9758802 -0.05250277 0.1132851 0.2852361
-0.05828787 0.1541263 0.009652004 9858897 -0.05250277 0.1132851 0.2852361
-0.06256028 0.153056 0.01014771 9958983 -0.05560199 0.1130927 0.2840445
-0.06680162 0.1517867 0.01087683 10079091 -0.05880889 0.1129795 0.2829685
-0.06680162 0.1517867 0.01087683 10189195 -0.05880889 0.1129795 0.2829685
-0.07098129 0.1509985 0.01134504 10299294 -0.0618448 0.1130419 0.2815191
-0.07543807 0.1495965 0.01162942 10419406 -0.06514828 0.1129783 0.2799061
-0.07543807 0.1495965 0.01162942 10519489 -0.06514828 0.1129783 0.2799061
-0.07991739 0.1485616 0.01196843 10639605 -0.06845499 0.1129718 0.278044
-0.08386141 0.1471417 0.01175869 10749696 -0.07184115 0.1126509 0.276182
-0.08386141 0.1471417 0.01175869 10879826 -0.07184115 0.1126509 0.276182
-0.08761603 0.1462813 0.01143113 10969911 -0.07503777 0.1123909 0.2740949
-0.09162308 0.1439288 0.01171686 11089999 -0.07832962 0.1115454 0.2723806
-0.09162308 0.1439288 0.01171686 11200111 -0.07832962 0.1115454 0.2723806
-0.09593058 0.1419803 0.01211439 11310218 -0.0814036 0.1106775 0.2702215
-0.1004299 0.1393223 0.01252528 11420302 -0.08433454 0.1096758 0.2679773
-0.1004299 0.1393223 0.01252528 11540418 -0.08433454 0.1096758 0.2679773
-0.1044607 0.1366622 0.01262219 11680549 -0.08697015 0.1084908 0.2657319
-0.1080352 0.1343355 0.01233424 11780627 -0.08931282 0.1070457 0.2633692
-0.1080352 0.1343355 0.01233424 11900747 -0.08931282 0.1070457 0.2633692
-0.1116518 0.131906 0.01248355 12130959 -0.09198853 0.1055256 0.2611455
-0.1182913 0.1254996 0.01208013 12381181 -0.09694558 0.1017208 0.2568713
-0.1212718 0.1224289 0.01163752 12581345 -0.09916709 0.09963733 0.2547147
-0.1239458 0.1190562 0.0111845 12811739 -0.1011212 0.09727663 0.2527479
-0.1289286 0.1113455 0.01001248 13021755 -0.104718 0.09231286 0.2490079
-0.131374 0.1072092 0.009429008 13251967 -0.1061217 0.08953291 0.2470593
-0.1335286 0.1029076 0.009283736 13472169 -0.1075307 0.08652014 0.2455134
-0.1376268 0.09482276 0.008624941 13692368 -0.1098236 0.08045441 0.2421968
-0.1394929 0.09058488 0.007927358 13922572 -0.1107623 0.07724029 0.2404794
-0.1412423 0.0866026 0.007491112 14142762 -0.1117306 0.07431227 0.2389676
-0.1445766 0.07817542 0.00628224 14362973 -0.1129427 0.06785363 0.2357852
-0.1461823 0.07395931 0.006201684 14593165 -0.1136191 0.0645681 0.2344622
-0.1475709 0.07015039 0.005311385 14833378 -0.1140712 0.06128734 0.2329035
-0.1507706 0.06120868 0.004696921 15003539 -0.1155931 0.05450422 0.2300425
-0.1523549 0.05712558 0.003813714 15123672 -0.1160984 0.05115086 0.2283028
-0.1534597 0.05236231 0.002338395 15233747 -0.1161859 0.04755276 0.2267115
-0.1534597 0.05236231 0.002338395 15333849 -0.1161859 0.04755276 0.2267115
-0.1550372 0.04764495 0.002633199 15453938 -0.1171525 0.04409033 0.225549
-0.1562118 0.04316097 0.001392573 15554036 -0.1172508 0.04064006 0.2239734
-0.1562118 0.04316097 0.001392573 15684153 -0.1172508 0.04064006 0.2239734
-0.1576472 0.03844351 0.000962615 15784256 -0.1175981 0.03711945 0.2225331
-0.1589343 0.03360062 0.0005791485 15894343 -0.117956 0.03365928 0.2212381
-0.1589343 0.03360062 0.0005791485 16004455 -0.117956 0.03365928 0.2212381
-0.1603404 0.02902563 0.000247404 16114542 -0.1185711 0.03014308 0.2198709
-0.1612399 0.02443418 -0.0009326935 16224645 -0.1189439 0.0267536 0.2185776
-0.1612399 0.02443418 -0.0009326935 16354779 -0.1189439 0.0267536 0.2185776
-0.1624644 0.01914482 -0.00136663 16454853 -0.1193779 0.02323252 0.2172847
-0.1637004 0.01500041 -0.001901254 16574957 -0.1197602 0.0199179 0.2159521
-0.1637004 0.01500041 -0.001901254 16695066 -0.1197602 0.0199179 0.2159521
-0.1646827 0.009339188 -0.001863837 16795164 -0.1200463 0.01629478 0.2150167
-0.1654017 0.004422208 -0.003065199 16905255 -0.1199169 0.01285201 0.2137942
-0.1654017 0.004422208 -0.003065199 17035385 -0.1199169 0.01285201 0.2137942
-0.166323 -0.0004688543 -0.002998695 17135475 -0.1201937 0.009525714 0.2129159
-0.1669963 -0.004576371 -0.003584996 17235553 -0.1201295 0.00628787 0.2120152
-0.1669963 -0.004576371 -0.003584996 17345657 -0.1201295 0.00628787 0.2120152
-0.1676919 -0.009700584 -0.003725678 17465757 -0.1205548 0.002821264 0.2112453
-0.1683491 -0.01463246 -0.003215358 17585870 -0.1208632 -0.0006399775 0.2107428
-0.1683491 -0.01463246 -0.003215358 17685964 -0.1208632 -0.0006399775 0.2107428
-0.1688087 -0.01892202 -0.003363743 17796071 -0.1211244 -0.004010739 0.2102114
-0.1690741 -0.02302887 -0.003589481 17916172 -0.1213976 -0.007241907 0.2098302
-0.1690741 -0.02302887 -0.003589481 18026275 -0.1213976 -0.007241907 0.2098302
-0.1691483 -0.02770462 -0.003442049 18146388 -0.1218369 -0.01043147 0.2096984
-0.1690125 -0.03194772 -0.003534555 18276493 -0.1220867 -0.01355475 0.2096855
-0.1688676 -0.03594173 -0.00347878 18526723 -0.1224277 -0.01662702 0.2097584
-0.1684983 -0.04060984 -0.003141284 18726903 -0.1225811 -0.01983351 0.2100384
-0.1683293 -0.0439161 -0.002589718 18957103 -0.1227156 -0.02279395 0.2103538
-0.1673399 -0.05029932 -0.00129275 19197328 -0.123095 -0.02864999 0.2116688
-0.1665359 -0.05340349 -0.0007323325 19397496 -0.1232804 -0.0314433 0.2125693
-0.1654153 -0.05648287 -7.908046E-05 19627720 -0.12345 -0.03406901 0.213767
-0.1625608 -0.06313948 0.0002550036 19857928 -0.1232349 -0.03923184 0.2162289
-0.1616634 -0.06582323 0.001505569 20068122 -0.1232736 -0.04180044 0.2174706
-0.1604013 -0.0684919 0.001838744 20308343 -0.1229198 -0.04428119 0.2186768
-0.1573741 -0.07512687 0.002176493 20518528 -0.1222158 -0.04937369 0.2211965
-0.155947 -0.07783947 0.002699777 20738707 -0.1218846 -0.05182428 0.2225938
-0.1540156 -0.08134542 0.00262633 20978940 -0.1210492 -0.0543477 0.2240343
-0.1501952 -0.08840705 0.003135428 21189121 -0.1196272 -0.0596487 0.2271239
-0.1485196 -0.09131974 0.003219053 21409312 -0.1185473 -0.06231016 0.2284874
-0.1463718 -0.09466708 0.003327951 21649553 -0.1172807 -0.06496067 0.230147
-0.1418409 -0.1005445 0.004279584 21859730 -0.1143332 -0.07029647 0.2340676
-0.1388762 -0.1037711 0.004485294 22079933 -0.1126955 -0.07284921 0.236389
-0.1358544 -0.1069429 0.004935756 22310133 -0.1114231 -0.07542808 0.2388728
-0.1295231 -0.1134007 0.005045712 22530336 -0.1079984 -0.08074874 0.2435916
-0.1261136 -0.1162186 0.005088389 22760552 -0.1058676 -0.08320076 0.2461031
-0.1218304 -0.119879 0.005164474 22980750 -0.1033975 -0.08592075 0.2490781
-0.1142425 -0.125372 0.006050736 23210962 -0.09847844 -0.09106618 0.2548229
-0.1099403 -0.1286137 0.006327599 23451163 -0.09578212 -0.09356612 0.2577159
-0.1014367 -0.1344052 0.007355079 23661368 -0.08940019 -0.09881634 0.2636161
-0.09675233 -0.137511 0.007280648 23881559 -0.08563282 -0.1013063 0.2662943
-0.09169409 -0.1410281 0.007401422 24111759 -0.08164889 -0.1038935 0.2690676
-0.08247299 -0.1469869 0.0072072 24331970 -0.07431185 -0.1084778 0.2736435
-0.07718775 -0.1503625 0.007131681 24542147 -0.07045962 -0.1109237 0.2760256
-0.07263856 -0.1531836 0.006716266 24762346 -0.06700591 -0.1131761 0.277825
-0.06756572 -0.1564057 0.006193474 24992554 -0.06335682 -0.1154668 0.2795409
-0.05793066 -0.1622582 0.005454987 25212764 -0.05611434 -0.1193776 0.282381
-0.05312107 -0.1650903 0.004879043 25442956 -0.05220045 -0.121195 0.2834264
-0.04278354 -0.1708493 0.003289595 25663151 -0.04377829 -0.1244358 0.2848203
-0.03793759 -0.1735394 0.002642661 25883353 -0.03955378 -0.1257548 0.2852038
-0.03270506 -0.1757769 0.002044275 26103548 -0.03525607 -0.1268862 0.2856365
-0.02744199 -0.1778582 0.001726508 26353782 -0.03119391 -0.1278131 0.2860131
-0.01719318 -0.1809478 0.0008236021 26553971 -0.02319136 -0.1292778 0.2862893
-0.01268487 -0.1818444 0.0003637075 26784162 -0.01935755 -0.1296839 0.2862543
-0.002750073 -0.1821047 0.0001452267 27024395 -0.01143125 -0.1297397 0.2864379
0.002715268 -0.1817347 0.0001993626 27224560 -0.007221034 -0.1294622 0.2864155
0.007394759 -0.1807963 0.0004213899 27454796 -0.003559468 -0.1288268 0.2864192
0.01642838 -0.1786772 0.000184834 27674970 0.003989868 -0.1270957 0.2856195
0.02116556 -0.176779 -3.010035E-06 27895169 0.007608453 -0.1258447 0.2850882
0.02572541 -0.1745939 0.0006505698 28155408 0.01121063 -0.1246221 0.28502
0.03509241 -0.1691047 0.001634613 28345571 0.01848781 -0.1211411 0.2842411
0.0393693 -0.1662149 0.002007753 28595813 0.02208051 -0.1192523 0.2837133
0.04387801 -0.1630154 0.002705872 28795994 0.0256494 -0.1171786 0.2831845
0.05231284 -0.1568262 0.003827184 29016189 0.0322776 -0.1128971 0.2816468
0.05641881 -0.1533884 0.003954709 29256401 0.03560891 -0.1105509 0.2805833
0.06003647 -0.1502487 0.004015341 29466587 0.03867324 -0.1082262 0.2794973
0.06799069 -0.1440336 0.004645169 29686802 0.04502777 -0.1033809 0.2768674
0.07124532 -0.1402555 0.004238486 29927003 0.04790546 -0.1004819 0.2754998
0.07465329 -0.1366465 0.004175931 30137196 0.0504363 -0.09769243 0.2740668
0.08156379 -0.1288036 0.003869027 30357395 0.05577017 -0.09188754 0.2710043
0.08489801 -0.1244665 0.00402987 30587599 0.05815003 -0.08871526 0.2696055
0.08844898 -0.1200005 0.003967822 30817798 0.06056809 -0.08511108 0.2677871
0.09480666 -0.1110976 0.003538936 31048018 0.06530557 -0.07785374 0.2643017
0.09804506 -0.1060774 0.003463849 31248195 0.06761713 -0.07391208 0.2625618
0.1009674 -0.10153 0.003349379 31478407 0.06986435 -0.07018322 0.2609095
0.1075261 -0.08989922 0.003857389 31698613 0.074805 -0.06222314 0.2578306
0.1097803 -0.08483988 0.003316537 31928809 0.07602535 -0.05771631 0.2560977
0.1126502 -0.0789301 0.003742218 32159029 0.07774583 -0.0529992 0.2545546
0.1169391 -0.0670881 0.003986716 32369227 0.08081886 -0.0436861 0.2522119
0.1193832 -0.06039158 0.004029736 32599418 0.08223525 -0.03865058 0.2507376
0.1234446 -0.04783822 0.005008131 32849636 0.08502342 -0.02909225 0.2487643
0.125134 -0.04146835 0.004968017 33039820 0.086155 -0.02419693 0.2477063
0.1266581 -0.03569051 0.005320266 33260023 0.08737666 -0.01931006 0.2469058
0.1284781 -0.02927769 0.006251261 33510240 0.08839665 -0.01429719 0.246118
0.1312943 -0.01678346 0.007280245 33710421 0.09029048 -0.004484835 0.2447491
0.1334125 -0.01107711 0.008496478 33940629 0.09158705 4.559517E-05 0.243733
0.1358598 0.000497602 0.007691592 34190846 0.0935193 0.008784709 0.2416975
0.1378385 0.00531344 0.00836578 34381018 0.09450925 0.01286727 0.24037
0.1393267 0.01045554 0.007637918 34641273 0.09508111 0.0170061 0.2387895
0.1423721 0.01848871 0.006429136 34841446 0.09616777 0.02426535 0.2355936
0.1442514 0.02182216 0.006758109 35051643 0.09675514 0.02715307 0.2340432
0.1454473 0.02522361 0.006011084 35301865 0.09702215 0.02981692 0.2326508
0.1477292 0.03277186 0.003815636 35512043 0.09725807 0.03403312 0.2296577
0.1481877 0.0355547 0.002459526 35732254 0.09704868 0.03528994 0.2286392
