0.1478361 0.00329658 -0.004672274 0 0.04019813 0.01875132 0.2012136
0.1475174 0.005112454 -0.005419597 110112 0.03945085 0.01959067 0.2011828
0.1472326 0.006166036 -0.005298406 220207 0.03891932 0.02030545 0.2011789
0.1472326 0.006166036 -0.005298406 340308 0.03891932 0.02030545 0.2011789
0.1470436 0.008195069 -0.006033137 450407 0.03822679 0.02148801 0.201001
0.1465561 0.01058499 -0.006396741 560510 0.03756894 0.02279788 0.2012162
0.1465561 0.01058499 -0.006396741 670606 0.03756894 0.02279788 0.2012162
0.1462567 0.01286058 -0.006046414 780705 0.03712104 0.02432567 0.2013193
0.1457918 0.01546573 -0.006626591 900809 0.03654401 0.02592379 0.2015388
0.1457918 0.01546573 -0.006626591 1011671 0.03654401 0.02592379 0.2015388
0.1452183 0.01846481 -0.006849036 1121004 0.03607782 0.02771967 0.2019745
0.1446968 0.0219774 -0.006425545 1231103 0.0359367 0.02988392 0.2025937
0.1446968 0.0219774 -0.006425545 1341207 0.0359367 0.02988392 0.2025937
0.1440891 0.02630168 -0.007047713 1461315 0.03535869 0.03233224 0.2029964
0.1434982 0.03013313 -0.007973343 1591437 0.03470326 0.03505951 0.2032432
0.1434982 0.03013313 -0.007973343 1681567 0.03470326 0.03505951 0.2032432
0.1428503 0.03378148 -0.007403001 1791609 0.03422755 0.03792578 0.2037122
0.1421539 0.03795724 -0.007141337 1921735 0.03337288 0.04111177 0.203959
0.141031 0.042083 -0.007618546 2021825 0.03235067 0.04416698 0.2045529
0.141031 0.042083 -0.007618546 2131928 0.03235067 0.04416698 0.2045529
0.1399856 0.04743424 -0.007443741 2242020 0.0315441 0.04763347 0.2052495
0.1399856 0.04743424 -0.007443741 2352131 0.0315441 0.04763347 0.2052495
0.1386152 0.05227583 -0.007401496 2462222 0.03066028 0.05089051 0.2062413
0.1370829 0.05639302 -0.007375792 2582327 0.02971301 0.05413502 0.2073601
0.1370829 0.05639302 -0.007375792 2692746 0.02971301 0.05413502 0.2073601
0.1353933 0.06193908 -0.007161155 2802554 0.02859383 0.05804902 0.2085432
0.1333498 0.06661499 -0.007116765 2912625 0.02730891 0.06152325 0.2100023
0.1333498 0.06661499 -0.007116765 3022720 0.02730891 0.06152325 0.2100023
0.1310862 0.07172182 -0.007278755 3132824 0.02581598 0.06490427 0.2115253
0.1285288 0.07737432 -0.007190302 3242939 0.02404081 0.06865865 0.2131789
0.1285288 0.07737432 -0.007190302 3373061 0.02404081 0.06865865 0.2131789
0.1261046 0.08236521 -0.006535888 3473147 0.02244182 0.0721758 0.2148634
0.1231661 0.08750753 -0.007076129 3583234 0.02010021 0.07567865 0.2164424
0.1231661 0.08750753 -0.007076129 3713352 0.02010021 0.07567865 0.2164424
0.1201376 0.09229622 -0.00660336 3803441 0.01783371 0.07922107 0.2183076
0.1167586 0.09781525 -0.006460696 3923541 0.01534285 0.08281976 0.2203019
0.1167586 0.09781525 -0.006460696 4053659 0.01534285 0.08281976 0.2203019
0.1136612 0.1018459 -0.005693674 4143760 0.01305534 0.08624953 0.2223116
0.1099311 0.1063799 -0.005445853 4253843 0.01019436 0.08938342 0.2244656
0.1099311 0.1063799 -0.005445853 4383949 0.01019436 0.08938342 0.2244656
0.1060501 0.1116944 -0.005726278 4484039 0.0073665 0.09233314 0.2265767
0.1017316 0.1164341 -0.006062493 4584129 0.004091111 0.09515005 0.2288324
0.1017316 0.1164341 -0.006062493 4724256 0.004091111 0.09515005 0.2288324
0.09763538 0.1207663 -0.006285548 4814345 0.0008537072 0.09777313 0.2308386
0.09306975 0.1259107 -0.006453261 4924440 -0.002856109 0.1007131 0.2328872
0.08899095 0.1290309 -0.005464375 5034544 -0.006297742 0.1031225 0.2350525
0.08899095 0.1290309 -0.005464375 5154652 -0.006297742 0.1031225 0.2350525
0.08363907 0.1337077 -0.005904734 5264756 -0.01044583 0.1053284 0.2373866
0.08363907 0.1337077 -0.005904734 5374859 -0.01044583 0.1053284 0.2373866
0.07905596 0.1367971 -0.00519225 5504968 -0.01426228 0.1076403 0.2396631
0.0731184 0.1405312 -0.00552322 5605059 -0.01864787 0.1091114 0.2423086
0.0687889 0.1437632 -0.003456339 5715158 -0.0218016 0.1113982 0.2450872
0.0687889 0.1437632 -0.003456339 5845284 -0.0218016 0.1113982 0.2450872
0.06346429 0.1464249 -0.003128067 5935365 -0.02606914 0.1131149 0.2474924
0.05831234 0.1492029 -0.001856029 6045448 -0.03043343 0.1152757 0.2499624
0.05831234 0.1492029 -0.001856029 6155547 -0.03043343 0.1152757 0.2499624
0.05265102 0.151715 -0.001112923 6265655 -0.03517606 0.1169106 0.2523468
0.04669648 0.1547015 -0.0007323176 6385767 -0.04016905 0.1185327 0.2544295
0.04669648 0.1547015 -0.0007323176 6495854 -0.04016905 0.1185327 0.2544295
0.04094795 0.1569197 -0.0001244098 6605962 -0.04511474 0.1197504 0.2563871
0.03400916 0.160246 -0.000788033 6716065 -0.05052952 0.1209566 0.258055
0.03400916 0.160246 -0.000788033 6826157 -0.05052952 0.1209566 0.258055
0.02828205 0.162068 -0.0005390197 6946273 -0.05536543 0.1219112 0.2595808
0.02307959 0.1637378 0.0001329631 7056364 -0.05998964 0.1229327 0.2608989
0.02307959 0.1637378 0.0001329631 7176477 -0.05998964 0.1229327 0.2608989
0.0173771 0.1655461 0.0003267825 7276567 -0.06484354 0.1237581 0.2619774
0.01176004 0.1667967 0.0004837066 7396667 -0.06967169 0.1243806 0.2629268
0.01176004 0.1667967 0.0004837066 7506775 -0.06967169 0.1243806 0.2629268
0.006269231 0.1677794 0.0005972683 7636888 -0.07445922 0.1247303 0.263586
0.0006507532 0.1688372 0.0009361953 7726969 -0.07934491 0.1249672 0.2641193
0.0006507532 0.1688372 0.0009361953 7837073 -0.07934491 0.1249672 0.2641193
-0.004174805 0.1691505 0.001187995 7967190 -0.08374614 0.1249469 0.2643984
-0.009932995 0.1699087 0.001419604 8067273 -0.08863284 0.1250841 0.2646621
-0.009932995 0.1699087 0.001419604 8167371 -0.08863284 0.1250841 0.2646621
-0.01601824 0.1708401 0.001122013 8307514 -0.0934942 0.1250284 0.2644385
-0.02092734 0.1704499 0.001430199 8397579 -0.09809677 0.1247681 0.2643078
-0.02092734 0.1704499 0.001430199 8517683 -0.09809677 0.1247681 0.2643078
-0.02676556 0.1704127 0.001311958 8647805 -0.1026706 0.1244184 0.2640542
-0.03204671 0.1695447 0.001639307 8727873 -0.1073023 0.1236241 0.2636971
-0.03204671 0.1695447 0.001639307 8847997 -0.1073023 0.1236241 0.2636971
-0.03769098 0.1690263 0.001905814 8958076 -0.1119442 0.1228796 0.2631126
-0.04361171 0.1680093 0.002353176 9078189 -0.1165633 0.1219767 0.2626715
-0.04361171 0.1680093 0.002353176 9188288 -0.1165633 0.1219767 0.2626715
-0.04879795 0.1665231 0.002913088 9298396 -0.1210303 0.1208728 0.2620375
-0.05478671 0.1648266 0.003354087 9408487 -0.1257252 0.1197255 0.2612565
-0.05478671 0.1648266 0.003354087 9518582 -0.1257252 0.1197255 0.2612565
-0.05972054 0.1629363 0.003528073 9628690 -0.1297889 0.1185009 0.2602433
-0.06436253 0.1604891 0.004505321 9758819 -0.1339889 0.1172324 0.259713
-0.06934745 0.15855 0.00473164 9858906 -0.1377557 0.1159518 0.2585537
-0.06934745 0.15855 0.00473164 9958996 -0.1377557 0.1159518 0.2585537
-0.07383461 0.1558268 0.005192235 10079088 -0.1412724 0.1142712 0.2576488
-0.07383461 0.1558268 0.005192235 10189204 -0.1412724 0.1142712 0.2576488
-0.07811111 0.1530368 0.005859926 10309296 -0.1448599 0.112628 0.2567371
-0.08250701 0.150267 0.006195888 10409390 -0.1481577 0.1107448 0.2554884
-0.08250701 0.150267 0.006195888 10529511 -0.1481577 0.1107448 0.2554884
-0.08532134 0.1478758 0.006272301 10639606 -0.150726 0.1090637 0.2543053
-0.08945578 0.145115 0.006261557 10749697 -0.1537001 0.1070743 0.2526842
-0.08945578 0.145115 0.006261557 10879831 -0.1537001 0.1070743 0.2526842
-0.09204175 0.1415445 0.005821332 10969900 -0.1558814 0.104755 0.2513722
-0.09663934 0.1381409 0.005964488 11080003 -0.1585186 0.1023334 0.2498262
-0.09663934 0.1381409 0.005964488 11200104 -0.1585186 0.1023334 0.2498262
-0.09872863 0.1351748 0.006067708 11310211 -0.1604229 0.1001511 0.2488473
-0.1026762 0.1315284 0.005893439 11420315 -0.1625153 0.09736472 0.2471571
-0.1026762 0.1315284 0.005893439 11530402 -0.1625153 0.09736472 0.2471571
-0.105262 0.1276522 0.005834267 11650518 -0.1639808 0.09437209 0.2460871
-0.1081698 0.1235862 0.005403906 11760618 -0.1657002 0.09144776 0.2444997
-0.1081698 0.1235862 0.005403906 11870713 -0.1657002 0.09144776 0.2444997
-0.1125524 0.1191632 0.005943373 11980824 -0.1679238 0.08837694 0.2430255
-0.1144309 0.1156782 0.006146401 12090920 -0.169586 0.0854457 0.2419776
-0.1171113 0.1111863 0.006247222 12201007 -0.1716193 0.0821721 0.2405499
-0.1171113 0.1111863 0.006247222 12311118 -0.1716193 0.0821721 0.2405499
-0.1213768 0.1059563 0.007232681 12431235 -0.17399 0.07883507 0.2392465
-0.1220805 0.1024147 0.006931528 12541318 -0.1753556 0.07587439 0.238241
-0.1220805 0.1024147 0.006931528 12651417 -0.1753556 0.07587439 0.238241
-0.1243514 0.09819428 0.007159933 12771534 -0.1767388 0.07280201 0.2371988
-0.1263005 0.09404465 0.006855637 12871616 -0.1778028 0.06964117 0.2358828
-0.1263005 0.09404465 0.006855637 13011739 -0.1778028 0.06964117 0.2358828
-0.1290089 0.0893297 0.00703086 13101824 -0.1791152 0.06634527 0.2345985
-0.1301459 0.08586437 0.006518617 13211919 -0.1798424 0.06317669 0.2333791
-0.1301459 0.08586437 0.006518617 13322023 -0.1798424 0.06317669 0.2333791
-0.1318678 0.08128107 0.005982265 13432126 -0.1804885 0.05992121 0.2321035
-0.132091 0.07845458 0.004954457 13552226 -0.1806651 0.05692965 0.2309659
-0.132091 0.07845458 0.004954457 13662322 -0.1806651 0.05692965 0.2309659
-0.1349626 0.07413249 0.005265176 13792447 -0.1815157 0.05365878 0.2297135
-0.1369149 0.06957271 0.00501582 13912560 -0.182259 0.05024367 0.228404
-0.1369149 0.06957271 0.00501582 14022651 -0.182259 0.05024367 0.228404
-0.1384351 0.06514256 0.004318267 14162777 -0.1828423 0.04697651 0.22694
-0.1400411 0.06107144 0.003711939 14362962 -0.1833884 0.04347235 0.2254097
-0.1421155 0.05636942 0.003621727 14593162 -0.1839669 0.04010349 0.2241757
-0.1441839 0.05197542 0.003898069 14813360 -0.1847396 0.03654104 0.2230782
-0.1468164 0.04378277 0.003096446 15043584 -0.1858859 0.0302816 0.2206162
-0.1489935 0.03877592 0.003326833 15263767 -0.1867543 0.0268231 0.219359
-0.1510307 0.02997638 0.003366083 15443938 -0.187965 0.02003508 0.2178545
-0.1515625 0.02573507 0.002960294 15554037 -0.1881011 0.01665646 0.2171814
-0.1515625 0.02573507 0.002960294 15674141 -0.1881011 0.01665646 0.2171814
-0.1529594 0.02134444 0.003645256 15784249 -0.1886788 0.01308483 0.216765
-0.1536533 0.01750952 0.003559664 15894344 -0.1889524 0.009875355 0.2161877
-0.1536533 0.01750952 0.003559664 16014452 -0.1889524 0.009875355 0.2161877
-0.1546025 0.01330469 0.003735423 16114543 -0.1896761 0.006549892 0.2154987
-0.1549851 0.009224417 0.003723964 16234651 -0.1900094 0.00330132 0.2151516
-0.1549851 0.009224417 0.003723964 16344775 -0.1900094 0.00330132 0.2151516
-0.1555575 0.004503419 0.003713265 16454858 -0.1902783 -0.0001689816 0.2147226
-0.1559316 -7.865195E-06 0.0036024 16564941 -0.1904926 -0.003455343 0.2143359
-0.1559316 -7.865195E-06 0.0036024 16705080 -0.1904926 -0.003455343 0.2143359
-0.1559261 -0.004448736 0.003435731 16795165 -0.1904738 -0.007071081 0.2142187
-0.1561143 -0.00893327 0.00334622 16905256 -0.1904567 -0.01055378 0.2140436
-0.1561143 -0.00893327 0.00334622 17035386 -0.1904567 -0.01055378 0.2140436
-0.1556523 -0.0132997 0.002873078 17135460 -0.190333 -0.01398307 0.2139681
-0.1555322 -0.01821153 0.002871662 17235562 -0.1903743 -0.01758307 0.2140207
-0.1555322 -0.01821153 0.002871662 17375693 -0.1903743 -0.01758307 0.2140207
-0.1553251 -0.02229135 0.002955243 17465778 -0.1903898 -0.02091772 0.2142096
-0.1550857 -0.02722028 0.002665907 17585866 -0.1902682 -0.02439541 0.2141196
-0.1550857 -0.02722028 0.002665907 17685965 -0.1902682 -0.02439541 0.2141196
-0.1535266 -0.03166996 0.001576781 17806077 -0.1896201 -0.02760095 0.2143268
-0.1528638 -0.03681781 0.001110122 17916169 -0.1891656 -0.03117401 0.2144351
-0.1528638 -0.03681781 0.001110122 18016251 -0.1891656 -0.03117401 0.2144351
-0.1525005 -0.04142867 0.001116216 18146384 -0.1887717 -0.03468448 0.2147782
-0.1517058 -0.04580596 0.0006997138 18256488 -0.1882633 -0.03808612 0.2150364
-0.1517058 -0.04580596 0.0006997138 18366575 -0.1882633 -0.03808612 0.2150364
-0.1498979 -0.0503949 8.766353E-05 18496692 -0.187442 -0.04128391 0.2157955
-0.1486709 -0.05504658 -0.0002512485 18596795 -0.1868387 -0.04479641 0.2163643
-0.1475787 -0.05961232 -0.0004222542 18706878 -0.1862815 -0.04789108 0.2169443
-0.1475787 -0.05961232 -0.0004222542 18806976 -0.1862815 -0.04789108 0.2169443
-0.1462279 -0.06378181 -0.000462383 18927089 -0.1858419 -0.05094594 0.2177398
-0.1443778 -0.06781406 -0.0007540882 19057202 -0.1852311 -0.05388135 0.2186221
-0.1443778 -0.06781406 -0.0007540882 19167306 -0.1852311 -0.05388135 0.2186221
-0.1432716 -0.07176147 -0.0006174147 19317445 -0.1847335 -0.05695647 0.219464
-0.1411519 -0.07612955 -0.0009923428 19517606 -0.18399 -0.0600254 0.2203847
-0.1400406 -0.07967731 -0.0005505085 19737812 -0.1834563 -0.063132 0.2215499
-0.1372932 -0.08413428 -0.0009775609 19978041 -0.182538 -0.06611366 0.222708
-0.1325128 -0.09252448 -0.0007580668 20178218 -0.180671 -0.07231731 0.2256496
-0.129455 -0.09657753 -0.0007851124 20418439 -0.1794199 -0.075216 0.2273331
-0.1262377 -0.1010409 -0.0005792081 20628620 -0.1780182 -0.07838911 0.2292715
-0.119293 -0.1074162 -0.0002103448 20858816 -0.1750986 -0.08386678 0.2333785
-0.1156035 -0.1102063 0.0003515482 21099033 -0.1737593 -0.08652491 0.2357097
-0.1078407 -0.115436 0.001668528 21299213 -0.1707031 -0.09129614 0.2404882
-0.1043573 -0.1173069 0.002906621 21529595 -0.1693891 -0.09328288 0.2431414
-0.1003199 -0.1189009 0.003852919 21759629 -0.1677088 -0.09517974 0.245743
-0.09209238 -0.1213097 0.005746692 21979844 -0.1637704 -0.09833509 0.2509313
-0.08828676 -0.122898 0.006771356 22210048 -0.1616664 -0.09992939 0.2533721
-0.08387912 -0.1247431 0.007888064 22420245 -0.1593717 -0.1016192 0.2558295
-0.07907955 -0.1253344 0.008705199 22650433 -0.1567948 -0.1028709 0.2581777
-0.07065067 -0.1288524 0.01015647 22890650 -0.1510325 -0.1059768 0.2621681
-0.06658743 -0.1300029 0.01067589 23090834 -0.1479622 -0.1073391 0.2639954
-0.05860592 -0.1328188 0.0118172 23331047 -0.1417052 -0.1102366 0.2673055
-0.05465978 -0.1339819 0.01227768 23541253 -0.1384987 -0.1116873 0.2687784
-0.05023949 -0.1353114 0.01275857 23771453 -0.13513 -0.1126184 0.2698445
-0.04237561 -0.13745 0.01383248 24001660 -0.1286536 -0.1145427 0.2719651
-0.03858579 -0.1377109 0.01411393 24211850 -0.1254187 -0.1150999 0.2727987
-0.03512588 -0.1385631 0.01442534 24432041 -0.1221207 -0.1159758 0.2736584
-0.02758697 -0.1389004 0.01524889 24652255 -0.115417 -0.1168142 0.2750943
-0.02333065 -0.1394404 0.01556839 24882463 -0.1116248 -0.1170585 0.2753524
-0.01996786 -0.1397491 0.01581331 25122680 -0.108241 -0.1173119 0.2758075
-0.0124712 -0.1400876 0.01615638 25322857 -0.1008379 -0.1175831 0.2762351
-0.007890335 -0.1401733 0.01678088 25543067 -0.0967787 -0.1178514 0.2762621
-0.004661246 -0.1406106 0.01646082 25793281 -0.09319111 -0.1180777 0.2761001
0.002314094 -0.1406787 0.01651485 26003467 -0.08591263 -0.1181924 0.2758394
0.005609775 -0.1401301 0.01633562 26223665 -0.08249763 -0.1178083 0.2755134
0.009172712 -0.1397217 0.0164604 26463886 -0.07903799 -0.1174824 0.2750436
0.01617536 -0.1383528 0.01648131 26664055 -0.07217892 -0.1166458 0.2739171
0.01925124 -0.1385262 0.01584327 26884266 -0.06863182 -0.1163963 0.2731503
0.0220101 -0.1385985 0.01481539 27134645 -0.06540016 -0.1158927 0.2721552
0.02834962 -0.1369564 0.01387975 27334660 -0.05932989 -0.1141594 0.2698839
0.0309628 -0.1367941 0.0130561 27564876 -0.0565764 -0.1132 0.2686197
0.03406986 -0.135879 0.01274517 27805089 -0.05363365 -0.1121797 0.2674483
0.03994794 -0.1341253 0.01169971 28005273 -0.04767155 -0.1103205 0.2652786
0.04271046 -0.1336654 0.01083171 28245490 -0.04490952 -0.1093649 0.2638648
0.04583864 -0.1331949 0.01020567 28455680 -0.04193117 -0.1083073 0.2622716
0.05185167 -0.1317546 0.008618534 28675878 -0.03624726 -0.1064569 0.2592034
0.05450855 -0.1312155 0.007207364 28926104 -0.03372004 -0.105312 0.2574408
0.06051201 -0.1305855 0.005798429 29126289 -0.02852742 -0.1035552 0.2537763
0.06339779 -0.1298204 0.005155355 29346496 -0.0260506 -0.1025121 0.2520847
0.0663054 -0.1288248 0.003909335 29596713 -0.0236514 -0.1012113 0.2501
0.07108527 -0.1277784 0.0008934736 29806911 -0.019679 -0.09878988 0.246356
0.07365062 -0.1266498 -0.0003821552 30037115 -0.01772999 -0.09752649 0.2444986
0.07643597 -0.1261833 -0.001570955 30247288 -0.01564488 -0.09612066 0.2423214
0.07939053 -0.1251916 -0.002695486 30467495 -0.01362071 -0.09457798 0.2400357
0.08497369 -0.1215159 -0.004242882 30717725 -0.01009244 -0.09105653 0.235951
0.08721963 -0.1194281 -0.005411938 30927915 -0.008529955 -0.08904905 0.2343095
0.09181836 -0.1147766 -0.008394837 31148118 -0.0056825 -0.08480352 0.2306199
0.09436407 -0.1126985 -0.009531975 31388346 -0.004325972 -0.08240861 0.228431
0.09719357 -0.1099987 -0.01062986 31598512 -0.002850285 -0.07966704 0.2260911
0.1022282 -0.1034875 -0.01251107 31828716 -8.816041E-05 -0.07403702 0.2222623
0.1045813 -0.09941505 -0.0134365 32048914 0.001136382 -0.0709874 0.2205232
0.1069726 -0.09587819 -0.01496334 32259104 0.002489181 -0.06790727 0.2186558
0.1125742 -0.08664785 -0.01535417 32489320 0.005513463 -0.06128806 0.2149438
0.1150844 -0.08281258 -0.01565664 32709697 0.006795708 -0.0579775 0.2131022
0.1173695 -0.07820211 -0.01673679 32949731 0.008030556 -0.05451888 0.2114658
0.1216329 -0.06785459 -0.01624304 33159921 0.01057902 -0.0476057 0.2090169
0.1234428 -0.06184578 -0.01616226 33380128 0.01170054 -0.04386181 0.208038
0.1251304 -0.05683065 -0.01615749 33630354 0.01266711 -0.04021734 0.20697
0.1282558 -0.04618989 -0.01533303 33830522 0.01472034 -0.03273386 0.2052712
0.1296136 -0.04093476 -0.014806 34050733 0.01579067 -0.02911967 0.2046768
0.1306578 -0.03525348 -0.01462503 34270919 0.01676546 -0.02529878 0.2043401
0.1331018 -0.02549337 -0.0132906 34501139 0.01892526 -0.01814515 0.203374
0.1339932 -0.02038023 -0.01319429 34741352 0.01960257 -0.01458568 0.2029207
0.1350847 -0.0151332 -0.01242861 34951534 0.02052736 -0.0108909 0.202438
0.1363374 -0.005523833 -0.01100647 35181745 0.02189401 -0.003992143 0.2021156
0.136502 -0.001254052 -0.0104799 35411965 0.02219204 -0.0008181954 0.2021708
0.136786 0.003508928 -0.009496793 35622147 0.02281549 0.002518115 0.2023386
0.1365461 0.01285407 -0.00799419 35842346 0.02355684 0.008709369 0.2031857
0.1360161 0.01695636 -0.007858425 36072562 0.02347649 0.01153415 0.2037292
0.1358246 0.02090483 -0.007271737 36292752 0.02361725 0.01410538 0.2040251
0.1346553 0.02787016 -0.006170645 36512951 0.02345913 0.01827007 0.2051799
