0.1525097 -0.003961265 -4.278123E-05 0 0.0007170441 -0.002710733 0.1471114
0.1518227 -0.003170212 0.0001310706 110111 0.0003401341 -0.002506408 0.147495
0.1511913 -0.001785596 -2.451241E-05 220207 -0.0001240073 -0.002122078 0.1479692
0.1511913 -0.001785596 -2.451241E-05 340307 -0.0001240073 -0.002122078 0.1479692
0.1506219 -0.0004753365 0.0001108646 440405 -0.0003986059 -0.001663599 0.1483641
0.1503288 0.0004350362 0.0001846552 570511 -0.0003878175 -0.001302991 0.1488706
0.1503288 0.0004350362 0.0001846552 670601 -0.0003878175 -0.001302991 0.1488706
0.1497745 0.002151148 0.0007053763 780712 -0.0004582106 -0.0001651382 0.149215
0.1495304 0.004531011 0.0004860163 890812 -0.0007067024 0.00122818 0.1493951
0.1495304 0.004531011 0.0004860163 1010928 -0.0007067024 0.00122818 0.1493951
0.1487817 0.007003543 0.001641721 1111039 -0.0004038215 0.002640571 0.1501409
0.1487186 0.0107897 0.001233175 1231107 -0.0005291403 0.004674282 0.1503223
0.1487186 0.0107897 0.001233175 1341206 -0.0005291403 0.004674282 0.1503223
0.1481782 0.01256392 0.002737716 1451305 0.000161886 0.006079879 0.1510948
0.1479823 0.01636873 0.00277479 1561421 0.0002515313 0.008425321 0.1514561
0.1479823 0.01636873 0.00277479 1681529 0.0002515313 0.008425321 0.1514561
0.1479446 0.02014519 0.003298819 1791617 0.000623047 0.01115927 0.1515438
0.1475596 0.02389342 0.003596187 1901720 0.0006884928 0.01420626 0.1520051
0.1475596 0.02389342 0.003596187 2031833 0.0006884928 0.01420626 0.1520051
0.1471539 0.02826594 0.003875628 2131936 0.0008836085 0.01717254 0.1526573
0.1460705 0.03245219 0.00549683 2232026 0.001213609 0.02039155 0.153497
0.1460705 0.03245219 0.00549683 2372153 0.001213609 0.02039155 0.153497
0.1452291 0.03693476 0.00606373 2462242 0.001265704 0.02368876 0.154415
0.1444712 0.04086016 0.006454974 2572329 0.001238286 0.02680393 0.1552722
0.1444712 0.04086016 0.006454974 2682445 0.001238286 0.02680393 0.1552722
0.1435663 0.04615532 0.006506652 2792524 0.001035064 0.03041049 0.1561974
0.1422271 0.05050586 0.007401094 2912632 0.0009159435 0.033879 0.1574503
0.1408068 0.05463894 0.008368105 3022723 0.0007285165 0.0372239 0.1586794
0.1408068 0.05463894 0.008368105 3132831 0.0007285165 0.0372239 0.1586794
0.1391266 0.05972907 0.008174211 3242934 -0.0001534832 0.04078575 0.1601112
0.1371153 0.06453905 0.008918509 3353026 -0.0008772625 0.04437157 0.1615835
0.1371153 0.06453905 0.008918509 3473142 -0.0008772625 0.04437157 0.1615835
0.1348137 0.06924345 0.009083658 3573232 -0.002204241 0.04775509 0.1630697
0.1323152 0.07367131 0.009159327 3693337 -0.003784628 0.05119165 0.16472
0.1323152 0.07367131 0.009159327 3803432 -0.003784628 0.05119165 0.16472
0.1294392 0.07883959 0.009373575 3913535 -0.005484969 0.05476555 0.1665166
0.1266273 0.08263136 0.00950031 4033640 -0.007335962 0.05774506 0.1683843
0.1266273 0.08263136 0.00950031 4143743 -0.007335962 0.05774506 0.1683843
0.1232285 0.08787546 0.009189785 4253834 -0.009620071 0.0609258 0.1705233
0.1198076 0.0925378 0.008788243 4363942 -0.01212681 0.06367763 0.1724046
0.1198076 0.0925378 0.008788243 4474041 -0.01212681 0.06367763 0.1724046
0.1163036 0.09732609 0.008393794 4584141 -0.0147337 0.06660851 0.1742565
0.1126429 0.100741 0.00839223 4704253 -0.01752541 0.06907018 0.1762357
0.1126429 0.100741 0.00839223 4814344 -0.01752541 0.06907018 0.1762357
0.1085147 0.1055271 0.008330867 4924448 -0.02055341 0.0718871 0.1781931
0.1045353 0.1098095 0.007740423 5044552 -0.02378816 0.07425698 0.1799794
0.1045353 0.1098095 0.007740423 5144642 -0.02378816 0.07425698 0.1799794
0.1003962 0.1135392 0.00712131 5264767 -0.0272913 0.07630857 0.1817563
0.09580008 0.1179609 0.007038236 5374842 -0.03066659 0.07856973 0.1839262
0.09580008 0.1179609 0.007038236 5484945 -0.03066659 0.07856973 0.1839262
0.09146202 0.1213349 0.006447241 5605054 -0.03426632 0.08026166 0.1859165
0.08647823 0.1259307 0.00617826 5715165 -0.03810477 0.08250245 0.1879694
0.08647823 0.1259307 0.00617826 5825261 -0.03810477 0.08250245 0.1879694
0.08223553 0.1283355 0.006510943 5955374 -0.04151326 0.0841902 0.1899749
0.07770491 0.1315171 0.006672889 6045463 -0.04513261 0.0859979 0.1918073
0.07770491 0.1315171 0.006672889 6155555 -0.04513261 0.0859979 0.1918073
0.07294972 0.1344846 0.007005095 6265674 -0.04899675 0.08772691 0.1936114
0.06831028 0.1372858 0.00691697 6375749 -0.05285144 0.08914455 0.1954446
0.06831028 0.1372858 0.00691697 6485849 -0.05285144 0.08914455 0.1954446
0.06337223 0.1402018 0.006954715 6605973 -0.05691633 0.09045919 0.1971623
0.05881922 0.1420881 0.007597864 6716065 -0.06081447 0.09193285 0.1989608
0.05881922 0.1420881 0.007597864 6826172 -0.06081447 0.09193285 0.1989608
0.05372524 0.1444988 0.00782533 6936263 -0.06512347 0.0931203 0.2007346
0.04876149 0.1467685 0.008205593 7076394 -0.06923708 0.09426507 0.2025599
0.04382721 0.1485576 0.008759961 7166479 -0.07361823 0.09533485 0.2039792
0.04382721 0.1485576 0.008759961 7276583 -0.07361823 0.09533485 0.2039792
0.03863057 0.150976 0.008521274 7406688 -0.07786602 0.09595164 0.2057206
0.03863057 0.150976 0.008521274 7506778 -0.07786602 0.09595164 0.2057206
0.03281124 0.153287 0.00887917 7606868 -0.0828967 0.09689864 0.2071407
0.02760721 0.1544479 0.009683624 7736986 -0.08737164 0.09723528 0.2085644
0.02760721 0.1544479 0.009683624 7827075 -0.08737164 0.09723528 0.2085644
0.02247917 0.1559364 0.009509861 7947184 -0.0920853 0.09778567 0.2097473
0.01700584 0.1572351 0.01024346 8057271 -0.09697971 0.09835871 0.2108924
0.01700584 0.1572351 0.01024346 8177375 -0.09697971 0.09835871 0.2108924
0.01211606 0.1576608 0.01113258 8277461 -0.1015749 0.0986503 0.2119654
0.006503678 0.1585161 0.01210912 8407603 -0.1066528 0.09896382 0.2130234
0.006503678 0.1585161 0.01210912 8507694 -0.1066528 0.09896382 0.2130234
0.001578518 0.1588239 0.01292008 8617785 -0.1114931 0.09926709 0.2137544
-0.00389656 0.1590426 0.01398218 8727880 -0.1166212 0.09930547 0.2147435
-0.00389656 0.1590426 0.01398218 8837979 -0.1166212 0.09930547 0.2147435
-0.008262648 0.1582128 0.01529969 8948087 -0.1211715 0.09921249 0.2156793
-0.01351671 0.1578691 0.01635778 9078204 -0.1263436 0.09889921 0.2163149
-0.01952535 0.158087 0.01638944 9198313 -0.1317746 0.09812602 0.2167209
-0.01952535 0.158087 0.01638944 9288390 -0.1317746 0.09812602 0.2167209
-0.02471876 0.1572089 0.01776858 9398481 -0.1369725 0.09761675 0.2173638
-0.02471876 0.1572089 0.01776858 9538624 -0.1369725 0.09761675 0.2173638
-0.02974038 0.1563918 0.01814935 9628693 -0.1420245 0.0968345 0.2175507
-0.03496936 0.1557344 0.01910824 9738788 -0.1470433 0.0961481 0.2178193
-0.04010741 0.1550063 0.0195712 9858893 -0.1517613 0.09507092 0.2178992
-0.04010741 0.1550063 0.0195712 9969012 -0.1517613 0.09507092 0.2178992
-0.04393305 0.1533372 0.02053559 10069086 -0.1560539 0.09419581 0.2180156
-0.049607 0.1519161 0.02111748 10189207 -0.1615991 0.09287282 0.2178186
-0.049607 0.1519161 0.02111748 10299298 -0.1615991 0.09287282 0.2178186
-0.05504805 0.1503917 0.02160759 10419419 -0.1669503 0.09134289 0.2171245
-0.05504805 0.1503917 0.02160759 10519509 -0.1669503 0.09134289 0.2171245
-0.05806741 0.1478308 0.02370493 10629592 -0.1709716 0.09020718 0.2174171
-0.06333329 0.1456928 0.0237958 10749709 -0.1761247 0.08802088 0.2164524
-0.06805033 0.1434183 0.02440794 10849835 -0.1808252 0.0860891 0.2159481
-0.06805033 0.1434183 0.02440794 10979920 -0.1808252 0.0860891 0.2159481
-0.07201881 0.140456 0.02507167 11080007 -0.1851507 0.08365067 0.2152853
-0.07558209 0.1371375 0.02626096 11190532 -0.1895256 0.08129533 0.2148032
-0.07558209 0.1371375 0.02626096 11310210 -0.1895256 0.08129533 0.2148032
-0.07966234 0.1343451 0.02666044 11410293 -0.1934579 0.07884367 0.2143299
-0.08334143 0.1311572 0.02737881 11540410 -0.19753 0.0764472 0.2138058
-0.08334143 0.1311572 0.02737881 11640521 -0.19753 0.0764472 0.2138058
-0.08724196 0.1276107 0.02790917 11750616 -0.2015508 0.07360443 0.2133198
-0.09004558 0.1238817 0.02888578 11860719 -0.2051739 0.07086762 0.2129309
-0.09004558 0.1238817 0.02888578 11970803 -0.2051739 0.07086762 0.2129309
-0.09273543 0.119924 0.02923571 12110933 -0.2083609 0.06792077 0.2126867
-0.09521685 0.1160128 0.02977358 12201014 -0.2113946 0.06487318 0.2123612
-0.09521685 0.1160128 0.02977358 12311114 -0.2113946 0.06487318 0.2123612
-0.09791987 0.1120627 0.03031726 12441239 -0.2143053 0.06161996 0.212181
-0.1000143 0.1085089 0.03012505 12531304 -0.216424 0.05859479 0.2116777
-0.1000143 0.1085089 0.03012505 12641424 -0.216424 0.05859479 0.2116777
-0.1021005 0.1049344 0.03057584 12761528 -0.2188313 0.05562683 0.2113458
-0.1038148 0.101008 0.03028056 12871611 -0.2208154 0.05255219 0.2108645
-0.1038148 0.101008 0.03028056 12981711 -0.2208154 0.05255219 0.2108645
-0.1044963 0.09689203 0.02972098 13091818 -0.2222236 0.04966243 0.2105264
-0.1063824 0.09328912 0.02970342 13221940 -0.223799 0.04638871 0.2103338
-0.1063824 0.09328912 0.02970342 13322026 -0.223799 0.04638871 0.2103338
-0.1074545 0.08909088 0.02938394 13432117 -0.2250938 0.04301199 0.2101527
-0.1098516 0.08538385 0.02909555 13572252 -0.2267881 0.03972074 0.2096684
-0.1098516 0.08538385 0.02909555 13652336 -0.2267881 0.03972074 0.2096684
-0.1109381 0.08148171 0.02867301 13762436 -0.2280128 0.03661403 0.2092058
-0.1127867 0.07781018 0.02819556 13892541 -0.2294074 0.03340396 0.2084236
-0.1127867 0.07781018 0.02819556 14002640 -0.2294074 0.03340396 0.2084236
-0.1142795 0.07370245 0.02721386 14102730 -0.2304917 0.03013285 0.2074856
-0.1155858 0.07014342 0.02670915 14212826 -0.2315309 0.02717503 0.2068025
-0.1155858 0.07014342 0.02670915 14332946 -0.2315309 0.02717503 0.2068025
-0.1167977 0.0654901 0.026245 14443042 -0.2327089 0.0234619 0.2062312
-0.1175751 0.06180801 0.02573657 14553133 -0.2333691 0.02025231 0.2056359
-0.1175751 0.06180801 0.02573657 14663248 -0.2333691 0.02025231 0.2056359
-0.1184753 0.0576509 0.02521321 14773344 -0.2341559 0.01685795 0.2050771
-0.1199341 0.05363014 0.02480468 14893440 -0.2350038 0.01350268 0.2046603
-0.1199341 0.05363014 0.02480468 15003552 -0.2350038 0.01350268 0.2046603
-0.1201472 0.04915322 0.02448156 15103634 -0.2357006 0.009949055 0.2042769
-0.1209365 0.04490571 0.0238153 15223734 -0.2363022 0.00665101 0.2036396
-0.1209365 0.04490571 0.0238153 15353868 -0.2363022 0.00665101 0.2036396
-0.1209019 0.04066313 0.0231999 15443953 -0.2364953 0.003616419 0.2034474
-0.1209665 0.03606046 0.02256665 15554048 -0.2365835 0.0002272987 0.2033657
-0.1209665 0.03606046 0.02256665 15684170 -0.2365835 0.0002272987 0.2033657
-0.1209759 0.03108917 0.02218811 15784260 -0.2368318 -0.003613147 0.2033551
-0.1206283 0.02631279 0.02142331 15894347 -0.2366074 -0.007087383 0.2032675
-0.1206283 0.02631279 0.02142331 16004451 -0.2366074 -0.007087383 0.2032675
-0.1204426 0.02173163 0.02069502 16114550 -0.2363824 -0.01049844 0.2031459
-0.1190188 0.01697015 0.01983088 16234650 -0.2355786 -0.01385108 0.2032133
-0.1190188 0.01697015 0.01983088 16344746 -0.2355786 -0.01385108 0.2032133
-0.1186582 0.01248527 0.01937333 16464858 -0.2352614 -0.0172936 0.2034198
-0.1184844 0.00750921 0.01872161 16574962 -0.2349102 -0.02082268 0.2035422
-0.1184844 0.00750921 0.01872161 16675044 -0.2349102 -0.02082268 0.2035422
-0.117162 0.00230962 0.01789443 16805169 -0.2340818 -0.02418068 0.2036672
-0.1162362 -0.002533151 0.01750098 16905256 -0.2335954 -0.02774564 0.2039066
-0.1162362 -0.002533151 0.01750098 17015367 -0.2335954 -0.02774564 0.2039066
-0.1152806 -0.006864465 0.01716368 17145476 -0.2328126 -0.03117946 0.2044772
-0.1137135 -0.01190172 0.0168661 17235562 -0.2318549 -0.03483763 0.2052074
-0.1137135 -0.01190172 0.0168661 17345657 -0.2318549 -0.03483763 0.2052074
-0.112931 -0.01636524 0.01681924 17455756 -0.2312423 -0.03826466 0.2060644
-0.1117692 -0.0212067 0.01662885 17585878 -0.2305063 -0.04177037 0.2067059
-0.1102154 -0.02591229 0.01659784 17685976 -0.2297646 -0.04522577 0.2073496
-0.1102154 -0.02591229 0.01659784 17796059 -0.2297646 -0.04522577 0.2073496
-0.1082568 -0.03076925 0.01674512 17916172 -0.2289138 -0.04875591 0.2081878
-0.1082568 -0.03076925 0.01674512 18036280 -0.2289138 -0.04875591 0.2081878
-0.1071869 -0.03487356 0.01680849 18156397 -0.2283147 -0.05173007 0.2088732
-0.1051165 -0.03901085 0.01721796 18266488 -0.2275513 -0.05486622 0.2097375
-0.1031574 -0.04322595 0.01752932 18506705 -0.2265332 -0.05801061 0.2108063
-0.1014046 -0.04701174 0.01792172 18726899 -0.2256504 -0.06104186 0.21182
-0.09931727 -0.0514182 0.01850283 18967132 -0.2247076 -0.06418899 0.2129945
-0.09553573 -0.05871602 0.01927575 19177310 -0.2225719 -0.06981698 0.2149648
-0.0937783 -0.06175778 0.01944265 19397517 -0.2214878 -0.0723559 0.2155583
-0.09168453 -0.06570015 0.01947023 19617707 -0.2200294 -0.07496157 0.216172
-0.08757202 -0.07314496 0.0197769 19847931 -0.2170965 -0.08031049 0.2176196
-0.08531389 -0.07678211 0.01992761 20088140 -0.2154666 -0.08291617 0.2182501
-0.08138936 -0.08390521 0.01998435 20288317 -0.2121439 -0.08798686 0.219553
-0.07940173 -0.08768485 0.0198323 20518528 -0.2103015 -0.09056058 0.2200378
-0.07683482 -0.09069377 0.01984379 20768754 -0.2080824 -0.09289923 0.2207516
-0.07194459 -0.096453 0.02002831 20968935 -0.2041982 -0.09702411 0.2213507
-0.06911264 -0.0994435 0.02053483 21189121 -0.201919 -0.0993959 0.2222452
-0.06754474 -0.1031766 0.01987912 21409320 -0.1997278 -0.1017697 0.2227052
-0.06406851 -0.1057734 0.02053109 21629523 -0.1969316 -0.1039069 0.2236282
-0.05918656 -0.1110887 0.02029002 21879753 -0.1919457 -0.1079607 0.2246813
-0.05631872 -0.1135341 0.02026871 22079921 -0.189154 -0.1094357 0.2249952
-0.05127011 -0.1184142 0.02016985 22300128 -0.1839043 -0.1129931 0.2259336
-0.04965231 -0.1206205 0.01938015 22560363 -0.1817103 -0.1143388 0.2260271
-0.04721336 -0.1229043 0.01902317 22750535 -0.1791723 -0.115708 0.2258309
-0.04288322 -0.1269336 0.01682578 22980754 -0.1738839 -0.117932 0.2249918
-0.03982462 -0.1291823 0.01658435 23220967 -0.1707944 -0.1191603 0.2247301
-0.03703137 -0.1311356 0.01575662 23431141 -0.1676849 -0.1202988 0.2243768
-0.03182355 -0.1345398 0.0139503 23671378 -0.1616881 -0.1221096 0.2237928
-0.02895249 -0.1363762 0.01332504 23881559 -0.1585077 -0.123158 0.2236096
-0.02637376 -0.1379094 0.01237583 24101762 -0.1554258 -0.1237606 0.2234348
-0.02015334 -0.1409642 0.01015224 24331970 -0.1485958 -0.124901 0.2219656
-0.01649542 -0.1421187 0.009271055 24552160 -0.1447563 -0.1253695 0.2213021
-0.01362606 -0.1439803 0.007452071 24782376 -0.1414701 -0.1259197 0.2201165
-0.007463823 -0.1453283 0.006039798 24992562 -0.1352293 -0.1262216 0.218652
-0.004904572 -0.1460797 0.004891306 25212761 -0.1324295 -0.1260974 0.2179175
-0.001973069 -0.1467246 0.00405845 25432955 -0.1294019 -0.1260388 0.2171661
0.004327024 -0.1476894 0.002412543 25663155 -0.1231065 -0.1255203 0.215232
0.007500895 -0.1477467 0.001843974 25903392 -0.1199546 -0.1252538 0.2145416
0.01317515 -0.1475498 5.593896E-05 26103552 -0.1143762 -0.1242575 0.2127494
0.01674012 -0.1457399 -5.505979E-05 26343785 -0.1111616 -0.1236482 0.2120974
0.0196798 -0.1452824 -0.0008507669 26553963 -0.1084194 -0.1230852 0.2110374
0.02261069 -0.1453657 -0.002113387 26774170 -0.1055548 -0.122471 0.209915
0.02901765 -0.1432172 -0.002268061 27004373 -0.0998817 -0.1207507 0.2077539
0.03158595 -0.1417467 -0.002971187 27234577 -0.09748461 -0.1196541 0.2070361
0.03440189 -0.1401173 -0.002790153 27444763 -0.09499928 -0.1185841 0.2061916
0.03950461 -0.1359938 -0.003061518 27684988 -0.09051266 -0.1161043 0.204614
0.04241561 -0.1333909 -0.002406508 27895173 -0.08792513 -0.1147293 0.2039104
0.04487945 -0.1322546 -0.002985939 28145403 -0.08566526 -0.1134358 0.2029857
0.05038852 -0.1274465 -0.001909435 28335591 -0.08065981 -0.1102515 0.2014498
0.05291358 -0.1250008 -0.001674742 28565790 -0.07832273 -0.1087722 0.2008298
0.055235 -0.1225173 -0.0007229 28785973 -0.07609916 -0.1072544 0.2003722
0.05990197 -0.1173485 0.0003891587 29026206 -0.07162964 -0.1039846 0.1993281
0.06204017 -0.1146358 0.0007261932 29246409 -0.06957161 -0.1023785 0.1988945
0.06627796 -0.1096697 0.00247173 29456594 -0.06522268 -0.09902504 0.1982145
0.0683236 -0.1067359 0.002695903 29686790 -0.0631893 -0.09725204 0.1978865
0.07021086 -0.1039076 0.003532663 29937020 -0.06125945 -0.09553066 0.1975297
0.07352455 -0.09815766 0.005347893 30127195 -0.05777526 -0.09207835 0.1969635
0.07521837 -0.0955136 0.004938617 30367420 -0.05624855 -0.09005967 0.1963376
0.0770278 -0.09194987 0.006307587 30607617 -0.05430841 -0.08783141 0.1958966
0.08042552 -0.08746064 0.0071363 30797797 -0.05091 -0.08430234 0.1947401
0.08202237 -0.08466661 0.008244902 31028017 -0.04919052 -0.08257404 0.1942384
0.08373931 -0.0813508 0.008727789 31248203 -0.04733005 -0.08065119 0.194008
0.08746121 -0.07559179 0.01041222 31468402 -0.04327729 -0.07687977 0.1930102
0.08942913 -0.07350594 0.01042379 31708635 -0.04137078 -0.07522646 0.1922448
0.0914677 -0.07072382 0.01088844 31928825 -0.03925708 -0.07330969 0.1915684
0.09588569 -0.06545706 0.0121934 32149016 -0.03478903 -0.0695509 0.1895475
0.09777742 -0.06288634 0.01186401 32389245 -0.03309 -0.06776252 0.1886772
0.1000116 -0.06034333 0.01159276 32609440 -0.03110972 -0.06589237 0.1875269
0.104661 -0.0553392 0.01178031 32829626 -0.02693692 -0.06150153 0.1848466
0.1070414 -0.05283232 0.0110734 33069839 -0.02509847 -0.05942408 0.1833651
0.1091936 -0.05075934 0.01193735 33280045 -0.02296743 -0.05751935 0.1820806
0.1140217 -0.04514703 0.01150617 33490230 -0.01890773 -0.05355111 0.1792142
0.116767 -0.04288772 0.01099384 33710433 -0.01680044 -0.05155435 0.1774604
0.1192955 -0.04013723 0.01071887 33940645 -0.01482001 -0.04965034 0.1757635
0.1246489 -0.03532 0.0100878 34180862 -0.01084125 -0.04557553 0.1720173
0.1275959 -0.03312262 0.01000421 34401060 -0.008627892 -0.0433487 0.1699349
0.1301013 -0.03038142 0.008769393 34611246 -0.007197948 -0.04125157 0.168207
0.1354268 -0.02566827 0.008515328 34851479 -0.003456862 -0.03723148 0.1641923
0.1382015 -0.02228103 0.007400304 35051627 -0.002074452 -0.03443947 0.1619177
0.140845 -0.01995047 0.007946223 35281831 -2.578026E-05 -0.03247658 0.1597975
0.1466157 -0.01399565 0.006367877 35502038 0.003140121 -0.02748314 0.1554649
0.1492304 -0.01033512 0.005493805 35722241 0.004508733 -0.02493802 0.153522
0.1515026 -0.006934037 0.00502263 35992484 0.005665808 -0.02196184 0.151643
0.155493 0.0005169751 0.004265845 36172647 0.007784515 -0.01572862 0.1484559
0.1575246 0.003641523 0.00377138 36392842 0.008754938 -0.01284698 0.1469144
0.1597394 0.007510789 0.003389955 36653081 0.01006445 -0.009824906 0.1454405
0.1630665 0.01470256 0.002984092 36843252 0.01199135 -0.004980716 0.1427009
0.1642791 0.0192745 0.001612559 37073468 0.01220205 -0.002983484 0.1416832
