0.1500713 0.0004738467 -0.001330689 0 0.1023973 0.03267865 0.2226564
0.1499276 0.001064209 -0.001629695 90089 0.1022329 0.0329181 0.2227147
0.1499276 0.001064209 -0.001629695 200192 0.1022329 0.0329181 0.2227147
0.1500338 0.001670967 -0.001439571 310284 0.1022037 0.03310696 0.2227875
0.1493594 0.002422699 -0.002116606 430404 0.1017943 0.03353703 0.2231166
0.1493594 0.002422699 -0.002116606 540496 0.1017943 0.03353703 0.2231166
0.1496351 0.003160579 -0.001097798 650591 0.1018472 0.03385158 0.2234006
0.1489132 0.003950771 -0.001655757 760694 0.1015113 0.03431835 0.2238352
0.1489132 0.003950771 -0.001655757 870794 0.1015113 0.03431835 0.2238352
0.1487874 0.004758685 -0.001321673 990918 0.1014458 0.03493684 0.2241227
0.1485766 0.005942998 -0.0007359535 1101001 0.1011709 0.03592596 0.2245602
0.1485766 0.005942998 -0.0007359535 1211105 0.1011709 0.03592596 0.2245602
0.1485729 0.007214415 -9.822845E-05 1321200 0.1012476 0.03677936 0.2249415
0.1485266 0.008494747 -1.117587E-05 1431295 0.1014378 0.03732438 0.2252133
0.1485266 0.008494747 -1.117587E-05 1541407 0.1014378 0.03732438 0.2252133
0.1481349 0.01044152 -0.0001345873 1661515 0.1013195 0.03853907 0.2256515
0.1477421 0.01160892 0.0006775707 1771598 0.1014098 0.03946028 0.2264383
0.1477421 0.01160892 0.0006775707 1881714 0.1014098 0.03946028 0.2264383
0.1476497 0.01407434 0.0007420629 1991801 0.1014091 0.04065204 0.226806
0.1475075 0.01620958 0.001410767 2101909 0.1016208 0.04212098 0.2274032
0.1475075 0.01620958 0.001410767 2212004 0.1016208 0.04212098 0.2274032
0.1472637 0.01744844 0.002236918 2332112 0.1016032 0.04334703 0.228
0.1471343 0.01944508 0.003085315 2462230 0.1017245 0.04479625 0.2286283
0.1471343 0.01944508 0.003085315 2552311 0.1017245 0.04479625 0.2286283
0.1462454 0.02135371 0.002712458 2662435 0.1014115 0.0464128 0.2292982
0.1461883 0.02402355 0.003780574 2782519 0.1013931 0.04804512 0.2300226
0.1461883 0.02402355 0.003780574 2882609 0.1013931 0.04804512 0.2300226
0.1457359 0.02579043 0.004295379 3002730 0.101568 0.04950802 0.2307786
0.1452089 0.02847915 0.004249275 3112813 0.1012477 0.05135269 0.2313455
0.1452089 0.02847915 0.004249275 3232925 0.1012477 0.05135269 0.2313455
0.1445821 0.03070389 0.004210502 3333016 0.1009824 0.05303097 0.2319655
0.1438337 0.03320584 0.004380703 3453132 0.1004771 0.05494032 0.2327563
0.1438337 0.03320584 0.004380703 3563219 0.1004771 0.05494032 0.2327563
0.1432037 0.03635165 0.003898159 3673327 0.0998484 0.05685855 0.2331907
0.1427117 0.03868537 0.004452959 3783430 0.09954245 0.0585977 0.2339506
0.1427117 0.03868537 0.004452959 3903543 0.09954245 0.0585977 0.2339506
0.1419374 0.04049279 0.004519433 4013634 0.09902897 0.06011997 0.2346571
0.1409411 0.04322805 0.003878981 4123729 0.09823991 0.06182415 0.2352681
0.1409411 0.04322805 0.003878981 4253867 0.09823991 0.06182415 0.2352681
0.1398692 0.04545192 0.004192874 4343936 0.09751596 0.06363122 0.2363416
0.1390002 0.04840421 0.00407584 4454027 0.09663371 0.06544164 0.2370633
0.1390002 0.04840421 0.00407584 4564123 0.09663371 0.06544164 0.2370633
0.137333 0.05081421 0.003729135 4684235 0.09532753 0.06718224 0.238257
0.1369795 0.05241273 0.00494203 4794334 0.09482542 0.06885532 0.239098
0.1369795 0.05241273 0.00494203 4904426 0.09482542 0.06885532 0.239098
0.1343711 0.05631803 0.003234908 5014553 0.09303568 0.07109629 0.2404423
0.1324603 0.05983926 0.002388299 5124645 0.0913385 0.0730373 0.2415389
0.1324603 0.05983926 0.002388299 5244733 0.0913385 0.0730373 0.2415389
0.1308616 0.06172391 0.002812639 5354836 0.09017602 0.07466461 0.2430013
0.1286872 0.06503768 0.00282757 5464939 0.08869848 0.07675344 0.2447637
0.1286872 0.06503768 0.00282757 5575039 0.08869848 0.07675344 0.2447637
0.1270144 0.06723507 0.003668442 5695151 0.0875033 0.07865299 0.2465097
0.1245565 0.07109319 0.003369182 5805238 0.08582117 0.08112352 0.2482762
0.1245565 0.07109319 0.003369182 5915338 0.08582117 0.08112352 0.2482762
0.1219144 0.07507828 0.003079638 6025445 0.084095 0.08339813 0.2501715
0.1195021 0.07775891 0.003630742 6135553 0.08262771 0.08546452 0.2523222
0.1166605 0.08082955 0.003530622 6245644 0.08096158 0.08756438 0.2544024
0.1166605 0.08082955 0.003530622 6365752 0.08096158 0.08756438 0.2544024
0.1136578 0.08427514 0.003493652 6475864 0.07916265 0.08972909 0.2565952
0.111011 0.08761796 0.003753513 6575946 0.07744661 0.09188817 0.2586469
0.111011 0.08761796 0.003753513 6696059 0.07744661 0.09188817 0.2586469
0.1080949 0.09073181 0.003778815 6806158 0.07549611 0.09406891 0.2606831
0.1052411 0.09465306 0.003919184 6926266 0.07347202 0.09641233 0.2626867
0.1052411 0.09465306 0.003919184 7026349 0.07347202 0.09641233 0.2626867
0.1024478 0.09775579 0.004172966 7156466 0.07153017 0.09859753 0.2646894
0.09970712 0.1007867 0.004971638 7256552 0.06946544 0.1011148 0.2669652
0.09970712 0.1007867 0.004971638 7366656 0.06946544 0.1011148 0.2669652
0.09635445 0.1037019 0.004854828 7476747 0.06723652 0.1032291 0.2690228
0.0931702 0.1070188 0.005045608 7586858 0.06514027 0.1053072 0.2711144
0.0931702 0.1070188 0.005045608 7706979 0.06514027 0.1053072 0.2711144
0.0910337 0.1090725 0.006380185 7817066 0.06355951 0.1074294 0.2733347
0.08786941 0.1120584 0.006178036 7927166 0.06153366 0.1094958 0.2750812
0.08786941 0.1120584 0.006178036 8047278 0.06153366 0.1094958 0.2750812
0.0851436 0.1152529 0.006273553 8157377 0.05963957 0.1117644 0.2766907
0.08295567 0.1176845 0.00679782 8277474 0.0578441 0.1138189 0.2782473
0.08295567 0.1176845 0.00679782 8377572 0.0578441 0.1138189 0.2782473
0.07964195 0.1202139 0.006364405 8487667 0.05562155 0.115665 0.2797507
0.07737599 0.1225369 0.006575868 8617785 0.05388032 0.1173345 0.2810579
0.07737599 0.1225369 0.006575868 8707870 0.05388032 0.1173345 0.2810579
0.07516032 0.1252205 0.006659418 8827970 0.05191772 0.119258 0.2821605
0.0716557 0.1284209 0.005653694 8928069 0.04910048 0.12101 0.2830196
0.0716557 0.1284209 0.005653694 9048165 0.04910048 0.12101 0.2830196
0.06912896 0.130918 0.005485997 9158272 0.04686796 0.1228873 0.2840038
0.06706215 0.1330654 0.005299792 9268360 0.04500924 0.1242558 0.28471
0.06706215 0.1330654 0.005299792 9378479 0.04500924 0.1242558 0.28471
0.06351931 0.1358482 0.0040555 9488571 0.04242843 0.1256067 0.2852278
0.06099601 0.1386374 0.003562883 9608671 0.04027832 0.1270124 0.2857497
0.06099601 0.1386374 0.003562883 9718778 0.04027832 0.1270124 0.2857497
0.0577915 0.1409839 0.002416566 9828874 0.0377727 0.1281873 0.2860325
0.05517804 0.1436268 0.00172019 9948982 0.03522801 0.1295709 0.2862847
0.05517804 0.1436268 0.00172019 10069098 0.03522801 0.1295709 0.2862847
0.0516669 0.1463374 0.0006020665 10169177 0.03228399 0.1308037 0.2864875
0.0486033 0.1482212 -0.0001453757 10279296 0.02936569 0.1319255 0.2867839
0.0486033 0.1482212 -0.0001453757 10389387 0.02936569 0.1319255 0.2867839
0.04441882 0.151369 -0.001314923 10499479 0.02628792 0.1330784 0.2869631
0.04184204 0.1532831 -0.001904532 10609590 0.02386598 0.1340944 0.2870878
0.04184204 0.1532831 -0.001904532 10719673 0.02386598 0.1340944 0.2870878
0.03890217 0.1555474 -0.002298832 10859816 0.0214606 0.1349365 0.2873908
0.03408084 0.1571391 -0.003445417 10949881 0.01827408 0.1355521 0.2876009
0.03408084 0.1571391 -0.003445417 11059985 0.01827408 0.1355521 0.2876009
0.03033941 0.1594826 -0.004142508 11170096 0.01525914 0.1364616 0.2876614
0.02664992 0.1617481 -0.004741356 11290196 0.01210368 0.1372514 0.2876713
0.02664992 0.1617481 -0.004741356 11390283 0.01210368 0.1372514 0.2876713
0.02279848 0.1644036 -0.00536108 11510395 0.008960607 0.1381423 0.2875687
0.01823368 0.1651773 -0.0059724 11640512 0.005781345 0.1387352 0.2877293
0.0144804 0.1661344 -0.006176591 11730606 0.002750684 0.1393422 0.2879415
0.0144804 0.1661344 -0.006176591 11840705 0.002750684 0.1393422 0.2879415
0.01033846 0.1665278 -0.006195709 11980816 -0.000394852 0.1396616 0.2882992
0.006381855 0.1678921 -0.00633125 12070901 -0.003242102 0.1400233 0.2883192
0.006381855 0.1678921 -0.00633125 12181000 -0.003242102 0.1400233 0.2883192
0.002135292 0.1686295 -0.006309554 12311122 -0.006383654 0.1404339 0.288464
-0.001515439 0.1696526 -0.006328255 12401211 -0.009371158 0.1409317 0.2884113
-0.001515439 0.1696526 -0.006328255 12511302 -0.009371158 0.1409317 0.2884113
-0.006223295 0.1703209 -0.005836233 12631407 -0.01277567 0.1413698 0.2887311
-0.009469558 0.1696308 -0.005912825 12751519 -0.0154834 0.1412174 0.2886089
-0.009469558 0.1696308 -0.005912825 12851605 -0.0154834 0.1412174 0.2886089
-0.01435438 0.1697142 -0.005710572 12971718 -0.01888225 0.1416064 0.2885141
-0.017635 0.1697574 -0.005528644 13091814 -0.02164356 0.1419793 0.2884018
-0.017635 0.1697574 -0.005528644 13181924 -0.02164356 0.1419793 0.2884018
-0.02234165 0.1695628 -0.004919916 13302012 -0.02508894 0.1421041 0.2883952
-0.02559466 0.1694834 -0.004493818 13432133 -0.02794762 0.1424621 0.2883302
-0.02559466 0.1694834 -0.004493818 13522223 -0.02794762 0.1424621 0.2883302
-0.02939215 0.1691244 -0.003952369 13652348 -0.03088508 0.1425325 0.288196
-0.03289788 0.1687036 -0.003541037 13742401 -0.03373153 0.1425605 0.2879195
-0.03289788 0.1687036 -0.003541037 13852525 -0.03373153 0.1425605 0.2879195
-0.03626394 0.1679477 -0.003027722 13972629 -0.03632293 0.1425075 0.2877146
-0.04075551 0.168928 -0.001891643 14092738 -0.03981683 0.1433756 0.2875098
-0.04075551 0.168928 -0.001891643 14202817 -0.03981683 0.1433756 0.2875098
-0.04669656 0.1685397 -0.0005626231 14302915 -0.04307919 0.143786 0.2869975
-0.04946997 0.1672587 -0.0002949536 14413023 -0.04550129 0.1434078 0.2865007
-0.04946997 0.1672587 -0.0002949536 14553173 -0.04550129 0.1434078 0.2865007
-0.04519642 0.1585704 -0.004700452 14643234 -0.04453617 0.1384223 0.2847299
-0.04734494 0.156294 -0.004959792 14753330 -0.04673124 0.1375828 0.2840305
-0.04734494 0.156294 -0.004959792 14863425 -0.04673124 0.1375828 0.2840305
-0.05720448 0.1622206 -0.0001293123 14983541 -0.05237207 0.1411351 0.2844345
-0.05903105 0.1603412 -0.0004507005 15093629 -0.05415202 0.1401017 0.2836396
-0.05903105 0.1603412 -0.0004507005 15203728 -0.05415202 0.1401017 0.2836396
-0.06410381 0.157617 0.0006378591 15343846 -0.05716479 0.1393016 0.2827148
-0.06431746 0.1576428 -0.0005030185 15433924 -0.05845294 0.1383772 0.2816644
-0.06431746 0.1576428 -0.0005030185 15544031 -0.05845294 0.1383772 0.2816644
-0.06806127 0.1544666 -0.0002045184 15674165 -0.06090594 0.1370517 0.2805441
-0.07055557 0.1530129 -0.0004016757 15764234 -0.06304523 0.1361728 0.2793754
-0.07055557 0.1530129 -0.0004016757 15874325 -0.06304523 0.1361728 0.2793754
-0.07404461 0.1487382 -0.0007387698 15984433 -0.065135 0.13421 0.2777517
-0.07783381 0.1466762 -0.0003007203 16104541 -0.0678288 0.1332137 0.2763757
-0.07783381 0.1466762 -0.0003007203 16214632 -0.0678288 0.1332137 0.2763757
-0.08021836 0.1440478 -0.0008187294 16324740 -0.0698823 0.1316416 0.2749041
-0.0829058 0.1418982 -0.0009820163 16454853 -0.07216521 0.1303945 0.2734987
-0.0829058 0.1418982 -0.0009820163 16544930 -0.07216521 0.1303945 0.2734987
-0.08818442 0.138487 0.0006091595 16655038 -0.07495186 0.1289526 0.2719757
-0.09146839 0.1361392 0.0008461326 16765141 -0.07718405 0.1274939 0.270363
-0.09146839 0.1361392 0.0008461326 16885258 -0.07718405 0.1274939 0.270363
-0.09492416 0.1338637 0.0009315461 17025364 -0.07892631 0.1258314 0.2684102
-0.09799083 0.1300612 0.001146913 17155489 -0.08133504 0.1239895 0.2668607
-0.1007116 0.1271992 0.0009076446 17255592 -0.08333408 0.1223703 0.2650851
-0.1007116 0.1271992 0.0009076446 17365687 -0.08333408 0.1223703 0.2650851
-0.1040496 0.1248328 0.001015648 17585886 -0.08531309 0.1207278 0.2630657
-0.1075438 0.1221149 0.001629695 17816086 -0.08735496 0.1190718 0.2612344
-0.1134954 0.1157259 0.002446666 18046285 -0.09107235 0.1153658 0.2578079
-0.1164061 0.1131323 0.002912819 18286510 -0.0930094 0.1134268 0.25609
-0.1191179 0.1100522 0.003617778 18496716 -0.09523322 0.1117814 0.2546651
-0.1246937 0.1033473 0.005054072 18706902 -0.09933833 0.1084321 0.251489
-0.1272416 0.1001623 0.006066427 18957127 -0.1015503 0.1070086 0.2501994
-0.1295784 0.09746016 0.006472617 19157296 -0.103451 0.1052756 0.2486499
-0.1338648 0.09211125 0.007888451 19377495 -0.1069225 0.102215 0.2460789
-0.1352988 0.08786568 0.008347392 19597685 -0.108459 0.100436 0.2451292
-0.136972 0.08539471 0.008839175 19827917 -0.1102014 0.09924771 0.2440363
-0.1399951 0.07988969 0.009762317 20068134 -0.1136096 0.09646379 0.241996
-0.1414146 0.07710856 0.01012626 20268298 -0.1143532 0.09476455 0.2408784
-0.1422783 0.07526376 0.009676799 20508540 -0.1152056 0.09332819 0.239879
-0.1445637 0.06995726 0.009889558 20718713 -0.1163614 0.08983532 0.2377961
-0.1456629 0.06788173 0.009546906 20968923 -0.1170917 0.08848142 0.236572
-0.1470212 0.06270279 0.00812088 21199130 -0.1177148 0.08515989 0.234327
-0.1483299 0.06110127 0.007839188 21389306 -0.1181378 0.08372632 0.2329744
-0.1491008 0.05875722 0.007113397 21619522 -0.1183652 0.08209269 0.2317762
-0.1504601 0.05678409 0.006393373 21869930 -0.1185628 0.0804752 0.2300911
-0.1521958 0.05221285 0.004321739 22059907 -0.1186938 0.07710345 0.2271981
-0.1533028 0.04995669 0.003350675 22290123 -0.1188351 0.07560395 0.2255541
-0.1544172 0.04782781 0.00217405 22500333 -0.1192283 0.07401252 0.2238636
-0.1567318 0.04368735 -0.0007370859 22730512 -0.11988 0.0710268 0.2201128
-0.1581051 0.04145788 -0.001756206 22960728 -0.1202385 0.06939442 0.2182843
-0.1590886 0.03808949 -0.002583623 23180927 -0.1207953 0.06758676 0.2167169
-0.1623294 0.03323776 -0.003644526 23401138 -0.1218131 0.06441651 0.2130523
-0.1636869 0.02994406 -0.004053548 23631341 -0.1221703 0.0624029 0.2114007
-0.1665838 0.02542068 -0.00485447 23851540 -0.1227271 0.05876828 0.208322
-0.1679998 0.023014 -0.005222082 24091749 -0.1230135 0.05705261 0.2067698
-0.1685708 0.01966144 -0.005510762 24301939 -0.123497 0.05530722 0.205783
-0.1715608 0.01492362 -0.004682004 24522141 -0.1250017 0.05210876 0.2031937
-0.1724513 0.01304573 -0.00385876 24742348 -0.1256079 0.05063631 0.2026659
-0.1735299 0.01139987 -0.003789142 24972544 -0.1260371 0.04905237 0.2017376
-0.17509 0.007559845 -0.002370223 25192933 -0.1274645 0.04655411 0.2005903
-0.1762985 0.006098445 -0.001345575 25412949 -0.1284209 0.04551534 0.1997939
-0.1769674 0.003725201 -0.00108102 25653166 -0.1290604 0.04408005 0.1990414
-0.1782192 0.0007085709 0.0001503825 25883362 -0.1301184 0.04176036 0.1981557
-0.1783711 -0.0006038611 0.000383094 26083542 -0.1306877 0.0407822 0.1980318
-0.1788484 -0.002456111 0.0006469935 26313746 -0.1309986 0.03964573 0.1974661
-0.1796402 -0.005462204 0.001535535 26533949 -0.1320528 0.03755616 0.1967785
-0.1803481 -0.006677703 0.002429888 26754147 -0.1324818 0.03644735 0.1963629
-0.1800995 -0.008571742 0.00200744 26994376 -0.1327149 0.03540263 0.1962139
-0.1806759 -0.01153769 0.002674803 27204566 -0.1332064 0.03331432 0.195587
-0.1805935 -0.01281365 0.002646878 27424761 -0.1332694 0.03243877 0.1955223
-0.1806637 -0.01448615 0.002840161 27674991 -0.1335211 0.03136907 0.195314
-0.1811693 -0.01710265 0.003449887 27875163 -0.1336481 0.02937036 0.1947658
-0.1811181 -0.01934787 0.003151923 28105371 -0.1334724 0.02808932 0.1943642
-0.181713 -0.02129728 0.003838867 28335591 -0.1338315 0.02679755 0.1937344
-0.1816889 -0.0256403 0.002870291 28565790 -0.1340719 0.02427922 0.1928279
-0.1815599 -0.02816992 0.002037972 28765975 -0.1341331 0.02263805 0.1924011
-0.1820038 -0.03008533 0.002044871 29016205 -0.1340986 0.02135789 0.1917141
-0.1824343 -0.03489468 0.001456946 29216373 -0.1340841 0.01811431 0.1905205
-0.1821038 -0.03866308 0.0006935447 29466603 -0.133857 0.01611482 0.1899197
-0.1825617 -0.0444002 0.0004273057 29666926 -0.1334472 0.01216565 0.1886274
-0.1821024 -0.04756542 0.0002318472 29886979 -0.1329499 0.01018123 0.188472
-0.1817293 -0.05044913 -0.0002189875 30107185 -0.1324178 0.008041324 0.1883782
-0.1810825 -0.05349052 -0.0003389567 30337393 -0.1316991 0.006344893 0.1883071
-0.1792944 -0.05970871 -0.001488745 30557588 -0.1294688 0.00190405 0.1888359
-0.1785628 -0.06267422 -0.001506478 30787788 -0.1289102 -6.953282E-05 0.1890128
-0.1774888 -0.0656515 -0.002233058 31007990 -0.1280519 -0.002111101 0.1894185
-0.1743135 -0.07255251 -0.00251402 31258228 -0.1264061 -0.006194388 0.1908348
-0.1722992 -0.07566954 -0.002924323 31448392 -0.1253254 -0.00826347 0.1920408
-0.1708813 -0.07802868 -0.002654046 31699481 -0.1237146 -0.01037858 0.1931215
-0.166777 -0.08364863 -0.00235498 31918812 -0.1201665 -0.01472476 0.195929
-0.1644485 -0.08623041 -0.001996025 32139011 -0.1185057 -0.01660905 0.197547
-0.1588834 -0.09164627 -0.002092019 32349193 -0.1146607 -0.02021695 0.2011892
-0.1557267 -0.0944989 -0.001680449 32569391 -0.1126415 -0.02231261 0.203406
-0.1523504 -0.09682907 -0.001515001 32799603 -0.1102678 -0.02416518 0.2058833
-0.146158 -0.1002965 -0.0008829832 33039832 -0.1053998 -0.02747267 0.210701
-0.1427219 -0.1021394 -0.0005516261 33240005 -0.1031229 -0.0290434 0.2132823
-0.1390951 -0.1043935 -0.0007102489 33480217 -0.1009913 -0.03045692 0.2156395
-0.1314154 -0.1084328 -0.0001489371 33710433 -0.09710508 -0.03322421 0.2209601
-0.1273118 -0.1103325 -0.0002821237 33910610 -0.0946153 -0.034483 0.2236316
-0.1234795 -0.1117816 -0.0001161993 34160840 -0.09234098 -0.03570312 0.2263426
-0.1156295 -0.1156575 0.0001297444 34371017 -0.08722138 -0.03847818 0.2312342
-0.1118993 -0.1176568 -0.000350967 34581211 -0.08472669 -0.03983199 0.2332907
-0.1082813 -0.1198792 -0.0003882498 34841462 -0.08247564 -0.04137727 0.2352752
-0.1018163 -0.1243973 -0.0006311238 35031629 -0.07857072 -0.04405437 0.2382198
-0.09868926 -0.1268888 -0.001208335 35281851 -0.07644513 -0.04545536 0.2393187
-0.09532755 -0.1296533 -0.001797646 35482024 -0.07419758 -0.04702791 0.2404325
-0.08963612 -0.1336277 -0.002328813 35702235 -0.06988136 -0.04956663 0.242585
-0.08677863 -0.1358757 -0.002079666 35932426 -0.06782703 -0.05115673 0.2437379
-0.0826097 -0.1382376 -0.003236845 36152641 -0.06545496 -0.05215101 0.2448626
-0.07693757 -0.1412242 -0.003974646 36392870 -0.06084258 -0.05415618 0.246842
-0.07283923 -0.1425546 -0.004257992 36603039 -0.05811979 -0.05491616 0.2483409
-0.07010061 -0.1421716 -0.004258111 36833247 -0.05538437 -0.05504444 0.2498634
-0.06084488 -0.142313 -0.004747301 37073476 -0.04879321 -0.05492172 0.2534069
-0.05652064 -0.1416266 -0.004880905 37263627 -0.0456826 -0.0545367 0.255187
-0.0526513 -0.1403792 -0.004542679 37513853 -0.04258319 -0.05379761 0.2569394
-0.04302569 -0.1375768 -0.004972786 37724055 -0.03593662 -0.05156571 0.260122
-0.03835292 -0.1362296 -0.004888326 38054353 -0.03254032 -0.05048162 0.2615229
-0.02817626 -0.1324942 -0.00596863 38274544 -0.02552351 -0.0478394 0.2639404
-0.02369631 -0.1308417 -0.006301343 38504747 -0.02201813 -0.04660515 0.2647653
-0.01469924 -0.1281965 -0.006985351 38724950 -0.01508573 -0.04369503 0.2652828
-0.009791008 -0.1267235 -0.007615879 38985193 -0.01150841 -0.04230662 0.2653633
-0.0008402612 -0.1228916 -0.008507341 39165352 -0.004228936 -0.03959524 0.2657975
0.003573261 -0.1211026 -0.009070113 39515676 -0.0005661707 -0.03808779 0.2655785
0.01298145 -0.1182961 -0.01020439 39725858 0.006433997 -0.03530977 0.2643626
0.01774926 -0.1169554 -0.01018408 39956065 0.009890532 -0.03399402 0.2638408
0.02260027 -0.1154189 -0.01015498 40176296 0.01347588 -0.03277795 0.2633474
0.03200553 -0.1121274 -0.01016995 40516920 0.02054234 -0.0303978 0.2621112
0.04040115 -0.1092527 -0.01020227 40746787 0.02720861 -0.02824719 0.26052
0.04425905 -0.1081902 -0.01002586 40966973 0.03038142 -0.02746378 0.2597347
0.05280673 -0.1050539 -0.008961201 41207194 0.03669738 -0.02535741 0.2581719
0.0572837 -0.1027981 -0.007996932 41407375 0.0399583 -0.02429164 0.2577397
0.06074941 -0.1012407 -0.007315472 41637583 0.0429098 -0.02349266 0.2572404
0.0653669 -0.09866689 -0.005850375 41867782 0.04642625 -0.02246012 0.2569844
0.07281046 -0.094419 -0.003400803 42067959 0.05286199 -0.02047245 0.2562762
0.0765669 -0.0920154 -0.002564505 42298179 0.0559817 -0.01961104 0.2558087
0.08362395 -0.08696915 0.0003143698 42518390 0.0622003 -0.01747755 0.2553401
0.0865045 -0.08442873 0.001569837 42748589 0.06507148 -0.01625392 0.2552103
0.0897795 -0.08159846 0.003184259 42968784 0.06818867 -0.01497169 0.2550887
0.09510082 -0.07590449 0.005584374 43199000 0.07348107 -0.01199148 0.2547909
0.09776135 -0.07303063 0.00648877 43419207 0.07585528 -0.01028491 0.2542919
0.1007098 -0.0695072 0.008076042 43669428 0.07831945 -0.008436999 0.2541344
0.1051649 -0.06370501 0.008941814 43879606 0.08197022 -0.00479486 0.2528745
0.1072464 -0.06098304 0.009612724 44099817 0.08370316 -0.002821569 0.252239
0.1093998 -0.05837895 0.009702742 44350209 0.08544485 -0.001025522 0.2512724
0.1135721 -0.05295961 0.01017252 44540206 0.08860226 0.002468673 0.2495941
0.1155162 -0.05073596 0.01052518 44780431 0.08995685 0.003933859 0.24874
0.1180627 -0.04819507 0.01069422 45000626 0.09157577 0.005524253 0.2473899
0.1219736 -0.04406965 0.01036197 45220824 0.09398057 0.008834504 0.244684
0.1237305 -0.04192874 0.01003355 45431018 0.09485046 0.01025263 0.2434879
0.1254174 -0.03961244 0.009596512 45661226 0.0955139 0.01176286 0.2422902
0.1286437 -0.03518542 0.007656693 45901580 0.09710545 0.01459839 0.2395305
0.130347 -0.03299932 0.007145464 46101611 0.09803145 0.01624493 0.2381756
0.1322516 -0.03127033 0.007230937 46331827 0.09880114 0.01781045 0.2367129
0.1352246 -0.02654308 0.005671307 46552010 0.09952909 0.0209591 0.2341052
0.1370168 -0.02402379 0.005468249 46792230 0.1002403 0.02230743 0.232955
0.1385688 -0.02201091 0.004171744 47022454 0.1009452 0.02325953 0.2314826
0.1413275 -0.01701342 0.0016848 47242641 0.1016552 0.02644206 0.2286414
0.1428334 -0.01495418 0.001111314 47462831 0.101874 0.02789517 0.2272653
0.1455337 -0.009518283 -0.001044586 47683046 0.1020291 0.03084658 0.2246819
0.1473156 -0.006092246 -0.002138287 47893216 0.1023856 0.03186977 0.2233469
0.1482321 -0.002507387 -0.004038885 48123436 0.1019884 0.03308182 0.2222562
0.1494924 0.0001744803 -0.00604637 48353652 0.1020226 0.03396225 0.2206999
0.1518378 0.004436132 -0.009643942 48563845 0.1015591 0.03620765 0.2174425
0.1529261 0.00453603 -0.009642243 48824072 0.1013518 0.03698971 0.2163213
