0.148528 -0.00287191 0.003692999 0 0.08813247 0.008993086 0.2258591
0.1487816 -0.001797379 0.003465816 110095 0.08809349 0.00988513 0.2255348
0.1487816 -0.001797379 0.003465816 220369 0.08809349 0.00988513 0.2255348
0.1489655 -0.0002126129 0.003542855 330290 0.08814795 0.0107755 0.2254494
0.1487952 0.0007391634 0.003478497 440385 0.08802472 0.01175529 0.2255644
0.1487952 0.0007391634 0.003478497 560506 0.08802472 0.01175529 0.2255644
0.1490577 0.003099241 0.004139319 660584 0.08808617 0.01320988 0.2255981
0.1491968 0.005485331 0.004301816 780692 0.08828145 0.0146057 0.2256406
0.1491968 0.005485331 0.004301816 890792 0.08828145 0.0146057 0.2256406
0.148939 0.007763723 0.004597783 1000903 0.08832677 0.01640039 0.2260481
0.1486844 0.0106232 0.004558787 1121000 0.08828452 0.01844317 0.2263373
0.1486844 0.0106232 0.004558787 1221090 0.08828452 0.01844317 0.2263373
0.1481303 0.01348909 0.004490927 1341206 0.08807388 0.02062923 0.2268593
0.1473948 0.01711654 0.00402844 1451302 0.08753705 0.02310806 0.2273513
0.1468 0.02046699 0.00398162 1561405 0.08712125 0.02565735 0.2278476
0.1468 0.02046699 0.00398162 1681517 0.08712125 0.02565735 0.2278476
0.1462999 0.0246502 0.004186064 1791601 0.08670029 0.02854496 0.228337
0.145479 0.02811903 0.004026666 1901708 0.0861226 0.03148586 0.228954
0.145479 0.02811903 0.004026666 2011812 0.0861226 0.03148586 0.228954
0.1445924 0.03194497 0.004399553 2141933 0.08548674 0.03450948 0.229801
0.1435192 0.03674222 0.004388109 2231998 0.08470355 0.03770894 0.2306552
0.1435192 0.03674222 0.004388109 2342110 0.08470355 0.03770894 0.2306552
0.1423982 0.04028254 0.004945174 2482244 0.0841527 0.04065484 0.2318151
0.1410378 0.0445082 0.00523676 2562308 0.08359072 0.04386693 0.2331138
0.1410378 0.0445082 0.00523676 2682409 0.08359072 0.04386693 0.2331138
0.1399214 0.0483704 0.005637839 2792508 0.08296871 0.04702622 0.2341816
0.1399214 0.0483704 0.005637839 2903090 0.08296871 0.04702622 0.2341816
0.1382799 0.0530136 0.005511478 3022728 0.08213775 0.05027133 0.2354962
0.1365399 0.05725737 0.005207807 3132811 0.08114488 0.05358917 0.2367867
0.1349272 0.06140966 0.005539119 3242918 0.07994759 0.05697661 0.2381161
0.1349272 0.06140966 0.005539119 3353026 0.07994759 0.05697661 0.2381161
0.1327055 0.06674936 0.005465254 3463117 0.07828557 0.06067997 0.2396872
0.1303673 0.07069477 0.005500615 3593226 0.07663235 0.06385952 0.2414467
0.1303673 0.07069477 0.005500615 3693325 0.07663235 0.06385952 0.2414467
0.1276343 0.07560278 0.005556613 3803420 0.07459728 0.06729275 0.2434029
0.1246629 0.08007882 0.00541015 3933550 0.07249615 0.07036668 0.2454543
0.1246629 0.08007882 0.00541015 4023627 0.07249615 0.07036668 0.2454543
0.1216426 0.08422105 0.005498469 4133722 0.07032537 0.07341868 0.2476151
0.1181595 0.08897577 0.00500752 4243830 0.06791624 0.07654268 0.2497879
0.1181595 0.08897577 0.00500752 4363930 0.06791624 0.07654268 0.2497879
0.1147799 0.09362657 0.004803777 4474042 0.0656174 0.07949764 0.251943
0.1110662 0.0979043 0.004363 4594134 0.06289786 0.08239537 0.2541413
0.1110662 0.0979043 0.004363 4694228 0.06289786 0.08239537 0.2541413
0.1075603 0.1026333 0.004320711 4814345 0.06009676 0.08536583 0.2561793
0.1038451 0.1060321 0.004571453 4924440 0.05722244 0.08795517 0.2586051
0.1038451 0.1060321 0.004571453 5044544 0.05722244 0.08795517 0.2586051
0.09977176 0.1103665 0.004595026 5144627 0.05424398 0.09044081 0.2609663
0.09529592 0.1145808 0.004621133 5254746 0.0511535 0.09284573 0.2635485
0.09529592 0.1145808 0.004621133 5384855 0.0511535 0.09284573 0.2635485
0.09110962 0.118335 0.004774496 5484942 0.04795245 0.09533077 0.2659163
0.08703046 0.1214932 0.005069599 5595037 0.04489316 0.09770685 0.2683287
0.08703046 0.1214932 0.005069599 5725167 0.04489316 0.09770685 0.2683287
0.08261159 0.1253204 0.005209848 5815252 0.0415346 0.1001068 0.2706172
0.07793811 0.1290926 0.005319521 5935348 0.03794429 0.1024542 0.2729064
0.07793811 0.1290926 0.005319521 6035438 0.03794429 0.1024542 0.2729064
0.07408621 0.1317798 0.005791232 6155555 0.03448558 0.1045457 0.2749024
0.06882346 0.1355668 0.005628109 6265650 0.03083678 0.106684 0.2771688
0.06882346 0.1355668 0.005628109 6375746 0.03083678 0.106684 0.2771688
0.06416178 0.1392033 0.005747736 6505863 0.0272522 0.1087597 0.2790426
0.05942662 0.1417066 0.005861863 6605953 0.02341279 0.1105635 0.2809997
0.05942662 0.1417066 0.005861863 6716057 0.02341279 0.1105635 0.2809997
0.05502245 0.1445696 0.005978197 6846170 0.01959226 0.1125272 0.2825647
0.04976678 0.1473092 0.005438283 6946264 0.01549341 0.1143726 0.2840631
0.04976678 0.1473092 0.005438283 7056364 0.01549341 0.1143726 0.2840631
0.04468215 0.149831 0.005071342 7166463 0.01121888 0.1159658 0.2853296
0.03974022 0.1522583 0.005035713 7276571 0.006808609 0.1176339 0.2865696
0.03974022 0.1522583 0.005035713 7376649 0.006808609 0.1176339 0.2865696
0.03427589 0.1544873 0.00478147 7496757 0.002252162 0.1188737 0.287666
0.02712969 0.157078 0.003872186 7626879 -0.002117991 0.1198383 0.288698
0.02180643 0.1586642 0.003518209 7726965 -0.006938577 0.1208937 0.2892829
0.02180643 0.1586642 0.003518209 7837056 -0.006938577 0.1208937 0.2892829
0.01668809 0.1599504 0.003200755 7967174 -0.01129931 0.1218905 0.2898096
0.01668809 0.1599504 0.003200755 8057279 -0.01129931 0.1218905 0.2898096
0.01040703 0.1607519 0.002531365 8167362 -0.01629579 0.1225176 0.2901568
0.005016283 0.1617325 0.002053216 8287467 -0.02097315 0.1230248 0.2901167
-0.0003082047 0.1628579 0.001868665 8387569 -0.02564061 0.1234303 0.2899881
-0.0003082047 0.1628579 0.001868665 8507674 -0.02564061 0.1234303 0.2899881
-0.006606763 0.1637112 0.001684338 8617769 -0.03024492 0.1236959 0.2898573
-0.006606763 0.1637112 0.001684338 8747882 -0.03024492 0.1236959 0.2898573
-0.01274116 0.163745 0.001506031 8847969 -0.03489017 0.1237634 0.2896193
-0.01742302 0.163689 0.00104861 8948067 -0.03897867 0.1238127 0.2889756
-0.01742302 0.163689 0.00104861 9058166 -0.03897867 0.1238127 0.2889756
-0.02355863 0.1636598 0.0008637905 9178275 -0.04344821 0.1238832 0.2883126
-0.02818751 0.1637248 0.0008090883 9288378 -0.04750669 0.1238211 0.2875358
-0.02818751 0.1637248 0.0008090883 9398477 -0.04750669 0.1238211 0.2875358
-0.03354672 0.1633197 0.0006168038 9518590 -0.05141259 0.1235837 0.2865722
-0.03901945 0.1628905 0.0008201301 9628681 -0.05545419 0.1233866 0.285666
-0.03901945 0.1628905 0.0008201301 9728776 -0.05545419 0.1233866 0.285666
-0.04468451 0.1616704 0.001345009 9848900 -0.05950993 0.1228574 0.2848698
-0.0491249 0.1610872 0.001496881 9958991 -0.0633584 0.1225834 0.2837695
-0.05368469 0.1601837 0.001511365 10069079 -0.06709224 0.1224548 0.2825654
-0.05368469 0.1601837 0.001511365 10209217 -0.06709224 0.1224548 0.2825654
-0.05858148 0.1585563 0.001595706 10299286 -0.07053471 0.1219147 0.2812899
-0.06340525 0.15729 0.001626059 10419391 -0.07396412 0.1212798 0.279706
-0.06340525 0.15729 0.001626059 10539507 -0.07396412 0.1212798 0.279706
-0.06872086 0.1552754 0.001957938 10639593 -0.07751524 0.1206895 0.2781918
-0.07279365 0.1539583 0.001554832 10739684 -0.08042943 0.1195742 0.2762124
-0.07279365 0.1539583 0.001554832 10869809 -0.08042943 0.1195742 0.2762124
-0.07745262 0.1525269 0.001614764 10969887 -0.08350164 0.1187387 0.2742771
-0.08145774 0.1509387 0.001312926 11080003 -0.08678752 0.1178156 0.2722739
-0.08145774 0.1509387 0.001312926 11190098 -0.08678752 0.1178156 0.2722739
-0.08605704 0.1479935 0.001490459 11300190 -0.08981246 0.1164972 0.2704464
-0.08996217 0.1453882 0.001617432 11420314 -0.09251475 0.1149579 0.2686836
-0.08996217 0.1453882 0.001617432 11530405 -0.09251475 0.1149579 0.2686836
-0.09397647 0.1434315 0.001993462 11660511 -0.09533533 0.1135691 0.2668015
-0.09737805 0.1402889 0.002267346 11860699 -0.09792838 0.1115796 0.2652464
-0.1008323 0.137416 0.00210923 11970787 -0.1004668 0.1098679 0.263317
-0.1046779 0.1333302 0.00329861 12120926 -0.1031709 0.1080626 0.2621402
-0.1074783 0.1305637 0.00352639 12341129 -0.1054604 0.1062502 0.2606628
-0.1100787 0.1270532 0.003840446 12571333 -0.1075562 0.1041821 0.2594199
-0.1119508 0.1244776 0.003613606 12811549 -0.1093344 0.1021786 0.2581197
-0.1166733 0.1177144 0.00487195 13021743 -0.1129026 0.09788281 0.2560845
-0.118808 0.1143677 0.005396277 13241950 -0.1146734 0.09570986 0.2550885
-0.1211166 0.1105638 0.00591886 13492168 -0.1165269 0.09330148 0.2539668
-0.1254503 0.1031141 0.007023901 13702357 -0.1201149 0.08858817 0.2518357
-0.1274581 0.09934842 0.007644266 13912539 -0.121551 0.08597165 0.2508514
-0.1295252 0.09586515 0.00821504 14132738 -0.1232231 0.08347076 0.2497309
-0.1332983 0.08745728 0.009122953 14352936 -0.1264632 0.07788438 0.2476425
-0.1353234 0.08365744 0.009583995 14603170 -0.127602 0.07515866 0.246409
-0.1367723 0.07962248 0.009288877 14803343 -0.1286318 0.07205015 0.2451525
-0.1406315 0.07072753 0.009708151 15023558 -0.1306835 0.06549972 0.2424218
-0.1427365 0.06699059 0.009857118 15253774 -0.13195 0.06237036 0.2407845
-0.1445759 0.0625594 0.009696335 15473956 -0.1329757 0.05889922 0.2391943
-0.1483136 0.05294058 0.008226514 15714173 -0.1345752 0.05172259 0.2352637
-0.1501984 0.04812397 0.007430807 15924363 -0.134887 0.04795271 0.2332179
-0.1524083 0.04317474 0.006886333 16144573 -0.1352648 0.04416889 0.2310146
-0.1564726 0.03290743 0.005381078 16364756 -0.1359282 0.03619367 0.2266319
-0.1584005 0.02762062 0.004306838 16594980 -0.1361979 0.03227275 0.2243378
-0.1604193 0.02204786 0.003637508 16825188 -0.1365179 0.0282436 0.2221562
-0.163689 0.01116241 0.001933157 17035361 -0.1367661 0.02012354 0.2182601
-0.1652084 0.006131015 0.001590818 17275594 -0.1371059 0.01621097 0.2166701
-0.1666346 0.000748754 0.001410499 17485776 -0.1374739 0.01217085 0.2152118
-0.1690097 -0.009885765 0.0008321851 17725988 -0.1379679 0.004506049 0.2125479
-0.1701958 -0.01445394 0.0003763437 17946183 -0.1380795 0.0009120083 0.2111793
-0.1708659 -0.01968445 -0.0001695007 18176395 -0.1378658 -0.002996387 0.210192
-0.1718634 -0.02881895 -0.000660792 18386589 -0.1380511 -0.01009888 0.2088417
-0.1716643 -0.03355279 -0.001735836 18606779 -0.1379794 -0.01339716 0.2083795
-0.1717425 -0.0381079 -0.001903027 18847000 -0.1383673 -0.01650542 0.2080347
-0.171828 -0.04614675 -0.002421156 19047193 -0.1382369 -0.02255088 0.207455
-0.1713619 -0.05082961 -0.002524778 19277397 -0.138006 -0.02588362 0.2076121
-0.1710343 -0.0548395 -0.002474651 19497603 -0.1378048 -0.0288803 0.2077553
-0.169524 -0.06231605 -0.002048254 19727807 -0.1376984 -0.03457934 0.2089341
-0.1681325 -0.06662717 -0.002481148 19947985 -0.1373542 -0.03738457 0.2096945
-0.1668355 -0.07063188 -0.002306655 20168184 -0.1369122 -0.04008359 0.2106328
-0.1632811 -0.07804102 -0.002229035 20408421 -0.1351467 -0.04596514 0.2134305
-0.1617089 -0.08167329 -0.002598703 20638617 -0.1342241 -0.04883868 0.2144756
-0.1574912 -0.08888562 -0.002371788 20838806 -0.1330831 -0.05434937 0.2177437
-0.1548379 -0.09305641 -0.002233714 21069030 -0.132542 -0.05710405 0.219662
-0.1519837 -0.09666611 -0.002409458 21289208 -0.1318061 -0.05975813 0.2216907
-0.1486604 -0.1007198 -0.002284348 21509403 -0.1305974 -0.06262524 0.2241342
-0.14181 -0.107116 -0.001791328 21739606 -0.1277654 -0.06791943 0.2294916
-0.1376101 -0.1105422 -0.002806842 21969822 -0.1257993 -0.06990999 0.231863
-0.1287136 -0.1170658 -0.003267288 22180004 -0.1219388 -0.07421202 0.2375457
-0.1241285 -0.1205265 -0.003291175 22410207 -0.1198598 -0.07638473 0.2403729
-0.1195505 -0.1235984 -0.003173232 22630406 -0.117349 -0.07864326 0.2433336
-0.1107998 -0.1288956 -0.003070846 22850621 -0.1128346 -0.08277279 0.2487132
-0.1055081 -0.1322247 -0.002812684 23100847 -0.1102645 -0.08510464 0.2517562
-0.1007775 -0.1345619 -0.00267899 23301019 -0.1077136 -0.08700485 0.2544586
-0.09110192 -0.1396138 -0.002154782 23531219 -0.1022525 -0.09090668 0.2596638
-0.08572324 -0.1424246 -0.002310246 23751434 -0.09870273 -0.09264535 0.2619607
-0.08117884 -0.1448725 -0.001937032 23971633 -0.09551287 -0.09465259 0.2642525
-0.07046414 -0.1498232 -0.001318902 24201836 -0.08855551 -0.09848828 0.2688697
-0.06539592 -0.1512107 -0.0008879155 24422031 -0.08530554 -0.1000423 0.2711289
-0.06056903 -0.1529237 -0.00013569 24652247 -0.08242261 -0.1016495 0.2731903
-0.05023294 -0.1562369 0.001229107 24872438 -0.07450446 -0.1049315 0.2773122
-0.04462283 -0.1577002 0.001825079 25092644 -0.07019603 -0.1062281 0.2790979
-0.04007893 -0.1587835 0.002713978 25312827 -0.06615222 -0.107495 0.2808648
-0.0291288 -0.1593932 0.004283756 25553056 -0.05812109 -0.1087856 0.2839498
-0.02457784 -0.1588145 0.005928293 25773255 -0.05450019 -0.1093519 0.2859917
-0.01903674 -0.1581289 0.007179424 25983440 -0.0502432 -0.1097158 0.287655
-0.009264608 -0.1557097 0.009703651 26233670 -0.04210955 -0.1098536 0.290698
-0.004386909 -0.1546548 0.01123489 26443848 -0.03763562 -0.109982 0.2921622
0.0002028808 -0.1525897 0.01281461 26664050 -0.03331345 -0.1097967 0.2938556
0.009567447 -0.1487462 0.01559582 26884249 -0.02494401 -0.1088769 0.2960257
0.01461811 -0.146152 0.01684116 27114457 -0.02055496 -0.1080839 0.2968464
0.0228596 -0.1420167 0.01826555 27344685 -0.01217455 -0.1063945 0.2975471
0.02673733 -0.1394249 0.0184837 27554862 -0.008469701 -0.1049013 0.2973766
0.03076543 -0.1374369 0.01865168 27775057 -0.004878998 -0.1034167 0.2966755
0.03436901 -0.1354067 0.01841794 27995264 -0.001291633 -0.1017665 0.2958322
0.04223174 -0.1316668 0.01781289 28225476 0.006015778 -0.09823745 0.2932064
0.04572421 -0.1300602 0.01650038 28475697 0.009478807 -0.09647316 0.2913157
0.05327768 -0.127039 0.01451623 28665869 0.01584175 -0.09236652 0.286844
0.05732517 -0.1250561 0.01338466 28896069 0.0190265 -0.09016914 0.284377
0.06095031 -0.1234914 0.01233439 29136298 0.0222033 -0.08797735 0.2820338
0.06875894 -0.1193449 0.009440213 29336470 0.02853116 -0.08336407 0.2766646
0.07224697 -0.117407 0.007962108 29566678 0.03129965 -0.08074695 0.2739368
0.07671575 -0.1148086 0.007297322 29816900 0.03444308 -0.07788105 0.2710592
0.08467013 -0.1084478 0.005996019 30007079 0.04005033 -0.07162803 0.2659029
0.0882564 -0.1047514 0.005125061 30247308 0.04279825 -0.068402 0.2635873
0.09181397 -0.1008925 0.00487791 30467491 0.04555055 -0.06515855 0.2615714
0.09939473 -0.09279604 0.003685012 30677689 0.05096297 -0.0578056 0.2564967
0.103809 -0.0887906 0.003922045 30907884 0.05388063 -0.05411548 0.2537189
0.1073415 -0.08503934 0.003402278 31138096 0.05622271 -0.05020553 0.2510472
0.1149526 -0.07648803 0.003547847 31358303 0.06196417 -0.04299635 0.2463528
0.1190609 -0.07147034 0.003922001 31598507 0.0648502 -0.03916806 0.2438818
0.1224718 -0.06696763 0.003292441 31808701 0.06729011 -0.03540737 0.2414042
0.1302976 -0.0583487 0.003173456 32018887 0.07274 -0.02787131 0.2358348
0.1341157 -0.05351586 0.003254637 32249090 0.07511783 -0.02398724 0.2331017
0.1373264 -0.04886923 0.002976716 32469305 0.07724717 -0.02001435 0.2306847
0.1435784 -0.03795917 0.003235012 32689492 0.0812334 -0.01200372 0.2264119
0.1464847 -0.03284904 0.003239796 32919704 0.08310343 -0.007984105 0.2242928
0.1494659 -0.02799664 0.002670377 33149903 0.08465424 -0.004045906 0.2217804
0.1556216 -0.01923534 0.0007229745 33390112 0.08708122 0.003853259 0.2159468
0.1584556 -0.01466908 -0.0003327429 33590313 0.08792272 0.00767189 0.2132081
0.1608686 -0.01045627 -0.001514912 33820525 0.08860713 0.01103633 0.2108476
0.1655909 -0.001188765 -0.004104793 34060729 0.08951147 0.01727098 0.2062602
0.1676142 0.002677976 -0.00622347 34260918 0.08969814 0.01987093 0.2040387
0.1693586 0.005755317 -0.007591009 34491114 0.08965978 0.02250534 0.2020887
0.1704635 0.01047936 -0.009369984 34711320 0.08732966 0.02650076 0.2000283
