0.1471841 0.002705882 0.006483506 0 0.05009602 -0.001889618 0.1106902
0.1468682 0.002939825 0.00624563 110091 0.0501356 -0.001725576 0.1107794
0.1463245 0.002744297 0.005681929 210186 0.05014281 -0.001615315 0.1107359
0.1463245 0.002744297 0.005681929 340299 0.05014281 -0.001615315 0.1107359
0.1455617 0.002900168 0.004995884 440373 0.05007001 -0.001187166 0.1106884
0.1452622 0.003262309 0.004744991 550473 0.04999321 -0.0007474241 0.1106412
0.1452622 0.003262309 0.004744991 660584 0.04999321 -0.0007474241 0.1106412
0.1454806 0.003605357 0.004683749 770700 0.0501813 -8.169869E-05 0.1105644
0.1459486 0.003760338 0.004861723 890800 0.0505278 0.0002930049 0.1106402
0.146303 0.004661323 0.004993015 1010896 0.05083557 0.000926967 0.1107203
0.146303 0.004661323 0.004993015 1110986 0.05083557 0.000926967 0.1107203
0.1463424 0.005511104 0.004922835 1221090 0.05101241 0.00131713 0.110757
0.146232 0.007957941 0.00468851 1331197 0.05116631 0.002024107 0.110677
0.146232 0.007957941 0.00468851 1451302 0.05116631 0.002024107 0.110677
0.1460783 0.01091925 0.004523472 1561389 0.05103299 0.002856368 0.1103895
0.1464384 0.01408086 0.004752355 1671504 0.05120104 0.003815862 0.1102547
0.1464384 0.01408086 0.004752355 1791601 0.05120104 0.003815862 0.1102547
0.1459583 0.01804318 0.00477689 1891703 0.05063185 0.005270394 0.1099242
0.1453068 0.02114721 0.004553637 2011799 0.05019062 0.006666498 0.10967
0.1453068 0.02114721 0.004553637 2141929 0.05019062 0.006666498 0.10967
0.1442843 0.02498214 0.004245883 2231994 0.04959301 0.008322892 0.1094233
0.1435522 0.02842043 0.004027653 2342106 0.04909568 0.01009535 0.1091391
0.1435522 0.02842043 0.004027653 2482220 0.04909568 0.01009535 0.1091391
0.1425391 0.03228588 0.003771132 2562308 0.04840686 0.01230911 0.1088726
0.1414635 0.03604201 0.003893555 2682417 0.04726752 0.0147273 0.1086745
0.1414635 0.03604201 0.003893555 2792504 0.04726752 0.0147273 0.1086745
0.1400532 0.03946365 0.003736116 2902619 0.04618254 0.01704839 0.1085794
0.138346 0.04370656 0.004130289 3012699 0.04470906 0.01923825 0.1087233
0.138346 0.04370656 0.004130289 3132819 0.04470906 0.01923825 0.1087233
0.1368817 0.0488985 0.004995559 3252927 0.04339481 0.02175849 0.1090623
0.1351361 0.05324108 0.005827768 3353034 0.04164634 0.0239568 0.109309
0.1351361 0.05324108 0.005827768 3463113 0.04164634 0.0239568 0.109309
0.132734 0.05843906 0.006368785 3593222 0.03986241 0.02632731 0.1095674
0.1302959 0.06253134 0.007018512 3693317 0.03770907 0.02871341 0.1099276
0.1302959 0.06253134 0.007018512 3793407 0.03770907 0.02871341 0.1099276
0.1277911 0.06698833 0.007479838 3913520 0.03576323 0.03125592 0.1102433
0.1255979 0.07117474 0.008359268 4023615 0.03370063 0.03376343 0.1106409
0.1255979 0.07117474 0.008359268 4133722 0.03370063 0.03376343 0.1106409
0.1231092 0.07515355 0.009003759 4243818 0.03146107 0.03632482 0.1109803
0.1202325 0.07987389 0.009903016 4383936 0.02929946 0.03850543 0.1115204
0.1202325 0.07987389 0.009903016 4474021 0.02929946 0.03850543 0.1115204
0.1175011 0.08383162 0.01047351 4584125 0.0269611 0.04105953 0.1118604
0.1145457 0.08827367 0.01142155 4694220 0.02428587 0.04356265 0.1122201
0.1145457 0.08827367 0.01142155 4814345 0.02428587 0.04356265 0.1122201
0.1114487 0.0923286 0.01201202 4914415 0.02161095 0.04593904 0.1124284
0.108087 0.09681193 0.01262014 5034523 0.01886703 0.04845691 0.1126594
0.108087 0.09681193 0.01262014 5144635 0.01886703 0.04845691 0.1126594
0.1047359 0.1007342 0.01313392 5254726 0.01602212 0.05062479 0.1127591
0.1014663 0.1048694 0.01398327 5374830 0.01313279 0.05308796 0.11309
0.1014663 0.1048694 0.01398327 5484946 0.01313279 0.05308796 0.11309
0.09789713 0.1078495 0.014191 5585020 0.009987732 0.05527348 0.1132564
0.09380616 0.1112572 0.01414197 5705128 0.006836104 0.05751974 0.113413
0.09380616 0.1112572 0.01414197 5835262 0.006836104 0.05751974 0.113413
0.09017694 0.1143898 0.01447306 5925339 0.003545984 0.05963234 0.1134829
0.08543893 0.1174081 0.01415128 6035443 1.508411E-05 0.0615938 0.1136188
0.08543893 0.1174081 0.01415128 6155535 1.508411E-05 0.0615938 0.1136188
0.08144078 0.1204726 0.01443858 6265638 -0.003405817 0.06339291 0.1136818
0.07678068 0.1239844 0.01481892 6375737 -0.007187341 0.06514663 0.1137823
0.07678068 0.1239844 0.01481892 6485845 -0.007187341 0.06514663 0.1137823
0.07235773 0.1268106 0.01486175 6625959 -0.01087689 0.06698351 0.1138515
0.06752183 0.1295208 0.01482814 6716041 -0.01455117 0.06835943 0.1139723
0.06752183 0.1295208 0.01482814 6816143 -0.01455117 0.06835943 0.1139723
0.06327009 0.1315904 0.01487839 6936251 -0.0184493 0.06981112 0.1139315
0.05855006 0.1338535 0.01476334 7046343 -0.02228752 0.07116984 0.1139717
0.05855006 0.1338535 0.01476334 7166459 -0.02228752 0.07116984 0.1139717
0.05455867 0.135814 0.01511702 7266541 -0.02595275 0.07233559 0.114085
0.0491261 0.1370016 0.0144324 7406676 -0.03003128 0.07303005 0.1141721
0.04536311 0.1383592 0.01465803 7496765 -0.03370541 0.07413036 0.1143029
0.04536311 0.1383592 0.01465803 7606840 -0.03370541 0.07413036 0.1143029
0.04047149 0.1394095 0.01401908 7716944 -0.03745256 0.07463593 0.1142113
0.04047149 0.1394095 0.01401908 7837064 -0.03745256 0.07463593 0.1142113
0.03574054 0.1401887 0.01384654 7937147 -0.04126189 0.07483202 0.1143721
0.03154283 0.140305 0.01332434 8047242 -0.04492189 0.07512174 0.1143716
0.03154283 0.140305 0.01332434 8177363 -0.04492189 0.07512174 0.1143716
0.02671324 0.1412281 0.01312616 8277454 -0.04867934 0.07542071 0.1145737
0.02254425 0.1415127 0.01245548 8387561 -0.05254778 0.07586214 0.114227
0.01797362 0.1419022 0.01203677 8497652 -0.05630656 0.07589148 0.1141704
0.01797362 0.1419022 0.01203677 8617769 -0.05630656 0.07589148 0.1141704
0.01326807 0.1425748 0.01157508 8717847 -0.06018979 0.07600553 0.1139408
0.00886499 0.1431668 0.01134685 8837951 -0.06393351 0.07609339 0.1138543
0.00886499 0.1431668 0.01134685 8968085 -0.06393351 0.07609339 0.1138543
0.003698155 0.143156 0.01040536 9058154 -0.06797191 0.07602452 0.1136673
0.003698155 0.143156 0.01040536 9178267 -0.06797191 0.07602452 0.1136673
-0.0003345094 0.1436646 0.01011771 9278357 -0.07164037 0.07613842 0.1133744
-0.005027095 0.1437083 0.009525374 9398465 -0.07546627 0.07597001 0.113237
-0.009216737 0.1436223 0.009023219 9518582 -0.0790628 0.07585637 0.1131172
-0.009216737 0.1436223 0.009023219 9628689 -0.0790628 0.07585637 0.1131172
-0.01377047 0.1436445 0.008532976 9728759 -0.08290891 0.07575509 0.1130182
-0.01852412 0.1441161 0.008303995 9868886 -0.08676907 0.07555661 0.112939
-0.01852412 0.1441161 0.008303995 9958967 -0.08676907 0.07555661 0.112939
-0.02354324 0.1442576 0.007672943 10079088 -0.09055904 0.07521719 0.1127851
-0.02780743 0.1441188 0.007444431 10179174 -0.0943272 0.07498512 0.11281
-0.02780743 0.1441188 0.007444431 10299274 -0.0943272 0.07498512 0.11281
-0.03228865 0.1438197 0.006883993 10399364 -0.09807532 0.07468386 0.1127075
-0.03679794 0.1434938 0.006419914 10519489 -0.101884 0.07429916 0.1126374
-0.03679794 0.1434938 0.006419914 10649598 -0.101884 0.07429916 0.1126374
-0.04114703 0.1425207 0.005795192 10739672 -0.1055881 0.07373343 0.1126686
-0.04583797 0.1420818 0.005350191 10849771 -0.1094427 0.0732902 0.1127206
-0.04583797 0.1420818 0.005350191 10959874 -0.1094427 0.0732902 0.1127206
-0.0498462 0.1412347 0.005196743 11069966 -0.11301 0.07243354 0.1128211
-0.05482083 0.140162 0.004514049 11190098 -0.1168028 0.07135177 0.1128175
-0.05482083 0.140162 0.004514049 11300206 -0.1168028 0.07135177 0.1128175
-0.05887377 0.1395742 0.004748952 11420298 -0.1204228 0.07031631 0.113014
-0.06403016 0.1383793 0.004201009 11520372 -0.1243984 0.06913838 0.1131396
-0.06403016 0.1383793 0.004201009 11630480 -0.1243984 0.06913838 0.1131396
-0.06768054 0.137126 0.004117085 11740575 -0.1277783 0.06800349 0.1132802
-0.07196476 0.135741 0.003932128 11870692 -0.1314972 0.06672168 0.1134697
-0.07196476 0.135741 0.003932128 11970799 -0.1314972 0.06672168 0.1134697
-0.07620588 0.1342955 0.003650615 12080882 -0.1351377 0.06550841 0.113658
-0.08035976 0.1313196 0.002835877 12211003 -0.1387626 0.06380405 0.113908
-0.08035976 0.1313196 0.002835877 12301097 -0.1387626 0.06380405 0.113908
-0.08435375 0.1296832 0.002831341 12411180 -0.1422714 0.06241404 0.1143063
-0.08809933 0.126945 0.00258329 12531297 -0.1456598 0.06047544 0.1147209
-0.08809933 0.126945 0.00258329 12651401 -0.1456598 0.06047544 0.1147209
-0.0914499 0.1240375 0.002610022 12751487 -0.1489426 0.05861896 0.1153986
-0.09531171 0.1208977 0.002251488 12861599 -0.152346 0.05640568 0.1158038
-0.09531171 0.1208977 0.002251488 12991716 -0.152346 0.05640568 0.1158038
-0.09865258 0.1172157 0.00212996 13091810 -0.1554848 0.05370948 0.1163372
-0.1023136 0.1138686 0.001971218 13231917 -0.1584266 0.05101953 0.1168955
-0.1056129 0.1103169 0.001951089 13432109 -0.1612039 0.04800285 0.1174191
-0.1090719 0.1060352 0.001801952 13582249 -0.164215 0.04472545 0.1180199
-0.1120141 0.1016092 0.002044901 13792435 -0.1670913 0.04156314 0.1189518
-0.1147457 0.0972785 0.00246926 14022642 -0.1696556 0.03813953 0.119916
-0.117884 0.09295081 0.002788345 14242845 -0.1722242 0.03440409 0.1207955
-0.1231453 0.08369291 0.003055536 14463040 -0.1768759 0.02699464 0.1222385
-0.1248355 0.07825547 0.003244848 14693260 -0.1790589 0.02314754 0.1229495
-0.1266775 0.07231258 0.002935667 14903437 -0.1809912 0.01895374 0.1233894
-0.1312442 0.06297581 0.002964161 14993518 -0.1843089 0.01078099 0.1244799
-0.1312442 0.06297581 0.002964161 15103614 -0.1843089 0.01078099 0.1244799
-0.1341214 0.05901221 0.003122423 15223718 -0.1857275 0.006475489 0.1251181
-0.1370371 0.05514539 0.003672737 15343839 -0.1874277 0.002180444 0.125991
-0.1370371 0.05514539 0.003672737 15433916 -0.1874277 0.002180444 0.125991
-0.1396801 0.05080514 0.004047859 15544027 -0.1891896 -0.002024869 0.1267835
-0.1396801 0.05080514 0.004047859 15664120 -0.1891896 -0.002024869 0.1267835
-0.1417559 0.04610216 0.004435293 15784232 -0.1912065 -0.006122629 0.1274534
-0.1437529 0.04172313 0.00467591 15894323 -0.1929468 -0.01003594 0.1279934
-0.145352 0.03702073 0.004682187 15994430 -0.1944734 -0.01393598 0.1283622
-0.145352 0.03702073 0.004682187 16104529 -0.1944734 -0.01393598 0.1283622
-0.1471447 0.0321436 0.004597307 16224629 -0.1959928 -0.01779141 0.1288012
-0.1482625 0.02759972 0.0048087 16334733 -0.1972946 -0.02140733 0.1293094
-0.1482625 0.02759972 0.0048087 16444824 -0.1972946 -0.02140733 0.1293094
-0.1498006 0.02283714 0.004929231 16574938 -0.198792 -0.02503389 0.1298871
-0.1503476 0.01877175 0.005523805 16665015 -0.1997868 -0.02837092 0.1305822
-0.1503476 0.01877175 0.005523805 16785131 -0.1997868 -0.02837092 0.1305822
-0.1511589 0.01480519 0.006224705 16895227 -0.2008476 -0.0316603 0.1314375
-0.1526257 0.01054157 0.006975112 17015339 -0.2020386 -0.03518771 0.1325675
-0.1526257 0.01054157 0.006975112 17115433 -0.2020386 -0.03518771 0.1325675
-0.152742 0.007181679 0.008167727 17235530 -0.2027767 -0.03798543 0.1337174
-0.152879 0.002364848 0.009310278 17365675 -0.2035263 -0.04132852 0.1351355
-0.152879 0.002364848 0.009310278 17455732 -0.2035263 -0.04132852 0.1351355
-0.1526299 -0.001539014 0.01030533 17565832 -0.2040156 -0.04406037 0.1362327
-0.1527736 -0.006341387 0.01132607 17675943 -0.2045377 -0.04737843 0.1375905
-0.1527736 -0.006341387 0.01132607 17816070 -0.2045377 -0.04737843 0.1375905
-0.1525955 -0.01017256 0.01253045 17926173 -0.2045546 -0.05043157 0.1389651
-0.1514086 -0.01462625 0.01399467 18026272 -0.2041514 -0.05377205 0.1404544
-0.1514086 -0.01462625 0.01399467 18186400 -0.2041514 -0.05377205 0.1404544
-0.1496573 -0.01941038 0.01525826 18386580 -0.2033749 -0.05694649 0.1417957
-0.147309 -0.02793397 0.01743516 18616784 -0.2016945 -0.06345574 0.1442685
-0.1459333 -0.03329334 0.01800792 18837007 -0.2004306 -0.06716606 0.1452437
-0.1438638 -0.0382561 0.01858118 19057182 -0.1986848 -0.0707965 0.1460254
-0.1412845 -0.04804571 0.01876768 19317429 -0.1960299 -0.07797796 0.1468819
-0.1390949 -0.05307503 0.01864462 19507588 -0.1945769 -0.08127944 0.146834
-0.1380017 -0.05892032 0.01815733 19727795 -0.193384 -0.08496723 0.1468453
-0.1344112 -0.06875078 0.01698858 19947985 -0.1900675 -0.09198246 0.1460968
-0.1322512 -0.07353257 0.01649593 20178189 -0.1883722 -0.09542645 0.1456367
-0.1289088 -0.07847337 0.01637744 20428415 -0.1865673 -0.09885589 0.1450877
-0.123905 -0.0892757 0.01513543 20618591 -0.1828248 -0.1055113 0.1438643
-0.1209587 -0.0943692 0.01468888 20848815 -0.1803198 -0.1090053 0.1434068
-0.1179463 -0.09907511 0.01428623 21068993 -0.1777314 -0.1122685 0.1429639
-0.1114993 -0.1078231 0.01373209 21289192 -0.1722367 -0.1183512 0.1422093
-0.1076995 -0.1123181 0.0134256 21539434 -0.1693843 -0.1211897 0.141576
-0.1043493 -0.1159995 0.01335826 21759620 -0.1666619 -0.1238773 0.1412697
-0.09765316 -0.123772 0.01333085 21959793 -0.1611456 -0.1287836 0.1408057
-0.09407981 -0.126315 0.01329203 22179996 -0.1582771 -0.1307305 0.1404355
-0.09067298 -0.1286406 0.01340555 22410216 -0.155547 -0.1324177 0.1402257
-0.08497158 -0.133153 0.01343093 22650428 -0.1506377 -0.135321 0.1398806
-0.08150823 -0.1349533 0.01389547 22860622 -0.1481249 -0.1365047 0.139856
-0.07832886 -0.1364348 0.01419266 23080809 -0.1455763 -0.1373674 0.1398237
-0.0718005 -0.1405813 0.01502654 23301015 -0.1401651 -0.1392917 0.14005
-0.06847626 -0.1414127 0.01504184 23521210 -0.1371964 -0.1402274 0.1398713
-0.06447253 -0.1430503 0.0153549 23751430 -0.1340076 -0.1411084 0.1397227
-0.05693897 -0.1463534 0.01496956 23971617 -0.1273794 -0.1427655 0.1387902
-0.05298973 -0.1475277 0.01468105 24211837 -0.1242406 -0.1435329 0.1380246
-0.04944589 -0.1492374 0.01399581 24442057 -0.1209377 -0.1443395 0.1371671
-0.04185861 -0.1510873 0.013181 24642234 -0.114238 -0.1453862 0.1357982
-0.03801152 -0.1523822 0.01296645 24882447 -0.1109347 -0.1462294 0.1352392
-0.03435182 -0.1530228 0.01272197 25092632 -0.1076612 -0.1467338 0.1347566
-0.02637769 -0.1540931 0.01318482 25322832 -0.1011649 -0.1469737 0.1342734
-0.02242572 -0.1536619 0.01322359 25533034 -0.09782612 -0.1470137 0.1339582
-0.01830444 -0.154705 0.0136714 25763229 -0.09444789 -0.1473745 0.133899
-0.01077109 -0.1565566 0.01380695 26003462 -0.08766476 -0.1479517 0.1334714
-0.00656672 -0.1571924 0.01406762 26213636 -0.08412848 -0.1482163 0.1332727
-0.002744947 -0.1579355 0.01412978 26433843 -0.0807333 -0.1483487 0.1330085
0.005031934 -0.1579399 0.0139378 26654037 -0.0739011 -0.1484118 0.1321962
0.009108616 -0.1571788 0.01385293 26884257 -0.07047868 -0.1480861 0.1317064
0.01610873 -0.1577579 0.01339741 27124462 -0.063949 -0.1477191 0.1308547
0.02028631 -0.1568943 0.01330008 27334664 -0.06043383 -0.1471587 0.1303288
0.02391639 -0.1564575 0.01328525 27564875 -0.05726617 -0.1468278 0.1300025
0.03148035 -0.155882 0.01343286 27785062 -0.05078147 -0.1458153 0.1293548
0.0349561 -0.1547891 0.01321776 28005261 -0.04753465 -0.1449617 0.1289975
0.03905728 -0.1537677 0.01336589 28225467 -0.04408366 -0.1440127 0.1286858
0.0461404 -0.1518203 0.01331309 28445650 -0.03788507 -0.1421782 0.1279997
0.05011838 -0.1500519 0.01338569 28675870 -0.03449334 -0.1408469 0.1276764
0.05435502 -0.1485251 0.01381885 28896073 -0.03121031 -0.1396256 0.1274218
0.0618222 -0.1456742 0.01411451 29146303 -0.02498486 -0.1369946 0.1267886
0.06544771 -0.143962 0.01410353 29346471 -0.02188275 -0.1352955 0.1263735
0.06928114 -0.1423392 0.01428442 29576683 -0.018679 -0.1338551 0.1260757
0.07625072 -0.1375486 0.01418153 29786868 -0.0124505 -0.1301285 0.1254618
0.07947362 -0.1355478 0.01403442 30007063 -0.009507078 -0.1284977 0.1251154
0.08271997 -0.1330556 0.0138334 30257281 -0.006584927 -0.1267239 0.1246973
0.08963433 -0.1278421 0.01433706 30467470 -0.0009363656 -0.1224412 0.124219
0.09308086 -0.1254414 0.01475472 30677676 0.001904744 -0.1205771 0.12416
0.09614245 -0.122422 0.01462454 30907876 0.004560406 -0.1182365 0.1237183
0.1025546 -0.1167902 0.01431343 31128087 0.01022574 -0.1137495 0.1228141
0.1056077 -0.1129913 0.01408596 31368292 0.0129201 -0.1111136 0.1223067
0.1086966 -0.1110098 0.01399667 31588482 0.0154099 -0.1089256 0.1216977
0.1150168 -0.1027867 0.01407413 31798688 0.02029291 -0.1029015 0.1205336
0.1178132 -0.09854028 0.01402166 32028888 0.02275007 -0.1001166 0.1201667
0.120277 -0.09412491 0.01403008 32259108 0.02494239 -0.09696329 0.119905
0.1246096 -0.08528528 0.01384384 32489315 0.02883514 -0.09032471 0.1192389
0.1270802 -0.08091219 0.01398722 32689488 0.0306933 -0.08686306 0.1187746
0.1292204 -0.07670881 0.01384042 32929705 0.03268371 -0.08356182 0.1184347
0.1328899 -0.06745996 0.01350322 33149915 0.03619601 -0.07692381 0.117748
0.1349705 -0.0628629 0.01355386 33380115 0.03787835 -0.07370124 0.1172934
0.136993 -0.0582106 0.01380666 33580284 0.03937484 -0.07023506 0.11692
0.1402104 -0.05030504 0.0134108 33820504 0.04228414 -0.06411271 0.1160074
0.1417921 -0.04701931 0.01332162 34050708 0.04367527 -0.06131813 0.1156685
0.1427862 -0.04251168 0.01309001 34260914 0.04458193 -0.05789344 0.1151957
0.1452276 -0.03468669 0.0131416 34511128 0.04649974 -0.05175639 0.1144713
0.1462112 -0.03060241 0.01293334 34731318 0.04746096 -0.04888884 0.1140286
0.1480294 -0.02321769 0.01199555 34931507 0.04952993 -0.04393047 0.1128672
0.1494557 -0.01916478 0.01188117 35151706 0.05081213 -0.0413035 0.1123082
0.1499785 -0.01615337 0.01116951 35401932 0.05163241 -0.03905917 0.1117162
0.1512282 -0.01294028 0.01101541 35602108 0.05280777 -0.03696027 0.1112287
0.1524852 -0.007229032 0.009521928 35862359 0.05453476 -0.03294399 0.1097751
0.1535413 -0.00425851 0.009197502 36052523 0.05557257 -0.03124266 0.1090987
0.1535459 -0.001301942 0.008028281 36302740 0.05629706 -0.02971246 0.1082369
0.1539201 0.003137943 0.006199973 36502925 0.05765638 -0.02712196 0.1068175
0.153994 0.004917048 0.005603069 36743150 0.05793998 -0.02607034 0.1061995
0.1534135 0.008718475 0.004641632 36943314 0.058541 -0.02437062 0.1056891
0.153369 0.009516335 0.004900608 37173538 0.05860606 -0.0240993 0.105877
0.1531489 0.01013785 0.004934027 37423756 0.05853999 -0.02387905 0.1059205
0.154583 0.009194066 0.006346255 37623945 0.05920146 -0.02453653 0.1067
0.1551201 0.008839278 0.007331743 37854136 0.0593212 -0.02497844 0.1072577
0.1544432 0.008655643 0.008168408 38064330 0.05888078 -0.02604867 0.1080167
0.1544451 0.00815667 0.009846631 38294534 0.05861678 -0.02733338 0.1091624
0.1539109 0.006821367 0.0135846 38514733 0.05696047 -0.03010947 0.1112728
0.1533688 0.005688651 0.01585868 38734956 0.05597562 -0.03208847 0.1127799
0.1512995 0.002237873 0.0205001 38955138 0.05275853 -0.03640371 0.1159085
0.1500972 0.0008113084 0.02301698 39185358 0.05114561 -0.03845367 0.1177435
0.1485632 -0.001762575 0.02539074 39425567 0.04922447 -0.04129894 0.1195977
