0.1508983 0.005039766 0.01839951 0 0.1593575 0.0894943 0.2103336
0.1508334 0.004242266 0.01836886 110095 0.1600315 0.08844912 0.2103809
0.1504506 0.003496237 0.01757105 220198 0.1607254 0.087394 0.2101898
0.1504506 0.003496237 0.01757105 340299 0.1607254 0.087394 0.2101898
0.1494683 0.00283063 0.0162137 460419 0.1603508 0.08650927 0.2101841
0.1492669 0.001645496 0.01595661 560497 0.1601789 0.08543388 0.2100187
0.1492669 0.001645496 0.01595661 670593 0.1601789 0.08543388 0.2100187
0.1495231 0.0004705619 0.01578352 780696 0.15979 0.0845371 0.2094631
0.1492866 -0.0007020337 0.01463537 890803 0.1602919 0.08312834 0.2088301
0.1492866 -0.0007020337 0.01463537 1010912 0.1602919 0.08312834 0.2088301
0.1493909 -0.001918517 0.01412103 1121007 0.159966 0.08202487 0.2082736
0.1486257 -0.002262852 0.01259442 1231115 0.1595212 0.08114084 0.2082357
0.1486257 -0.002262852 0.01259442 1351211 0.1595212 0.08114084 0.2082357
0.1488902 -0.002574653 0.01131375 1451338 0.1590517 0.08048798 0.2074358
0.1476052 -0.001488919 0.008088544 1571418 0.1573229 0.08078576 0.2070108
0.1476052 -0.001488919 0.008088544 1681509 0.1573229 0.08078576 0.2070108
0.1494433 -0.002079202 0.0102056 1791608 0.158269 0.08036317 0.2068515
0.1491974 -0.001551164 0.00955762 1901708 0.1579612 0.08041643 0.2069976
0.1491974 -0.001551164 0.00955762 2011803 0.1579612 0.08041643 0.2069976
0.1479614 -0.0007051058 0.008612856 2131923 0.1569241 0.08061964 0.2079346
0.1479896 0.001362257 0.00858973 2242027 0.1569172 0.08119587 0.2090219
0.1479896 0.001362257 0.00858973 2352122 0.1569172 0.08119587 0.2090219
0.1485455 0.001969197 0.01010443 2462205 0.1572809 0.08146068 0.2099169
0.1486496 0.004421221 0.01026608 2572313 0.1572013 0.08257014 0.2109857
0.1486496 0.004421221 0.01026608 2682412 0.1572013 0.08257014 0.2109857
0.1495024 0.005050271 0.01240729 2802521 0.1578308 0.08312754 0.2118685
0.1483732 0.007464267 0.01192009 2912620 0.1571913 0.08478843 0.213119
0.1483732 0.007464267 0.01192009 3022715 0.1571913 0.08478843 0.213119
0.1485577 0.009885679 0.01221007 3132811 0.1565275 0.08646835 0.213905
0.1472179 0.01183836 0.01224011 3252927 0.1554689 0.08827073 0.2153435
0.1472179 0.01183836 0.01224011 3353017 0.1554689 0.08827073 0.2153435
0.1466181 0.01461683 0.01195179 3493140 0.1543681 0.09013416 0.2164777
0.145794 0.01826371 0.01135397 3583237 0.1529087 0.09274448 0.2176858
0.145794 0.01826371 0.01135397 3693333 0.1529087 0.09274448 0.2176858
0.1441635 0.02076996 0.01089638 3803420 0.1510053 0.09493602 0.2191689
0.1430644 0.02497743 0.01022235 3923528 0.1485998 0.09802693 0.2206506
0.1430644 0.02497743 0.01022235 4033623 0.1485998 0.09802693 0.2206506
0.1415931 0.02904325 0.009310544 4143723 0.1464396 0.1009014 0.2221598
0.1396517 0.0332127 0.008538991 4273844 0.1436412 0.1040062 0.2240818
0.138735 0.03700515 0.008932441 4363930 0.1417833 0.1069611 0.2259022
0.138735 0.03700515 0.008932441 4474041 0.1417833 0.1069611 0.2259022
0.1371146 0.04221237 0.008248597 4584128 0.1391339 0.1105334 0.2278582
0.1371146 0.04221237 0.008248597 4704237 0.1391339 0.1105334 0.2278582
0.1342749 0.0467431 0.008091643 4814336 0.1372289 0.1139172 0.2307478
0.1312103 0.05214377 0.007176399 4924431 0.1349725 0.1174492 0.2334628
0.1312103 0.05214377 0.007176399 5034535 0.1349725 0.1174492 0.2334628
0.1294922 0.05652201 0.007819682 5154643 0.1334752 0.1204915 0.2361818
0.1247201 0.06318253 0.005593061 5264743 0.128826 0.1248191 0.2391137
0.1247201 0.06318253 0.005593061 5374842 0.128826 0.1248191 0.2391137
0.1233316 0.06825211 0.006180808 5504959 0.1266851 0.1285308 0.2415247
0.1180645 0.07414199 0.004284218 5595049 0.1228464 0.1324016 0.2444805
0.1180645 0.07414199 0.004284218 5705148 0.1228464 0.1324016 0.2444805
0.1144014 0.07935965 0.003813326 5845275 0.1201536 0.1360131 0.247314
0.1101596 0.08698049 0.00216791 5935344 0.1165802 0.1402794 0.2499486
0.1101596 0.08698049 0.00216791 6045447 0.1165802 0.1402794 0.2499486
0.1063769 0.09221363 0.001986116 6155546 0.1134147 0.1439553 0.2528903
0.1042201 0.09804242 0.002238601 6265658 0.109883 0.1478981 0.2554512
0.1005111 0.1033361 0.00191766 6385746 0.1066165 0.1513656 0.2581255
0.1005111 0.1033361 0.00191766 6495849 0.1066165 0.1513656 0.2581255
0.09535387 0.1093821 0.0007528216 6625975 0.1025228 0.1550585 0.2607511
0.0908603 0.114481 9.87649E-05 6716052 0.0985172 0.1586086 0.263125
0.0908603 0.114481 9.87649E-05 6826152 0.0985172 0.1586086 0.263125
0.08721419 0.1197925 -0.0002240837 6946264 0.09475718 0.1622177 0.2653601
0.08370718 0.1227014 8.492172E-05 7056355 0.09145291 0.1651716 0.2675731
0.08370718 0.1227014 8.492172E-05 7166463 0.09145291 0.1651716 0.2675731
0.07880572 0.1280296 -0.000914827 7276570 0.08786725 0.1682262 0.2695087
0.07440315 0.1318991 -0.001178548 7386657 0.08449646 0.1707886 0.2716182
0.07440315 0.1318991 -0.001178548 7496769 0.08449646 0.1707886 0.2716182
0.07041523 0.134522 -0.001089275 7606856 0.08125683 0.1730032 0.2736005
0.06558536 0.1383481 -0.001197264 7726960 0.07770304 0.1754366 0.2758248
0.06558536 0.1383481 -0.001197264 7837064 0.07770304 0.1754366 0.2758248
0.06273066 0.1415011 -0.0008989424 7947159 0.07463901 0.1779476 0.2775517
0.05921416 0.1441913 -0.000752911 8057259 0.07127094 0.1798622 0.2792952
0.05921416 0.1441913 -0.000752911 8187380 0.07127094 0.1798622 0.2792952
0.0538469 0.1470852 -0.001142725 8277457 0.0679983 0.1815223 0.2808682
0.05152769 0.1476053 -0.0004212409 8397562 0.0652181 0.1829122 0.282368
0.05152769 0.1476053 -0.0004212409 8507677 0.0652181 0.1829122 0.282368
0.04628019 0.1499719 -0.0008528233 8617777 0.06202409 0.1841767 0.2835439
0.04231129 0.1514961 -0.0008354187 8737869 0.05901603 0.1853339 0.2846787
0.04231129 0.1514961 -0.0008354187 8837975 0.05901603 0.1853339 0.2846787
0.03773141 0.1527284 -0.0009383112 8948075 0.05574761 0.1862946 0.2856368
0.03400032 0.150763 -0.0005146712 9068179 0.0523346 0.1863894 0.2864695
0.03400032 0.150763 -0.0005146712 9178282 0.0523346 0.1863894 0.2864695
0.02902731 0.1526912 -0.0008578151 9288382 0.04860095 0.1872896 0.2871498
0.02574071 0.1513901 -0.000499174 9398473 0.04508248 0.1876659 0.2877845
0.02574071 0.1513901 -0.000499174 9518585 0.04508248 0.1876659 0.2877845
0.02232483 0.1515726 -0.0006199479 9628681 0.04204237 0.1877818 0.2881302
0.01759586 0.15174 -0.0009034276 9758818 0.03892237 0.1875523 0.288248
0.01759586 0.15174 -0.0009034276 9848879 0.03892237 0.1875523 0.288248
0.01220554 0.1515341 -0.001096323 9958979 0.03538489 0.1873399 0.2882252
0.00832331 0.1505272 -0.001121178 10069082 0.03208923 0.1869787 0.288179
0.00832331 0.1505272 -0.001121178 10189191 0.03208923 0.1869787 0.288179
0.004196315 0.1504544 -0.001506329 10309295 0.02853111 0.1867542 0.2878009
-0.001151898 0.1494543 -0.001473993 10409381 0.02464424 0.1860049 0.2875651
-0.001151898 0.1494543 -0.001473993 10519481 0.02464424 0.1860049 0.2875651
-0.006357792 0.1479319 -0.001303464 10629596 0.02084444 0.1852224 0.2871827
-0.01179091 0.1445099 -0.001051053 10749688 0.01728624 0.183726 0.2862449
-0.01179091 0.1445099 -0.001051053 10859792 0.01728624 0.183726 0.2862449
-0.01626517 0.1433219 -0.001074374 10969903 0.01353335 0.1828764 0.2855642
-0.02083493 0.1420826 -0.0008116663 11079999 0.00979962 0.1821256 0.2850252
-0.02083493 0.1420826 -0.0008116663 11190086 0.00979962 0.1821256 0.2850252
-0.02596393 0.1399591 -4.374981E-05 11330228 0.005502695 0.1815485 0.2845474
-0.02888016 0.1383113 -0.0001318157 11420293 0.002517868 0.1805798 0.2837359
-0.02888016 0.1383113 -0.0001318157 11530405 0.002517868 0.1805798 0.2837359
-0.03360425 0.1364981 0.0006393492 11640508 -0.001146152 0.1796602 0.2832011
-0.03674578 0.13393 0.001190156 11750592 -0.003992845 0.1783118 0.28269
-0.03674578 0.13393 0.001190156 11860687 -0.003992845 0.1783118 0.28269
-0.04127141 0.1325489 0.001861259 11980820 -0.007674608 0.1775486 0.2819491
-0.04410926 0.1313369 0.002080411 12100924 -0.01133281 0.1770847 0.281393
-0.04809535 0.1297613 0.002764687 12201006 -0.01480651 0.1762571 0.280639
-0.04809535 0.1297613 0.002764687 12321110 -0.01480651 0.1762571 0.280639
-0.05078717 0.1274215 0.002978414 12451232 -0.01714901 0.1748464 0.2796237
-0.05476168 0.1258672 0.003908709 12531300 -0.01965299 0.1738491 0.2787634
-0.05476168 0.1258672 0.003908709 12651425 -0.01965299 0.1738491 0.2787634
-0.05841099 0.1238826 0.004520774 12761500 -0.02217166 0.1725293 0.2775815
-0.05841099 0.1238826 0.004520774 12871619 -0.02217166 0.1725293 0.2775815
-0.06167142 0.1219417 0.004955292 12991732 -0.02482911 0.1715652 0.2762918
-0.0649997 0.1202536 0.005158037 13101827 -0.02764078 0.1703156 0.2748652
-0.06814934 0.1186723 0.005708635 13221935 -0.03064942 0.1693083 0.2738746
-0.06814934 0.1186723 0.005708635 13322014 -0.03064942 0.1693083 0.2738746
-0.07076539 0.1165111 0.006042108 13432109 -0.03393037 0.168302 0.2728367
-0.07076539 0.1165111 0.006042108 13542216 -0.03393037 0.168302 0.2728367
-0.07370424 0.1149402 0.006772235 13682331 -0.03711287 0.1675898 0.2720025
-0.07594632 0.1125299 0.007441327 13772420 -0.03986953 0.1666759 0.2711895
-0.07799012 0.1115428 0.007006034 13882515 -0.04212556 0.165693 0.2698086
-0.07799012 0.1115428 0.007006034 13992619 -0.04212556 0.165693 0.2698086
-0.0804009 0.1102093 0.007358283 14102710 -0.04420939 0.1644354 0.2688389
-0.08254963 0.108879 0.007730931 14212809 -0.04593768 0.1633383 0.2678963
-0.08254963 0.108879 0.007730931 14322909 -0.04593768 0.1633383 0.2678963
-0.08439655 0.1071257 0.007804185 14463043 -0.0477048 0.1620349 0.2667917
-0.08638192 0.1049802 0.008239299 14553137 -0.04985704 0.1607072 0.2658604
-0.08638192 0.1049802 0.008239299 14673249 -0.04985704 0.1607072 0.2658604
-0.08924381 0.1028328 0.009084553 14773323 -0.0526761 0.1595904 0.2646613
-0.09015242 0.1008806 0.007887781 14893432 -0.0544004 0.1580457 0.2630536
-0.09015242 0.1008806 0.007887781 15013548 -0.0544004 0.1580457 0.2630536
-0.09191804 0.09829818 0.007640004 15113635 -0.05611858 0.1563241 0.2614276
-0.09391931 0.09600639 0.007509544 15243740 -0.05749647 0.1544149 0.2598115
-0.09391931 0.09600639 0.007509544 15353843 -0.05749647 0.1544149 0.2598115
-0.09592405 0.09325361 0.007254258 15463963 -0.05846278 0.1519996 0.2579563
-0.09876463 0.08976569 0.007920176 15594060 -0.06021404 0.1493435 0.2561723
-0.09876463 0.08976569 0.007920176 15814263 -0.06021404 0.1493435 0.2561723
-0.1026172 0.0838409 0.006670639 16044462 -0.0642508 0.1441449 0.2524236
-0.1045121 0.0809188 0.005994722 16264685 -0.06630259 0.1416075 0.2505292
-0.1059304 0.07770847 0.005024835 16494893 -0.06744326 0.1386696 0.248606
-0.109182 0.07004716 0.003619015 16715076 -0.06998254 0.1319606 0.2447416
-0.1104743 0.06646461 0.002786756 16945296 -0.07116679 0.1288588 0.2429887
-0.1133862 0.0597867 0.0009791702 17155473 -0.07424279 0.122849 0.239453
-0.1150456 0.05628801 0.0009199232 17385685 -0.07538381 0.1200275 0.2379042
-0.1160124 0.05271934 1.996756E-06 17636231 -0.07561481 0.1168311 0.2362429
-0.1184086 0.04594075 -0.001345128 17836083 -0.07648818 0.1109571 0.2329546
-0.1193389 0.04296556 -0.002440676 18076296 -0.07683431 0.108185 0.231379
-0.1204202 0.03896268 -0.002816826 18276493 -0.07727134 0.1050657 0.2298566
-0.1219109 0.03170791 -0.005054176 18506684 -0.07766926 0.09908133 0.2265879
-0.1222442 0.02748456 -0.005297348 18726891 -0.0776993 0.09614526 0.2255049
-0.123953 0.02422674 -0.004934579 18957111 -0.07799304 0.09334172 0.2241421
-0.1253968 0.017885 -0.006389305 19197316 -0.078718 0.08796413 0.2217858
-0.1262821 0.01449475 -0.006727219 19397496 -0.07924938 0.08522413 0.2206631
-0.1272658 0.01094111 -0.006232485 19637713 -0.08010742 0.08256175 0.2198549
-0.1283127 0.004027265 -0.005513802 19847903 -0.08114603 0.07731874 0.2187183
-0.1290463 0.0008385206 -0.005054161 20068114 -0.08178729 0.07465466 0.2182057
-0.129894 -0.001779355 -0.004458949 20308330 -0.0825095 0.07219402 0.2178762
-0.1296939 -0.008556701 -0.004531249 20518500 -0.0831698 0.06686487 0.2173902
-0.1303768 -0.0107594 -0.003417656 20758729 -0.0836738 0.06465254 0.2174431
-0.130327 -0.01383578 -0.00269717 20968910 -0.0837279 0.06211978 0.2174965
-0.1293628 -0.01884503 -0.001105502 21199126 -0.08357481 0.05755154 0.2187288
-0.1279425 -0.02163734 -0.0004033148 21419313 -0.08324543 0.05545202 0.2197649
-0.1264562 -0.02404762 0.0001502484 21649529 -0.08262534 0.05347035 0.2208872
-0.1224677 -0.02882763 0.001435623 21879745 -0.08083095 0.04976285 0.2237909
-0.1195811 -0.03114242 0.001649871 22079929 -0.07959701 0.04814755 0.2256511
-0.1164353 -0.03379449 0.001969025 22330147 -0.07816111 0.04641607 0.2275344
-0.1106678 -0.03960685 0.003284946 22530324 -0.0752425 0.04223885 0.2311095
-0.1074827 -0.04275089 0.003546432 22750530 -0.07342067 0.03973678 0.2329669
-0.1040761 -0.04624522 0.003614739 22970721 -0.0717627 0.03725346 0.2346361
-0.09878615 -0.05096683 0.005365372 23200937 -0.06798293 0.03264584 0.2386032
-0.09565914 -0.05361355 0.006078348 23441158 -0.06581119 0.03022255 0.2406614
-0.08935468 -0.05878397 0.007512853 23641326 -0.06136877 0.02573352 0.2444759
-0.08602265 -0.0615201 0.008191094 23871542 -0.05924724 0.02345876 0.2463507
-0.08355876 -0.06377117 0.009430408 24091733 -0.05769665 0.02127474 0.2482024
-0.08031657 -0.06689067 0.01020806 24311943 -0.05583234 0.01879568 0.2498238
-0.0737299 -0.0733317 0.01113752 24542139 -0.05192948 0.0134531 0.2527643
-0.06950636 -0.07700789 0.01120338 24772343 -0.04974739 0.01055931 0.2543097
-0.0653339 -0.08092036 0.01420456 25012580 -0.04570637 0.00575634 0.2578092
-0.0625921 -0.0835172 0.01518446 25212744 -0.04352512 0.003132593 0.2592802
-0.06004966 -0.08618016 0.01575406 25442968 -0.04150664 0.0004542976 0.2604454
-0.05401552 -0.09274911 0.01633121 25653142 -0.03767222 -0.005300341 0.262135
-0.05216138 -0.0954894 0.01775163 25883357 -0.03598889 -0.008237666 0.2631837
-0.04900757 -0.09887613 0.01713738 26113557 -0.03351367 -0.01109476 0.2634337
-0.04422553 -0.1049826 0.01756163 26323751 -0.02889046 -0.01694884 0.2642778
-0.04102326 -0.108242 0.01765141 26573973 -0.02627354 -0.0197266 0.2645647
-0.03733195 -0.1116053 0.01762339 26774153 -0.02337527 -0.02256523 0.2648595
-0.03033876 -0.1178019 0.01665299 27004361 -0.01682753 -0.02779488 0.2648469
-0.0271665 -0.1208258 0.01593503 27224552 -0.01389932 -0.03019805 0.2644935
-0.02155338 -0.1245137 0.01516649 27464768 -0.01036217 -0.03270584 0.2641048
-0.01375728 -0.1296713 0.01479433 27694988 -0.003693001 -0.03691511 0.2637063
-0.0125973 -0.1314119 0.01405755 27905166 -0.0006636042 -0.03852149 0.2632222
-0.008238235 -0.1338161 0.01354876 28125373 0.003116728 -0.04030112 0.2627234
2.517828E-05 -0.1382255 0.01266572 28345575 0.0103409 -0.04355118 0.2614472
0.003998893 -0.1406034 0.01195942 28565782 0.01401221 -0.0451902 0.2604239
0.0076058 -0.1426538 0.01151332 28815996 0.01761808 -0.04676938 0.2596127
0.01537984 -0.146278 0.01085652 29016177 0.02512991 -0.04955101 0.2578524
0.01981401 -0.1482992 0.009418994 29236687 0.02872893 -0.0505982 0.2562715
0.02438701 -0.1495355 0.009978428 29466583 0.03256004 -0.05184253 0.2555155
0.03186769 -0.1515767 0.00888741 29686782 0.03917674 -0.05309393 0.2532413
0.03626034 -0.1519494 0.008690178 29906972 0.04239612 -0.05334184 0.2521548
0.03996444 -0.1520608 0.007780492 30127195 0.04550767 -0.05300594 0.2508427
0.04833272 -0.1503512 0.007456899 30367396 0.05180366 -0.05153131 0.248831
0.05267005 -0.1485741 0.007755667 30587591 0.05477077 -0.05022362 0.2479654
0.05680724 -0.1464158 0.007691681 30797784 0.05770262 -0.04845146 0.2470069
0.0657613 -0.140591 0.007390276 31027992 0.06382215 -0.04371801 0.2448334
0.07034725 -0.1373076 0.007640764 31248183 0.06695808 -0.04125164 0.2437456
0.07317162 -0.1346165 0.006831333 31498425 0.06946472 -0.03851693 0.2425297
0.08178604 -0.1275586 0.00570789 31698597 0.07561856 -0.03287537 0.2398341
0.08560172 -0.1233568 0.005810827 31918804 0.07846127 -0.02937134 0.2385907
0.08971157 -0.1191013 0.006241739 32149004 0.08041479 -0.02576736 0.236988
0.09575333 -0.1104149 0.006150648 32379211 0.08337104 -0.01803658 0.2344627
0.09935078 -0.1062316 0.005566508 32589409 0.08508676 -0.01451053 0.2328162
0.1021867 -0.1015994 0.005241081 32819617 0.08636175 -0.01035178 0.2314522
0.1088193 -0.09184992 0.005374029 33059818 0.08968912 -0.002448439 0.2288127
0.111214 -0.08716758 0.004925266 33270023 0.09094885 0.001657046 0.2276613
0.1171408 -0.07714437 0.005618215 33480221 0.09378117 0.009837104 0.2252489
0.1196011 -0.07280383 0.005760595 33710417 0.09521001 0.01354299 0.2240947
0.1221671 -0.06814064 0.006162241 33930603 0.09683212 0.01734228 0.2231035
0.1249295 -0.06389965 0.006959438 34180849 0.09880836 0.02070876 0.2220594
0.1303301 -0.05443526 0.00797084 34381018 0.1020823 0.02806195 0.2200429
0.132405 -0.05038845 0.007610887 34601225 0.103205 0.03142935 0.2189142
0.1363434 -0.04288889 0.008092538 34831424 0.1048614 0.03788624 0.2167561
0.13851 -0.03878469 0.008490264 35071649 0.1057525 0.04121405 0.2157171
0.1402126 -0.03477306 0.008315682 35281827 0.1063545 0.0445017 0.2148283
0.1431334 -0.02750267 0.00808996 35502030 0.1081699 0.05062918 0.2133648
0.144836 -0.02407136 0.008785486 35742254 0.1092871 0.05320659 0.2128667
0.1456319 -0.02119583 0.008666992 35942435 0.1097716 0.0557042 0.2125072
0.1479029 -0.01490961 0.008184657 36282750 0.1103387 0.06056854 0.2113897
0.1490604 -0.009874705 0.007683992 36522955 0.1109099 0.06458069 0.2110014
0.1496871 -0.007464489 0.006844729 36733141 0.111045 0.06620252 0.2106612
0.1497861 -0.005737199 0.006747693 36953347 0.1108947 0.06754763 0.210782
0.1505248 -0.002645795 0.006144628 37173534 0.1105574 0.0695225 0.210521
0.1500985 -0.002612994 0.006356567 37393753 0.1106091 0.070108 0.2106963
0.1499633 -0.001320593 0.005937859 37653980 0.1103049 0.07088506 0.2109433
0.1493501 -0.0007380136 0.007180125 37844155 0.1104653 0.07131191 0.2121823
0.1492284 0.000122649 0.007228106 38074343 0.1104881 0.0715245 0.2127326
0.1486516 0.0004258142 0.007742256 38294542 0.1101276 0.07145298 0.2136693
0.1472156 0.0009091056 0.008543864 38524770 0.1090434 0.07172206 0.2153416
0.1470062 0.001088576 0.008811384 38754965 0.1087089 0.07158452 0.2157841
