0.1487327 -0.0004076881 0.002045512 0 0.1174929 -0.005988636 0.2309186
0.1486979 0.0005376252 0.0008459985 120104 0.1173639 -0.005392351 0.2303144
0.1486979 0.0005376252 0.0008459985 230207 0.1173639 -0.005392351 0.2303144
0.1488606 0.0007254326 0.0006410927 340315 0.1178495 -0.004907646 0.2301139
0.1493011 0.001213134 0.000456959 460411 0.1182702 -0.004313387 0.2296706
0.1493011 0.001213134 0.000456959 590541 0.1182702 -0.004313387 0.2296706
0.1489363 0.002371619 -0.0009289682 680622 0.1183039 -0.003583946 0.2292495
0.149667 0.002445772 0.0001056343 790705 0.119097 -0.002964535 0.2292297
0.149667 0.002445772 0.0001056343 900825 0.119097 -0.002964535 0.2292297
0.1493019 0.003786018 -0.000362739 1010969 0.1190469 -0.002015629 0.229281
0.148861 0.005258931 -0.0006584078 1121015 0.1190755 -0.001017013 0.2294826
0.148861 0.005258931 -0.0006584078 1241120 0.1190755 -0.001017013 0.2294826
0.1487128 0.006721708 -0.0004677176 1371249 0.1195055 0.000121913 0.2297154
0.147705 0.008661552 -0.001325235 1461314 0.1193805 0.001402697 0.2300675
0.147705 0.008661552 -0.001325235 1571430 0.1193805 0.001402697 0.2300675
0.1468352 0.01066103 -0.001767561 1681525 0.1193198 0.002716026 0.2305111
0.1460521 0.01230071 -0.001860008 1801625 0.1190661 0.004063449 0.2310809
0.1460521 0.01230071 -0.001860008 1911729 0.1190661 0.004063449 0.2310809
0.1454709 0.01469728 -0.001666591 2021836 0.1191485 0.005717835 0.2316247
0.1444789 0.01739861 -0.001991227 2141932 0.1185379 0.007652959 0.2321869
0.1444789 0.01739861 -0.001991227 2242023 0.1185379 0.007652959 0.2321869
0.1435782 0.01989812 -0.00176923 2362127 0.1179866 0.009527645 0.2329854
0.1428118 0.02213359 -0.001869038 2472231 0.1173798 0.01151927 0.2335154
0.1428118 0.02213359 -0.001869038 2582338 0.1173798 0.01151927 0.2335154
0.1419414 0.02488249 -0.001611918 2692437 0.1169138 0.01355585 0.2342979
0.140592 0.02846382 -0.002389312 2802529 0.1161491 0.01586433 0.2348118
0.140592 0.02846382 -0.002389312 2912640 0.1161491 0.01586433 0.2348118
0.1394951 0.03134488 -0.002726078 3032744 0.1153519 0.01813873 0.2354158
0.1383104 0.03460637 -0.002690211 3142832 0.1146438 0.02059611 0.2362809
0.1383104 0.03460637 -0.002690211 3262956 0.1146438 0.02059611 0.2362809
0.1365869 0.03815119 -0.0032451 3363043 0.1133434 0.02314909 0.2371755
0.1350496 0.04153357 -0.003459275 3483143 0.1117934 0.02583774 0.2381304
0.1333478 0.04586368 -0.003590465 3593246 0.1102818 0.02880557 0.2391744
0.1333478 0.04586368 -0.003590465 3703354 0.1102818 0.02880557 0.2391744
0.1307031 0.05096504 -0.004697129 3813437 0.1081535 0.03200372 0.2402381
0.1307031 0.05096504 -0.004697129 3923540 0.1081535 0.03200372 0.2402381
0.1280318 0.05505969 -0.005416214 4043673 0.106079 0.03496655 0.241591
0.1255406 0.05975538 -0.00590983 4153748 0.1041325 0.03814944 0.2428616
0.1232091 0.06445958 -0.005812541 4263855 0.1019239 0.04129477 0.2443262
0.1232091 0.06445958 -0.005812541 4393973 0.1019239 0.04129477 0.2443262
0.1199686 0.06895136 -0.006376684 4484042 0.09952634 0.04434784 0.2459895
0.1170653 0.07373193 -0.006639168 4594158 0.09714051 0.04751809 0.2475233
0.1170653 0.07373193 -0.006639168 4704237 0.09714051 0.04751809 0.2475233
0.1148002 0.07814724 -0.006219685 4824353 0.09491979 0.05070635 0.2490699
0.111288 0.08331348 -0.006790012 4934444 0.09223065 0.05397423 0.250659
0.111288 0.08331348 -0.006790012 5044552 0.09223065 0.05397423 0.250659
0.1082112 0.08772565 -0.00711751 5174669 0.08990082 0.05705198 0.2521564
0.1045439 0.09277215 -0.007530347 5264759 0.08748212 0.0601265 0.2537884
0.1045439 0.09277215 -0.007530347 5374854 0.08748212 0.0601265 0.2537884
0.1013726 0.0967792 -0.007552832 5494958 0.08494037 0.06302007 0.2554486
0.09761392 0.1017225 -0.008026853 5635085 0.08222109 0.0660189 0.2569337
0.09761392 0.1017225 -0.008026853 5715173 0.08222109 0.0660189 0.2569337
0.09409446 0.1058857 -0.008213818 5825256 0.07932773 0.06893452 0.2585214
0.090056 0.1101813 -0.008525476 5935356 0.07647651 0.0716625 0.2601698
0.090056 0.1101813 -0.008525476 6055464 0.07647651 0.0716625 0.2601698
0.08632334 0.1151274 -0.008603469 6165564 0.07421336 0.07442244 0.261585
0.0819938 0.1191735 -0.008728519 6275671 0.07172179 0.0767041 0.2632542
0.0819938 0.1191735 -0.008728519 6385766 0.07172179 0.0767041 0.2632542
0.07832715 0.1228764 -0.008160621 6495862 0.06936485 0.07925506 0.2651053
0.07463825 0.1265025 -0.00737676 6615974 0.06672734 0.08175286 0.2670271
0.07463825 0.1265025 -0.00737676 6726069 0.06672734 0.08175286 0.2670271
0.07137117 0.1289268 -0.006416708 6846190 0.06427976 0.08382567 0.2690063
0.06769946 0.131963 -0.005562052 6956273 0.06140885 0.08609255 0.2709064
0.06769946 0.131963 -0.005562052 7056371 0.06140885 0.08609255 0.2709064
0.06403284 0.1346667 -0.004630223 7176484 0.05879385 0.0882457 0.2728382
0.06057373 0.1367658 -0.003880844 7286579 0.05628455 0.09000213 0.2745551
0.06057373 0.1367658 -0.003880844 7396670 0.05628455 0.09000213 0.2745551
0.05652915 0.1386544 -0.003184766 7506782 0.05380145 0.09160478 0.2763933
0.05197611 0.1414564 -0.002447501 7616881 0.05088732 0.09337981 0.2780769
0.05197611 0.1414564 -0.002447501 7736982 0.05088732 0.09337981 0.2780769
0.0485874 0.1427677 -0.001843125 7847085 0.04802025 0.09479447 0.2795709
0.04418993 0.1446969 -0.001384035 7967185 0.0447124 0.09630783 0.2810074
0.04418993 0.1446969 -0.001384035 8067276 0.0447124 0.09630783 0.2810074
0.04001042 0.1457204 -0.001382068 8187388 0.04162586 0.09743936 0.2821537
0.03542459 0.1474574 -0.00135687 8307513 0.03821082 0.09862466 0.2830608
0.03065088 0.14888 -0.00166291 8397574 0.03502352 0.09945185 0.2836188
0.03065088 0.14888 -0.00166291 8517686 0.03502352 0.09945185 0.2836188
0.02561685 0.1503419 -0.001716316 8627781 0.03163267 0.1002552 0.2841939
0.02561685 0.1503419 -0.001716316 8737893 0.03163267 0.1002552 0.2841939
0.02091866 0.1509576 -0.002141073 8857989 0.02818493 0.1006375 0.284477
0.0156879 0.1523231 -0.002338231 8968093 0.02430264 0.1012554 0.2846207
0.0156879 0.1523231 -0.002338231 9098210 0.02430264 0.1012554 0.2846207
0.01059813 0.1524867 -0.002453625 9188287 0.02014689 0.1013702 0.2848982
0.005629603 0.1524871 -0.002641171 9298387 0.01594947 0.101476 0.2850216
0.005629603 0.1524871 -0.002641171 9408482 0.01594947 0.101476 0.2850216
0.0009368566 0.1530312 -0.002685055 9528590 0.01213429 0.1018152 0.2849563
-0.003809862 0.1527772 -0.002815604 9628685 0.008498711 0.101836 0.2848372
-0.003809862 0.1527772 -0.002815604 9748805 0.008498711 0.101836 0.2848372
-0.008997741 0.1520791 -0.002795458 9858892 0.004689974 0.1016215 0.284684
-0.01365255 0.1516888 -0.00288038 9968992 0.001097841 0.1014883 0.2842822
-0.01365255 0.1516888 -0.00288038 10079095 0.001097841 0.1014883 0.2842822
-0.01798611 0.1515075 -0.002824038 10189186 -0.002497689 0.1013435 0.2838236
-0.02221117 0.1500408 -0.002997071 10339338 -0.00627868 0.1008468 0.2834674
-0.02542053 0.1488708 -0.002946243 10419410 -0.00990592 0.1002283 0.2832557
-0.02542053 0.1488708 -0.002946243 10529502 -0.00990592 0.1002283 0.2832557
-0.02948434 0.1475578 -0.00265868 10639617 -0.01347546 0.09965333 0.2829345
-0.02948434 0.1475578 -0.00265868 10749692 -0.01347546 0.09965333 0.2829345
-0.03420454 0.1458632 -0.002221271 10869809 -0.01663868 0.09885319 0.2823852
-0.03820607 0.1443428 -0.001926497 10979904 -0.01918586 0.09788783 0.2816617
-0.03820607 0.1443428 -0.001926497 11110046 -0.01918586 0.09788783 0.2816617
-0.04199153 0.1422467 -0.001420692 11220121 -0.0220324 0.09678265 0.2812271
-0.04616026 0.1403512 -0.0009055138 11320215 -0.02541856 0.09570583 0.2805578
-0.04966803 0.1379692 -0.0008454174 11460338 -0.02855034 0.09442957 0.2798522
-0.04966803 0.1379692 -0.0008454174 11690549 -0.02855034 0.09442957 0.2798522
-0.05719013 0.1343931 0.000279054 11920765 -0.03466515 0.092259 0.2782833
-0.06102608 0.1316765 0.0006999522 12130947 -0.03778432 0.09081872 0.2774236
-0.06388268 0.1305669 0.0001257062 12351158 -0.04014741 0.08951981 0.2758526
-0.07126657 0.1257974 0.0009060353 12581361 -0.04565789 0.0867544 0.2735683
-0.07457242 0.1242402 0.001163825 12811561 -0.04837252 0.08556874 0.2722682
-0.08129233 0.120626 0.001273274 13031768 -0.05352372 0.08322056 0.2692842
-0.08472131 0.1184685 0.001376361 13251967 -0.0558677 0.08188518 0.2676876
-0.08762565 0.1164055 0.001323655 13442138 -0.05832746 0.08052906 0.2663006
-0.09108655 0.1147061 0.001730368 13552238 -0.06082806 0.07943972 0.2646909
-0.09411133 0.1122688 0.001678258 13662337 -0.06302615 0.0780011 0.2631454
-0.09652413 0.1108482 0.001252115 13792446 -0.064838 0.07682904 0.2615487
-0.09652413 0.1108482 0.001252115 13892533 -0.064838 0.07682904 0.2615487
-0.09937017 0.1083074 0.001146287 13992627 -0.06671617 0.07537515 0.2599886
-0.1027755 0.1054633 0.001899272 14112731 -0.06843899 0.07377036 0.2583775
-0.1027755 0.1054633 0.001899272 14232856 -0.06843899 0.07377036 0.2583775
-0.1054538 0.1021679 0.001634762 14342943 -0.07009815 0.071961 0.2568196
-0.1085207 0.09981753 0.001967773 14443041 -0.07192685 0.07022293 0.2550246
-0.1085207 0.09981753 0.001967773 14573159 -0.07192685 0.07022293 0.2550246
-0.1109943 0.09724399 0.001894474 14673249 -0.07403236 0.06834729 0.2535614
-0.1138303 0.0941951 0.002534553 14783345 -0.07641518 0.06636341 0.2522369
-0.1138303 0.0941951 0.002534553 14893436 -0.07641518 0.06636341 0.2522369
-0.1168653 0.09055789 0.003075883 15013556 -0.07885291 0.06409939 0.2507248
-0.1194215 0.0872957 0.003146455 15113655 -0.08043505 0.06174095 0.2490816
-0.1194215 0.0872957 0.003146455 15233747 -0.08043505 0.06174095 0.2490816
-0.1217909 0.08375355 0.003212333 15353863 -0.08224582 0.0594246 0.2476803
-0.1261644 0.08287092 0.005242348 15453942 -0.08415756 0.05749472 0.2448262
-0.1261644 0.08287092 0.005242348 15564053 -0.08415756 0.05749472 0.2448262
-0.1262579 0.07770801 0.003148392 15674144 -0.08570089 0.05468436 0.2446943
-0.1286068 0.07397836 0.003280193 15784248 -0.08769254 0.0523239 0.2433172
-0.1286068 0.07397836 0.003280193 15904348 -0.08769254 0.0523239 0.2433172
-0.1302499 0.07050532 0.002753451 16144561 -0.08904932 0.04974576 0.2420481
-0.1347986 0.06418424 0.003462657 16234662 -0.09163657 0.04495236 0.2389989
-0.1347986 0.06418424 0.003462657 16384782 -0.09163657 0.04495236 0.2389989
-0.1365186 0.06069601 0.003058732 16604992 -0.0927593 0.04234405 0.2376171
-0.1379816 0.05833725 0.002351731 16835200 -0.09374575 0.04006895 0.2361952
-0.1408736 0.05324336 0.002251506 17055383 -0.09512751 0.0354863 0.2338379
-0.141368 0.04997228 0.000827238 17305609 -0.09512288 0.03290017 0.2328964
-0.1422241 0.04724117 -5.756319E-05 17475774 -0.09518419 0.03054937 0.2318083
-0.142664 0.04152832 -0.002342045 17575865 -0.0945809 0.02602728 0.2304754
-0.142664 0.04152832 -0.002342045 17705994 -0.0945809 0.02602728 0.2304754
-0.1432378 0.03770195 -0.001593336 17816089 -0.0946279 0.02350446 0.2304068
-0.1434839 0.03527139 -0.002750784 17916176 -0.09409182 0.02117809 0.2296027
-0.1434839 0.03527139 -0.002750784 18046277 -0.09409182 0.02117809 0.2296027
-0.1436417 0.03221622 -0.00358507 18146375 -0.09372558 0.01880594 0.2290975
-0.1437687 0.02930094 -0.004945666 18256471 -0.09307419 0.01632746 0.2283141
-0.1437687 0.02930094 -0.004945666 18356569 -0.09307419 0.01632746 0.2283141
-0.144059 0.02586863 -0.00550364 18476673 -0.09269179 0.01376243 0.2278081
-0.144059 0.02586863 -0.00550364 18586777 -0.09269179 0.01376243 0.2278081
-0.1445772 0.02262708 -0.0058088 18696880 -0.09210508 0.01127537 0.2271542
-0.1444223 0.01917277 -0.006958991 18816997 -0.09141859 0.008627257 0.2267168
-0.1442704 0.01580886 -0.007873103 18927072 -0.09083129 0.005778513 0.2263679
-0.1442704 0.01580886 -0.007873103 19037171 -0.09083129 0.005778513 0.2263679
-0.1439935 0.01179038 -0.008420646 19177306 -0.09046473 0.002857766 0.2263566
-0.1436375 0.008413171 -0.009099081 19277400 -0.08991041 8.41236E-05 0.226285
-0.1436375 0.008413171 -0.009099081 19377486 -0.08991041 8.41236E-05 0.226285
-0.1434436 0.004212431 -0.009032786 19507616 -0.08946104 -0.003003993 0.2264415
-0.1429963 0.0006252276 -0.009407744 19737824 -0.08898401 -0.006040015 0.226585
-0.1424697 -0.004091222 -0.009626403 19968019 -0.08868075 -0.009360232 0.2269286
-0.1423635 -0.008098807 -0.009160236 20188218 -0.08856622 -0.01274697 0.2272222
-0.1419804 -0.01602595 -0.008149967 20408413 -0.0889392 -0.01938907 0.2281097
-0.1421079 -0.02052722 -0.007015735 20648642 -0.08946257 -0.02286021 0.2286347
-0.1412406 -0.02914892 -0.006512806 20858815 -0.0896178 -0.02981011 0.2296755
-0.1409799 -0.03351858 -0.00592491 21079038 -0.08971266 -0.03328649 0.2301977
-0.1402641 -0.03750841 -0.005736098 21309230 -0.08978531 -0.03660873 0.2309291
-0.1384937 -0.04576782 -0.005498692 21529424 -0.08942725 -0.04325763 0.2325137
-0.1377167 -0.04936423 -0.005221993 21749623 -0.08897311 -0.04645935 0.2332306
-0.1363477 -0.05373768 -0.005478516 21979831 -0.08816541 -0.04984585 0.2341296
-0.1332242 -0.06250614 -0.00600028 22230069 -0.08636978 -0.05642692 0.2361697
-0.132436 -0.06641777 -0.005360037 22420240 -0.08564818 -0.05976227 0.2370069
-0.1307662 -0.0710563 -0.005742446 22640427 -0.08443144 -0.0631936 0.2379641
-0.1269036 -0.08031012 -0.007347405 22870643 -0.08165766 -0.06996528 0.2397467
-0.1255161 -0.0849244 -0.007008627 23110868 -0.08061074 -0.07358209 0.2408229
-0.1235444 -0.09014206 -0.008206785 23331054 -0.07912712 -0.07699838 0.2414271
-0.1198479 -0.09902018 -0.008449852 23541256 -0.07692324 -0.08404639 0.2437404
-0.1174648 -0.1035541 -0.008571684 23761451 -0.07557892 -0.0874652 0.2452284
-0.1154472 -0.1070098 -0.008502841 23991650 -0.07413248 -0.09064952 0.2465568
-0.1113821 -0.1137901 -0.007680461 24231879 -0.07090726 -0.09672442 0.24951
-0.1094169 -0.1171959 -0.007318139 24432044 -0.06957795 -0.09965983 0.2509332
-0.1070138 -0.1201259 -0.007314548 24662276 -0.0677015 -0.1022457 0.2523716
-0.1015132 -0.1265695 -0.00709033 24882462 -0.06383459 -0.1072197 0.2557199
-0.09873185 -0.1293791 -0.006950974 25112662 -0.06185393 -0.1095657 0.2574011
-0.0951331 -0.1321221 -0.006983846 25352891 -0.0595459 -0.1116444 0.2594343
-0.08964717 -0.1346477 -0.005168453 25553072 -0.0555412 -0.1155249 0.2637672
-0.08660454 -0.1357137 -0.004454747 25793272 -0.05324264 -0.1172082 0.2659258
-0.08288187 -0.1368717 -0.003961161 26003470 -0.05073936 -0.1186847 0.2682913
-0.0767095 -0.136851 -0.001375049 26233670 -0.04577879 -0.1210574 0.2733639
-0.07266037 -0.1373847 -0.0008590221 26443871 -0.04301263 -0.1222403 0.2758193
-0.06908213 -0.1370839 0.000228256 26674071 -0.04005535 -0.1230933 0.2783512
-0.06038452 -0.138024 0.001755446 26914280 -0.03316088 -0.1246449 0.2833252
-0.05638493 -0.1377021 0.002121419 27114468 -0.02980043 -0.12507 0.2852578
-0.05146669 -0.1384653 0.002221122 27364690 -0.02588446 -0.1255936 0.2871608
-0.0434491 -0.1389963 0.002923235 27564895 -0.01815046 -0.1266557 0.2902551
-0.03751059 -0.1407576 0.002388909 27795083 -0.0137177 -0.1273431 0.2915128
-0.03308927 -0.1418219 0.002204135 28035303 -0.00948368 -0.1279036 0.2923424
-0.0231693 -0.1457201 0.0009850264 28235480 -0.001145885 -0.1294908 0.2931044
-0.01752631 -0.1485526 0.0002508163 28465684 0.002950831 -0.1305045 0.2932252
-0.01326028 -0.1500569 -0.0001814663 28685891 0.006703599 -0.131293 0.2932587
-0.004717544 -0.1515193 -0.0002846122 28916094 0.01372115 -0.1321684 0.2937937
-0.000974192 -0.1515431 7.465482E-06 29136297 0.01674236 -0.1322465 0.2942148
0.002747326 -0.1509363 0.0001029372 29356492 0.01956455 -0.1320864 0.2944481
0.009865968 -0.149546 6.380677E-05 29576682 0.02495788 -0.1310708 0.2943686
0.01350018 -0.1491495 -5.562603E-05 29806902 0.02771346 -0.1304044 0.2940435
0.0178011 -0.1490183 -0.0001462549 30047115 0.03077726 -0.1297969 0.2935821
0.0260783 -0.1488928 -0.0005336404 30247287 0.03654633 -0.1284147 0.292103
0.02991741 -0.1486122 -0.0008111149 30477503 0.03944091 -0.1276768 0.291172
0.0373751 -0.148276 -0.001210004 30707703 0.04514528 -0.1265114 0.2892073
0.0405117 -0.1476463 -0.001242861 30917901 0.04753963 -0.1259126 0.2884413
0.04371431 -0.146831 -0.001008943 31168118 0.04974759 -0.1253935 0.2878664
0.05053892 -0.1447608 -0.001093701 31368303 0.05408911 -0.1239113 0.285926
0.05399878 -0.1438014 -0.001176208 31588498 0.0561927 -0.12295 0.2847488
0.0577677 -0.1421026 -0.001297146 31808701 0.05849461 -0.1217276 0.2834146
0.06209724 -0.1408399 -0.001104832 32038904 0.06068331 -0.1207439 0.2819979
0.07013309 -0.1362436 -0.0006236136 32259107 0.06463221 -0.1179246 0.2792576
0.07337239 -0.1341028 -0.001001462 32489319 0.06658006 -0.1161847 0.2775451
0.0793085 -0.1296098 -0.0007005632 32739553 0.07015225 -0.1128736 0.2750541
0.08270168 -0.1269953 -0.0002384782 32929733 0.07223014 -0.1108935 0.2737391
0.08530856 -0.1243731 -1.473725E-05 33159932 0.0740054 -0.1087778 0.2725889
0.09015024 -0.1181932 0.0004497766 33380131 0.07676259 -0.1043793 0.2704301
0.09245367 -0.1148652 0.0008310527 33600326 0.07828489 -0.1019694 0.2694798
0.0952243 -0.1113474 0.001706377 33860560 0.07975823 -0.09963564 0.2685619
0.1002596 -0.1035612 0.003186777 34050736 0.08247072 -0.09426443 0.2666655
0.1023435 -0.09949053 0.003421053 34280936 0.08372572 -0.09145084 0.2655888
0.1044718 -0.09615387 0.003828898 34501142 0.08502981 -0.08876411 0.2645238
0.109376 -0.08875977 0.004911393 34751368 0.08804673 -0.08306352 0.2620503
0.1112833 -0.08550871 0.004790366 34941536 0.08922439 -0.08024863 0.260678
0.113667 -0.0823316 0.005476832 35191758 0.09056011 -0.07752386 0.2594475
0.1183088 -0.07604159 0.005697504 35391934 0.09301621 -0.07211927 0.2562242
0.1203574 -0.0730745 0.005428642 35632163 0.09397534 -0.069482 0.2545264
0.1227441 -0.06999706 0.005849093 35852354 0.0949586 -0.06688038 0.2529429
0.1270101 -0.0644779 0.005453527 36062543 0.09715387 -0.06187502 0.2494211
0.129212 -0.0619339 0.00572665 36302768 0.09832298 -0.0594987 0.2478428
0.1309554 -0.05900957 0.005109936 36512954 0.09881534 -0.05694822 0.2460706
0.1342716 -0.05419814 0.004215971 36743166 0.09977149 -0.05228154 0.2428252
0.1359292 -0.05175884 0.004120126 36953339 0.100376 -0.04981033 0.2413941
0.1382293 -0.04894634 0.004532948 37183563 0.1013894 -0.0476133 0.2397043
0.1409921 -0.04409397 0.00305678 37423784 0.1020975 -0.04317585 0.2366014
0.1428035 -0.04237382 0.003835082 37623948 0.1025113 -0.04103462 0.2353713
0.1445766 -0.03948412 0.003833517 37864173 0.1031354 -0.03876022 0.233843
0.146855 -0.03538352 0.002507657 38204489 0.1032113 -0.03468434 0.2311498
0.1486499 -0.0309486 0.001309544 38414658 0.1035738 -0.03069798 0.2290307
0.1494962 -0.02810207 0.00102596 38634865 0.1037054 -0.02864591 0.2281477
0.1501484 -0.02535597 0.0002572984 38865081 0.1037949 -0.02667848 0.227229
0.1512355 -0.02104109 -0.0003389418 39095280 0.1037645 -0.02306787 0.2259607
0.1514105 -0.01881571 -0.0009426624 39335501 0.1038386 -0.02153913 0.2255482
0.1514974 -0.01401112 -0.002674699 39535670 0.1034399 -0.01830522 0.2246345
0.1516749 -0.01210051 -0.002716839 39875981 0.1036642 -0.01679841 0.2244795
0.1512632 -0.007769701 -0.004445285 40086174 0.1029631 -0.01412884 0.2239366
0.1514517 -0.006233682 -0.004367277 40316382 0.1029343 -0.01292483 0.2237841
0.1510377 -0.002559866 -0.005616069 40556781 0.1023426 -0.01048032 0.2234635
0.1510504 -0.0001133023 -0.005372718 40756804 0.1024327 -0.009227195 0.2235039
0.1502478 0.001169963 -0.006073058 40997000 0.1019195 -0.008444705 0.2237971
0.1491061 0.003443602 -0.006207585 41207186 0.1013998 -0.006755747 0.2246224
0.1483891 0.004810215 -0.006560147 41437390 0.1010192 -0.006110945 0.2249815
0.1473579 0.005705629 -0.00684227 41677643 0.1005712 -0.005605855 0.2256502
0.1469738 0.00669472 -0.005658746 41877803 0.1007917 -0.005145707 0.2265158
0.1462869 0.007049495 -0.005593091 42128021 0.1007285 -0.005021848 0.2271128
0.1454466 0.006512134 -0.005316153 42318189 0.1004192 -0.005176343 0.2279528
0.1449905 0.007001196 -0.003337383 42578586 0.1005403 -0.005361833 0.2292326
0.1446172 0.006938731 -0.002030134 42878703 0.1005163 -0.005630173 0.2301432
