0.1444798 -0.004277141 0.003050327 0 0.09619397 0.001546253 0.2321205
0.1444798 -0.004277141 0.003050327 100079 0.09619397 0.001546253 0.2321205
0.1447889 -0.003613638 0.003401235 220195 0.09642418 0.00187089 0.2320348
0.1451464 -0.003208699 0.003308654 330286 0.09662795 0.002084453 0.2317072
0.1451464 -0.003208699 0.003308654 440406 0.09662795 0.002084453 0.2317072
0.1455203 -0.002768095 0.003222078 550489 0.0967809 0.002312858 0.2313554
0.1464219 -0.002049268 0.003757805 660588 0.09702351 0.002548922 0.230774
0.1464219 -0.002049268 0.003757805 780717 0.09702351 0.002548922 0.230774
0.1466376 -0.0005080832 0.003408164 890804 0.09679267 0.00316136 0.2304032
0.1467219 0.0005684805 0.003154039 1020918 0.09657688 0.00358509 0.2301887
0.1467219 0.0005684805 0.003154039 1111003 0.09657688 0.00358509 0.2301887
0.1470049 0.002002633 0.003398106 1221094 0.09632637 0.003974665 0.2299722
0.1468693 0.004343995 0.003331974 1341195 0.09565386 0.004901518 0.2299336
0.1468693 0.004343995 0.003331974 1451306 0.09565386 0.004901518 0.2299336
0.146633 0.006762142 0.003349632 1561405 0.09514199 0.005784889 0.2300451
0.1457295 0.00887314 0.002831593 1671493 0.09425185 0.006851752 0.2304955
0.1457295 0.00887314 0.002831593 1791621 0.09425185 0.006851752 0.2304955
0.1447973 0.01226194 0.003197461 1891699 0.09337477 0.008189966 0.2312813
0.1432634 0.01492009 0.002893329 2011804 0.09204492 0.009475906 0.2322698
0.1420333 0.0187549 0.00386627 2121903 0.09088784 0.01124286 0.233454
0.1420333 0.0187549 0.00386627 2231994 0.09088784 0.01124286 0.233454
0.1403873 0.02226773 0.004559323 2342098 0.08914474 0.01287099 0.2347551
0.1403873 0.02226773 0.004559323 2452193 0.08914474 0.01287099 0.2347551
0.1384558 0.02523925 0.005520746 2572318 0.08747205 0.01461037 0.2364803
0.1363506 0.0284664 0.006386444 2682409 0.08574736 0.01633885 0.2382801
0.1363506 0.0284664 0.006386444 2792533 0.08574736 0.01633885 0.2382801
0.1343656 0.03213602 0.00699763 2932647 0.08400352 0.01814719 0.2397841
0.1320601 0.03638829 0.008128762 3022716 0.08224313 0.02034735 0.2417406
0.1301682 0.04015615 0.009556621 3132828 0.08047721 0.02248826 0.2434129
0.1301682 0.04015615 0.009556621 3232898 0.08047721 0.02248826 0.2434129
0.1276841 0.04387007 0.01012774 3353010 0.07846287 0.02466889 0.2452449
0.1276841 0.04387007 0.01012774 3463122 0.07846287 0.02466889 0.2452449
0.1253334 0.0476807 0.01094721 3573221 0.0766274 0.02720823 0.2471047
0.1231944 0.05146032 0.01204571 3683312 0.07521267 0.02964025 0.2489529
0.1231944 0.05146032 0.01204571 3803416 0.07521267 0.02964025 0.2489529
0.1207775 0.05557042 0.01237966 3913528 0.07330725 0.03209352 0.2505154
0.1186533 0.05961115 0.01312101 4023623 0.0718151 0.03490164 0.2521291
0.1163307 0.06342374 0.01324859 4133719 0.07010491 0.03734591 0.2535651
0.1163307 0.06342374 0.01324859 4243818 0.07010491 0.03734591 0.2535651
0.1141502 0.06745193 0.01397689 4363934 0.06841987 0.04034724 0.2551457
0.1117842 0.07093601 0.01404445 4474046 0.06664234 0.04301583 0.2566553
0.1117842 0.07093601 0.01404445 4584125 0.06664234 0.04301583 0.2566553
0.1093255 0.07438023 0.01409106 4714242 0.06485015 0.04576408 0.2582467
0.1072536 0.07829729 0.01468441 4804332 0.06320408 0.04880374 0.259633
0.1072536 0.07829729 0.01468441 4924436 0.06320408 0.04880374 0.259633
0.1047941 0.08149499 0.01450516 5024531 0.06126866 0.05122143 0.2610078
0.1021796 0.084871 0.0143152 5154648 0.05925444 0.05387763 0.2624791
0.1021796 0.084871 0.0143152 5254730 0.05925444 0.05387763 0.2624791
0.09995853 0.08819955 0.01471624 5364842 0.05723821 0.05646377 0.2637724
0.0977098 0.09101284 0.01436092 5494951 0.05500087 0.05866843 0.2647319
0.0977098 0.09101284 0.01436092 5595041 0.05500087 0.05866843 0.2647319
0.09529005 0.09433246 0.01400752 5705133 0.05277452 0.06112767 0.2657307
0.09257184 0.09771717 0.01334417 5845275 0.05027619 0.06359381 0.266723
0.09257184 0.09771717 0.01334417 5925331 0.05027619 0.06359381 0.266723
0.08997346 0.1011223 0.01320362 6045452 0.04791693 0.06605219 0.2678161
0.08667605 0.1046254 0.0121426 6155539 0.04499707 0.06842304 0.2688387
0.08667605 0.1046254 0.0121426 6265647 0.04499707 0.06842304 0.2688387
0.08416254 0.1073472 0.01214294 6375750 0.04236907 0.07035401 0.2698022
0.08148803 0.1105002 0.01218601 6485853 0.03962195 0.07282937 0.2708709
0.08148803 0.1105002 0.01218601 6595949 0.03962195 0.07282937 0.2708709
0.07802138 0.1138929 0.01101913 6716041 0.03637478 0.07504113 0.2716821
0.0748712 0.1167499 0.01004708 6826156 0.03326626 0.07694778 0.2723809
0.0748712 0.1167499 0.01004708 6936252 0.03326626 0.07694778 0.2723809
0.07190561 0.119812 0.009322062 7066381 0.03052509 0.07906385 0.273096
0.06843289 0.1226931 0.008530766 7156450 0.02718189 0.08101423 0.2739229
0.06843289 0.1226931 0.008530766 7266538 0.02718189 0.08101423 0.2739229
0.06444324 0.1256227 0.007471785 7376645 0.0234679 0.08255349 0.2746299
0.06089286 0.1278791 0.00675115 7496749 0.01992139 0.08402087 0.2753697
0.06089286 0.1278791 0.00675115 7606849 0.01992139 0.08402087 0.2753697
0.0572993 0.1309171 0.006793126 7716960 0.01633435 0.08584781 0.2762242
0.053865 0.1323879 0.006057933 7857087 0.0128755 0.08705153 0.2769679
0.05014864 0.1344914 0.00559251 7937159 0.009162128 0.08820656 0.2775803
0.05014864 0.1344914 0.00559251 8057263 0.009162128 0.08820656 0.2775803
0.0463352 0.136298 0.005193606 8167363 0.005584344 0.08924797 0.2783206
0.0463352 0.136298 0.005193606 8277454 0.005584344 0.08924797 0.2783206
0.04264127 0.137935 0.00456126 8387557 0.002000824 0.09032972 0.2788629
0.03867382 0.139792 0.003785625 8497653 -0.001671791 0.09121247 0.2791937
0.03867382 0.139792 0.003785625 8617773 -0.001671791 0.09121247 0.2791937
0.03511395 0.1411167 0.003641322 8727877 -0.005372792 0.09217808 0.2797698
0.03141521 0.1422264 0.003542125 8837976 -0.008929431 0.09286065 0.2803853
0.03141521 0.1422264 0.003542125 8948075 -0.008929431 0.09286065 0.2803853
0.02776457 0.1431029 0.003110409 9058179 -0.01230073 0.09314898 0.2807062
0.02362444 0.143418 0.00249055 9168262 -0.0159474 0.09327252 0.2811477
0.02362444 0.143418 0.00249055 9278357 -0.0159474 0.09327252 0.2811477
0.01984143 0.1444242 0.002594009 9398478 -0.01945138 0.0936897 0.2815874
0.01588182 0.1448845 0.002486989 9508565 -0.02323467 0.09376724 0.281895
0.01588182 0.1448845 0.002486989 9618676 -0.02323467 0.09376724 0.281895
0.01228202 0.1450528 0.002354801 9728772 -0.02669621 0.09369861 0.2821077
0.008662985 0.145283 0.00275594 9848872 -0.03024668 0.09371129 0.2825301
0.004798109 0.1459324 0.003008351 9948958 -0.03352803 0.09372319 0.2827659
0.004798109 0.1459324 0.003008351 10069067 -0.03352803 0.09372319 0.2827659
0.001499015 0.1456042 0.003229111 10209201 -0.03691208 0.09346123 0.2829886
-0.002480259 0.1452006 0.003041163 10289278 -0.04028773 0.09306832 0.2830809
-0.002480259 0.1452006 0.003041163 10399377 -0.04028773 0.09306832 0.2830809
-0.005725477 0.1448901 0.003423572 10519493 -0.0434466 0.09270157 0.2832442
-0.005725477 0.1448901 0.003423572 10629589 -0.0434466 0.09270157 0.2832442
-0.00912805 0.1446555 0.003728002 10739680 -0.0466052 0.09244022 0.2833441
-0.01209925 0.1444587 0.004133284 10849779 -0.04958266 0.09205066 0.2833124
-0.01209925 0.1444587 0.004133284 10969904 -0.04958266 0.09205066 0.2833124
-0.01550254 0.1436881 0.004188642 11079987 -0.052562 0.09137574 0.283233
-0.01882057 0.1434055 0.004507959 11190078 -0.05547547 0.09098919 0.2831431
-0.02244819 0.1431287 0.004793659 11300198 -0.05858415 0.09051555 0.2829025
-0.02244819 0.1431287 0.004793659 11430299 -0.05858415 0.09051555 0.2829025
-0.02615305 0.1425665 0.004629046 11530390 -0.06161076 0.08981434 0.2823554
-0.02898262 0.142428 0.004832834 11630484 -0.0645667 0.08952507 0.2818709
-0.02898262 0.142428 0.004832834 11750584 -0.0645667 0.08952507 0.2818709
-0.03272295 0.1419758 0.005119503 11870713 -0.06783152 0.08915259 0.2814648
-0.03613515 0.1419521 0.005261391 11970795 -0.07069823 0.08889006 0.2808159
-0.03613515 0.1419521 0.005261391 12090899 -0.07069823 0.08889006 0.2808159
-0.03956691 0.141289 0.005168244 12221029 -0.07369819 0.08832017 0.2800668
-0.04277641 0.1407564 0.004994735 12301085 -0.07653537 0.08788206 0.2792307
-0.04277641 0.1407564 0.004994735 12421210 -0.07653537 0.08788206 0.2792307
-0.0464436 0.1400993 0.005175456 12531297 -0.07944846 0.08728783 0.2784845
-0.04930809 0.1396078 0.005111605 12641392 -0.08201632 0.08670804 0.2775713
-0.04930809 0.1396078 0.005111605 12751496 -0.08201632 0.08670804 0.2775713
-0.05243001 0.138668 0.005099446 12861587 -0.08465892 0.08592941 0.2767084
-0.05577798 0.1375733 0.005013794 12991712 -0.08713907 0.08502579 0.2757574
-0.05577798 0.1375733 0.005013794 13101828 -0.08713907 0.08502579 0.2757574
-0.05849873 0.1368551 0.004935861 13201902 -0.08957922 0.08417132 0.2746839
-0.06102556 0.1360291 0.005042896 13322006 -0.09176016 0.08319785 0.2737656
-0.06102556 0.1360291 0.005042896 13442131 -0.09176016 0.08319785 0.2737656
-0.06402873 0.1350833 0.00515762 13532200 -0.09418708 0.08256641 0.2728682
-0.06402873 0.1350833 0.00515762 13642308 -0.09418708 0.08256641 0.2728682
-0.06677269 0.1336702 0.004976481 13782434 -0.09651747 0.08133721 0.2717516
-0.06926437 0.1327124 0.005075365 13872511 -0.0987114 0.08049132 0.2708084
-0.07250501 0.1306785 0.005254626 13982602 -0.1012278 0.07922281 0.2699118
-0.07250501 0.1306785 0.005254626 14092702 -0.1012278 0.07922281 0.2699118
-0.07491808 0.1292614 0.005144849 14202805 -0.1033727 0.07813084 0.2688734
-0.07708971 0.1279562 0.005458474 14322918 -0.1056037 0.07708314 0.2680805
-0.07708971 0.1279562 0.005458474 14433009 -0.1056037 0.07708314 0.2680805
-0.07949495 0.1257704 0.00536114 14543125 -0.1077945 0.0757213 0.2671903
-0.0824972 0.1237659 0.00591667 14683235 -0.1100804 0.07425331 0.266331
-0.08505602 0.1219223 0.005923435 14803363 -0.1119251 0.07277344 0.2652376
-0.08505602 0.1219223 0.005923435 14893441 -0.1119251 0.07277344 0.2652376
-0.08740802 0.1200136 0.005929545 15053581 -0.1138364 0.07130881 0.2641945
-0.09007228 0.1177086 0.00575085 15253754 -0.1159041 0.06954096 0.2628843
-0.09240245 0.1164982 0.00586389 15473965 -0.1178555 0.0681712 0.2615731
-0.09500553 0.1141797 0.005701169 15694151 -0.1199884 0.06627336 0.2601498
-0.1003125 0.1100152 0.00553599 15924359 -0.1236704 0.06278021 0.2572723
-0.10285 0.1083083 0.005854383 16144566 -0.1257059 0.06128785 0.2559827
-0.1052265 0.1057881 0.005598485 16374761 -0.1273873 0.05915592 0.2545165
-0.1096365 0.1011641 0.006024078 16614982 -0.1308411 0.05511133 0.2521518
-0.1116957 0.09842969 0.006179288 16825176 -0.1324594 0.0528472 0.2510614
-0.1136815 0.09600178 0.006510764 17035365 -0.1341736 0.05096733 0.2501021
-0.117409 0.09136553 0.00669609 17265577 -0.1372692 0.04680412 0.2477723
-0.1198817 0.08831083 0.006898791 17495769 -0.1386806 0.04455441 0.2465368
-0.1216675 0.08599943 0.006996989 17715972 -0.1400475 0.04270923 0.2454792
-0.1256473 0.08077791 0.006789789 17936174 -0.1427205 0.03859603 0.24287
-0.128099 0.07711297 0.00660184 18176395 -0.144031 0.03641333 0.2415093
-0.1300726 0.07494976 0.006584033 18396586 -0.1453532 0.03459077 0.2401217
-0.1341876 0.06971328 0.00594604 18616789 -0.1474851 0.03055891 0.2370509
-0.1364181 0.06700699 0.005896911 18826982 -0.1487328 0.02853643 0.2355241
-0.1384097 0.06419325 0.005938441 19057190 -0.1501047 0.02647965 0.23419
-0.1417067 0.05827631 0.005267143 19287390 -0.1521341 0.02216112 0.2316017
-0.143397 0.05595255 0.005287439 19507588 -0.1530707 0.02030837 0.2303949
-0.1449039 0.05360517 0.00488244 19717786 -0.1538665 0.01832916 0.2290273
-0.1481878 0.04884035 0.005042329 19947990 -0.1557993 0.0147049 0.226726
-0.149434 0.04605492 0.004685029 20178194 -0.1564646 0.01266529 0.2256681
-0.1509416 0.04307083 0.004761085 20418418 -0.1572566 0.01097681 0.2247947
-0.1531861 0.03766489 0.004100531 20628604 -0.1586092 0.007070084 0.2228215
-0.1546007 0.03467767 0.004177481 20838794 -0.1594675 0.00518455 0.221905
-0.1574217 0.02783229 0.004148901 21068997 -0.1602864 0.001136053 0.2201931
-0.1584904 0.0246405 0.003857017 21299201 -0.1605967 -0.0007177708 0.2193915
-0.1595571 0.02151737 0.003817439 21539434 -0.160972 -0.002441627 0.2187321
-0.1610199 0.01378494 0.00404495 21729598 -0.1622025 -0.006645215 0.2181088
-0.1615834 0.009751316 0.004265711 21959809 -0.1627774 -0.008933378 0.2179642
-0.161532 0.00664203 0.003967658 22190013 -0.1628379 -0.01101537 0.2179464
-0.1624421 -0.0007624758 0.005105868 22410232 -0.1637037 -0.01529114 0.2181926
-0.1618926 -0.005169503 0.004287764 22660434 -0.1635881 -0.01763163 0.2183276
-0.1619931 -0.007818546 0.004660711 22860630 -0.1638455 -0.01947649 0.2185214
-0.1610991 -0.01679531 0.004224494 23100989 -0.1640285 -0.02361791 0.2192288
-0.1611598 -0.01971913 0.004263446 23301024 -0.1639168 -0.02543606 0.2192775
-0.1606592 -0.02486691 0.003897145 23521223 -0.1633551 -0.02766813 0.2196137
-0.1606689 -0.03130839 0.004500255 23751418 -0.162318 -0.03154202 0.2202156
-0.1603995 -0.03495006 0.004891172 23971625 -0.1621041 -0.03322403 0.2206993
-0.1600057 -0.03872489 0.005105272 24201841 -0.1618142 -0.0351056 0.2211487
-0.1577147 -0.0458745 0.004098147 24432040 -0.1609158 -0.03882398 0.2222834
-0.1565605 -0.04844778 0.004470885 24642226 -0.1609012 -0.04036711 0.2233583
-0.1544431 -0.05248592 0.004054561 24872884 -0.1603863 -0.04231258 0.224632
-0.150757 -0.05876366 0.003771886 25112659 -0.1591685 -0.04553701 0.2271268
-0.1483621 -0.06277766 0.003661752 25312827 -0.1582721 -0.04728355 0.228704
-0.1461682 -0.06585993 0.003605127 25553052 -0.1574164 -0.04861536 0.2301703
-0.1413158 -0.07203385 0.003395602 25763238 -0.1554009 -0.05140381 0.2332805
-0.138628 -0.07552208 0.00309056 25983428 -0.1540118 -0.05245177 0.2347317
-0.1365255 -0.07863545 0.00312078 26233670 -0.152771 -0.05351166 0.2360025
-0.1296967 -0.0871381 0.001207337 26433855 -0.1491496 -0.05552455 0.238256
-0.1277566 -0.09075197 0.001053289 26664043 -0.1475531 -0.05642717 0.2389813
-0.1253973 -0.09404474 0.0005369633 26884249 -0.1456562 -0.05774479 0.2398916
-0.1198332 -0.1006621 -0.001204804 27104456 -0.1420134 -0.06004967 0.2413383
-0.1180374 -0.1039467 -0.001096845 27344661 -0.1405165 -0.06081589 0.2419366
-0.1121643 -0.1102629 -0.002382115 27544866 -0.1367329 -0.06288509 0.2434707
-0.1081325 -0.1137084 -0.003259867 27785074 -0.1349295 -0.0641257 0.2443645
-0.1057148 -0.1167917 -0.003340706 28005257 -0.1332708 -0.06534959 0.2451064
-0.1031068 -0.1194816 -0.003381595 28225468 -0.1313642 -0.06619807 0.2459608
-0.09627672 -0.1256198 -0.004178852 28465681 -0.1269343 -0.06847443 0.2476574
-0.09333923 -0.1286042 -0.004156545 28675862 -0.1248777 -0.06952901 0.2484286
-0.08936233 -0.1320143 -0.00387153 28896073 -0.1224339 -0.07040812 0.249405
-0.0832538 -0.1361842 -0.003605887 29116264 -0.1181162 -0.0724995 0.2515355
-0.07939947 -0.1379548 -0.002891287 29336466 -0.1157798 -0.07367603 0.2532663
-0.07662644 -0.1396917 -0.00271745 29586700 -0.113605 -0.07477976 0.2543091
-0.06970501 -0.1420455 -0.0013787 29786861 -0.1091313 -0.07687534 0.2575181
-0.06722954 -0.1429544 -0.0004159212 30037103 -0.1069705 -0.07762961 0.2590105
-0.06059667 -0.1449309 0.0006197095 30237287 -0.1014819 -0.07908763 0.2617534
-0.05648452 -0.1457822 0.001401246 30467495 -0.09844416 -0.07997896 0.2634326
-0.05336452 -0.1458997 0.001397729 30687674 -0.09556842 -0.08038853 0.2646666
-0.0461896 -0.147212 0.002357826 30907880 -0.08896679 -0.08139919 0.2671854
-0.04287871 -0.1479002 0.002611592 31148105 -0.08541706 -0.08176987 0.2681987
-0.03926614 -0.1483115 0.00244692 31348274 -0.0817098 -0.08188985 0.2689686
-0.03140887 -0.1490407 0.002001792 31588495 -0.07407856 -0.08215143 0.2702345
-0.02751169 -0.1492427 0.001851127 31798688 -0.07022548 -0.08221872 0.2708232
-0.02456936 -0.1495019 0.002202019 32028892 -0.06642449 -0.08189328 0.2714525
-0.01668028 -0.1500792 0.002408177 32249095 -0.05867234 -0.08161877 0.2720309
-0.01221985 -0.1498968 0.002166122 32479307 -0.05458835 -0.08134405 0.2721418
-0.008704971 -0.1497611 0.001772955 32719527 -0.05040783 -0.08072253 0.2721458
-0.0008329598 -0.1499755 0.001382291 32929887 -0.0413737 -0.07984729 0.2719455
0.00286206 -0.1500598 0.001295716 33169930 -0.03677922 -0.07914631 0.2717004
0.007518403 -0.1496457 0.001104996 33360105 -0.03224418 -0.07847778 0.2712603
0.01501888 -0.1503171 -0.0001603216 33590301 -0.02316004 -0.0769829 0.2694243
0.01971941 -0.1503887 -0.0003710091 33840539 -0.01843256 -0.07613169 0.2682617
0.02358613 -0.1507048 -0.001035675 34030699 -0.01400262 -0.07514893 0.2668808
0.0319792 -0.1511856 -0.001960024 34300942 -0.004806697 -0.07373901 0.2642217
0.03649859 -0.1507621 -0.00204432 34491122 -0.0002556443 -0.07288359 0.2629922
0.04008988 -0.1508591 -0.002307668 34711321 0.003830388 -0.07216014 0.261717
0.0481826 -0.1505486 -0.002829343 34931507 0.01195613 -0.07091223 0.2588752
0.05190135 -0.1499724 -0.003753662 35161735 0.01553714 -0.06999545 0.2573304
0.05604842 -0.1492576 -0.004228875 35411941 0.01909009 -0.06916158 0.2556885
0.06337453 -0.1471829 -0.004218727 35602113 0.02557612 -0.06724001 0.2530294
0.06645942 -0.1467029 -0.004871726 35832332 0.02850389 -0.06630071 0.2514434
0.06988481 -0.1452408 -0.004918769 36042518 0.03135061 -0.06531285 0.2502509
0.07616858 -0.1422504 -0.004606187 36272734 0.03643273 -0.06346186 0.2480965
0.07864812 -0.1412073 -0.004883274 36522944 0.03863662 -0.06259014 0.2470161
0.08567795 -0.1374488 -0.005379453 36723128 0.04361306 -0.06056632 0.2442346
0.08821391 -0.1363185 -0.00587745 36943335 0.04574168 -0.05943914 0.2428507
0.09140558 -0.1349272 -0.006874532 37173531 0.0478718 -0.05826424 0.2409927
0.09458739 -0.133018 -0.007101223 37393725 0.04999119 -0.05708645 0.2395056
0.1010233 -0.1294673 -0.008316547 37613924 0.05347134 -0.05479772 0.2359075
0.1038336 -0.1275301 -0.009646371 37844140 0.05464965 -0.05348717 0.2341023
0.1097966 -0.1227436 -0.01109654 38084373 0.05711031 -0.05139945 0.2310444
0.1130239 -0.1196773 -0.01175041 38284554 0.05795816 -0.05053081 0.2295251
0.1157681 -0.1168097 -0.01228538 38504736 0.05853922 -0.04977091 0.2282282
0.118999 -0.1131625 -0.01282763 38724931 0.05957219 -0.04840718 0.2266405
0.1238245 -0.10826 -0.01369955 38955134 0.06128784 -0.04620709 0.2239007
0.1265787 -0.1041227 -0.01377669 39195375 0.06200615 -0.04477094 0.2226892
0.1314761 -0.09788442 -0.01450561 39405553 0.06329268 -0.04246809 0.2199739
0.1334817 -0.09577371 -0.01435803 39635769 0.06406593 -0.04157199 0.2188503
0.1362434 -0.09147067 -0.01501296 39855947 0.06464574 -0.04010935 0.2173048
0.1410331 -0.08498599 -0.01432957 40076154 0.06636186 -0.03855132 0.2150512
0.1439084 -0.08028695 -0.01403062 40316379 0.06733058 -0.03747214 0.2137185
0.1456368 -0.07735422 -0.01376612 40526565 0.06801584 -0.03695552 0.212979
0.1495774 -0.06945825 -0.01161642 40756760 0.06974973 -0.03551693 0.2116425
0.1512443 -0.06561674 -0.01102586 40966958 0.07040431 -0.03432636 0.210882
0.1525447 -0.06292877 -0.0102866 41217188 0.07106093 -0.03332178 0.2102832
0.155514 -0.05537271 -0.00862588 41417373 0.07271698 -0.03152703 0.2091823
0.1566244 -0.05179362 -0.008096024 41647564 0.07329896 -0.0306574 0.208756
0.1571231 -0.04879442 -0.007400036 41887805 0.07359102 -0.02987163 0.2087493
0.1575622 -0.04168167 -0.004983023 42097987 0.07386507 -0.02837761 0.2093559
0.1575948 -0.03835551 -0.003963828 42338191 0.07390644 -0.02785496 0.2097139
0.1575598 -0.03514445 -0.003130659 42558398 0.07411554 -0.02757539 0.2101424
0.1572633 -0.02913301 -0.0009558201 42758579 0.07412362 -0.02639543 0.2109641
0.1565981 -0.02596899 -0.0006838888 42978765 0.07374835 -0.02613904 0.2115826
0.1561353 -0.02314453 -0.0003422052 43218990 0.07354614 -0.02616651 0.2120107
0.1549376 -0.01766644 0.0007371306 43459219 0.07322338 -0.02556632 0.2131403
0.154279 -0.0151638 0.001685619 43649391 0.07290813 -0.02521284 0.2137311
0.1533563 -0.01330394 0.00212115 43879603 0.07238553 -0.02500273 0.2144447
0.151486 -0.009406285 0.002656415 44099797 0.07127246 -0.02468513 0.2157182
0.1507203 -0.008053249 0.003223583 44330001 0.07076848 -0.02447836 0.2162929
0.1496955 -0.006897451 0.003368735 44580219 0.07011016 -0.02413671 0.2170434
0.1480177 -0.00455831 0.003944829 44770394 0.06897348 -0.02411596 0.2181492
0.1469352 -0.003474992 0.003854111 45000594 0.06819709 -0.0242726 0.2187741
0.1459912 -0.002736145 0.003926307 45210784 0.06739482 -0.02456151 0.2192864
0.1446278 -0.002565692 0.004618123 45441008 0.0664355 -0.02500729 0.2203844
0.1440249 -0.003106439 0.005274966 45701234 0.06592855 -0.02523021 0.221009
0.1423908 -0.005075991 0.006667882 45891402 0.06476685 -0.02625133 0.2227538
0.1410349 -0.005368796 0.006848484 46131631 0.0638985 -0.0265717 0.2239095
0.1400543 -0.006474795 0.007738858 46331795 0.06323735 -0.02689202 0.2250338
0.1389751 -0.007994927 0.008073375 46562023 0.06213054 -0.02740152 0.2259592
