0.1553882 -0.003753322 -0.001553088 0 0.0731563 -0.003335738 0.2124762
0.1553382 -0.003140366 -0.0007569939 110087 0.07298165 -0.002855982 0.2125898
0.1553382 -0.003140366 -0.0007569939 250221 0.07298165 -0.002855982 0.2125898
0.1552188 -0.002030394 -0.001302406 340303 0.07248558 -0.002091763 0.2124113
0.1548072 0.0001079917 -0.002254054 450394 0.07188308 -0.0008802417 0.2124225
0.1548072 0.0001079917 -0.002254054 560497 0.07188308 -0.0008802417 0.2124225
0.1544051 0.001862647 -0.001650751 680606 0.07159419 0.0004402777 0.2128252
0.1537031 0.004644493 -0.002084032 790705 0.07122741 0.002162749 0.213321
0.1537031 0.004644493 -0.002084032 900804 0.07122741 0.002162749 0.213321
0.1527981 0.00729744 -0.001363695 1030962 0.07082732 0.00402833 0.2142229
0.1518266 0.01123758 -0.001348317 1121003 0.07031161 0.006201979 0.2149819
0.1518266 0.01123758 -0.001348317 1231102 0.07031161 0.006201979 0.2149819
0.1504072 0.01475668 -0.001593813 1341206 0.06937044 0.00854309 0.2159857
0.1490285 0.01784774 -0.0008756816 1461314 0.06883657 0.01104048 0.2173327
0.1490285 0.01784774 -0.0008756816 1571409 0.06883657 0.01104048 0.2173327
0.1474546 0.02127404 -0.0008303821 1681509 0.06772307 0.01363097 0.2184849
0.145687 0.02494955 0.0002897829 1791608 0.0669603 0.01643174 0.2202184
0.145687 0.02494955 0.0002897829 1911733 0.0669603 0.01643174 0.2202184
0.1441085 0.02824663 0.001046017 2021824 0.06623904 0.01911353 0.2217134
0.1422365 0.03255492 0.002021804 2131915 0.06526229 0.02208615 0.2234038
0.1422365 0.03255492 0.002021804 2242023 0.06526229 0.02208615 0.2234038
0.1403074 0.03638747 0.001558572 2352122 0.06404939 0.02480174 0.2247333
0.1385319 0.03994556 0.002741486 2462209 0.06288291 0.02773923 0.2263336
0.1364431 0.04356406 0.002022102 2582334 0.06144601 0.03060387 0.2276803
0.1364431 0.04356406 0.002022102 2692417 0.06144601 0.03060387 0.2276803
0.1345382 0.04773261 0.003254518 2802529 0.06027194 0.03364552 0.2293711
0.1321631 0.05164466 0.003096059 2912628 0.05869934 0.03663455 0.2310541
0.1321631 0.05164466 0.003096059 3022723 0.05869934 0.03663455 0.2310541
0.1294865 0.0566232 0.003435627 3142824 0.05706126 0.04014417 0.2330657
0.1294865 0.0566232 0.003435627 3252935 0.05706126 0.04014417 0.2330657
0.1265382 0.06090803 0.004148737 3363026 0.05531878 0.04353477 0.2354845
0.1237451 0.06563041 0.005323812 3473130 0.05367729 0.04693429 0.237831
0.1206523 0.07097282 0.005766824 3593242 0.05199274 0.05060315 0.2401861
0.1206523 0.07097282 0.005766824 3703337 0.05199274 0.05060315 0.2401861
0.117705 0.07487144 0.006557018 3813441 0.05004087 0.05400276 0.2425519
0.1146618 0.07997256 0.006679729 3923548 0.04782092 0.05759732 0.2444654
0.1146618 0.07997256 0.006679729 4033627 0.04782092 0.05759732 0.2444654
0.1123323 0.0835233 0.008209378 4143731 0.0462817 0.0611765 0.2466695
0.1090616 0.08849233 0.007811636 4253826 0.04374246 0.06475037 0.2484739
0.1090616 0.08849233 0.007811636 4373955 0.04374246 0.06475037 0.2484739
0.106033 0.09324893 0.007917315 4484034 0.04166134 0.06828148 0.2503881
0.1027835 0.09832719 0.007399455 4594158 0.03908297 0.07178737 0.2519529
0.1027835 0.09832719 0.007399455 4704241 0.03908297 0.07178737 0.2519529
0.09903136 0.1036666 0.006362066 4814328 0.03615155 0.07512192 0.253507
0.09539112 0.1087924 0.005454391 4944462 0.03327713 0.07833283 0.2549443
0.09539112 0.1087924 0.005454391 5044544 0.03327713 0.07833283 0.2549443
0.09233423 0.1136215 0.005495504 5154659 0.03054436 0.08169906 0.2562435
0.08875925 0.1182678 0.005207941 5264755 0.02769796 0.08491838 0.2578365
0.08875925 0.1182678 0.005207941 5374850 0.02769796 0.08491838 0.2578365
0.08511005 0.1216664 0.005439878 5504967 0.02452729 0.08774428 0.2597357
0.0809462 0.1259186 0.005196258 5605050 0.02147929 0.09047654 0.2616411
0.0809462 0.1259186 0.005196258 5715149 0.02147929 0.09047654 0.2616411
0.0767024 0.1296038 0.005167723 5825244 0.01834035 0.09288881 0.2636433
0.07328834 0.1327738 0.005824625 5945349 0.0155189 0.09537006 0.2654155
0.07328834 0.1327738 0.005824625 6045447 0.0155189 0.09537006 0.2654155
0.06925996 0.1357552 0.005246103 6155554 0.01238807 0.09736189 0.2669543
0.06555501 0.1380525 0.004251227 6285672 0.009090769 0.09910947 0.2680289
0.06555501 0.1380525 0.004251227 6385758 0.009090769 0.09910947 0.2680289
0.06012783 0.1450058 0.002319887 6495866 0.004578531 0.1023381 0.2683131
0.05633952 0.1468123 0.001601458 6605953 0.001012825 0.1037714 0.2692805
0.05633952 0.1468123 0.001601458 6726065 0.001012825 0.1037714 0.2692805
0.0515283 0.1496123 0.001058623 6836161 -0.002820093 0.1050614 0.2704648
0.04687712 0.1518164 0.0001962334 6946264 -0.006478031 0.1058614 0.27135
0.04687712 0.1518164 0.0001962334 7076377 -0.006478031 0.1058614 0.27135
0.04178269 0.1544106 -0.0009242743 7166455 -0.01043261 0.1064518 0.2719038
0.03772202 0.1560119 -0.001270279 7276558 -0.01397655 0.1069864 0.2725106
0.03772202 0.1560119 -0.001270279 7396662 -0.01397655 0.1069864 0.2725106
0.03367485 0.1560006 -0.00284557 7506762 -0.01766741 0.1066154 0.272588
0.02869934 0.1581189 -0.004372388 7616873 -0.02159236 0.1068916 0.272436
0.02869934 0.1581189 -0.004372388 7726968 -0.02159236 0.1068916 0.272436
0.0211421 0.1603783 -0.008686319 7857090 -0.02658192 0.1062345 0.2710216
0.01508847 0.1615337 -0.0104108 7957168 -0.03121034 0.1060525 0.2706008
0.01508847 0.1615337 -0.0104108 8067272 -0.03121034 0.1060525 0.2706008
0.01010684 0.1618043 -0.01063624 8197405 -0.03523985 0.1058792 0.2709053
0.004683518 0.1621951 -0.01059486 8297479 -0.03931802 0.1054318 0.2712196
5.063506E-05 0.1614219 -0.01020059 8397574 -0.04311206 0.1046912 0.2717013
5.063506E-05 0.1614219 -0.01020059 8517690 -0.04311206 0.1046912 0.2717013
-0.005621275 0.1612785 -0.01027504 8617768 -0.04710853 0.103989 0.2717845
-0.005621275 0.1612785 -0.01027504 8737873 -0.04710853 0.103989 0.2717845
-0.01136916 0.1605509 -0.010768 8847972 -0.05122976 0.1029953 0.2714551
-0.01545539 0.1591941 -0.01095289 8968080 -0.05476424 0.1019521 0.2711614
-0.02081741 0.1587555 -0.01091626 9078180 -0.05876958 0.1013031 0.2708066
-0.02081741 0.1587555 -0.01091626 9178274 -0.05876958 0.1013031 0.2708066
-0.02563564 0.1569211 -0.01112051 9298378 -0.06248941 0.09995306 0.2703373
-0.02563564 0.1569211 -0.01112051 9408482 -0.06248941 0.09995306 0.2703373
-0.03067689 0.1559484 -0.01096249 9528602 -0.06636988 0.09887095 0.2697451
-0.03602567 0.1543679 -0.01106763 9638686 -0.07031666 0.09754677 0.2689203
-0.0412816 0.1530035 -0.01065381 9748789 -0.07424267 0.09646507 0.2682863
-0.0412816 0.1530035 -0.01065381 9868889 -0.07424267 0.09646507 0.2682863
-0.0468408 0.1513873 -0.01052034 9968984 -0.07820534 0.09526221 0.2673009
-0.05200907 0.1496023 -0.01049198 10079091 -0.08198178 0.09379594 0.2660838
-0.05200907 0.1496023 -0.01049198 10189199 -0.08198178 0.09379594 0.2660838
-0.05719441 0.1476165 -0.01024605 10299286 -0.08570246 0.09216698 0.2648662
-0.06314637 0.1451392 -0.009934828 10419410 -0.08984607 0.09063188 0.2634869
-0.06314637 0.1451392 -0.009934828 10519484 -0.08984607 0.09063188 0.2634869
-0.06775181 0.1433602 -0.009493619 10669636 -0.09351291 0.08922613 0.2621685
-0.07362078 0.1405846 -0.009041607 10749696 -0.09747764 0.08774569 0.260657
-0.07362078 0.1405846 -0.009041607 10869805 -0.09747764 0.08774569 0.260657
-0.07906084 0.1384474 -0.008070484 10969903 -0.1014697 0.0864729 0.2592517
-0.08398601 0.1358091 -0.007477611 11100004 -0.1051146 0.08502731 0.257737
-0.08398601 0.1358091 -0.007477611 11200115 -0.1051146 0.08502731 0.257737
-0.08865645 0.1334224 -0.006534696 11310202 -0.1086597 0.08370086 0.2563694
-0.0929034 0.1305581 -0.005579084 11450329 -0.11198 0.0822401 0.2551814
-0.0929034 0.1305581 -0.005579084 11530409 -0.11198 0.0822401 0.2551814
-0.09626162 0.1286267 -0.004646033 11640500 -0.1149043 0.08095197 0.2540628
-0.1006315 0.1258761 -0.003443792 11750604 -0.1176986 0.07913794 0.2527192
-0.1006315 0.1258761 -0.003443792 11880725 -0.1176986 0.07913794 0.2527192
-0.1043031 0.1234365 -0.001974106 11990812 -0.1204751 0.07774447 0.2517764
-0.1074268 0.120518 -0.001554534 12090894 -0.1227787 0.07578728 0.2504045
-0.1074268 0.120518 -0.001554534 12221016 -0.1227787 0.07578728 0.2504045
-0.111416 0.1164065 -0.0007794648 12311113 -0.1255521 0.07344487 0.2489135
-0.1145358 0.1129012 5.570054E-05 12441219 -0.1280112 0.07122958 0.2477327
-0.1145358 0.1129012 5.570054E-05 12551314 -0.1280112 0.07122958 0.2477327
-0.1168704 0.1093143 4.161894E-05 12661442 -0.1298418 0.06868929 0.2464302
-0.1196714 0.1049333 0.000479579 12761544 -0.1319302 0.065783 0.2451896
-0.1196714 0.1049333 0.000479579 12871611 -0.1319302 0.065783 0.2451896
-0.1218328 0.1007384 0.0005766749 13001733 -0.1337361 0.06295703 0.2440717
-0.124446 0.09695215 0.001278237 13111824 -0.1353112 0.06001368 0.2429255
-0.124446 0.09695215 0.001278237 13211918 -0.1353112 0.06001368 0.2429255
-0.1256165 0.09214924 0.0006821752 13322018 -0.1365565 0.05654132 0.2419806
-0.1245984 0.09064947 -0.0001784861 13452135 -0.1364768 0.05416293 0.2418049
-0.1245984 0.09064947 -0.0001784861 13542212 -0.1364768 0.05416293 0.2418049
-0.1262966 0.08543614 -0.00035882 13662333 -0.1379232 0.05061327 0.2408315
-0.1274582 0.08058567 -0.0008719563 13802451 -0.1386841 0.04694315 0.2399263
-0.128024 0.07185674 -0.002258331 13892537 -0.1390062 0.04156129 0.2392918
-0.128024 0.07185674 -0.002258331 13992627 -0.1390062 0.04156129 0.2392918
-0.1299057 0.07090981 -0.001784787 14102722 -0.140192 0.03942863 0.2379999
-0.1299057 0.07090981 -0.001784787 14222826 -0.140192 0.03942863 0.2379999
-0.1455952 0.04311387 0.005236819 14332942 -0.1460914 0.02812738 0.2339378
-0.146136 0.03822282 0.003864482 14453038 -0.1460528 0.02397093 0.2327312
-0.146136 0.03822282 0.003864482 14563154 -0.1460528 0.02397093 0.2327312
-0.1447011 0.03729006 0.000647828 14663224 -0.1445022 0.0213055 0.231664
-0.144231 0.03129361 -0.0009162277 14793354 -0.1438965 0.01665949 0.2311677
-0.144231 0.03129361 -0.0009162277 14893432 -0.1438965 0.01665949 0.2311677
-0.145709 0.0246006 -0.001392931 15023557 -0.1440057 0.01190521 0.2299447
-0.1468095 0.01719351 -0.002558261 15113630 -0.1438268 0.006850371 0.2285569
-0.1468095 0.01719351 -0.002558261 15223734 -0.1438268 0.006850371 0.2285569
-0.1482286 0.009880974 -0.00348255 15363868 -0.1435204 0.00158566 0.2270654
-0.1505229 0.003604055 -0.00383836 15473964 -0.1436644 -0.003263637 0.2252009
-0.151223 -0.003877701 -0.005283684 15564037 -0.1434273 -0.008200075 0.2238429
-0.151223 -0.003877701 -0.005283684 15674128 -0.1434273 -0.008200075 0.2238429
-0.1524513 -0.01091704 -0.006141573 15784232 -0.1432042 -0.01300296 0.2224534
-0.1524513 -0.01091704 -0.006141573 15894327 -0.1432042 -0.01300296 0.2224534
-0.1532906 -0.01729282 -0.007394746 16014447 -0.1430861 -0.01761069 0.2210448
-0.154079 -0.02267761 -0.008490309 16144561 -0.1425079 -0.02161755 0.2198358
-0.1558083 -0.02943032 -0.008518964 16234650 -0.1428175 -0.02624887 0.2185082
-0.1558083 -0.02943032 -0.008518964 16344754 -0.1428175 -0.02624887 0.2185082
-0.1561426 -0.03655741 -0.009706676 16454833 -0.1423258 -0.03058826 0.2175241
-0.1561426 -0.03655741 -0.009706676 16564956 -0.1423258 -0.03058826 0.2175241
-0.1567854 -0.04164488 -0.01025695 16685048 -0.1420826 -0.03432902 0.2167106
-0.1573517 -0.04765787 -0.01077403 16795152 -0.1418813 -0.03839321 0.2159438
-0.1581244 -0.05281807 -0.01057091 16915272 -0.1417806 -0.0420321 0.2154673
-0.1581244 -0.05281807 -0.01057091 17025372 -0.1417806 -0.0420321 0.2154673
-0.1580025 -0.0587155 -0.01105256 17145468 -0.1413654 -0.04573052 0.2152157
-0.1579424 -0.06239705 -0.01126595 17275675 -0.1412535 -0.0483904 0.2150958
-0.1579424 -0.06239705 -0.01126595 17355650 -0.1412535 -0.0483904 0.2150958
-0.1576701 -0.06616431 -0.01143752 17465753 -0.1409306 -0.05107088 0.2151767
-0.1566031 -0.07056217 -0.0119925 17575844 -0.1407517 -0.0534453 0.2155015
-0.1566031 -0.07056217 -0.0119925 17696022 -0.1407517 -0.0534453 0.2155015
-0.1554973 -0.07351013 -0.01198402 17816081 -0.1401335 -0.05559601 0.2163344
-0.1534975 -0.07574104 -0.01204109 17936178 -0.1395697 -0.05743439 0.2177728
-0.1534975 -0.07574104 -0.01204109 18056290 -0.1395697 -0.05743439 0.2177728
-0.1510749 -0.07832204 -0.0122267 18286486 -0.1388168 -0.05921679 0.2193963
-0.1487606 -0.0803678 -0.01181075 18506705 -0.1381366 -0.06075101 0.221314
-0.1431081 -0.08359869 -0.01040897 18756930 -0.1369148 -0.06334215 0.2261657
-0.1397717 -0.08552729 -0.01003242 18957107 -0.1358177 -0.06482641 0.2287344
-0.1357614 -0.08894767 -0.009624466 19177302 -0.1342543 -0.06681758 0.2316769
-0.1269793 -0.09416513 -0.009196237 19407505 -0.1310642 -0.07056395 0.2376645
-0.1225999 -0.09724351 -0.008879751 19657739 -0.1291728 -0.07287278 0.2406334
-0.1140059 -0.1030927 -0.007468119 19847899 -0.1257867 -0.07715122 0.2467056
-0.110172 -0.1055255 -0.006416887 20078127 -0.1242434 -0.0790294 0.2496476
-0.1054616 -0.1080314 -0.005828097 20308318 -0.122197 -0.08097835 0.2526589
-0.09650391 -0.1137056 -0.00373137 20518508 -0.1179063 -0.08508831 0.2588149
-0.09263832 -0.1161875 -0.00274241 20748732 -0.1156859 -0.08707821 0.261508
-0.08801419 -0.1196006 -0.002060115 20988936 -0.1131311 -0.08930042 0.2640621
-0.07915508 -0.12622 -0.001075566 21189121 -0.1081963 -0.0941723 0.2683983
-0.07455913 -0.1302724 -0.0005464107 21449348 -0.1054928 -0.09662409 0.2703033
-0.06993768 -0.1339691 -0.0002222955 21639520 -0.1024493 -0.09895226 0.2720217
-0.06227088 -0.1393376 0.0007264763 21889753 -0.09718807 -0.1031683 0.2751836
-0.05768982 -0.1415801 0.0009853393 22089938 -0.09407113 -0.1049365 0.276677
-0.05346014 -0.1435899 0.001499265 22320142 -0.09143957 -0.1066833 0.278107
-0.044825 -0.1463156 0.002491862 22530327 -0.08497961 -0.1092475 0.2809969
-0.04037398 -0.1474963 0.00322932 22770552 -0.08173293 -0.1103754 0.2824231
-0.03556352 -0.1483268 0.003788963 22990743 -0.07827201 -0.1111918 0.2836131
-0.02570564 -0.1492059 0.005743206 23200933 -0.07070601 -0.1123327 0.2863317
-0.02109092 -0.1500627 0.006381035 23431136 -0.06698991 -0.1127429 0.2869962
-0.01647725 -0.1507167 0.007431984 23671357 -0.06339198 -0.1131126 0.2877824
-0.006311493 -0.1510467 0.008794859 23871526 -0.05498499 -0.1138787 0.2887963
-0.001486165 -0.1511598 0.009559125 24111759 -0.05069311 -0.114401 0.2892531
0.00296501 -0.1511743 0.009746835 24321932 -0.04648701 -0.1148017 0.2892856
0.01332985 -0.1500867 0.01105002 24552148 -0.03760234 -0.1152894 0.2892336
0.01800581 -0.1496703 0.01131535 24772347 -0.03338951 -0.115211 0.2886917
0.02348357 -0.1485103 0.01171075 25002546 -0.02867984 -0.1149609 0.2880123
0.0336416 -0.1457543 0.01286891 25232754 -0.02016108 -0.1138265 0.2862927
0.03871901 -0.1440983 0.01319557 25442948 -0.01563972 -0.1128238 0.2850831
0.04340626 -0.142657 0.01302157 25663151 -0.0112361 -0.1116726 0.2835654
0.05348273 -0.1387143 0.01269855 25893366 -0.002367301 -0.1090049 0.2798634
0.05861609 -0.1368942 0.01266399 26123562 0.002369666 -0.1074013 0.2777737
0.06413991 -0.134783 0.01267125 26343773 0.007017967 -0.1059184 0.2753018
0.07489518 -0.1314922 0.01158555 26563955 0.0162259 -0.1028844 0.2693582
0.08009702 -0.1301413 0.01054187 26794167 0.02052165 -0.1014333 0.2659877
0.08527831 -0.128869 0.009388044 27004361 0.02474064 -0.09975495 0.2624059
0.0957868 -0.1254469 0.008252919 27224730 0.03266475 -0.09597528 0.2551899
0.1006925 -0.1241014 0.007012829 27464780 0.03621838 -0.09413116 0.2513734
0.111115 -0.1193191 0.006470442 27674966 0.04391424 -0.08990613 0.2442097
0.1156502 -0.1167572 0.006238773 27905174 0.04709291 -0.08762417 0.240941
0.1202421 -0.1138017 0.00576593 28135378 0.05030388 -0.08510836 0.2375898
0.1293191 -0.1080354 0.005071014 28345571 0.05645611 -0.07992263 0.2307304
0.1332436 -0.1048654 0.004717782 28565774 0.05912802 -0.07690538 0.2277112
0.1375358 -0.1014217 0.004708454 28826013 0.06168769 -0.07402582 0.2243403
0.1448136 -0.09407607 0.00433363 29026198 0.06611954 -0.06756023 0.2185724
0.147998 -0.09034115 0.004424408 29246384 0.06800903 -0.06430787 0.2160408
0.1506987 -0.08683807 0.004003137 29466579 0.06945872 -0.06093289 0.2137326
0.1560623 -0.0783553 0.004484475 29706800 0.07281841 -0.05410707 0.2097058
0.1581314 -0.07441181 0.004749149 29916989 0.07414285 -0.05062227 0.208114
0.1601254 -0.07060037 0.003647506 30137200 0.0748653 -0.04718997 0.2062951
0.1635103 -0.06163806 0.003467634 30367396 0.07665223 -0.04003083 0.2037044
0.1647238 -0.05697375 0.003544599 30587599 0.07725 -0.03663788 0.2028591
0.1654613 -0.05283316 0.003250182 30817810 0.07743187 -0.03320564 0.2022452
0.1667479 -0.04298534 0.003675938 31028000 0.07821536 -0.02634574 0.2016494
0.16741 -0.03793171 0.004002988 31288235 0.07858179 -0.02303913 0.2013224
0.1675215 -0.03332851 0.004667938 31478390 0.07895055 -0.01979377 0.2015579
0.1675505 -0.02579479 0.002441317 31698601 0.07849246 -0.01411565 0.2014631
0.1674431 -0.0216669 0.002831101 31928809 0.07883649 -0.01146477 0.2018957
0.1671244 -0.01837268 0.002653137 32149016 0.07866891 -0.009483287 0.2022723
0.1658051 -0.01255134 0.004717335 32389220 0.07898226 -0.005483823 0.2041421
0.1650497 -0.009973113 0.004737601 32599410 0.07886581 -0.003895829 0.2050053
0.1639579 -0.007870461 0.004629701 32819617 0.07835899 -0.002679571 0.2060436
0.1610802 -0.003920967 0.004351094 33049812 0.07731311 -0.0007361884 0.2088598
0.1588077 -0.002160461 0.003616542 33270015 0.07612895 0.0001514457 0.2108055
0.1564583 0.0004587881 0.005594984 33520245 0.07543303 0.00108096 0.2134032
0.1500004 0.003107837 0.008317277 33720422 0.07346097 0.002038783 0.2202708
0.1460169 0.003676923 0.01022397 33940616 0.07226235 0.002321612 0.224659
0.1418756 0.004389141 0.01219437 34160827 0.07077353 0.00242935 0.2291856
0.1330952 0.004617075 0.01789914 34401048 0.06736402 0.002069856 0.2393723
