0.1487087 -0.002369649 0.002167106 0 0.1324133 -0.0005646384 0.2314679
0.1491145 -0.002482803 0.002414659 110107 0.1326089 -0.0006355679 0.2312757
0.1497606 -0.002226959 0.00289157 220207 0.1326787 -0.0004312432 0.2310205
0.1497606 -0.002226959 0.00289157 340319 0.1326787 -0.0004312432 0.2310205
0.1501331 -0.001901446 0.003150776 440401 0.1327891 7.849574E-05 0.2308564
0.1504883 -0.001693831 0.003717065 550509 0.1329421 0.0006366337 0.230877
0.1504883 -0.001693831 0.003717065 670617 0.1329421 0.0006366337 0.230877
0.1504688 -0.0008722575 0.00314945 780709 0.1327735 0.00136381 0.2305724
0.1508539 0.0004720417 0.002985567 890800 0.1329844 0.002005395 0.2301625
0.1504743 0.001758534 0.002129659 1000899 0.1328948 0.002200302 0.2299936
0.1504743 0.001758534 0.002129659 1110999 0.1328948 0.002200302 0.2299936
0.1505141 0.003338536 0.001870245 1231123 0.1330879 0.002605137 0.2298037
0.150117 0.005632411 0.001231149 1341214 0.1328906 0.003531512 0.229747
0.150117 0.005632411 0.001231149 1451322 0.1328906 0.003531512 0.229747
0.1499925 0.008707648 0.0009926856 1561425 0.1324296 0.005222019 0.2296946
0.1495041 0.01155522 0.001183569 1681526 0.1317486 0.007129249 0.2301962
0.1495041 0.01155522 0.001183569 1801642 0.1317486 0.007129249 0.2301962
0.1489721 0.01497906 0.0009912252 1901720 0.1310557 0.00955492 0.2304989
0.1479684 0.01918355 0.0002990216 2011820 0.1300832 0.01228577 0.2308652
0.1479684 0.01918355 0.0002990216 2131924 0.1300832 0.01228577 0.2308652
0.146681 0.02360584 -0.0009610504 2232014 0.1287303 0.01549619 0.2311225
0.1453642 0.02823469 -0.001655802 2342122 0.1274843 0.0188213 0.2317056
0.1453642 0.02823469 -0.001655802 2472251 0.1274843 0.0188213 0.2317056
0.1444316 0.03307861 -0.001819268 2572333 0.1263201 0.02242034 0.2322881
0.1428407 0.0386527 -0.002746716 2692430 0.1246393 0.02609104 0.2328681
0.1428407 0.0386527 -0.002746716 2802533 0.1246393 0.02609104 0.2328681
0.1411722 0.04420816 -0.00342387 2912641 0.1228049 0.03011125 0.2336588
0.1390924 0.05036791 -0.004440933 3022740 0.1207952 0.03410846 0.2344652
0.1390924 0.05036791 -0.004440933 3132839 0.1207952 0.03410846 0.2344652
0.1365976 0.05607664 -0.005913049 3242943 0.1186919 0.03824896 0.2353161
0.1338983 0.06321687 -0.007848829 3353022 0.1163168 0.04278332 0.2358607
0.1338983 0.06321687 -0.007848829 3463125 0.1163168 0.04278332 0.2358607
0.1313226 0.06997743 -0.009649858 3583238 0.1138125 0.04724389 0.2363693
0.1280632 0.07831115 -0.01181202 3693341 0.1110854 0.05179852 0.2368565
0.1280632 0.07831115 -0.01181202 3803440 0.1110854 0.05179852 0.2368565
0.1243299 0.08598047 -0.01438272 3913544 0.10777 0.05629116 0.2373811
0.1202012 0.09412117 -0.01687402 4033636 0.1046745 0.06083316 0.2379992
0.1202012 0.09412117 -0.01687402 4133738 0.1046745 0.06083316 0.2379992
0.1166887 0.10257 -0.0187211 4253851 0.1012376 0.06564933 0.2385758
0.1116533 0.1112373 -0.0215725 4363942 0.09729716 0.07028145 0.2391841
0.1116533 0.1112373 -0.0215725 4474046 0.09729716 0.07028145 0.2391841
0.1068416 0.1199776 -0.02383377 4584137 0.09346311 0.07503361 0.2398991
0.1016523 0.1295012 -0.02643481 4704245 0.08926961 0.07973927 0.2403024
0.1016523 0.1295012 -0.02643481 4814345 0.08926961 0.07973927 0.2403024
0.0956473 0.1391977 -0.02904536 4924448 0.08496804 0.0841406 0.2407906
0.08865572 0.1487539 -0.03161124 5044560 0.08056337 0.08839112 0.2414554
0.08865572 0.1487539 -0.03161124 5144647 0.08056337 0.08839112 0.2414554
0.08084831 0.158406 -0.03456303 5264755 0.07544426 0.09230524 0.2418093
0.07674295 0.1673236 -0.03575397 5374854 0.0719103 0.09663755 0.2420498
0.07674295 0.1673236 -0.03575397 5484966 0.0719103 0.09663755 0.2420498
0.06704458 0.1768775 -0.03847603 5595065 0.06653389 0.1002663 0.242502
0.05831079 0.1857155 -0.04050221 5705148 0.06192505 0.1035592 0.2426993
0.05831079 0.1857155 -0.04050221 5825269 0.06192505 0.1035592 0.2426993
0.04869622 0.192367 -0.04216407 5935360 0.05663865 0.1061743 0.2431889
0.04009273 0.1978524 -0.04290827 6035443 0.05165006 0.1087303 0.2439312
0.04009273 0.1978524 -0.04290827 6155555 0.05165006 0.1087303 0.2439312
0.03033439 0.2028794 -0.04374675 6265658 0.04622225 0.1109543 0.2443493
0.02168598 0.2070046 -0.04412583 6375754 0.04127607 0.1130441 0.2446987
0.02168598 0.2070046 -0.04412583 6505879 0.04127607 0.1130441 0.2446987
0.01279095 0.2090223 -0.04427395 6595965 0.03641883 0.1147323 0.245087
-0.0004795067 0.2098949 -0.04361665 6706048 0.03054559 0.1161902 0.2453369
-0.0004795067 0.2098949 -0.04361665 6846182 0.03054559 0.1161902 0.2453369
-0.009485268 0.2094253 -0.04295387 6936264 0.02559638 0.117382 0.2455852
-0.01893559 0.2082592 -0.04193092 7046371 0.02024568 0.1181682 0.2456485
-0.01893559 0.2082592 -0.04193092 7156466 0.02024568 0.1181682 0.2456485
-0.02816352 0.2054393 -0.04040228 7276587 0.01505032 0.1185762 0.2457871
-0.03714344 0.2016869 -0.0382419 7386670 0.009436305 0.118836 0.2461665
-0.03714344 0.2016869 -0.0382419 7496773 0.009436305 0.118836 0.2461665
-0.04450687 0.1972299 -0.03639608 7616870 0.004448276 0.1185848 0.2464186
-0.05149993 0.1922919 -0.03428847 7716960 -0.0001888169 0.1181496 0.2466124
-0.0588434 0.1854472 -0.03162125 7837072 -0.004973889 0.1170774 0.2468625
-0.0588434 0.1854472 -0.03162125 7947176 -0.004973889 0.1170774 0.2468625
-0.06577456 0.1795905 -0.02892615 8057271 -0.009543282 0.1159349 0.2467312
-0.07198355 0.1730272 -0.02595243 8167379 -0.01444537 0.1148795 0.247098
-0.07198355 0.1730272 -0.02595243 8277486 -0.01444537 0.1148795 0.247098
-0.07843032 0.16597 -0.02279851 8387569 -0.01939913 0.1135562 0.2471491
-0.08357956 0.1591394 -0.02039005 8507682 -0.02413638 0.1121994 0.2473102
-0.08357956 0.1591394 -0.02039005 8627786 -0.02413638 0.1121994 0.2473102
-0.08896414 0.1513512 -0.01737016 8727876 -0.02853048 0.1100836 0.2472612
-0.09292871 0.1458784 -0.01551022 8837988 -0.03209349 0.1079066 0.2468558
-0.09292871 0.1458784 -0.01551022 8968093 -0.03209349 0.1079066 0.2468558
-0.09702836 0.1397325 -0.01338015 9068187 -0.0354366 0.1050687 0.246252
-0.1008621 0.1332659 -0.0110358 9178291 -0.03867043 0.1021131 0.2458089
-0.1008621 0.1332659 -0.0110358 9308412 -0.03867043 0.1021131 0.2458089
-0.1045355 0.1267225 -0.008840412 9398486 -0.04197413 0.09909993 0.2453316
-0.1083544 0.1194264 -0.006066039 9508585 -0.04547309 0.09591752 0.2449818
-0.1083544 0.1194264 -0.006066039 9648719 -0.04547309 0.09591752 0.2449818
-0.1120866 0.1128461 -0.003723115 9738789 -0.04910228 0.0925172 0.2443042
-0.1153018 0.1061235 -0.001675054 9848884 -0.05207015 0.08876734 0.2435846
-0.1153018 0.1061235 -0.001675054 9958999 -0.05207015 0.08876734 0.2435846
-0.1182946 0.0990987 0.0004784465 10069103 -0.05502531 0.0847531 0.243009
-0.1210113 0.09230465 0.002672687 10189211 -0.05845211 0.08071846 0.2427794
-0.1210113 0.09230465 0.002672687 10299302 -0.05845211 0.08071846 0.2427794
-0.1236386 0.08552078 0.004742414 10409398 -0.06169846 0.07674711 0.2424328
-0.1264569 0.07889307 0.006913081 10519493 -0.06502334 0.07278877 0.2418421
-0.1264569 0.07889307 0.006913081 10629605 -0.06502334 0.07278877 0.2418421
-0.1292258 0.07160556 0.009457111 10759726 -0.06829313 0.06836969 0.2413099
-0.1317336 0.06485076 0.01146314 10859812 -0.07113523 0.06380731 0.240547
-0.1317336 0.06485076 0.01146314 10959899 -0.07113523 0.06380731 0.240547
-0.1337874 0.05855654 0.01312417 11100033 -0.07382357 0.0590859 0.2399951
-0.1357499 0.05210017 0.01432061 11190098 -0.07630137 0.05436104 0.2392501
-0.1357499 0.05210017 0.01432061 11300198 -0.07630137 0.05436104 0.2392501
-0.1379409 0.04536057 0.01621415 11440324 -0.07896834 0.04933852 0.2384691
-0.1397609 0.03910592 0.01821579 11530405 -0.081397 0.04439503 0.2379639
-0.1397609 0.03910592 0.01821579 11640501 -0.081397 0.04439503 0.2379639
-0.1413362 0.03251539 0.01949681 11770626 -0.08339044 0.03900021 0.2372888
-0.1427463 0.0264545 0.02089593 11860724 -0.0851199 0.03372722 0.2366892
-0.1427463 0.0264545 0.02089593 11970815 -0.0851199 0.03372722 0.2366892
-0.143959 0.02001609 0.02209029 12080914 -0.08674924 0.02834183 0.2361696
-0.1452299 0.01417685 0.02328542 12201023 -0.08849798 0.02323871 0.2355992
-0.1452299 0.01417685 0.02328542 12311122 -0.08849798 0.02323871 0.2355992
-0.146238 0.008139971 0.02457249 12441227 -0.0902082 0.01779884 0.2353183
-0.1471277 0.002288692 0.02598473 12541330 -0.09164228 0.01236826 0.2350693
-0.1471277 0.002288692 0.02598473 12641420 -0.09164228 0.01236826 0.2350693
-0.1476075 -0.004001223 0.02646022 12751511 -0.09262308 0.006863174 0.2348474
-0.1485584 -0.009182246 0.02766022 12871616 -0.09394798 0.001423653 0.2344285
-0.1485584 -0.009182246 0.02766022 12991728 -0.09394798 0.001423653 0.2344285
-0.1490614 -0.01557609 0.02849163 13111849 -0.09485791 -0.004287902 0.2341716
-0.1494786 -0.0216662 0.02919324 13201922 -0.09598273 -0.01002473 0.234093
-0.1494786 -0.0216662 0.02919324 13332039 -0.09598273 -0.01002473 0.234093
-0.1500345 -0.02761026 0.03007631 13432126 -0.09728412 -0.01560444 0.2339182
-0.1505156 -0.03337917 0.03078438 13542225 -0.09835511 -0.0211472 0.2336974
-0.1505156 -0.03337917 0.03078438 13652328 -0.09835511 -0.0211472 0.2336974
-0.1507287 -0.03964898 0.03098227 13762428 -0.09907291 -0.02699989 0.2335073
-0.1506712 -0.04594982 0.03103614 13882532 -0.0994262 -0.03279263 0.2334432
-0.1506712 -0.04594982 0.03103614 13982643 -0.0994262 -0.03279263 0.2334432
-0.1508704 -0.05173516 0.03131932 14102731 -0.09994861 -0.03853697 0.2332357
-0.1506028 -0.05818048 0.03132816 14212826 -0.100138 -0.04459924 0.2333366
-0.1506028 -0.05818048 0.03132816 14322938 -0.100138 -0.04459924 0.2333366
-0.1499946 -0.06479774 0.03060117 14433033 -0.1000006 -0.05040676 0.2335159
-0.1496106 -0.07087132 0.03030154 14553137 -0.09984113 -0.05615729 0.2335676
-0.1496106 -0.07087132 0.03030154 14653236 -0.09984113 -0.05615729 0.2335676
-0.1487713 -0.07739019 0.02964261 14773328 -0.09955625 -0.06195945 0.2339715
-0.148249 -0.08305656 0.02993596 14913462 -0.09908792 -0.06766266 0.2342191
-0.1470328 -0.08984831 0.02890803 15003544 -0.09827526 -0.07336468 0.2347012
-0.1470328 -0.08984831 0.02890803 15103634 -0.09827526 -0.07336468 0.2347012
-0.1457313 -0.0961865 0.02785313 15233743 -0.09720633 -0.07893569 0.2352681
-0.1446519 -0.1024133 0.02695943 15443953 -0.09602412 -0.08465452 0.235599
-0.1432954 -0.1086583 0.0257688 15674161 -0.09467158 -0.09000164 0.2360564
-0.1417072 -0.1150543 0.02432559 15814283 -0.09326194 -0.09496945 0.2365726
-0.1401084 -0.1212558 0.02281213 16034620 -0.09171517 -0.09982271 0.2370573
-0.1382038 -0.1271628 0.02158259 16294725 -0.09000821 -0.104456 0.2378787
-0.1336356 -0.1398858 0.01786803 16484893 -0.08595545 -0.1130829 0.2394315
-0.1308102 -0.1469824 0.01504618 16705075 -0.08331214 -0.1172568 0.2401253
-0.1280434 -0.1540902 0.01228581 16955309 -0.0803932 -0.1212738 0.2405532
-0.1212126 -0.1692854 0.006599441 17155478 -0.07351731 -0.1289769 0.2417054
-0.1175107 -0.1768074 0.003601506 17375684 -0.06994601 -0.1324067 0.2422602
-0.1134739 -0.1844664 0.0002883822 17625910 -0.06633826 -0.1355147 0.2428155
-0.1048575 -0.1997704 -0.00563921 17826087 -0.05880923 -0.1413883 0.2438995
-0.1001564 -0.2077086 -0.008877784 18056303 -0.05458079 -0.1437717 0.2440967
-0.08837768 -0.22516 -0.01590221 18296532 -0.04519401 -0.148559 0.2448558
-0.08249179 -0.23321 -0.01902352 18496712 -0.04050571 -0.1506446 0.2450922
-0.07617133 -0.2408535 -0.02188428 18716895 -0.03596623 -0.1523575 0.2454349
-0.06058614 -0.2575201 -0.02748808 18977121 -0.02627323 -0.155306 0.2460023
-0.05243571 -0.2650587 -0.03008118 19167293 -0.02089732 -0.1565935 0.2460502
-0.04456275 -0.271481 -0.03245164 19387496 -0.01556536 -0.1575986 0.2459537
-0.02590911 -0.281406 -0.03609529 19637730 -0.004964539 -0.1586866 0.246223
-0.01708905 -0.2844228 -0.03688059 19837898 0.0001593893 -0.1590669 0.2463476
-0.007391474 -0.2861634 -0.03771205 20058097 0.005534842 -0.158838 0.2462863
0.01121281 -0.2844323 -0.03767157 20308331 0.01585711 -0.1580914 0.2466303
0.01943485 -0.2814608 -0.03704662 20508512 0.02058852 -0.157032 0.2467308
0.02822245 -0.2765269 -0.03599754 20738719 0.02517446 -0.1557332 0.24706
0.04414769 -0.2635432 -0.03304503 20978936 0.03379932 -0.1519129 0.2475646
0.05140248 -0.2562523 -0.03114887 21179109 0.03817978 -0.1499187 0.2478447
0.05646129 -0.2500605 -0.02998452 21409333 0.04201274 -0.1476831 0.247877
0.06893233 -0.2323803 -0.02538852 21649541 0.04951021 -0.1419758 0.2485692
0.07497962 -0.2231882 -0.02271618 21849738 0.05335915 -0.1390678 0.2489068
0.07964935 -0.2147026 -0.02038065 22079930 0.05683529 -0.1359971 0.2492951
0.08868162 -0.1960067 -0.01484172 22320154 0.06371762 -0.1293287 0.2505707
0.09267133 -0.1870203 -0.0120222 22520327 0.06679714 -0.1255018 0.251059
0.09650514 -0.1780575 -0.009156361 22760556 0.06964383 -0.121669 0.2515477
0.1030651 -0.1613507 -0.003575653 22970738 0.0751128 -0.11383 0.2525207
0.1057163 -0.1534182 -0.001985267 23190932 0.07752866 -0.1096073 0.2526623
0.1080836 -0.146093 0.0003661811 23421148 0.07988948 -0.1056121 0.2531371
0.1126378 -0.1322805 0.002924293 23641331 0.08409974 -0.09713072 0.2528231
0.1150506 -0.1251372 0.004952535 23861537 0.08588812 -0.09270567 0.2527642
0.1169534 -0.1184588 0.006839782 24091761 0.08752313 -0.08834153 0.2528932
0.120521 -0.1064431 0.009018391 24321957 0.09061411 -0.08009702 0.2523471
0.1224504 -0.1002445 0.01030052 24542152 0.09232492 -0.07589073 0.2520353
0.1236747 -0.0949121 0.01059708 24782381 0.09364137 -0.07183117 0.2516611
0.1264017 -0.08426552 0.01206505 24982557 0.0960366 -0.06387121 0.2509627
0.1276385 -0.07925919 0.0120475 25222758 0.09697092 -0.05993158 0.2502595
0.1297226 -0.06986322 0.01196431 25432968 0.09788751 -0.05216021 0.2488624
0.130368 -0.06562077 0.0112703 25663192 0.09813937 -0.04846615 0.2481314
0.131226 -0.0619173 0.01065762 25893367 0.09851377 -0.04512853 0.2472156
0.1335151 -0.05293452 0.01016924 26103553 0.09925755 -0.0385663 0.2454072
0.1339821 -0.04974551 0.009761915 26333760 0.09936897 -0.03552491 0.2448453
0.1348631 -0.04547614 0.009414107 26553967 0.09968414 -0.03239102 0.2440815
0.1361922 -0.03863499 0.008802369 26784187 0.1002056 -0.02686698 0.2428269
0.1371411 -0.0346996 0.008955747 26994360 0.1005646 -0.02383644 0.2421781
0.1376994 -0.03126554 0.008218572 27244590 0.1007504 -0.02114112 0.2414249
0.1380597 -0.02467911 0.006498575 27434770 0.1009169 -0.01645369 0.2404725
0.1384638 -0.02135744 0.006364331 27664982 0.1009681 -0.01399619 0.2401049
0.1387708 -0.01820575 0.00549823 27905182 0.1007713 -0.01161451 0.2394213
0.139066 -0.01219361 0.00381577 28115384 0.1000093 -0.00765628 0.2383054
0.1390957 -0.00973213 0.002780199 28335583 0.09983187 -0.005747143 0.2377651
0.1395912 -0.007058396 0.002343997 28585813 0.09984391 -0.003925148 0.2371309
0.1403282 -0.002904251 0.002055645 28785985 0.09959416 -0.0006014741 0.2363014
0.1402568 -0.001494446 0.001736224 29016209 0.09936987 0.0008011425 0.2361751
0.1401977 0.0004799155 0.001211688 29256406 0.09942148 0.002197799 0.2359925
0.1401764 0.003548458 0.001402527 29456599 0.09937485 0.004408654 0.2361042
0.1400917 0.005090313 0.0009704083 29676789 0.09950126 0.005316075 0.2359938
0.1397402 0.006550614 0.0007375479 29917002 0.09937287 0.006103334 0.2361724
0.1394653 0.007865072 0.0007089674 30127204 0.09927157 0.007330355 0.2363863
0.1395807 0.008619782 0.0009028018 30357399 0.09938567 0.007799681 0.2363956
0.1397938 0.00899029 0.001194537 30597632 0.09950949 0.008104023 0.2363677
0.1401634 0.009228373 0.001890123 30807802 0.09996972 0.008875188 0.2364518
0.140201 0.009353135 0.001848042 31028001 0.1001582 0.009004887 0.2364284
0.1402282 0.009480723 0.002299413 31278660 0.1003144 0.009105619 0.2366481
0.1400152 0.009551626 0.003134996 31468406 0.1007274 0.008868036 0.237312
0.1399418 0.009247346 0.003880933 31688601 0.1010164 0.008767065 0.237789
0.1398132 0.009190896 0.004585579 31938818 0.101107 0.008671698 0.2382619
0.1391117 0.009115415 0.005023047 32138999 0.1008818 0.008485374 0.2390793
0.1388358 0.009032302 0.005643383 32359214 0.1009901 0.008442219 0.2396534
0.1383089 0.008765986 0.005886123 32629450 0.1008458 0.008153733 0.2402331
0.1367508 0.008779041 0.006414205 32809620 0.1003292 0.007575091 0.2418357
0.1363591 0.007775986 0.00863874 33039816 0.1004841 0.007077988 0.2433342
0.1350517 0.007611242 0.009412274 33270028 0.1003552 0.006287393 0.2449152
