0.1363623 -0.0003257272 0.01202318 0 0.08574723 0.0057345 0.2410524
0.1363623 -0.0003257272 0.01202318 110091 0.08574723 0.0057345 0.2410524
0.1365226 -0.0002855659 0.0123563 220191 0.08606738 0.005814609 0.2411128
0.136676 -0.0004274801 0.01257578 330294 0.08640426 0.005785044 0.2411371
0.136676 -0.0004274801 0.01257578 440405 0.08640426 0.005785044 0.2411371
0.1368302 -0.0002401586 0.01300192 550493 0.0866956 0.005926904 0.2412339
0.136847 0.0005300684 0.0130665 670601 0.08679113 0.006305751 0.2412912
0.136847 0.0005300684 0.0130665 780713 0.08679113 0.006305751 0.2412912
0.1368166 0.0007850432 0.01247673 890808 0.08671477 0.006572422 0.2410712
0.1369347 0.001707135 0.01264703 1000895 0.08684373 0.007102784 0.2410722
0.1366924 0.002706018 0.01239751 1121020 0.08688051 0.007727679 0.241258
0.1366924 0.002706018 0.01239751 1221094 0.08688051 0.007727679 0.241258
0.136647 0.00366871 0.01251687 1341202 0.08693585 0.008457479 0.2413803
0.136647 0.00366871 0.01251687 1461327 0.08693585 0.008457479 0.2413803
0.1362344 0.004776022 0.01248956 1561417 0.0866679 0.00942355 0.2417267
0.1358987 0.007062627 0.01278444 1691530 0.08652917 0.01081425 0.2421822
0.1349545 0.009164872 0.01234627 1781604 0.08591585 0.01234728 0.2428198
0.1349545 0.009164872 0.01234627 1901712 0.08591585 0.01234728 0.2428198
0.134426 0.01119278 0.01280443 2011811 0.08538832 0.01423651 0.2433991
0.1330644 0.01428792 0.01247941 2121919 0.08452116 0.01650482 0.2444287
0.1330644 0.01428792 0.01247941 2232006 0.08452116 0.01650482 0.2444287
0.1321305 0.0171905 0.01281193 2362136 0.0839594 0.01872426 0.2453678
0.1308179 0.02078689 0.01281524 2452209 0.08298858 0.02131849 0.2464237
0.1308179 0.02078689 0.01281524 2572325 0.08298858 0.02131849 0.2464237
0.1291468 0.02417943 0.01243547 2682413 0.08168733 0.02409535 0.2475687
0.127476 0.02889818 0.01268072 2802537 0.08055277 0.02735597 0.248998
0.127476 0.02889818 0.01268072 2912624 0.08055277 0.02735597 0.248998
0.1256879 0.03262447 0.01266894 3022724 0.07915802 0.03059119 0.2503601
0.1237498 0.0367799 0.01304099 3132831 0.07772669 0.03395682 0.2520102
0.1237498 0.0367799 0.01304099 3242918 0.07772669 0.03395682 0.2520102
0.1215938 0.04092767 0.01298004 3353022 0.07609665 0.03754788 0.2536114
0.1190782 0.04625941 0.01320794 3463129 0.07421976 0.04146796 0.2555527
0.1190782 0.04625941 0.01320794 3583229 0.07421976 0.04146796 0.2555527
0.1163245 0.05168822 0.01313102 3693329 0.07227288 0.04551798 0.2575176
0.1133953 0.05652333 0.01282054 3803428 0.07005751 0.04937047 0.2594393
0.1133953 0.05652333 0.01282054 3913528 0.07005751 0.04937047 0.2594393
0.1107351 0.06144024 0.01353811 4023659 0.06788948 0.0535937 0.2616142
0.1070859 0.06696427 0.01266746 4143747 0.06531155 0.05764299 0.2636682
0.1070859 0.06696427 0.01266746 4253839 0.06531155 0.05764299 0.2636682
0.1042186 0.07168908 0.01347594 4363938 0.06275065 0.06165892 0.2658881
0.1002011 0.07750227 0.01285385 4474041 0.05993764 0.06571561 0.2681426
0.1002011 0.07750227 0.01285385 4584129 0.05993764 0.06571561 0.2681426
0.09641492 0.08272836 0.01225938 4704237 0.05679471 0.06974012 0.27007
0.09247567 0.0879401 0.01181655 4814345 0.05351285 0.0736683 0.2720667
0.09247567 0.0879401 0.01181655 4924484 0.05351285 0.0736683 0.2720667
0.08815882 0.09299677 0.01079692 5054565 0.0500908 0.07724041 0.2738724
0.08351516 0.09828445 0.009830877 5144647 0.04650196 0.08086269 0.2757516
0.08351516 0.09828445 0.009830877 5254734 0.04650196 0.08086269 0.2757516
0.07939781 0.1033354 0.009566128 5384863 0.04299287 0.08447462 0.2775557
0.07492438 0.1077794 0.008618176 5474937 0.03887323 0.08774692 0.2789846
0.07492438 0.1077794 0.008618176 5595053 0.03887323 0.08774692 0.2789846
0.06987868 0.1128036 0.007362127 5725183 0.03471394 0.09090894 0.2803344
0.06464863 0.1171828 0.006381437 5815248 0.03026192 0.09379738 0.281799
0.06464863 0.1171828 0.006381437 5935356 0.03026192 0.09379738 0.281799
0.05923686 0.1218208 0.005741894 6045456 0.02569474 0.09651834 0.2832863
0.05327452 0.1260234 0.004576281 6145558 0.02111313 0.09915048 0.2846172
0.05327452 0.1260234 0.004576281 6265646 0.02111313 0.09915048 0.2846172
0.04705151 0.1302756 0.003338128 6395784 0.01612709 0.1014223 0.2855846
0.04068557 0.1339857 0.002437264 6485857 0.01073259 0.1034924 0.2865635
0.04068557 0.1339857 0.002437264 6605953 0.01073259 0.1034924 0.2865635
0.03335783 0.1383096 0.001231208 6706039 0.005305007 0.1058032 0.2873543
0.02587743 0.1413931 0.0006755888 6836161 -0.0002765357 0.1074919 0.2883998
0.02587743 0.1413931 0.0006755888 6936259 -0.0002765357 0.1074919 0.2883998
0.01926512 0.1436857 0.0003055483 7046359 -0.005637825 0.1090348 0.2891311
0.01235193 0.1456716 -1.227856E-05 7156446 -0.01111755 0.1102453 0.2896548
0.01235193 0.1456716 -1.227856E-05 7276558 -0.01111755 0.1102453 0.2896548
0.005092592 0.1467703 0.0001471192 7386666 -0.016671 0.1111508 0.2904148
-0.001200287 0.1476877 0.0005107373 7506770 -0.02208656 0.111894 0.2908581
-0.00876278 0.1482864 0.001451463 7606856 -0.02790958 0.112659 0.2916188
-0.00876278 0.1482864 0.001451463 7716952 -0.02790958 0.112659 0.2916188
-0.014931 0.1478448 0.002341837 7837080 -0.03348047 0.113052 0.2921219
-0.0227554 0.147238 0.003535286 7947184 -0.03930902 0.1133589 0.2925563
-0.0227554 0.147238 0.003535286 8077297 -0.03930902 0.1133589 0.2925563
-0.02855367 0.1460009 0.005007878 8167362 -0.04496533 0.113436 0.2930608
-0.03490273 0.1442327 0.006747246 8287475 -0.05056083 0.1132351 0.2935486
-0.03490273 0.1442327 0.006747246 8387585 -0.05056083 0.1132351 0.2935486
-0.04146135 0.1418424 0.008822262 8517687 -0.05612731 0.1129141 0.294104
-0.04722545 0.139034 0.01083155 8617773 -0.06132668 0.1120656 0.2944849
-0.04722545 0.139034 0.01083155 8727888 -0.06132668 0.1120656 0.2944849
-0.05277639 0.1363289 0.01339303 8868003 -0.06647807 0.1111267 0.2950275
-0.05776983 0.1327662 0.01572631 8948079 -0.07141852 0.1097216 0.2954873
-0.05776983 0.1327662 0.01572631 9068191 -0.07141852 0.1097216 0.2954873
-0.0632508 0.1290619 0.01843469 9188288 -0.07645291 0.108179 0.295832
-0.06803401 0.1248135 0.02056272 9288390 -0.08126462 0.1060732 0.2958357
-0.06803401 0.1248135 0.02056272 9398489 -0.08126462 0.1060732 0.2958357
-0.07188552 0.1203551 0.02305225 9538612 -0.08556733 0.1039037 0.2964168
-0.07607736 0.1159667 0.02540943 9628685 -0.0899086 0.1011266 0.2964307
-0.07607736 0.1159667 0.02540943 9728775 -0.0899086 0.1011266 0.2964307
-0.07963779 0.1111901 0.02727181 9858905 -0.0938792 0.09805208 0.2963386
-0.08419526 0.1058018 0.03059998 9958995 -0.09802306 0.09453803 0.2966421
-0.08419526 0.1058018 0.03059998 10079087 -0.09802306 0.09453803 0.2966421
-0.08747666 0.1008598 0.03259003 10199208 -0.1016754 0.09100062 0.2964981
-0.09091464 0.09597509 0.03491376 10299294 -0.105376 0.0873261 0.2963336
-0.09091464 0.09597509 0.03491376 10399385 -0.105376 0.0873261 0.2963336
-0.09437384 0.09075489 0.03726725 10529510 -0.1090918 0.0832265 0.2960546
-0.09708491 0.08552489 0.03912346 10629600 -0.1123119 0.07896489 0.2958393
-0.09708491 0.08552489 0.03912346 10739696 -0.1123119 0.07896489 0.2958393
-0.09961103 0.08051728 0.04057945 10869797 -0.1153481 0.07453877 0.295327
-0.1022514 0.07501147 0.04247525 10969887 -0.1182444 0.0697884 0.295017
-0.1022514 0.07501147 0.04247525 11079987 -0.1182444 0.0697884 0.295017
-0.1050945 0.06967513 0.04474536 11190102 -0.1213164 0.06483632 0.2946416
-0.1075377 0.06402124 0.04636015 11300193 -0.1241384 0.05973345 0.2941166
-0.1075377 0.06402124 0.04636015 11420306 -0.1241384 0.05973345 0.2941166
-0.1101793 0.05763386 0.04865143 11520400 -0.1271319 0.0538364 0.2938272
-0.1121998 0.05162467 0.04994145 11640509 -0.1296733 0.04804617 0.2932744
-0.1121998 0.05162467 0.04994145 11750596 -0.1296733 0.04804617 0.2932744
-0.1141896 0.04658277 0.0520336 11860707 -0.1321266 0.04231792 0.2930553
-0.1162499 0.04027241 0.05383252 11970815 -0.134586 0.03603083 0.2926799
-0.1162499 0.04027241 0.05383252 12080894 -0.134586 0.03603083 0.2926799
-0.1177471 0.03418067 0.05507433 12191005 -0.136616 0.02960974 0.2923591
-0.119303 0.02796046 0.0560144 12311118 -0.1385463 0.02311152 0.291748
-0.119303 0.02796046 0.0560144 12431214 -0.1385463 0.02311152 0.291748
-0.12053 0.02147854 0.05711447 12531304 -0.1403592 0.01635295 0.2915364
-0.1213959 0.01502997 0.05734497 12641416 -0.1415805 0.00929838 0.291025
-0.1213959 0.01502997 0.05734497 12751515 -0.1415805 0.00929838 0.291025
-0.1226767 0.008385339 0.05822358 12861615 -0.1429145 0.002126869 0.2904962
-0.1238096 0.001336168 0.05929676 12981711 -0.1441303 -0.005370084 0.2902101
-0.1238096 0.001336168 0.05929676 13091802 -0.1441303 -0.005370084 0.2902101
-0.1245287 -0.005117931 0.05971107 13211927 -0.1450309 -0.01272458 0.2898444
-0.124618 -0.01204085 0.05904211 13322022 -0.1452903 -0.02018506 0.2894029
-0.124618 -0.01204085 0.05904211 13422112 -0.1452903 -0.02018506 0.2894029
-0.1249793 -0.01901508 0.05888116 13542213 -0.1457491 -0.02771539 0.2889811
-0.1244827 -0.02622374 0.05758047 13652324 -0.1456202 -0.03539473 0.2886569
-0.1244827 -0.02622374 0.05758047 13772429 -0.1456202 -0.03539473 0.2886569
-0.1245859 -0.0330071 0.05757625 13872511 -0.1454751 -0.04275912 0.2885171
-0.1240528 -0.03980807 0.05637707 14012641 -0.1446957 -0.05011911 0.2882046
-0.123295 -0.04665516 0.0551607 14112736 -0.143385 -0.05737287 0.2880526
-0.123295 -0.04665516 0.0551607 14212826 -0.143385 -0.05737287 0.2880526
-0.122289 -0.05375704 0.05364427 14352952 -0.1420491 -0.06462282 0.2879063
-0.1214754 -0.06048167 0.05172925 14443038 -0.1402433 -0.07147188 0.2872606
-0.1214754 -0.06048167 0.05172925 14543120 -0.1402433 -0.07147188 0.2872606
-0.1191428 -0.06765176 0.04910511 14653215 -0.1380698 -0.07799524 0.2875
-0.1191428 -0.06765176 0.04910511 14783337 -0.1380698 -0.07799524 0.2875
-0.1181083 -0.07410291 0.04803781 14883435 -0.1363876 -0.08428878 0.2875367
-0.1164949 -0.08061931 0.04564771 14993522 -0.1340751 -0.09015483 0.2871398
-0.1164949 -0.08061931 0.04564771 15113647 -0.1340751 -0.09015483 0.2871398
-0.1138554 -0.08802832 0.04270451 15233755 -0.1311598 -0.09601135 0.2870885
-0.1115088 -0.09444404 0.0402298 15333830 -0.1285369 -0.1012539 0.2870674
-0.1115088 -0.09444404 0.0402298 15443941 -0.1285369 -0.1012539 0.2870674
-0.1090637 -0.1010419 0.03786628 15554036 -0.1255858 -0.1065313 0.2870952
-0.1065595 -0.1072986 0.03534643 15674137 -0.1225448 -0.1112781 0.2869704
-0.1065595 -0.1072986 0.03534643 15794261 -0.1225448 -0.1112781 0.2869704
-0.1034536 -0.1133138 0.0325377 15904344 -0.1190647 -0.1157267 0.2870231
-0.09958284 -0.1207266 0.02912921 16014448 -0.1151156 -0.120227 0.2868327
-0.09600089 -0.1273458 0.02619021 16134556 -0.1109415 -0.1244194 0.2867202
-0.09600089 -0.1273458 0.02619021 16344742 -0.1109415 -0.1244194 0.2867202
-0.08773019 -0.1407636 0.01979654 16464862 -0.1018379 -0.1320949 0.286249
-0.08773019 -0.1407636 0.01979654 16594972 -0.1018379 -0.1320949 0.286249
-0.08249798 -0.1483285 0.01627594 16845193 -0.09666562 -0.1357628 0.2859204
-0.07279718 -0.1608894 0.01016816 17055403 -0.08675879 -0.1416127 0.2851331
-0.06663178 -0.1669442 0.006824479 17275590 -0.08135334 -0.1441166 0.2847195
-0.06091059 -0.1742836 0.004217356 17495785 -0.07618028 -0.1469984 0.2841648
-0.05419154 -0.1804746 0.001391605 17735993 -0.07062232 -0.1494276 0.2836677
-0.04114744 -0.1898539 -0.00328812 17936186 -0.05955547 -0.1528329 0.2827262
-0.03548674 -0.1944857 -0.004849881 18166402 -0.05458099 -0.154586 0.2822611
-0.02179913 -0.2009132 -0.00827843 18406598 -0.04404807 -0.1562926 0.2808241
-0.01366313 -0.2037011 -0.009260848 18606779 -0.03846323 -0.1570178 0.2801872
-0.007652693 -0.2054304 -0.01025651 18836999 -0.03341448 -0.1573381 0.279467
0.005549811 -0.2058395 -0.01151745 19077216 -0.0234791 -0.1565673 0.2779512
0.01189111 -0.2049565 -0.01176007 19277413 -0.01872891 -0.1556402 0.2771961
0.01920059 -0.203211 -0.01123755 19507596 -0.01376015 -0.1548218 0.2766501
0.03146103 -0.1974785 -0.010663 19747813 -0.004909217 -0.151331 0.2750183
0.04035789 -0.1915715 -0.007403389 19948010 -4.085898E-05 -0.1494774 0.275072
0.04467716 -0.1874796 -0.007632017 20178221 0.003861874 -0.1467764 0.2740911
0.05403215 -0.1782661 -0.005885929 20398404 0.01146996 -0.1411108 0.2727661
0.05818561 -0.1729357 -0.005107522 20628624 0.01500627 -0.1378784 0.2721518
0.06315955 -0.1654128 -0.003299326 20848806 0.01874645 -0.1340427 0.271854
0.07104792 -0.1530429 -0.0002872795 21099040 0.02556338 -0.1265747 0.2711496
0.07509024 -0.1466224 0.001957625 21299229 0.02883685 -0.1228655 0.2709543
0.07835881 -0.1400339 0.003624082 21529437 0.03194939 -0.1188943 0.2708496
0.08437353 -0.1270095 0.00727281 21739610 0.0375613 -0.1107716 0.2707
0.08705448 -0.1210161 0.009066612 21969818 0.04025134 -0.106764 0.270644
0.08972176 -0.1148297 0.01090465 22200038 0.04276627 -0.102533 0.2704859
0.09413444 -0.1026464 0.01437834 22420233 0.04723927 -0.09402902 0.270478
0.09620303 -0.09700324 0.01634581 22630422 0.04941723 -0.08983535 0.2705576
0.09799553 -0.09153946 0.01807773 22860622 0.05129965 -0.08569354 0.2706092
0.1010387 -0.08074296 0.02133054 23080849 0.0547888 -0.07740111 0.2709129
0.102557 -0.07541908 0.02312376 23311041 0.05656279 -0.07314044 0.2710835
0.1035227 -0.07059278 0.02416247 23531231 0.05807263 -0.06909341 0.2713071
0.1055889 -0.0613054 0.02699064 23761443 0.06082626 -0.06139964 0.271804
0.1063828 -0.05702756 0.02780125 23981642 0.06179409 -0.05752939 0.2717931
0.1073796 -0.05270714 0.0293739 24201848 0.06277683 -0.05387801 0.2719255
0.1083981 -0.0451932 0.03069094 24452062 0.06433441 -0.04704899 0.2721616
0.1088905 -0.04191508 0.03113642 24652235 0.06496057 -0.04384441 0.2721019
0.1092963 -0.0384022 0.03178084 24872441 0.06548986 -0.04062814 0.2722031
0.1100498 -0.03248007 0.03275006 25122679 0.06609443 -0.03466529 0.272074
0.1104534 -0.02959274 0.03322305 25322844 0.06640717 -0.03180808 0.2719699
0.1105442 -0.02721162 0.03330916 25543140 0.06663841 -0.02939386 0.2720159
0.1105653 -0.02157304 0.03413042 25763237 0.06710133 -0.02462 0.272617
0.1108778 -0.01988878 0.03462285 25993453 0.06756178 -0.02250737 0.272669
0.1107029 -0.01685691 0.03481683 26213656 0.06771967 -0.02017361 0.2730512
0.1110691 -0.01328224 0.03617507 26433851 0.06835121 -0.01660413 0.2735144
0.1111638 -0.01173623 0.03604594 26664070 0.06865183 -0.01492292 0.27347
0.1113318 -0.01056005 0.03597078 26904275 0.06901222 -0.01369006 0.2733863
0.111707 -0.007758283 0.0367564 27114461 0.06952296 -0.01105088 0.2735066
0.1115023 -0.006598987 0.03644423 27344685 0.06927568 -0.01007575 0.2734994
0.1113474 -0.004423771 0.0357102 27564871 0.0694007 -0.008137647 0.2733876
0.1115708 -0.003740333 0.03607525 27775057 0.06937155 -0.007462803 0.2732701
0.1117161 -0.002933999 0.03618851 28005269 0.06942427 -0.006710712 0.2731627
0.1118106 -0.002042541 0.03561969 28245477 0.0693773 -0.005476896 0.2727679
0.1120431 -0.001481131 0.03618717 28445678 0.06961292 -0.004957382 0.2728437
0.1120743 -0.0009869045 0.03639546 28675878 0.0698095 -0.004615489 0.2729799
0.1121269 -0.0002426574 0.03642105 28916095 0.06987894 -0.003950182 0.2729506
0.1123016 -0.0001180306 0.03633824 29116271 0.07005461 -0.003618661 0.2727802
0.1122607 -6.534263E-05 0.03610617 29356508 0.07002659 -0.003518525 0.2727128
0.1123143 4.541582E-05 0.03580424 29576687 0.07012178 -0.003415529 0.2725491
0.1123934 4.879078E-06 0.03593323 29796885 0.0701403 -0.003448669 0.2725205
0.1123365 -0.0002263407 0.03562669 30017080 0.07014693 -0.003601734 0.2724552
0.1123439 -0.001091017 0.03507204 30237279 0.06990166 -0.00420529 0.2720967
0.112195 -0.001138637 0.03463066 30467491 0.06970371 -0.004397694 0.2719848
0.1121367 -0.001223865 0.03454697 30697698 0.06952998 -0.004584495 0.2719403
