0.1493928 -0.002546587 0.002521772 0 0.04571616 -0.004548945 0.1002632
0.1493652 -0.002575316 0.002395529 120100 0.04579361 -0.004550257 0.1002489
0.1493652 -0.002575316 0.002395529 230204 0.04579361 -0.004550257 0.1002489
0.1492074 -0.002625384 0.002122004 340303 0.04582955 -0.004615703 0.1001797
0.1493145 -0.00291995 0.002149124 450402 0.04584252 -0.004710354 0.1001112
0.1493145 -0.00291995 0.002149124 560498 0.04584252 -0.004710354 0.1001112
0.1493602 -0.003006019 0.002147932 680622 0.04584773 -0.004720368 0.1000687
0.1500378 -0.002103367 0.002679724 790705 0.04614993 -0.00435368 0.1001913
0.1500378 -0.002103367 0.002679724 900817 0.04614993 -0.00435368 0.1001913
0.1499582 -0.002085724 0.002403695 1010916 0.04625636 -0.004329361 0.1001132
0.1500807 -0.001446285 0.002454181 1131021 0.04636078 -0.004129329 0.1001334
0.1500807 -0.001446285 0.002454181 1231119 0.04636078 -0.004129329 0.1001334
0.1501504 -0.001423635 0.002453763 1351219 0.0464231 -0.004063286 0.1001263
0.1501036 -0.001233616 0.002545673 1461323 0.04633754 -0.003775515 0.1001796
0.1501036 -0.001233616 0.002545673 1571434 0.04633754 -0.003775515 0.1001796
0.1502203 -0.0008353376 0.002906401 1681525 0.04627045 -0.003326335 0.100346
0.1499439 0.000869236 0.003093321 1791605 0.04603173 -0.002356686 0.1005516
0.1499439 0.000869236 0.003093321 1911721 0.04603173 -0.002356686 0.1005516
0.1503784 0.001440248 0.003737647 2021816 0.04617044 -0.001922288 0.1008748
0.1499064 0.003285966 0.003807086 2131916 0.04588811 -0.0008530998 0.1011175
0.1499064 0.003285966 0.003807086 2242039 0.04588811 -0.0008530998 0.1011175
0.1493873 0.00413569 0.00394823 2352118 0.04546978 -0.0002650404 0.1013548
0.1494136 0.005863628 0.004757125 2472231 0.04518347 0.000865302 0.1018001
0.1494136 0.005863628 0.004757125 2582338 0.04518347 0.000865302 0.1018001
0.1484366 0.007665238 0.004550416 2692422 0.0445142 0.002264819 0.1019014
0.1481115 0.009768924 0.005232889 2802525 0.04402932 0.003663501 0.1023713
0.1476877 0.01237508 0.006108779 2912653 0.04339262 0.005428156 0.1029618
0.1476877 0.01237508 0.006108779 3022736 0.04339262 0.005428156 0.1029618
0.1465221 0.0136195 0.006232041 3132819 0.04249554 0.006804785 0.1033828
0.1461606 0.01678224 0.007489818 3252948 0.0417559 0.008742056 0.10414
0.1461606 0.01678224 0.007489818 3363027 0.0417559 0.008742056 0.10414
0.1454972 0.0187908 0.00836243 3473126 0.04077845 0.01058801 0.1046585
0.1449949 0.02190467 0.009623246 3603260 0.03988006 0.01270374 0.1053962
0.1449949 0.02190467 0.009623246 3703350 0.03988006 0.01270374 0.1053962
0.1438066 0.02552422 0.01055749 3803432 0.03861242 0.01539167 0.1061492
0.1425704 0.02974673 0.01136746 3943555 0.03724982 0.01837166 0.1066798
0.1425704 0.02974673 0.01136746 4033636 0.03724982 0.01837166 0.1066798
0.1402291 0.03395994 0.01123448 4143731 0.03543454 0.02147396 0.1069865
0.1387787 0.0379283 0.01218386 4273861 0.03371536 0.02467068 0.1075368
0.1387787 0.0379283 0.01218386 4373939 0.03371536 0.02467068 0.1075368
0.1360297 0.04204364 0.01191111 4484042 0.03157853 0.02796133 0.1078168
0.1334395 0.04736992 0.01223053 4594146 0.02931976 0.03155311 0.1082262
0.1334395 0.04736992 0.01223053 4704241 0.02931976 0.03155311 0.1082262
0.1316493 0.05166705 0.01295866 4814340 0.02757474 0.03508957 0.1088749
0.1285077 0.05586489 0.01265617 4924432 0.02494758 0.03838356 0.1089679
0.1285077 0.05586489 0.01265617 5044544 0.02494758 0.03838356 0.1089679
0.1248824 0.06134113 0.01257373 5154648 0.02191125 0.04206641 0.1091744
0.1214007 0.06648834 0.01252241 5264755 0.01891475 0.04584678 0.1093563
0.1214007 0.06648834 0.01252241 5374842 0.01891475 0.04584678 0.1093563
0.1167107 0.07172021 0.01168109 5484946 0.01538401 0.04967375 0.109421
0.1137568 0.07686945 0.01243664 5605054 0.01243141 0.05345936 0.1098604
0.1137568 0.07686945 0.01243664 5715149 0.01243141 0.05345936 0.1098604
0.1092889 0.08252652 0.01215578 5825249 0.008898371 0.05717285 0.1100597
0.1043233 0.08801134 0.01171334 5945357 0.004738087 0.0609556 0.1099835
0.1043233 0.08801134 0.01171334 6055473 0.004738087 0.0609556 0.1099835
0.09881353 0.09496232 0.01199175 6165556 0.0001598542 0.06512816 0.1103971
0.09424502 0.1006535 0.01241333 6275671 -0.004054343 0.06866129 0.1104948
0.09424502 0.1006535 0.01241333 6385767 -0.004054343 0.06866129 0.1104948
0.09014377 0.1054784 0.01311768 6495858 -0.008108561 0.07216175 0.1108046
0.08503246 0.1099826 0.01291437 6605953 -0.01266525 0.07542093 0.1107249
0.08503246 0.1099826 0.01291437 6726074 -0.01266525 0.07542093 0.1107249
0.07919395 0.1152592 0.01303608 6836165 -0.01761377 0.07874282 0.1110211
0.07255216 0.1202626 0.01229508 6946268 -0.02295172 0.08209439 0.110928
0.07255216 0.1202626 0.01229508 7066365 -0.02295172 0.08209439 0.110928
0.06597817 0.1244324 0.01177801 7166455 -0.02848533 0.08475192 0.1108151
0.05938425 0.1284949 0.01090712 7286567 -0.03385973 0.08764131 0.1106207
0.05938425 0.1284949 0.01090712 7406676 -0.03385973 0.08764131 0.1106207
0.05290731 0.131715 0.0103016 7506770 -0.03938591 0.08981092 0.1104628
0.04626229 0.1352523 0.009868508 7626883 -0.0450148 0.09200008 0.1103871
0.04626229 0.1352523 0.009868508 7746987 -0.0450148 0.09200008 0.1103871
0.03857592 0.1387662 0.008470421 7837080 -0.05109692 0.09430988 0.1099035
0.03227584 0.1409146 0.007965987 7967186 -0.05691141 0.09575196 0.1095151
0.02419216 0.1437803 0.006511632 8077285 -0.06310037 0.09722026 0.109071
0.02419216 0.1437803 0.006511632 8187392 -0.06310037 0.09722026 0.109071
0.01655598 0.1450753 0.004493776 8287491 -0.06916773 0.09818276 0.1082183
0.01655598 0.1450753 0.004493776 8407579 -0.06916773 0.09818276 0.1082183
0.009047515 0.1470577 0.00327337 8517691 -0.07534515 0.09890063 0.1075088
0.001995735 0.1474024 0.001451017 8627774 -0.08153769 0.09909947 0.1063093
0.001995735 0.1474024 0.001451017 8737881 -0.08153769 0.09909947 0.1063093
-0.005542113 0.1474317 -0.0005199307 8847989 -0.08777189 0.09888275 0.1052511
-0.01246691 0.1465203 -0.002578139 8958080 -0.09360655 0.09826763 0.1041658
-0.01246691 0.1465203 -0.002578139 9088214 -0.09360655 0.09826763 0.1041658
-0.02134692 0.1447135 -0.006089926 9188284 -0.09917434 0.09719093 0.1034124
-0.02789489 0.1435372 -0.007668199 9298387 -0.1049043 0.09571321 0.1022802
-0.02789489 0.1435372 -0.007668199 9428513 -0.1049043 0.09571321 0.1022802
-0.03324236 0.1410769 -0.00940025 9528595 -0.1101634 0.09364541 0.1007799
-0.04056612 0.1378333 -0.01190174 9638686 -0.1157553 0.09101446 0.09972635
-0.04643406 0.1341038 -0.01463944 9748789 -0.1204999 0.08782931 0.09796235
-0.04643406 0.1341038 -0.01463944 9858901 -0.1204999 0.08782931 0.09796235
-0.05194664 0.1300978 -0.01685691 9958991 -0.1252996 0.08456583 0.09651163
-0.05194664 0.1300978 -0.01685691 10079087 -0.1252996 0.08456583 0.09651163
-0.05727565 0.125714 -0.01927585 10189207 -0.1297978 0.0808992 0.09491006
-0.06292979 0.1203713 -0.02199006 10309299 -0.1346684 0.07668622 0.09312478
-0.06994847 0.1133681 -0.02640254 10419407 -0.1392797 0.07177801 0.09094182
-0.06994847 0.1133681 -0.02640254 10529506 -0.1392797 0.07177801 0.09094182
-0.07462915 0.1076093 -0.02880788 10649610 -0.1436741 0.06696506 0.0890356
-0.07945145 0.1006594 -0.03139389 10749697 -0.1479332 0.06158217 0.08730517
-0.07945145 0.1006594 -0.03139389 10869797 -0.1479332 0.06158217 0.08730517
-0.08470199 0.0938495 -0.03403134 10969904 -0.152166 0.05592426 0.08562038
-0.08916657 0.0860364 -0.03663427 11110030 -0.155891 0.04976924 0.08394256
-0.08916657 0.0860364 -0.03663427 11200099 -0.155891 0.04976924 0.08394256
-0.09355469 0.07796474 -0.039046 11320216 -0.1594742 0.04330893 0.0824441
-0.0980064 0.06902309 -0.04137189 11450325 -0.1632115 0.03639253 0.08106092
-0.0980064 0.06902309 -0.04137189 11530409 -0.1632115 0.03639253 0.08106092
-0.1020871 0.06046839 -0.04317624 11640501 -0.1667991 0.02919706 0.07987133
-0.1049033 0.05138322 -0.04467625 11780627 -0.1693701 0.02209028 0.07898542
-0.1049033 0.05138322 -0.04467625 11870708 -0.1693701 0.02209028 0.07898542
-0.108798 0.04090877 -0.04675687 11980800 -0.172184 0.01435085 0.07807556
-0.1117338 0.0307103 -0.04808832 12110937 -0.1749934 0.006487569 0.07728204
-0.1117338 0.0307103 -0.04808832 12211011 -0.1749934 0.006487569 0.07728204
-0.1150833 0.02011927 -0.05017901 12321111 -0.1773076 -0.001490512 0.07618317
-0.1164586 0.009591898 -0.05099881 12461241 -0.1790599 -0.009747424 0.07554492
-0.1164586 0.009591898 -0.05099881 12551327 -0.1790599 -0.009747424 0.07554492
-0.1189922 -0.0004376554 -0.05236042 12651413 -0.1810362 -0.0176653 0.07476154
-0.120293 -0.01251606 -0.0533774 12781555 -0.1824521 -0.02639178 0.0740979
-0.120293 -0.01251606 -0.0533774 12881795 -0.1824521 -0.02639178 0.0740979
-0.1211582 -0.02370862 -0.05383606 12991720 -0.1837504 -0.03495804 0.07368615
-0.1223287 -0.03404073 -0.05472691 13121833 -0.1845915 -0.04302803 0.07313558
-0.1223287 -0.03404073 -0.05472691 13211927 -0.1845915 -0.04302803 0.07313558
-0.1231073 -0.04484335 -0.05525023 13322018 -0.1852406 -0.05120257 0.07283279
-0.1221349 -0.05626265 -0.05530602 13452135 -0.1849843 -0.05941275 0.07254651
-0.1221349 -0.05626265 -0.05530602 13552254 -0.1849843 -0.05941275 0.07254651
-0.12183 -0.06639889 -0.05509115 13662317 -0.1847712 -0.06720559 0.07275251
-0.1210349 -0.07638589 -0.05500276 13792443 -0.1841575 -0.07477632 0.07274392
-0.1210349 -0.07638589 -0.05500276 13882516 -0.1841575 -0.07477632 0.07274392
-0.1185313 -0.08584467 -0.05378599 13992639 -0.1829717 -0.08210483 0.07325616
-0.1166517 -0.09523372 -0.0530755 14132754 -0.1816962 -0.08909479 0.0735648
-0.1142424 -0.1041391 -0.05228472 14222831 -0.1798223 -0.09566561 0.07394412
-0.1142424 -0.1041391 -0.05228472 14342984 -0.1798223 -0.09566561 0.07394412
-0.1109741 -0.112601 -0.05096859 14463048 -0.1774803 -0.1019521 0.07460919
-0.1076999 -0.1208628 -0.04974408 14553137 -0.1748317 -0.1081145 0.07530412
-0.1076999 -0.1208628 -0.04974408 14663228 -0.1748317 -0.1081145 0.07530412
-0.1041013 -0.1293718 -0.04843808 14803371 -0.1718888 -0.1138872 0.07594571
-0.0994005 -0.1369956 -0.04674667 14893432 -0.1684423 -0.1195075 0.07667795
-0.0994005 -0.1369956 -0.04674667 15003535 -0.1684423 -0.1195075 0.07667795
-0.09431446 -0.1443807 -0.04429692 15133653 -0.1644242 -0.1248157 0.07821056
-0.08902108 -0.1511545 -0.04272682 15223730 -0.1598929 -0.1297194 0.07902685
-0.08902108 -0.1511545 -0.04272682 15343855 -0.1598929 -0.1297194 0.07902685
-0.08310064 -0.1576972 -0.04046863 15473960 -0.1551107 -0.1344028 0.08027139
-0.07606328 -0.1636621 -0.03742892 15564066 -0.1500063 -0.1387176 0.08180383
-0.07606328 -0.1636621 -0.03742892 15674137 -0.1500063 -0.1387176 0.08180383
-0.07034729 -0.1696126 -0.03547556 15804274 -0.1449158 -0.1427993 0.08295938
-0.06236639 -0.1723357 -0.03285444 15924379 -0.1390469 -0.1456555 0.08425453
-0.06236639 -0.1723357 -0.03285444 16034462 -0.1390469 -0.1456555 0.08425453
-0.05524581 -0.1766185 -0.03022391 16164583 -0.1332929 -0.1486854 0.08568397
-0.04747274 -0.1803378 -0.02764249 16374769 -0.1270473 -0.1513745 0.08696667
-0.04039511 -0.1841166 -0.02521002 16614994 -0.1207763 -0.1538006 0.08848277
-0.03218578 -0.1866038 -0.02257788 16835184 -0.1141251 -0.1558782 0.08988605
-0.01605925 -0.1905203 -0.01696002 17055383 -0.1009571 -0.1585862 0.09294364
-0.008525614 -0.1913879 -0.01485747 17275586 -0.09432145 -0.1591121 0.09424619
-0.0006048661 -0.1918295 -0.01256108 17505790 -0.08749299 -0.1593849 0.09562413
0.0157453 -0.1914481 -0.007567223 17725984 -0.07385611 -0.1584598 0.09821371
0.02346679 -0.1894051 -0.005487795 17946191 -0.06729168 -0.1570733 0.09950648
0.03110742 -0.1880117 -0.00321799 18176403 -0.06085795 -0.1555478 0.1006796
0.04510308 -0.1814935 0.0001732773 18396589 -0.04873511 -0.150716 0.1029029
0.05183523 -0.1782643 0.00220371 18616796 -0.04310054 -0.1480357 0.1040844
0.05793903 -0.174326 0.003458984 18847000 -0.03769553 -0.1449145 0.1049245
0.07023356 -0.1654607 0.007089862 19067195 -0.02734664 -0.1377293 0.1071664
0.07669193 -0.1612439 0.009322057 19297414 -0.02215463 -0.1338624 0.1082455
0.08242482 -0.156742 0.0111968 19527614 -0.01737017 -0.129972 0.1093323
0.09257928 -0.1460787 0.01340182 19737804 -0.008332853 -0.121658 0.1110062
0.09728715 -0.1411394 0.01461751 19958002 -0.004291242 -0.1176054 0.1117475
0.1014102 -0.1356867 0.01555098 20188231 -0.0006559547 -0.1133725 0.1124573
0.1091311 -0.1248972 0.01660706 20418418 0.00636717 -0.1046878 0.1132373
0.1126468 -0.1191579 0.01749082 20628608 0.009206794 -0.1003892 0.1136892
0.1192421 -0.1076298 0.01928265 20858811 0.01464879 -0.09168687 0.1147411
0.1214357 -0.1023696 0.01928837 21079022 0.01683482 -0.08764806 0.1149345
0.1236522 -0.09669486 0.01935662 21309242 0.01895543 -0.08340779 0.1151078
0.1273036 -0.08656827 0.01989443 21529433 0.02232965 -0.07541254 0.1156142
0.1291795 -0.08039501 0.02033497 21749627 0.02371617 -0.07098643 0.1157039
0.1305639 -0.07614651 0.02054669 21979823 0.0249474 -0.06721512 0.1157917
0.1325053 -0.06635848 0.01990087 22210035 0.02695697 -0.05964676 0.1154035
0.1335527 -0.06161574 0.02073456 22420237 0.02772011 -0.05596296 0.1159908
0.1348749 -0.05683115 0.02084626 22660449 0.02855389 -0.05249063 0.1156263
0.1357303 -0.04869167 0.02024819 22890957 0.02957847 -0.04591552 0.1152762
0.1359082 -0.04472605 0.02008362 23090838 0.02993762 -0.04294303 0.1153375
0.1363667 -0.04085783 0.01989837 23321041 0.03035207 -0.03999857 0.1151161
0.1361429 -0.03394393 0.01860632 23561258 0.03065549 -0.03466658 0.114409
0.136151 -0.03141121 0.01796062 23761439 0.03076469 -0.03268985 0.1138685
0.136508 -0.02858893 0.01797606 23991639 0.03085961 -0.03027407 0.1135889
0.1364046 -0.02247301 0.01755251 24231872 0.03077032 -0.02611367 0.1131265
0.1358528 -0.02111665 0.0163994 24432044 0.03072639 -0.02447847 0.1125419
0.135517 -0.01789717 0.01593234 24662252 0.03048556 -0.0227491 0.112115
0.1352663 -0.01413027 0.0150152 24882442 0.03019165 -0.01952104 0.1111219
0.1347844 -0.01321737 0.01415159 25102649 0.03000139 -0.01843039 0.110586
0.1349712 -0.01163582 0.01418664 25322860 0.0300357 -0.01713888 0.1104389
0.1346632 -0.008817353 0.01357605 25553064 0.02992924 -0.01527134 0.1099886
0.1341617 -0.00670711 0.01304592 25783263 0.02969267 -0.01386944 0.1096956
0.1338237 -0.005634107 0.01280148 26013483 0.02944039 -0.01295773 0.1095317
0.1341125 -0.003378548 0.01306649 26223661 0.02946316 -0.01109568 0.1094781
0.1338839 -0.002981462 0.01302315 26443851 0.02920114 -0.01047019 0.1094165
0.1343798 -0.002402582 0.01379754 26684089 0.029058 -0.009812512 0.1094984
0.1341539 -5.511284E-05 0.01427622 26894266 0.02879949 -0.008152881 0.1098854
0.1339914 -1.017094E-05 0.01389714 27124486 0.02887928 -0.007665672 0.109809
0.1342943 -8.144378E-06 0.0142218 27364699 0.02913087 -0.007442035 0.1100948
0.1345907 -0.0001433277 0.01454206 27564875 0.02949305 -0.007175245 0.1105174
0.134813 -3.675461E-05 0.0146627 27795075 0.02970104 -0.007110514 0.1106195
0.1349785 -0.0001559639 0.0146596 28005269 0.02987718 -0.007121243 0.1106359
0.135143 -0.0008157873 0.0145209 28245498 0.03014519 -0.007502951 0.1106302
0.1353002 -0.001123347 0.0145479 28455671 0.03035309 -0.007897773 0.1107064
0.1352435 -0.002171316 0.01422103 28705897 0.03040885 -0.008549012 0.1105292
0.1355218 -0.002772965 0.01455028 28906082 0.03063237 -0.009385742 0.1107829
0.1358224 -0.003441849 0.01471771 29126276 0.03081473 -0.009900847 0.1108318
0.135791 -0.004350581 0.01431246 29366505 0.03104501 -0.01038758 0.110739
0.1358029 -0.004425445 0.01410224 29586692 0.03123777 -0.01075689 0.110706
0.1358816 -0.004393258 0.01403297 29796894 0.03131028 -0.01078323 0.1106262
0.1361817 -0.004226007 0.01428349 30017088 0.031417 -0.01071946 0.1106601
0.1358085 -0.00351707 0.01417668 30257305 0.0313863 -0.01058833 0.1108838
0.1357794 -0.003524699 0.01415427 30467491 0.03138505 -0.01057116 0.1108932
