0.1482415 0.004031518 0.008107915 0 0.1250968 0.0124983 0.1484606
0.1478219 0.005177567 0.007902908 90085 0.1248389 0.01292352 0.1483238
0.1478219 0.005177567 0.007902908 200185 0.1248389 0.01292352 0.1483238
0.147264 0.006870584 0.007735212 320293 0.1245307 0.01347012 0.1482553
0.147264 0.006870584 0.007735212 430405 0.1245307 0.01347012 0.1482553
0.1466533 0.008366205 0.007623912 540484 0.1241154 0.01402564 0.1482165
0.146612 0.01018827 0.007731739 670597 0.1236545 0.01496239 0.1482892
0.146612 0.01018827 0.007731739 760695 0.1236545 0.01496239 0.1482892
0.1462874 0.01233618 0.007609116 870786 0.1230543 0.01572877 0.1481615
0.1456754 0.01451512 0.007545813 990894 0.1225201 0.01630658 0.1481405
0.1456754 0.01451512 0.007545813 1100998 0.1225201 0.01630658 0.1481405
0.1444761 0.01733622 0.007435464 1211089 0.1218588 0.01663306 0.1481274
0.1439811 0.02080974 0.00736151 1321192 0.1212134 0.01724279 0.1479857
0.1439811 0.02080974 0.00736151 1431280 0.1212134 0.01724279 0.1479857
0.142984 0.02356004 0.00724962 1541387 0.1204516 0.01786402 0.1478416
0.1419088 0.02642317 0.006902582 1661491 0.1196053 0.01856303 0.1474267
0.1419088 0.02642317 0.006902582 1771595 0.1196053 0.01856303 0.1474267
0.139861 0.02973495 0.006508932 1881702 0.1183908 0.01998762 0.1470446
0.1389057 0.03302547 0.005985016 1991793 0.1175112 0.02185183 0.146426
0.1389057 0.03302547 0.005985016 2101893 0.1175112 0.02185183 0.146426
0.1376677 0.03601676 0.005694773 2221993 0.116126 0.02405149 0.146048
0.1358693 0.03971277 0.0051554 2342122 0.114576 0.02652161 0.1454367
0.1342426 0.04264523 0.004498553 2442200 0.112863 0.02901818 0.144725
0.1342426 0.04264523 0.004498553 2552307 0.112863 0.02901818 0.144725
0.1321006 0.04683778 0.00383638 2662395 0.1111014 0.03172518 0.1439681
0.1321006 0.04683778 0.00383638 2782507 0.1111014 0.03172518 0.1439681
0.1300281 0.05050382 0.00327168 2892615 0.1094867 0.03404992 0.1433201
0.1276834 0.05351156 0.002902135 3002702 0.107711 0.03625178 0.1429359
0.125588 0.05772215 0.002746112 3112801 0.1059126 0.03898899 0.1426325
0.125588 0.05772215 0.002746112 3222904 0.1059126 0.03898899 0.1426325
0.1230731 0.06165339 0.002549911 3363039 0.1036668 0.04193018 0.1423378
0.1215747 0.06499258 0.00255511 3453120 0.1016237 0.0449247 0.1422172
0.1215747 0.06499258 0.00255511 3563212 0.1016237 0.0449247 0.1422172
0.1185101 0.06913699 0.002440967 3673315 0.09911452 0.04826896 0.142064
0.1164259 0.07292423 0.002604103 3793423 0.09713618 0.05140258 0.1421425
0.1164259 0.07292423 0.002604103 3893502 0.09713618 0.05140258 0.1421425
0.1133686 0.07608208 0.002608701 4013614 0.09500327 0.05411066 0.1422017
0.1108223 0.08028245 0.002888128 4123725 0.09275454 0.05729265 0.142356
0.1108223 0.08028245 0.002888128 4233829 0.09275454 0.05729265 0.142356
0.107595 0.08375804 0.003007634 4343912 0.09019412 0.06021835 0.1424686
0.1043483 0.08712892 0.003031211 4464024 0.08772774 0.06313827 0.1425104
0.1043483 0.08712892 0.003031211 4564119 0.08772774 0.06313827 0.1425104
0.101568 0.09058888 0.003112409 4684219 0.08569177 0.06602164 0.142578
0.09879353 0.09375109 0.003139622 4794323 0.08354615 0.06895202 0.1426343
0.09879353 0.09375109 0.003139622 4904414 0.08354615 0.06895202 0.1426343
0.09530035 0.09692137 0.0030755 5014517 0.08101638 0.07174808 0.1426051
0.09166314 0.1004675 0.003115593 5124633 0.0782844 0.07439879 0.1425705
0.09166314 0.1004675 0.003115593 5244741 0.0782844 0.07439879 0.1425705
0.08753348 0.1032786 0.003368627 5354828 0.07520264 0.07676715 0.1428367
0.08375892 0.1066325 0.003478344 5474941 0.07194567 0.0794205 0.1428563
0.08375892 0.1066325 0.003478344 5575027 0.07194567 0.0794205 0.1428563
0.07932322 0.1099476 0.003567447 5685131 0.0683834 0.08205166 0.1428815
0.07481173 0.1125641 0.003756134 5805239 0.06483708 0.08445063 0.1430988
0.07481173 0.1125641 0.003756134 5915334 0.06483708 0.08445063 0.1430988
0.07014969 0.1151191 0.004135419 6025438 0.06105884 0.08666576 0.1434696
0.06560761 0.1179438 0.004390731 6135541 0.05724011 0.0889921 0.1436675
0.06560761 0.1179438 0.004390731 6245640 0.05724011 0.0889921 0.1436675
0.06054008 0.1209553 0.004690805 6355732 0.05329764 0.09112907 0.1438461
0.0557156 0.1233307 0.004867021 6475852 0.04946658 0.09297571 0.1439561
0.0557156 0.1233307 0.004867021 6585939 0.04946658 0.09297571 0.1439561
0.05088452 0.1254975 0.004942506 6696047 0.04558255 0.0948283 0.1440019
0.04544735 0.1273194 0.004737235 6806142 0.04139012 0.09669837 0.1438493
0.04544735 0.1273194 0.004737235 6916233 0.04139012 0.09669837 0.1438493
0.04108318 0.1281732 0.004657429 7036346 0.03736116 0.09810826 0.1439
0.03553097 0.1297974 0.004683424 7166463 0.03307176 0.09965726 0.1439378
0.03553097 0.1297974 0.004683424 7256557 0.03307176 0.09965726 0.1439378
0.02986496 0.1307605 0.004652523 7366656 0.02903999 0.1005324 0.1439071
0.02460498 0.1325511 0.004689657 7506762 0.02490033 0.1017285 0.143816
0.01899591 0.1328978 0.004696223 7586851 0.02044471 0.1024921 0.143907
0.01899591 0.1328978 0.004696223 7706959 0.02044471 0.1024921 0.143907
0.01351742 0.1334352 0.004650244 7817046 0.01587453 0.1031642 0.143878
0.01351742 0.1334352 0.004650244 7937163 0.01587453 0.1031642 0.143878
0.008012814 0.1338409 0.004529763 8037257 0.01130521 0.1036931 0.1437653
0.001672879 0.1342602 0.004646956 8147340 0.006343231 0.1040509 0.1438297
0.001672879 0.1342602 0.004646956 8267461 0.006343231 0.1040509 0.1438297
-0.003477279 0.1336724 0.004513775 8377556 0.001683683 0.1040024 0.1437952
-0.009633144 0.1336008 0.004378906 8497661 -0.003268888 0.1041081 0.1436481
-0.009633144 0.1336008 0.004378906 8597767 -0.003268888 0.1041081 0.1436481
-0.01537694 0.1331535 0.004393504 8707858 -0.008084887 0.1037849 0.1436435
-0.02113665 0.1325626 0.004226264 8817962 -0.01301719 0.1034744 0.1434894
-0.02113665 0.1325626 0.004226264 8958088 -0.01301719 0.1034744 0.1434894
-0.02745384 0.1313148 0.004307131 9048169 -0.01811672 0.1028595 0.1436246
-0.03322092 0.1308196 0.004287583 9168274 -0.02294426 0.1021729 0.1434996
-0.03884774 0.1289257 0.004425676 9288386 -0.02778502 0.1009836 0.1437207
-0.03884774 0.1289257 0.004425676 9378459 -0.02778502 0.1009836 0.1437207
-0.0450534 0.1276198 0.004596087 9498560 -0.0327636 0.09977885 0.1438085
-0.0450534 0.1276198 0.004596087 9628697 -0.0327636 0.09977885 0.1438085
-0.05101198 0.1260529 0.004669943 9718767 -0.0377528 0.0985551 0.1438616
-0.05641616 0.1241399 0.00494646 9828862 -0.0426127 0.09704131 0.1441635
-0.05641616 0.1241399 0.00494646 9948978 -0.0426127 0.09704131 0.1441635
-0.06230428 0.1223118 0.005300382 10059086 -0.04749011 0.09554115 0.144477
-0.06838413 0.1208233 0.005815847 10169193 -0.05227062 0.09396385 0.1448309
-0.07363999 0.1184893 0.006150685 10279276 -0.05704693 0.09195372 0.1451715
-0.07363999 0.1184893 0.006150685 10399389 -0.05704693 0.09195372 0.1451715
-0.07903878 0.1153596 0.006508795 10509480 -0.06164452 0.08964927 0.1455867
-0.08456437 0.1123413 0.006887476 10609583 -0.06624848 0.08728484 0.1459664
-0.08456437 0.1123413 0.006887476 10749697 -0.06624848 0.08728484 0.1459664
-0.08925605 0.1092243 0.007264209 10839794 -0.07051423 0.08471296 0.1463835
-0.08925605 0.1092243 0.007264209 10949873 -0.07051423 0.08471296 0.1463835
-0.09422671 0.1064483 0.007610301 11090004 -0.07467721 0.08225613 0.1466743
-0.09885073 0.1027904 0.007927229 11170072 -0.07869641 0.07935087 0.1470338
-0.09885073 0.1027904 0.007927229 11280172 -0.07869641 0.07935087 0.1470338
-0.1034304 0.09911811 0.00822323 11400284 -0.08255658 0.07637833 0.1473399
-0.1080234 0.09515431 0.00830281 11510383 -0.08599805 0.07329748 0.1473834
-0.111665 0.0910251 0.008436309 11620479 -0.08919476 0.07018083 0.1476012
-0.111665 0.0910251 0.008436309 11740591 -0.08919476 0.07018083 0.1476012
-0.1157731 0.08733534 0.008336879 11870704 -0.09239264 0.06675734 0.1473914
-0.1190153 0.08308551 0.008164183 11960798 -0.09525658 0.06355019 0.1473049
-0.1190153 0.08308551 0.008164183 12070889 -0.09525658 0.06355019 0.1473049
-0.1228688 0.07832286 0.008008372 12201015 -0.09844884 0.06004162 0.1472051
-0.1257363 0.07376318 0.007796158 12301093 -0.1008818 0.0563766 0.1470305
-0.1257363 0.07376318 0.007796158 12411196 -0.1008818 0.0563766 0.1470305
-0.1287179 0.06886297 0.007493655 12541322 -0.1036235 0.05255693 0.1468157
-0.1316622 0.06434944 0.00709828 12631399 -0.1061999 0.04873903 0.1464333
-0.1316622 0.06434944 0.00709828 12741494 -0.1061999 0.04873903 0.1464333
-0.1346963 0.05964044 0.006857829 12851606 -0.1088109 0.04489591 0.1462092
-0.1374536 0.05436968 0.00657109 12961689 -0.1113451 0.04078455 0.1459987
-0.1374536 0.05436968 0.00657109 13081814 -0.1113451 0.04078455 0.1459987
-0.1391397 0.04976483 0.006251477 13191909 -0.1134671 0.03698087 0.1458357
-0.1415441 0.04466208 0.005979002 13302008 -0.1155558 0.03286745 0.1455919
-0.1415441 0.04466208 0.005979002 13422117 -0.1155558 0.03286745 0.1455919
-0.1435842 0.03917371 0.005720322 13542221 -0.1174179 0.02857235 0.1453957
-0.1452098 0.03469292 0.00550425 13632294 -0.119061 0.02474524 0.1452309
-0.1452098 0.03469292 0.00550425 13752407 -0.119061 0.02474524 0.1452309
-0.146227 0.0288151 0.005157675 13862510 -0.120096 0.02024764 0.1449791
-0.1470416 0.02343957 0.004935537 13992623 -0.1212902 0.01596872 0.1448902
-0.1470416 0.02343957 0.004935537 14082717 -0.1212902 0.01596872 0.1448902
-0.1476124 0.01819363 0.004597527 14192796 -0.1221699 0.01177831 0.144661
-0.1486308 0.01349873 0.004360677 14322917 -0.1230946 0.00767704 0.144433
-0.1486308 0.01349873 0.004360677 14423024 -0.1230946 0.00767704 0.144433
-0.148442 0.007493456 0.004293183 14533127 -0.123498 0.003168905 0.1445264
-0.147859 0.002323348 0.003979828 14663229 -0.1237652 -0.0009938241 0.144389
-0.1474914 -0.003505645 0.003645461 14753310 -0.1238496 -0.005468679 0.1441569
-0.1474914 -0.003505645 0.003645461 14873414 -0.1238496 -0.005468679 0.1441569
-0.1467876 -0.009364426 0.003382498 15003536 -0.1234994 -0.009967308 0.1439654
-0.1467876 -0.009364426 0.003382498 15093621 -0.1234994 -0.009967308 0.1439654
-0.1462416 -0.01508143 0.002991306 15203724 -0.1231046 -0.01445337 0.1435991
-0.1459931 -0.02111712 0.002663312 15333838 -0.1229684 -0.01912635 0.1432768
-0.1446325 -0.02655158 0.001959374 15433920 -0.1223673 -0.02366205 0.1426795
-0.1446325 -0.02655158 0.001959374 15534022 -0.1223673 -0.02366205 0.1426795
-0.1437863 -0.03235177 0.001166258 15654123 -0.1218217 -0.02830342 0.1419051
-0.1437863 -0.03235177 0.001166258 15764234 -0.1218217 -0.02830342 0.1419051
-0.1427594 -0.03862168 0.0005589639 15874326 -0.1211992 -0.03321082 0.1413145
-0.1413717 -0.04491933 -0.0002885808 15984417 -0.1204146 -0.03796047 0.1404901
-0.1413717 -0.04491933 -0.0002885808 16104537 -0.1204146 -0.03796047 0.1404901
-0.1400954 -0.05124556 -0.0007377809 16204611 -0.1196561 -0.04279595 0.1400354
-0.1390908 -0.05728229 -0.001494377 16324728 -0.1190919 -0.04754845 0.1392591
-0.1390908 -0.05728229 -0.001494377 16444844 -0.1190919 -0.04754845 0.1392591
-0.1372519 -0.06349995 -0.002236479 16554944 -0.1181465 -0.05243113 0.1385425
-0.1366002 -0.06949869 -0.002802658 16655022 -0.1176367 -0.05722854 0.1378959
-0.1366002 -0.06949869 -0.002802658 16785152 -0.1176367 -0.05722854 0.1378959
-0.1345601 -0.0759805 -0.003121966 16885226 -0.1168146 -0.06223884 0.1375995
-0.1331405 -0.08177521 -0.003301827 16995329 -0.1160755 -0.06709457 0.1374089
-0.1331405 -0.08177521 -0.003301827 17125459 -0.1160755 -0.06709457 0.1374089
-0.1311327 -0.08786625 -0.003232697 17225533 -0.1153037 -0.07190344 0.1374829
-0.1295322 -0.09340109 -0.003364697 17335656 -0.1145709 -0.07646851 0.1373325
-0.1267889 -0.09979001 -0.00337673 17485772 -0.1134965 -0.0811125 0.1372672
-0.1267889 -0.09979001 -0.00337673 17665946 -0.1134965 -0.0811125 0.1372672
-0.1239963 -0.1059102 -0.003401506 17836096 -0.1118591 -0.08565771 0.1371289
-0.1182547 -0.116858 -0.003768263 18036281 -0.1076174 -0.09406541 0.1364944
-0.1143157 -0.1223237 -0.00384817 18256479 -0.1047938 -0.09819819 0.1362716
-0.111028 -0.1272583 -0.003741356 18486671 -0.1021669 -0.1019717 0.1362169
-0.1076465 -0.1322854 -0.003449239 18706878 -0.09965489 -0.1058923 0.136357
-0.1002458 -0.1412942 -0.002341228 18927068 -0.09485045 -0.1129602 0.1372092
-0.09552932 -0.1457215 -0.001771378 19157284 -0.09172528 -0.1161221 0.1375687
-0.09147409 -0.1494851 -0.001276177 19377487 -0.08828825 -0.1192243 0.1379373
-0.08256181 -0.1564246 -0.0003404326 19617712 -0.08090519 -0.1245871 0.1385476
-0.07751648 -0.159897 0.000257368 19827885 -0.07697602 -0.1271914 0.1389523
-0.07282604 -0.1635639 0.001088542 20048080 -0.07294752 -0.1294604 0.1394475
-0.0621879 -0.1693768 0.002336591 20288297 -0.06474242 -0.1338335 0.140309
-0.05754832 -0.1719275 0.003288602 20508516 -0.06097435 -0.1355264 0.1410183
-0.04684349 -0.1768578 0.004875921 20718693 -0.05206398 -0.1391545 0.1421983
-0.04095122 -0.1784858 0.005384109 20948905 -0.04769791 -0.1403909 0.1425319
-0.03513779 -0.18069 0.006206591 21179117 -0.04308898 -0.1415247 0.1429878
-0.02429656 -0.1831419 0.007477595 21389302 -0.03381975 -0.1434255 0.1439992
-0.01873007 -0.1839002 0.008354054 21639536 -0.0297115 -0.1441232 0.1447485
-0.01311619 -0.1840858 0.009143061 21839713 -0.02574125 -0.1445344 0.1454608
-0.001397751 -0.1848106 0.01128013 22059916 -0.01713874 -0.1444981 0.1470498
0.003815376 -0.1845282 0.01222294 22310154 -0.0127676 -0.1441608 0.1478759
0.01039447 -0.1841801 0.01329231 22510306 -0.00788402 -0.1437429 0.1487065
0.02106676 -0.1816901 0.014987 22730525 0.0009517653 -0.1418956 0.1503311
0.02677102 -0.1804981 0.01622819 22980726 0.005079299 -0.1407485 0.1513418
0.03195484 -0.1781595 0.0170216 23180919 0.008912606 -0.1393437 0.1521832
0.03733472 -0.1760305 0.01817526 23401118 0.01255496 -0.1377147 0.153172
0.04763815 -0.1717662 0.02020336 23651364 0.02030245 -0.134025 0.1548682
0.05298884 -0.1688835 0.02123367 23851524 0.0240766 -0.1317619 0.1557414
0.0638196 -0.1635548 0.02315106 24081732 0.03208233 -0.1268979 0.1571484
0.06882798 -0.1602213 0.02387131 24321937 0.03631606 -0.1244189 0.1579139
0.07329483 -0.1571317 0.02455195 24532147 0.04000285 -0.1217822 0.1585232
0.08296262 -0.1501922 0.02602032 24752333 0.04712633 -0.1160053 0.1596364
0.08758938 -0.1461283 0.02673754 24992562 0.05037965 -0.1129042 0.1602211
0.09140914 -0.1425695 0.02754595 25192735 0.05358308 -0.1096713 0.160937
0.09964625 -0.1349275 0.02881581 25422934 0.06033371 -0.1030479 0.1620242
0.1032155 -0.1302632 0.02911241 25643149 0.06332868 -0.09952302 0.1624178
0.106728 -0.1251898 0.02910214 25873349 0.06621996 -0.09594907 0.1625575
0.1137614 -0.1165069 0.0299412 26103545 0.07147112 -0.08868176 0.1631462
0.1166965 -0.1121124 0.03008243 26303737 0.07376187 -0.08494151 0.1632162
0.1193189 -0.1078255 0.0301257 26543958 0.07629007 -0.08123251 0.1633458
0.1244134 -0.09801689 0.02990925 26774150 0.0807253 -0.07338392 0.1632915
0.1265099 -0.09331869 0.02993701 26984356 0.08232807 -0.06950668 0.1633057
0.1285769 -0.08882776 0.02992889 27214555 0.08398581 -0.06564804 0.1632727
0.1319543 -0.07862529 0.02922996 27444775 0.08688808 -0.0575308 0.1627602
0.1333863 -0.07460446 0.02916332 27654949 0.08802697 -0.05385029 0.1626476
0.1351113 -0.06971856 0.02882025 27875147 0.08924712 -0.04994078 0.1622803
0.1382403 -0.06102894 0.0280941 28095346 0.09180508 -0.04241064 0.1615234
0.1393483 -0.05674627 0.02723718 28335575 0.09304295 -0.03872312 0.1607933
0.1408492 -0.05247734 0.02682902 28545773 0.09403537 -0.0351269 0.1602969
0.1426886 -0.04455975 0.02536081 28795999 0.09616514 -0.02842684 0.1590827
0.1438935 -0.04062217 0.02446689 28996159 0.09730049 -0.02524041 0.1582531
0.1457644 -0.03300936 0.02268693 29216366 0.09887265 -0.01900907 0.1565204
0.1470236 -0.03002072 0.02213524 29466778 0.100095 -0.01612964 0.1559671
0.1479462 -0.02649341 0.02122716 29676789 0.1012638 -0.01347389 0.1552327
0.1490963 -0.01974615 0.01962112 29886971 0.1029883 -0.008555428 0.1539903
0.1497617 -0.01628466 0.01893676 30137209 0.1038483 -0.006377838 0.1534733
0.150004 -0.01343012 0.01822127 30337386 0.1043341 -0.004311592 0.1528963
0.1501084 -0.01058376 0.01794393 30577590 0.10468 -0.002252707 0.1527516
0.1509829 -0.004668661 0.01727567 30777767 0.1058129 0.001588195 0.1522823
0.1508946 -0.001519755 0.01687458 31007979 0.1061634 0.003418272 0.1520817
0.1519831 0.003507258 0.01683897 31258200 0.106657 0.006199951 0.1519113
0.1519725 0.006169107 0.01652104 31458397 0.1067794 0.007655608 0.1516566
0.1521585 0.008185011 0.0163291 31688605 0.1071657 0.008913123 0.1515377
0.1511209 0.01234073 0.01516777 31918792 0.108177 0.01073192 0.1510335
0.1510761 0.01367708 0.01463553 32138991 0.1085116 0.0114597 0.150612
0.1506961 0.01488715 0.0138715 32349209 0.1087258 0.01259905 0.1500314
0.1501494 0.01659778 0.01329517 32599719 0.1082999 0.01406187 0.1494878
0.1496148 0.01788733 0.01309422 32809596 0.1080689 0.01462337 0.1493643
0.1493773 0.01823157 0.01324836 33029815 0.1077727 0.0148773 0.1494983
0.1488676 0.01849208 0.01400449 33260023 0.1067189 0.01496508 0.1500828
0.1486029 0.0185706 0.01450732 33460212 0.1062673 0.01482409 0.1505217
0.1487171 0.01894522 0.0153562 33690411 0.1057069 0.01479797 0.1511471
0.1481858 0.01883374 0.0168165 33930636 0.1048992 0.01430519 0.1525074
0.1485195 0.0185327 0.01813323 34140806 0.1045329 0.01383432 0.153593
0.148257 0.01805799 0.01926201 34361000 0.104066 0.01340654 0.1546569
0.1479844 0.01820404 0.02135484 34621247 0.1031813 0.01292272 0.1565253
0.1473852 0.01825829 0.02194497 34811419 0.1027094 0.01271056 0.1571469
0.1470941 0.01816921 0.02274224 35031622 0.1023456 0.012403 0.1579109
0.1460991 0.0188807 0.02391224 35271826 0.1013405 0.01226889 0.1590388
