0.1492047 -0.001962988 0.007934391 0 0.1439258 0.0006743103 0.2339825
0.1491255 -0.002432056 0.007603228 110107 0.1438355 0.0005559883 0.2338386
0.149097 -0.001604509 0.007139102 220207 0.1435168 0.001011973 0.2336023
0.149097 -0.001604509 0.007139102 330298 0.1435168 0.001011973 0.2336023
0.1492263 -0.001165238 0.006955966 440393 0.1433707 0.001494144 0.233392
0.1491539 -0.0001154899 0.00667274 550488 0.1431299 0.002168494 0.2332985
0.1491539 -0.0001154899 0.00667274 680606 0.1431299 0.002168494 0.2332985
0.1495 0.001815035 0.006760538 780704 0.1427213 0.003412743 0.2331108
0.148436 0.002639329 0.005747199 890796 0.1419151 0.004622027 0.2333939
0.148436 0.002639329 0.005747199 1000899 0.1419151 0.004622027 0.2333939
0.1488638 0.005446561 0.006545663 1121020 0.1416361 0.006372164 0.2335784
0.1481245 0.008257663 0.00581415 1231107 0.1406994 0.008168582 0.2337866
0.1481245 0.008257663 0.00581415 1341206 0.1406994 0.008168582 0.2337866
0.1478202 0.0114564 0.006092861 1451309 0.1399113 0.01039399 0.2342516
0.1473622 0.01501873 0.005877644 1561409 0.1388703 0.01275571 0.2345317
0.1473622 0.01501873 0.005877644 1671520 0.1388703 0.01275571 0.2345317
0.1463592 0.01894537 0.00551489 1801630 0.137523 0.01559057 0.2351653
0.1451688 0.02333358 0.004766643 1901712 0.1361673 0.01849031 0.2356748
0.1451688 0.02333358 0.004766643 2011811 0.1361673 0.01849031 0.2356748
0.14357 0.02817245 0.004024684 2121923 0.1345637 0.02182388 0.2364939
0.1417221 0.03319614 0.003155679 2232014 0.1326359 0.02531119 0.2374055
0.1417221 0.03319614 0.003155679 2352126 0.1326359 0.02531119 0.2374055
0.1400345 0.03906709 0.002489626 2452217 0.130923 0.02899046 0.2382214
0.1373157 0.04495694 0.001320064 2582330 0.1286308 0.03271881 0.239474
0.1344391 0.05130166 0.0002288222 2682416 0.1261598 0.03665467 0.2407967
0.1344391 0.05130166 0.0002288222 2792520 0.1261598 0.03665467 0.2407967
0.1313333 0.058078 -0.001136437 2922633 0.1235833 0.0406577 0.2419772
0.1277561 0.06496756 -0.002410278 3012723 0.120708 0.04469461 0.243444
0.1277561 0.06496756 -0.002410278 3132819 0.120708 0.04469461 0.243444
0.1242131 0.07215416 -0.003754541 3242934 0.1177483 0.04892807 0.2447112
0.1206663 0.0796059 -0.004814789 3353022 0.1146796 0.05333256 0.2460475
0.1206663 0.0796059 -0.004814789 3463129 0.1146796 0.05333256 0.2460475
0.1153046 0.08705818 -0.006609261 3573220 0.1108566 0.05753197 0.2478943
0.1153046 0.08705818 -0.006609261 3703342 0.1108566 0.05753197 0.2478943
0.1105787 0.09438852 -0.007730395 3803424 0.1073428 0.06191988 0.2496574
0.1052849 0.1022684 -0.008676559 3913523 0.10368 0.0660893 0.2515369
0.09968755 0.1090781 -0.009653375 4033640 0.0999021 0.07009189 0.2535385
0.09968755 0.1090781 -0.009653375 4133722 0.0999021 0.07009189 0.2535385
0.09327173 0.1165722 -0.01074262 4243825 0.09574004 0.07403762 0.2554909
0.08803067 0.1233909 -0.01146784 4363950 0.09183655 0.0777434 0.2569972
0.08803067 0.1233909 -0.01146784 4484054 0.09183655 0.0777434 0.2569972
0.08109713 0.1293872 -0.01258846 4584137 0.0875123 0.08108468 0.2588353
0.08109713 0.1293872 -0.01258846 4694236 0.0875123 0.08108468 0.2588353
0.07479813 0.1349332 -0.01333933 4804331 0.08317376 0.08450746 0.2605551
0.06727076 0.1406127 -0.01397334 4914431 0.07872772 0.08778314 0.2623807
0.06727076 0.1406127 -0.01397334 5034535 0.07872772 0.08778314 0.2623807
0.05976764 0.1447078 -0.0148595 5144638 0.07420919 0.09015771 0.2638245
0.05373203 0.1484403 -0.01540627 5264759 0.0700418 0.09229186 0.2648752
0.04590288 0.1517973 -0.01577476 5364845 0.06542908 0.09421781 0.2661479
0.04590288 0.1517973 -0.01577476 5484962 0.06542908 0.09421781 0.2661479
0.03965179 0.1539207 -0.01646082 5615075 0.06106269 0.09555806 0.2668302
0.03199992 0.1561459 -0.0164015 5705140 0.05636472 0.09694611 0.2678606
0.03199992 0.1561459 -0.0164015 5815256 0.05636472 0.09694611 0.2678606
0.0252187 0.1576992 -0.01680894 5925347 0.0515913 0.09793095 0.2683127
0.01774456 0.1584188 -0.01668137 6045455 0.04662852 0.09885132 0.2690459
0.01774456 0.1584188 -0.01668137 6155551 0.04662852 0.09885132 0.2690459
0.01052507 0.1594151 -0.01651907 6265658 0.04161334 0.0994903 0.2693328
0.002965465 0.1581592 -0.01614463 6375745 0.03651443 0.09959687 0.2698639
0.002965465 0.1581592 -0.01614463 6485853 0.03651443 0.09959687 0.2698639
-0.004694945 0.1581279 -0.01527172 6595952 0.0314317 0.1001456 0.2701201
-0.01167963 0.1578995 -0.01428068 6706047 0.02625694 0.1005449 0.2703139
-0.01167963 0.1578995 -0.01428068 6826168 0.02625694 0.1005449 0.2703139
-0.019278 0.1557711 -0.01317093 6936259 0.02096747 0.1003897 0.2704436
-0.0263937 0.1541343 -0.0120897 7056368 0.0157647 0.1003597 0.2702458
-0.0263937 0.1541343 -0.0120897 7186481 0.0157647 0.1003597 0.2702458
-0.03375515 0.1519281 -0.01072645 7266557 0.01047317 0.1000953 0.2698763
-0.04147828 0.1488405 -0.009271801 7386670 0.005028733 0.09939002 0.2691545
-0.04147828 0.1488405 -0.009271801 7496761 0.005028733 0.09939002 0.2691545
-0.04851872 0.1455652 -0.008352742 7606864 -0.0002841409 0.09838856 0.2680501
-0.05597026 0.1419118 -0.00603123 7716960 -0.005625403 0.09745448 0.2672361
-0.05597026 0.1419118 -0.00603123 7827063 -0.005625403 0.09745448 0.2672361
-0.06208634 0.1378996 -0.005159467 7947168 -0.01069616 0.09599699 0.2660554
-0.06844185 0.1326352 -0.003229067 8057275 -0.01570584 0.09441129 0.2652613
-0.06844185 0.1326352 -0.003229067 8167370 -0.01570584 0.09441129 0.2652613
-0.07390086 0.1278688 -0.002052113 8277470 -0.02024711 0.09256745 0.2641168
-0.07913607 0.1222968 -0.000705272 8387565 -0.02451401 0.09013379 0.2629683
-0.07913607 0.1222968 -0.000705272 8507690 -0.02451401 0.09013379 0.2629683
-0.0845874 0.116287 0.001027405 8607760 -0.028761 0.08723815 0.2615889
-0.08904977 0.1112123 0.002380088 8747894 -0.03226897 0.08392164 0.2600898
-0.09314509 0.1065523 0.003656894 8837971 -0.0355693 0.08082371 0.2586247
-0.09314509 0.1065523 0.003656894 8948075 -0.0355693 0.08082371 0.2586247
-0.09657779 0.1025455 0.004006922 9058170 -0.0388114 0.07795952 0.2571661
-0.09657779 0.1025455 0.004006922 9178283 -0.0388114 0.07795952 0.2571661
-0.1007397 0.09540438 0.005275786 9288374 -0.04239896 0.07420661 0.2559258
-0.1057258 0.0867588 0.008098558 9398481 -0.04654893 0.0697878 0.2547112
-0.1057258 0.0867588 0.008098558 9538620 -0.04654893 0.0697878 0.2547112
-0.1092694 0.07989696 0.009362072 9628689 -0.0495633 0.06565807 0.2533663
-0.1128904 0.07296224 0.01061703 9728787 -0.05251311 0.06092158 0.2517048
-0.1128904 0.07296224 0.01061703 9848884 -0.05251311 0.06092158 0.2517048
-0.1165241 0.06603412 0.01218906 9958983 -0.0554488 0.05616276 0.2500132
-0.1201259 0.05827396 0.01421131 10069086 -0.05864524 0.05110957 0.248558
-0.1201259 0.05827396 0.01421131 10179198 -0.05864524 0.05110957 0.248558
-0.1235179 0.05102608 0.01548651 10289309 -0.06172803 0.04624663 0.2468375
-0.1266823 0.04297009 0.01743035 10409389 -0.06477642 0.04102435 0.2454732
-0.1266823 0.04297009 0.01743035 10519497 -0.06477642 0.04102435 0.2454732
-0.1292879 0.03522372 0.01866925 10629596 -0.06745125 0.03568446 0.2441877
-0.1316534 0.02716949 0.02016193 10759714 -0.06952169 0.02962545 0.2428452
-0.1336161 0.0193223 0.02141102 10849799 -0.07135262 0.02328774 0.2416936
-0.1336161 0.0193223 0.02141102 10959890 -0.07135262 0.02328774 0.2416936
-0.1350994 0.01147502 0.02194679 11100017 -0.07289877 0.01711067 0.2407102
-0.1365062 0.004924456 0.02522121 11200103 -0.07457235 0.01128363 0.2405483
-0.1365062 0.004924456 0.02522121 11300197 -0.07457235 0.01128363 0.2405483
-0.1370931 -0.003097742 0.02550411 11420302 -0.07537282 0.004809205 0.2401149
-0.1372713 -0.01106784 0.02512158 11520396 -0.076011 -0.001468975 0.2398841
-0.1372713 -0.01106784 0.02512158 11650522 -0.076011 -0.001468975 0.2398841
-0.1372464 -0.01891129 0.02482815 11750600 -0.0762054 -0.007815487 0.2396656
-0.1368093 -0.02637899 0.02504812 11880746 -0.0757458 -0.01434464 0.2397826
-0.1368093 -0.02637899 0.02504812 11970815 -0.0757458 -0.01434464 0.2397826
-0.1362399 -0.03399075 0.02493487 12090911 -0.07561513 -0.02069703 0.2400678
-0.1352543 -0.04173563 0.02504951 12190993 -0.07519978 -0.02689063 0.2406824
-0.1352543 -0.04173563 0.02504951 12311118 -0.07519978 -0.02689063 0.2406824
-0.133536 -0.04973036 0.02459562 12421209 -0.07438158 -0.0331019 0.2417809
-0.1317873 -0.05713832 0.02406734 12531312 -0.07340442 -0.03913859 0.2428526
-0.1317873 -0.05713832 0.02406734 12641420 -0.07340442 -0.03913859 0.2428526
-0.1290048 -0.06524839 0.02310871 12751511 -0.07158282 -0.04539175 0.2445004
-0.1252769 -0.07384507 0.0199019 12861598 -0.06921627 -0.05146209 0.2462218
-0.1252769 -0.07384507 0.0199019 12991720 -0.06921627 -0.05146209 0.2462218
-0.121264 -0.08205573 0.01819722 13091822 -0.06612077 -0.05756821 0.248245
-0.1166123 -0.08977295 0.01627052 13201922 -0.06238087 -0.06326135 0.2505397
-0.1166123 -0.08977295 0.01627052 13332031 -0.06238087 -0.06326135 0.2505397
-0.1116674 -0.0968651 0.0144843 13432138 -0.05838295 -0.06871758 0.2530455
-0.1055678 -0.1050453 0.01224189 13542221 -0.05383333 -0.07396691 0.2557811
-0.1055678 -0.1050453 0.01224189 13672338 -0.05383333 -0.07396691 0.2557811
-0.09900086 -0.1131007 0.00997518 13762432 -0.04881463 -0.07906193 0.2584797
-0.09158863 -0.1211158 0.007829741 13872527 -0.04309491 -0.08413414 0.2614156
-0.09158863 -0.1211158 0.007829741 13982626 -0.04309491 -0.08413414 0.2614156
-0.08346893 -0.1293391 0.005485043 14102739 -0.03716892 -0.08875168 0.2641823
-0.07521767 -0.13687 0.003769502 14212822 -0.0308759 -0.09333482 0.2669365
-0.07521767 -0.13687 0.003769502 14322917 -0.0308759 -0.09333482 0.2669365
-0.0658682 -0.1448356 0.001738995 14453047 -0.02408575 -0.09772455 0.2694885
-0.05688119 -0.1508086 0.0007038862 14543128 -0.01729924 -0.1013995 0.2721308
-0.05688119 -0.1508086 0.0007038862 14653235 -0.01729924 -0.1013995 0.2721308
-0.04684204 -0.1572014 -0.0004638582 14773340 -0.01028339 -0.1050868 0.2745593
-0.03699599 -0.1623688 -0.0008204281 14893436 -0.003221897 -0.1084182 0.2769254
-0.03699599 -0.1623688 -0.0008204281 14993526 -0.003221897 -0.1084182 0.2769254
-0.02638067 -0.1667568 -0.0009634942 15103638 0.004449238 -0.1114609 0.2791193
-0.01635473 -0.1697534 -0.0008645654 15253765 0.01192912 -0.1140239 0.2809149
-0.005635133 -0.172453 -0.000232324 15373882 0.01935505 -0.1164348 0.282542
-0.005635133 -0.172453 -0.000232324 15594068 0.01935505 -0.1164348 0.282542
0.01397414 -0.1729804 0.003155082 15694167 0.03367984 -0.118817 0.2854846
0.01397414 -0.1729804 0.003155082 15934388 0.03367984 -0.118817 0.2854846
0.03133595 -0.1695945 0.006683901 16154586 0.04712692 -0.1190162 0.2868768
0.03960956 -0.1662052 0.008849114 16394795 0.05354812 -0.1180244 0.2873576
0.04771168 -0.1626074 0.01118626 16594980 0.05970162 -0.1167469 0.2874469
0.06254321 -0.1537976 0.01537439 16815170 0.07162229 -0.1127351 0.2865281
0.06893708 -0.148484 0.0172867 17045374 0.07692088 -0.1098023 0.2858546
0.07534102 -0.1431039 0.01909183 17265577 0.08212834 -0.1066088 0.2847267
0.08648883 -0.130718 0.02186325 17515819 0.09089322 -0.0980065 0.2819515
0.09113212 -0.1240112 0.0226168 17725988 0.09451544 -0.09271029 0.2803208
0.09540481 -0.1175699 0.02348113 17946191 0.09794679 -0.0875447 0.2787688
0.1042505 -0.1027379 0.02468064 18156393 0.1037557 -0.07573708 0.2749245
0.1088431 -0.09490615 0.02523792 18386613 0.1067093 -0.06977547 0.2727136
0.1124454 -0.08777563 0.02573563 18606795 0.1094917 -0.06379415 0.2708661
0.118205 -0.07357711 0.02477433 18826990 0.1132559 -0.05177798 0.2668812
0.120714 -0.06680441 0.02391542 19057194 0.1148208 -0.04588683 0.2647914
0.1237269 -0.05944938 0.02346802 19277400 0.1163092 -0.0399726 0.2625438
0.1287933 -0.04720409 0.0219368 19527614 0.1190219 -0.02943649 0.2580087
0.1304314 -0.04081528 0.02000636 19727799 0.119167 -0.02393458 0.2557468
0.1330128 -0.03450329 0.0195227 19968032 0.1201175 -0.018783 0.2534977
0.1368976 -0.02297228 0.01679131 20188222 0.1204074 -0.008649129 0.248808
0.1385239 -0.01741419 0.01563199 20398408 0.120139 -0.003466953 0.2467658
0.1400649 -0.01230303 0.01438448 20648646 0.1198237 0.001257119 0.244739
0.143651 -0.001123205 0.01273644 20848814 0.1198172 0.01037307 0.2408246
0.1445862 0.004713443 0.010644 21079030 0.1194878 0.01482 0.2389829
0.1468023 0.01489922 0.009029478 21289220 0.1192237 0.02257797 0.2362685
0.1468169 0.01941371 0.007148176 21519415 0.1188838 0.02596343 0.2353259
0.1472079 0.02303737 0.006026447 21769666 0.1189811 0.02911407 0.2344289
0.1478095 0.02817559 0.004505783 21959837 0.1189564 0.03388239 0.2331235
0.1477867 0.02988994 0.004314452 22210067 0.1190811 0.03561962 0.2330548
0.1482046 0.03016811 0.00548622 22420232 0.1193799 0.03654388 0.2332879
0.147432 0.03068805 0.00765422 22630426 0.119794 0.03777602 0.2351067
0.1467844 0.03042688 0.009138331 22860630 0.120415 0.03839474 0.2364799
0.1451988 0.03043338 0.01098423 23080825 0.120606 0.03842204 0.2389147
0.1416764 0.02974615 0.01469962 23331058 0.1211273 0.03823948 0.2441843
0.1391484 0.02983396 0.01608959 23531235 0.1210837 0.03806156 0.2473046
0.1379597 0.02852589 0.01913077 23761475 0.1215147 0.0375038 0.2501183
