0.05975909 0.0008041861 0.01097099 0 0.03164809 0.0211319 0.1491839
0.0594916 0.0008832046 0.008738218 110079 0.03245046 0.020904 0.1472091
0.0594916 0.0008832046 0.008738218 220182 0.03245046 0.020904 0.1472091
0.05903977 0.000998362 0.00617861 330282 0.03287768 0.02056702 0.1448828
0.05849462 0.001262406 0.003291357 470412 0.03307723 0.02019908 0.1422216
0.05849462 0.001262406 0.003291357 560501 0.03307723 0.02019908 0.1422216
0.05801319 0.001839124 0.0003352556 670600 0.03328322 0.02004508 0.139487
0.0572323 0.002638917 -0.002540599 800701 0.0334354 0.02020532 0.1368559
0.0572323 0.002638917 -0.002540599 890783 0.0334354 0.02020532 0.1368559
0.05635758 0.003639542 -0.005318828 1000882 0.0336365 0.02055209 0.1343377
0.0563257 0.003842121 -0.005867848 1131019 0.03267851 0.02207234 0.1334688
0.0563257 0.003842121 -0.005867848 1221105 0.03267851 0.02207234 0.1334688
0.05598545 0.004038914 -0.006063196 1341213 0.0312187 0.02267987 0.1330244
0.05569872 0.003567067 -0.005925532 1471314 0.02930271 0.02192652 0.1328996
0.05569872 0.003567067 -0.005925532 1561387 0.02930271 0.02192652 0.1328996
0.05430087 0.003515373 -0.006096727 1671506 0.02945677 0.02127654 0.1330922
0.05313772 0.003259058 -0.006134407 1801790 0.02931337 0.02108874 0.1332239
0.05313772 0.003259058 -0.006134407 1901710 0.02931337 0.02108874 0.1332239
0.05174984 0.002948942 -0.005987843 2011813 0.02824609 0.02103901 0.1333914
0.04962309 0.003262519 -0.006047247 2121912 0.02661763 0.02113912 0.1334426
0.04962309 0.003262519 -0.006047247 2231995 0.02661763 0.02113912 0.1334426
0.04714723 0.003585705 -0.006013153 2342111 0.02457973 0.02128087 0.1335713
0.04309148 0.003888738 -0.00610005 2462203 0.02212523 0.02127958 0.1337721
0.04309148 0.003888738 -0.00610005 2572306 0.02212523 0.02127958 0.1337721
0.03836939 0.004094361 -0.006193387 2682413 0.01933506 0.02124565 0.1339843
0.03273066 0.004170769 -0.006294962 2792509 0.01594783 0.02116964 0.1341885
0.03273066 0.004170769 -0.006294962 2902600 0.01594783 0.02116964 0.1341885
0.02653143 0.00414488 -0.006392114 3012719 0.01180968 0.02110234 0.1343273
0.01980973 0.003808281 -0.006419532 3122802 0.006802092 0.02091597 0.1344505
0.01980973 0.003808281 -0.006419532 3262920 0.006802092 0.02091597 0.1344505
0.01247127 0.003978737 -0.006441222 3342997 0.001092681 0.02088001 0.1345946
0.004844384 0.004277103 -0.006388465 3463101 -0.004869208 0.02093785 0.1348004
0.004844384 0.004277103 -0.006388465 3573204 -0.004869208 0.02093785 0.1348004
-0.002614567 0.004560709 -0.006367705 3683320 -0.01053405 0.02110553 0.1349468
-0.01015535 0.004678129 -0.006356541 3793398 -0.01600848 0.02122322 0.1350586
-0.01015535 0.004678129 -0.006356541 3903502 -0.01600848 0.02122322 0.1350586
-0.01794613 0.005052041 -0.006474942 4013617 -0.02162247 0.0213627 0.1350407
-0.02522659 0.00523779 -0.006477484 4133709 -0.02710661 0.02134876 0.1350963
-0.02522659 0.00523779 -0.006477484 4243808 -0.02710661 0.02134876 0.1350963
-0.0322093 0.006113346 -0.006607799 4353904 -0.03255617 0.02153804 0.1350545
-0.03843012 0.006732299 -0.00658612 4474032 -0.03776364 0.0218204 0.1351113
-0.03843012 0.006732299 -0.00658612 4574118 -0.03776364 0.0218204 0.1351113
-0.04407006 0.007337506 -0.006636961 4694231 -0.04236023 0.02228589 0.1350665
-0.04968373 0.00787214 -0.006641859 4804330 -0.04657928 0.0227541 0.1350449
-0.04968373 0.00787214 -0.006641859 4914421 -0.04657928 0.0227541 0.1350449
-0.05511088 0.008029059 -0.006701857 5024520 -0.05030128 0.02296074 0.134932
-0.0604411 0.007846096 -0.006683602 5134611 -0.05391151 0.02278206 0.134881
-0.0604411 0.007846096 -0.006683602 5244706 -0.05391151 0.02278206 0.134881
-0.06530683 0.007658337 -0.006668084 5364827 -0.05752017 0.02237639 0.1348557
-0.06957882 0.007599289 -0.006737519 5474934 -0.06111998 0.02210459 0.1347697
-0.06957882 0.007599289 -0.006737519 5585017 -0.06111998 0.02210459 0.1347697
-0.07328648 0.007743421 -0.006780922 5695137 -0.06453123 0.02210144 0.1347233
-0.07661554 0.007853744 -0.006763361 5805212 -0.06755824 0.02223971 0.134719
-0.07661554 0.007853744 -0.006763361 5915311 -0.06755824 0.02223971 0.134719
-0.07902734 0.007921521 -0.006756037 6025410 -0.07012739 0.02230771 0.1347363
-0.08082625 0.008032475 -0.006727956 6145518 -0.07231337 0.02226104 0.1348041
-0.08082625 0.008032475 -0.006727956 6255622 -0.07231337 0.02226104 0.1348041
-0.08179323 0.008180297 -0.006704838 6375726 -0.07378399 0.02221241 0.1348762
-0.08141894 0.00806387 -0.006639 6475820 -0.07469757 0.02241616 0.134977
-0.08141894 0.00806387 -0.006639 6595928 -0.07469757 0.02241616 0.134977
-0.08168169 0.008163814 -0.006682822 6706031 -0.0739016 0.02219415 0.1349112
-0.08143157 0.008143637 -0.006676293 6816131 -0.07282688 0.02180738 0.1349058
-0.08143157 0.008143637 -0.006676293 6926242 -0.07282688 0.02180738 0.1349058
-0.08147305 0.008061551 -0.00665238 7036337 -0.07190454 0.02133504 0.134905
-0.08140323 0.00806739 -0.006625002 7146432 -0.07148677 0.02114752 0.1349265
-0.08140323 0.00806739 -0.006625002 7256536 -0.07148677 0.02114752 0.1349265
-0.08139642 0.007995215 -0.006588045 7376636 -0.07134734 0.02112942 0.1349491
-0.08146312 0.0079517 -0.006559019 7476726 -0.07132758 0.02142674 0.1349399
-0.08146312 0.0079517 -0.006559019 7596838 -0.07132758 0.02142674 0.1349399
-0.08148348 0.00774038 -0.006346998 7706925 -0.07122923 0.02217942 0.1350482
-0.08101087 0.006876508 -0.00463613 7827046 -0.07071893 0.02374055 0.1364876
-0.08101087 0.006876508 -0.00463613 7927124 -0.07071893 0.02374055 0.1364876
-0.07980251 0.005973907 -0.001246028 8037235 -0.07031946 0.02502708 0.1396557
-0.07804062 0.004578705 0.003426134 8157331 -0.07000607 0.02569401 0.1441238
-0.07804062 0.004578705 0.003426134 8257426 -0.07000607 0.02569401 0.1441238
-0.07566147 0.003331322 0.008709528 8377558 -0.06945252 0.02591475 0.1492715
-0.07315382 0.001659406 0.01430533 8487661 -0.06894544 0.02571888 0.1546965
