0.0485988 0.009180107 0.02549387 0 0.01200643 0.003326415 0.163091
0.04905601 0.008359821 0.02415345 110116 0.01254796 0.003341507 0.161806
0.04905601 0.008359821 0.02415345 220215 0.01254796 0.003341507 0.161806
0.04952033 0.007440003 0.0227558 340331 0.01314949 0.003318937 0.1604744
0.04994112 0.007056488 0.02127478 450426 0.01364257 0.003368618 0.1590248
0.04994112 0.007056488 0.02127478 580531 0.01364257 0.003368618 0.1590248
0.05036082 0.006557137 0.01964896 670609 0.01422671 0.00345348 0.1574566
0.05041379 0.006147146 0.01769464 780708 0.01479833 0.00356855 0.155648
0.05041379 0.006147146 0.01769464 890807 0.01479833 0.00356855 0.155648
0.05050424 0.006330112 0.01540894 1010931 0.01543878 0.004023526 0.153508
0.05020185 0.006418369 0.01245271 1121031 0.01596797 0.004500873 0.1507662
0.05020185 0.006418369 0.01245271 1251136 0.01596797 0.004500873 0.1507662
0.04924418 0.006416699 0.00892482 1341233 0.01620068 0.005093386 0.1475344
0.04819974 0.00729365 0.005188292 1451312 0.01634548 0.00615257 0.1440777
0.04819974 0.00729365 0.005188292 1561428 0.01634548 0.00615257 0.1440777
0.04697428 0.0084188 0.001307233 1671506 0.01612096 0.007384446 0.1404232
0.04522494 0.009714247 -0.002813143 1791676 0.01546612 0.008870899 0.1365423
0.04522494 0.009714247 -0.002813143 1901718 0.01546612 0.008870899 0.1365423
0.04337605 0.01164589 -0.006906315 2011837 0.0145878 0.01057032 0.1326513
0.04380841 0.01220074 -0.00669713 2122018 0.01065532 0.01448204 0.1318738
0.04380841 0.01220074 -0.00669713 2232028 0.01065532 0.01448204 0.1318738
0.04208502 0.01633114 -0.007021317 2342111 0.009882805 0.0149325 0.1317854
0.04188228 0.02030554 -0.006777362 2462243 0.01052221 0.0152092 0.1321357
0.04188228 0.02030554 -0.006777362 2562317 0.01052221 0.0152092 0.1321357
0.0415546 0.02381418 -0.006660726 2672413 0.01088098 0.01696443 0.1323301
0.04052549 0.02718095 -0.00664106 2802546 0.01014763 0.01897556 0.1323413
0.04052549 0.02718095 -0.00664106 2902620 0.01014763 0.01897556 0.1323413
0.03900152 0.03081389 -0.006631038 3012735 0.008597545 0.02105836 0.1322454
0.03713959 0.0346624 -0.006582937 3132827 0.00682655 0.02287278 0.1321556
0.03713959 0.0346624 -0.006582937 3232918 0.00682655 0.02287278 0.1321556
0.03442213 0.03846575 -0.006635023 3343033 0.004830283 0.02445338 0.1320525
0.03158667 0.04272166 -0.00659747 3483163 0.002690292 0.02651031 0.131997
0.03158667 0.04272166 -0.00659747 3573224 0.002690292 0.02651031 0.131997
0.02884557 0.04574022 -0.006602161 3683506 0.0004771237 0.02835905 0.1319596
0.02583731 0.04841146 -0.006642383 3823446 -0.00180648 0.03011422 0.1319479
0.02583731 0.04841146 -0.006642383 3903534 -0.00180648 0.03011422 0.1319479
0.02243262 0.05111268 -0.006721782 4023651 -0.004268024 0.03182089 0.1319186
0.01846327 0.05370362 -0.006744236 4153744 -0.0072502 0.03348865 0.1319512
0.01846327 0.05370362 -0.006744236 4243837 -0.0072502 0.03348865 0.1319512
0.01392835 0.05641938 -0.006742694 4353940 -0.01078437 0.0351548 0.1319777
0.009004272 0.05890825 -0.006622614 4464043 -0.01466226 0.03663355 0.1321217
0.009004272 0.05890825 -0.006622614 4574143 -0.01466226 0.03663355 0.1321217
0.003605084 0.06111011 -0.006481087 4694255 -0.01866223 0.0377652 0.1323189
-0.001801111 0.06281941 -0.006277727 4804354 -0.02271015 0.0386904 0.1325994
-0.001801111 0.06281941 -0.006277727 4914453 -0.02271015 0.0386904 0.1325994
-0.007442606 0.06384819 -0.006194266 5024532 -0.0270252 0.03936208 0.1328136
-0.01311562 0.06428648 -0.006146018 5134627 -0.03137715 0.0397923 0.1330402
-0.01311562 0.06428648 -0.006146018 5254740 -0.03137715 0.0397923 0.1330402
-0.01910083 0.0645659 -0.006079294 5354826 -0.03588233 0.04006344 0.1332916
-0.02514424 0.06384326 -0.006081283 5474954 -0.04033855 0.03976864 0.1335461
-0.02514424 0.06384326 -0.006081283 5585054 -0.04033855 0.03976864 0.1335461
-0.03108062 0.06271216 -0.006039926 5695149 -0.04473474 0.03903626 0.1338145
-0.03675075 0.06086534 -0.006072919 5805252 -0.04903952 0.03768319 0.1339907
-0.0422158 0.05814335 -0.006116904 5945358 -0.05310719 0.03559972 0.1341664
-0.0422158 0.05814335 -0.006116904 6025451 -0.05310719 0.03559972 0.1341664
-0.04756042 0.0548468 -0.00616014 6145543 -0.05700072 0.03317617 0.1343657
-0.04756042 0.0548468 -0.00616014 6255654 -0.05700072 0.03317617 0.1343657
-0.05283114 0.05067898 -0.006183721 6365737 -0.06076397 0.03044691 0.1346495
-0.05773114 0.04601608 -0.006149381 6475836 -0.06447654 0.02742061 0.134971
-0.05773114 0.04601608 -0.006149381 6585935 -0.06447654 0.02742061 0.134971
-0.06198046 0.0406755 -0.00609806 6696035 -0.06782467 0.02376717 0.1352745
-0.06573004 0.03503261 -0.006015933 6806142 -0.07062554 0.01949555 0.1355499
-0.06573004 0.03503261 -0.006015933 6926266 -0.07062554 0.01949555 0.1355499
-0.06843279 0.02967105 -0.005799263 7036341 -0.072802 0.01510625 0.1358871
-0.0713698 0.02303913 -0.005848635 7156454 -0.07491089 0.009973714 0.136007
-0.0713698 0.02303913 -0.005848635 7256548 -0.07491089 0.009973714 0.136007
-0.07342193 0.01660325 -0.005854457 7366671 -0.07663548 0.004949773 0.1361319
-0.07478825 0.009383777 -0.005912534 7476754 -0.07788462 -0.0003140776 0.1362234
-0.07478825 0.009383777 -0.005912534 7596863 -0.07788462 -0.0003140776 0.1362234
-0.07524335 0.002189833 -0.006038336 7706962 -0.07840367 -0.005465251 0.1362208
-0.07491552 -0.004213397 -0.006100464 7817057 -0.07809708 -0.01031919 0.1362331
-0.07491552 -0.004213397 -0.006100464 7927144 -0.07809708 -0.01031919 0.1362331
-0.07360198 -0.01082926 -0.006228074 8047252 -0.07707688 -0.01532349 0.1361586
-0.07141536 -0.0183569 -0.00628274 8147359 -0.07542802 -0.02056884 0.1361436
-0.06841083 -0.02431036 -0.006376734 8267451 -0.07316539 -0.02513217 0.1360415
-0.06841083 -0.02431036 -0.006376734 8377574 -0.07316539 -0.02513217 0.1360415
-0.06445514 -0.03026762 -0.006384288 8487661 -0.07021338 -0.02942512 0.1359968
-0.06445514 -0.03026762 -0.006384288 8597769 -0.07021338 -0.02942512 0.1359968
-0.06011556 -0.03589564 -0.006417009 8707864 -0.06674928 -0.03362941 0.1359105
-0.0550896 -0.04107976 -0.006429931 8827956 -0.06283205 -0.03721729 0.1358071
-0.04981259 -0.04563036 -0.006485506 8938055 -0.05876274 -0.04048282 0.13564
-0.04981259 -0.04563036 -0.006485506 9048154 -0.05876274 -0.04048282 0.13564
-0.04408656 -0.04989098 -0.006479882 9158258 -0.05430567 -0.04345113 0.1355072
-0.03796298 -0.05321123 -0.006492906 9268361 -0.04950426 -0.04613328 0.1353625
-0.03796298 -0.05321123 -0.006492906 9378456 -0.04950426 -0.04613328 0.1353625
-0.03164807 -0.05648931 -0.006447364 9498581 -0.04448806 -0.04852684 0.1352495
-0.02509515 -0.05882831 -0.006475146 9598655 -0.03939283 -0.05019042 0.1350424
-0.02509515 -0.05882831 -0.006475146 9718763 -0.03939283 -0.05019042 0.1350424
-0.01826257 -0.06095111 -0.006526371 9828862 -0.03409393 -0.05142459 0.1347707
-0.01124772 -0.06267538 -0.006528095 9938961 -0.02870392 -0.05212937 0.1345049
-0.01124772 -0.06267538 -0.006528095 10049089 -0.02870392 -0.05212937 0.1345049
-0.004269218 -0.06373091 -0.006603345 10169177 -0.02311071 -0.05266885 0.1342117
0.002463698 -0.06420669 -0.006646915 10279268 -0.01754979 -0.05309198 0.1340022
0.002463698 -0.06420669 -0.006646915 10389379 -0.01754979 -0.05309198 0.1340022
0.008950463 -0.06386633 -0.006689454 10499466 -0.01221623 -0.05329017 0.1338323
0.01458818 -0.06282935 -0.006769529 10609594 -0.007406464 -0.05290331 0.1336725
0.01458818 -0.06282935 -0.006769529 10719685 -0.007406464 -0.05290331 0.1336725
0.02011313 -0.06109587 -0.006806313 10829784 -0.003095682 -0.05174236 0.1334795
0.02514179 -0.05893829 -0.006827594 10949893 0.0009839736 -0.04982534 0.1333138
0.02514179 -0.05893829 -0.006827594 11059988 0.0009839736 -0.04982534 0.1333138
0.03013863 -0.05610328 -0.006900438 11170067 0.004874635 -0.04744116 0.1330744
0.03478985 -0.05300047 -0.006912656 11280170 0.008607337 -0.04486924 0.1329251
0.03478985 -0.05300047 -0.006912656 11390289 0.008607337 -0.04486924 0.1329251
0.0387479 -0.04940965 -0.007029155 11500385 0.0120631 -0.04219996 0.1327642
0.0422687 -0.04508502 -0.007130509 11610464 0.01510843 -0.03937048 0.1326404
0.0422687 -0.04508502 -0.007130509 11720575 0.01510843 -0.03937048 0.1326404
0.04520827 -0.04062594 -0.007202332 11840691 0.01756834 -0.03624952 0.1325229
0.04775108 -0.03627487 -0.00726369 11950791 0.01960164 -0.03284813 0.1323863
0.04775108 -0.03627487 -0.00726369 12060894 0.01960164 -0.03284813 0.1323863
0.04989351 -0.0317082 -0.00731993 12170969 0.02137432 -0.02928486 0.132276
0.05159987 -0.02745474 -0.0073992 12291097 0.02293722 -0.02586754 0.1321794
0.05159987 -0.02745474 -0.0073992 12401192 0.02293722 -0.02586754 0.1321794
0.05276415 -0.02290548 -0.007374366 12511296 0.02412457 -0.02273501 0.1322179
0.05310326 -0.01829194 -0.007379483 12621379 0.02476823 -0.01947796 0.13227
0.05310326 -0.01829194 -0.007379483 12731474 0.02476823 -0.01947796 0.13227
0.05273137 -0.01358007 -0.007358913 12841585 0.02466623 -0.01637579 0.1323221
0.0525141 -0.008743041 -0.007077437 12951684 0.02433388 -0.01310871 0.1325401
0.0525141 -0.008743041 -0.007077437 13061788 0.02433388 -0.01310871 0.1325401
0.05181887 -0.00496496 -0.007023282 13181904 0.02374367 -0.01020405 0.1325854
0.0508755 -0.001510621 -0.006996191 13291983 0.02326486 -0.00783704 0.1326601
0.0508755 -0.001510621 -0.006996191 13402099 0.02326486 -0.00783704 0.1326601
0.05011242 0.001188693 -0.006853816 13532196 0.02290289 -0.005871027 0.132846
0.04904899 0.003751776 -0.006790772 13622277 0.02233469 -0.004259762 0.1329533
0.04904899 0.003751776 -0.006790772 13732376 0.02233469 -0.004259762 0.1329533
0.0478529 0.005800469 -0.006745309 13872531 0.02159029 -0.003146401 0.1330276
0.0469359 0.00708351 -0.006745381 13962608 0.02084002 -0.002252704 0.1330333
0.0469359 0.00708351 -0.006745381 14072687 0.02084002 -0.002252704 0.1330333
0.04632289 0.007904852 -0.006737707 14182956 0.02037111 -0.001663345 0.1330522
0.04638152 0.007623812 -0.006767889 14292881 0.02032609 -0.0008711417 0.133072
0.04638152 0.007623812 -0.006767889 14412989 0.02032609 -0.0008711417 0.133072
0.04630844 0.007543616 -0.006798867 14523093 0.0206153 -0.0008715605 0.1331128
0.04620564 0.00758873 -0.006813825 14633192 0.02077181 -0.001379893 0.1331109
0.04620564 0.00758873 -0.006813825 14743303 0.02077181 -0.001379893 0.1331109
0.04619403 0.007725513 -0.006815059 14853398 0.02071432 -0.001873108 0.1330595
0.04619515 0.007916003 -0.006791995 14963494 0.02066522 -0.002138288 0.1330414
0.04619515 0.007916003 -0.006791995 15073589 0.02066522 -0.002138288 0.1330414
0.04618934 0.008147111 -0.006731565 15193713 0.02082109 -0.002138864 0.1331144
0.04640172 0.008361291 -0.006588081 15303808 0.02118907 -0.001689261 0.1333032
0.04640172 0.008361291 -0.006588081 15413895 0.02118907 -0.001689261 0.1333032
0.04641495 0.008526564 -0.006626928 15524031 0.02149734 -0.0009936116 0.1333542
0.04644612 0.008669565 -0.006660889 15634110 0.02170053 -5.40044E-05 0.1334027
0.04644612 0.008669565 -0.006660889 15754206 0.02170053 -5.40044E-05 0.1334027
0.04645517 0.00867763 -0.006669893 15864305 0.02156607 0.0007543411 0.1334158
0.04650799 0.008583498 -0.006718359 15974413 0.021045 0.001338497 0.1333009
0.04650799 0.008583498 -0.006718359 16084504 0.021045 0.001338497 0.1333009
0.04666294 0.008259312 -0.00642286 16194599 0.0199953 0.00151649 0.1333971
0.04683894 0.008807437 -0.004927018 16314727 0.01813297 0.001853091 0.1344783
0.04683894 0.008807437 -0.004927018 16424802 0.01813297 0.001853091 0.1344783
0.0466112 0.00948446 -0.002553595 16524897 0.0165042 0.002174226 0.1365377
0.04632126 0.01065549 0.0004107639 16645005 0.01551021 0.002164941 0.1392806
