0.04996893 0.006773821 -0.006598691 0 0.006611003 -0.04881664 0.1172401
0.04996893 0.006773821 -0.006598691 110103 0.006611003 -0.04881664 0.1172401
0.05066577 0.00854823 -0.006503688 220182 0.006885468 -0.04665847 0.1173581
0.0511473 0.0109103 -0.006429448 330281 0.007883652 -0.04456717 0.1174929
0.0511473 0.0109103 -0.006429448 450393 0.007883652 -0.04456717 0.1174929
0.0513845 0.01385719 -0.006405331 560509 0.008967814 -0.04222975 0.1175355
0.05152243 0.01690576 -0.006409218 670600 0.009576005 -0.03966831 0.1174702
0.05152243 0.01690576 -0.006409218 780687 0.009576005 -0.03966831 0.1174702
0.05124798 0.02045742 -0.006408532 900815 0.009755727 -0.03688606 0.11727
0.05031359 0.02448777 -0.006314051 1000897 0.009258045 -0.03357461 0.1171746
0.05031359 0.02448777 -0.006314051 1120994 0.009258045 -0.03357461 0.1171746
0.04888123 0.02824836 -0.006453544 1231093 0.00812837 -0.02994706 0.1170728
0.0470129 0.03228646 -0.006438605 1341196 0.006683206 -0.02606015 0.1171552
0.0470129 0.03228646 -0.006438605 1461304 0.006683206 -0.02606015 0.1171552
0.04457108 0.03617896 -0.006400641 1561390 0.00534786 -0.02241719 0.117431
0.04178734 0.03996281 -0.006421428 1671502 0.00408497 -0.01883904 0.1177846
0.04178734 0.03996281 -0.006421428 1781589 0.00408497 -0.01883904 0.1177846
0.03897521 0.04357639 -0.006283278 1901713 0.002725738 -0.01551088 0.1182194
0.03524301 0.04720295 -0.006095607 2011800 0.0007996606 -0.01235485 0.1186953
0.03524301 0.04720295 -0.006095607 2122062 0.0007996606 -0.01235485 0.1186953
0.03147358 0.05022018 -0.006124618 2231999 -0.001594554 -0.009436987 0.1189904
0.02773562 0.05279031 -0.006043642 2342098 -0.004493684 -0.006890089 0.119279
0.02773562 0.05279031 -0.006043642 2452197 -0.004493684 -0.006890089 0.119279
0.02345281 0.05469904 -0.006102171 2572318 -0.00769432 -0.004900099 0.1195324
0.01862571 0.05593779 -0.006414531 2682409 -0.01122816 -0.003417461 0.1196487
0.01862571 0.05593779 -0.006414531 2792532 -0.01122816 -0.003417461 0.1196487
0.01437877 0.05688477 -0.006529955 2902607 -0.01455043 -0.002303659 0.119827
0.009967276 0.0573092 -0.006647761 3012698 -0.01813251 -0.001542932 0.120053
0.009967276 0.0573092 -0.006647761 3122798 -0.01813251 -0.001542932 0.120053
0.005565992 0.05739262 -0.006248891 3232917 -0.02180926 -0.001531251 0.1205771
0.0007240376 0.05688946 -0.00624975 3353021 -0.02554565 -0.002034944 0.1208095
0.0007240376 0.05688946 -0.00624975 3483122 -0.02554565 -0.002034944 0.1208095
-0.003926867 0.05589109 -0.006196597 3573204 -0.02931709 -0.003282716 0.1209256
-0.00837878 0.05447579 -0.006097161 3693316 -0.03297305 -0.005150442 0.12097
-0.00837878 0.05447579 -0.006097161 3803415 -0.03297305 -0.005150442 0.12097
-0.0129497 0.05224702 -0.006179843 3913535 -0.03658371 -0.007600689 0.1209655
-0.01762566 0.04986408 -0.006259942 4023614 -0.04039402 -0.01025751 0.1209142
-0.01762566 0.04986408 -0.006259942 4153727 -0.04039402 -0.01025751 0.1209142
-0.02220412 0.0470762 -0.006320168 4253825 -0.04443426 -0.01318636 0.1208824
-0.02626472 0.04408238 -0.006317158 4353923 -0.04840431 -0.01624526 0.1208703
-0.03012852 0.04084588 -0.006342032 4494033 -0.05179838 -0.01950274 0.1209164
-0.03012852 0.04084588 -0.006342032 4574106 -0.05179838 -0.01950274 0.1209164
-0.03353007 0.03697173 -0.006337902 4684205 -0.05455679 -0.02316906 0.1211266
-0.03666715 0.03279177 -0.006353462 4824351 -0.0570626 -0.02708154 0.1213394
-0.03666715 0.03279177 -0.006353462 4914424 -0.0570626 -0.02708154 0.1213394
-0.03984428 0.02837662 -0.006407466 5024528 -0.05974874 -0.03154817 0.1213387
-0.03984428 0.02837662 -0.006407466 5134696 -0.05974874 -0.03154817 0.1213387
-0.04242532 0.02390565 -0.006407371 5254735 -0.06236427 -0.03650844 0.1211027
-0.04464206 0.01909843 -0.006422665 5364838 -0.06465356 -0.04166617 0.1209094
-0.04464206 0.01909843 -0.006422665 5474925 -0.06465356 -0.04166617 0.1209094
-0.04637638 0.0140008 -0.006387819 5585021 -0.06612656 -0.04684867 0.1209445
-0.04745305 0.008354219 -0.006385608 5695116 -0.06689857 -0.05181567 0.121316
-0.04745305 0.008354219 -0.006385608 5805235 -0.06689857 -0.05181567 0.121316
-0.04764008 0.002298308 -0.00635891 5925348 -0.06709641 -0.05695073 0.1217709
-0.04724878 -0.004003 -0.006478144 6025430 -0.06690017 -0.06268233 0.1218839
-0.04724878 -0.004003 -0.006478144 6145542 -0.06690017 -0.06268233 0.1218839
-0.04650066 -0.009772072 -0.006418484 6255641 -0.06640748 -0.06935921 0.1214851
-0.04558196 -0.0152617 -0.006404488 6365724 -0.06549989 -0.07611886 0.120898
-0.04558196 -0.0152617 -0.006404488 6475832 -0.06549989 -0.07611886 0.120898
-0.04403614 -0.02060042 -0.006374696 6595936 -0.06431324 -0.08226088 0.1204838
-0.04205973 -0.02617945 -0.006482321 6706043 -0.06304844 -0.08738955 0.1204785
-0.04205973 -0.02617945 -0.006482321 6816126 -0.06304844 -0.08738955 0.1204785
-0.03958868 -0.0317985 -0.006896023 6926258 -0.06141013 -0.09158102 0.1206035
-0.0363521 -0.03703676 -0.006983861 7036341 -0.05901189 -0.09585747 0.1208164
-0.0363521 -0.03703676 -0.006983861 7146424 -0.05901189 -0.09585747 0.1208164
-0.03272204 -0.04162524 -0.007018181 7256539 -0.05592147 -0.1003921 0.12071
-0.02902037 -0.04539689 -0.006960267 7376631 -0.05241892 -0.1049881 0.120349
-0.02902037 -0.04539689 -0.006960267 7486747 -0.05241892 -0.1049881 0.120349
-0.02563179 -0.0485024 -0.006992974 7616852 -0.04891515 -0.1089002 0.1199567
-0.02165398 -0.05107324 -0.006882757 7706929 -0.04588474 -0.1115272 0.1198628
-0.01762045 -0.05343022 -0.007024144 7817040 -0.04318929 -0.1128996 0.1199241
-0.01762045 -0.05343022 -0.007024144 7927148 -0.04318929 -0.1128996 0.1199241
-0.01294756 -0.05537302 -0.0069963 8037255 -0.04008256 -0.1136224 0.1201924
-0.008019083 -0.05704034 -0.007057158 8147346 -0.03634022 -0.1142145 0.1203606
-0.008019083 -0.05704034 -0.007057158 8267442 -0.03634022 -0.1142145 0.1203606
-0.00342081 -0.05811407 -0.007194479 8377537 -0.03192976 -0.1149822 0.1203183
0.001238895 -0.05851681 -0.007122297 8487637 -0.02761051 -0.1153745 0.1203185
0.001238895 -0.05851681 -0.007122297 8597744 -0.02761051 -0.1153745 0.1203185
0.005773349 -0.05855205 -0.00714546 8707847 -0.0235799 -0.1151412 0.1202998
0.01018448 -0.0580756 -0.007093243 8817934 -0.01996357 -0.1141136 0.12041
0.01018448 -0.0580756 -0.007093243 8938079 -0.01996357 -0.1141136 0.12041
0.01495379 -0.0575624 -0.007197271 9048158 -0.01647967 -0.1125182 0.1204665
0.01941941 -0.05680529 -0.007242714 9158237 -0.0127374 -0.1109191 0.1206005
0.01941941 -0.05680529 -0.007242714 9268340 -0.0127374 -0.1109191 0.1206005
0.02345269 -0.05549757 -0.007337666 9378456 -0.00872826 -0.109367 0.1206026
0.02726052 -0.05374808 -0.007280679 9488555 -0.004805658 -0.1077376 0.1206378
0.02726052 -0.05374808 -0.007280679 9598634 -0.004805658 -0.1077376 0.1206378
0.03081819 -0.05170524 -0.007213105 9718799 -0.001378834 -0.1058192 0.1206199
0.03440867 -0.04964011 -0.007237007 9828857 0.001610409 -0.1034518 0.1205708
0.03440867 -0.04964011 -0.007237007 9938944 0.001610409 -0.1034518 0.1205708
0.03770058 -0.04730149 -0.007248104 10049056 0.004248724 -0.1006679 0.1205769
0.04084543 -0.04485896 -0.007256747 10159143 0.006834676 -0.09783996 0.1205812
0.04084543 -0.04485896 -0.007256747 10269238 0.006834676 -0.09783996 0.1205812
0.04370489 -0.04215724 -0.007311243 10379337 0.009661148 -0.09503596 0.1205602
0.04636352 -0.03936598 -0.007441625 10499450 0.01262177 -0.0924587 0.1204212
0.04636352 -0.03936598 -0.007441625 10609545 0.01262177 -0.0924587 0.1204212
0.04862482 -0.03615663 -0.007257072 10719660 0.01518164 -0.08969699 0.1204975
0.05050959 -0.03303872 -0.007357714 10839752 0.01727698 -0.08664093 0.1204259
0.05050959 -0.03303872 -0.007357714 10949851 0.01727698 -0.08664093 0.1204259
0.05243511 -0.0300299 -0.007380479 11059971 0.01889004 -0.08329254 0.1204634
0.05427767 -0.0271154 -0.00735784 11170070 0.0203046 -0.08000059 0.1205297
0.05427767 -0.0271154 -0.00735784 11280173 0.0203046 -0.08000059 0.1205297
0.05560006 -0.0241443 -0.007404226 11390256 0.02184428 -0.07698075 0.120561
0.05656214 -0.02107833 -0.007470538 11500352 0.02348417 -0.07425494 0.1205308
0.05656214 -0.02107833 -0.007470538 11620464 0.02348417 -0.07425494 0.1205308
0.05727369 -0.01810961 -0.007426738 11730559 0.02482197 -0.07175989 0.1205373
0.05801146 -0.01548421 -0.00746902 11840662 0.02570546 -0.06923299 0.1204905
0.05801146 -0.01548421 -0.00746902 11950774 0.02570546 -0.06923299 0.1204905
0.05838054 -0.01276549 -0.007399415 12060865 0.0261431 -0.06663201 0.1205278
0.0587482 -0.01014977 -0.007341562 12180961 0.02649629 -0.06417173 0.1205165
0.0587482 -0.01014977 -0.007341562 12311078 0.02649629 -0.06417173 0.1205165
0.05890199 -0.007800479 -0.00738004 12401159 0.02677269 -0.06194872 0.1204555
0.05896363 -0.005349478 -0.007393083 12511259 0.02708497 -0.05992756 0.1203223
0.05896363 -0.005349478 -0.007393083 12641376 0.02708497 -0.05992756 0.1203223
0.05897623 -0.003170424 -0.007418418 12731477 0.02730125 -0.05800625 0.1202373
0.05881797 -0.001120322 -0.007390845 12841812 0.02742024 -0.05610031 0.1202713
0.05881797 -0.001120322 -0.007390845 12951656 0.02742024 -0.05610031 0.1202713
0.05864297 0.0005680354 -0.007376562 13071768 0.02747969 -0.05423914 0.1204173
0.05844864 0.002035287 -0.007415712 13181879 0.02753483 -0.05239131 0.1206012
0.05844864 0.002035287 -0.007415712 13291962 0.02753483 -0.05239131 0.1206012
0.05853695 0.003488407 -0.007394992 13402061 0.02776669 -0.05091662 0.1206657
0.05824554 0.004689462 -0.007499801 13512165 0.02783663 -0.04959177 0.1206996
0.05824554 0.004689462 -0.007499801 13632273 0.02783663 -0.04959177 0.1206996
0.05814704 0.005759139 -0.007464373 13742372 0.02779108 -0.04824802 0.1208633
0.05798685 0.006435272 -0.007506769 13842483 0.0277705 -0.0469266 0.1211235
0.05798685 0.006435272 -0.007506769 13962717 0.0277705 -0.0469266 0.1211235
0.05813608 0.006662495 -0.007446548 14072682 0.0280489 -0.04577225 0.1215946
0.05803129 0.006214961 -0.007618111 14182769 0.02837779 -0.0451645 0.1219468
0.05803129 0.006214961 -0.007618111 14292868 0.02837779 -0.0451645 0.1219468
0.05809684 0.006496594 -0.007459066 14412977 0.02869555 -0.04519961 0.1220373
0.05810436 0.00653543 -0.007455379 14523072 0.02875281 -0.04521287 0.1220315
0.05810436 0.00653543 -0.007455379 14633187 0.02875281 -0.04521287 0.1220315
0.05806353 0.006536685 -0.007494648 14743286 0.02853653 -0.04519978 0.121957
0.05800437 0.006554022 -0.007499354 14853386 0.02821875 -0.04498539 0.1219717
0.05800437 0.006554022 -0.007499354 14973506 0.02821875 -0.04498539 0.1219717
0.05809208 0.006528194 -0.007464421 15083585 0.02782548 -0.04475753 0.1219959
0.05812977 0.006601078 -0.007334768 15183687 0.02735736 -0.04452043 0.1220712
0.05812977 0.006601078 -0.007334768 15303796 0.02735736 -0.04452043 0.1220712
0.05802596 0.006186252 -0.007303239 15413891 0.02670901 -0.04420945 0.1222567
0.05861578 0.005889936 -0.006063703 15523982 0.02502668 -0.04473238 0.122837
0.05861578 0.005889936 -0.006063703 15634089 0.02502668 -0.04473238 0.122837
0.05944139 0.006559959 -0.002568956 15754181 0.02231137 -0.04718686 0.1240758
0.05968281 0.00677362 0.001841338 15864305 0.02001521 -0.05003005 0.1263647
0.06005871 0.006550585 0.007287527 15994414 0.01784299 -0.05305753 0.1296434
0.06005871 0.006550585 0.007287527 16084479 0.01784299 -0.05305753 0.1296434
