0.1477156 0.00641426 -0.006939698 0 0.1891977 0.005008118 0.1293816
0.1475203 0.008345097 -0.007028448 110116 0.1892412 0.005552564 0.1291987
0.1473393 0.01128817 -0.006887767 220199 0.1889761 0.006728335 0.1293174
0.1473393 0.01128817 -0.006887767 330302 0.1889761 0.006728335 0.1293174
0.1470701 0.01416745 -0.006933691 450406 0.1884607 0.008381625 0.1292999
0.1469148 0.01819132 -0.00706986 560506 0.1877915 0.01093777 0.1292486
0.1463227 0.02280725 -0.007112892 670605 0.187072 0.01439159 0.129177
0.1463227 0.02280725 -0.007112892 780704 0.187072 0.01439159 0.129177
0.1454464 0.02806222 -0.007272076 890823 0.1864173 0.01844544 0.1288718
0.1436429 0.03377419 -0.007187715 1000915 0.185745 0.02282172 0.1285094
0.1436429 0.03377419 -0.007187715 1121011 0.185745 0.02282172 0.1285094
0.1411676 0.04006385 -0.007084781 1231256 0.1846195 0.0275785 0.1280533
0.1375461 0.04646836 -0.006700737 1341229 0.1826741 0.03264786 0.1277563
0.1375461 0.04646836 -0.006700737 1471343 0.1826741 0.03264786 0.1277563
0.1343037 0.05347238 -0.006648346 1561412 0.1799961 0.03813891 0.1274536
0.1304664 0.06099872 -0.006446855 1671519 0.176551 0.0440143 0.1273215
0.1304664 0.06099872 -0.006446855 1801640 0.176551 0.0440143 0.1273215
0.1264047 0.06776284 -0.006692965 1901714 0.1727448 0.04979139 0.1268581
0.12195 0.07516445 -0.006582938 2011813 0.1689241 0.05585249 0.1265589
0.12195 0.07516445 -0.006582938 2141947 0.1689241 0.05585249 0.1265589
0.1170268 0.0824112 -0.006447179 2232020 0.1653397 0.06193676 0.1260402
0.1119083 0.08923127 -0.006584419 2342119 0.1615012 0.0679988 0.1253094
0.1119083 0.08923127 -0.006584419 2462219 0.1615012 0.0679988 0.1253094
0.1058452 0.09622913 -0.006398609 2562322 0.1568064 0.07392807 0.1247954
0.09940533 0.1028475 -0.006323317 2682426 0.1512873 0.07959408 0.1243434
0.09940533 0.1028475 -0.006323317 2802538 0.1512873 0.07959408 0.1243434
0.09295668 0.1092514 -0.006249635 2902612 0.1455549 0.08522628 0.1239904
0.08601493 0.1155995 -0.005951842 3012724 0.139587 0.09061231 0.123709
0.08601493 0.1155995 -0.005951842 3122831 0.139587 0.09061231 0.123709
0.07886492 0.1211479 -0.005852282 3232910 0.1333665 0.09573396 0.1233373
0.07140038 0.1256423 -0.006008327 3353038 0.1269123 0.1005445 0.1228124
0.07140038 0.1256423 -0.006008327 3463142 0.1269123 0.1005445 0.1228124
0.06350932 0.1306221 -0.005569086 3573217 0.1207159 0.1050432 0.1224129
0.0553131 0.1344351 -0.005406398 3683316 0.11448 0.1089813 0.1217063
0.0553131 0.1344351 -0.005406398 3793415 0.11448 0.1089813 0.1217063
0.04689351 0.1379425 -0.004987841 3913535 0.1080743 0.1123761 0.1211452
0.03878632 0.1405596 -0.004836992 4023639 0.101041 0.1153915 0.1208498
0.03878632 0.1405596 -0.004836992 4133722 0.101041 0.1153915 0.1208498
0.030626 0.141864 -0.005069986 4243821 0.09372076 0.1178058 0.1204151
0.02208521 0.1429011 -0.004973051 4353920 0.08659369 0.1197513 0.1199629
0.02208521 0.1429011 -0.004973051 4464019 0.08659369 0.1197513 0.1199629
0.01298675 0.1429096 -0.004707151 4584128 0.0796302 0.1212102 0.1193656
0.003934355 0.1421835 -0.004519013 4694243 0.07287602 0.1220533 0.1185585
0.003934355 0.1421835 -0.004519013 4804330 0.07287602 0.1220533 0.1185585
-0.005810984 0.1404208 -0.004134621 4914425 0.06569272 0.1220076 0.1177441
-0.01319253 0.1379881 -0.004384621 5024533 0.05908699 0.1214853 0.11731
-0.01319253 0.1379881 -0.004384621 5134632 0.05908699 0.1214853 0.11731
-0.02197966 0.134424 -0.004418741 5254736 0.05166692 0.1200414 0.1167241
-0.03066493 0.1298919 -0.004649329 5364843 0.04396979 0.117846 0.1161431
-0.03066493 0.1298919 -0.004649329 5474934 0.04396979 0.117846 0.1161431
-0.03979508 0.1245745 -0.003995359 5585034 0.03689336 0.1151128 0.1157361
-0.04825001 0.1181142 -0.003835351 5695145 0.02981046 0.1115624 0.115202
-0.04825001 0.1181142 -0.003835351 5805244 0.02981046 0.1115624 0.115202
-0.05585931 0.1113495 -0.003751738 5925357 0.02320456 0.1072128 0.1147305
-0.06263845 0.1038819 -0.00371949 6025439 0.01704643 0.10211 0.1144052
-0.06263845 0.1038819 -0.00371949 6145535 0.01704643 0.10211 0.1144052
-0.06887306 0.09627913 -0.00346867 6255634 0.01104064 0.09624583 0.1145146
-0.07352447 0.08794215 -0.003734128 6365753 0.005769819 0.08981614 0.1146515
-0.07715621 0.07899371 -0.003940928 6505888 0.001395007 0.08303061 0.1148853
-0.07715621 0.07899371 -0.003940928 6586329 0.001395007 0.08303061 0.1148853
-0.0804816 0.0696357 -0.003792953 6696031 -0.002246896 0.07571934 0.1151548
-0.0804816 0.0696357 -0.003792953 6836157 -0.002246896 0.07571934 0.1151548
-0.08252608 0.05994743 -0.004076669 6926242 -0.005064923 0.06787837 0.1152679
-0.08439441 0.04955129 -0.004096157 7036342 -0.007499109 0.05944373 0.1154677
-0.08439441 0.04955129 -0.004096157 7146449 -0.007499109 0.05944373 0.1154677
-0.08582845 0.03912534 -0.004210853 7256536 -0.009473317 0.05044526 0.1155723
-0.08705422 0.02820283 -0.00401914 7366639 -0.01104959 0.04094032 0.1158446
-0.08705422 0.02820283 -0.00401914 7486764 -0.01104959 0.04094032 0.1158446
-0.08739182 0.01726394 -0.004072345 7596867 -0.01195904 0.03133906 0.1160028
-0.08732699 0.006004469 -0.003852291 7706995 -0.01239822 0.02149077 0.1163647
-0.08732699 0.006004469 -0.003852291 7817070 -0.01239822 0.02149077 0.1163647
-0.08620236 -0.004985413 -0.004010927 7927161 -0.01216006 0.01171422 0.1165922
-0.08431834 -0.01643242 -0.003970692 8037264 -0.01131236 0.001793336 0.1170425
-0.08431834 -0.01643242 -0.003970692 8157372 -0.01131236 0.001793336 0.1170425
-0.08198448 -0.02566254 -0.003618802 8267463 -0.009800507 -0.007477441 0.1178927
-0.07890476 -0.03446934 -0.003210036 8377571 -0.007629528 -0.01674166 0.118904
-0.07890476 -0.03446934 -0.003210036 8487646 -0.007629528 -0.01674166 0.118904
-0.07486275 -0.04387807 -0.0032962 8607758 -0.004808575 -0.02593198 0.1194906
-0.06917743 -0.05479657 -0.004114043 8707856 -0.001766 -0.03468886 0.1198119
-0.06917743 -0.05479657 -0.004114043 8817963 -0.001766 -0.03468886 0.1198119
-0.06399709 -0.0627287 -0.003868983 8958219 0.002329339 -0.0430578 0.1207108
-0.05859289 -0.06977736 -0.003613574 9048171 0.006991373 -0.05080303 0.1214661
-0.05859289 -0.06977736 -0.003613574 9158250 0.006991373 -0.05080303 0.1214661
-0.05167259 -0.07773686 -0.004214334 9288371 0.01228499 -0.05821024 0.1216204
-0.04460114 -0.08338158 -0.004384337 9378448 0.01822064 -0.06516375 0.1222165
-0.04460114 -0.08338158 -0.004384337 9488552 0.01822064 -0.06516375 0.1222165
-0.03694243 -0.08839829 -0.004714094 9628686 0.02442487 -0.07138874 0.1227653
-0.02877334 -0.09285834 -0.005027178 9718759 0.03101263 -0.07702146 0.1233515
-0.02877334 -0.09285834 -0.005027178 9828870 0.03101263 -0.07702146 0.1233515
-0.02107567 -0.09613808 -0.005001658 9958988 0.03796007 -0.08167285 0.1238851
-0.01263475 -0.09946508 -0.005201698 10049073 0.04529686 -0.08579949 0.124272
-0.01263475 -0.09946508 -0.005201698 10159152 0.04529686 -0.08579949 0.124272
-0.003803905 -0.1021746 -0.005450974 10279280 0.05285154 -0.0893764 0.1246744
0.004944199 -0.1037893 -0.005451706 10389363 0.06054198 -0.09249088 0.1252674
0.004944199 -0.1037893 -0.005451706 10499459 0.06054198 -0.09249088 0.1252674
0.0141619 -0.1045373 -0.005524504 10629576 0.06849407 -0.09502166 0.1258669
0.02372408 -0.1049684 -0.005647415 10719665 0.07650576 -0.09669067 0.1264579
0.02372408 -0.1049684 -0.005647415 10829760 0.07650576 -0.09669067 0.1264579
0.03366599 -0.1042722 -0.005792576 10969907 0.08459897 -0.09784251 0.1271388
0.04350588 -0.102937 -0.005803125 11049959 0.09268805 -0.09815268 0.1278549
0.05301755 -0.1006037 -0.005777311 11170083 0.1012587 -0.09791282 0.1282816
0.05301755 -0.1006037 -0.005777311 11280178 0.1012587 -0.09791282 0.1282816
0.06205357 -0.09812099 -0.005772769 11390282 0.1093766 -0.09713509 0.1286364
0.07125306 -0.09537261 -0.006169656 11500365 0.1172789 -0.09616688 0.1286904
0.07125306 -0.09537261 -0.006169656 11610480 0.1172789 -0.09616688 0.1286904
0.0798149 -0.09112571 -0.006247524 11730572 0.1247097 -0.0947578 0.1289469
0.08821832 -0.0868893 -0.006379256 11840679 0.1320754 -0.09240174 0.1290919
0.08821832 -0.0868893 -0.006379256 11950779 0.1320754 -0.09240174 0.1290919
0.09651989 -0.08234712 -0.006727038 12060878 0.1390077 -0.08944688 0.1291061
0.1050017 -0.07729642 -0.007382452 12170969 0.1453398 -0.08598977 0.1290122
0.1050017 -0.07729642 -0.007382452 12291089 0.1453398 -0.08598977 0.1290122
0.112105 -0.07122678 -0.007418143 12401197 0.1513642 -0.08196443 0.1291456
0.1188668 -0.06479957 -0.007479695 12511276 0.1570064 -0.07746049 0.1292365
0.1188668 -0.06479957 -0.007479695 12621395 0.1570064 -0.07746049 0.1292365
0.1251915 -0.0580905 -0.007547077 12731470 0.162261 -0.0722851 0.1293128
0.1308411 -0.05125905 -0.007527283 12841581 0.1669454 -0.06661467 0.1294652
0.1308411 -0.05125905 -0.007527283 12951669 0.1669454 -0.06661467 0.1294652
0.1354738 -0.04398223 -0.007445415 13071777 0.17115 -0.06082112 0.1294849
0.1401998 -0.0365273 -0.007406963 13171867 0.1751177 -0.05454535 0.1295687
0.1401998 -0.0365273 -0.007406963 13291979 0.1751177 -0.05454535 0.1295687
0.1442456 -0.0291598 -0.007421667 13402074 0.1784916 -0.04829315 0.1295724
0.1474409 -0.02203313 -0.007403282 13522183 0.1814101 -0.04209274 0.1295272
0.1474409 -0.02203313 -0.007403282 13622273 0.1814101 -0.04209274 0.1295272
0.1505645 -0.01449534 -0.007242058 13742397 0.1838811 -0.03583057 0.1296559
0.1513276 -0.009759931 -0.008263026 13852497 0.1854899 -0.03102374 0.1284375
0.1513276 -0.009759931 -0.008263026 13962584 0.1854899 -0.03102374 0.1284375
0.1535824 -0.003191939 -0.008340951 14072691 0.18733 -0.0251822 0.1283477
0.1554433 0.002936263 -0.008419981 14182778 0.1891786 -0.01958215 0.1281857
0.1554433 0.002936263 -0.008419981 14292893 0.1891786 -0.01958215 0.1281857
0.156545 0.008677885 -0.008303207 14412994 0.1911419 -0.01400541 0.1280594
0.1583059 0.01324241 -0.008500073 14513080 0.1932923 -0.008930446 0.1278471
0.1583059 0.01324241 -0.008500073 14633200 0.1932923 -0.008930446 0.1278471
0.1583392 0.01738292 -0.008342073 14743287 0.1944005 -0.00445172 0.1277795
0.1582296 0.02084771 -0.008164818 14853386 0.1947962 -0.0007705424 0.1278564
0.1582296 0.02084771 -0.008164818 14963571 0.1947962 -0.0007705424 0.1278564
0.1579784 0.02322478 -0.00811032 15073585 0.1945219 0.002094348 0.1279938
0.1573875 0.0246937 -0.007909145 15183680 0.1936298 0.004180464 0.1283698
0.1573875 0.0246937 -0.007909145 15293791 0.1936298 0.004180464 0.1283698
0.1566976 0.02480755 -0.007713058 15413892 0.1928343 0.005972452 0.128836
0.156712 0.02481764 -0.007691008 15524003 0.193874 0.006740199 0.1286851
0.156712 0.02481764 -0.007691008 15634102 0.193874 0.006740199 0.1286851
0.1563323 0.02487079 -0.007474062 15754206 0.1957493 0.007009978 0.1282961
0.1565192 0.02471812 -0.007475944 15854293 0.1976326 0.007002315 0.1278092
0.1565192 0.02471812 -0.007475944 15964388 0.1976326 0.007002315 0.1278092
0.1569391 0.02437143 -0.007523642 16094505 0.1983345 0.007261731 0.1277536
0.156794 0.02432163 -0.007330059 16194603 0.1978021 0.007650521 0.1281198
0.156794 0.02432163 -0.007330059 16304694 0.1978021 0.007650521 0.1281198
0.1569715 0.02420853 -0.007252438 16414810 0.197304 0.008038669 0.1284608
0.1569543 0.02380952 -0.007096265 16534922 0.1970178 0.008683534 0.1288168
0.1569543 0.02380952 -0.007096265 16645212 0.1970178 0.008683534 0.1288168
0.1574566 0.02429801 -0.006195422 16755121 0.1977109 0.008918687 0.1296329
0.1579072 0.02529168 -0.004160877 16865216 0.1994885 0.008412284 0.1310883
0.1579072 0.02529168 -0.004160877 16975299 0.1994885 0.008412284 0.1310883
0.1585433 0.02707636 -0.001151011 17085410 0.2012407 0.008125764 0.1334746
0.1594716 0.02913449 0.002638987 17195505 0.2030489 0.007829068 0.1366291
0.1594716 0.02913449 0.002638987 17315626 0.2030489 0.007829068 0.1366291
0.1609437 0.03188816 0.007488545 17425725 0.205095 0.00765208 0.1407909
0.1620197 0.03446602 0.01325401 17535804 0.2072157 0.007306246 0.1456395
0.1620197 0.03446602 0.01325401 17645899 0.2072157 0.007306246 0.1456395
0.1635319 0.03633279 0.01909452 17756015 0.2095438 0.00670796 0.1506678
0.1654311 0.03794498 0.0247241 17876131 0.2121416 0.006124956 0.1555364
0.1654311 0.03794498 0.0247241 18006232 0.2121416 0.006124956 0.1555364
0.1675651 0.0391061 0.0299576 18096321 0.2149327 0.005421925 0.160065
0.1695782 0.03964288 0.03484756 18206408 0.2178029 0.004666616 0.1642975
0.1695782 0.03964288 0.03484756 18316516 0.2178029 0.004666616 0.1642975
0.1718418 0.0401015 0.03953509 18426607 0.2209249 0.00406659 0.1683706
