0.05911466 0.007662431 -0.005097758 0 0.08730686 0.01431411 0.1344271
0.05911466 0.007662431 -0.005097758 100094 0.08730686 0.01431411 0.1344271
0.05849584 0.0081958 -0.006112353 210189 0.08688341 0.015202 0.1333556
0.05870195 0.009406378 -0.006615033 330305 0.08500259 0.01720788 0.1332193
0.05870195 0.009406378 -0.006615033 440413 0.08500259 0.01720788 0.1332193
0.0562597 0.01311938 -0.006375933 560513 0.08319187 0.01787819 0.1334749
0.05327516 0.01615131 -0.006006908 660599 0.08192112 0.01836702 0.1335665
0.05327516 0.01615131 -0.006006908 780703 0.08192112 0.01836702 0.1335665
0.05122034 0.01942135 -0.005915311 890815 0.08029974 0.02043962 0.1335823
0.04832254 0.02282183 -0.005733412 990901 0.07848627 0.02260565 0.1335374
0.04832254 0.02282183 -0.005733412 1111009 0.07848627 0.02260565 0.1335374
0.04532138 0.02663738 -0.005522284 1221108 0.07668461 0.02495685 0.1334733
0.04196503 0.03008496 -0.00549137 1331195 0.07448967 0.02749233 0.133223
0.04196503 0.03008496 -0.00549137 1451316 0.07448967 0.02749233 0.133223
0.03957238 0.03494107 -0.006262985 1551406 0.07219995 0.03126095 0.1324026
0.03547883 0.03951918 -0.006165701 1661505 0.06908769 0.03448682 0.1322228
0.03547883 0.03951918 -0.006165701 1771596 0.06908769 0.03448682 0.1322228
0.03112413 0.04428795 -0.005872967 1891721 0.06570236 0.03782658 0.132217
0.02705686 0.04921198 -0.005913219 2001808 0.06229105 0.04100411 0.1319179
0.02705686 0.04921198 -0.005913219 2111919 0.06229105 0.04100411 0.1319179
0.02215936 0.05296417 -0.006291594 2222010 0.05850366 0.04384578 0.1311937
0.01630549 0.05640249 -0.005981452 2332118 0.05431794 0.04626524 0.1309803
0.01630549 0.05640249 -0.005981452 2452214 0.05431794 0.04626524 0.1309803
0.01018773 0.05862638 -0.006402864 2562317 0.04959376 0.04829849 0.1301502
0.004765429 0.05997407 -0.006995388 2672424 0.04478868 0.05037114 0.129431
0.004765429 0.05997407 -0.006995388 2782515 0.04478868 0.05037114 0.129431
-0.001744104 0.06084984 -0.007119793 2892623 0.04003573 0.05191853 0.1288247
-0.008254669 0.06094236 -0.007256109 3012727 0.03519632 0.0527565 0.1282107
-0.008254669 0.06094236 -0.007256109 3112813 0.03519632 0.0527565 0.1282107
-0.01444601 0.0603503 -0.007389068 3232929 0.03029772 0.0529764 0.127703
-0.02065791 0.05880718 -0.00738613 3343021 0.02564111 0.05253061 0.1272365
-0.02065791 0.05880718 -0.00738613 3453156 0.02564111 0.05253061 0.1272365
-0.02605918 0.05644038 -0.007638044 3563215 0.02156249 0.05157552 0.126581
-0.03169815 0.05335474 -0.007488858 3703345 0.01763252 0.05018387 0.1261625
-0.03169815 0.05335474 -0.007488858 3793426 0.01763252 0.05018387 0.1261625
-0.03672706 0.05021137 -0.007324096 3903518 0.01390276 0.04843697 0.1258664
-0.04148148 0.0468959 -0.007204578 4013617 0.01008568 0.04619646 0.1256359
-0.04148148 0.0468959 -0.007204578 4133741 0.01008568 0.04619646 0.1256359
-0.04604933 0.04289532 -0.006871839 4233815 0.006671033 0.04324103 0.1255166
-0.04980078 0.03845352 -0.006463913 4343919 0.004018733 0.03989242 0.1254741
-0.04980078 0.03845352 -0.006463913 4464027 0.004018733 0.03989242 0.1254741
-0.05325037 0.0325898 -0.006161912 4574138 0.001696867 0.03563343 0.1252831
-0.05490044 0.02603789 -0.006126536 4684233 0.0001049304 0.03057927 0.1252509
-0.05490044 0.02603789 -0.006126536 4794410 0.0001049304 0.03057927 0.1252509
-0.05659042 0.01989533 -0.005791923 4904428 -0.001085725 0.02587884 0.1253175
-0.05770709 0.01362839 -0.005530533 5014527 -0.001934094 0.02087023 0.1254014
-0.05770709 0.01362839 -0.005530533 5134631 -0.001934094 0.02087023 0.1254014
-0.05794177 0.007013259 -0.005398903 5244747 -0.00247969 0.01555594 0.1255867
-0.05719511 -0.001081052 -0.004815658 5344812 -0.00231881 0.009671475 0.1262539
-0.05719511 -0.001081052 -0.004815658 5464929 -0.00231881 0.009671475 0.1262539
-0.05565428 -0.007748669 -0.005011397 5585041 -0.001568492 0.00372915 0.126325
-0.05321125 -0.01468815 -0.005048649 5685139 0.0003475959 -0.002386087 0.1264289
-0.05321125 -0.01468815 -0.005048649 5795222 0.0003475959 -0.002386087 0.1264289
-0.05089847 -0.02378928 -0.003872822 5905516 0.003492258 -0.008898336 0.1269941
-0.04647989 -0.02812486 -0.004635715 6025426 0.006176229 -0.01450682 0.1270766
-0.04647989 -0.02812486 -0.004635715 6135533 0.006176229 -0.01450682 0.1270766
-0.04154176 -0.03521665 -0.004785235 6245632 0.009752586 -0.02043037 0.1273378
-0.03625044 -0.04177117 -0.005003722 6355728 0.01361457 -0.02589718 0.1275396
-0.03625044 -0.04177117 -0.005003722 6475840 0.01361457 -0.02589718 0.1275396
-0.03111888 -0.04644552 -0.005385948 6585935 0.0178538 -0.03083427 0.1275208
-0.02545986 -0.05058395 -0.005565974 6686025 0.02270396 -0.03532979 0.1276774
-0.01962264 -0.05280662 -0.006008485 6826156 0.02791827 -0.03894134 0.1276098
-0.01962264 -0.05280662 -0.006008485 6916249 0.02791827 -0.03894134 0.1276098
-0.01293167 -0.05571672 -0.006580244 7026336 0.03343027 -0.04189659 0.1274564
-0.01293167 -0.05571672 -0.006580244 7136447 0.03343027 -0.04189659 0.1274564
-0.007098022 -0.05608926 -0.006913805 7256560 0.03892912 -0.04390948 0.127397
-0.00200651 -0.05368722 -0.007361994 7366651 0.04390362 -0.04462693 0.1272352
0.004362968 -0.05365453 -0.007493358 7476738 0.04900315 -0.0451805 0.1275684
0.004362968 -0.05365453 -0.007493358 7586849 0.04900315 -0.0451805 0.1275684
0.0104605 -0.05153977 -0.007666524 7696940 0.05383232 -0.04481171 0.1279058
0.01603805 -0.04880213 -0.007714274 7807040 0.05874395 -0.04371729 0.1281408
0.01603805 -0.04880213 -0.007714274 7927148 0.05874395 -0.04371729 0.1281408
0.02172074 -0.04513582 -0.007684498 8027238 0.0638667 -0.04161524 0.1283948
0.0268053 -0.04090502 -0.007598597 8137333 0.06850635 -0.03887329 0.128648
0.0268053 -0.04090502 -0.007598597 8267471 0.06850635 -0.03887329 0.128648
0.03186763 -0.035912 -0.007651587 8367545 0.07249368 -0.03553979 0.128934
0.0358312 -0.03029374 -0.007471577 8477640 0.07579251 -0.03155661 0.1293047
0.0358312 -0.03029374 -0.007471577 8587739 0.07579251 -0.03155661 0.1293047
0.03978229 -0.02429269 -0.007435523 8697855 0.07893622 -0.0272278 0.1295484
0.0427405 -0.01766431 -0.007149176 8807942 0.08173182 -0.02242847 0.1298297
0.0427405 -0.01766431 -0.007149176 8928050 0.08173182 -0.02242847 0.1298297
0.04448424 -0.0115539 -0.006757654 9038145 0.08406873 -0.01778262 0.1299922
0.04802693 -0.004505239 -0.007100848 9148256 0.08636577 -0.01267229 0.1299016
0.04802693 -0.004505239 -0.007100848 9258368 0.08636577 -0.01267229 0.1299016
0.05106601 0.002412728 -0.007034001 9368451 0.08817293 -0.007413744 0.1301985
0.05412278 0.0091072 -0.00702432 9488567 0.0901409 -0.001921768 0.1304068
0.05412278 0.0091072 -0.00702432 9598666 0.0901409 -0.001921768 0.1304068
0.05566037 0.01413137 -0.006897287 9708753 0.09193688 0.003202757 0.1304738
0.05688672 0.01906576 -0.007040869 9818869 0.09337482 0.007853089 0.1302513
0.05688672 0.01906576 -0.007040869 9958983 0.09337482 0.007853089 0.1302513
0.05713574 0.02326336 -0.007079466 10039063 0.09370854 0.01166392 0.130158
0.05730528 0.02655214 -0.007095356 10149150 0.09372989 0.01453255 0.1301454
0.05730528 0.02655214 -0.007095356 10269259 0.09372989 0.01453255 0.1301454
0.05788079 0.02938003 -0.006799093 10379366 0.0940484 0.01716777 0.1304926
0.05829382 0.03212502 -0.005134359 10489457 0.09540194 0.01903444 0.131825
0.05829382 0.03212502 -0.005134359 10599552 0.09540194 0.01903444 0.131825
0.059017 0.03498056 -0.001220044 10719677 0.09791276 0.02019167 0.1350688
0.0606391 0.03801455 0.004027107 10819759 0.10076 0.02059899 0.1396488
0.0606391 0.03801455 0.004027107 10929850 0.10076 0.02059899 0.1396488
0.06352012 0.04131835 0.01014409 11049978 0.104483 0.02072772 0.1450675
