0.1476201 -0.007773521 0.003130391 0 0.07972207 -0.02638935 0.1270237
0.1478299 -0.007754112 0.002304237 110111 0.08029902 -0.02624508 0.1264168
0.1483025 -0.007721933 0.001428275 220206 0.08099001 -0.02604168 0.1256847
0.1486885 -0.007695711 0.0005376906 340327 0.0816058 -0.02590329 0.1249348
0.1486885 -0.007695711 0.0005376906 450414 0.0816058 -0.02590329 0.1249348
0.1485854 -0.007304571 -0.0007099433 560513 0.08222252 -0.02578635 0.1240324
0.1485854 -0.007304571 -0.0007099433 670604 0.08222252 -0.02578635 0.1240324
0.1486964 -0.007325316 -0.002426795 800721 0.08320789 -0.02566199 0.1227981
0.1486164 -0.007843877 -0.005022072 890811 0.08464167 -0.02559092 0.1210673
0.1486164 -0.007843877 -0.005022072 1000926 0.08464167 -0.02559092 0.1210673
0.1484446 -0.0089037 -0.008272232 1111009 0.08634802 -0.02556088 0.1189001
0.1479532 -0.009661785 -0.01032228 1231113 0.08655504 -0.02631998 0.1171886
0.1479532 -0.009661785 -0.01032228 1341208 0.08655504 -0.02631998 0.1171886
0.1479868 -0.01045853 -0.01048842 1451308 0.08463667 -0.02618318 0.1161833
0.1485807 -0.01007275 -0.01007701 1581445 0.08285681 -0.02569534 0.1153923
0.1486035 -0.01049865 -0.01017744 1681515 0.08203593 -0.02603721 0.1148568
0.1486035 -0.01049865 -0.01017744 1791622 0.08203593 -0.02603721 0.1148568
0.1477892 -0.01014733 -0.01050313 1921752 0.08201139 -0.02699588 0.1147792
0.1470113 -0.01013139 -0.01049145 2011829 0.08219501 -0.02770237 0.1151921
0.1470113 -0.01013139 -0.01049145 2121916 0.08219501 -0.02770237 0.1151921
0.1459965 -0.01046006 -0.0104041 2232015 0.08178518 -0.02779293 0.1156226
0.1441392 -0.0105612 -0.01037937 2342127 0.08040241 -0.02763396 0.1159234
0.1441392 -0.0105612 -0.01037937 2462397 0.08040241 -0.02763396 0.1159234
0.1419212 -0.01075138 -0.0103359 2572484 0.07839223 -0.02736113 0.1161332
0.1394544 -0.01096394 -0.01032521 2682433 0.07597048 -0.0270607 0.1162328
0.1394544 -0.01096394 -0.01032521 2802529 0.07597048 -0.0270607 0.1162328
0.1367006 -0.01081615 -0.01008272 2902620 0.0731233 -0.02663076 0.116464
0.1331195 -0.01080384 -0.01004628 3012719 0.06980834 -0.02610144 0.1166973
0.1331195 -0.01080384 -0.01004628 3132827 0.06980834 -0.02610144 0.1166973
0.1283779 -0.01049073 -0.01020279 3242922 0.06576341 -0.02570206 0.1168967
0.1230106 -0.009707683 -0.01017363 3353026 0.0609818 -0.02542607 0.1171512
0.1230106 -0.009707683 -0.01017363 3463129 0.0609818 -0.02542607 0.1171512
0.1171446 -0.00896047 -0.01008968 3573220 0.05553003 -0.02520146 0.1173706
0.1106104 -0.007923421 -0.0101365 3713354 0.0496664 -0.0248076 0.1175624
0.1106104 -0.007923421 -0.0101365 3793418 0.0496664 -0.0248076 0.1175624
0.104515 -0.007206032 -0.009668854 3913527 0.04335787 -0.02431506 0.1178981
0.09728463 -0.007083779 -0.009717984 4023626 0.03672375 -0.02375039 0.1181916
0.09728463 -0.007083779 -0.009717984 4133729 0.03672375 -0.02375039 0.1181916
0.08911289 -0.00604051 -0.009576115 4253837 0.02953671 -0.02321435 0.1187282
0.07992994 -0.005320548 -0.00970623 4353936 0.02169626 -0.02300831 0.1191434
0.07992994 -0.005320548 -0.00970623 4474040 0.02169626 -0.02300831 0.1191434
0.0709855 -0.004663899 -0.009533662 4584143 0.01362038 -0.02293725 0.1196235
0.06187077 -0.003733568 -0.009319471 4694238 0.00524973 -0.02278009 0.1200542
0.06187077 -0.003733568 -0.009319471 4814347 0.00524973 -0.02278009 0.1200542
0.05236263 -0.003435462 -0.009264941 4924446 -0.003574074 -0.02281702 0.1203564
0.04294075 -0.003092355 -0.009202298 5024528 -0.01284411 -0.02266428 0.1204558
0.04294075 -0.003092355 -0.009202298 5134635 -0.01284411 -0.02266428 0.1204558
0.03293582 -0.003082225 -0.009288182 5274774 -0.02246666 -0.02265436 0.1205338
0.02279411 -0.002368568 -0.009183573 5364851 -0.03205774 -0.02285781 0.1207307
0.02279411 -0.002368568 -0.009183573 5474942 -0.03205774 -0.02285781 0.1207307
0.01272678 -0.002161825 -0.00917462 5615356 -0.04142426 -0.02356168 0.1208867
0.002650219 -0.002435925 -0.009398094 5705145 -0.05041264 -0.02449199 0.1210018
0.002650219 -0.002435925 -0.009398094 5805240 -0.05041264 -0.02449199 0.1210018
-0.007128255 -0.002502467 -0.009317499 5915335 -0.05924431 -0.02515262 0.121362
-0.01665017 -0.002781371 -0.00926036 6035443 -0.06798129 -0.0257132 0.1216804
-0.01665017 -0.002781371 -0.00926036 6145542 -0.06798129 -0.0257132 0.1216804
-0.02626613 -0.003018277 -0.009289588 6285697 -0.07682293 -0.02630756 0.1218892
-0.03585174 -0.003163916 -0.00923377 6365753 -0.08559684 -0.02706372 0.1221453
-0.03585174 -0.003163916 -0.00923377 6485853 -0.08559684 -0.02706372 0.1221453
-0.04556822 -0.002919253 -0.009094095 6585935 -0.09408223 -0.02804837 0.1225158
-0.05509308 -0.002522929 -0.008833335 6706157 -0.1023427 -0.02912549 0.1229469
-0.05509308 -0.002522929 -0.008833335 6816151 -0.1023427 -0.02912549 0.1229469
-0.06418305 -0.002411758 -0.008688005 6936563 -0.1105673 -0.03011725 0.1231724
-0.07271155 -0.002629952 -0.008528908 7036353 -0.1187018 -0.03104124 0.1233192
-0.07271155 -0.002629952 -0.008528908 7156453 -0.1187018 -0.03104124 0.1233192
-0.0811183 -0.003094294 -0.008520898 7256543 -0.1267251 -0.03193237 0.1233678
-0.08939426 -0.003517248 -0.008560091 7376664 -0.134644 -0.03286643 0.1233388
-0.08939426 -0.003517248 -0.008560091 7486755 -0.134644 -0.03286643 0.1233388
-0.09749845 -0.003871617 -0.008589304 7596854 -0.1423199 -0.03398341 0.123284
-0.1047759 -0.004008143 -0.008533205 7726988 -0.149447 -0.03505841 0.1231734
-0.1047759 -0.004008143 -0.008533205 7817049 -0.149447 -0.03505841 0.1231734
-0.1117112 -0.004456221 -0.008707186 7927152 -0.1559016 -0.03597353 0.1230506
-0.1174485 -0.005035273 -0.008880251 8037247 -0.1614361 -0.03673628 0.1229014
-0.1174485 -0.005035273 -0.008880251 8157542 -0.1614361 -0.03673628 0.1229014
-0.1216266 -0.00608198 -0.008793219 8267455 -0.1660104 -0.03729664 0.1229716
-0.12589 -0.006290343 -0.008738967 8377554 -0.1698586 -0.03765938 0.1231284
-0.12589 -0.006290343 -0.008738967 8497658 -0.1698586 -0.03765938 0.1231284
-0.1293278 -0.006829945 -0.0087606 8597756 -0.1730308 -0.03809886 0.1232188
-0.1319474 -0.006908217 -0.008609327 8707855 -0.1752684 -0.03836531 0.1234512
-0.1319474 -0.006908217 -0.008609327 8827960 -0.1752684 -0.03836531 0.1234512
-0.1336126 -0.006998178 -0.008551957 8938079 -0.1766586 -0.03854447 0.1235772
-0.1336716 -0.00709402 -0.008483883 9048154 -0.1771242 -0.03869237 0.1234997
-0.1336716 -0.00709402 -0.008483883 9158253 -0.1771242 -0.03869237 0.1234997
-0.1338372 -0.006983759 -0.008458481 9278370 -0.1765143 -0.0391248 0.1236471
-0.1337453 -0.007130702 -0.008541192 9378460 -0.1752868 -0.03952811 0.1238633
-0.1337453 -0.007130702 -0.008541192 9498564 -0.1752868 -0.03952811 0.1238633
-0.1335915 -0.007230387 -0.008682509 9609028 -0.1740129 -0.03981613 0.1240222
-0.1331631 -0.006780161 -0.008343247 9718762 -0.1728959 -0.03986159 0.1244467
-0.1331631 -0.006780161 -0.008343247 9828878 -0.1728959 -0.03986159 0.1244467
-0.1328514 -0.006907167 -0.008277522 9939155 -0.1720811 -0.03998448 0.1246629
-0.1333998 -0.006533738 -0.008234141 10059069 -0.1715059 -0.04005481 0.1249218
-0.1333998 -0.006533738 -0.008234141 10169168 -0.1715059 -0.04005481 0.1249218
-0.1333527 -0.006522316 -0.008236635 10279272 -0.1711265 -0.03999076 0.1250271
-0.1334867 -0.0065691 -0.00828367 10389683 -0.171111 -0.03969317 0.1251084
-0.1334867 -0.0065691 -0.00828367 10499462 -0.171111 -0.03969317 0.1251084
-0.133446 -0.006347921 -0.008246124 10609581 -0.1713186 -0.03922964 0.1251357
-0.1337185 -0.006569797 -0.008237331 10719664 -0.1716639 -0.0391225 0.1252045
-0.1337185 -0.006569797 -0.008237331 10829768 -0.1716639 -0.0391225 0.1252045
-0.133584 -0.006339462 -0.008023196 10949876 -0.1719461 -0.03942572 0.125168
-0.1337022 -0.005579398 -0.005741853 11059975 -0.1731188 -0.04199246 0.1262682
-0.1337022 -0.005579398 -0.005741853 11170070 -0.1731188 -0.04199246 0.1262682
-0.1334163 -0.004775716 -0.0008140678 11280170 -0.175624 -0.04629574 0.128804
-0.1344588 -0.00448508 0.005573956 11390269 -0.1789037 -0.05106704 0.1326999
-0.1332259 -0.005049122 0.01366857 11510385 -0.1820745 -0.05639471 0.1372958
-0.1332259 -0.005049122 0.01366857 11630489 -0.1820745 -0.05639471 0.1372958
