0.3020498 0.005913158 -0.0113264 0 0.2348878 0.001320803 0.1142698
0.3020498 0.005913158 -0.0113264 110107 0.2348878 0.001320803 0.1142698
0.3013048 0.006143072 -0.01166224 220190 0.2349003 0.0007175819 0.114303
0.300106 0.006275448 -0.01148185 330289 0.2344374 0.0004526175 0.1148509
0.300106 0.006275448 -0.01148185 450414 0.2344374 0.0004526175 0.1148509
0.2975287 0.005675185 -0.0111168 560501 0.2328312 0.001226817 0.1157716
0.2937707 0.007654451 -0.01044238 670600 0.229812 0.002041969 0.1167741
0.2937707 0.007654451 -0.01044238 790903 0.229812 0.002041969 0.1167741
0.2880378 0.008157795 -0.01043026 890798 0.2250732 0.002690068 0.1172874
0.2810872 0.008842484 -0.01039048 1000914 0.2188468 0.002847376 0.1176581
0.2810872 0.008842484 -0.01039048 1141020 0.2188468 0.002847376 0.1176581
0.2730348 0.009766282 -0.01029559 1241122 0.2113818 0.002393583 0.117965
0.2634932 0.009942126 -0.0101566 1341204 0.2031287 0.001478975 0.1186484
0.2634932 0.009942126 -0.0101566 1471350 0.2031287 0.001478975 0.1186484
0.2541826 0.01067337 -0.009379779 1561399 0.1941798 0.0007056131 0.1194866
0.2426362 0.01109194 -0.009308605 1671498 0.1840726 -0.000271459 0.1201032
0.2426362 0.01109194 -0.009308605 1791606 0.1840726 -0.000271459 0.1201032
0.229542 0.01008914 -0.009774285 1901726 0.1727784 -0.001362695 0.1204294
0.2158198 0.01041667 -0.009746332 2001816 0.1607466 -0.002697454 0.1210252
0.2158198 0.01041667 -0.009746332 2121920 0.1607466 -0.002697454 0.1210252
0.2012568 0.01075927 -0.009623679 2232003 0.1479601 -0.004217772 0.1216828
0.1866027 0.01073135 -0.009454835 2342122 0.1350854 -0.005904634 0.1223611
0.1866027 0.01073135 -0.009454835 2452201 0.1350854 -0.005904634 0.1223611
0.1723493 0.01156966 -0.008642409 2572326 0.1219835 -0.007693971 0.1232607
0.1571434 0.01034358 -0.008547478 2682417 0.1090614 -0.01002058 0.1240408
0.1571434 0.01034358 -0.008547478 2792524 0.1090614 -0.01002058 0.1240408
0.141235 0.009751543 -0.008451942 2922642 0.09611449 -0.01212423 0.124934
0.1256343 0.009079671 -0.0082116 3012711 0.0828476 -0.01406857 0.1257275
0.1256343 0.009079671 -0.0082116 3132823 0.0828476 -0.01406857 0.1257275
0.1097909 0.008220368 -0.008096241 3242922 0.06920376 -0.01593837 0.1263481
0.09332718 0.007500716 -0.008036396 3353021 0.05521004 -0.017817 0.1269167
0.09332718 0.007500716 -0.008036396 3463116 0.05521004 -0.017817 0.1269167
0.07761315 0.007054788 -0.007747837 3573232 0.04171343 -0.01958827 0.1275577
0.06128627 0.006150697 -0.007620356 3683323 0.02846696 -0.02145834 0.1282725
0.06128627 0.006150697 -0.007620356 3803419 0.02846696 -0.02145834 0.1282725
0.04500572 0.005730185 -0.007458992 3923531 0.01531469 -0.0229579 0.1289289
0.02865708 0.004501367 -0.007303248 4023630 0.002362258 -0.0242884 0.1297587
0.02865708 0.004501367 -0.007303248 4143734 0.002362258 -0.0242884 0.1297587
0.01180764 0.003958465 -0.007258148 4243836 -0.01121927 -0.02526037 0.1303
-0.004977652 0.003987798 -0.007019016 4353923 -0.02485816 -0.02595034 0.1308748
-0.004977652 0.003987798 -0.007019016 4474028 -0.02485816 -0.02595034 0.1308748
-0.02236308 0.003770986 -0.00688783 4584123 -0.03851388 -0.0266134 0.1313951
-0.03918604 0.003516985 -0.006656241 4694242 -0.05169563 -0.0271644 0.1319381
-0.03918604 0.003516985 -0.006656241 4814334 -0.05169563 -0.0271644 0.1319381
-0.05610568 0.003168472 -0.006392103 4914420 -0.06491313 -0.02755124 0.1324782
-0.07258306 0.002622648 -0.006182322 5024524 -0.07781287 -0.02798541 0.1328933
-0.07258306 0.002622648 -0.006182322 5144636 -0.07781287 -0.02798541 0.1328933
-0.0890833 0.002032722 -0.005918628 5254743 -0.09059615 -0.02848572 0.1332668
-0.1055217 0.001281042 -0.005733461 5364843 -0.1031505 -0.02919798 0.1334486
-0.1055217 0.001281042 -0.005733461 5474930 -0.1031505 -0.02919798 0.1334486
-0.1208667 0.0009751603 -0.005356509 5585037 -0.1151719 -0.02986063 0.1336505
-0.1359913 -5.158213E-05 -0.005244755 5695132 -0.1269774 -0.03051865 0.133668
-0.1359913 -5.158213E-05 -0.005244755 5815236 -0.1269774 -0.03051865 0.133668
-0.1503544 -0.0008459815 -0.005029069 5925340 -0.1382163 -0.03090961 0.1337336
-0.1647214 -0.001757354 -0.004797706 6055465 -0.1492677 -0.03130061 0.1337469
-0.1647214 -0.001757354 -0.004797706 6145534 -0.1492677 -0.03130061 0.1337469
-0.1791033 -0.002606921 -0.004555976 6255645 -0.1602522 -0.03168548 0.133666
-0.1927544 -0.003222826 -0.004253111 6365745 -0.170749 -0.03202176 0.1335606
-0.1927544 -0.003222826 -0.004253111 6485845 -0.170749 -0.03202176 0.1335606
-0.2059839 -0.003372371 -0.003716273 6585935 -0.1806469 -0.03221348 0.1335151
-0.217774 -0.004808497 -0.003642373 6696030 -0.1896498 -0.03276031 0.1332297
-0.217774 -0.004808497 -0.003642373 6816361 -0.1896498 -0.03276031 0.1332297
-0.2282743 -0.006291213 -0.003605148 6926233 -0.1977148 -0.03309022 0.1329751
-0.2385181 -0.007961868 -0.003425481 7036345 -0.2052521 -0.03362884 0.1327392
-0.2385181 -0.007961868 -0.003425481 7146440 -0.2052521 -0.03362884 0.1327392
-0.2479731 -0.009471397 -0.003390264 7266556 -0.2123266 -0.03435354 0.132317
-0.2574221 -0.01049198 -0.002966334 7366634 -0.2189295 -0.03530633 0.1319736
-0.2574221 -0.01049198 -0.002966334 7486743 -0.2189295 -0.03530633 0.1319736
-0.2658837 -0.01175066 -0.002786925 7596846 -0.2248302 -0.03644182 0.1314189
-0.2732744 -0.01235609 -0.002177584 7706945 -0.2298487 -0.03701938 0.1312847
-0.2732744 -0.01235609 -0.002177584 7817048 -0.2298487 -0.03701938 0.1312847
-0.2786893 -0.01627891 -0.003478585 7927144 -0.2340134 -0.0389136 0.1299305
-0.2826924 -0.01672244 -0.003203882 8037243 -0.2369201 -0.03891483 0.1299075
-0.2826924 -0.01672244 -0.003203882 8157347 -0.2369201 -0.03891483 0.1299075
-0.2859452 -0.01745587 -0.002765019 8267442 -0.2390072 -0.03894069 0.1300561
-0.2871179 -0.01765406 -0.002888065 8377545 -0.2404756 -0.03896043 0.1300659
-0.2889554 -0.01789412 -0.0025435 8497650 -0.2418883 -0.03860009 0.1303557
-0.2889554 -0.01789412 -0.0025435 8597740 -0.2418883 -0.03860009 0.1303557
-0.2891835 -0.01778684 -0.002746833 8707839 -0.2431009 -0.03780108 0.1306026
-0.2891835 -0.01778684 -0.002746833 8817938 -0.2431009 -0.03780108 0.1306026
-0.2890264 -0.01490839 -0.001625447 8938059 -0.2438713 -0.03485429 0.1320511
-0.2879685 -0.01642824 -0.001262593 9048158 -0.2450807 -0.0348311 0.1333784
-0.2879685 -0.01642824 -0.001262593 9158249 -0.2450807 -0.0348311 0.1333784
-0.2845054 -0.0116781 0.004040637 9278369 -0.2441164 -0.03396286 0.1388678
-0.2805831 -0.007974575 0.01056867 9378443 -0.2423017 -0.03360037 0.145417
-0.2805831 -0.007974575 0.01056867 9488551 -0.2423017 -0.03360037 0.145417
