0.04924634 0.001108271 -0.008395944 0 0.014205 0.05084837 0.1204616
0.0502858 0.001206524 -0.008426915 110087 0.01266675 0.05220607 0.1192058
0.0489373 0.00124963 -0.009220973 220187 0.01147493 0.05358682 0.1179153
0.0489373 0.00124963 -0.009220973 330290 0.01147493 0.05358682 0.1179153
0.04924992 0.00113836 -0.008673456 450394 0.009117934 0.05400384 0.1174253
0.0458629 0.001381324 -0.009033309 550484 0.007758251 0.05369582 0.1179213
0.0458629 0.001381324 -0.009033309 670597 0.007758251 0.05369582 0.1179213
0.04280787 0.001841771 -0.009072829 791146 0.005347595 0.05280124 0.1186225
0.03857182 0.00217517 -0.00919544 890791 0.002444672 0.05192671 0.1193575
0.03857182 0.00217517 -0.00919544 1001060 0.002444672 0.05192671 0.1193575
0.03380796 0.002250694 -0.009063835 1131003 -0.0007375832 0.05160859 0.1200743
0.0278024 0.001993915 -0.009115926 1221097 -0.004071438 0.05165267 0.1205926
0.0278024 0.001993915 -0.009115926 1331192 -0.004071438 0.05165267 0.1205926
0.02148674 0.001922704 -0.009233611 1471314 -0.007994359 0.05161939 0.1210252
0.01534514 0.002307467 -0.009252972 1561399 -0.01279454 0.05164091 0.1214399
0.01534514 0.002307467 -0.009252972 1681499 -0.01279454 0.05164091 0.1214399
0.009455017 0.002876322 -0.009351405 1801705 -0.01841016 0.05173176 0.1215796
0.004239229 0.003416901 -0.009160682 1891689 -0.02436133 0.05212602 0.1216662
0.004239229 0.003416901 -0.009160682 2011801 -0.02436133 0.05212602 0.1216662
-0.001964021 0.003738566 -0.009224913 2142239 -0.02995111 0.0526926 0.1216432
-0.008835598 0.003927402 -0.009377031 2232004 -0.0353105 0.05324301 0.1216699
-0.008835598 0.003927402 -0.009377031 2342310 -0.0353105 0.05324301 0.1216699
-0.01510611 0.004035905 -0.009407277 2472508 -0.04093865 0.0534998 0.1217119
-0.02049774 0.004312271 -0.009507514 2562297 -0.04661451 0.05344353 0.1216805
-0.02049774 0.004312271 -0.009507514 2672397 -0.04661451 0.05344353 0.1216805
-0.02561259 0.004663236 -0.009488825 2792505 -0.05208796 0.05328023 0.1218188
-0.03085689 0.004807025 -0.009447978 2902596 -0.05710989 0.05309469 0.1220257
-0.03085689 0.004807025 -0.009447978 3012699 -0.05710989 0.05309469 0.1220257
-0.03592017 0.005044101 -0.009455577 3122798 -0.06195961 0.05316395 0.1221221
-0.04071748 0.004983793 -0.009415482 3232902 -0.06668726 0.05327513 0.1221131
-0.04071748 0.004983793 -0.009415482 3343005 -0.06668726 0.05327513 0.1221131
-0.04483687 0.005025309 -0.009350016 3463105 -0.0712434 0.05340087 0.1220606
-0.04827756 0.005218568 -0.00939558 3573573 -0.07544493 0.05337421 0.1219407
-0.04827756 0.005218568 -0.00939558 3683312 -0.07544493 0.05337421 0.1219407
-0.05091592 0.005514161 -0.00935193 3793411 -0.07929986 0.0532176 0.121892
-0.05325691 0.005481176 -0.009309041 3903518 -0.08263735 0.05312175 0.1217383
-0.05325691 0.005481176 -0.009309041 4013601 -0.08263735 0.05312175 0.1217383
-0.05493763 0.005371463 -0.009373208 4123709 -0.08534027 0.05319143 0.1213753
-0.05596591 0.005243581 -0.009513095 4253834 -0.08763713 0.05330776 0.1208441
-0.05596591 0.005243581 -0.009513095 4353908 -0.08763713 0.05330776 0.1208441
-0.05548538 0.00527056 -0.009397011 4464027 -0.08924782 0.05345118 0.1203912
-0.05526831 0.005368351 -0.009379498 4594128 -0.08942004 0.05364207 0.1202721
-0.05526831 0.005368351 -0.009379498 4684214 -0.08942004 0.05364207 0.1202721
-0.05541573 0.005473189 -0.009561749 4804334 -0.08896755 0.05356485 0.120314
-0.0551992 0.00545095 -0.009406014 4924418 -0.08848774 0.0533133 0.1206221
-0.0551992 0.00545095 -0.009406014 5014503 -0.08848774 0.0533133 0.1206221
-0.05525206 0.005261566 -0.009310484 5134620 -0.08795803 0.0529879 0.1209153
-0.05535021 0.005258626 -0.009319206 5244731 -0.08742124 0.05280937 0.1211286
-0.05535021 0.005258626 -0.009319206 5354818 -0.08742124 0.05280937 0.1211286
-0.05538478 0.005374279 -0.009344184 5464929 -0.08687291 0.05283139 0.1212796
-0.05542967 0.005282483 -0.009306784 5575012 -0.08632203 0.05293337 0.1213886
-0.05542967 0.005282483 -0.009306784 5695125 -0.08632203 0.05293337 0.1213886
-0.05540933 0.005296035 -0.009301787 5805224 -0.08589715 0.0530479 0.1214518
-0.05530762 0.005253281 -0.009255776 5915319 -0.08561353 0.05291639 0.1215724
-0.0552057 0.005268007 -0.009223094 6025422 -0.08539123 0.05264226 0.1217378
-0.0552057 0.005268007 -0.009223094 6135526 -0.08539123 0.05264226 0.1217378
-0.05511444 0.005220842 -0.0091264 6245621 -0.0850399 0.05238156 0.1219712
-0.05511444 0.005220842 -0.0091264 6365725 -0.0850399 0.05238156 0.1219712
-0.05491412 0.005075013 -0.008898661 6475836 -0.08452561 0.05230134 0.1222466
-0.05421001 0.004325509 -0.006738693 6585932 -0.08516949 0.05376732 0.1232739
-0.05139732 0.002722767 0.0002612059 6706036 -0.08872959 0.05734 0.1264734
-0.05139732 0.002722767 0.0002612059 6806130 -0.08872959 0.05734 0.1264734
