0.3010259 -0.001041361 0.001353549 0 0.2561598 0.04190537 0.1296066
0.3021889 -0.001605021 -0.001097966 130125 0.2570152 0.04049995 0.1273261
0.3028382 -0.002264921 -0.004188882 220202 0.2580275 0.03891387 0.124662
0.3028382 -0.002264921 -0.004188882 330289 0.2580275 0.03891387 0.124662
0.3024712 -0.002533904 -0.008380562 440397 0.2589402 0.03719293 0.1213618
0.3046401 -0.003927302 -0.007815187 560493 0.2579674 0.03801666 0.1201247
0.3046401 -0.003927302 -0.007815187 670600 0.2579674 0.03801666 0.1201247
0.3026641 -0.0033363 -0.009174175 800807 0.2583671 0.03920322 0.119412
0.3030159 -0.003259934 -0.008910214 890811 0.2574287 0.0396582 0.119098
0.3030159 -0.003259934 -0.008910214 1010911 0.2574287 0.0396582 0.119098
0.3031815 -0.003643429 -0.008629354 1141032 0.2552298 0.03879796 0.1186719
0.3016853 -0.003663448 -0.008607219 1221096 0.2524646 0.03756182 0.1186093
0.3016853 -0.003663448 -0.008607219 1341200 0.2524646 0.03756182 0.1186093
0.2981257 -0.003702392 -0.008916755 1451462 0.2499947 0.03715724 0.1188336
0.2930447 -0.004140549 -0.009012201 1561403 0.2464306 0.03728316 0.1191184
0.2930447 -0.004140549 -0.009012201 1671498 0.2464306 0.03728316 0.1191184
0.2871847 -0.004202833 -0.008914089 1791614 0.2419566 0.03824676 0.1193774
0.2797117 -0.00403306 -0.009039964 1921744 0.2360401 0.03946385 0.1194398
0.2797117 -0.00403306 -0.009039964 2011809 0.2360401 0.03946385 0.1194398
0.2707579 -0.004200503 -0.009191392 2121908 0.228445 0.04038384 0.1193702
0.2604158 -0.005200825 -0.009339302 2232015 0.2193506 0.04082383 0.1191194
0.2604158 -0.005200825 -0.009339302 2342102 0.2193506 0.04082383 0.1191194
0.2486496 -0.006910203 -0.009467032 2462215 0.2087616 0.04052889 0.1188479
0.2357024 -0.008459377 -0.00955269 2562313 0.1963383 0.03972334 0.1186469
0.2357024 -0.008459377 -0.00955269 2682413 0.1963383 0.03972334 0.1186469
0.222132 -0.009025037 -0.009630512 2792504 0.1825239 0.03924235 0.1184621
0.207855 -0.008601652 -0.009471366 2902636 0.1677334 0.03989615 0.1183741
0.207855 -0.008601652 -0.009471366 3012715 0.1677334 0.03989615 0.1183741
0.1924817 -0.007886774 -0.00957588 3132831 0.1524925 0.04149165 0.1179736
0.1758376 -0.007782504 -0.009721642 3232909 0.1366158 0.0430783 0.1174832
0.1758376 -0.007782504 -0.009721642 3353018 0.1366158 0.0430783 0.1174832
0.1582669 -0.008057528 -0.01035915 3463133 0.1201348 0.04440861 0.1165246
0.1406227 -0.00930979 -0.01002471 3573212 0.1026578 0.04501857 0.1161234
0.1406227 -0.00930979 -0.01002471 3693324 0.1026578 0.04501857 0.1161234
0.1227914 -0.01040125 -0.009627981 3793410 0.08462553 0.0459989 0.1155464
0.1055016 -0.009682728 -0.009575292 3913519 0.06690698 0.04777716 0.1149842
0.1055016 -0.009682728 -0.009575292 4033631 0.06690698 0.04777716 0.1149842
0.08709752 -0.009213068 -0.009502705 4133721 0.0495958 0.04972231 0.1147007
0.06835268 -0.009099792 -0.009504547 4243816 0.03284473 0.05159838 0.1144356
0.04931399 -0.009609841 -0.009535291 4363941 0.01574068 0.05269283 0.1141476
0.04931399 -0.009609841 -0.009535291 4464027 0.01574068 0.05269283 0.1141476
0.0301471 -0.009873967 -0.009940745 4584139 -0.002217221 0.05319879 0.1136741
0.01257647 -0.0100775 -0.009745386 4704247 -0.02029225 0.05353589 0.1134586
0.01257647 -0.0100775 -0.009745386 4804325 -0.02029225 0.05353589 0.1134586
-0.004782992 -0.009666213 -0.009729546 4914425 -0.03762325 0.0542185 0.1133416
-0.02221337 -0.009028852 -0.009693315 5024528 -0.05389652 0.05526336 0.1134689
-0.02221337 -0.009028852 -0.009693315 5134639 -0.05389652 0.05526336 0.1134689
-0.04038408 -0.008682547 -0.00973 5254731 -0.0691641 0.05632718 0.1137678
-0.04038408 -0.008682547 -0.00973 5354822 -0.0691641 0.05632718 0.1137678
-0.05856904 -0.008998315 -0.00974282 5474934 -0.08429927 0.05677409 0.1140239
-0.07642716 -0.009626282 -0.009876868 5585025 -0.1002304 0.05668765 0.1139864
-0.07642716 -0.009626282 -0.009876868 5695128 -0.1002304 0.05668765 0.1139864
-0.09323997 -0.01063972 -0.009764314 5815241 -0.1166603 0.05641587 0.1137723
-0.1088108 -0.01008822 -0.01023386 5915331 -0.1325333 0.05694292 0.1132583
-0.1088108 -0.01008822 -0.01023386 6025430 -0.1325333 0.05694292 0.1132583
-0.1236057 -0.009777538 -0.01014259 6145530 -0.1471899 0.0577866 0.1130853
-0.1381827 -0.009621037 -0.01022255 6255633 -0.1601523 0.05870078 0.112886
-0.1381827 -0.009621037 -0.01022255 6365733 -0.1601523 0.05870078 0.112886
-0.1524106 -0.009340441 -0.01039927 6475844 -0.1719875 0.05938098 0.1128905
-0.1659173 -0.009997934 -0.01040468 6585943 -0.1833776 0.05900833 0.1130438
-0.1781111 -0.01055634 -0.01022542 6696038 -0.1946442 0.05854563 0.1132971
-0.1781111 -0.01055634 -0.01022542 6816143 -0.1946442 0.05854563 0.1132971
-0.1892622 -0.01125258 -0.009987487 6916225 -0.2056893 0.05829045 0.1133015
-0.2005831 -0.01144746 -0.01043214 7036333 -0.2158801 0.0582815 0.1128972
-0.2005831 -0.01144746 -0.01043214 7176459 -0.2158801 0.0582815 0.1128972
-0.2102362 -0.01171876 -0.009849669 7256531 -0.2251423 0.05876052 0.1131004
-0.219817 -0.01187576 -0.009686399 7366643 -0.2334363 0.05882233 0.1132874
-0.219817 -0.01187576 -0.009686399 7476738 -0.2334363 0.05882233 0.1132874
-0.2280059 -0.01161866 -0.009825364 7596846 -0.2409495 0.0586149 0.1134871
-0.2368097 -0.0119331 -0.009573882 7706945 -0.2488876 0.05790294 0.1140517
-0.2368097 -0.0119331 -0.009573882 7817045 -0.2488876 0.05790294 0.1140517
-0.2440236 -0.01146847 -0.009537762 7927140 -0.2566452 0.0572684 0.1146483
-0.2495909 -0.01101754 -0.009601472 8047256 -0.2635021 0.05681123 0.1149457
-0.2495909 -0.01101754 -0.009601472 8157351 -0.2635021 0.05681123 0.1149457
-0.2556313 -0.0109663 -0.009355044 8267446 -0.2694929 0.05682104 0.1152202
-0.2611658 -0.0108431 -0.009513001 8377550 -0.2746217 0.05705045 0.1150488
-0.2611658 -0.0108431 -0.009513001 8487645 -0.2746217 0.05705045 0.1150488
-0.2656525 -0.01096763 -0.009324968 8607761 -0.2790971 0.05702365 0.1151848
-0.2692942 -0.01073335 -0.009230166 8717852 -0.2833281 0.05652714 0.115611
-0.2692942 -0.01073335 -0.009230166 8827956 -0.2833281 0.05652714 0.115611
-0.2711596 -0.01299373 -0.00701196 8968086 -0.2872138 0.05534946 0.116995
-0.2729117 -0.01267387 -0.006975274 9038137 -0.2904661 0.05444565 0.1174958
-0.2729117 -0.01267387 -0.006975274 9158379 -0.2904661 0.05444565 0.1174958
-0.2728376 -0.01111204 -0.007473879 9298380 -0.2933795 0.05404783 0.11758
-0.272977 -0.01193126 -0.007386988 9378452 -0.2952689 0.05340343 0.1172754
-0.272977 -0.01193126 -0.007386988 9498572 -0.2952689 0.05340343 0.1172754
-0.2730696 -0.01213598 -0.007225669 9608655 -0.2949726 0.05330764 0.1174484
-0.2730916 -0.01132109 -0.007383892 9718750 -0.293359 0.05350848 0.1178863
-0.2730916 -0.01132109 -0.007383892 9828850 -0.293359 0.05350848 0.1178863
-0.2730483 -0.01190121 -0.007162089 9938969 -0.2911616 0.05288048 0.1184623
-0.2723871 -0.01205509 -0.007174897 10049060 -0.2889934 0.05177246 0.1191442
-0.2723871 -0.01205509 -0.007174897 10169168 -0.2889934 0.05177246 0.1191442
-0.2728762 -0.01144045 -0.007116939 10279264 -0.2875803 0.05118543 0.1200366
-0.2731785 -0.01062643 -0.00761262 10399518 -0.2865747 0.05077151 0.1202822
-0.2731785 -0.01062643 -0.00761262 10499462 -0.2865747 0.05077151 0.1202822
-0.2731218 -0.01050221 -0.007785416 10609553 -0.2857686 0.05056227 0.1203451
-0.2730458 -0.01046796 -0.007838337 10719656 -0.2852223 0.0506611 0.1203069
-0.2730458 -0.01046796 -0.007838337 10839773 -0.2852223 0.0506611 0.1203069
-0.2730645 -0.0105118 -0.007859753 10949860 -0.2848244 0.05075205 0.1202601
-0.2731748 -0.01046549 -0.007936738 11049962 -0.2844843 0.05071155 0.1202651
-0.2731748 -0.01046549 -0.007936738 11170058 -0.2844843 0.05071155 0.1202651
-0.2732011 -0.01056835 -0.007898554 11280166 -0.2841504 0.05029815 0.1204823
-0.2730808 -0.01061598 -0.007850652 11390261 -0.2838649 0.04976498 0.1207732
-0.2730808 -0.01061598 -0.007850652 11510369 -0.2838649 0.04976498 0.1207732
-0.2730838 -0.00995104 -0.007954549 11630485 -0.2835228 0.04976017 0.12101
-0.2720843 -0.01121368 -0.006557622 11720558 -0.2838435 0.05106548 0.1210718
-0.2712269 -0.01205768 -0.002523568 11860685 -0.2846624 0.05541939 0.1222666
-0.2712269 -0.01205768 -0.002523568 11950762 -0.2846624 0.05541939 0.1222666
-0.2692904 -0.01155686 0.004656573 12060877 -0.2861413 0.05985712 0.1268136
-0.2663401 -0.01128875 0.01459973 12190982 -0.2882026 0.06433147 0.1333846
-0.2663401 -0.01128875 0.01459973 12281068 -0.2882026 0.06433147 0.1333846
-0.2635787 -0.0103411 0.02520468 12401172 -0.2903866 0.06857742 0.1407877
