0.05252339 -0.001169689 -0.006469354 0 0.00866863 -0.03400134 0.1250794
0.05253904 -0.001177294 -0.006459721 80048 0.00873033 -0.03407656 0.1250875
0.0525403 -0.001192746 -0.006468785 180365 0.008767649 -0.03418244 0.1250678
0.0525403 -0.001192746 -0.006468785 300255 0.008767649 -0.03418244 0.1250678
0.05250918 -0.001176234 -0.006468154 410362 0.008826065 -0.03436648 0.1250478
0.05241311 -0.001006658 -0.006475401 520446 0.008900172 -0.03450813 0.125018
0.05241311 -0.001006658 -0.006475401 630557 0.008900172 -0.03450813 0.125018
0.05242279 -0.00105972 -0.006506518 740652 0.008967931 -0.03466238 0.1249803
0.05240874 -0.001068676 -0.006526959 860757 0.008974867 -0.03477707 0.1249397
0.05240874 -0.001068676 -0.006526959 970860 0.008974867 -0.03477707 0.1249397
0.05236612 -0.001129006 -0.006545848 1080968 0.008910672 -0.0348331 0.1249148
0.05237634 -0.001230126 -0.006569335 1191055 0.00887655 -0.03493686 0.124876
0.05237634 -0.001230126 -0.006569335 1301166 0.00887655 -0.03493686 0.124876
0.05231113 -0.001255246 -0.006592059 1411266 0.008809803 -0.03500415 0.1248419
0.05226128 -0.001248467 -0.006621918 1521365 0.008699107 -0.03504995 0.1247784
0.05226128 -0.001248467 -0.006621918 1641457 0.008699107 -0.03504995 0.1247784
0.05219789 -0.001156406 -0.006623043 1751577 0.008515647 -0.03518757 0.1246781
0.05200088 -0.001089324 -0.006592583 1881690 0.008310435 -0.03539543 0.1246342
0.05200088 -0.001089324 -0.006592583 1971776 0.008310435 -0.03539543 0.1246342
0.05154046 -0.001317927 -0.006600789 2091868 0.008096955 -0.03546376 0.1247498
0.05096787 -0.001479711 -0.006577209 2221989 0.007653097 -0.03560175 0.124822
0.05096787 -0.001479711 -0.006577209 2312066 0.007653097 -0.03560175 0.124822
0.05025043 -0.001605282 -0.00656756 2422166 0.007138532 -0.03581509 0.1248756
0.04937837 -0.001849066 -0.006551343 2532289 0.006487967 -0.03593928 0.1249953
0.04937837 -0.001849066 -0.006551343 2642381 0.006487967 -0.03593928 0.1249953
0.04836149 -0.002038395 -0.006467665 2752476 0.005605684 -0.03602596 0.1251493
0.04719428 -0.002264366 -0.006436888 2862579 0.004726561 -0.03614362 0.1253012
0.04719428 -0.002264366 -0.006436888 2992701 0.004726561 -0.03614362 0.1253012
0.04566539 -0.002402666 -0.006405931 3092787 0.003695651 -0.03636399 0.1254706
0.0439686 -0.002498167 -0.006396456 3202899 0.002468687 -0.03656385 0.1256018
0.0439686 -0.002498167 -0.006396456 3312990 0.002468687 -0.03656385 0.1256018
0.04194855 -0.002622022 -0.006405781 3423065 0.001066847 -0.0368234 0.1257502
0.03991991 -0.002558612 -0.006395226 3533164 -0.0004630403 -0.03702853 0.1258442
0.03991991 -0.002558612 -0.006395226 3653273 -0.0004630403 -0.03702853 0.1258442
0.03773335 -0.002511827 -0.006388796 3763372 -0.002086817 -0.03714224 0.1259794
0.03562369 -0.002628952 -0.006419864 3873496 -0.003796824 -0.03714419 0.1260979
0.03562369 -0.002628952 -0.006419864 3983575 -0.003796824 -0.03714419 0.1260979
0.03349937 -0.002723283 -0.006396478 4093670 -0.005508908 -0.03709983 0.1262792
0.03140956 -0.002770736 -0.006396697 4203790 -0.00711276 -0.03710828 0.126431
0.03140956 -0.002770736 -0.006396697 4314023 -0.00711276 -0.03710828 0.126431
0.02926088 -0.002654389 -0.006395017 4443986 -0.008704625 -0.03707934 0.1265703
0.0269714 -0.002289775 -0.006366905 4544093 -0.01031992 -0.03699772 0.1267156
0.0269714 -0.002289775 -0.006366905 4664189 -0.01031992 -0.03699772 0.1267156
0.02494092 -0.002264448 -0.006376985 4764300 -0.01197249 -0.03693467 0.1268207
0.02294209 -0.002098774 -0.006351336 4874375 -0.01360319 -0.03671639 0.1269615
0.02294209 -0.002098774 -0.006351336 4994511 -0.01360319 -0.03671639 0.1269615
0.02094272 -0.001919233 -0.006351645 5114608 -0.01514275 -0.03650803 0.1270938
0.01891665 -0.001804303 -0.006371744 5214949 -0.01671599 -0.03631428 0.1272157
0.01891665 -0.001804303 -0.006371744 5324785 -0.01671599 -0.03631428 0.1272157
0.0167636 -0.001421386 -0.006345642 5434881 -0.01828636 -0.03616676 0.127335
0.01445744 -0.001019617 -0.00637402 5544996 -0.01996746 -0.03603141 0.1273994
0.01445744 -0.001019617 -0.00637402 5665088 -0.01996746 -0.03603141 0.1273994
0.01211225 -0.0007250265 -0.006398057 5765203 -0.02170102 -0.03582094 0.1275093
0.009933242 -0.0004322326 -0.006417121 5895316 -0.02339787 -0.03555235 0.1276047
0.009933242 -0.0004322326 -0.006417121 5995702 -0.02339787 -0.03555235 0.1276047
0.007958549 -0.0005304035 -0.006391092 6105506 -0.02508062 -0.03541314 0.127765
0.005979691 -0.0004393601 -0.006379414 6215589 -0.02661837 -0.03520489 0.1279149
0.005979691 -0.0004393601 -0.006379414 6325705 -0.02661837 -0.03520489 0.1279149
0.003891955 -0.0001357838 -0.006324591 6435800 -0.02823149 -0.03500586 0.128057
0.001899748 -6.784829E-05 -0.006348067 6545883 -0.02975983 -0.03487034 0.128161
0.001899748 -6.784829E-05 -0.006348067 6666008 -0.02975983 -0.03487034 0.128161
-0.0001512923 -0.0001914561 -0.006344782 6776091 -0.03130291 -0.03494945 0.1282944
-0.002143457 -0.0001334228 -0.006334885 6886194 -0.03284582 -0.03488605 0.1284088
-0.002143457 -0.0001334228 -0.006334885 6996290 -0.03284582 -0.03488605 0.1284088
-0.004174828 -0.0001997931 -0.006325482 7106405 -0.03438659 -0.03493359 0.1285339
-0.006168204 -0.0001797315 -0.006324455 7216488 -0.03591406 -0.03495836 0.1286269
-0.008233279 -0.0001456211 -0.006300655 7346626 -0.03753166 -0.03498589 0.1287327
-0.008233279 -0.0001456211 -0.006300655 7446700 -0.03753166 -0.03498589 0.1287327
-0.01049342 -0.0002992401 -0.006357534 7556812 -0.03915433 -0.03517429 0.1288035
-0.01049342 -0.0002992401 -0.006357534 7666915 -0.03915433 -0.03517429 0.1288035
-0.01340503 -0.0002607281 -0.006406975 7787027 -0.0405924 -0.03538911 0.1289927
-0.01557773 -0.000368306 -0.006404747 7897119 -0.04215189 -0.03547107 0.1291233
-0.01557773 -0.000368306 -0.006404747 7997209 -0.04215189 -0.03547107 0.1291233
-0.01783969 -0.0003549249 -0.0063793 8117321 -0.043882 -0.03542167 0.1292613
-0.01997388 -0.0002205819 -0.006389599 8227421 -0.04555202 -0.03529921 0.1293362
-0.01997388 -0.0002205819 -0.006389599 8337508 -0.04555202 -0.03529921 0.1293362
-0.02232227 -0.0002933192 -0.006403765 8457612 -0.04718491 -0.03552277 0.1294159
-0.02452775 2.108306E-05 -0.006404294 8557699 -0.04883388 -0.03540364 0.1294653
-0.02452775 2.108306E-05 -0.006404294 8667810 -0.04883388 -0.03540364 0.1294653
-0.02666956 -0.0002809236 -0.006434924 8787923 -0.05040664 -0.03552538 0.129582
-0.02874059 -8.156645E-05 -0.006385421 8898006 -0.052025 -0.03544323 0.1296794
-0.02874059 -8.156645E-05 -0.006385421 9008113 -0.052025 -0.03544323 0.1296794
-0.03075959 -7.658177E-05 -0.006414566 9138239 -0.05349261 -0.03543206 0.129745
-0.03276015 -5.123342E-05 -0.006399611 9228316 -0.05507573 -0.03539998 0.1298308
-0.03473186 -0.0002335374 -0.00646691 9338411 -0.05645444 -0.03560761 0.1298527
-0.03473186 -0.0002335374 -0.00646691 9458512 -0.05645444 -0.03560761 0.1298527
-0.03652918 -0.000121022 -0.00646215 9568635 -0.05784992 -0.0356052 0.1298923
-0.0383899 -0.0003705499 -0.006480064 9678735 -0.05919554 -0.03569894 0.1299944
-0.0383899 -0.0003705499 -0.006480064 9788822 -0.05919554 -0.03569894 0.1299944
-0.04016718 -0.0001649304 -0.006464681 9918951 -0.06053793 -0.03563718 0.130038
-0.04183119 -0.0001296729 -0.006498693 10009008 -0.06178104 -0.0356962 0.1300416
-0.04183119 -0.0001296729 -0.006498693 10129121 -0.06178104 -0.0356962 0.1300416
-0.04346253 -0.0006257708 -0.006554294 10239224 -0.06305906 -0.03598487 0.1300911
-0.0450766 -0.0005605633 -0.006538008 10349332 -0.06421328 -0.0359602 0.130162
-0.0450766 -0.0005605633 -0.006538008 10459435 -0.06421328 -0.0359602 0.130162
-0.04660967 -0.0004786046 -0.006552313 10569530 -0.065252 -0.03597189 0.1301917
-0.04800388 -0.0003415281 -0.006520744 10679614 -0.06633461 -0.03591493 0.1302446
-0.04800388 -0.0003415281 -0.006520744 10799746 -0.06633461 -0.03591493 0.1302446
-0.04934506 -0.0009243037 -0.006566544 10909842 -0.06730374 -0.03614315 0.1303398
-0.05076527 -0.0008974459 -0.006559677 11029946 -0.06834061 -0.03615019 0.1303877
-0.05076527 -0.0008974459 -0.006559677 11130020 -0.06834061 -0.03615019 0.1303877
-0.05214388 -0.0009585896 -0.006549516 11240123 -0.06943612 -0.03625505 0.1304227
-0.05283093 -0.001451358 -0.006622242 11370257 -0.07071771 -0.03642298 0.1303569
-0.05283093 -0.001451358 -0.006622242 11470327 -0.07071771 -0.03642298 0.1303569
-0.0540706 -0.001452145 -0.006565833 11580426 -0.07166775 -0.03653561 0.1304222
-0.05545936 -0.001339772 -0.006514027 11690542 -0.07261147 -0.03656218 0.1304948
-0.05545936 -0.001339772 -0.006514027 11800637 -0.07261147 -0.03656218 0.1304948
-0.0564166 -0.002041597 -0.006629188 11920742 -0.07338619 -0.03692283 0.1304896
-0.05757137 -0.00202115 -0.006619061 12020844 -0.07422545 -0.03703244 0.1305053
-0.05757137 -0.00202115 -0.006619061 12140957 -0.07422545 -0.03703244 0.1305053
-0.05877959 -0.002108051 -0.006610253 12251036 -0.075009 -0.03714989 0.1305572
-0.05999625 -0.002714317 -0.006685176 12361147 -0.07571524 -0.03766633 0.1305646
-0.05999625 -0.002714317 -0.006685176 12491248 -0.07571524 -0.03766633 0.1305646
-0.06107145 -0.002746884 -0.006657889 12581346 -0.07647578 -0.03782106 0.1305965
-0.06224255 -0.002760315 -0.00663965 12691429 -0.07722065 -0.03792683 0.1306382
-0.06224255 -0.002760315 -0.00663965 12811562 -0.07722065 -0.03792683 0.1306382
-0.06332069 -0.002682486 -0.00659997 12921641 -0.07794978 -0.0379594 0.1306872
-0.06437208 -0.002432425 -0.00657279 13031740 -0.07863923 -0.03793332 0.1306948
-0.06437208 -0.002432425 -0.00657279 13141840 -0.07863923 -0.03793332 0.1306948
-0.06520271 -0.00223589 -0.00654506 13251955 -0.07920323 -0.03793903 0.1306975
-0.06547891 -0.003215592 -0.006727885 13362046 -0.07950757 -0.03836203 0.1306554
-0.06547891 -0.003215592 -0.006727885 13482159 -0.07950757 -0.03836203 0.1306554
-0.06590249 -0.003203498 -0.006754627 13592266 -0.07985054 -0.03837197 0.1306312
-0.06622129 -0.003166868 -0.006760433 13702358 -0.08010979 -0.03836355 0.1306242
-0.06622129 -0.003166868 -0.006760433 13812449 -0.08010979 -0.03836355 0.1306242
-0.06636156 -0.003048716 -0.006727971 13922544 -0.08035532 -0.03834013 0.1306217
-0.06635914 -0.00310791 -0.006746158 14032643 -0.08028414 -0.03832601 0.1306293
-0.06635914 -0.00310791 -0.006746158 14142739 -0.08028414 -0.03832601 0.1306293
-0.0663638 -0.003079989 -0.006721111 14252858 -0.08016246 -0.03824524 0.1306807
-0.06642383 -0.003154637 -0.006718289 14372963 -0.0801409 -0.03814731 0.1307357
-0.06642383 -0.003154637 -0.006718289 14483054 -0.0801409 -0.03814731 0.1307357
-0.0664162 -0.003228415 -0.006710197 14593161 -0.08025187 -0.03809062 0.1307651
-0.06639843 -0.003183545 -0.006686912 14723283 -0.08034737 -0.03812994 0.1307555
-0.06639843 -0.003183545 -0.006686912 14813344 -0.08034737 -0.03812994 0.1307555
-0.06644991 -0.003133288 -0.006687858 14923443 -0.08032807 -0.0382185 0.1307263
-0.06650733 -0.003040065 -0.006653575 15033555 -0.08029171 -0.03828113 0.1307302
-0.06650733 -0.003040065 -0.006653575 15153659 -0.08029171 -0.03828113 0.1307302
-0.0665312 -0.003019389 -0.006636602 15263750 -0.08022323 -0.03836497 0.1307295
-0.06700548 -0.003149566 -0.00661939 15383859 -0.0801314 -0.03841421 0.1308228
-0.06700548 -0.003149566 -0.00661939 15483969 -0.0801314 -0.03841421 0.1308228
-0.06687744 -0.003056963 -0.006622646 15604082 -0.08038254 -0.03842828 0.1307554
-0.06760705 -0.001660045 -0.00642506 15714177 -0.08067203 -0.03790281 0.1307683
-0.06760705 -0.001660045 -0.00642506 15824260 -0.08067203 -0.03790281 0.1307683
-0.06729375 -0.003871287 -0.006696572 15934376 -0.0803225 -0.03915601 0.1307497
-0.06725325 -0.003714294 -0.006681324 16044467 -0.08008408 -0.03924924 0.1307191
-0.06784164 -0.001332584 -0.006348086 16174572 -0.08016234 -0.03815858 0.1307588
-0.06784164 -0.001332584 -0.006348086 16274663 -0.08016234 -0.03815858 0.1307588
-0.06777918 -0.001426218 -0.006383344 16384766 -0.08018275 -0.03812419 0.1307503
-0.06777918 -0.001426218 -0.006383344 16494886 -0.08018275 -0.03812419 0.1307503
-0.06780192 -0.001413548 -0.006396119 16604961 -0.08025079 -0.03811262 0.1307332
-0.06800722 -0.002083044 -0.006486378 16715060 -0.08032554 -0.03855504 0.1307153
-0.06800722 -0.002083044 -0.006486378 16825180 -0.08032554 -0.03855504 0.1307153
-0.06803878 -0.001946783 -0.006481005 16955301 -0.08036871 -0.03861109 0.1306683
-0.06731873 -0.003742526 -0.006757019 17045362 -0.08017481 -0.0393671 0.1306178
-0.06731873 -0.003742526 -0.006757019 17165487 -0.08017481 -0.0393671 0.1306178
-0.06810576 -0.001797672 -0.006484335 17275586 -0.08047935 -0.03858047 0.1306294
-0.06812996 -0.001768781 -0.006478259 17395678 -0.08055865 -0.03852648 0.1306372
-0.06812996 -0.001768781 -0.006478259 17495769 -0.08055865 -0.03852648 0.1306372
-0.06803145 -0.001843143 -0.00650748 17605884 -0.08063077 -0.03841877 0.1306411
-0.06794112 -0.002023634 -0.006536327 17715963 -0.08063683 -0.03833593 0.1306733
-0.06794112 -0.002023634 -0.006536327 17836076 -0.08063683 -0.03833593 0.1306733
-0.0678514 -0.002219533 -0.006601583 17946175 -0.08056124 -0.03828336 0.1306722
-0.06785783 -0.002341691 -0.006624344 18056270 -0.08050353 -0.03831212 0.1306799
-0.06774666 -0.001607735 -0.006518785 18166398 -0.08049478 -0.03791647 0.1306869
-0.06774666 -0.001607735 -0.006518785 18276469 -0.08049478 -0.03791647 0.1306869
-0.06791221 -0.002162979 -0.006605285 18396586 -0.0805541 -0.03830494 0.1306542
-0.06791221 -0.002162979 -0.006605285 18506697 -0.0805541 -0.03830494 0.1306542
-0.06795723 -0.002106353 -0.006575007 18616805 -0.08057129 -0.03837229 0.1306544
-0.068008 -0.002000936 -0.006556233 18726876 -0.08062967 -0.03834011 0.1306531
-0.06799404 -0.002001175 -0.006546929 18836991 -0.08061389 -0.03834893 0.1306603
-0.06799404 -0.002001175 -0.006546929 18957091 -0.08061389 -0.03834893 0.1306603
-0.06804786 -0.002102968 -0.00654998 19057186 -0.08050739 -0.03844009 0.1306747
-0.06804786 -0.002102968 -0.00654998 19177302 -0.08050739 -0.03844009 0.1306747
-0.0680448 -0.002085011 -0.006529632 19287402 -0.08045002 -0.03846365 0.130689
-0.06802999 -0.002074168 -0.006522078 19397481 -0.08045088 -0.0384716 0.1306901
-0.0680806 -0.001999323 -0.006486155 19517593 -0.08047732 -0.03847276 0.130708
-0.0680806 -0.001999323 -0.006486155 19627697 -0.08047732 -0.03847276 0.130708
-0.06813242 -0.001912757 -0.006465491 19737792 -0.08050951 -0.03850103 0.1306999
-0.06810658 -0.001824779 -0.006448372 19857900 -0.08056014 -0.0384921 0.130689
-0.06810658 -0.001824779 -0.006448372 19947994 -0.08056014 -0.0384921 0.130689
-0.06810691 -0.001794581 -0.00645134 20068086 -0.08059593 -0.03848613 0.1306763
-0.06811692 -0.001883355 -0.00645883 20178185 -0.08058587 -0.03857465 0.1306708
-0.06811692 -0.001883355 -0.00645883 20288305 -0.08058587 -0.03857465 0.1306708
-0.06820782 -0.001709021 -0.006442723 20398388 -0.0805845 -0.03859043 0.1306442
-0.06819242 -0.001593581 -0.006443899 20518505 -0.08064201 -0.03863135 0.1305942
-0.06819242 -0.001593581 -0.006443899 20628612 -0.08064201 -0.03863135 0.1305942
-0.06739382 -0.003429408 -0.006712707 20738715 -0.08047362 -0.03942264 0.1305449
-0.06745017 -0.003453926 -0.006729639 20848807 -0.08043526 -0.03949303 0.1305249
-0.06745017 -0.003453926 -0.006729639 20978920 -0.08043526 -0.03949303 0.1305249
-0.06748283 -0.003415458 -0.006740994 21068989 -0.08040335 -0.03951957 0.1305026
-0.06752455 -0.003370858 -0.006756662 21179109 -0.08038407 -0.03955163 0.1304725
-0.06752455 -0.003370858 -0.006756662 21299209 -0.08038407 -0.03955163 0.1304725
-0.06752996 -0.003303868 -0.006760844 21409313 -0.08037602 -0.03956824 0.1304474
-0.0675247 -0.003250661 -0.006756642 21519416 -0.08039927 -0.03957851 0.1304322
-0.0675247 -0.003250661 -0.006756642 21629495 -0.08039927 -0.03957851 0.1304322
-0.06750302 -0.003265193 -0.006765199 21749624 -0.08043607 -0.03955551 0.1304281
-0.06754026 -0.003254904 -0.006776628 21859727 -0.08042382 -0.03957519 0.1304134
-0.06754026 -0.003254904 -0.006776628 21969802 -0.08042382 -0.03957519 0.1304134
-0.06761256 -0.003239491 -0.006780561 22069905 -0.0803725 -0.03968282 0.1303883
-0.06759846 -0.003167135 -0.006777194 22190017 -0.08034938 -0.03974267 0.1303574
-0.06759846 -0.003167135 -0.006777194 22300116 -0.08034938 -0.03974267 0.1303574
-0.06757122 -0.003137673 -0.00678084 22410212 -0.08037801 -0.03977782 0.1303313
-0.06759001 -0.003090319 -0.006767463 22530308 -0.08040292 -0.03980131 0.1303251
-0.06759001 -0.003090319 -0.006767463 22640407 -0.08040292 -0.03980131 0.1303251
-0.06761543 -0.003002469 -0.006748059 22750507 -0.08039384 -0.03982981 0.1303165
-0.06762008 -0.002915002 -0.00673375 22860606 -0.08037309 -0.03987649 0.1302971
-0.06762008 -0.002915002 -0.00673375 22970722 -0.08037309 -0.03987649 0.1302971
-0.06761982 -0.002908203 -0.006736259 23080821 -0.0803659 -0.03994481 0.1302749
-0.06764206 -0.002822137 -0.006714867 23191593 -0.08037634 -0.04000891 0.1302567
-0.06764206 -0.002822137 -0.006714867 23311012 -0.08037634 -0.04000891 0.1302567
-0.0676382 -0.002758704 -0.006688343 23421112 -0.08037049 -0.04003935 0.1302579
-0.06762189 -0.002741411 -0.006677123 23531240 -0.08034588 -0.04003613 0.1302661
-0.06762189 -0.002741411 -0.006677123 23641311 -0.08034588 -0.04003613 0.1302661
-0.06762558 -0.00269126 -0.006660444 23761423 -0.0803095 -0.04001627 0.1302782
-0.06763195 -0.002611442 -0.006649855 23861509 -0.08027193 -0.03999792 0.1302761
-0.06763195 -0.002611442 -0.006649855 23991643 -0.08027193 -0.03999792 0.1302761
-0.06765027 -0.002528369 -0.006634038 24081720 -0.08026825 -0.04003749 0.1302604
-0.06770501 -0.002436443 -0.006606703 24201816 -0.08029889 -0.04010012 0.1302475
-0.06770501 -0.002436443 -0.006606703 24311916 -0.08029889 -0.04010012 0.1302475
-0.06772382 -0.002397434 -0.006596371 24422060 -0.08029452 -0.04011458 0.1302453
-0.06775183 -0.002346478 -0.006592399 24532123 -0.08030376 -0.0401172 0.1302362
-0.06775183 -0.002346478 -0.006592399 24652231 -0.08030376 -0.0401172 0.1302362
-0.06776262 -0.0022763 -0.006568701 24762322 -0.08037879 -0.0401163 0.1302348
-0.0678231 -0.002214227 -0.006572817 24862413 -0.08044893 -0.04010708 0.1302152
-0.0678231 -0.002214227 -0.006572817 24982521 -0.08044893 -0.04010708 0.1302152
-0.06785683 -0.00214579 -0.006565561 25112642 -0.08049697 -0.04011602 0.1301997
-0.06787476 -0.002160266 -0.006568383 25202724 -0.08049934 -0.04011726 0.130202
-0.06787476 -0.002160266 -0.006568383 25322832 -0.08049934 -0.04011726 0.130202
-0.06789421 -0.002106949 -0.00657206 25422922 -0.08048283 -0.04011887 0.1301863
-0.06788435 -0.002075242 -0.006564437 25553040 -0.08045011 -0.04013178 0.1301836
-0.06788435 -0.002075242 -0.006564437 25653126 -0.08045011 -0.04013178 0.1301836
-0.06791906 -0.002072602 -0.006579538 25763225 -0.08044658 -0.04009129 0.1301826
-0.06794512 -0.002009265 -0.006559558 25873333 -0.08049374 -0.04004829 0.130195
-0.06794512 -0.002009265 -0.006559558 25983424 -0.08049374 -0.04004829 0.130195
-0.06798173 -0.00200337 -0.006548794 26103533 -0.08055214 -0.04000305 0.1302147
-0.0679609 -0.001974309 -0.006558496 26213636 -0.08057257 -0.03996296 0.1302042
-0.0679609 -0.001974309 -0.006558496 26323739 -0.08057257 -0.03996296 0.1302042
-0.0679855 -0.001909547 -0.006542942 26433835 -0.08055275 -0.04000989 0.1301928
-0.0680145 -0.001863772 -0.006530166 26543930 -0.08051999 -0.04004117 0.1301897
-0.0680145 -0.001863772 -0.006530166 26654033 -0.08051999 -0.04004117 0.1301897
-0.06799007 -0.001843919 -0.006534287 26764129 -0.08049393 -0.04003944 0.1301807
-0.06797428 -0.001905243 -0.006544003 26874228 -0.0804925 -0.04000368 0.1301968
-0.06797428 -0.001905243 -0.006544003 27004362 -0.0804925 -0.04000368 0.1301968
