0.3023406 0.0007996486 -0.005275504 0 0.2356167 -0.0210403 0.1187292
0.3024072 0.0006817994 -0.005274948 110083 0.2356715 -0.02142868 0.1186755
0.3023761 0.0007706168 -0.005298643 220182 0.2356607 -0.0216796 0.1186017
0.302424 0.0007596252 -0.005283218 350312 0.2356931 -0.02171922 0.1186036
0.302424 0.0007596252 -0.005283218 440393 0.2356931 -0.02171922 0.1186036
0.302464 0.0007135253 -0.00525597 560498 0.2357274 -0.02149765 0.118676
0.302464 0.0007135253 -0.00525597 660596 0.2357274 -0.02149765 0.118676
0.3024519 0.0009256648 -0.005247853 780700 0.2357762 -0.02092433 0.118781
0.3024873 0.00105137 -0.005227361 890804 0.2359152 -0.02003036 0.11899
0.3031401 0.001331406 -0.005204881 1000895 0.2357136 -0.01931796 0.1186237
0.3031401 0.001331406 -0.005204881 1110998 0.2357136 -0.01931796 0.1186237
0.303413 0.002063627 -0.005277264 1231095 0.235903 -0.01860739 0.1185022
0.3038597 0.003666866 -0.005244907 1331181 0.2360802 -0.01752435 0.1182991
0.3038597 0.003666866 -0.005244907 1451289 0.2360802 -0.01752435 0.1182991
0.3041409 0.005505195 -0.005321445 1561393 0.2363599 -0.01624078 0.1181253
0.3041666 0.008111391 -0.005386588 1671504 0.2364695 -0.01435237 0.1179776
0.3041666 0.008111391 -0.005386588 1791613 0.2364695 -0.01435237 0.1179776
0.3042315 0.01103325 -0.005379361 1891695 0.2364693 -0.0119465 0.1178539
0.3041875 0.01465833 -0.005375878 2011803 0.2364541 -0.009149162 0.1177161
0.3041875 0.01465833 -0.005375878 2121915 0.2364541 -0.009149162 0.1177161
0.3040995 0.01852119 -0.005323765 2242007 0.2363951 -0.006070713 0.1176299
0.3035719 0.02279185 -0.005403879 2342093 0.2361443 -0.002647975 0.1175293
0.3035719 0.02279185 -0.005403879 2452192 0.2361443 -0.002647975 0.1175293
0.3032401 0.02701109 -0.005426595 2562304 0.2359645 0.0007860269 0.1174248
0.3028672 0.03173229 -0.00539069 2672391 0.2356122 0.004433376 0.1172379
0.3028672 0.03173229 -0.00539069 2792500 0.2356122 0.004433376 0.1172379
0.3023134 0.03645695 -0.005419633 2902603 0.2351664 0.00832097 0.1170789
0.301633 0.04132465 -0.005408386 3032716 0.2345762 0.01228394 0.1169283
0.301633 0.04132465 -0.005408386 3122798 0.2345762 0.01228394 0.1169283
0.3009111 0.04647087 -0.005411877 3232905 0.234055 0.01635501 0.1167746
0.2999874 0.05149389 -0.005449069 3343000 0.2333712 0.02056728 0.1166659
0.2999874 0.05149389 -0.005449069 3463121 0.2333712 0.02056728 0.1166659
0.2990555 0.05630416 -0.005435028 3573208 0.2325544 0.0249494 0.1166335
0.2980071 0.06141892 -0.005456743 3683328 0.2316931 0.02941737 0.1165457
0.2980071 0.06141892 -0.005456743 3793403 0.2316931 0.02941737 0.1165457
0.2965728 0.06838887 -0.00545923 3903522 0.2310532 0.03391483 0.1162986
0.2954075 0.07380901 -0.005411631 4013602 0.2300783 0.03846906 0.1162001
0.2954075 0.07380901 -0.005411631 4143727 0.2300783 0.03846906 0.1162001
0.2935942 0.0795182 -0.005541092 4243809 0.2289644 0.04302615 0.1161041
0.2920112 0.08523054 -0.005515489 4353909 0.2279062 0.04768801 0.1160878
0.2920112 0.08523054 -0.005515489 4464008 0.2279062 0.04768801 0.1160878
0.2902322 0.0907191 -0.005587791 4584124 0.2266435 0.05237124 0.1160352
0.2883383 0.09649912 -0.005521014 4684227 0.2253587 0.05694759 0.1160334
0.2883383 0.09649912 -0.005521014 4794379 0.2253587 0.05694759 0.1160334
0.2863749 0.101929 -0.005561038 4914419 0.2238428 0.06145382 0.1159204
0.2841374 0.1069779 -0.005579415 5024530 0.2222263 0.06573287 0.1159611
0.2841374 0.1069779 -0.005579415 5134617 0.2222263 0.06573287 0.1159611
0.2813346 0.1126891 -0.005841007 5244717 0.2201913 0.07034114 0.1157089
0.2786733 0.1182025 -0.005936999 5354816 0.2181484 0.0748715 0.115576
0.2786733 0.1182025 -0.005936999 5464927 0.2181484 0.0748715 0.115576
0.2766059 0.1233654 -0.005814611 5605042 0.2163003 0.07912794 0.1154806
0.2742101 0.1283077 -0.005803023 5695135 0.2144431 0.08299854 0.1153631
0.2742101 0.1283077 -0.005803023 5805222 0.2144431 0.08299854 0.1153631
0.2714666 0.1334891 -0.005831195 5915338 0.212454 0.08689758 0.1152183
0.268703 0.1384038 -0.005854982 6025417 0.2103643 0.0908254 0.1151373
0.268703 0.1384038 -0.005854982 6135516 0.2103643 0.0908254 0.1151373
0.2657985 0.1433635 -0.005821185 6245636 0.2081308 0.09476545 0.1150875
0.2627795 0.1481666 -0.00585106 6375749 0.2057751 0.09872666 0.1150308
0.2627795 0.1481666 -0.00585106 6475824 0.2057751 0.09872666 0.1150308
0.2595126 0.1531706 -0.005773022 6585939 0.2032705 0.1028025 0.1150828
0.2561231 0.1580011 -0.005807677 6696038 0.2007481 0.1067507 0.1150776
0.2561231 0.1580011 -0.005807677 6816151 0.2007481 0.1067507 0.1150776
0.2526962 0.1628977 -0.005723349 6916245 0.1981863 0.1106763 0.1151395
0.2489634 0.1677026 -0.005805791 7036333 0.1954927 0.1145277 0.1151056
0.2452163 0.1724535 -0.00576083 7176460 0.1927406 0.118317 0.1151597
0.2452163 0.1724535 -0.00576083 7266553 0.1927406 0.118317 0.1151597
0.2413585 0.1770942 -0.005773026 7366627 0.1898636 0.1220626 0.1151651
0.2413585 0.1770942 -0.005773026 7476731 0.1898636 0.1220626 0.1151651
0.2375882 0.1816593 -0.005759634 7586826 0.1869429 0.1257633 0.1151409
0.233384 0.1860586 -0.005836887 7706939 0.183896 0.129223 0.1151048
0.233384 0.1860586 -0.005836887 7817058 0.183896 0.129223 0.1151048
0.2292904 0.1906279 -0.005773385 7927149 0.1808428 0.1326623 0.1150533
0.2249072 0.1945584 -0.005966252 8047246 0.177585 0.1358961 0.1149701
0.2249072 0.1945584 -0.005966252 8147348 0.177585 0.1358961 0.1149701
0.2207081 0.1983745 -0.005893628 8257452 0.1741283 0.1392614 0.1151114
0.216177 0.2021092 -0.005946479 8377556 0.1705716 0.1424713 0.1151722
0.216177 0.2021092 -0.005946479 8487655 0.1705716 0.1424713 0.1151722
0.2116738 0.2053837 -0.005922172 8597738 0.1671485 0.1452518 0.1153539
0.2067077 0.2090415 -0.006115542 8717863 0.1636484 0.1481622 0.115317
0.2067077 0.2090415 -0.006115542 8817937 0.1636484 0.1481622 0.115317
0.2020081 0.2126271 -0.006048818 8938062 0.1602975 0.1507502 0.1153502
0.1966982 0.2159563 -0.006374041 9038156 0.1565265 0.1533618 0.115176
0.1966982 0.2159563 -0.006374041 9158252 0.1565265 0.1533618 0.115176
0.1918704 0.2191915 -0.006302081 9268364 0.1527185 0.1558707 0.1152046
0.186432 0.2226587 -0.006397229 9378459 0.1486619 0.1585416 0.1151291
0.186432 0.2226587 -0.006397229 9488542 0.1486619 0.1585416 0.1151291
0.1823254 0.225817 -0.00615119 9608651 0.1451132 0.1611085 0.1152337
0.1775929 0.2294455 -0.005893584 9708761 0.1414855 0.1637246 0.1152809
0.1722762 0.2327093 -0.005804918 9838871 0.1375133 0.1659521 0.1151962
0.1722762 0.2327093 -0.005804918 9938965 0.1375133 0.1659521 0.1151962
0.1673895 0.2355618 -0.005807456 10049064 0.1337266 0.1681578 0.1151461
0.1673895 0.2355618 -0.005807456 10159147 0.1337266 0.1681578 0.1151461
0.1615527 0.2382377 -0.005904547 10269251 0.1294407 0.1702739 0.1151574
0.1564675 0.2418556 -0.005415819 10379366 0.1254904 0.1728723 0.1153648
0.1508554 0.2436955 -0.005817818 10489486 0.1212442 0.1747049 0.1153008
0.1508554 0.2436955 -0.005817818 10609574 0.1212442 0.1747049 0.1153008
0.1456208 0.246688 -0.005450384 10719653 0.1172469 0.1769012 0.1155082
0.1456208 0.246688 -0.005450384 10829765 0.1172469 0.1769012 0.1155082
0.1399966 0.248853 -0.005482255 10939864 0.1129792 0.1787856 0.1156246
0.134423 0.2515976 -0.005266677 11059960 0.1086577 0.1808886 0.1157401
0.1290684 0.2533067 -0.005408351 11160051 0.1046116 0.1824073 0.1157584
0.1290684 0.2533067 -0.005408351 11270162 0.1046116 0.1824073 0.1157584
0.1232904 0.2554937 -0.005353077 11390258 0.1002191 0.1840486 0.1157649
0.117799 0.2578368 -0.005162837 11500358 0.09601302 0.1856636 0.1157612
0.117799 0.2578368 -0.005162837 11620466 0.09601302 0.1856636 0.1157612
0.1119776 0.2598396 -0.005176223 11720557 0.09153346 0.1872047 0.1157057
0.1061163 0.2615629 -0.005179731 11840669 0.08709948 0.1886658 0.1157774
0.1061163 0.2615629 -0.005179731 11950780 0.08709948 0.1886658 0.1157774
0.1001989 0.263296 -0.0051963 12060864 0.08255713 0.190186 0.1158406
0.09418869 0.2649068 -0.005256679 12170967 0.0780034 0.1915901 0.1158587
0.09418869 0.2649068 -0.005256679 12281062 0.0780034 0.1915901 0.1158587
0.08810182 0.2665498 -0.005207076 12421189 0.07336862 0.1928954 0.1158888
0.08224703 0.2674558 -0.005545531 12501261 0.06871361 0.1939361 0.115772
0.08224703 0.2674558 -0.005545531 12611364 0.06871361 0.1939361 0.115772
0.07596236 0.2692094 -0.005227149 12731469 0.06400616 0.1951541 0.1159303
0.06986786 0.2698561 -0.005544085 12841572 0.05921443 0.1959133 0.1158034
0.06986786 0.2698561 -0.005544085 12951668 0.05921443 0.1959133 0.1158034
0.06340533 0.2707095 -0.005555908 13061787 0.05453559 0.1965337 0.1157928
0.05704277 0.2714542 -0.005655603 13171886 0.04964105 0.1972595 0.11578
0.05704277 0.2714542 -0.005655603 13281974 0.04964105 0.1972595 0.11578
0.05095068 0.2721585 -0.005945326 13402078 0.04466793 0.1980952 0.1156335
0.04412752 0.2733907 -0.005953771 13522182 0.03937594 0.1990505 0.1155255
0.04412752 0.2733907 -0.005953771 13622289 0.03937594 0.1990505 0.1155255
0.03744542 0.2742169 -0.005970624 13732392 0.0340533 0.1998035 0.1155094
0.03072924 0.2750139 -0.00597262 13842512 0.02883632 0.2004912 0.115473
0.03072924 0.2750139 -0.00597262 13962580 0.02883632 0.2004912 0.115473
0.02388113 0.2758205 -0.005969442 14072683 0.02361524 0.2010443 0.1153347
0.0171886 0.276557 -0.006058953 14182779 0.01831018 0.2017696 0.1152333
0.0171886 0.276557 -0.006058953 14292894 0.01831018 0.2017696 0.1152333
0.01041961 0.2768622 -0.006225731 14402997 0.01290275 0.2022834 0.1151748
0.003637901 0.2772728 -0.006239751 14513089 0.007578224 0.2028562 0.1152218
0.003637901 0.2772728 -0.006239751 14643198 0.007578224 0.2028562 0.1152218
-0.003315244 0.2776402 -0.006152184 14733275 0.002245842 0.2033024 0.1152941
-0.01024241 0.2773102 -0.006300448 14853400 -0.003090813 0.2033066 0.1152667
-0.01024241 0.2773102 -0.006300448 14983501 -0.003090813 0.2033066 0.1152667
-0.01714031 0.2774416 -0.006206388 15073586 -0.008373023 0.2034112 0.1152386
-0.02407634 0.2775287 -0.006144826 15183694 -0.01369777 0.2034754 0.115159
-0.02407634 0.2775287 -0.006144826 15293801 -0.01369777 0.2034754 0.115159
-0.03087782 0.2775821 -0.006085151 15413914 -0.01903212 0.2035926 0.1151232
-0.038943 0.2773615 -0.005688674 15524009 -0.02490513 0.2031952 0.1151771
-0.038943 0.2773615 -0.005688674 15634088 -0.02490513 0.2031952 0.1151771
-0.04461902 0.276729 -0.005922732 15744200 -0.02980577 0.2026373 0.1148963
-0.05159532 0.2762325 -0.00590292 15864304 -0.03508799 0.2021008 0.1146717
-0.05159532 0.2762325 -0.00590292 15974416 -0.03508799 0.2021008 0.1146717
-0.05947245 0.2751823 -0.005755523 16104529 -0.04095613 0.2013892 0.114735
-0.06589344 0.2742049 -0.005803489 16194610 -0.0462391 0.2008384 0.1147673
-0.06589344 0.2742049 -0.005803489 16304697 -0.0462391 0.2008384 0.1147673
-0.0733714 0.2732116 -0.005648575 16414809 -0.05204834 0.2001698 0.1148358
-0.0795984 0.2719844 -0.005767933 16524900 -0.0571298 0.1992671 0.1147045
-0.0795984 0.2719844 -0.005767933 16634991 -0.0571298 0.1992671 0.1147045
-0.08617046 0.2705978 -0.005862643 16755124 -0.06209887 0.1981856 0.1144838
-0.09255473 0.269351 -0.005897703 16865219 -0.0671048 0.1973208 0.1143944
-0.09255473 0.269351 -0.005897703 16975299 -0.0671048 0.1973208 0.1143944
-0.09939943 0.2674326 -0.006031191 17085447 -0.07241707 0.1961783 0.114389
-0.1058841 0.2656581 -0.006139229 17215515 -0.0774554 0.1951195 0.1143695
-0.1058841 0.2656581 -0.006139229 17305597 -0.0774554 0.1951195 0.1143695
-0.1123292 0.2641585 -0.00616207 17425750 -0.0824034 0.1941615 0.1143001
-0.1183962 0.2625459 -0.006179162 17535821 -0.08720448 0.1931197 0.1142921
-0.1183962 0.2625459 -0.006179162 17645928 -0.08720448 0.1931197 0.1142921
-0.1248622 0.2610992 -0.00605992 17756015 -0.09223793 0.1921828 0.1143246
-0.1309964 0.2590756 -0.006117235 17866119 -0.09704336 0.1908405 0.1142879
-0.1309964 0.2590756 -0.006117235 17976206 -0.09704336 0.1908405 0.1142879
-0.1369105 0.257268 -0.006109521 18096335 -0.1017615 0.1894664 0.1141972
-0.1429699 0.2548437 -0.006162303 18196409 -0.1063433 0.1876845 0.114064
-0.1429699 0.2548437 -0.006162303 18316525 -0.1063433 0.1876845 0.114064
-0.1486096 0.2528154 -0.006129956 18426633 -0.1108573 0.1859272 0.1138991
-0.1543586 0.2505809 -0.00614244 18536708 -0.115302 0.1841507 0.1137235
-0.1543586 0.2505809 -0.00614244 18646823 -0.115302 0.1841507 0.1137235
-0.1600714 0.2483256 -0.006161356 18766940 -0.119792 0.182399 0.1135779
-0.1656204 0.2459271 -0.006179694 18877043 -0.1242634 0.180705 0.1135781
-0.1656204 0.2459271 -0.006179694 18987114 -0.1242634 0.180705 0.1135781
-0.171071 0.2434033 -0.006220433 19097230 -0.1286085 0.1788754 0.1135265
-0.1765716 0.2407821 -0.00615338 19207333 -0.1328518 0.1768235 0.1134464
-0.1765716 0.2407821 -0.00615338 19317432 -0.1328518 0.1768235 0.1134464
-0.1819096 0.2380608 -0.006156901 19447704 -0.1368763 0.1747601 0.1133055
-0.1870446 0.2352818 -0.006194199 19537611 -0.1409532 0.1726658 0.1132255
-0.1870446 0.2352818 -0.006194199 19657727 -0.1409532 0.1726658 0.1132255
-0.1924003 0.2322745 -0.006204193 19767831 -0.1450467 0.1705155 0.1131679
-0.1973159 0.2294859 -0.006172209 19877938 -0.1490679 0.1683722 0.1131739
-0.1973159 0.2294859 -0.006172209 19988029 -0.1490679 0.1683722 0.1131739
-0.2023451 0.2263938 -0.006156341 20098121 -0.1528718 0.166109 0.1131096
-0.2070608 0.2233083 -0.006183575 20208220 -0.1566303 0.1635744 0.1129586
-0.2070608 0.2233083 -0.006183575 20318319 -0.1566303 0.1635744 0.1129586
-0.2116034 0.220179 -0.006188154 20438424 -0.1601488 0.1610204 0.1128031
-0.2157863 0.2170001 -0.006321685 20568541 -0.1636276 0.1583854 0.1126322
-0.2157863 0.2170001 -0.006321685 20658643 -0.1636276 0.1583854 0.1126322
-0.2204644 0.2134145 -0.006234359 20768896 -0.1670983 0.1556639 0.1126066
-0.2251114 0.2097947 -0.006197768 20888871 -0.1706708 0.1529783 0.1126061
-0.2251114 0.2097947 -0.006197768 20988925 -0.1706708 0.1529783 0.1126061
-0.2295428 0.2060487 -0.00623914 21109029 -0.1740958 0.1502244 0.1125696
-0.2340628 0.20237 -0.00615349 21219145 -0.1775826 0.1473639 0.1125502
-0.2382486 0.1983416 -0.006195675 21349246 -0.1808462 0.1442596 0.1124903
-0.2382486 0.1983416 -0.006195675 21439327 -0.1808462 0.1442596 0.1124903
-0.2422455 0.194618 -0.006181555 21559444 -0.1840248 0.1412502 0.112429
-0.2460929 0.190371 -0.006269886 21659526 -0.1870573 0.1380047 0.1123842
-0.2460929 0.190371 -0.006269886 21779634 -0.1870573 0.1380047 0.1123842
-0.2499279 0.1864642 -0.006256425 21889733 -0.1899854 0.1349185 0.1123024
-0.2536853 0.1825085 -0.006222809 21999833 -0.1929394 0.1317958 0.1122863
-0.2536853 0.1825085 -0.006222809 22139976 -0.1929394 0.1317958 0.1122863
-0.2574091 0.1783293 -0.006224234 22230045 -0.1958597 0.1285959 0.1122853
-0.261085 0.1741663 -0.006189368 22340156 -0.1986237 0.1254682 0.112273
-0.261085 0.1741663 -0.006189368 22450251 -0.1986237 0.1254682 0.112273
-0.2646135 0.1698838 -0.006221639 22560343 -0.2014034 0.1222964 0.1122949
-0.268076 0.1655219 -0.006262412 22670454 -0.2040982 0.1191572 0.1123268
-0.268076 0.1655219 -0.006262412 22780545 -0.2040982 0.1191572 0.1123268
-0.2712697 0.16107 -0.006271841 22890653 -0.2066742 0.1159039 0.112445
-0.2744552 0.1564693 -0.006271121 23000752 -0.2091012 0.112435 0.1124558
-0.2744552 0.1564693 -0.006271121 23110848 -0.2091012 0.112435 0.1124558
-0.2774996 0.1517553 -0.006331439 23230948 -0.2113811 0.1088195 0.1123745
-0.280315 0.1472469 -0.006374358 23341055 -0.2136108 0.1051709 0.1123117
-0.280315 0.1472469 -0.006374358 23451143 -0.2136108 0.1051709 0.1123117
-0.2828842 0.1427724 -0.006462883 23561246 -0.2156954 0.1017403 0.1123154
-0.2856832 0.137845 -0.006492275 23671362 -0.2179 0.09801166 0.1123563
-0.2856832 0.137845 -0.006492275 23791462 -0.2179 0.09801166 0.1123563
-0.2889228 0.1323341 -0.006170741 23891552 -0.2202805 0.09378672 0.1126087
-0.2914503 0.1271448 -0.006242096 24011677 -0.2222459 0.08982376 0.1126029
-0.2914503 0.1271448 -0.006242096 24121760 -0.2222459 0.08982376 0.1126029
-0.2941702 0.1216395 -0.006320905 24231863 -0.2243081 0.08583145 0.1126048
-0.2969185 0.1162278 -0.006303903 24371974 -0.2264719 0.08177567 0.1126775
-0.2969185 0.1162278 -0.006303903 24452050 -0.2264719 0.08177567 0.1126775
-0.2996398 0.1102006 -0.006349564 24572158 -0.2285428 0.07749568 0.1127381
-0.3022267 0.1042469 -0.006386971 24682270 -0.2305627 0.07298286 0.1127477
-0.3022267 0.1042469 -0.006386971 24792365 -0.2305627 0.07298286 0.1127477
-0.304574 0.09852798 -0.006379747 24902452 -0.2323678 0.06832647 0.1127016
-0.3067547 0.09238322 -0.006420102 25012552 -0.2339763 0.06348445 0.1126362
-0.3067547 0.09238322 -0.006420102 25132660 -0.2339763 0.06348445 0.1126362
-0.308743 0.08634453 -0.00645925 25242759 -0.2354482 0.05878733 0.1125984
-0.3107597 0.08026962 -0.006404397 25352871 -0.2370093 0.05409266 0.1126834
-0.3107597 0.08026962 -0.006404397 25462962 -0.2370093 0.05409266 0.1126834
-0.3124857 0.07390538 -0.006518846 25573074 -0.2383671 0.04946589 0.1127094
-0.3139901 0.06758576 -0.006596403 25683169 -0.2396175 0.0447396 0.1127896
-0.3139901 0.06758576 -0.006596403 25813278 -0.2396175 0.0447396 0.1127896
-0.3150407 0.0625029 -0.006809408 25903355 -0.2405305 0.04052018 0.1126529
-0.317039 0.05562591 -0.006526411 26023464 -0.2417872 0.03536966 0.1127762
-0.317039 0.05562591 -0.006526411 26133571 -0.2417872 0.03536966 0.1127762
-0.3186683 0.04791534 -0.006289189 26253672 -0.2427318 0.02989812 0.1129386
-0.3202727 0.04136316 -0.005989301 26353774 -0.2436298 0.02492981 0.1130151
-0.3202727 0.04136316 -0.005989301 26473878 -0.2436298 0.02492981 0.1130151
-0.3215923 0.03614714 -0.006039852 26583994 -0.2445655 0.02049326 0.1128218
-0.3226888 0.03074502 -0.006094797 26694069 -0.2453585 0.01587967 0.1126709
-0.3226888 0.03074502 -0.006094797 26804185 -0.2453585 0.01587967 0.1126709
-0.3237146 0.02432667 -0.006092978 26934310 -0.2461065 0.01097263 0.1126711
-0.3246081 0.01789235 -0.006050841 27024367 -0.2467143 0.006112002 0.1126927
-0.3246081 0.01789235 -0.006050841 27134466 -0.2467143 0.006112002 0.1126927
-0.3251566 0.01143977 -0.006138562 27254611 -0.2472178 0.001284313 0.1127255
-0.3256847 0.004930073 -0.006121837 27364674 -0.2476278 -0.003435954 0.1128041
-0.3256847 0.004930073 -0.006121837 27474774 -0.2476278 -0.003435954 0.1128041
-0.325828 -0.001608456 -0.006117743 27584893 -0.2477449 -0.008211475 0.1129019
-0.3257808 -0.008563433 -0.006101491 27704998 -0.2476289 -0.01332735 0.1129608
-0.3257808 -0.008563433 -0.006101491 27805072 -0.2476289 -0.01332735 0.1129608
-0.325468 -0.01509538 -0.006094724 27915175 -0.2473432 -0.01829996 0.1130375
-0.3250886 -0.02164879 -0.006013678 28025291 -0.2471108 -0.02326341 0.1132469
-0.3250886 -0.02164879 -0.006013678 28145383 -0.2471108 -0.02326341 0.1132469
-0.324591 -0.0282771 -0.005888597 28255478 -0.2466934 -0.02811278 0.1134352
-0.3232744 -0.03451918 -0.006066956 28375603 -0.2457949 -0.03289113 0.1135178
-0.3232744 -0.03451918 -0.006066956 28485702 -0.2457949 -0.03289113 0.1135178
-0.3219093 -0.04121453 -0.00608407 28585792 -0.2446486 -0.03775337 0.1136032
-0.3203767 -0.04749241 -0.006116125 28705901 -0.2433461 -0.04253837 0.113667
-0.3203767 -0.04749241 -0.006116125 28815984 -0.2433461 -0.04253837 0.113667
-0.3187358 -0.05379277 -0.006111035 28926083 -0.2421203 -0.04721015 0.1138597
-0.3171417 -0.05993773 -0.006095354 29036191 -0.2408825 -0.0516183 0.1139945
-0.3155115 -0.06618661 -0.006087031 29166300 -0.2395632 -0.05609377 0.1140638
-0.3155115 -0.06618661 -0.006087031 29266390 -0.2395632 -0.05609377 0.1140638
-0.3137944 -0.07235067 -0.006089561 29376506 -0.2380065 -0.06039863 0.113992
-0.3137944 -0.07235067 -0.006089561 29486593 -0.2380065 -0.06039863 0.113992
-0.3118316 -0.07843173 -0.006124306 29596705 -0.2361809 -0.06493439 0.1138801
-0.3098188 -0.08431987 -0.0061403 29706792 -0.2343824 -0.06942177 0.1138332
-0.3098188 -0.08431987 -0.0061403 29816899 -0.2343824 -0.06942177 0.1138332
-0.307618 -0.0904486 -0.006140818 29937028 -0.2325838 -0.07388814 0.1138669
-0.3053251 -0.09621251 -0.006267739 30037086 -0.2306993 -0.07813134 0.1137752
-0.3053251 -0.09621251 -0.006267739 30147189 -0.2306993 -0.07813134 0.1137752
-0.303032 -0.1022587 -0.006263309 30287316 -0.2286623 -0.0822704 0.1136361
-0.3005812 -0.1084577 -0.006196667 30377405 -0.2265186 -0.08649788 0.1135478
-0.3005812 -0.1084577 -0.006196667 30487496 -0.2265186 -0.08649788 0.1135478
-0.2979988 -0.1142956 -0.00625072 30597592 -0.2244377 -0.09071625 0.1134949
-0.2953774 -0.1200489 -0.00630236 30717720 -0.2222207 -0.09498616 0.1133898
-0.2953774 -0.1200489 -0.00630236 30817807 -0.2222207 -0.09498616 0.1133898
-0.2929416 -0.1256412 -0.006255223 30937915 -0.2201122 -0.0990411 0.1133047
-0.2903554 -0.1312871 -0.006205105 31058104 -0.2179902 -0.1030496 0.1132611
-0.2903554 -0.1312871 -0.006205105 31158118 -0.2179902 -0.1030496 0.1132611
-0.2876897 -0.1366554 -0.006254445 31268197 -0.2157443 -0.1069093 0.1130991
-0.2851055 -0.1420108 -0.006154863 31378312 -0.2134178 -0.1106962 0.1129523
-0.2823204 -0.1471924 -0.006165792 31498441 -0.211133 -0.1144641 0.1128613
-0.2823204 -0.1471924 -0.006165792 31608520 -0.211133 -0.1144641 0.1128613
-0.2796471 -0.1520239 -0.006160191 31718603 -0.2089471 -0.1181369 0.1128332
-0.2796471 -0.1520239 -0.006160191 31828703 -0.2089471 -0.1181369 0.1128332
-0.2770011 -0.1570082 -0.006152863 31948819 -0.206829 -0.1216752 0.1127324
-0.2743987 -0.1614752 -0.006211249 32058915 -0.204775 -0.1249136 0.1126249
-0.2743987 -0.1614752 -0.006211249 32159001 -0.204775 -0.1249136 0.1126249
-0.2716407 -0.1661569 -0.006267211 32279109 -0.2027083 -0.1280472 0.1124855
-0.2689271 -0.1711335 -0.006080105 32389221 -0.2005278 -0.1310802 0.1123408
-0.2658773 -0.1758614 -0.006218144 32499316 -0.1980979 -0.1342007 0.1120045
-0.2658773 -0.1758614 -0.006218144 32609423 -0.1980979 -0.1342007 0.1120045
-0.2630383 -0.1803705 -0.006262511 32719519 -0.1956647 -0.137445 0.1117394
-0.260037 -0.1852722 -0.006215161 32829610 -0.1931446 -0.1407128 0.1114543
-0.260037 -0.1852722 -0.006215161 32939717 -0.1931446 -0.1407128 0.1114543
-0.2572663 -0.1898805 -0.006294846 33059850 -0.1907073 -0.1439263 0.1110267
-0.2539665 -0.1952554 -0.006388569 33169933 -0.1882175 -0.1471398 0.1105225
-0.2539665 -0.1952554 -0.006388569 33280025 -0.1882175 -0.1471398 0.1105225
-0.2508996 -0.1991383 -0.006887735 33400125 -0.1856497 -0.1502196 0.1099696
-0.2508996 -0.1991383 -0.006887735 33500211 -0.1856497 -0.1502196 0.1099696
-0.2483183 -0.2038497 -0.006708601 33610323 -0.1833886 -0.1538016 0.1098485
-0.2450527 -0.2092574 -0.006331287 33730423 -0.1810457 -0.1570366 0.1097822
-0.2412777 -0.2141467 -0.006373727 33840688 -0.1784648 -0.1602366 0.1096197
-0.2412777 -0.2141467 -0.006373727 33950622 -0.1784648 -0.1602366 0.1096197
-0.2375906 -0.2187206 -0.00641915 34070730 -0.1758343 -0.1634535 0.1095031
-0.2338719 -0.2237491 -0.006249109 34170837 -0.1731163 -0.1668959 0.1094346
-0.2338719 -0.2237491 -0.006249109 34290945 -0.1731163 -0.1668959 0.1094346
-0.2299149 -0.2285085 -0.00628928 34401028 -0.1701747 -0.1703324 0.1092655
-0.2256349 -0.2334096 -0.006153764 34511136 -0.1670402 -0.173665 0.109187
-0.2256349 -0.2334096 -0.006153764 34621231 -0.1670402 -0.173665 0.109187
-0.2210054 -0.2384733 -0.006042794 34751340 -0.1637778 -0.1769023 0.1090236
-0.216432 -0.2431154 -0.006028118 34841421 -0.1604113 -0.1800073 0.1087991
-0.216432 -0.2431154 -0.006028118 34961680 -0.1604113 -0.1800073 0.1087991
-0.2118622 -0.2474191 -0.00610545 35071629 -0.1570066 -0.1828674 0.1084815
-0.2072072 -0.2516747 -0.005999895 35181749 -0.1534941 -0.1856193 0.108271
-0.2072072 -0.2516747 -0.005999895 35291856 -0.1534941 -0.1856193 0.108271
-0.2025291 -0.255647 -0.005982579 35401939 -0.1498019 -0.1882394 0.1079573
-0.1973088 -0.2597972 -0.006000729 35512043 -0.1460037 -0.1908838 0.1076873
-0.1973088 -0.2597972 -0.006000729 35622142 -0.1460037 -0.1908838 0.1076873
-0.1917614 -0.2645845 -0.005448407 35742255 -0.1420807 -0.1935342 0.1076442
-0.1867708 -0.2681851 -0.005451906 35852346 -0.1381764 -0.1959928 0.1073892
-0.1867708 -0.2681851 -0.005451906 35962437 -0.1381764 -0.1959928 0.1073892
-0.1814138 -0.2719904 -0.005462423 36072532 -0.1341222 -0.1985562 0.1071305
-0.1765058 -0.2756907 -0.005264826 36192657 -0.1303715 -0.2009832 0.10697
-0.1765058 -0.2756907 -0.005264826 36292731 -0.1303715 -0.2009832 0.10697
-0.1715519 -0.2794377 -0.004679601 36412844 -0.1267796 -0.2030263 0.1069582
-0.1662211 -0.2826597 -0.004854669 36542965 -0.1229047 -0.2051577 0.1066055
-0.1662211 -0.2826597 -0.004854669 36633038 -0.1229047 -0.2051577 0.1066055
-0.1606657 -0.2855991 -0.005245042 36743142 -0.1186062 -0.2072742 0.1061213
-0.1547538 -0.2895546 -0.004565044 36853253 -0.1140313 -0.2094229 0.10601
-0.1547538 -0.2895546 -0.004565044 36973349 -0.1140313 -0.2094229 0.10601
-0.1494771 -0.2922681 -0.004711033 37083461 -0.1102037 -0.2112158 0.1057171
-0.1437457 -0.2952444 -0.004648836 37193568 -0.1063963 -0.2131072 0.1056451
-0.1437457 -0.2952444 -0.004648836 37303648 -0.1063963 -0.2131072 0.1056451
-0.1380771 -0.2982419 -0.004375436 37413759 -0.1022502 -0.2149954 0.1055914
-0.1324433 -0.3007918 -0.004440542 37523858 -0.09788562 -0.2169052 0.105446
-0.1324433 -0.3007918 -0.004440542 37663969 -0.09788562 -0.2169052 0.105446
-0.1262339 -0.3034276 -0.004172703 37744041 -0.09345284 -0.2186432 0.105569
-0.1203825 -0.3056837 -0.00417295 37864149 -0.08933652 -0.2202813 0.1055942
-0.1203825 -0.3056837 -0.00417295 37974269 -0.08933652 -0.2202813 0.1055942
-0.1144296 -0.307737 -0.004210269 38084360 -0.0850565 -0.2216698 0.1054979
-0.1083619 -0.3100828 -0.003876502 38194459 -0.08045098 -0.222904 0.1053346
-0.1083619 -0.3100828 -0.003876502 38304547 -0.08045098 -0.222904 0.1053346
-0.102369 -0.3121313 -0.00368925 38424671 -0.07612058 -0.2238403 0.1050396
-0.09594915 -0.3139642 -0.00356346 38534758 -0.07198948 -0.2245419 0.1047686
-0.09594915 -0.3139642 -0.00356346 38634861 -0.07198948 -0.2245419 0.1047686
-0.08973373 -0.3155206 -0.003464906 38754973 -0.06792017 -0.2251608 0.1045422
-0.08343406 -0.3171109 -0.003155395 38865077 -0.06338474 -0.2258068 0.1043984
-0.08343406 -0.3171109 -0.003155395 38985169 -0.06338474 -0.2258068 0.1043984
-0.07709483 -0.3182505 -0.003148551 39085267 -0.05878386 -0.2264902 0.1043271
-0.0706749 -0.3193972 -0.003001707 39205380 -0.05452142 -0.2271678 0.1044182
-0.0706749 -0.3193972 -0.003001707 39315463 -0.05452142 -0.2271678 0.1044182
-0.06410563 -0.3202288 -0.003121456 39425562 -0.0501088 -0.2278353 0.10446
-0.05759235 -0.321187 -0.0029408 39555676 -0.04520196 -0.2284533 0.1045449
-0.05759235 -0.321187 -0.0029408 39645757 -0.04520196 -0.2284533 0.1045449
-0.05067875 -0.3216941 -0.002865862 39755869 -0.04018189 -0.2288005 0.1046834
-0.04397322 -0.3223772 -0.002209815 39865960 -0.03541576 -0.2288552 0.104966
-0.04397322 -0.3223772 -0.002209815 39986072 -0.03541576 -0.2288552 0.104966
-0.03606016 -0.3225525 -0.002655521 40096184 -0.03015145 -0.2294253 0.1050415
-0.02846674 -0.3226152 -0.002680933 40206275 -0.02514422 -0.2295544 0.1051842
-0.02846674 -0.3226152 -0.002680933 40316366 -0.02514422 -0.2295544 0.1051842
-0.02401733 -0.3215155 -0.003519263 40426555 -0.0209381 -0.2294097 0.1051697
-0.01578959 -0.3210869 -0.003115515 40536573 -0.01537437 -0.2289478 0.105588
-0.01578959 -0.3210869 -0.003115515 40656694 -0.01537437 -0.2289478 0.105588
-0.00907443 -0.3202749 -0.003131567 40766850 -0.01041403 -0.2284358 0.105818
-0.001984379 -0.3191409 -0.003392385 40877075 -0.005429956 -0.2278015 0.1059304
-0.001984379 -0.3191409 -0.003392385 40986971 -0.005429956 -0.2278015 0.1059304
0.003999766 -0.3182468 -0.003282648 41097067 -0.0003296185 -0.2270039 0.1060894
0.01000384 -0.3165897 -0.004012554 41207174 0.004801195 -0.2260031 0.1058657
0.01000384 -0.3165897 -0.004012554 41317278 0.004801195 -0.2260031 0.1058657
0.01668523 -0.31568 -0.003766781 41437390 0.009896197 -0.2250237 0.1059673
0.02164856 -0.3137415 -0.004397693 41547477 0.01434429 -0.2238276 0.1059127
0.02164856 -0.3137415 -0.004397693 41657573 0.01434429 -0.2238276 0.1059127
0.03458377 -0.3132609 -0.00336274 41777697 0.02184523 -0.2229284 0.1061088
0.03972577 -0.3122993 -0.001985666 41877787 0.02588376 -0.220715 0.1063054
0.04696891 -0.3103789 -0.002138017 41997892 0.03100829 -0.2191369 0.1061505
0.04696891 -0.3103789 -0.002138017 42118004 0.03100829 -0.2191369 0.1061505
0.05457665 -0.3085741 -0.00183762 42218086 0.03605045 -0.2174915 0.1061762
0.05457665 -0.3085741 -0.00183762 42328182 0.03605045 -0.2174915 0.1061762
0.0611922 -0.3061966 -0.002285957 42468499 0.04120483 -0.2158955 0.1061228
0.06803175 -0.3038384 -0.002355215 42558406 0.04621762 -0.2141276 0.1061914
0.07477107 -0.3012065 -0.002466596 42658476 0.05128911 -0.2122129 0.1063221
0.07477107 -0.3012065 -0.002466596 42768575 0.05128911 -0.2122129 0.1063221
0.08157768 -0.2984891 -0.002445859 42888688 0.05613321 -0.2101626 0.1064451
0.08815657 -0.2956425 -0.002445039 42998799 0.06098868 -0.2079807 0.1065667
0.08815657 -0.2956425 -0.002445039 43108894 0.06098868 -0.2079807 0.1065667
0.09462899 -0.2925948 -0.002466841 43218986 0.0657027 -0.2056387 0.1066576
0.100881 -0.2894499 -0.002387072 43329093 0.07030845 -0.2031434 0.1068043
0.100881 -0.2894499 -0.002387072 43439184 0.07030845 -0.2031434 0.1068043
0.1072586 -0.2860421 -0.002325553 43579319 0.0748402 -0.2005624 0.1069838
0.1132931 -0.2824943 -0.00227461 43669392 0.07925075 -0.1978593 0.1071981
0.1132931 -0.2824943 -0.00227461 43779500 0.07925075 -0.1978593 0.1071981
0.1194795 -0.2786168 -0.002302079 43889599 0.08375222 -0.1950483 0.1074527
0.1252941 -0.27482 -0.002265589 43999702 0.08799745 -0.1921547 0.1076509
0.1252941 -0.27482 -0.002265589 44119807 0.08799745 -0.1921547 0.1076509
0.1309539 -0.2708513 -0.002390212 44229910 0.09218944 -0.1891482 0.1077378
0.1366228 -0.2669936 -0.0022899 44339993 0.09624603 -0.1859914 0.1077765
0.1366228 -0.2669936 -0.0022899 44450093 0.09624603 -0.1859914 0.1077765
0.1422816 -0.262778 -0.00226929 44560216 0.1001541 -0.1827905 0.107883
0.1478222 -0.2583072 -0.002321332 44690330 0.1041426 -0.1793878 0.1079966
0.1478222 -0.2583072 -0.002321332 44780407 0.1041426 -0.1793878 0.1079966
0.1529215 -0.2540514 -0.002207455 44890506 0.1080585 -0.1758376 0.1081382
0.1580387 -0.2497275 -0.002231932 45010598 0.1118178 -0.1723415 0.108137
0.1580387 -0.2497275 -0.002231932 45120702 0.1118178 -0.1723415 0.108137
0.1631509 -0.2454141 -0.002248273 45230821 0.1155232 -0.168892 0.1081247
0.1682154 -0.2412121 -0.002288052 45340901 0.1192456 -0.1656232 0.1081409
0.1682154 -0.2412121 -0.002288052 45451012 0.1192456 -0.1656232 0.1081409
0.1729977 -0.2371384 -0.002338671 45571129 0.1228883 -0.1622993 0.1080896
0.1777045 -0.2331748 -0.002312398 45681220 0.1265155 -0.158862 0.107976
0.1777045 -0.2331748 -0.002312398 45791327 0.1265155 -0.158862 0.107976
0.1823352 -0.2293803 -0.002229681 45901423 0.1300041 -0.1555879 0.1078719
0.1867626 -0.2253462 -0.002440744 46011502 0.1333652 -0.1525759 0.1078292
0.1867626 -0.2253462 -0.002440744 46131634 0.1333652 -0.1525759 0.1078292
0.190945 -0.2218454 -0.00240288 46251739 0.1367059 -0.1496222 0.1078159
0.195037 -0.2181341 -0.002477834 46351813 0.1398441 -0.1466273 0.1077345
0.195037 -0.2181341 -0.002477834 46461928 0.1398441 -0.1466273 0.1077345
0.1990447 -0.2144374 -0.00250075 46572007 0.1428545 -0.1436829 0.1076932
0.2029056 -0.2106533 -0.002551671 46682131 0.1457775 -0.1408148 0.1077443
0.2029056 -0.2106533 -0.002551671 46802219 0.1457775 -0.1408148 0.1077443
0.2066838 -0.2069361 -0.002548348 46902310 0.1485656 -0.137969 0.1077787
0.2104044 -0.2033395 -0.002497264 47022434 0.151249 -0.1350289 0.1076868
0.2104044 -0.2033395 -0.002497264 47142522 0.151249 -0.1350289 0.1076868
0.2139405 -0.1997616 -0.002472642 47242613 0.1538337 -0.1319796 0.1075229
0.2175338 -0.1959288 -0.002553575 47372900 0.1564704 -0.1291649 0.1075377
0.2175338 -0.1959288 -0.002553575 47462828 0.1564704 -0.1291649 0.1075377
0.2209351 -0.1921458 -0.002595962 47572911 0.1591767 -0.1263414 0.1076851
0.2242953 -0.1884598 -0.002563102 47693019 0.1618024 -0.1235476 0.107833
0.2242953 -0.1884598 -0.002563102 47803118 0.1618024 -0.1235476 0.107833
0.2274948 -0.1844617 -0.002711269 47913218 0.1642065 -0.1204511 0.107758
0.2308779 -0.1806757 -0.002547326 48023333 0.1665779 -0.1173262 0.1077187
0.2308779 -0.1806757 -0.002547326 48133433 0.1665779 -0.1173262 0.1077187
0.2340885 -0.1768553 -0.002550884 48243528 0.1690044 -0.11411 0.1076005
0.2371629 -0.1727944 -0.00266075 48353623 0.1713205 -0.1109698 0.1075606
0.2371629 -0.1727944 -0.00266075 48473740 0.1713205 -0.1109698 0.1075606
0.2403958 -0.1688524 -0.002519682 48583831 0.1738054 -0.1076986 0.1076265
0.2435385 -0.1647753 -0.002469348 48693922 0.1761385 -0.104512 0.1076752
0.2435385 -0.1647753 -0.002469348 48804030 0.1761385 -0.104512 0.1076752
0.2466015 -0.1606201 -0.002516657 48924150 0.1785272 -0.101236 0.1076907
0.2494316 -0.1565547 -0.002560691 49024220 0.1808192 -0.09794728 0.1077287
0.2494316 -0.1565547 -0.002560691 49144621 0.1808192 -0.09794728 0.1077287
0.2524763 -0.1524154 -0.002456148 49254440 0.1832056 -0.09469137 0.1078876
0.2551888 -0.1482 -0.002545921 49364528 0.1854258 -0.09153208 0.1080349
0.2551888 -0.1482 -0.002545921 49474647 0.1854258 -0.09153208 0.1080349
0.2580725 -0.143877 -0.002544834 49594760 0.1876485 -0.08816472 0.1081026
0.2606117 -0.139622 -0.002620578 49694826 0.1895831 -0.08469088 0.1080309
0.2606117 -0.139622 -0.002620578 49804925 0.1895831 -0.08469088 0.1080309
0.2633866 -0.1354397 -0.002493096 49945258 0.1916233 -0.08125295 0.1080513
0.266042 -0.1309599 -0.002538038 50035161 0.1936009 -0.07780689 0.1080661
0.266042 -0.1309599 -0.002538038 50145236 0.1936009 -0.07780689 0.1080661
0.2686681 -0.126629 -0.002512736 50255356 0.1956636 -0.07448068 0.1081992
0.2710034 -0.1223081 -0.002662259 50375440 0.197667 -0.07114638 0.1082904
0.2710034 -0.1223081 -0.002662259 50475546 0.197667 -0.07114638 0.1082904
0.2735113 -0.1180187 -0.002635295 50595659 0.1997274 -0.06787832 0.1084868
0.2758587 -0.1138352 -0.002728528 50705758 0.201702 -0.06455497 0.1085301
0.2758587 -0.1138352 -0.002728528 50815837 0.201702 -0.06455497 0.1085301
0.2782484 -0.1095831 -0.002730089 50925957 0.20361 -0.06108485 0.1085501
0.2805136 -0.105249 -0.002760201 51036040 0.2053984 -0.05771619 0.1086156
0.2805136 -0.105249 -0.002760201 51146135 0.2053984 -0.05771619 0.1086156
0.2826232 -0.1007025 -0.00283603 51266252 0.2071203 -0.05429979 0.1087541
0.28486 -0.09611154 -0.002816994 51376359 0.208835 -0.05090424 0.1089092
0.28486 -0.09611154 -0.002816994 51486467 0.208835 -0.05090424 0.1089092
0.2866828 -0.09198971 -0.00281682 51596542 0.2104142 -0.04749774 0.1090305
0.2885298 -0.08749887 -0.002815739 51706657 0.2119176 -0.04406059 0.1092107
0.2903433 -0.08277088 -0.002914232 51826774 0.2133887 -0.04067395 0.1093892
0.2903433 -0.08277088 -0.002914232 51936873 0.2133887 -0.04067395 0.1093892
0.2920308 -0.0783883 -0.002841266 52046960 0.2147151 -0.03735038 0.1096061
0.293494 -0.0739231 -0.002934722 52177066 0.2159646 -0.03412625 0.1098112
0.293494 -0.0739231 -0.002934722 52267147 0.2159646 -0.03412625 0.1098112
0.2948861 -0.06984022 -0.00286402 52377246 0.2171473 -0.03092158 0.1100442
0.2948861 -0.06984022 -0.00286402 52487358 0.2171473 -0.03092158 0.1100442
0.2960161 -0.06603435 -0.002770816 52607478 0.2181296 -0.02794292 0.1103176
0.2969026 -0.06215626 -0.002870949 52717557 0.2190464 -0.02509833 0.1105811
0.2969026 -0.06215626 -0.002870949 52827673 0.2190464 -0.02509833 0.1105811
0.297824 -0.05862161 -0.002715909 52937801 0.2198765 -0.02221214 0.1108834
0.2990745 -0.05435754 -0.002842433 53057865 0.2209702 -0.0192582 0.111061
0.3000368 -0.05094807 -0.002805843 53157967 0.2218186 -0.01651311 0.1112221
0.3000368 -0.05094807 -0.002805843 53268050 0.2218186 -0.01651311 0.1112221
0.3010059 -0.04742552 -0.002779725 53388159 0.2227104 -0.01376553 0.1114266
0.3018404 -0.04381867 -0.002737725 53498274 0.2235772 -0.01113568 0.111774
0.3018404 -0.04381867 -0.002737725 53608382 0.2235772 -0.01113568 0.111774
0.3025308 -0.03996158 -0.002773627 53728466 0.2243788 -0.008634378 0.1121921
0.3031651 -0.03610988 -0.002787837 53828564 0.2250424 -0.006092155 0.1125466
0.3031651 -0.03610988 -0.002787837 53938672 0.2250424 -0.006092155 0.1125466
0.303552 -0.03247531 -0.002891679 54058768 0.2254909 -0.003422269 0.1127311
0.3040215 -0.02885904 -0.002892169 54168879 0.2258509 -0.000624296 0.1128593
0.3040215 -0.02885904 -0.002892169 54278962 0.2258509 -0.000624296 0.1128593
0.3043537 -0.0254582 -0.002920666 54399075 0.2261917 0.002015262 0.1130197
0.3046335 -0.02194943 -0.003065616 54499161 0.2266471 0.004551506 0.1132188
0.3046335 -0.02194943 -0.003065616 54619290 0.2266471 0.004551506 0.1132188
0.3047259 -0.0186511 -0.003103899 54729393 0.2270211 0.006847587 0.1135924
0.3046654 -0.01540879 -0.003218473 54839497 0.2272719 0.008956723 0.1139259
0.3046654 -0.01540879 -0.003218473 54959581 0.2272719 0.008956723 0.1139259
0.3049046 -0.01235332 -0.003118217 55059667 0.2274881 0.01116082 0.1141848
0.3051162 -0.009308991 -0.003169579 55179800 0.2275668 0.01350255 0.1141845
0.3051162 -0.009308991 -0.003169579 55289899 0.2275668 0.01350255 0.1141845
0.3050684 -0.006764131 -0.003197677 55389985 0.2274369 0.01575491 0.1141586
0.3061786 -0.002990962 -0.002995279 55510090 0.2281668 0.01828768 0.1143403
0.3061786 -0.002990962 -0.002995279 55620189 0.2281668 0.01828768 0.1143403
0.3062326 -0.0005500375 -0.002894892 55730276 0.2283177 0.02004312 0.1146272
0.3061407 0.001955189 -0.003030379 55840372 0.2284077 0.02169221 0.1147587
0.3061407 0.001955189 -0.003030379 55970493 0.2284077 0.02169221 0.1147587
0.3060975 0.004341915 -0.003103489 56070583 0.2284361 0.0234613 0.1148346
0.3062327 0.006506247 -0.002973608 56180699 0.2284985 0.02520626 0.1149838
0.3062327 0.006506247 -0.002973608 56290790 0.2284985 0.02520626 0.1149838
0.3061368 0.008659719 -0.00305089 56400881 0.2285569 0.02675522 0.1151022
0.3060736 0.01080763 -0.003048962 56510977 0.2286585 0.02816485 0.1153228
0.3060736 0.01080763 -0.003048962 56621076 0.2286585 0.02816485 0.1153228
0.3058341 0.01300651 -0.003203575 56731192 0.2287411 0.02969939 0.1154735
0.3057246 0.0150501 -0.003224443 56841295 0.2288217 0.03112115 0.1156617
0.3057246 0.0150501 -0.003224443 56961407 0.2288217 0.03112115 0.1156617
0.3054369 0.01675776 -0.003262623 57091671 0.2288265 0.03262234 0.1158399
0.3053476 0.01832856 -0.00319512 57181602 0.2288764 0.03396028 0.1160275
0.3053476 0.01832856 -0.00319512 57291693 0.2288764 0.03396028 0.1160275
0.3051389 0.01969065 -0.003197527 57411794 0.2289112 0.03521966 0.1161944
0.3048677 0.02082501 -0.003208632 57511880 0.2288764 0.03615579 0.1163594
0.3048677 0.02082501 -0.003208632 57632005 0.2288764 0.03615579 0.1163594
0.3047337 0.0221769 -0.003212909 57752113 0.2287592 0.03714225 0.1164122
0.3045085 0.02284194 -0.0032162 57872229 0.2285997 0.03800312 0.116426
0.3045085 0.02284194 -0.0032162 57962303 0.2285997 0.03800312 0.116426
0.3042809 0.02309123 -0.0032716 58082395 0.2285868 0.03850237 0.1164746
0.3042559 0.02293265 -0.003264725 58192502 0.2287567 0.03878451 0.116547
0.3042559 0.02293265 -0.003264725 58302610 0.2287567 0.03878451 0.116547
0.3043434 0.02308559 -0.003265625 58412705 0.2288847 0.03873584 0.116598
0.3043146 0.02312784 -0.003312601 58522808 0.2289413 0.03851056 0.1166394
0.3043146 0.02312784 -0.003312601 58632912 0.2289413 0.03851056 0.1166394
0.3043295 0.02306601 -0.003316652 58742991 0.2289449 0.03815815 0.1166651
0.3042252 0.0230709 -0.003444513 58863124 0.2289818 0.03787718 0.1166615
0.3042252 0.0230709 -0.003444513 58973203 0.2289818 0.03787718 0.1166615
0.30421 0.02312654 -0.0035052 59083314 0.2290007 0.03775396 0.1166441
0.3042055 0.02311095 -0.003537364 59193397 0.2290112 0.03773025 0.1166222
0.3042055 0.02311095 -0.003537364 59303513 0.2290112 0.03773025 0.1166222
0.3042488 0.02315145 -0.003537073 59413608 0.229029 0.03781426 0.1166013
0.3042946 0.02319845 -0.003503003 59523695 0.2290702 0.037918 0.1166255
0.3042946 0.02319845 -0.003503003 59653817 0.2290702 0.037918 0.1166255
0.3042638 0.02316649 -0.003529903 59753903 0.2291167 0.0378827 0.1166474
0.3042804 0.02313504 -0.003536951 59864027 0.2291518 0.03774581 0.1166648
0.3042804 0.02313504 -0.003536951 59974122 0.2291518 0.03774581 0.1166648
0.3043514 0.02320238 -0.003503958 60094210 0.2291194 0.03764126 0.1166539
0.3043486 0.02317953 -0.003515952 60204318 0.2290853 0.03749311 0.1166372
0.3043486 0.02317953 -0.003515952 60314409 0.2290853 0.03749311 0.1166372
0.3043385 0.02320803 -0.003530348 60424525 0.2290786 0.03735544 0.1166447
0.3043258 0.02318026 -0.003534105 60534632 0.229083 0.03719333 0.1166674
0.3043258 0.02318026 -0.003534105 60644711 0.229083 0.03719333 0.1166674
0.3042641 0.02310265 -0.003535844 60774845 0.2290146 0.03701638 0.116673
0.3042691 0.02290287 -0.003497177 60864926 0.229001 0.03675899 0.1167066
0.3042691 0.02290287 -0.003497177 60985014 0.229001 0.03675899 0.1167066
0.3042344 0.02285957 -0.003509785 61085109 0.2289673 0.03659046 0.1167091
0.3042507 0.02296606 -0.003499193 61205213 0.2289309 0.03649498 0.1167095
0.3042507 0.02296606 -0.003499193 61315324 0.2289309 0.03649498 0.1167095
0.3042722 0.02295479 -0.003455765 61435429 0.228853 0.03650597 0.1166881
0.304262 0.02290349 -0.003440997 61535531 0.2287643 0.03650552 0.1166479
0.304262 0.02290349 -0.003440997 61645614 0.2287643 0.03650552 0.1166479
0.3042982 0.02294666 -0.003421519 61765727 0.2287712 0.03644909 0.1166601
0.3042594 0.02290247 -0.003441249 61875826 0.2288216 0.03622309 0.1167167
0.3042594 0.02290247 -0.003441249 61985917 0.2288216 0.03622309 0.1167167
0.3042903 0.02296692 -0.003470552 62096021 0.2289099 0.03601336 0.1167535
0.3042693 0.02303732 -0.003514617 62216125 0.2289233 0.03586329 0.1167547
0.3042693 0.02303732 -0.003514617 62316216 0.2289233 0.03586329 0.1167547
0.3042549 0.02305215 -0.003524968 62446337 0.2288562 0.03581904 0.1167176
0.3042219 0.02305515 -0.003544599 62546448 0.2287334 0.03585114 0.1166385
0.3042219 0.02305515 -0.003544599 62656523 0.2287334 0.03585114 0.1166385
0.3042422 0.0230231 -0.003512999 62776631 0.2286406 0.03581207 0.1165998
0.3042077 0.02310294 -0.003580137 62886738 0.2286392 0.03570262 0.1165735
0.3042077 0.02310294 -0.003580137 62996830 0.2286392 0.03570262 0.1165735
0.3042174 0.02316882 -0.003620742 63096932 0.2287055 0.0355011 0.1165962
0.3042106 0.023084 -0.003618181 63217045 0.2287402 0.03530569 0.1166362
0.3042106 0.023084 -0.003618181 63327128 0.2287402 0.03530569 0.1166362
0.3042189 0.02301371 -0.003618731 63437227 0.2287931 0.03510325 0.1166769
0.3042296 0.02292843 -0.003610326 63547339 0.2287945 0.03496449 0.1166848
0.3042599 0.02296638 -0.003601072 63687473 0.2287448 0.03494164 0.11665
0.3042599 0.02296638 -0.003601072 63767533 0.2287448 0.03494164 0.11665
0.3042416 0.02296088 -0.003607511 63887638 0.2286951 0.03488874 0.1166285
