0.1487879 2.069176E-05 -0.006155376 0 0.1321019 -0.01995477 0.1339474
0.1487879 2.069176E-05 -0.006155376 100086 0.1321019 -0.01995477 0.1339474
0.148906 7.431269E-06 -0.006140538 220195 0.1324167 -0.02027142 0.133942
0.1488644 0.0001492582 -0.006168709 320305 0.1325799 -0.02055459 0.1338756
0.1488644 0.0001492582 -0.006168709 440410 0.1325799 -0.02055459 0.1338756
0.1489264 0.0003102064 -0.006172958 550493 0.132739 -0.02079226 0.1338231
0.1489139 0.0002663489 -0.006191275 660613 0.1328096 -0.02104919 0.1337821
0.1489139 0.0002663489 -0.006191275 770704 0.1328096 -0.02104919 0.1337821
0.1489109 0.0003132878 -0.006191164 880795 0.1328613 -0.02120459 0.1337575
0.1488651 0.0003127286 -0.006191871 1010917 0.1328331 -0.02128442 0.1337466
0.1488651 0.0003127286 -0.006191871 1110999 0.1328331 -0.02128442 0.1337466
0.148855 0.0001028975 -0.006185011 1221098 0.1326873 -0.02132619 0.1337637
0.1492708 0.0008260513 -0.006170788 1331197 0.1324919 -0.02164423 0.1335425
0.1492708 0.0008260513 -0.006170788 1441297 0.1324919 -0.02164423 0.1335425
0.1493201 0.001139829 -0.006223507 1561405 0.1326975 -0.02150274 0.1334806
0.1497464 0.002194759 -0.006225825 1661496 0.1329962 -0.02118117 0.1333422
0.1497464 0.002194759 -0.006225825 1781608 0.1329962 -0.02118117 0.1333422
0.1501948 0.003274381 -0.006224181 1891703 0.1333414 -0.02056186 0.1332535
0.1507935 0.004832357 -0.006184949 2001807 0.133634 -0.0195835 0.1331552
0.1507935 0.004832357 -0.006184949 2111906 0.133634 -0.0195835 0.1331552
0.1515052 0.006343268 -0.006181108 2222001 0.1339087 -0.01851068 0.1330269
0.1518563 0.00771902 -0.006188139 2332109 0.134014 -0.01729419 0.1329601
0.1518563 0.00771902 -0.006188139 2452221 0.134014 -0.01729419 0.1329601
0.1522171 0.009501575 -0.006177458 2562333 0.1340888 -0.01587588 0.1328678
0.1523884 0.01137708 -0.006172345 2672432 0.1339876 -0.01440888 0.1327619
0.1523884 0.01137708 -0.006172345 2782523 0.1339876 -0.01440888 0.1327619
0.1524814 0.01342378 -0.006147493 2892615 0.1337615 -0.01275544 0.1326706
0.1525815 0.01556821 -0.006122584 3002722 0.1334451 -0.010946 0.1325751
0.1525815 0.01556821 -0.006122584 3112821 0.1334451 -0.010946 0.1325751
0.1528281 0.01763698 -0.006078832 3232914 0.1332456 -0.009132154 0.1325075
0.1527584 0.01975202 -0.006094021 3343029 0.1329377 -0.007243676 0.1324145
0.1527584 0.01975202 -0.006094021 3453129 0.1329377 -0.007243676 0.1324145
0.1526861 0.02202773 -0.00611669 3563228 0.132647 -0.005198191 0.1323153
0.1525398 0.02421284 -0.00610479 3673331 0.1323024 -0.003170877 0.1322672
0.1525398 0.02421284 -0.00610479 3793440 0.1323024 -0.003170877 0.1322672
0.1523559 0.02628093 -0.006058735 3903535 0.1318337 -0.001225168 0.1322471
0.1521416 0.02860544 -0.006027641 4013638 0.1312108 0.0008296527 0.132163
0.1521416 0.02860544 -0.006027641 4123738 0.1312108 0.0008296527 0.132163
0.1518257 0.03094493 -0.006009817 4233817 0.1304785 0.002898767 0.1320625
0.1506954 0.03410951 -0.005922057 4343937 0.1293906 0.00537385 0.1320149
0.1506954 0.03410951 -0.005922057 4454036 0.1293906 0.00537385 0.1320149
0.1501182 0.03667256 -0.005810269 4574124 0.1286369 0.007607489 0.1320303
0.1494351 0.0392318 -0.005808548 4684227 0.1280759 0.009855546 0.131985
0.1494351 0.0392318 -0.005808548 4794323 0.1280759 0.009855546 0.131985
0.1488519 0.04169723 -0.005779373 4904791 0.1276709 0.01209348 0.131993
0.1482932 0.04394691 -0.005760608 5034552 0.1272025 0.01424672 0.1320048
0.1482932 0.04394691 -0.005760608 5124633 0.1272025 0.01424672 0.1320048
0.1477411 0.04617054 -0.005789876 5244741 0.1266005 0.01638529 0.1319496
0.1471411 0.04841255 -0.005806171 5354845 0.1258421 0.01857028 0.1318965
0.1471411 0.04841255 -0.005806171 5464952 0.1258421 0.01857028 0.1318965
0.1465391 0.05077018 -0.005786538 5575031 0.1250782 0.02084658 0.1318734
0.1456899 0.05303939 -0.005773555 5685139 0.1242102 0.02311219 0.1318826
0.1447237 0.05534106 -0.005790711 5795226 0.1233292 0.02541405 0.1318788
0.1447237 0.05534106 -0.005790711 5905325 0.1233292 0.02541405 0.1318788
0.1437625 0.05779983 -0.005763121 6015429 0.1224074 0.02776333 0.1318886
0.1426535 0.0601813 -0.00574604 6145542 0.1213367 0.03005091 0.1318911
0.1426535 0.0601813 -0.00574604 6245645 0.1213367 0.03005091 0.1318911
0.141423 0.06278983 -0.005762803 6355732 0.1201577 0.03250138 0.1318476
0.1402459 0.06534725 -0.005757678 6465831 0.119005 0.03496484 0.1318358
0.1402459 0.06534725 -0.005757678 6575943 0.119005 0.03496484 0.1318358
0.138842 0.06777321 -0.005766206 6686046 0.1177236 0.03739761 0.1318477
0.1374635 0.07038862 -0.005760974 6796133 0.1163263 0.03985085 0.1318141
0.1374635 0.07038862 -0.005760974 6916246 0.1163263 0.03985085 0.1318141
0.1359373 0.07286665 -0.005781727 7026353 0.1147783 0.04223571 0.1317693
0.134137 0.07536648 -0.005836478 7136440 0.1131167 0.04457634 0.1317002
0.134137 0.07536648 -0.005836478 7246540 0.1131167 0.04457634 0.1317002
0.1321575 0.07782827 -0.005908028 7366648 0.1114531 0.04690242 0.1316462
0.1302809 0.0799899 -0.005959767 7466751 0.1098129 0.04910754 0.1316396
0.1302809 0.0799899 -0.005959767 7586843 0.1098129 0.04910754 0.1316396
0.1281656 0.08244554 -0.006048319 7696954 0.1082093 0.0513912 0.1315875
0.1263707 0.08471194 -0.006092075 7807041 0.1068266 0.05349106 0.1315652
0.1263707 0.08471194 -0.006092075 7917153 0.1068266 0.05349106 0.1315652
0.124405 0.0870903 -0.006160567 8057271 0.1053263 0.05560767 0.1315024
0.124405 0.0870903 -0.006160567 8137348 0.1053263 0.05560767 0.1315024
0.1226247 0.08927396 -0.006210952 8257452 0.1037902 0.05760649 0.1314432
0.1211799 0.09149429 -0.00615574 8367555 0.1023392 0.05972551 0.1314743
0.1193395 0.09356629 -0.006186424 8477683 0.1009458 0.06175048 0.1314932
0.1193395 0.09356629 -0.006186424 8587746 0.1009458 0.06175048 0.1314932
0.1175751 0.09535728 -0.006291456 8697866 0.09964198 0.06385237 0.1315203
0.1159324 0.09728398 -0.006237241 8827971 0.09836466 0.06585336 0.1316385
0.1159324 0.09728398 -0.006237241 8928061 0.09836466 0.06585336 0.1316385
0.1141691 0.09926428 -0.006224346 9038169 0.09693548 0.0678847 0.1317052
0.112244 0.1012173 -0.006237406 9148260 0.09542574 0.06979032 0.1317326
0.112244 0.1012173 -0.006237406 9258371 0.09542574 0.06979032 0.1317326
0.1100816 0.1032329 -0.006280182 9368471 0.0938923 0.07167378 0.1317349
0.1079814 0.1053279 -0.006303369 9488567 0.09230993 0.07355811 0.1317232
0.1079814 0.1053279 -0.006303369 9598662 0.09230993 0.07355811 0.1317232
0.104271 0.1063828 -0.006735173 9708758 0.09005042 0.07493161 0.1315212
0.1028427 0.1090327 -0.006354376 9838899 0.0882181 0.07692573 0.131709
0.1028427 0.1090327 -0.006354376 9928960 0.0882181 0.07692573 0.131709
0.1001033 0.1107765 -0.00636758 10039076 0.08597207 0.07858241 0.1317269
0.09869848 0.1132082 -0.005941609 10159164 0.08406489 0.08036718 0.1319481
0.09869848 0.1132082 -0.005941609 10269280 0.08406489 0.08036718 0.1319481
0.0954273 0.1147859 -0.006107772 10379367 0.08167239 0.08182438 0.1318436
0.09212594 0.1160963 -0.006261926 10489462 0.07922537 0.08313537 0.1317721
0.09212594 0.1160963 -0.006261926 10599578 0.07922537 0.08313537 0.1317721
0.08865757 0.1171489 -0.006451441 10709661 0.0766188 0.08436403 0.1317023
0.08547965 0.1185743 -0.006527298 10819764 0.0740793 0.08575241 0.1316718
0.08547965 0.1185743 -0.006527298 10939869 0.0740793 0.08575241 0.1316718
0.08265695 0.1200247 -0.006541812 11049984 0.07178321 0.08719943 0.131699
0.07890423 0.1212214 -0.006728417 11160067 0.06927086 0.08858157 0.1316482
0.07890423 0.1212214 -0.006728417 11280180 0.06927086 0.08858157 0.1316482
0.0763304 0.1229279 -0.006682674 11380282 0.06720924 0.09005353 0.1316731
0.07414743 0.1246627 -0.006626782 11490386 0.0651612 0.09167159 0.13171
0.07414743 0.1246627 -0.006626782 11610490 0.0651612 0.09167159 0.13171
0.07221055 0.1263122 -0.006544772 11720577 0.06322129 0.0932513 0.1317752
0.06992041 0.1278437 -0.006480716 11830697 0.06117968 0.09470001 0.1318354
0.06992041 0.1278437 -0.006480716 11940772 0.06117968 0.09470001 0.1318354
0.06751556 0.1291996 -0.006464996 12051058 0.05903604 0.09607589 0.1318721
0.06485104 0.130592 -0.006433048 12160991 0.0566856 0.09736624 0.1318985
0.06485104 0.130592 -0.006433048 12281079 0.0566856 0.09736624 0.1318985
0.06210508 0.1317865 -0.006437257 12411281 0.05439245 0.09859243 0.1319279
0.05917067 0.1328004 -0.006421796 12501302 0.05227063 0.09972709 0.1320151
0.05917067 0.1328004 -0.006421796 12611397 0.05227063 0.09972709 0.1320151
0.05608521 0.1337035 -0.006429722 12721497 0.05022036 0.1007585 0.1320855
0.05313971 0.1345216 -0.006410211 12831596 0.04805548 0.1017044 0.1321662
0.05313971 0.1345216 -0.006410211 12951684 0.04805548 0.1017044 0.1321662
0.05022664 0.1352464 -0.006409576 13061804 0.04572157 0.1025137 0.1322069
0.04741967 0.1361077 -0.006381904 13171887 0.04327961 0.1033052 0.1322294
0.04741967 0.1361077 -0.006381904 13282002 0.04327961 0.1033052 0.1322294
0.04445026 0.136784 -0.006397704 13392082 0.0408286 0.1040155 0.1322362
0.04140861 0.1373721 -0.006381295 13512198 0.03858859 0.1046756 0.1322882
0.04140861 0.1373721 -0.006381295 13622293 0.03858859 0.1046756 0.1322882
0.03878492 0.1378919 -0.006378472 13732413 0.03665949 0.1052622 0.1323191
0.03575862 0.1382488 -0.006404348 13842508 0.03451329 0.1057466 0.1323339
0.03575862 0.1382488 -0.006404348 13952587 0.03451329 0.1057466 0.1323339
0.03288427 0.1385107 -0.006378834 14062691 0.03212094 0.106133 0.132392
0.0300533 0.1386965 -0.006357767 14172786 0.02970666 0.1064601 0.1324476
0.0300533 0.1386965 -0.006357767 14292915 0.02970666 0.1064601 0.1324476
0.02709769 0.1387392 -0.006339524 14403144 0.02739883 0.1066519 0.1325005
0.02391902 0.1385192 -0.006360663 14503084 0.02522229 0.1067108 0.1325377
0.02391902 0.1385192 -0.006360663 14623197 0.02522229 0.1067108 0.1325377
0.02083111 0.1383085 -0.006349109 14733308 0.02313123 0.1067908 0.1326026
0.01785735 0.1380479 -0.006351549 14843403 0.02113445 0.1067969 0.1326408
0.01785735 0.1380479 -0.006351549 14953491 0.02113445 0.1067969 0.1326408
0.01483594 0.1378291 -0.006351664 15073611 0.01893927 0.1067434 0.1326558
0.01163079 0.1372159 -0.006349627 15173689 0.01661226 0.1065881 0.1327308
0.01163079 0.1372159 -0.006349627 15293810 0.01661226 0.1065881 0.1327308
0.00834014 0.1366939 -0.006352954 15404165 0.01420053 0.1062471 0.1327329
0.004778145 0.1357718 -0.006374912 15514017 0.01176879 0.1058269 0.1327677
0.004778145 0.1357718 -0.006374912 15624104 0.01176879 0.1058269 0.1327677
0.001408125 0.1349982 -0.006362933 15734199 0.009360794 0.1053201 0.1327852
-0.002216235 0.133843 -0.006378771 15854340 0.00681246 0.1045922 0.1327942
-0.002216235 0.133843 -0.006378771 15964407 0.00681246 0.1045922 0.1327942
-0.005683773 0.1329446 -0.00637188 16074518 0.004121617 0.1039202 0.1327959
-0.009280465 0.1318728 -0.006378539 16184602 0.001403794 0.1030147 0.1327592
-0.012787 0.1306601 -0.006364207 16314727 -0.001304184 0.1020886 0.132769
-0.012787 0.1306601 -0.006364207 16404813 -0.001304184 0.1020886 0.132769
-0.0156671 0.1306026 -0.006044368 16514920 -0.003603559 0.1014739 0.1329241
-0.0156671 0.1306026 -0.006044368 16625031 -0.003603559 0.1014739 0.1329241
-0.01933068 0.1293306 -0.006013229 16745112 -0.00592707 0.1005493 0.1329048
-0.0227294 0.128182 -0.005999992 16855215 -0.008237886 0.099598 0.1328495
-0.0227294 0.128182 -0.005999992 16965306 -0.008237886 0.099598 0.1328495
-0.02614987 0.1270535 -0.005979857 17075426 -0.0107021 0.09866367 0.1328064
-0.02991608 0.1254822 -0.005975139 17185521 -0.01308394 0.0974814 0.1327291
-0.02991608 0.1254822 -0.005975139 17295624 -0.01308394 0.0974814 0.1327291
-0.03360783 0.1241286 -0.006034167 17415713 -0.01531615 0.09612258 0.1324841
-0.03727143 0.1227173 -0.006043791 17525816 -0.01759987 0.09470546 0.1322841
-0.04091582 0.1211486 -0.006112678 17635911 -0.02002154 0.09317678 0.1320439
-0.04091582 0.1211486 -0.006112678 17746027 -0.02002154 0.09317678 0.1320439
-0.04453241 0.1194511 -0.006150387 17856130 -0.02263124 0.09144741 0.1318437
-0.04790011 0.1178017 -0.006190475 17966230 -0.02544495 0.0897535 0.1317055
-0.04790011 0.1178017 -0.006190475 18086346 -0.02544495 0.0897535 0.1317055
-0.05112666 0.1160039 -0.006271711 18196417 -0.02829101 0.0880463 0.1315802
-0.05438709 0.1140937 -0.006294389 18306541 -0.03098978 0.08635654 0.1315079
-0.05438709 0.1140937 -0.006294389 18416636 -0.03098978 0.08635654 0.1315079
-0.0575139 0.1119536 -0.006364496 18526715 -0.03330296 0.08465466 0.1313847
-0.06057571 0.1102558 -0.006403632 18646824 -0.03539251 0.08317935 0.1312151
-0.06057571 0.1102558 -0.006403632 18756947 -0.03539251 0.08317935 0.1312151
-0.06353348 0.1080453 -0.006423282 18867043 -0.03739231 0.08148732 0.1311178
-0.06618928 0.1063295 -0.006477608 18977126 -0.0394462 0.07988521 0.1309696
-0.06618928 0.1063295 -0.006477608 19087221 -0.0394462 0.07988521 0.1309696
-0.06863953 0.1044271 -0.006469822 19197333 -0.04143798 0.07825642 0.1309398
-0.07109745 0.1028716 -0.006435107 19317429 -0.04336157 0.07692429 0.1309101
-0.07109745 0.1028716 -0.006435107 19427528 -0.04336157 0.07692429 0.1309101
-0.07323423 0.1011218 -0.006438979 19537652 -0.0451086 0.07560628 0.1309078
-0.07530213 0.09957173 -0.006442251 19647731 -0.0467418 0.07444181 0.1308859
-0.07530213 0.09957173 -0.006442251 19757826 -0.0467418 0.07444181 0.1308859
-0.07731789 0.09773232 -0.006428459 19867930 -0.04821661 0.07317653 0.13089
-0.07917465 0.09612112 -0.006466827 19978025 -0.04957833 0.07192762 0.1308102
-0.07917465 0.09612112 -0.006466827 20098133 -0.04957833 0.07192762 0.1308102
-0.08112995 0.09439444 -0.0064277 20208253 -0.05084135 0.07064793 0.1307763
-0.08285883 0.09278566 -0.006462587 20328361 -0.05195062 0.06939897 0.130665
-0.08285883 0.09278566 -0.006462587 20428452 -0.05195062 0.06939897 0.130665
-0.08482502 0.0909595 -0.006426646 20538555 -0.05325456 0.06803764 0.1306286
-0.08657914 0.08927143 -0.006430417 20648646 -0.05462221 0.06665602 0.1305861
-0.08657914 0.08927143 -0.006430417 20768755 -0.05462221 0.06665602 0.1305861
-0.08811273 0.08764611 -0.006442508 20878842 -0.05593617 0.06521466 0.1305529
-0.089674 0.08556314 -0.006464527 20988957 -0.05704793 0.06371856 0.1305194
-0.089674 0.08556314 -0.006464527 21099057 -0.05704793 0.06371856 0.1305194
-0.09134641 0.08366809 -0.006438945 21209156 -0.05798309 0.06233155 0.1304474
-0.09284571 0.08165511 -0.006465379 21319256 -0.05890352 0.06089708 0.1303676
-0.09284571 0.08165511 -0.006465379 21439360 -0.05890352 0.06089708 0.1303676
-0.09435412 0.07967112 -0.006422258 21549447 -0.06000733 0.05934433 0.1303745
-0.09575904 0.07753541 -0.006449247 21659546 -0.06109005 0.05783639 0.1303581
-0.09575904 0.07753541 -0.006449247 21779671 -0.06109005 0.05783639 0.1303581
-0.09745955 0.0752117 -0.006397592 21879753 -0.06214817 0.05631552 0.1303587
-0.09881022 0.07345138 -0.006502362 21989857 -0.06301278 0.05515018 0.1302085
-0.09881022 0.07345138 -0.006502362 22109973 -0.06301278 0.05515018 0.1302085
-0.1003739 0.07091645 -0.006516991 22220068 -0.06395567 0.05340606 0.1301334
-0.1017476 0.06877045 -0.006489338 22330168 -0.06505474 0.05164092 0.1301359
-0.1017476 0.06877045 -0.006489338 22450260 -0.06505474 0.05164092 0.1301359
-0.1030337 0.06661162 -0.006527293 22550346 -0.0661382 0.04979685 0.1300825
-0.1042141 0.06436033 -0.00653803 22680488 -0.06694219 0.04809308 0.1300358
-0.1042141 0.06436033 -0.00653803 22770565 -0.06694219 0.04809308 0.1300358
-0.1055046 0.06194843 -0.006523047 22890657 -0.06772281 0.04632684 0.1299861
-0.1067419 0.05967179 -0.006545557 23000753 -0.0686006 0.04454982 0.1299199
-0.1067419 0.05967179 -0.006545557 23110852 -0.0686006 0.04454982 0.1299199
-0.1079224 0.05739208 -0.006553286 23220972 -0.06953748 0.04263982 0.1298843
-0.1090202 0.0549646 -0.006570027 23331051 -0.07028048 0.04067335 0.1298163
-0.1090202 0.0549646 -0.006570027 23451163 -0.07028048 0.04067335 0.1298163
-0.1102256 0.05273885 -0.006588829 23561283 -0.07095436 0.03883235 0.1296852
-0.1114209 0.05046457 -0.006588401 23671374 -0.07157778 0.03699288 0.1295633
-0.1114209 0.05046457 -0.006588401 23781461 -0.07157778 0.03699288 0.1295633
-0.1125347 0.0479648 -0.006608495 23911579 -0.07225622 0.03512516 0.1294761
-0.1135992 0.04559029 -0.006652717 24001668 -0.07311634 0.03323808 0.1294164
-0.1135992 0.04559029 -0.006652717 24121764 -0.07311634 0.03323808 0.1294164
-0.1147905 0.04298675 -0.006651201 24231864 -0.07402758 0.03120496 0.1293849
-0.1158265 0.0405985 -0.006653726 24341963 -0.07484934 0.02917104 0.1293482
-0.1168302 0.03793558 -0.006643071 24472080 -0.07555945 0.02712227 0.1293203
-0.1168302 0.03793558 -0.006643071 24562166 -0.07555945 0.02712227 0.1293203
-0.1178187 0.03538799 -0.006667249 24672273 -0.07613279 0.02524553 0.1292212
-0.1178187 0.03538799 -0.006667249 24782377 -0.07613279 0.02524553 0.1292212
-0.1186862 0.03274741 -0.006675074 24892460 -0.07665699 0.02330241 0.1291578
-0.1196613 0.0299755 -0.006675756 25002559 -0.07740644 0.02122549 0.1291337
-0.1196613 0.0299755 -0.006675756 25122668 -0.07740644 0.02122549 0.1291337
-0.1204956 0.02739442 -0.00666272 25252805 -0.07817476 0.01906467 0.1291526
-0.1211653 0.02466921 -0.006683472 25352879 -0.07871078 0.01687963 0.1291222
-0.1211653 0.02466921 -0.006683472 25452966 -0.07871078 0.01687963 0.1291222
-0.1216774 0.02215404 -0.006726695 25573078 -0.07906194 0.01486957 0.1290566
-0.122584 0.01874864 -0.006667609 25683190 -0.07948119 0.01260465 0.1290182
-0.122584 0.01874864 -0.006667609 25793297 -0.07948119 0.01260465 0.1290182
-0.1230233 0.01610113 -0.006721497 25903405 -0.07979572 0.01053977 0.1289497
-0.1235238 0.01279582 -0.006744581 26023481 -0.08010856 0.008066804 0.1288983
-0.1235238 0.01279582 -0.006744581 26123628 -0.08010856 0.008066804 0.1288983
-0.124045 0.009980896 -0.006773714 26233674 -0.08026899 0.005976014 0.1287765
-0.1246492 0.006676716 -0.006736171 26343786 -0.08041041 0.003617542 0.1286884
-0.1246492 0.006676716 -0.006736171 26463902 -0.08041041 0.003617542 0.1286884
-0.1252703 0.003090953 -0.006732165 26574350 -0.08067551 0.001025649 0.1285944
-0.1258746 -0.0004740926 -0.006693492 26684077 -0.08103676 -0.001729214 0.1285627
-0.1258746 -0.0004740926 -0.006693492 26794192 -0.08103676 -0.001729214 0.1285627
-0.1270225 -0.004573153 -0.006460152 26904292 -0.08167528 -0.004899036 0.1286315
-0.1275056 -0.008519417 -0.006430857 27014379 -0.08189709 -0.007755047 0.1285711
-0.1275056 -0.008519417 -0.006430857 27124474 -0.08189709 -0.007755047 0.1285711
-0.1278412 -0.01234904 -0.00639846 27244595 -0.08207669 -0.01066923 0.1285424
-0.127535 -0.01567162 -0.006601681 27354682 -0.08220281 -0.01344352 0.1284771
-0.127535 -0.01567162 -0.006601681 27464785 -0.08220281 -0.01344352 0.1284771
-0.1281195 -0.01987258 -0.006467694 27574893 -0.08266486 -0.01669912 0.128551
-0.1285275 -0.02393438 -0.00636365 27695013 -0.08281171 -0.0199238 0.1285446
-0.1286591 -0.02774828 -0.006356223 27795079 -0.08269064 -0.02304272 0.1284436
-0.1286591 -0.02774828 -0.006356223 27915192 -0.08269064 -0.02304272 0.1284436
-0.1284961 -0.03195208 -0.006332983 28025287 -0.08236619 -0.02615972 0.1283693
-0.1284961 -0.03195208 -0.006332983 28135386 -0.08236619 -0.02615972 0.1283693
-0.1279581 -0.03552137 -0.006462941 28245494 -0.08193604 -0.02900603 0.1282433
-0.127788 -0.03934126 -0.006466025 28355585 -0.08171137 -0.03197262 0.1281775
-0.1280725 -0.04359693 -0.006245658 28465684 -0.0816584 -0.03512313 0.1282169
-0.1280725 -0.04359693 -0.006245658 28585809 -0.0816584 -0.03512313 0.1282169
-0.1279018 -0.04752376 -0.006067465 28695904 -0.08136141 -0.03790924 0.1282746
-0.1273421 -0.05016993 -0.006231626 28806000 -0.08099363 -0.04024932 0.1281545
-0.1273421 -0.05016993 -0.006231626 28916091 -0.08099363 -0.04024932 0.1281545
-0.1267374 -0.05340497 -0.006183674 29036203 -0.08048129 -0.04277245 0.1281799
-0.1259221 -0.0567487 -0.006130603 29136290 -0.07985149 -0.04532357 0.1282316
-0.1259221 -0.0567487 -0.006130603 29256398 -0.07985149 -0.04532357 0.1282316
-0.1249192 -0.0600015 -0.006085985 29366514 -0.07905621 -0.04768755 0.1282687
-0.1243652 -0.06254586 -0.005997111 29476597 -0.0784067 -0.04988058 0.1282923
-0.1243652 -0.06254586 -0.005997111 29586696 -0.0784067 -0.04988058 0.1282923
-0.1231068 -0.06562871 -0.006048853 29696799 -0.0774746 -0.05228344 0.128286
-0.1220621 -0.06810021 -0.006119627 29806899 -0.07664644 -0.05431556 0.1282442
-0.1220621 -0.06810021 -0.006119627 29927003 -0.07664644 -0.05431556 0.1282442
-0.1212729 -0.07104737 -0.005975997 30047112 -0.07586215 -0.05646098 0.1283048
-0.1201156 -0.07435711 -0.005872682 30147214 -0.07503088 -0.05859588 0.1283852
-0.1201156 -0.07435711 -0.005872682 30257301 -0.07503088 -0.05859588 0.1283852
-0.1190144 -0.07666893 -0.005907698 30387419 -0.07432858 -0.06043079 0.1284267
-0.1179154 -0.07952181 -0.005805159 30477508 -0.07355618 -0.06248937 0.1285392
-0.1179154 -0.07952181 -0.005805159 30597612 -0.07355618 -0.06248937 0.1285392
-0.1166574 -0.08177552 -0.005788004 30707716 -0.07258708 -0.06427631 0.1285914
-0.1148866 -0.08431406 -0.005858154 30817811 -0.07139224 -0.06617474 0.128624
-0.1148866 -0.08431406 -0.005858154 30927906 -0.07139224 -0.06617474 0.128624
-0.1138178 -0.08651242 -0.005802092 31038018 -0.07040941 -0.06798436 0.1286548
-0.1123136 -0.08877335 -0.005845037 31168123 -0.06921717 -0.06984898 0.1286571
-0.1123136 -0.08877335 -0.005845037 31258204 -0.06921717 -0.06984898 0.1286571
-0.1109089 -0.09162118 -0.005685159 31378321 -0.0681057 -0.07190946 0.1287975
-0.1092153 -0.09363157 -0.005785946 31508430 -0.06699785 -0.07377671 0.1288607
-0.1092153 -0.09363157 -0.005785946 31598528 -0.06699785 -0.07377671 0.1288607
-0.1074394 -0.09612682 -0.005815392 31708651 -0.06572802 -0.07585517 0.1289268
-0.1058016 -0.0983102 -0.005844215 31818710 -0.06439261 -0.07767338 0.1289358
-0.1058016 -0.0983102 -0.005844215 31938997 -0.06439261 -0.07767338 0.1289358
-0.1041567 -0.1009141 -0.005752047 32048918 -0.06297175 -0.07963581 0.1289969
-0.1023617 -0.1026563 -0.005890182 32159021 -0.06151988 -0.08130718 0.128952
-0.1023617 -0.1026563 -0.005890182 32269117 -0.06151988 -0.08130718 0.128952
-0.1005118 -0.1051166 -0.00588861 32379216 -0.0602202 -0.08324683 0.1290356
-0.09880769 -0.1070568 -0.005963909 32489328 -0.05898362 -0.08502369 0.1290725
-0.09880769 -0.1070568 -0.005963909 32609424 -0.05898362 -0.08502369 0.1290725
-0.09693951 -0.109474 -0.005911114 32719523 -0.05760368 -0.08691943 0.1291823
-0.09492418 -0.1113063 -0.005987137 32829647 -0.05613523 -0.08869299 0.1292545
-0.09492418 -0.1113063 -0.005987137 32969753 -0.05613523 -0.08869299 0.1292545
-0.09294242 -0.1128523 -0.005923917 33049825 -0.054574 -0.09030907 0.1294493
-0.0915226 -0.1154148 -0.005592356 33159933 -0.05308957 -0.09209629 0.1296311
-0.0915226 -0.1154148 -0.005592356 33280049 -0.05308957 -0.09209629 0.1296311
-0.08918758 -0.117226 -0.005589399 33390132 -0.05114012 -0.09350304 0.1296727
-0.08719289 -0.1187071 -0.005581355 33500228 -0.04940471 -0.09488483 0.129736
-0.08719289 -0.1187071 -0.005581355 33610347 -0.04940471 -0.09488483 0.129736
-0.08482138 -0.1199334 -0.005718221 33730436 -0.0475371 -0.09614196 0.1297443
-0.08284275 -0.1215158 -0.005568158 33830542 -0.04565997 -0.09742603 0.1298695
-0.08284275 -0.1215158 -0.005568158 33940633 -0.04565997 -0.09742603 0.1298695
-0.08057705 -0.1228447 -0.00552655 34060738 -0.04372474 -0.09853949 0.1299629
-0.07799366 -0.1238289 -0.005627437 34170837 -0.04179006 -0.09948292 0.1300295
-0.07799366 -0.1238289 -0.005627437 34280936 -0.04179006 -0.09948292 0.1300295
-0.07573467 -0.1252856 -0.005548696 34391048 -0.04002738 -0.1004175 0.1301451
-0.07329767 -0.1263935 -0.005577203 34501135 -0.03820166 -0.1011588 0.1302083
-0.07329767 -0.1263935 -0.005577203 34611243 -0.03820166 -0.1011588 0.1302083
-0.07110552 -0.1280144 -0.005400646 34731351 -0.03658855 -0.1020821 0.1304019
-0.06872328 -0.1287759 -0.005446022 34831429 -0.03496238 -0.1027156 0.130522
-0.06872328 -0.1287759 -0.005446022 34951558 -0.03496238 -0.1027156 0.130522
-0.06622474 -0.1295373 -0.00547278 35061637 -0.03327024 -0.1032505 0.1306494
-0.06436381 -0.1302859 -0.00535112 35181761 -0.0318135 -0.1037015 0.1308105
-0.06436381 -0.1302859 -0.00535112 35281836 -0.0318135 -0.1037015 0.1308105
-0.06213617 -0.1310975 -0.005332397 35401964 -0.03024528 -0.1041655 0.130917
-0.06000724 -0.1316231 -0.005317676 35512064 -0.02863624 -0.1044684 0.1310081
-0.06000724 -0.1316231 -0.005317676 35622167 -0.02863624 -0.1044684 0.1310081
-0.05772984 -0.1320912 -0.005365901 35732266 -0.02695782 -0.1047323 0.1310556
-0.05559042 -0.1325676 -0.005371165 35842362 -0.02535828 -0.105041 0.1311372
-0.05559042 -0.1325676 -0.005371165 35952457 -0.02535828 -0.105041 0.1311372
-0.05337354 -0.1330614 -0.00532663 36062540 -0.02384308 -0.1053825 0.1313045
-0.05113692 -0.1337697 -0.005195247 36182657 -0.02231327 -0.1057124 0.1315096
-0.05113692 -0.1337697 -0.005195247 36292752 -0.02231327 -0.1057124 0.1315096
-0.04871241 -0.1340872 -0.005222173 36402851 -0.02069919 -0.1059155 0.1316276
-0.04630202 -0.1344495 -0.00520599 36512947 -0.01894011 -0.1061838 0.1317561
-0.04630202 -0.1344495 -0.00520599 36623046 -0.01894011 -0.1061838 0.1317561
-0.04392154 -0.134982 -0.005143396 36743175 -0.01709474 -0.1065855 0.1318974
-0.04150783 -0.1348233 -0.005279613 36843253 -0.01512807 -0.1067597 0.1319165
-0.04150783 -0.1348233 -0.005279613 36953344 -0.01512807 -0.1067597 0.1319165
-0.03901142 -0.1350021 -0.005315903 37083482 -0.01318699 -0.1070904 0.1320168
-0.03668863 -0.1353607 -0.005283018 37183556 -0.01130556 -0.1074925 0.1321408
-0.03668863 -0.1353607 -0.005283018 37303664 -0.01130556 -0.1074925 0.1321408
-0.03423013 -0.1358324 -0.005239638 37413759 -0.009472162 -0.1078912 0.1322833
-0.03168435 -0.1360584 -0.005220267 37543889 -0.007724026 -0.1083086 0.1324826
-0.03168435 -0.1360584 -0.005220267 37623953 -0.007724026 -0.1083086 0.1324826
-0.02919657 -0.1363294 -0.005172926 37744058 -0.0058712 -0.1087815 0.1326794
-0.0263974 -0.1364466 -0.00520902 37854177 -0.003775074 -0.1091187 0.1328042
-0.02378545 -0.1363495 -0.005250665 37964260 -0.001607884 -0.1092693 0.1328836
-0.02378545 -0.1363495 -0.005250665 38084381 -0.001607884 -0.1092693 0.1328836
-0.02040383 -0.1364647 -0.005360362 38184471 0.0009295343 -0.1094255 0.1329148
-0.01698901 -0.1367736 -0.005431058 38304563 0.00337639 -0.1096009 0.1329638
-0.01698901 -0.1367736 -0.005431058 38414675 0.00337639 -0.1096009 0.1329638
-0.01315615 -0.1371178 -0.005441876 38524762 0.00579544 -0.1097756 0.1331203
-0.009942756 -0.1363004 -0.005492772 38634865 0.007923865 -0.1096198 0.1333423
-0.009942756 -0.1363004 -0.005492772 38744973 0.007923865 -0.1096198 0.1333423
-0.006414387 -0.1360488 -0.005423341 38855080 0.01025591 -0.10947 0.1335799
-0.002773393 -0.1354576 -0.00541282 38985352 0.01307727 -0.1089692 0.1337035
-0.002773393 -0.1354576 -0.00541282 39085280 0.01307727 -0.1089692 0.1337035
0.0004354588 -0.1349497 -0.005383674 39195387 0.01592291 -0.1084112 0.133764
0.004010167 -0.134587 -0.005334928 39305475 0.01871963 -0.1079229 0.1338732
0.004010167 -0.134587 -0.005334928 39415570 0.01871963 -0.1079229 0.1338732
0.007843929 -0.1338549 -0.005362506 39525686 0.02130035 -0.1074306 0.134018
0.01131886 -0.1335715 -0.005248382 39635765 0.02383801 -0.1071618 0.1342222
0.01131886 -0.1335715 -0.005248382 39755889 0.02383801 -0.1071618 0.1342222
0.01537087 -0.1324194 -0.005344195 39865993 0.02665361 -0.1066263 0.1343471
0.01932887 -0.1319758 -0.005274143 39976084 0.02972517 -0.1062056 0.1344901
0.01932887 -0.1319758 -0.005274143 40086191 0.02972517 -0.1062056 0.1344901
0.0232507 -0.1309714 -0.005309946 40196270 0.03333404 -0.1055288 0.1345373
0.0271459 -0.1297328 -0.005376968 40306370 0.0370995 -0.1047046 0.1345543
0.0271459 -0.1297328 -0.005376968 40426478 0.0370995 -0.1047046 0.1345543
0.03109818 -0.129143 -0.005315138 40536578 0.0405314 -0.1042926 0.1346838
0.03503739 -0.1275735 -0.005418654 40646689 0.04344491 -0.1037296 0.1348205
0.03503739 -0.1275735 -0.005418654 40756792 0.04344491 -0.1037296 0.1348205
0.03912374 -0.1268719 -0.005311775 40866880 0.04618141 -0.1034192 0.1350677
0.04311109 -0.125298 -0.005362813 40976975 0.0491817 -0.1026434 0.1351938
0.04311109 -0.125298 -0.005362813 41097083 0.0491817 -0.1026434 0.1351938
0.04679931 -0.1243935 -0.005332888 41207183 0.05219618 -0.1020744 0.1353049
0.05097558 -0.1230124 -0.005348008 41317294 0.05534619 -0.1012842 0.1354178
0.05097558 -0.1230124 -0.005348008 41437399 0.05534619 -0.1012842 0.1354178
0.0547348 -0.1215569 -0.005383902 41537489 0.05838051 -0.1004127 0.1354915
0.05875267 -0.1207041 -0.005289545 41647588 0.06148703 -0.09963858 0.1356183
0.05875267 -0.1207041 -0.005289545 41767701 0.06148703 -0.09963858 0.1356183
0.06312275 -0.1188209 -0.005371866 41877788 0.06466193 -0.09850696 0.1356643
0.06657847 -0.1173484 -0.00533659 41987908 0.06750288 -0.09749452 0.1357705
0.06657847 -0.1173484 -0.00533659 42098011 0.06750288 -0.09749452 0.1357705
0.07091714 -0.1162284 -0.005282073 42218136 0.0707418 -0.09667695 0.1358701
0.075222 -0.1142608 -0.005309923 42318189 0.07406435 -0.095557 0.1359525
0.075222 -0.1142608 -0.005309923 42438294 0.07406435 -0.095557 0.1359525
0.07873715 -0.1124016 -0.00533467 42548393 0.07711577 -0.09442122 0.1360171
0.08364871 -0.1094717 -0.005352768 42658492 0.08064612 -0.09279689 0.1361364
0.08364871 -0.1094717 -0.005352768 42768948 0.08064612 -0.09279689 0.1361364
0.08748372 -0.1087771 -0.005318169 42878711 0.08366945 -0.09201626 0.1361412
0.09085858 -0.107105 -0.005286006 42988791 0.0864945 -0.09086876 0.1362187
0.09085858 -0.107105 -0.005286006 43098890 0.0864945 -0.09086876 0.1362187
0.09579302 -0.1039724 -0.005264473 43208989 0.08983614 -0.08923644 0.1363463
0.09875044 -0.1020589 -0.005341286 43329114 0.09249542 -0.08797511 0.136323
0.09875044 -0.1020589 -0.005341286 43449210 0.09249542 -0.08797511 0.136323
0.1024087 -0.1010646 -0.005318496 43559354 0.0953417 -0.08695684 0.1363052
0.1071426 -0.09805718 -0.005247501 43659408 0.0985451 -0.08523887 0.1364141
0.1071426 -0.09805718 -0.005247501 43779524 0.0985451 -0.08523887 0.1364141
0.1097731 -0.09611666 -0.00532588 43889607 0.1008698 -0.08395117 0.1363744
0.1122453 -0.09509993 -0.005348023 43999723 0.1029844 -0.08301149 0.1363359
0.1122453 -0.09509993 -0.005348023 44109802 0.1029844 -0.08301149 0.1363359
0.1157931 -0.09233777 -0.005304206 44219922 0.1054327 -0.08145248 0.1364012
0.1176803 -0.09050056 -0.005397309 44330005 0.1072254 -0.08024911 0.1363484
0.1176803 -0.09050056 -0.005397309 44450109 0.1072254 -0.08024911 0.1363484
0.1215969 -0.0881117 -0.005274069 44550204 0.1096219 -0.07874919 0.1364128
0.1228804 -0.08636726 -0.005383842 44660311 0.1111012 -0.07752318 0.1363528
0.1228804 -0.08636726 -0.005383842 44780411 0.1111012 -0.07752318 0.1363528
0.1256045 -0.08355431 -0.005310207 44890507 0.1130108 -0.07586291 0.1364237
0.1274303 -0.08231824 -0.005340742 45000618 0.1144836 -0.07481646 0.1363714
0.1274303 -0.08231824 -0.005340742 45130728 0.1144836 -0.07481646 0.1363714
0.1297763 -0.07952715 -0.005301266 45230834 0.1160035 -0.07321059 0.1363908
0.1312686 -0.07797731 -0.005416209 45330908 0.1172039 -0.07198166 0.1362612
0.1312686 -0.07797731 -0.005416209 45451021 0.1172039 -0.07198166 0.1362612
0.1337752 -0.07510427 -0.005307532 45561120 0.1187423 -0.07009991 0.1363089
0.1345347 -0.07386328 -0.005449586 45671219 0.1195264 -0.06883812 0.1361687
0.1345347 -0.07386328 -0.005449586 45781311 0.1195264 -0.06883812 0.1361687
0.1361544 -0.07156006 -0.005394305 45891426 0.1203394 -0.06723661 0.1361593
0.1358064 -0.07091364 -0.005663594 46001521 0.1203877 -0.06636608 0.1359268
0.1358064 -0.07091364 -0.005663594 46121618 0.1203877 -0.06636608 0.1359268
0.1372252 -0.06927982 -0.005502763 46251759 0.1209919 -0.06503597 0.136006
0.1369303 -0.06848329 -0.005830266 46341820 0.1214355 -0.06373469 0.1357452
0.1369303 -0.06848329 -0.005830266 46451932 0.1214355 -0.06373469 0.1357452
0.1366915 -0.06719361 -0.005900989 46562035 0.1220507 -0.06231442 0.1357608
0.1385895 -0.06380054 -0.006157386 46672131 0.1236981 -0.06013467 0.1355149
0.1385895 -0.06380054 -0.006157386 46782226 0.1236981 -0.06013467 0.1355149
0.1392975 -0.06234764 -0.006298386 46902322 0.1245651 -0.05878286 0.1353931
0.1413134 -0.05960178 -0.006138811 47012426 0.1256446 -0.05685589 0.1354704
0.1413134 -0.05960178 -0.006138811 47132530 0.1256446 -0.05685589 0.1354704
0.1413493 -0.0582088 -0.006278754 47242633 0.1259885 -0.05536285 0.1353623
0.1431744 -0.05541148 -0.006123983 47352733 0.1269579 -0.0532798 0.1354342
0.1431744 -0.05541148 -0.006123983 47462832 0.1269579 -0.0532798 0.1354342
0.1440066 -0.05277948 -0.006078673 47572952 0.1275872 -0.05138423 0.1354653
0.1440939 -0.05076819 -0.006186969 47693044 0.1280162 -0.04975975 0.1353995
0.1440939 -0.05076819 -0.006186969 47793130 0.1280162 -0.04975975 0.1353995
0.1452243 -0.04812787 -0.006081456 47913239 0.1287144 -0.04784478 0.1354586
0.1452983 -0.04560488 -0.006239875 48023334 0.1290181 -0.04581879 0.1353269
0.1452983 -0.04560488 -0.006239875 48133433 0.1290181 -0.04581879 0.1353269
0.1466389 -0.04331221 -0.006127026 48233524 0.1297512 -0.04385705 0.1353677
0.1421374 -0.04255331 -0.006947982 48353632 0.128663 -0.04250368 0.1349135
0.1421374 -0.04255331 -0.006947982 48463731 0.128663 -0.04250368 0.1349135
0.1523981 -0.0360509 -0.005197627 48573843 0.1323722 -0.03895007 0.1358584
0.1534779 -0.03355474 -0.005162909 48693943 0.1332021 -0.03684793 0.1358487
0.1544519 -0.03079554 -0.005206372 48804038 0.1340043 -0.03451574 0.1357698
0.1544519 -0.03079554 -0.005206372 48904145 0.1340043 -0.03451574 0.1357698
0.1555097 -0.02818756 -0.005205347 49024261 0.1349485 -0.03217355 0.1357471
0.156182 -0.02534009 -0.005158262 49134340 0.1357705 -0.02980389 0.1358016
0.156182 -0.02534009 -0.005158262 49254457 0.1357705 -0.02980389 0.1358016
0.1480501 -0.02579009 -0.006963185 49354547 0.1336084 -0.02872823 0.1347726
0.1507302 -0.02290861 -0.006698988 49484665 0.1349281 -0.02634081 0.1348805
0.1507302 -0.02290861 -0.006698988 49584751 0.1349281 -0.02634081 0.1348805
0.1499395 -0.02092466 -0.006934769 49694846 0.135075 -0.02432506 0.134747
0.1499395 -0.02092466 -0.006934769 49804946 0.135075 -0.02432506 0.134747
0.1516065 -0.0178168 -0.006794925 49915057 0.1359784 -0.02213716 0.1347796
0.1500557 -0.01615914 -0.007159134 50025157 0.1357321 -0.02044968 0.1345542
0.1498405 -0.01434398 -0.007351589 50135256 0.1357952 -0.01876784 0.1343855
0.1498405 -0.01434398 -0.007351589 50265357 0.1357952 -0.01876784 0.1343855
0.1604403 -0.009688471 -0.005524382 50365451 0.13935 -0.01598637 0.1352654
0.1604403 -0.009688471 -0.005524382 50475547 0.13935 -0.01598637 0.1352654
0.1505164 -0.01001147 -0.007187649 50605672 0.136501 -0.01529983 0.1345228
0.1500869 -0.007888626 -0.007251239 50695758 0.1365465 -0.01375459 0.1344826
0.1604429 -0.003069262 -0.005608066 50815862 0.1399097 -0.01094756 0.1351846
0.1604429 -0.003069262 -0.005608066 50915956 0.1399097 -0.01094756 0.1351846
0.1601202 -0.0009712523 -0.005605982 51036053 0.1399781 -0.009361782 0.1352135
0.1600943 0.0008222615 -0.00562665 51146168 0.1402088 -0.00796767 0.135205
0.1600943 0.0008222615 -0.00562665 51256259 0.1402088 -0.00796767 0.135205
0.1603677 0.002474722 -0.00563 51366355 0.1405362 -0.006750998 0.1351814
0.1604862 0.004112353 -0.005632742 51486475 0.1407813 -0.005586862 0.1351646
0.1604862 0.004112353 -0.005632742 51586566 0.1407813 -0.005586862 0.1351646
0.1608422 0.00540344 -0.005613359 51706658 0.1410762 -0.004510656 0.1351604
0.1610793 0.006532196 -0.005589755 51816773 0.1414163 -0.003500258 0.1351901
0.1610793 0.006532196 -0.005589755 51926861 0.1414163 -0.003500258 0.1351901
0.1613038 0.007573778 -0.005615514 52036976 0.1419106 -0.00251936 0.1351974
0.1615783 0.008858682 -0.005589657 52147075 0.1423984 -0.00166242 0.1352212
0.1615783 0.008858682 -0.005589657 52257163 0.1423984 -0.00166242 0.1352212
0.1619218 0.009782916 -0.005574926 52377287 0.1427227 -0.0009507641 0.1352172
0.1623387 0.01086124 -0.00556387 52487395 0.142965 -0.0001060091 0.1351863
0.1623387 0.01086124 -0.00556387 52597478 0.142965 -0.0001060091 0.1351863
0.1625835 0.01161342 -0.005574797 52727579 0.1432666 0.0007120559 0.1351883
0.162693 0.01244808 -0.005586641 52817677 0.1436343 0.001496165 0.1352078
0.162693 0.01244808 -0.005586641 52937785 0.1436343 0.001496165 0.1352078
0.1626383 0.01328244 -0.005594875 53037867 0.1439236 0.00227897 0.1352416
0.1625199 0.01410656 -0.005626685 53157972 0.1440042 0.002913238 0.1352212
0.1625199 0.01410656 -0.005626685 53268071 0.1440042 0.002913238 0.1352212
0.1625906 0.01496155 -0.005617792 53378166 0.1439988 0.003461608 0.1351953
0.1626838 0.01572718 -0.005614445 53488274 0.144084 0.004075513 0.1351851
0.1626838 0.01572718 -0.005614445 53598365 0.144084 0.004075513 0.1351851
0.1627233 0.01642685 -0.005617369 53708476 0.1442359 0.004674739 0.1351887
0.162732 0.01716581 -0.005627289 53828577 0.144285 0.005279146 0.1351728
0.162732 0.01716581 -0.005627289 53938672 0.144285 0.005279146 0.1351728
0.162641 0.0177598 -0.005641068 54048775 0.144183 0.00572874 0.1351453
0.1624579 0.01810008 -0.005600396 54158891 0.1439645 0.006077126 0.135182
0.1624579 0.01810008 -0.005600396 54268986 0.1439645 0.006077126 0.135182
0.1623236 0.01848674 -0.005598623 54389083 0.1439184 0.006545606 0.1352023
0.1621942 0.01903555 -0.005619784 54489189 0.1439918 0.007012472 0.1352005
0.1621942 0.01903555 -0.005619784 54619286 0.1439918 0.007012472 0.1352005
0.1620293 0.01951477 -0.005625544 54719401 0.1440232 0.007441365 0.1352157
0.1617727 0.01988661 -0.005623967 54829496 0.1439224 0.007794309 0.1352355
0.1617727 0.01988661 -0.005623967 54939596 0.1439224 0.007794309 0.1352355
0.1615118 0.02033681 -0.005626545 55059692 0.1437973 0.008097434 0.1352373
0.161298 0.02064816 -0.005636144 55169795 0.1435616 0.008364279 0.1352211
0.161298 0.02064816 -0.005636144 55279899 0.1435616 0.008364279 0.1352211
0.1611319 0.02082011 -0.00562277 55389986 0.1433181 0.008633033 0.1352331
0.160917 0.02090755 -0.005630761 55500081 0.1432119 0.00880896 0.1352465
0.160917 0.02090755 -0.005630761 55610180 0.1432119 0.00880896 0.1352465
0.1606379 0.02109873 -0.005648528 55730289 0.1431766 0.008931448 0.1352532
0.1603982 0.02139603 -0.005670503 55830383 0.1430651 0.00915679 0.1352408
0.1603982 0.02139603 -0.005670503 55950488 0.1430651 0.00915679 0.1352408
0.1603585 0.02163375 -0.005662061 56060607 0.1429086 0.0093258 0.1352289
0.1601915 0.0219429 -0.005670046 56180695 0.142785 0.009488855 0.1352134
0.1601915 0.0219429 -0.005670046 56280794 0.142785 0.009488855 0.1352134
0.160151 0.0221144 -0.005668436 56390885 0.1428718 0.009677575 0.1352322
0.1599421 0.02228976 -0.005690678 56510993 0.1430019 0.009819903 0.1352482
0.1599421 0.02228976 -0.005690678 56621097 0.1430019 0.009819903 0.1352482
0.1598725 0.02239805 -0.005679106 56731204 0.1431066 0.009981729 0.1352854
0.1597188 0.0225228 -0.005689738 56861318 0.1430163 0.01012353 0.1352838
0.1597188 0.0225228 -0.005689738 56951403 0.1430163 0.01012353 0.1352838
0.1597793 0.02266664 -0.005660704 57061502 0.1428607 0.01026269 0.1352866
0.159622 0.02267527 -0.005677097 57191632 0.1427863 0.01023484 0.1352769
0.159622 0.02267527 -0.005677097 57291698 0.1427863 0.01023484 0.1352769
0.1596153 0.02241221 -0.005673599 57401797 0.1427294 0.01031418 0.1353042
0.1595812 0.02254618 -0.005683471 57511917 0.1427679 0.01031308 0.1352914
0.1595812 0.02254618 -0.005683471 57622004 0.1427679 0.01031308 0.1352914
0.1594994 0.0224868 -0.005700505 57732116 0.1427655 0.01028315 0.1352863
0.1594583 0.02242356 -0.005725582 57842215 0.1427418 0.0101662 0.1352587
0.1594583 0.02242356 -0.005725582 57962315 0.1427418 0.0101662 0.1352587
0.159362 0.02228924 -0.005763907 58072402 0.1427118 0.00999026 0.1352246
0.1592905 0.02229197 -0.00580288 58182522 0.1427572 0.009890838 0.1351904
0.1592905 0.02229197 -0.00580288 58302626 0.1427572 0.009890838 0.1351904
0.1593141 0.0222667 -0.005821311 58402700 0.1429185 0.009835017 0.1351853
0.1592473 0.02221601 -0.005841863 58512800 0.1430175 0.009811657 0.1351864
0.1592144 0.02217531 -0.00585818 58642933 0.1430047 0.009805672 0.1351754
0.1592144 0.02217531 -0.00585818 58743024 0.1430047 0.009805672 0.1351754
0.1590839 0.02211405 -0.005891582 58853131 0.1428516 0.009787287 0.1351432
0.1590839 0.02211405 -0.005891582 58963223 0.1428516 0.009787287 0.1351432
0.1590082 0.02215873 -0.005931836 59073310 0.1426989 0.009762971 0.135088
0.1590058 0.02221021 -0.005950912 59183417 0.1426307 0.009776756 0.135058
0.1590058 0.02221021 -0.005950912 59293517 0.1426307 0.009776756 0.135058
0.1588677 0.02213566 -0.005982734 59413617 0.1425792 0.009781295 0.1350431
0.1588804 0.02214423 -0.005987624 59523728 0.1425395 0.009821097 0.1350349
0.1588804 0.02214423 -0.005987624 59633824 0.1425395 0.009821097 0.1350349
0.1587661 0.02209102 -0.006019815 59743919 0.1424383 0.00981291 0.1350082
0.1588162 0.02210901 -0.006010941 59854022 0.1423518 0.009808676 0.1349992
0.1588162 0.02210901 -0.006010941 59964110 0.1423518 0.009808676 0.1349992
0.1587425 0.02212233 -0.006042083 60084234 0.142248 0.009789297 0.1349617
0.158789 0.02212508 -0.006036173 60194317 0.1422661 0.009796848 0.1349647
0.1587541 0.02210708 -0.006054366 60304417 0.1423104 0.009780107 0.1349559
0.1587541 0.02210708 -0.006054366 60414516 0.1423104 0.009780107 0.1349559
0.15875 0.02209807 -0.006061454 60524628 0.1423174 0.009722604 0.1349459
0.15875 0.02209807 -0.006061454 60634735 0.1423174 0.009722604 0.1349459
0.1587539 0.0220753 -0.006067911 60744818 0.1422961 0.009624206 0.1349298
0.1587499 0.02205457 -0.006079827 60864927 0.142316 0.0095202 0.1349133
0.1588261 0.02211593 -0.006071122 60975022 0.1424138 0.00948147 0.1349156
0.1588261 0.02211593 -0.006071122 61085145 0.1424138 0.00948147 0.1349156
0.1587794 0.02204764 -0.006079682 61215243 0.1424606 0.009448552 0.134921
0.1588286 0.0220579 -0.006066139 61305340 0.1424958 0.009438975 0.1349312
0.1588286 0.0220579 -0.006066139 61425453 0.1424958 0.009438975 0.1349312
0.1588651 0.02207822 -0.006064772 61555546 0.142505 0.009375894 0.1349219
0.1588431 0.02199696 -0.006077318 61645639 0.1425713 0.009247242 0.1349153
