0.1509742 0.000157276 -0.006566313 0 0.1108281 -0.01377566 0.1294498
0.1508976 7.654714E-05 -0.006649452 130134 0.110782 -0.01395585 0.1293655
0.1508976 7.654714E-05 -0.006649452 220199 0.110782 -0.01395585 0.1293655
0.1517575 0.0007004137 -0.00659012 330315 0.1112401 -0.01389018 0.1292469
0.1516918 0.000695661 -0.006678505 440406 0.1112785 -0.01394204 0.1291844
0.1516918 0.000695661 -0.006678505 550505 0.1112785 -0.01394204 0.1291844
0.1516494 0.0007081784 -0.006764598 660601 0.1113511 -0.01384208 0.1291419
0.1516238 0.0008477647 -0.006779739 780713 0.1114429 -0.01349403 0.1291836
0.1516238 0.0008477647 -0.006779739 910818 0.1114429 -0.01349403 0.1291836
0.1516352 0.000991862 -0.006781083 990899 0.111493 -0.01292437 0.1292379
0.1508488 0.0004144201 -0.006964366 1111003 0.1111147 -0.01219998 0.1293012
0.1508488 0.0004144201 -0.006964366 1221098 0.1111147 -0.01219998 0.1293012
0.1505983 0.0009029843 -0.00699591 1331214 0.1111308 -0.01082334 0.1294264
0.1504226 0.001026073 -0.007078911 1451310 0.1112441 -0.00928272 0.129541
0.1504226 0.001026073 -0.007078911 1561414 0.1112441 -0.00928272 0.129541
0.1504457 0.001408649 -0.00704157 1671594 0.1114501 -0.007582082 0.1297237
0.1505125 0.002250313 -0.007098014 1781608 0.1115018 -0.006668646 0.1296677
0.1505125 0.002250313 -0.007098014 1891716 0.1115018 -0.006668646 0.1296677
0.1504971 0.004081188 -0.007050455 2001815 0.1114311 -0.006604028 0.1295728
0.1506616 0.005205949 -0.006974656 2121932 0.1114688 -0.005411336 0.1296176
0.1506616 0.005205949 -0.006974656 2232015 0.1114688 -0.005411336 0.1296176
0.1507324 0.007013048 -0.006855793 2332101 0.1112286 -0.003799761 0.1296315
0.1507472 0.00891651 -0.006808069 2452217 0.1109856 -0.002434105 0.1295606
0.1507472 0.00891651 -0.006808069 2562313 0.1109856 -0.002434105 0.1295606
0.1507934 0.01079339 -0.006732083 2672420 0.1107795 -0.0005668952 0.129562
0.1508752 0.01290368 -0.00664788 2802554 0.1105661 0.001474806 0.1295534
0.1508752 0.01290368 -0.00664788 2902636 0.1105661 0.001474806 0.1295534
0.1507012 0.01543108 -0.006516001 3012715 0.1103787 0.003451713 0.129634
0.1504094 0.01774636 -0.00645073 3112810 0.110208 0.005412498 0.1297035
0.1504094 0.01774636 -0.00645073 3232918 0.110208 0.005412498 0.1297035
0.1504009 0.02041828 -0.006312172 3343021 0.1100841 0.007671364 0.1297698
0.150191 0.02274093 -0.006225461 3453113 0.1098834 0.009979648 0.1298579
0.150191 0.02274093 -0.006225461 3563216 0.1098834 0.009979648 0.1298579
0.1500242 0.02510918 -0.006194197 3673319 0.1097338 0.01219802 0.1298801
0.1496086 0.02765583 -0.00618062 3783419 0.1095594 0.01437063 0.1299289
0.1496086 0.02765583 -0.00618062 3923541 0.1095594 0.01437063 0.1299289
0.149744 0.03052646 -0.006046441 4013618 0.109523 0.01659379 0.1299476
0.1494336 0.03301918 -0.006084184 4123969 0.1091877 0.01872498 0.129865
0.1494336 0.03301918 -0.006084184 4233821 0.1091877 0.01872498 0.129865
0.1489527 0.03554523 -0.006134612 4343920 0.1087142 0.02092224 0.1297818
0.1481874 0.03815489 -0.006259699 4464041 0.1081188 0.02308615 0.1296582
0.1481874 0.03815489 -0.006259699 4574132 0.1081188 0.02308615 0.1296582
0.1474073 0.04074541 -0.006321401 4704258 0.1074646 0.0253782 0.1296002
0.1466656 0.04340325 -0.006399214 4794327 0.1068013 0.02758803 0.129494
0.1466656 0.04340325 -0.006399214 4904430 0.1068013 0.02758803 0.129494
0.1458 0.0461944 -0.006483167 5014530 0.1060136 0.02990569 0.1293769
0.1451707 0.04885139 -0.006536894 5134646 0.1053467 0.03218887 0.1292668
0.1451707 0.04885139 -0.006536894 5244729 0.1053467 0.03218887 0.1292668
0.1442404 0.05126939 -0.0066354 5354833 0.1045613 0.03439671 0.1291848
0.143174 0.05423297 -0.00668091 5464932 0.1037023 0.0366834 0.1291139
0.143174 0.05423297 -0.00668091 5575031 0.1037023 0.0366834 0.1291139
0.1422954 0.05697116 -0.006774398 5685131 0.102977 0.03906208 0.129018
0.1412104 0.05973457 -0.006751381 5805239 0.1020514 0.04133059 0.1290209
0.1412104 0.05973457 -0.006751381 5915339 0.1020514 0.04133059 0.1290209
0.1399682 0.06288956 -0.00681683 6025446 0.1010943 0.04379925 0.1289425
0.1386013 0.06581708 -0.006873796 6135537 0.1000539 0.04620723 0.1289047
0.1386013 0.06581708 -0.006873796 6245633 0.1000539 0.04620723 0.1289047
0.1371022 0.06887683 -0.006844474 6356080 0.09895661 0.04852246 0.1289379
0.1353483 0.07228065 -0.006851405 6475844 0.09773168 0.05093912 0.1289269
0.1353483 0.07228065 -0.006851405 6575931 0.09773168 0.05093912 0.1289269
0.1337211 0.07542568 -0.006771578 6696047 0.09651398 0.05315062 0.1289697
0.1324603 0.07825767 -0.00670737 6806138 0.09545875 0.05539351 0.1289921
0.1324603 0.07825767 -0.00670737 6916262 0.09545875 0.05539351 0.1289921
0.1306222 0.08121775 -0.006623445 7046363 0.09412479 0.05759763 0.1290831
0.1291161 0.08408505 -0.006567642 7136449 0.09295395 0.05985246 0.1291207
0.1291161 0.08408505 -0.006567642 7246536 0.09295395 0.05985246 0.1291207
0.1274383 0.08693611 -0.00643265 7356643 0.09152126 0.06217792 0.1292259
0.1256734 0.08976411 -0.006393787 7476752 0.09014877 0.06446043 0.1292674
0.1235489 0.09273992 -0.006395111 7586843 0.08859007 0.0666149 0.1292574
0.1235489 0.09273992 -0.006395111 7696946 0.08859007 0.0666149 0.1292574
0.121674 0.09579215 -0.006318987 7817051 0.08706477 0.06881043 0.1292554
0.1196607 0.09861243 -0.006300029 7927154 0.08548506 0.07107166 0.129272
0.1196607 0.09861243 -0.006300029 8027248 0.08548506 0.07107166 0.129272
0.1174785 0.101356 -0.006307294 8147349 0.08378131 0.07331263 0.1292814
0.1152889 0.1039285 -0.006324418 8257452 0.08207846 0.07544527 0.1292927
0.1152889 0.1039285 -0.006324418 8367547 0.08207846 0.07544527 0.1292927
0.1129516 0.1065221 -0.006370671 8477647 0.08024709 0.07754434 0.1292647
0.1108809 0.1089568 -0.006436376 8597763 0.07860013 0.07932878 0.12916
0.1108809 0.1089568 -0.006436376 8697854 0.07860013 0.07932878 0.12916
0.1083024 0.1114099 -0.006452753 8817970 0.0766691 0.08112732 0.1291516
0.1057726 0.1136816 -0.006557803 8928070 0.07463382 0.08295283 0.1290606
0.1057726 0.1136816 -0.006557803 9038444 0.07463382 0.08295283 0.1290606
0.1031285 0.1156338 -0.006544744 9148256 0.07252073 0.08451274 0.1291051
0.1004701 0.1174165 -0.006582901 9268373 0.0704677 0.0858756 0.1291052
0.1004701 0.1174165 -0.006582901 9378480 0.0704677 0.0858756 0.1291052
0.09770034 0.1190942 -0.006685772 9488567 0.06844649 0.08703829 0.1290451
0.09463183 0.1209459 -0.006692911 9598663 0.06617661 0.08810402 0.1290198
0.09463183 0.1209459 -0.006692911 9738801 0.06617661 0.08810402 0.1290198
0.09153774 0.122656 -0.006682715 9818861 0.06371722 0.08917749 0.129006
0.08886193 0.1241902 -0.006759187 9938966 0.06131451 0.09027943 0.128878
0.08886193 0.1241902 -0.006759187 10049065 0.06131451 0.09027943 0.128878
0.08596408 0.1254784 -0.006760523 10159164 0.0588787 0.09123269 0.1288855
0.08257463 0.1270368 -0.006750341 10269272 0.05630575 0.09223935 0.1289159
0.08257463 0.1270368 -0.006750341 10379367 0.05630575 0.09223935 0.1289159
0.07935442 0.1285543 -0.006712862 10509501 0.05376482 0.09316937 0.1289312
0.07606396 0.1299205 -0.006596828 10609579 0.05109193 0.09384745 0.1289811
0.07606396 0.1299205 -0.006596828 10719678 0.05109193 0.09384745 0.1289811
0.07262582 0.1311715 -0.006541315 10819773 0.04833047 0.09470229 0.1290536
0.06908111 0.132611 -0.006503862 10939873 0.04545879 0.09566647 0.1290812
0.06908111 0.132611 -0.006503862 11049980 0.04545879 0.09566647 0.1290812
0.065696 0.1337797 -0.006439195 11170085 0.04258019 0.09653825 0.129152
0.06206252 0.1349995 -0.006364384 11270175 0.03958515 0.09730396 0.1292087
0.06206252 0.1349995 -0.006364384 11380274 0.03958515 0.09730396 0.1292087
0.05836077 0.1361502 -0.006341297 11490374 0.0365996 0.09792461 0.1292002
0.05471822 0.1377009 -0.006241169 11610486 0.03370132 0.09873873 0.129208
0.05471822 0.1377009 -0.006241169 11720573 0.03370132 0.09873873 0.129208
0.05136061 0.1384877 -0.006198411 11830677 0.03091922 0.09942627 0.1293102
0.04805005 0.1393115 -0.006145889 11940784 0.02818474 0.1001349 0.1294152
0.04805005 0.1393115 -0.006145889 12050875 0.02818474 0.1001349 0.1294152
0.04466384 0.1401185 -0.006101451 12170996 0.02549729 0.1006644 0.1294797
0.04114399 0.1409263 -0.006135247 12281079 0.02278787 0.1011723 0.1294705
0.04114399 0.1409263 -0.006135247 12391179 0.02278787 0.1011723 0.1294705
0.03744737 0.142241 -0.006089832 12501298 0.02007018 0.1018516 0.1294571
0.0339903 0.1428328 -0.006114826 12611385 0.01737166 0.1023308 0.1294936
0.0339903 0.1428328 -0.006114826 12721477 0.01737166 0.1023308 0.1294936
0.03070358 0.1433606 -0.006125415 12831584 0.01473701 0.1028013 0.1295442
0.02739242 0.1438806 -0.006166332 12951692 0.01210762 0.1033736 0.1295974
0.02739242 0.1438806 -0.006166332 13061784 0.01210762 0.1033736 0.1295974
0.02377964 0.1446203 -0.006204536 13171883 0.009442183 0.1039125 0.1296025
0.02034136 0.1451242 -0.006258947 13291987 0.006755749 0.1043307 0.1295997
0.02034136 0.1451242 -0.006258947 13392082 0.006755749 0.1043307 0.1295997
0.01687171 0.1457252 -0.006304745 13502181 0.004019659 0.1047532 0.1295715
0.01358785 0.146097 -0.006316134 13612280 0.001308206 0.1050529 0.1295913
0.01358785 0.146097 -0.006316134 13732389 0.001308206 0.1050529 0.1295913
0.01037487 0.1462468 -0.006339206 13842496 -0.001322583 0.1053186 0.1296545
0.007268083 0.1464174 -0.006354929 13952612 -0.003831783 0.1055712 0.1297135
0.007268083 0.1464174 -0.006354929 14062691 -0.003831783 0.1055712 0.1297135
0.003970346 0.1465181 -0.006329054 14182795 -0.006341227 0.1056165 0.1297847
0.0007399921 0.1466666 -0.006309241 14282886 -0.008861185 0.105561 0.1297951
0.0007399921 0.1466666 -0.006309241 14402994 -0.008861185 0.105561 0.1297951
-0.002401661 0.146858 -0.006248476 14513097 -0.01140484 0.1054676 0.1298104
-0.00555576 0.1469163 -0.006160552 14623197 -0.01396499 0.1054274 0.1299063
-0.00555576 0.1469163 -0.006160552 14733296 -0.01396499 0.1054274 0.1299063
-0.008533948 0.1468446 -0.006127267 14873439 -0.01644762 0.1054606 0.1300012
-0.01164678 0.1467755 -0.006033098 14963520 -0.0188767 0.1053987 0.1301356
-0.01164678 0.1467755 -0.006033098 15073615 -0.0188767 0.1053987 0.1301356
-0.01476691 0.1467169 -0.005956579 15183699 -0.02130909 0.1053378 0.1302462
-0.01811646 0.1467516 -0.005832263 15293794 -0.02385615 0.105261 0.1303728
-0.01811646 0.1467516 -0.005832263 15413923 -0.02385615 0.105261 0.1303728
-0.02148908 0.1467284 -0.005771533 15514005 -0.02644893 0.1051304 0.1304314
-0.02471464 0.1466874 -0.005694637 15634121 -0.0291644 0.1050256 0.1305064
-0.02471464 0.1466874 -0.005694637 15734195 -0.0291644 0.1050256 0.1305064
-0.02792721 0.1465074 -0.005614473 15854316 -0.03181956 0.1048626 0.1306088
-0.03122525 0.146356 -0.005548832 15964411 -0.03435838 0.104691 0.1306879
-0.03122525 0.146356 -0.005548832 16074507 -0.03435838 0.104691 0.1306879
-0.03463025 0.1461942 -0.005489896 16184618 -0.03693577 0.1044986 0.130754
-0.03775015 0.1458997 -0.005480392 16304714 -0.0394451 0.1042048 0.1307727
-0.03775015 0.1458997 -0.005480392 16414818 -0.0394451 0.1042048 0.1307727
-0.04084157 0.145525 -0.005514338 16514916 -0.04195926 0.1039573 0.1307836
-0.04399981 0.1450485 -0.005506266 16635024 -0.0444337 0.1035797 0.1308256
-0.04399981 0.1450485 -0.005506266 16745116 -0.0444337 0.1035797 0.1308256
-0.04713115 0.144524 -0.005492003 16855219 -0.04693044 0.1032139 0.1308886
-0.05026691 0.1440071 -0.005498851 16975319 -0.04938978 0.102834 0.1309205
-0.05026691 0.1440071 -0.005498851 17075410 -0.04938978 0.102834 0.1309205
-0.0533768 0.1433108 -0.005545463 17195534 -0.0518418 0.1023309 0.1309263
-0.05679559 0.1425959 -0.005526054 17305622 -0.05438736 0.1017255 0.1309659
-0.05679559 0.1425959 -0.005526054 17415721 -0.05438736 0.1017255 0.1309659
-0.06023186 0.1417316 -0.005575255 17556719 -0.05704029 0.1012006 0.1310018
-0.06383897 0.1408415 -0.005615953 17645925 -0.05981395 0.1006141 0.1310288
-0.06383897 0.1408415 -0.005615953 17746019 -0.05981395 0.1006141 0.1310288
-0.06728644 0.1397574 -0.005660366 17866127 -0.06267469 0.09988461 0.1310698
-0.07063212 0.1386543 -0.005638584 17976223 -0.06541387 0.09897735 0.1311267
-0.07063212 0.1386543 -0.005638584 18086330 -0.06541387 0.09897735 0.1311267
-0.0740241 0.1374633 -0.005653249 18196425 -0.06807338 0.09798837 0.1311406
-0.07724932 0.1360439 -0.005667782 18306525 -0.07062834 0.09681681 0.1311665
-0.07724932 0.1360439 -0.005667782 18416624 -0.07062834 0.09681681 0.1311665
-0.08059783 0.1347127 -0.005614265 18536728 -0.07320991 0.09560391 0.1312147
-0.08360488 0.1333391 -0.005581458 18646844 -0.0756766 0.09423926 0.1312198
-0.08360488 0.1333391 -0.005581458 18756935 -0.0756766 0.09423926 0.1312198
-0.08658145 0.1318821 -0.005540602 18867027 -0.07803781 0.09284631 0.1312419
-0.08963087 0.1304075 -0.005423558 18977130 -0.08035891 0.0914463 0.1313328
-0.09246886 0.1287106 -0.00541325 19097234 -0.08256529 0.09010334 0.1313992
-0.09246886 0.1287106 -0.00541325 19207330 -0.08256529 0.09010334 0.1313992
-0.09534132 0.1270088 -0.005314761 19317433 -0.08487353 0.08880251 0.1315682
-0.09816457 0.1253389 -0.005191991 19427536 -0.08709566 0.08741382 0.1317219
-0.09816457 0.1253389 -0.005191991 19557666 -0.08709566 0.08741382 0.1317219
-0.1009442 0.1235424 -0.005113308 19647735 -0.08926927 0.08587036 0.1318201
-0.1038425 0.1215866 -0.005026917 19757826 -0.09154133 0.08430851 0.1319594
-0.1038425 0.1215866 -0.005026917 19867930 -0.09154133 0.08430851 0.1319594
-0.1064925 0.1194891 -0.005024747 19988034 -0.09368793 0.08262765 0.1320282
-0.1094881 0.1173827 -0.004890566 20098138 -0.09587318 0.08082425 0.1321655
-0.1094881 0.1173827 -0.004890566 20208391 -0.09587318 0.08082425 0.1321655
-0.112045 0.1150161 -0.004920209 20318336 -0.09790811 0.07885405 0.1321881
-0.1147173 0.1124676 -0.004856152 20428436 -0.1000046 0.07674763 0.1323075
-0.1147173 0.1124676 -0.004856152 20548560 -0.1000046 0.07674763 0.1323075
-0.1171263 0.1095858 -0.004887134 20678661 -0.1019117 0.07442227 0.1323655
-0.1197487 0.1065879 -0.004887362 20768739 -0.1038259 0.0719618 0.1324215
-0.1197487 0.1065879 -0.004887362 20878846 -0.1038259 0.0719618 0.1324215
-0.1223762 0.1035901 -0.00488943 20988941 -0.1057248 0.06942482 0.1324485
-0.1248108 0.1003989 -0.004911995 21099041 -0.1076533 0.06682384 0.1325092
-0.1248108 0.1003989 -0.004911995 21219157 -0.1076533 0.06682384 0.1325092
-0.1272512 0.09708545 -0.004925377 21329244 -0.1097373 0.06427155 0.1326346
-0.1295799 0.09357469 -0.004973494 21439348 -0.1117214 0.06161006 0.1327421
-0.1295799 0.09357469 -0.004973494 21549463 -0.1117214 0.06161006 0.1327421
-0.1319367 0.09000493 -0.004980954 21659543 -0.1136175 0.0587442 0.1328356
-0.1340994 0.08637925 -0.005020439 21769650 -0.1153009 0.05568681 0.1328593
-0.1340994 0.08637925 -0.005020439 21889758 -0.1153009 0.05568681 0.1328593
-0.1362702 0.08269933 -0.005025126 21989849 -0.1169158 0.05254839 0.1328972
-0.1383813 0.07903703 -0.004983811 22109953 -0.1185381 0.04951123 0.1330043
-0.1383813 0.07903703 -0.004983811 22220048 -0.1185381 0.04951123 0.1330043
-0.1401084 0.07512704 -0.005009296 22330156 -0.120061 0.0464712 0.1331326
-0.141789 0.07112912 -0.005005031 22450268 -0.1214172 0.04331803 0.133262
-0.141789 0.07112912 -0.005005031 22550367 -0.1214172 0.04331803 0.133262
-0.1435314 0.06732159 -0.004941362 22670459 -0.1226612 0.04012062 0.1333727
-0.145012 0.06350625 -0.004901266 22780554 -0.1237998 0.03686635 0.13347
-0.145012 0.06350625 -0.004901266 22890654 -0.1237998 0.03686635 0.13347
-0.1464649 0.05964727 -0.004858178 23020783 -0.1248995 0.03363423 0.1335777
-0.1478412 0.05562762 -0.004800522 23110864 -0.1259624 0.03046773 0.1337438
-0.1478412 0.05562762 -0.004800522 23230965 -0.1259624 0.03046773 0.1337438
-0.1492916 0.05178029 -0.004671076 23341068 -0.1270209 0.02742418 0.1339544
-0.1506011 0.0478963 -0.004615189 23441167 -0.1280395 0.02437042 0.1341066
-0.1506011 0.0478963 -0.004615189 23561263 -0.1280395 0.02437042 0.1341066
-0.1518795 0.04397975 -0.004531418 23671362 -0.1289738 0.02117278 0.1342541
-0.1531563 0.04025445 -0.004427318 23781474 -0.1299159 0.01810424 0.1344089
-0.1531563 0.04025445 -0.004427318 23891561 -0.1299159 0.01810424 0.1344089
-0.1543082 0.03627741 -0.004399712 24001656 -0.1308226 0.01501755 0.1345344
-0.1554948 0.03232064 -0.004330455 24131794 -0.1316318 0.01200198 0.1346801
-0.1554948 0.03232064 -0.004330455 24231864 -0.1316318 0.01200198 0.1346801
-0.156577 0.02846347 -0.004235222 24341975 -0.1323822 0.008973409 0.1348366
-0.1575784 0.02455687 -0.004175549 24452067 -0.133121 0.005994546 0.1349773
-0.1575784 0.02455687 -0.004175549 24562170 -0.133121 0.005994546 0.1349773
-0.1583412 0.02061448 -0.004153598 24682287 -0.1337986 0.002980253 0.1351049
-0.1590889 0.01672958 -0.0041403 24792370 -0.1344448 -7.484914E-05 0.1352028
-0.1598058 0.01268873 -0.004116505 24922491 -0.1350325 -0.003138594 0.1353181
-0.1598058 0.01268873 -0.004116505 25012572 -0.1350325 -0.003138594 0.1353181
-0.1603363 0.008707798 -0.004133809 25122672 -0.1354318 -0.006263365 0.135372
-0.1603363 0.008707798 -0.004133809 25232771 -0.1354318 -0.006263365 0.135372
-0.160849 0.004759534 -0.004144072 25352944 -0.1357142 -0.009374502 0.1354077
-0.161301 0.0007016956 -0.004122703 25452986 -0.1359211 -0.01247854 0.1354781
-0.161301 0.0007016956 -0.004122703 25573078 -0.1359211 -0.01247854 0.1354781
-0.1613967 -0.003400216 -0.004116159 25683178 -0.1360883 -0.01549362 0.1355959
-0.1612973 -0.007347908 -0.004145139 25793719 -0.1361593 -0.0184872 0.135677
-0.1612973 -0.007347908 -0.004145139 25903389 -0.1361593 -0.0184872 0.135677
-0.1611708 -0.01152654 -0.00417651 26013472 -0.1360279 -0.02166981 0.1357206
-0.1610978 -0.01541897 -0.004167157 26133584 -0.1358176 -0.02478255 0.1357595
-0.1610978 -0.01541897 -0.004167157 26243688 -0.1358176 -0.02478255 0.1357595
-0.1609452 -0.01935219 -0.004153267 26353791 -0.1355732 -0.02781299 0.1358143
-0.1607758 -0.023403 -0.004119803 26463898 -0.135361 -0.03072315 0.1359043
-0.1607758 -0.023403 -0.004119803 26573986 -0.135361 -0.03072315 0.1359043
-0.1606429 -0.02730718 -0.004086385 26684081 -0.1351432 -0.03356328 0.1359738
-0.1604786 -0.03120293 -0.004011676 26814198 -0.1349107 -0.03644791 0.1360776
-0.1604786 -0.03120293 -0.004011676 26914289 -0.1349107 -0.03644791 0.1360776
-0.1600355 -0.03503074 -0.003984493 27024396 -0.1346086 -0.03934229 0.1361623
-0.1597297 -0.0387503 -0.003922413 27134500 -0.1342266 -0.04224814 0.1362332
-0.1597297 -0.0387503 -0.003922413 27244591 -0.1342266 -0.04224814 0.1362332
-0.1592442 -0.04225556 -0.003870645 27354690 -0.13373 -0.04508436 0.136298
-0.158899 -0.04574903 -0.003782751 27464785 -0.1333466 -0.04776071 0.1363931
-0.158899 -0.04574903 -0.003782751 27584894 -0.1333466 -0.04776071 0.1363931
-0.1584837 -0.04913539 -0.003710531 27695001 -0.1329783 -0.05036313 0.1364829
-0.1580552 -0.05243111 -0.003647611 27805097 -0.1326249 -0.05289566 0.1365641
-0.1580552 -0.05243111 -0.003647611 27925201 -0.1326249 -0.05289566 0.1365641
-0.157744 -0.05563779 -0.003594968 28025299 -0.1322715 -0.05539145 0.1366096
-0.1573948 -0.05868577 -0.00354918 28145404 -0.1319572 -0.05781427 0.1366593
-0.1573948 -0.05868577 -0.00354918 28255507 -0.1319572 -0.05781427 0.1366593
-0.1569911 -0.06169178 -0.00350547 28355601 -0.1316136 -0.06004614 0.1367069
-0.1565905 -0.06452551 -0.003458885 28475698 -0.1312915 -0.0621945 0.136758
-0.1565905 -0.06452551 -0.003458885 28585801 -0.1312915 -0.0621945 0.136758
-0.1562521 -0.06745297 -0.003369501 28695900 -0.1309161 -0.06428399 0.1368242
-0.1556717 -0.07026149 -0.003380178 28805992 -0.1304313 -0.06625028 0.1368092
-0.1550047 -0.07296214 -0.003363888 28926112 -0.1298853 -0.06826682 0.136826
-0.1550047 -0.07296214 -0.003363888 29046213 -0.1298853 -0.06826682 0.136826
-0.1543745 -0.07572798 -0.003340358 29146299 -0.1292695 -0.07027977 0.1368249
-0.1534562 -0.07833077 -0.003388749 29256414 -0.1285582 -0.07212637 0.136782
-0.1534562 -0.07833077 -0.003388749 29366493 -0.1285582 -0.07212637 0.136782
-0.1523755 -0.08126955 -0.003361098 29476601 -0.1278065 -0.07401361 0.1368172
-0.1511673 -0.08403928 -0.003364233 29596722 -0.1269629 -0.07591855 0.13683
-0.1511673 -0.08403928 -0.003364233 29696800 -0.1269629 -0.07591855 0.13683
-0.1498527 -0.08677932 -0.003393702 29836930 -0.1259405 -0.07791303 0.1368055
-0.1486706 -0.08955037 -0.003388656 29927007 -0.1248556 -0.08009323 0.1367885
-0.1486706 -0.08955037 -0.003388656 30037103 -0.1248556 -0.08009323 0.1367885
-0.147278 -0.09236273 -0.003411567 30147202 -0.1237307 -0.08219091 0.1367608
-0.1457501 -0.09532715 -0.003448528 30257305 -0.1226442 -0.08429058 0.1367319
-0.1457501 -0.09532715 -0.003448528 30367409 -0.1226442 -0.08429058 0.1367319
-0.1440219 -0.09840389 -0.003431457 30487521 -0.1214203 -0.0863684 0.136749
-0.1420853 -0.1016791 -0.003360794 30607618 -0.1200065 -0.08850176 0.1368002
-0.1420853 -0.1016791 -0.003360794 30707704 -0.1200065 -0.08850176 0.1368002
-0.1400206 -0.104807 -0.003335419 30817807 -0.1184737 -0.09069343 0.1368172
-0.1379686 -0.1079632 -0.003317049 30927915 -0.1168483 -0.09296542 0.1368088
-0.1379686 -0.1079632 -0.003317049 31038018 -0.1168483 -0.09296542 0.1368088
-0.1356424 -0.1111068 -0.00331309 31148101 -0.1150848 -0.09526276 0.1368032
-0.1329427 -0.1143989 -0.003283611 31268222 -0.113097 -0.09758464 0.1368223
-0.1329427 -0.1143989 -0.003283611 31378325 -0.113097 -0.09758464 0.1368223
-0.130499 -0.1175627 -0.003196502 31488412 -0.1112134 -0.09967729 0.136855
-0.1278124 -0.1207544 -0.003102749 31598516 -0.1091986 -0.101893 0.1369116
-0.1278124 -0.1207544 -0.003102749 31728633 -0.1091986 -0.101893 0.1369116
-0.1248386 -0.1234733 -0.003077339 31818715 -0.1070496 -0.1041126 0.136976
-0.1222342 -0.1262075 -0.003003504 31938827 -0.1049916 -0.106113 0.1370149
-0.1222342 -0.1262075 -0.003003504 32048922 -0.1049916 -0.106113 0.1370149
-0.1195867 -0.1289283 -0.002929594 32159014 -0.1028655 -0.108162 0.137054
-0.1168505 -0.1314589 -0.002886527 32269129 -0.100556 -0.110212 0.1370752
-0.1168505 -0.1314589 -0.002886527 32389225 -0.100556 -0.110212 0.1370752
-0.1142144 -0.1338946 -0.002817461 32489324 -0.09832698 -0.1121277 0.1371112
-0.1116898 -0.1362725 -0.002792746 32609440 -0.09611261 -0.1138871 0.1370732
-0.1116898 -0.1362725 -0.002792746 32719527 -0.09611261 -0.1138871 0.1370732
-0.1088795 -0.1388464 -0.002690868 32829623 -0.09380063 -0.1157084 0.1371072
-0.1060804 -0.1411659 -0.002710673 32939722 -0.09162811 -0.1172521 0.137023
-0.1060804 -0.1411659 -0.002710673 33059831 -0.09162811 -0.1172521 0.137023
-0.1033039 -0.1437127 -0.00262606 33169938 -0.08945606 -0.1188273 0.1369991
-0.1008582 -0.1456749 -0.002684957 33280037 -0.08749031 -0.1200989 0.1368622
-0.1008582 -0.1456749 -0.002684957 33390141 -0.08749031 -0.1200989 0.1368622
-0.09849417 -0.147593 -0.002691743 33500240 -0.08550198 -0.1214653 0.1367887
-0.09577621 -0.1498915 -0.002591842 33610339 -0.08348095 -0.1227576 0.1367595
-0.09577621 -0.1498915 -0.002591842 33720427 -0.08348095 -0.1227576 0.1367595
-0.09351831 -0.1516425 -0.002633714 33830534 -0.08158217 -0.123998 0.1366485
-0.09072407 -0.153886 -0.002522763 33940633 -0.07946839 -0.1253691 0.1366402
-0.09072407 -0.153886 -0.002522763 34080772 -0.07946839 -0.1253691 0.1366402
-0.08875283 -0.154973 -0.002530986 34170841 -0.077859 -0.1261649 0.1366008
-0.08650637 -0.1562997 -0.002590611 34280945 -0.07615978 -0.1271402 0.1365097
-0.08650637 -0.1562997 -0.002590611 34391036 -0.07615978 -0.1271402 0.1365097
-0.08378608 -0.1580583 -0.002515986 34511156 -0.07422576 -0.1282559 0.1365044
-0.08136186 -0.1594739 -0.002515868 34611235 -0.07246863 -0.1291206 0.1364295
-0.08136186 -0.1594739 -0.002515868 34731351 -0.07246863 -0.1291206 0.1364295
-0.07923433 -0.1605333 -0.002579635 34851464 -0.07064535 -0.1298823 0.1363195
-0.07704636 -0.1608459 -0.002778328 34951554 -0.06880346 -0.1304255 0.1361925
-0.07704636 -0.1608459 -0.002778328 35061641 -0.06880346 -0.1304255 0.1361925
-0.07414993 -0.1622583 -0.002741209 35191767 -0.06671587 -0.13125 0.1361452
-0.07099797 -0.1636844 -0.002654776 35291857 -0.0645996 -0.132016 0.1361343
-0.07099797 -0.1636844 -0.002654776 35401960 -0.0645996 -0.132016 0.1361343
-0.06779849 -0.165068 -0.002595982 35512048 -0.06231463 -0.1328108 0.1360966
-0.06470868 -0.166258 -0.00252216 35622183 -0.06003529 -0.1335252 0.1360887
-0.06470868 -0.166258 -0.00252216 35732250 -0.06003529 -0.1335252 0.1360887
-0.06166583 -0.1671543 -0.002520937 35842342 -0.05761056 -0.1341175 0.1360372
-0.05845324 -0.1683621 -0.002422093 35962462 -0.05509322 -0.1347684 0.1360207
-0.05845324 -0.1683621 -0.002422093 36072553 -0.05509322 -0.1347684 0.1360207
-0.05493663 -0.1691951 -0.002531572 36182657 -0.05246196 -0.1353556 0.13587
-0.05122283 -0.170241 -0.002549102 36292752 -0.04975765 -0.13597 0.1357607
-0.05122283 -0.170241 -0.002549102 36412864 -0.04975765 -0.13597 0.1357607
-0.04760432 -0.1711195 -0.002580876 36512951 -0.04711215 -0.1364502 0.1356365
-0.04371762 -0.1722516 -0.002494304 36623054 -0.04426295 -0.1369462 0.1355617
-0.04371762 -0.1722516 -0.002494304 36743163 -0.04426295 -0.1369462 0.1355617
-0.04026569 -0.1730823 -0.00241021 36853262 -0.04148268 -0.1372978 0.1355181
-0.03620124 -0.1737459 -0.002561733 36963369 -0.03838644 -0.1377668 0.135304
-0.03212744 -0.1743879 -0.002564968 37103496 -0.0353107 -0.1380943 0.1351988
-0.03212744 -0.1743879 -0.002564968 37183572 -0.0353107 -0.1380943 0.1351988
-0.0280323 -0.1752287 -0.002530964 37303660 -0.03215693 -0.1385588 0.1351082
-0.0280323 -0.1752287 -0.002530964 37403751 -0.03215693 -0.1385588 0.1351082
-0.0238969 -0.1757629 -0.002620642 37523863 -0.02898198 -0.138873 0.1349275
-0.01971027 -0.176193 -0.002689609 37623986 -0.02581801 -0.1391094 0.1347649
-0.01971027 -0.176193 -0.002689609 37744062 -0.02581801 -0.1391094 0.1347649
-0.01534109 -0.1765877 -0.002689535 37854169 -0.0225933 -0.1392234 0.1346332
-0.01129676 -0.1769617 -0.002709569 37964260 -0.01939773 -0.1392097 0.1344596
-0.01129676 -0.1769617 -0.002709569 38084385 -0.01939773 -0.1392097 0.1344596
-0.006792329 -0.1768837 -0.002810783 38214879 -0.01601585 -0.1390936 0.134277
-0.002524418 -0.1771347 -0.002823784 38304564 -0.01267096 -0.1390029 0.1341041
0.002114591 -0.1769158 -0.002936189 38414675 -0.009305356 -0.138712 0.1338713
0.002114591 -0.1769158 -0.002936189 38524762 -0.009305356 -0.138712 0.1338713
0.006540911 -0.1768211 -0.00299383 38634866 -0.005925246 -0.1383603 0.1336503
0.006540911 -0.1768211 -0.00299383 38744965 -0.005925246 -0.1383603 0.1336503
0.01134365 -0.1766484 -0.002997347 38855060 -0.002378885 -0.1379831 0.1334685
0.0158425 -0.1763277 -0.002994741 38975173 0.001124188 -0.1375114 0.1333244
0.02046682 -0.1755778 -0.003082315 39085272 0.004673382 -0.1369475 0.1331693
0.02046682 -0.1755778 -0.003082315 39205393 0.004673382 -0.1369475 0.1331693
0.02533003 -0.1749245 -0.003112922 39325493 0.008307906 -0.1363327 0.1330016
0.03029765 -0.1743632 -0.00318287 39415562 0.01192138 -0.1356818 0.13273
0.03029765 -0.1743632 -0.00318287 39525665 0.01192138 -0.1356818 0.13273
0.03525593 -0.1736654 -0.003179547 39645782 0.01563397 -0.1348735 0.1325275
0.04019223 -0.1726774 -0.003212684 39755873 0.01939231 -0.1341256 0.1323873
0.04019223 -0.1726774 -0.003212684 39865981 0.01939231 -0.1341256 0.1323873
0.04479949 -0.1716634 -0.003223086 39976080 0.02305643 -0.1333184 0.1322876
0.04957232 -0.1705196 -0.00326181 40086171 0.02677092 -0.1324105 0.1321414
0.04957232 -0.1705196 -0.00326181 40196287 0.02677092 -0.1324105 0.1321414
0.05440834 -0.1692446 -0.003289347 40316391 0.03039729 -0.1313718 0.131971
0.05875342 -0.1679353 -0.003327483 40426487 0.03395547 -0.1302302 0.1318377
0.05875342 -0.1679353 -0.003327483 40536590 0.03395547 -0.1302302 0.1318377
0.06325303 -0.1664699 -0.003323418 40646677 0.03742317 -0.1290275 0.1317215
0.06755476 -0.1648437 -0.003326308 40756789 0.04082913 -0.1277222 0.1316328
0.06755476 -0.1648437 -0.003326308 40866888 0.04082913 -0.1277222 0.1316328
0.07154578 -0.1628757 -0.003360066 40986988 0.04409502 -0.126243 0.1315871
0.07555963 -0.1608921 -0.003385198 41097088 0.04725992 -0.1246331 0.1314875
0.07555963 -0.1608921 -0.003385198 41207183 0.04725992 -0.1246331 0.1314875
0.07956116 -0.1589549 -0.003399491 41317282 0.05029019 -0.1229115 0.1313237
0.08345875 -0.1570146 -0.003435859 41427398 0.05334057 -0.1210797 0.1311294
0.08345875 -0.1570146 -0.003435859 41537497 0.05334057 -0.1210797 0.1311294
0.08713329 -0.1549786 -0.003485974 41657597 0.05636073 -0.119294 0.1309978
0.0907015 -0.1528915 -0.003515993 41767693 0.05930508 -0.1175875 0.130924
0.0907015 -0.1528915 -0.003515993 41887793 0.05930508 -0.1175875 0.130924
0.09428521 -0.1504994 -0.003636115 41997896 0.06211925 -0.1156871 0.1307503
0.09762689 -0.1481356 -0.003699667 42097999 0.06472215 -0.1135776 0.1305734
0.09762689 -0.1481356 -0.003699667 42218095 0.06472215 -0.1135776 0.1305734
0.1009323 -0.1456244 -0.003747417 42328219 0.06727642 -0.1112254 0.1303802
0.1041919 -0.1431267 -0.003802081 42438711 0.06987324 -0.1088953 0.1302005
0.1041919 -0.1431267 -0.003802081 42548393 0.06987324 -0.1088953 0.1302005
0.1071524 -0.1401949 -0.003894181 42658493 0.07233731 -0.1065447 0.1301275
0.1100699 -0.137293 -0.00396672 42778613 0.07469457 -0.1041403 0.1300322
0.1100699 -0.137293 -0.00396672 42888700 0.07469457 -0.1041403 0.1300322
0.1130533 -0.1343545 -0.004038642 42988791 0.07703798 -0.1016744 0.1299059
0.1158618 -0.131439 -0.00409873 43128925 0.07925672 -0.09908151 0.1297643
0.1158618 -0.131439 -0.00409873 43219007 0.07925672 -0.09908151 0.1297643
0.1186271 -0.1284451 -0.004143007 43329098 0.08147531 -0.096471 0.1296615
0.1211557 -0.1253024 -0.004180545 43439201 0.08355134 -0.09391802 0.1296371
0.1211557 -0.1253024 -0.004180545 43549297 0.08355134 -0.09391802 0.1296371
0.1236836 -0.1220647 -0.004235075 43669421 0.08552411 -0.09133481 0.1295774
0.1260217 -0.1189094 -0.004249342 43769499 0.08730757 -0.08854316 0.1294867
0.1260217 -0.1189094 -0.004249342 43909626 0.08730757 -0.08854316 0.1294867
0.1283631 -0.1156322 -0.004273276 43999711 0.08905979 -0.08573222 0.129396
0.1303225 -0.1123476 -0.004280563 44109810 0.09066314 -0.08293046 0.1293906
0.1303225 -0.1123476 -0.004280563 44219910 0.09066314 -0.08293046 0.1293906
0.1323735 -0.1087655 -0.004302874 44330001 0.0923111 -0.08042144 0.12948
0.134225 -0.1053022 -0.004380897 44440100 0.0938916 -0.07806861 0.1295511
0.134225 -0.1053022 -0.004380897 44560213 0.0938916 -0.07806861 0.1295511
0.1358729 -0.1022388 -0.004416381 44670312 0.09531539 -0.07562027 0.1295716
0.1375368 -0.09906653 -0.004425385 44780424 0.09659732 -0.07311142 0.1295766
0.1375368 -0.09906653 -0.004425385 44890507 0.09659732 -0.07311142 0.1295766
0.1390568 -0.09645219 -0.004404537 45000606 0.09780083 -0.07077683 0.1295543
0.140606 -0.09366047 -0.004434227 45120739 0.09899734 -0.06841287 0.1294968
0.140606 -0.09366047 -0.004434227 45240827 0.09899734 -0.06841287 0.1294968
0.141831 -0.09102242 -0.00447353 45340917 0.1001431 -0.06623182 0.1295182
0.1429563 -0.08829805 -0.004503667 45451013 0.101256 -0.06412242 0.1295965
0.1429563 -0.08829805 -0.004503667 45561112 0.101256 -0.06412242 0.1295965
0.1440557 -0.08537131 -0.004557902 45671220 0.1022773 -0.06196051 0.1296536
0.1449968 -0.08266632 -0.004616702 45811350 0.1031566 -0.05983933 0.1296761
0.1449968 -0.08266632 -0.004616702 45901419 0.1031566 -0.05983933 0.1296761
0.1458988 -0.08001807 -0.004650382 46011523 0.1039244 -0.05754996 0.1296611
0.1469464 -0.0771596 -0.004677692 46121626 0.1046898 -0.05505793 0.1296061
0.1469464 -0.0771596 -0.004677692 46231737 0.1046898 -0.05505793 0.1296061
0.1479232 -0.07436747 -0.004693661 46341837 0.1055018 -0.05268236 0.129606
0.1485346 -0.07118262 -0.004797746 46451920 0.1062795 -0.05038089 0.129694
0.1485346 -0.07118262 -0.004797746 46582037 0.1062795 -0.05038089 0.129694
0.1494045 -0.06718411 -0.004977603 46682124 0.1069937 -0.04809944 0.1297196
0.1501915 -0.06411699 -0.005017878 46792219 0.1077167 -0.0454866 0.1297228
0.1501915 -0.06411699 -0.005017878 46902330 0.1077167 -0.0454866 0.1297228
0.1511141 -0.06124092 -0.005034145 47012426 0.1084951 -0.04274967 0.1296801
0.151833 -0.05809531 -0.005115322 47122541 0.1092326 -0.04005595 0.1296661
0.151833 -0.05809531 -0.005115322 47242629 0.1092326 -0.04005595 0.1296661
0.1524594 -0.05485811 -0.005158058 47352741 0.1100301 -0.03744991 0.1297602
0.1533591 -0.05152025 -0.005194105 47462840 0.1109301 -0.03489287 0.1298227
0.1533591 -0.05152025 -0.005194105 47572936 0.1109301 -0.03489287 0.1298227
0.1542123 -0.04843548 -0.005201545 47703053 0.11179 -0.03234627 0.1298826
0.1548545 -0.04529579 -0.005186919 47793138 0.1124947 -0.02973279 0.1299785
0.1548545 -0.04529579 -0.005186919 47913239 0.1124947 -0.02973279 0.1299785
0.1553662 -0.04215879 -0.005203984 48023350 0.1130218 -0.0270215 0.1300145
0.1559286 -0.03897095 -0.00517061 48133433 0.1135667 -0.02430203 0.1300941
0.1559286 -0.03897095 -0.00517061 48243533 0.1135667 -0.02430203 0.1300941
0.1564312 -0.03566931 -0.005144479 48353644 0.1141757 -0.02174811 0.1302324
0.156901 -0.03236679 -0.005093563 48463748 0.1147536 -0.01927689 0.1303999
0.156901 -0.03236679 -0.005093563 48573847 0.1147536 -0.01927689 0.1303999
0.1571938 -0.02929841 -0.005066067 48683950 0.1151599 -0.0166849 0.1305078
0.1575772 -0.02620823 -0.00505874 48814044 0.1155072 -0.0141338 0.130553
0.1575772 -0.02620823 -0.00505874 48914138 0.1155072 -0.0141338 0.130553
0.1577356 -0.02317154 -0.005021123 49024237 0.1158269 -0.01164019 0.1306879
0.1577498 -0.02011111 -0.004992193 49134337 0.1161558 -0.009201491 0.1308649
0.1577498 -0.02011111 -0.004992193 49254445 0.1161558 -0.009201491 0.1308649
0.1577791 -0.01671154 -0.004998054 49364565 0.1163814 -0.00689017 0.131002
0.1574425 -0.01362406 -0.005021438 49474648 0.1164007 -0.004559254 0.1311389
0.1570451 -0.01099044 -0.005033941 49594756 0.1162651 -0.002219768 0.1312243
0.1570451 -0.01099044 -0.005033941 49694846 0.1162651 -0.002219768 0.1312243
0.1568506 -0.008312836 -0.005047501 49804942 0.1161764 5.617248E-06 0.1312707
0.1568506 -0.008312836 -0.005047501 49915049 0.1161764 5.617248E-06 0.1312707
0.1562932 -0.005548229 -0.005096962 50035166 0.1159995 0.001891971 0.1313849
0.1559122 -0.002886633 -0.005180412 50145249 0.1158858 0.003750259 0.1314215
0.1559122 -0.002886633 -0.005180412 50255352 0.1158858 0.003750259 0.1314215
0.1555841 -0.0006880679 -0.005206538 50365460 0.1157582 0.005551663 0.1314727
0.1552478 0.00171158 -0.005298144 50475555 0.1156828 0.007195362 0.1314892
0.1552478 0.00171158 -0.005298144 50585646 0.1156828 0.007195362 0.1314892
0.1551155 0.003971941 -0.005344568 50705763 0.1156272 0.008621365 0.1314958
0.154854 0.005982785 -0.005397322 50815858 0.1155579 0.01015297 0.1315138
0.1549972 0.007504411 -0.005390566 50925957 0.1155832 0.01161319 0.1314885
0.1549972 0.007504411 -0.005390566 51036061 0.1155832 0.01161319 0.1314885
0.1548997 0.009093848 -0.005439892 51156185 0.1156756 0.012915 0.1315021
0.1546889 0.01040519 -0.005483807 51256697 0.1158271 0.01402985 0.1315668
0.1546889 0.01040519 -0.005483807 51366367 0.1158271 0.01402985 0.1315668
0.1548212 0.01138923 -0.005468653 51486467 0.1160518 0.01512796 0.131605
0.1548212 0.01138923 -0.005468653 51596559 0.1160518 0.01512796 0.131605
0.1550281 0.01098218 -0.005318033 51706662 0.116392 0.0166721 0.1317262
0.1552381 0.01182944 -0.005337982 51816757 0.1165197 0.01709498 0.1316999
0.1549737 0.01166704 -0.005324445 51926873 0.1167851 0.01757017 0.1318361
0.1549737 0.01166704 -0.005324445 52046981 0.1167851 0.01757017 0.1318361
0.155249 0.01176101 -0.0052742 52157068 0.1169098 0.01759793 0.1318472
0.1553299 0.01164142 -0.005279735 52267164 0.1170802 0.01721183 0.1318777
0.1553299 0.01164142 -0.005279735 52377275 0.1170802 0.01721183 0.1318777
0.1549671 0.01178153 -0.005396124 52487371 0.1171904 0.01636609 0.1319288
0.1548981 0.01195076 -0.005468678 52597466 0.1173319 0.0152563 0.1319507
0.1548981 0.01195076 -0.005468678 52707565 0.1173319 0.0152563 0.1319507
0.1547119 0.01186517 -0.005499626 52827690 0.1173412 0.01424937 0.1319921
0.1543351 0.01149214 -0.005491892 52937777 0.1173683 0.01365673 0.1321127
0.1543351 0.01149214 -0.005491892 53047885 0.1173683 0.01365673 0.1321127
0.1541496 0.01104613 -0.005451411 53168001 0.1173766 0.0132221 0.1322049
0.153969 0.01075527 -0.005451695 53268075 0.1173179 0.01282245 0.1322388
0.153969 0.01075527 -0.005451695 53398201 0.1173179 0.01282245 0.1322388
0.1537807 0.0106584 -0.005443656 53498279 0.1173087 0.01277352 0.1322936
0.1537409 0.01068756 -0.005437239 53608382 0.1173259 0.01295295 0.1323127
0.1537409 0.01068756 -0.005437239 53708473 0.1173259 0.01295295 0.1323127
0.1538979 0.01067672 -0.005398076 53828577 0.1174765 0.0135006 0.1323399
0.1539056 0.01070693 -0.005351608 53938688 0.1176061 0.01433631 0.1323996
0.1539056 0.01070693 -0.005351608 54048772 0.1176061 0.01433631 0.1323996
0.1539602 0.01074937 -0.005344892 54168888 0.1176777 0.01561732 0.1323726
0.1541488 0.01055535 -0.005269314 54278991 0.1176425 0.01696047 0.1323261
0.1541488 0.01055535 -0.005269314 54389079 0.1176425 0.01696047 0.1323261
0.1542521 0.01054021 -0.005190493 54499194 0.117499 0.01828042 0.1322705
0.1544336 0.01035915 -0.005115747 54609290 0.1174196 0.01936824 0.1321979
0.1544336 0.01035915 -0.005115747 54719377 0.1174196 0.01936824 0.1321979
0.1543992 0.01035183 -0.005109739 54829480 0.1173653 0.02017456 0.1321427
0.1545716 0.01022294 -0.005091284 54949601 0.1174067 0.02069034 0.1320781
0.1545716 0.01022294 -0.005091284 55059688 0.1174067 0.02069034 0.1320781
0.1546009 0.0101886 -0.005111858 55169799 0.1174398 0.02099703 0.1320321
0.1545861 0.01023786 -0.005134598 55299913 0.1174358 0.02113044 0.1320056
