0.2980017 -0.006111661 -0.006150038 0 0.254077 0.01764054 0.1273142
0.2980017 -0.006111661 -0.006150038 110100 0.254077 0.01764054 0.1273142
0.297976 -0.006138647 -0.006152755 240225 0.2541005 0.01768128 0.1273156
0.2979794 -0.006134722 -0.006147012 330307 0.2541524 0.01769115 0.1273362
0.2979794 -0.006134722 -0.006147012 440410 0.2541524 0.01769115 0.1273362
0.2979762 -0.006152288 -0.006152113 550493 0.2541746 0.01764708 0.1273441
0.2979683 -0.006144574 -0.006161433 670606 0.254201 0.01762471 0.1273514
0.2979683 -0.006144574 -0.006161433 780701 0.254201 0.01762471 0.1273514
0.2979333 -0.006173926 -0.00618484 900817 0.2542416 0.01760549 0.127351
0.2979295 -0.006167083 -0.006196773 1000908 0.254273 0.0175765 0.1273569
0.2979295 -0.006167083 -0.006196773 1111007 0.254273 0.0175765 0.1273569
0.2978943 -0.006199774 -0.00623417 1231119 0.2542459 0.01751396 0.1273275
0.2979253 -0.006193051 -0.006237383 1331198 0.2541617 0.01747157 0.1272953
0.2979253 -0.006193051 -0.006237383 1451310 0.2541617 0.01747157 0.1272953
0.2979747 -0.006196996 -0.006252593 1561405 0.2539621 0.01741669 0.1272072
0.2980316 -0.006178363 -0.006238325 1671509 0.2534124 0.01726505 0.12705
0.2980316 -0.006178363 -0.006238325 1811639 0.2534124 0.01726505 0.12705
0.2978846 -0.006361481 -0.006330819 1891703 0.2526702 0.01701851 0.1267679
0.2976174 -0.006228844 -0.006461605 2001803 0.2515415 0.01685863 0.1263925
0.2976174 -0.006228844 -0.006461605 2121915 0.2515415 0.01685863 0.1263925
0.2977133 -0.006041291 -0.006420683 2232015 0.2502241 0.01657943 0.1260154
0.2964464 -0.006162385 -0.006444805 2342126 0.2489275 0.01601388 0.1260558
0.2964464 -0.006162385 -0.006444805 2452213 0.2489275 0.01601388 0.1260558
0.2948437 -0.006332696 -0.00644078 2582347 0.2472205 0.01559926 0.126063
0.2928397 -0.006649926 -0.006512725 2672412 0.2451538 0.01532345 0.1259617
0.2928397 -0.006649926 -0.006512725 2792516 0.2451538 0.01532345 0.1259617
0.29017 -0.006595861 -0.006535906 2902628 0.2423822 0.01519737 0.1259315
0.2874231 -0.006281101 -0.006322088 3012719 0.238765 0.01513832 0.1258892
0.2874231 -0.006281101 -0.006322088 3122823 0.238765 0.01513832 0.1258892
0.2836264 -0.006261043 -0.006277429 3232914 0.2343973 0.01513766 0.1257257
0.2788472 -0.006199662 -0.006393609 3373061 0.2295808 0.01522183 0.1255919
0.2788472 -0.006199662 -0.006393609 3463130 0.2295808 0.01522183 0.1255919
0.2734506 -0.006111185 -0.006406274 3573237 0.2240859 0.01514263 0.1255696
0.2673602 -0.005964095 -0.006372391 3683336 0.2181541 0.01524575 0.1256698
0.2673602 -0.005964095 -0.006372391 3803437 0.2181541 0.01524575 0.1256698
0.2606597 -0.005937836 -0.006387545 3903527 0.211646 0.01536238 0.1257116
0.2536599 -0.005942718 -0.006397526 4013622 0.2045019 0.01549495 0.1256257
0.2536599 -0.005942718 -0.006397526 4153753 0.2045019 0.01549495 0.1256257
0.2464711 -0.005608381 -0.006424365 4233817 0.1968334 0.01561332 0.1254543
0.2389013 -0.005342586 -0.006460982 4354108 0.1889108 0.01575973 0.1253035
0.2389013 -0.005342586 -0.006460982 4464029 0.1889108 0.01575973 0.1253035
0.2309045 -0.005137659 -0.006445484 4574128 0.1811052 0.01607625 0.1253734
0.222269 -0.004934737 -0.006412155 4684232 0.1732304 0.01650703 0.1256549
0.222269 -0.004934737 -0.006412155 4794331 0.1732304 0.01650703 0.1256549
0.2136458 -0.005064847 -0.006095153 4934449 0.164982 0.01689302 0.1260257
0.2046975 -0.004763241 -0.00612188 5024547 0.1562478 0.01708204 0.1260963
0.2046975 -0.004763241 -0.00612188 5134638 0.1562478 0.01708204 0.1260963
0.1952702 -0.004512464 -0.006207928 5244733 0.1469125 0.01692534 0.1261107
0.1856262 -0.004134863 -0.006243457 5364850 0.1375924 0.01696297 0.1262476
0.1856262 -0.004134863 -0.006243457 5474941 0.1375924 0.01696297 0.1262476
0.1753772 -0.003901056 -0.006378021 5585049 0.1283431 0.01716359 0.1264765
0.1650217 -0.003327667 -0.006368811 5695132 0.1189401 0.01753588 0.1268507
0.1650217 -0.003327667 -0.006368811 5805239 0.1189401 0.01753588 0.1268507
0.1546904 -0.002897248 -0.006272314 5915343 0.109576 0.01795526 0.1272796
0.1442585 -0.002743175 -0.006254067 6025430 0.1001824 0.01818145 0.1276328
0.1442585 -0.002743175 -0.006254067 6145546 0.1001824 0.01818145 0.1276328
0.1340758 -0.002414983 -0.006250646 6255650 0.09084619 0.01818323 0.1279625
0.1241862 -0.001793744 -0.006190681 6365741 0.08163705 0.01798661 0.1283625
0.1241862 -0.001793744 -0.006190681 6475844 0.08163705 0.01798661 0.1283625
0.1137716 -0.001652315 -0.00622533 6585940 0.07242773 0.01807319 0.1287111
0.1038536 -0.0018172 -0.00616863 6696039 0.06325746 0.01806453 0.1289717
0.1038536 -0.0018172 -0.00616863 6836174 0.06325746 0.01806453 0.1289717
0.09402657 -0.002082308 -0.006164419 6916246 0.05429023 0.01814849 0.1291795
0.08459045 -0.002291734 -0.006180165 7026345 0.04558123 0.01822058 0.1293328
0.08459045 -0.002291734 -0.006180165 7146446 0.04558123 0.01822058 0.1293328
0.07547222 -0.00249842 -0.006215085 7266566 0.03703832 0.01820764 0.1294327
0.06655855 -0.003140315 -0.006070538 7366660 0.02850565 0.01799831 0.129618
0.06655855 -0.003140315 -0.006070538 7476744 0.02850565 0.01799831 0.129618
0.05776954 -0.003257964 -0.006058206 7616886 0.02024301 0.01797795 0.1297617
0.04887736 -0.003342528 -0.006075404 7706963 0.01213612 0.01783366 0.1299683
0.04887736 -0.003342528 -0.006075404 7817067 0.01213612 0.01783366 0.1299683
0.04027707 -0.003346123 -0.006035444 7927158 0.004322969 0.01775366 0.1302303
0.03212176 -0.003259587 -0.005979519 8037266 -0.003039487 0.01784349 0.1304924
0.03212176 -0.003259587 -0.005979519 8147369 -0.003039487 0.01784349 0.1304924
0.02402591 -0.003074134 -0.00592778 8267461 -0.01017174 0.0180866 0.1307799
0.01623242 -0.002760002 -0.005927857 8387570 -0.01710272 0.01836675 0.1309979
0.008463205 -0.002265605 -0.005939183 8487660 -0.02422416 0.01854338 0.1311913
0.008463205 -0.002265605 -0.005939183 8597759 -0.02422416 0.01854338 0.1311913
0.0004082721 -0.001852047 -0.005934462 8707859 -0.03167776 0.01863081 0.131387
0.0004082721 -0.001852047 -0.005934462 8817954 -0.03167776 0.01863081 0.131387
-0.007276796 -0.001712778 -0.005947988 8928057 -0.03883009 0.01862668 0.1315181
-0.01519221 -0.002002462 -0.005971541 9048162 -0.04596357 0.01852556 0.1316437
-0.01519221 -0.002002462 -0.005971541 9158277 -0.04596357 0.01852556 0.1316437
-0.02327138 -0.00221503 -0.005974072 9268826 -0.05317149 0.01843951 0.1318142
-0.03096159 -0.002476698 -0.005959397 9378468 -0.06013479 0.01825599 0.1319729
-0.03096159 -0.002476698 -0.005959397 9488563 -0.06013479 0.01825599 0.1319729
-0.03853703 -0.002673737 -0.006019369 9598675 -0.06686524 0.01807932 0.1320859
-0.04611539 -0.002948042 -0.006018931 9708758 -0.07351962 0.01792192 0.132255
-0.04611539 -0.002948042 -0.006018931 9828882 -0.07351962 0.01792192 0.132255
-0.05371941 -0.003329168 -0.00595351 9958984 -0.07998502 0.01777031 0.1325065
-0.06128744 -0.003801111 -0.005910509 10049077 -0.08622875 0.01759337 0.1327489
-0.06832056 -0.004020446 -0.005828699 10159197 -0.09212223 0.0174719 0.1330158
-0.06832056 -0.004020446 -0.005828699 10279281 -0.09212223 0.0174719 0.1330158
-0.07419135 -0.003189292 -0.005817521 10389380 -0.09765388 0.01775917 0.1331678
-0.08085775 -0.00303832 -0.005796901 10489462 -0.1034222 0.01789283 0.1333396
-0.08085775 -0.00303832 -0.005796901 10599570 -0.1034222 0.01789283 0.1333396
-0.08702871 -0.003038957 -0.005781032 10739704 -0.1088445 0.01788906 0.1334753
-0.092968 -0.002943644 -0.005783119 10829769 -0.1139393 0.01792576 0.1336117
-0.092968 -0.002943644 -0.005783119 10939877 -0.1139393 0.01792576 0.1336117
-0.09900338 -0.003043721 -0.005684378 11059985 -0.1189917 0.01793114 0.133839
-0.1045126 -0.002950665 -0.005667386 11170081 -0.1236853 0.01806351 0.1339644
-0.1045126 -0.002950665 -0.005667386 11280188 -0.1236853 0.01806351 0.1339644
-0.109967 -0.002715131 -0.005599186 11390275 -0.1284867 0.0181286 0.1341463
-0.1146559 -0.002692943 -0.005559382 11500407 -0.1327849 0.01816249 0.1342356
-0.1146559 -0.002692943 -0.005559382 11620487 -0.1327849 0.01816249 0.1342356
-0.11999 -0.002412159 -0.005539688 11730736 -0.1372785 0.01823747 0.1343922
-0.1248768 -0.002160148 -0.005556612 11830673 -0.141339 0.01833058 0.1344982
-0.1248768 -0.002160148 -0.005556612 11950797 -0.141339 0.01833058 0.1344982
-0.1296065 -0.001924123 -0.00552197 12060880 -0.1452275 0.01846165 0.1346445
-0.1344076 -0.001758298 -0.005463396 12171130 -0.1491243 0.01852261 0.1348161
-0.1344076 -0.001758298 -0.005463396 12291092 -0.1491243 0.01852261 0.1348161
-0.1390046 -0.001562955 -0.005414241 12391195 -0.153163 0.0184236 0.134965
-0.1440447 -0.00139248 -0.005421502 12501290 -0.157319 0.0184538 0.1350639
-0.1440447 -0.00139248 -0.005421502 12651417 -0.157319 0.0184538 0.1350639
-0.1490542 -0.001450454 -0.005358185 12731486 -0.1613274 0.01844565 0.1352112
-0.1539662 -0.001388331 -0.005311137 12841605 -0.1651163 0.01850612 0.135352
-0.1539662 -0.001388331 -0.005311137 12951688 -0.1651163 0.01850612 0.135352
-0.1590699 -0.001332091 -0.005213711 13071793 -0.1690077 0.0186016 0.1355347
-0.1641289 -0.001124136 -0.005176333 13171887 -0.1730289 0.01865571 0.1356632
-0.1641289 -0.001124136 -0.005176333 13281995 -0.1730289 0.01865571 0.1356632
-0.168899 -0.0008378762 -0.005169418 13422145 -0.1771609 0.01875411 0.1357352
-0.1742255 -0.0006167123 -0.00514634 13512198 -0.181207 0.01890893 0.1358368
-0.1742255 -0.0006167123 -0.00514634 13622294 -0.181207 0.01890893 0.1358368
-0.179155 -0.0004844296 -0.005115274 13732405 -0.1850363 0.01905987 0.1359154
-0.1838328 -0.0003752393 -0.005109685 13852501 -0.1886902 0.01915571 0.1359618
-0.1838328 -0.0003752393 -0.005109685 13962609 -0.1886902 0.01915571 0.1359618
-0.1888452 -0.0003282093 -0.005050127 14072696 -0.1924952 0.01913134 0.1360677
-0.1936544 -0.0003016738 -0.005010826 14202830 -0.196137 0.01905564 0.1361464
-0.1936544 -0.0003016738 -0.005010826 14292899 -0.196137 0.01905564 0.1361464
-0.1984068 -0.0004205647 -0.004972232 14413011 -0.1997356 0.01900504 0.1361912
-0.202817 -0.0003900148 -0.004786718 14513101 -0.2031933 0.01896591 0.1363921
-0.202817 -0.0003900148 -0.004786718 14633206 -0.2031933 0.01896591 0.1363921
-0.2075302 -0.0006034999 -0.004712576 14733300 -0.2063879 0.01891446 0.1364398
-0.2122174 -0.0005837081 -0.00467273 14853405 -0.2095544 0.01881046 0.1364762
-0.2122174 -0.0005837081 -0.00467273 14973513 -0.2095544 0.01881046 0.1364762
-0.216375 -0.0006091475 -0.004522868 15073603 -0.2126593 0.01860672 0.1366266
-0.2203128 -0.0004822357 -0.004489836 15183719 -0.2157428 0.01837986 0.1366823
-0.2203128 -0.0004822357 -0.004489836 15303823 -0.2157428 0.01837986 0.1366823
-0.2243249 -0.0003637522 -0.004412579 15413910 -0.2186934 0.01822199 0.1367579
-0.228417 -0.0005152241 -0.004358219 15524006 -0.2215773 0.01805683 0.1367606
-0.228417 -0.0005152241 -0.004358219 15634113 -0.2215773 0.01805683 0.1367606
-0.2325345 -0.0007486566 -0.004344962 15764231 -0.2244913 0.01783267 0.1367092
-0.2377166 -0.001078833 -0.004278482 15864329 -0.2278492 0.01742318 0.1366702
-0.2377166 -0.001078833 -0.004278482 15974416 -0.2278492 0.01742318 0.1366702
-0.2414983 -0.001158261 -0.004192286 16084528 -0.2305872 0.01719132 0.1366994
-0.2450416 -0.001140584 -0.004098981 16194627 -0.233084 0.01699385 0.1367356
-0.2450416 -0.001140584 -0.004098981 16304718 -0.233084 0.01699385 0.1367356
-0.2482813 -0.001319213 -0.004045026 16414805 -0.2353777 0.01673192 0.1367168
-0.2514881 -0.001199848 -0.003982303 16524917 -0.2377095 0.01662688 0.1367252
-0.2514881 -0.001199848 -0.003982303 16645013 -0.2377095 0.01662688 0.1367252
-0.2544822 -0.001048597 -0.003901861 16745124 -0.2398697 0.01658602 0.1367457
-0.2570709 -0.001285366 -0.003866802 16855211 -0.241743 0.01635259 0.1367042
-0.2570709 -0.001285366 -0.003866802 16975319 -0.241743 0.01635259 0.1367042
-0.2594413 -0.001662348 -0.003831349 17085423 -0.2435298 0.01614452 0.1366534
-0.2618704 -0.001421609 -0.003742639 17195518 -0.2451863 0.01618752 0.1366774
-0.2618704 -0.001421609 -0.003742639 17305613 -0.2451863 0.01618752 0.1366774
-0.2638569 -0.001746251 -0.00373579 17425718 -0.2467188 0.01593032 0.1366211
-0.2646961 -0.0007803975 -0.00369065 17525820 -0.2476724 0.01637959 0.1367443
-0.2646961 -0.0007803975 -0.00369065 17645921 -0.2476724 0.01637959 0.1367443
-0.266527 -0.000995214 -0.003730137 17756020 -0.2490641 0.01611375 0.1366571
-0.2684985 -0.00131815 -0.003696202 17866119 -0.250473 0.01583279 0.1366147
-0.2684985 -0.00131815 -0.003696202 17976219 -0.250473 0.01583279 0.1366147
-0.2703581 -0.0009948651 -0.003659002 18096339 -0.2517554 0.01592772 0.1366043
-0.2721086 -0.001300883 -0.003664155 18196434 -0.2530296 0.01562767 0.1365345
-0.2721086 -0.001300883 -0.003664155 18306525 -0.2530296 0.01562767 0.1365345
-0.2735386 -0.001420704 -0.003653455 18446639 -0.2541119 0.01534994 0.1365164
-0.2749666 -0.001068878 -0.003588981 18536737 -0.2551021 0.0153464 0.1365616
-0.2749666 -0.001068878 -0.003588981 18646836 -0.2551021 0.0153464 0.1365616
-0.2764907 -0.001161003 -0.003548649 18756923 -0.2560587 0.01513381 0.1365343
-0.2775219 -0.001235056 -0.003552858 18887045 -0.2567673 0.01494693 0.1364958
-0.2775219 -0.001235056 -0.003552858 18987139 -0.2567673 0.01494693 0.1364958
-0.2786025 -0.00121727 -0.00354246 19097234 -0.2574974 0.01475554 0.1364778
-0.2803516 -0.001065445 -0.003394079 19207338 -0.2582272 0.01454153 0.13651
-0.2803516 -0.001065445 -0.003394079 19317433 -0.2582272 0.01454153 0.13651
-0.2816473 -0.0008793437 -0.003352 19427532 -0.2591316 0.01447859 0.1365173
-0.2827103 -0.0007584289 -0.003335711 19547649 -0.2598944 0.01447043 0.136499
-0.2827103 -0.0007584289 -0.003335711 19657740 -0.2598944 0.01447043 0.136499
-0.28396 -0.0006871013 -0.003293815 19767844 -0.2605968 0.01447154 0.1364581
-0.2854005 -0.000677133 -0.003229035 19878150 -0.2614623 0.01441488 0.1364328
-0.2864906 -0.0006994937 -0.003260715 20008060 -0.2623892 0.01433696 0.1363791
-0.2864906 -0.0006994937 -0.003260715 20098133 -0.2623892 0.01433696 0.1363791
-0.2870117 -0.000555848 -0.003378133 20208249 -0.2632916 0.01412151 0.1363651
-0.2880089 -0.0004760645 -0.003406743 20318332 -0.2641017 0.01418607 0.1363062
-0.2880089 -0.0004760645 -0.003406743 20458463 -0.2641017 0.01418607 0.1363062
-0.289298 -0.0004462774 -0.003347223 20548540 -0.2648801 0.0141942 0.1362796
-0.2903247 -0.0003278291 -0.003294016 20658935 -0.2655306 0.01422141 0.1362761
-0.2903247 -0.0003278291 -0.003294016 20768763 -0.2655306 0.01422141 0.1362761
-0.2911361 -0.0003020654 -0.00329087 20888855 -0.2661118 0.01419808 0.1362432
-0.2919056 -0.0002832433 -0.00327746 20998955 -0.2667538 0.01416923 0.1362387
-0.2919056 -0.0002832433 -0.00327746 21109062 -0.2667538 0.01416923 0.1362387
-0.2926264 -0.0002474289 -0.003258135 21219141 -0.2672659 0.01413639 0.1362273
-0.2932983 -0.0003269523 -0.003233548 21329253 -0.2678047 0.01401046 0.1362324
-0.2932983 -0.0003269523 -0.003233548 21439348 -0.2678047 0.01401046 0.1362324
-0.2936666 -0.0003981699 -0.00323296 21559460 -0.268183 0.01385317 0.1362436
-0.2934749 -0.0004627255 -0.003327466 21659543 -0.2684797 0.01371037 0.1362454
-0.2934749 -0.0004627255 -0.003327466 21779659 -0.2684797 0.01371037 0.1362454
-0.2935787 -0.0004400816 -0.003327342 21889758 -0.2684599 0.01365785 0.136231
-0.2937308 -0.0003677159 -0.003325663 22009859 -0.2683398 0.01369593 0.1361869
-0.2937308 -0.0003677159 -0.003325663 22109949 -0.2683398 0.01369593 0.1361869
-0.2937099 -0.0003880178 -0.003359942 22220056 -0.2682033 0.01366183 0.1361329
-0.2937525 -0.0003167569 -0.00336551 22340161 -0.2682346 0.01357472 0.1361411
-0.2937525 -0.0003167569 -0.00336551 22450264 -0.2682346 0.01357472 0.1361411
-0.2937455 -0.0002932844 -0.003425969 22560360 -0.2683683 0.0135369 0.1361124
-0.2936034 -0.0003116472 -0.003483467 22670637 -0.2684623 0.01352152 0.1360973
-0.2936034 -0.0003116472 -0.003483467 22780562 -0.2684623 0.01352152 0.1360973
-0.2934826 -0.0003112176 -0.003550358 22890658 -0.2685277 0.01346074 0.1360699
-0.2935368 -0.000220149 -0.003558082 23000753 -0.2685861 0.01331823 0.1360858
-0.2935368 -0.000220149 -0.003558082 23120873 -0.2685861 0.01331823 0.1360858
-0.2935102 -0.0002656684 -0.003566234 23230965 -0.268654 0.01312587 0.1361086
-0.2935478 -0.0002678599 -0.003562731 23341068 -0.268794 0.01279014 0.1361619
-0.2935478 -0.0002678599 -0.003562731 23451163 -0.268794 0.01279014 0.1361619
-0.2936556 -0.000314918 -0.003524229 23561259 -0.2689974 0.01235449 0.1362531
-0.2936482 -0.000363012 -0.003528795 23681379 -0.2692382 0.01186976 0.1363309
-0.2936482 -0.000363012 -0.003528795 23791466 -0.2692382 0.01186976 0.1363309
-0.2937045 -0.0001566299 -0.003561806 23901570 -0.26976 0.0113724 0.1364381
-0.2936526 -0.00011297 -0.003628612 24011669 -0.2703905 0.01073547 0.1365407
-0.2936526 -0.00011297 -0.003628612 24121773 -0.2703905 0.01073547 0.1365407
-0.2937727 -0.0001774573 -0.003659624 24231864 -0.2711377 0.01009552 0.1366556
-0.2937218 -0.0004997233 -0.003730988 24341959 -0.2716067 0.009361465 0.1366967
-0.2937218 -0.0004997233 -0.003730988 24452063 -0.2716067 0.009361465 0.1366967
-0.2940595 -0.0007292063 -0.003650357 24572187 -0.2720809 0.00850655 0.1368412
-0.2942472 -0.001035548 -0.003635432 24682270 -0.2728373 0.007487968 0.1369889
-0.2942472 -0.001035548 -0.003635432 24812388 -0.2728373 0.007487968 0.1369889
-0.2942543 -0.0008221945 -0.003734955 24902473 -0.2736052 0.006747812 0.1370576
-0.2942801 0.0005892293 -0.003859794 25012568 -0.2744943 0.006333135 0.1371429
-0.2942801 0.0005892293 -0.003859794 25122668 -0.2744943 0.006333135 0.1371429
-0.2943285 0.001185123 -0.003944206 25242784 -0.2756245 0.005621432 0.1372533
-0.2944455 0.001204018 -0.003918808 25342866 -0.2763927 0.004868524 0.1373855
-0.2944455 0.001204018 -0.003918808 25462979 -0.2763927 0.004868524 0.1373855
-0.2945271 0.001212075 -0.003913565 25573078 -0.2766363 0.00472051 0.1374153
-0.294202 0.001120177 -0.00395373 25683190 -0.2762701 0.00492328 0.1373623
-0.294202 0.001120177 -0.00395373 25803302 -0.2762701 0.00492328 0.1373623
-0.2942801 0.000751244 -0.003903298 25913389 -0.2753664 0.005374171 0.1372602
-0.2943428 4.069285E-05 -0.003828683 26023533 -0.2743728 0.005833132 0.137146
-0.2943428 4.069285E-05 -0.003828683 26133584 -0.2743728 0.005833132 0.137146
-0.2942151 -0.0006248032 -0.003830982 26243692 -0.2735981 0.005987995 0.1370145
-0.2941391 -0.0006667998 -0.003819443 26373813 -0.2730463 0.006021729 0.136952
-0.2941391 -0.0006667998 -0.003819443 26463886 -0.2730463 0.006021729 0.136952
-0.2941566 -0.0009330818 -0.003739539 26583999 -0.2724383 0.006091878 0.1369203
-0.2941375 -0.001011854 -0.003757989 26684085 -0.271944 0.006414627 0.1368071
-0.2941375 -0.001011854 -0.003757989 26804193 -0.271944 0.006414627 0.1368071
-0.2942652 -0.0009680637 -0.003749678 26914301 -0.2714982 0.00672388 0.1367093
-0.2940706 -0.000820879 -0.003794336 27024400 -0.2710141 0.006964317 0.1366123
-0.2940706 -0.000820879 -0.003794336 27144500 -0.2710141 0.006964317 0.1366123
-0.2940806 -0.0007374609 -0.003820265 27244587 -0.2705667 0.007237053 0.1364999
-0.2941511 -0.0007513953 -0.003829178 27354686 -0.2700999 0.007544661 0.1363812
-0.2942339 -0.0006304951 -0.003786564 27494813 -0.2698175 0.007682288 0.1363597
-0.2942339 -0.0006304951 -0.003786564 27584906 -0.2698175 0.007682288 0.1363597
