0.3067187 -0.00839931 -0.007853225 0 0.2472223 -0.03602495 0.1186507
0.3067187 -0.00839931 -0.007853225 120113 0.2472223 -0.03602495 0.1186507
0.3067514 -0.008283358 -0.00786598 220207 0.2473353 -0.03611508 0.1186305
0.3066998 -0.008278965 -0.007892719 340311 0.2474715 -0.03639543 0.1186289
0.3066998 -0.008278965 -0.007892719 450407 0.2474715 -0.03639543 0.1186289
0.3066391 -0.00813397 -0.007951477 560514 0.2476411 -0.03670669 0.1185755
0.3068373 -0.008540963 -0.0080038 700641 0.247865 -0.03720543 0.1185144
0.3068373 -0.008540963 -0.0080038 780713 0.247865 -0.03720543 0.1185144
0.3067745 -0.008407705 -0.008007357 890816 0.2479619 -0.03751995 0.118483
0.3060113 -0.008598394 -0.008074092 1000916 0.2479795 -0.03803613 0.1187012
0.3060113 -0.008598394 -0.008074092 1121024 0.2479795 -0.03803613 0.1187012
0.3062344 -0.008448063 -0.008024141 1231119 0.2480066 -0.03844509 0.1185299
0.3060175 -0.008364091 -0.008065281 1341231 0.2478653 -0.03888086 0.1183993
0.3060175 -0.008364091 -0.008065281 1451314 0.2478653 -0.03888086 0.1183993
0.3061505 -0.008331547 -0.0080302 1561430 0.2475699 -0.03926623 0.1181348
0.3059206 -0.00844852 -0.008122945 1671509 0.2470099 -0.03980806 0.1177832
0.3059206 -0.00844852 -0.008122945 1791617 0.2470099 -0.03980806 0.1177832
0.3063474 -0.008307243 -0.008112447 1901716 0.2462553 -0.04042357 0.1170423
0.3059982 -0.008682148 -0.00828089 2011816 0.2453452 -0.04138679 0.1164503
0.3059982 -0.008682148 -0.00828089 2121927 0.2453452 -0.04138679 0.1164503
0.3055449 -0.008423251 -0.008177351 2242028 0.2444959 -0.04239694 0.1160203
0.3035026 -0.008463342 -0.008452397 2352131 0.2435103 -0.04326643 0.1160303
0.3035026 -0.008463342 -0.008452397 2462238 0.2435103 -0.04326643 0.1160303
0.3015445 -0.008269747 -0.008522742 2572330 0.2420085 -0.04396388 0.1159266
0.2995324 -0.008059143 -0.00852145 2682421 0.2398036 -0.04419788 0.115707
0.2995324 -0.008059143 -0.00852145 2802533 0.2398036 -0.04419788 0.115707
0.2970478 -0.007787167 -0.008454166 2912629 0.2373675 -0.04449759 0.1156299
0.2943079 -0.007501322 -0.008544528 3022744 0.2345368 -0.04454159 0.1153977
0.2943079 -0.007501322 -0.008544528 3132840 0.2345368 -0.04454159 0.1153977
0.2913345 -0.007329514 -0.008601212 3242935 0.2315425 -0.04468094 0.1152375
0.2884018 -0.007467573 -0.008510714 3353034 0.2284965 -0.04483612 0.1152681
0.2884018 -0.007467573 -0.008510714 3473151 0.2284965 -0.04483612 0.1152681
0.2846454 -0.007040604 -0.008527655 3573237 0.2251867 -0.04484039 0.1153355
0.2805099 -0.006838258 -0.008638219 3683332 0.2215064 -0.04483511 0.1153823
0.2805099 -0.006838258 -0.008638219 3803433 0.2215064 -0.04483511 0.1153823
0.2761164 -0.00637866 -0.008555891 3913536 0.2172754 -0.04465904 0.1154546
0.2719966 -0.006540925 -0.008605666 4023639 0.2131958 -0.04467174 0.1154699
0.2719966 -0.006540925 -0.008605666 4143740 0.2131958 -0.04467174 0.1154699
0.2677827 -0.006344383 -0.008495845 4243838 0.2091111 -0.0447801 0.1155468
0.2632299 -0.005981412 -0.008496803 4353946 0.2049048 -0.04497793 0.1155342
0.2632299 -0.005981412 -0.008496803 4464037 0.2049048 -0.04497793 0.1155342
0.2582622 -0.005703702 -0.008556909 4584165 0.2005936 -0.04526469 0.1156023
0.2533136 -0.005371864 -0.00861506 4694245 0.1961436 -0.04541799 0.1156192
0.2533136 -0.005371864 -0.00861506 4804340 0.1961436 -0.04541799 0.1156192
0.2482357 -0.005243348 -0.008639521 4914439 0.1915286 -0.04556336 0.1157182
0.2428195 -0.005376172 -0.008608945 5024539 0.1866701 -0.04573129 0.1159902
0.2428195 -0.005376172 -0.008608945 5144647 0.1866701 -0.04573129 0.1159902
0.2373374 -0.005148561 -0.008646997 5254750 0.18178 -0.04592357 0.1160807
0.2316942 -0.004789899 -0.008547203 5364846 0.1767743 -0.04617226 0.1162629
0.2316942 -0.004789899 -0.008547203 5474986 0.1767743 -0.04617226 0.1162629
0.2260953 -0.004624838 -0.0085343 5585040 0.171604 -0.04639913 0.1163331
0.2202212 -0.004386955 -0.008444425 5705169 0.1663124 -0.04657348 0.1165371
0.2202212 -0.004386955 -0.008444425 5815244 0.1663124 -0.04657348 0.1165371
0.2146407 -0.00421038 -0.008298857 5915342 0.1610038 -0.04666141 0.1167101
0.208947 -0.003939388 -0.008194871 6035451 0.1555186 -0.04664412 0.116817
0.208947 -0.003939388 -0.008194871 6145566 0.1555186 -0.04664412 0.116817
0.2029433 -0.003877721 -0.00808667 6255666 0.1500271 -0.04679283 0.1170708
0.1969911 -0.004050978 -0.008042876 6375766 0.1445715 -0.04720135 0.1172427
0.1969911 -0.004050978 -0.008042876 6485861 0.1445715 -0.04720135 0.1172427
0.1904989 -0.003689747 -0.008023819 6585964 0.1390418 -0.04756787 0.1174079
0.1841348 -0.003639766 -0.008101286 6706076 0.1335089 -0.04798376 0.1175048
0.1841348 -0.003639766 -0.008101286 6826168 0.1335089 -0.04798376 0.1175048
0.1775054 -0.003483837 -0.008165855 6926259 0.1277935 -0.04829418 0.1176396
0.1708516 -0.003605992 -0.008322733 7036358 0.1220088 -0.04864446 0.1177414
0.1708516 -0.003605992 -0.008322733 7146449 0.1220088 -0.04864446 0.1177414
0.1641598 -0.00358721 -0.008389874 7266566 0.1161011 -0.0489769 0.1178495
0.1570294 -0.003425987 -0.008733336 7366660 0.1100691 -0.04939648 0.1177092
0.1570294 -0.003425987 -0.008733336 7486765 0.1100691 -0.04939648 0.1177092
0.1500162 -0.003131196 -0.008918409 7606869 0.1041043 -0.04988828 0.1176206
0.1438168 -0.003428142 -0.008900604 7707065 0.09837852 -0.05052781 0.1176823
0.1438168 -0.003428142 -0.008900604 7817055 0.09837852 -0.05052781 0.1176823
0.1376048 -0.003601238 -0.00879708 7927174 0.09266911 -0.05106822 0.117828
0.1313212 -0.003811914 -0.008816957 8037269 0.0870164 -0.05170308 0.1178708
0.1313212 -0.003811914 -0.008816957 8157394 0.0870164 -0.05170308 0.1178708
0.1240179 -0.003441724 -0.009187619 8267473 0.08111404 -0.05211081 0.1176856
0.1177969 -0.003618152 -0.009232232 8377577 0.07564256 -0.05278025 0.1177022
0.1177969 -0.003618152 -0.009232232 8487668 0.07564256 -0.05278025 0.1177022
0.1119745 -0.003819698 -0.00908922 8607788 0.07039915 -0.05339237 0.1178765
0.1059548 -0.003956798 -0.009115208 8717872 0.06502238 -0.05391981 0.1179064
0.1059548 -0.003956798 -0.009115208 8827983 0.06502238 -0.05391981 0.1179064
0.09980801 -0.0040158 -0.009083206 8938086 0.0596322 -0.05435891 0.1180299
0.09303648 -0.003997919 -0.009251454 9048182 0.05407239 -0.05478258 0.118063
0.09303648 -0.003997919 -0.009251454 9168294 0.05407239 -0.05478258 0.118063
0.08720138 -0.004322002 -0.009242165 9278373 0.0486735 -0.05520422 0.1181661
0.08114424 -0.004075037 -0.009197619 9388489 0.04324039 -0.05564557 0.118121
0.08114424 -0.004075037 -0.009197619 9498572 0.04324039 -0.05564557 0.118121
0.07529231 -0.003904797 -0.009054423 9608692 0.0376819 -0.05606508 0.1181109
0.06918705 -0.003979658 -0.009009968 9718779 0.0320942 -0.05651112 0.1181546
0.06267477 -0.004306869 -0.009041021 9838883 0.02657139 -0.05706064 0.1183161
0.06267477 -0.004306869 -0.009041021 9938982 0.02657139 -0.05706064 0.1183161
0.05613087 -0.004467125 -0.009000672 10059090 0.02113093 -0.05764589 0.1184876
0.04939593 -0.004772743 -0.009049315 10179198 0.01570131 -0.05833826 0.1186286
0.04939593 -0.004772743 -0.009049315 10279289 0.01570131 -0.05833826 0.1186286
0.04301678 -0.005044679 -0.008984201 10389388 0.0102011 -0.05905494 0.1187353
0.03631549 -0.005767129 -0.009008566 10499479 0.004513707 -0.05985301 0.1189352
0.03631549 -0.005767129 -0.009008566 10609591 0.004513707 -0.05985301 0.1189352
0.02978228 -0.005929634 -0.008945108 10719670 -0.001138607 -0.06054375 0.1189902
0.02326854 -0.006217411 -0.009027756 10829777 -0.006876342 -0.06128988 0.1188963
0.02326854 -0.006217411 -0.009027756 10969920 -0.006876342 -0.06128988 0.1188963
0.01634069 -0.006855893 -0.009114344 11059989 -0.01255122 -0.06214605 0.1190048
0.008981519 -0.006540542 -0.009328993 11170089 -0.01821086 -0.06281434 0.1187338
0.008981519 -0.006540542 -0.009328993 11290197 -0.01821086 -0.06281434 0.1187338
0.002684109 -0.00562439 -0.009221249 11400308 -0.02391666 -0.06337399 0.1183077
-0.004199085 -0.009938629 -0.009162524 11500383 -0.02999846 -0.06481685 0.1197911
-0.004199085 -0.009938629 -0.009162524 11620503 -0.02999846 -0.06481685 0.1197911
-0.01004131 -0.01089184 -0.008910007 11730594 -0.03569977 -0.06579304 0.1200619
-0.01704076 -0.01112888 -0.008864555 11840694 -0.0417519 -0.06633342 0.1201629
-0.01704076 -0.01112888 -0.008864555 11950801 -0.0417519 -0.06633342 0.1201629
-0.02368196 -0.0114145 -0.008845545 12070897 -0.04770187 -0.06690405 0.1201901
-0.03062552 -0.01166129 -0.008824602 12181009 -0.05377899 -0.06743181 0.1202483
-0.03062552 -0.01166129 -0.008824602 12291092 -0.05377899 -0.06743181 0.1202483
-0.03353022 -0.00904414 -0.00904684 12421226 -0.05994353 -0.06678081 0.1185269
-0.04051693 -0.009142058 -0.009019157 12511299 -0.06596956 -0.0672987 0.1185591
-0.04051693 -0.009142058 -0.009019157 12621402 -0.06596956 -0.0672987 0.1185591
-0.04758618 -0.009387869 -0.009019312 12741494 -0.07198798 -0.06787667 0.1186124
-0.05462174 -0.0095231 -0.009001801 12851606 -0.07808979 -0.06836654 0.118642
-0.05462174 -0.0095231 -0.009001801 12971710 -0.07808979 -0.06836654 0.118642
-0.06239132 -0.01020097 -0.008980526 13061796 -0.08410339 -0.06912509 0.1189366
-0.06928769 -0.01057668 -0.008985447 13181904 -0.0900078 -0.06966905 0.1190185
-0.06928769 -0.01057668 -0.008985447 13302004 -0.0900078 -0.06966905 0.1190185
-0.07609992 -0.01073027 -0.008950852 13402111 -0.09581988 -0.07018176 0.1190448
-0.08276573 -0.01118701 -0.009011362 13542233 -0.1014227 -0.07084346 0.1190483
-0.08276573 -0.01118701 -0.009011362 13632306 -0.1014227 -0.07084346 0.1190483
-0.08962896 -0.01152349 -0.008872657 13742414 -0.1069139 -0.07157481 0.1191949
-0.09573221 -0.01194825 -0.008904727 13852501 -0.1123363 -0.0722358 0.119142
-0.09573221 -0.01194825 -0.008904727 13962609 -0.1123363 -0.0722358 0.119142
-0.1016295 -0.01239291 -0.008968159 14072712 -0.1176725 -0.07287917 0.1190564
-0.1075215 -0.01287058 -0.009120109 14182811 -0.1228526 -0.07349336 0.1189271
-0.1075215 -0.01287058 -0.009120109 14302912 -0.1228526 -0.07349336 0.1189271
-0.1131455 -0.01321801 -0.00914153 14413015 -0.127797 -0.07411354 0.1188558
-0.1188849 -0.01266341 -0.008860049 14523110 -0.1325739 -0.07452723 0.118779
-0.1188849 -0.01266341 -0.008860049 14653228 -0.1325739 -0.07452723 0.118779
-0.1246785 -0.01213863 -0.008416654 14743346 -0.1375629 -0.07473581 0.1189483
-0.1296109 -0.01244331 -0.008413685 14853408 -0.1422818 -0.0751844 0.1189019
-0.1296109 -0.01244331 -0.008413685 14963512 -0.1422818 -0.0751844 0.1189019
-0.1347279 -0.01266077 -0.008298629 15073603 -0.1470071 -0.07558729 0.1189638
-0.1398069 -0.0129219 -0.008298386 15193732 -0.1515034 -0.0760392 0.1189245
-0.1398069 -0.0129219 -0.008298386 15303815 -0.1515034 -0.0760392 0.1189245
-0.144803 -0.01325484 -0.00832668 15443941 -0.1559147 -0.07648665 0.1188917
-0.1497286 -0.01350619 -0.008318544 15524018 -0.1603641 -0.07683701 0.1188914
-0.1497286 -0.01350619 -0.008318544 15644126 -0.1603641 -0.07683701 0.1188914
-0.1545306 -0.01381053 -0.008359226 15754225 -0.1647395 -0.07714694 0.1188828
-0.1591966 -0.01407974 -0.008358316 15864321 -0.1689396 -0.0774204 0.1189181
-0.1591966 -0.01407974 -0.008358316 15974416 -0.1689396 -0.0774204 0.1189181
-0.1637836 -0.01432928 -0.008386003 16084515 -0.1729989 -0.07774404 0.1188928
-0.1683579 -0.01458686 -0.008443396 16194623 -0.1770206 -0.07809899 0.1188257
-0.1683579 -0.01458686 -0.008443396 16314727 -0.1770206 -0.07809899 0.1188257
-0.1729798 -0.01473498 -0.008456459 16414822 -0.1809011 -0.0784169 0.118776
-0.1772208 -0.01495096 -0.008477652 16534926 -0.1846892 -0.0787174 0.11874
-0.1772208 -0.01495096 -0.008477652 16645025 -0.1846892 -0.0787174 0.11874
-0.1814572 -0.01511353 -0.008533653 16755121 -0.1884561 -0.07893167 0.1186847
-0.1856695 -0.01532299 -0.008548322 16865240 -0.1920898 -0.07911496 0.1187136
-0.1856695 -0.01532299 -0.008548322 16995341 -0.1920898 -0.07911496 0.1187136
-0.1898306 -0.01547627 -0.008584566 17095444 -0.1955743 -0.07930224 0.1186927
-0.1938766 -0.0156244 -0.008590612 17205539 -0.1990309 -0.07949955 0.1186872
-0.1938766 -0.0156244 -0.008590612 17315634 -0.1990309 -0.07949955 0.1186872
-0.197812 -0.01575606 -0.00857143 17425746 -0.2025286 -0.07974139 0.118668
-0.201665 -0.01587556 -0.008583744 17535829 -0.2060042 -0.07997576 0.1186113
-0.201665 -0.01587556 -0.008583744 17645924 -0.2060042 -0.07997576 0.1186113
-0.2057226 -0.01598551 -0.008630368 17776050 -0.2094183 -0.08021794 0.1185183
-0.2095047 -0.01597579 -0.008647968 17866139 -0.2127116 -0.08032914 0.1184528
-0.2095047 -0.01597579 -0.008647968 17986231 -0.2127116 -0.08032914 0.1184528
-0.2133248 -0.01607558 -0.008675423 18096351 -0.2160328 -0.08044161 0.1184306
-0.2172917 -0.01610693 -0.008666816 18206442 -0.2195334 -0.08042984 0.1184701
-0.2172917 -0.01610693 -0.008666816 18316546 -0.2195334 -0.08042984 0.1184701
-0.2210236 -0.01628464 -0.008692129 18436654 -0.2230996 -0.08044086 0.1185318
-0.2249115 -0.01620209 -0.008657469 18536744 -0.226626 -0.0804249 0.1185382
-0.2249115 -0.01620209 -0.008657469 18656845 -0.226626 -0.0804249 0.1185382
-0.2287206 -0.01623959 -0.008695089 18766948 -0.2299044 -0.08050498 0.1184851
-0.2325546 -0.01616517 -0.008716556 18897058 -0.2331569 -0.08052593 0.1184195
-0.2325546 -0.01616517 -0.008716556 18987143 -0.2331569 -0.08052593 0.1184195
-0.2364001 -0.01622283 -0.008714259 19097254 -0.2365287 -0.08054901 0.1184407
-0.2401557 -0.01638005 -0.00873125 19217355 -0.2400452 -0.08051287 0.1185213
-0.2439988 -0.01647978 -0.008738908 19347476 -0.2433577 -0.08050224 0.1185676
-0.2439988 -0.01647978 -0.008738908 19437557 -0.2433577 -0.08050224 0.1185676
-0.2478648 -0.01640833 -0.00876863 19547645 -0.2464682 -0.08049081 0.1185017
-0.25174 -0.01642967 -0.008783898 19667753 -0.2497475 -0.08051305 0.118478
-0.25174 -0.01642967 -0.008783898 19767855 -0.2497475 -0.08051305 0.118478
-0.2555804 -0.01654046 -0.008817958 19887964 -0.253102 -0.08063212 0.1184313
-0.2555804 -0.01654046 -0.008817958 19998055 -0.253102 -0.08063212 0.1184313
-0.2593104 -0.01661288 -0.008834965 20108163 -0.256523 -0.08069908 0.1184106
-0.2629633 -0.01673491 -0.008883994 20218282 -0.2597374 -0.08081314 0.1183552
-0.2629633 -0.01673491 -0.008883994 20328357 -0.2597374 -0.08081314 0.1183552
-0.2667294 -0.01684337 -0.008975115 20468488 -0.2628478 -0.08090615 0.1182536
-0.2706642 -0.01688138 -0.008962938 20548548 -0.265938 -0.08095357 0.1182324
-0.2740785 -0.01713569 -0.008962981 20658647 -0.2691838 -0.08095695 0.1183521
-0.2740785 -0.01713569 -0.008962981 20778752 -0.2691838 -0.08095695 0.1183521
-0.2776534 -0.01735391 -0.0089308 20888867 -0.2724455 -0.08096416 0.1184775
-0.2814224 -0.01751985 -0.00883327 20998954 -0.2755916 -0.08107292 0.1185765
-0.2814224 -0.01751985 -0.00883327 21109066 -0.2755916 -0.08107292 0.1185765
-0.2848913 -0.01759204 -0.008792697 21229174 -0.2786094 -0.08123597 0.1185503
-0.288303 -0.01763792 -0.008817544 21329252 -0.2815231 -0.08133133 0.1184752
-0.288303 -0.01763792 -0.008817544 21449373 -0.2815231 -0.08133133 0.1184752
-0.2918443 -0.01798772 -0.008809851 21579478 -0.2843215 -0.08141475 0.1185741
-0.2950682 -0.01814153 -0.008813046 21669568 -0.287053 -0.08145368 0.118598
-0.2950682 -0.01814153 -0.008813046 21779663 -0.287053 -0.08145368 0.118598
-0.2988417 -0.01818798 -0.008599266 21889770 -0.2895383 -0.08162983 0.1186596
-0.3021297 -0.01834515 -0.008536876 22029897 -0.2919987 -0.08175538 0.1186746
-0.3021297 -0.01834515 -0.008536876 22119974 -0.2919987 -0.08175538 0.1186746
-0.305369 -0.01811489 -0.008381224 22230061 -0.2944517 -0.08188603 0.1185846
-0.3084702 -0.01787211 -0.008228175 22340161 -0.2968085 -0.08209901 0.1184413
-0.3084702 -0.01787211 -0.008228175 22450264 -0.2968085 -0.08209901 0.1184413
-0.311446 -0.01752233 -0.008060412 22560363 -0.2992384 -0.08225564 0.1182995
-0.3143384 -0.01745552 -0.007993801 22670463 -0.3015275 -0.08239093 0.1182025
-0.3143384 -0.01745552 -0.007993801 22790567 -0.3015275 -0.08239093 0.1182025
-0.3172876 -0.01736765 -0.007843343 22900670 -0.3037558 -0.08253685 0.1181571
-0.3182945 -0.02037279 -0.008301701 23010766 -0.3061957 -0.08318156 0.1190362
-0.3182945 -0.02037279 -0.008301701 23120873 -0.3061957 -0.08318156 0.1190362
-0.3203625 -0.02067892 -0.00835697 23240978 -0.3083427 -0.08348131 0.1189915
-0.3217397 -0.02083237 -0.008348336 23341084 -0.3100912 -0.08382501 0.1189407
-0.3217397 -0.02083237 -0.008348336 23461188 -0.3100912 -0.08382501 0.1189407
-0.3226244 -0.02086278 -0.008292155 23571276 -0.3114276 -0.08419575 0.1188685
-0.3223698 -0.02102451 -0.008355421 23681379 -0.3119501 -0.08454224 0.1187791
-0.3223698 -0.02102451 -0.008355421 23791487 -0.3119501 -0.08454224 0.1187791
-0.3226518 -0.02104222 -0.008357349 23931605 -0.311382 -0.0848358 0.1185663
-0.3226633 -0.02097422 -0.008381306 24011673 -0.3104033 -0.084985 0.1183411
-0.3226633 -0.02097422 -0.008381306 24121785 -0.3104033 -0.084985 0.1183411
-0.3235936 -0.01892371 -0.008107102 24241881 -0.3095976 -0.08474237 0.1175045
-0.3237849 -0.01909363 -0.008177297 24351980 -0.3093427 -0.08477104 0.1174577
-0.3237849 -0.01909363 -0.008177297 24462096 -0.3093427 -0.08477104 0.1174577
-0.3236963 -0.01940758 -0.008249916 24572183 -0.3096844 -0.08480058 0.117582
-0.3235616 -0.01965694 -0.00829879 24682282 -0.3104671 -0.08483692 0.1177423
-0.3235616 -0.01965694 -0.00829879 24802399 -0.3104671 -0.08483692 0.1177423
-0.3234632 -0.02004309 -0.008335141 24912482 -0.3112412 -0.08493336 0.1179428
-0.3232778 -0.02039513 -0.008384958 25042620 -0.3117054 -0.08503473 0.1180826
-0.3232778 -0.02039513 -0.008384958 25132689 -0.3117054 -0.08503473 0.1180826
-0.3229644 -0.02076524 -0.008405785 25242784 -0.311934 -0.08522886 0.1182
-0.3226242 -0.02110311 -0.00844552 25352892 -0.3119777 -0.0855617 0.1181957
-0.3226242 -0.02110311 -0.00844552 25472984 -0.3119777 -0.0855617 0.1181957
-0.3224465 -0.02123803 -0.008453645 25583103 -0.311942 -0.08588915 0.1181012
-0.32246 -0.02120681 -0.008463944 25693195 -0.3120003 -0.08610358 0.1179689
-0.32246 -0.02120681 -0.008463944 25803290 -0.3120003 -0.08610358 0.1179689
-0.3226128 -0.02124149 -0.008624123 25913389 -0.3123538 -0.08615048 0.1178189
-0.3227411 -0.0214134 -0.008641873 26033498 -0.3136396 -0.08616534 0.1179701
-0.3227411 -0.0214134 -0.008641873 26133592 -0.3136396 -0.08616534 0.1179701
-0.3230507 -0.02170173 -0.008469496 26253692 -0.316227 -0.08640777 0.1183091
-0.3230281 -0.02166439 -0.00796352 26363808 -0.320613 -0.08711306 0.1185943
-0.3230281 -0.02166439 -0.00796352 26473899 -0.320613 -0.08711306 0.1185943
-0.3233894 -0.02569063 -0.007046136 26584007 -0.3300016 -0.08872141 0.1205848
-0.3226688 -0.02983758 -0.003793332 26704119 -0.3415847 -0.09274719 0.1226615
-0.3226688 -0.02983758 -0.003793332 26814214 -0.3415847 -0.09274719 0.1226615
-0.3146806 -0.02543437 0.007707715 26924318 -0.3528833 -0.1002312 0.122826
-0.3100993 -0.02673578 0.02213301 27024392 -0.3612833 -0.1107647 0.1252136
-0.3100993 -0.02673578 0.02213301 27144516 -0.3612833 -0.1107647 0.1252136
-0.3090539 -0.03016433 0.03801135 27254604 -0.3697305 -0.1218728 0.1286433
-0.3064928 -0.03710256 0.05552899 27364703 -0.3767253 -0.1338123 0.1331232
-0.3064928 -0.03710256 0.05552899 27474810 -0.3767253 -0.1338123 0.1331232
