0.1568623 -0.008334513 -0.007319265 0 0.1054244 -0.01975233 0.1250817
0.1568623 -0.008334513 -0.007319265 110103 0.1054244 -0.01975233 0.1250817
0.1568267 -0.008306315 -0.007291908 220190 0.1054246 -0.01993774 0.1251045
0.1570686 -0.00812771 -0.007248056 330294 0.1054134 -0.02006068 0.1250229
0.1570686 -0.00812771 -0.007248056 450402 0.1054134 -0.02006068 0.1250229
0.1570781 -0.008162558 -0.007209545 550492 0.1053048 -0.02019594 0.1250061
0.1571132 -0.008144621 -0.007226851 670601 0.1051764 -0.02032518 0.1249112
0.1571132 -0.008144621 -0.007226851 780704 0.1051764 -0.02032518 0.1249112
0.1571262 -0.008202992 -0.007247156 890799 0.1049427 -0.02037782 0.1247942
0.1571683 -0.008254874 -0.00725335 1000903 0.1046288 -0.02036273 0.1246529
0.1571683 -0.008254874 -0.00725335 1111002 0.1046288 -0.02036273 0.1246529
0.1579852 -0.008523944 -0.006849548 1221098 0.1046513 -0.02043813 0.1247552
0.1576823 -0.008348567 -0.006893114 1341218 0.1044164 -0.02048063 0.1247192
0.1576823 -0.008348567 -0.006893114 1451346 0.1044164 -0.02048063 0.1247192
0.1568456 -0.008257097 -0.007288788 1561413 0.1039558 -0.02052686 0.1244624
0.1568654 -0.008379512 -0.007349313 1671504 0.1035545 -0.02072166 0.1242253
0.1568654 -0.008379512 -0.007349313 1781603 0.1035545 -0.02072166 0.1242253
0.157014 -0.008304738 -0.007324321 1901716 0.1029833 -0.02093286 0.1239292
0.1569521 -0.008392259 -0.007361962 2001798 0.1023018 -0.02140156 0.1235974
0.1569521 -0.008392259 -0.007361962 2121927 0.1023018 -0.02140156 0.1235974
0.1566577 -0.008156007 -0.007288588 2232010 0.1017627 -0.02191437 0.1234917
0.1559978 -0.008126295 -0.007065505 2342113 0.101129 -0.02253016 0.1236563
0.1559978 -0.008126295 -0.007065505 2452213 0.101129 -0.02253016 0.1236563
0.1547954 -0.007812126 -0.007058825 2572333 0.09989998 -0.02285308 0.1235801
0.1531728 -0.007822567 -0.007167847 2682432 0.0984117 -0.02318984 0.1234894
0.1531728 -0.007822567 -0.007167847 2792520 0.0984117 -0.02318984 0.1234894
0.1516817 -0.007825949 -0.00722145 2892606 0.09669479 -0.02359123 0.1232935
0.1500992 -0.007652731 -0.007194167 3022744 0.09468784 -0.02387155 0.1230854
0.1500992 -0.007652731 -0.007194167 3122830 0.09468784 -0.02387155 0.1230854
0.1476678 -0.007412941 -0.007267202 3232913 0.09253268 -0.02427864 0.1230475
0.1459112 -0.007080404 -0.007091058 3343016 0.09032135 -0.02450981 0.122956
0.1459112 -0.007080404 -0.007091058 3463125 0.09032135 -0.02450981 0.122956
0.1434754 -0.007439234 -0.007173517 3573220 0.08804666 -0.02499361 0.1229255
0.1413964 -0.007317541 -0.007150977 3673315 0.0857043 -0.0252421 0.122785
0.1413964 -0.007317541 -0.007150977 3793419 0.0857043 -0.0252421 0.122785
0.1387291 -0.007639742 -0.007319993 3903518 0.08326752 -0.02565403 0.1227021
0.1363726 -0.008020427 -0.00728982 4013618 0.08071326 -0.02589562 0.122667
0.1363726 -0.008020427 -0.00728982 4133738 0.08071326 -0.02589562 0.122667
0.1330139 -0.007723647 -0.00726681 4243825 0.0779587 -0.02615323 0.1228697
0.1300835 -0.007900572 -0.007154629 4353929 0.07501425 -0.02634313 0.1229742
0.1300835 -0.007900572 -0.007154629 4464032 0.07501425 -0.02634313 0.1229742
0.1269047 -0.007864458 -0.007130933 4584137 0.07197881 -0.02647932 0.1230339
0.1238136 -0.00797528 -0.007060077 4684401 0.06887351 -0.02666933 0.1230874
0.1238136 -0.00797528 -0.007060077 4794322 0.06887351 -0.02666933 0.1230874
0.119648 -0.007367454 -0.007184901 4934817 0.065327 -0.02662589 0.12314
0.1163019 -0.006800609 -0.007159503 5024708 0.06211317 -0.02673162 0.1231194
0.1163019 -0.006800609 -0.007159503 5134629 0.06211317 -0.02673162 0.1231194
0.1127346 -0.006783952 -0.007100545 5244729 0.05874524 -0.02691235 0.1232307
0.1085114 -0.006570797 -0.006950073 5354848 0.05512512 -0.02701291 0.1235806
0.1085114 -0.006570797 -0.006950073 5464927 0.05512512 -0.02701291 0.1235806
0.1047568 -0.007033077 -0.006981923 5575035 0.05149929 -0.02732312 0.1236251
0.1001429 -0.007210242 -0.007204113 5705156 0.04754297 -0.02750503 0.1236684
0.1001429 -0.007210242 -0.007204113 5805238 0.04754297 -0.02750503 0.1236684
0.09656496 -0.006441964 -0.007032349 5915338 0.04369919 -0.02757964 0.1235994
0.09089825 -0.006458979 -0.007156665 6025437 0.03983952 -0.0279745 0.1241306
0.09089825 -0.006458979 -0.007156665 6135532 0.03983952 -0.0279745 0.1241306
0.08660511 -0.006387014 -0.007144177 6255645 0.03597648 -0.02815774 0.1242675
0.08239295 -0.006183937 -0.00711783 6355735 0.03211091 -0.02830739 0.124368
0.08239295 -0.006183937 -0.00711783 6475844 0.03211091 -0.02830739 0.124368
0.0783372 -0.006164537 -0.007161671 6585939 0.02826431 -0.02859186 0.1243525
0.07378598 -0.005767701 -0.007226007 6706055 0.02420617 -0.02876785 0.124376
0.06997292 -0.005565273 -0.007320679 6836173 0.0202471 -0.02886124 0.1241741
0.06997292 -0.005565273 -0.007320679 6916253 0.0202471 -0.02886124 0.1241741
0.0647978 -0.006281154 -0.007401073 7026340 0.01631273 -0.02920569 0.1246213
0.0647978 -0.006281154 -0.007401073 7146453 0.01631273 -0.02920569 0.1246213
0.06086126 -0.005818137 -0.007137648 7256548 0.0123095 -0.02924525 0.124772
0.05665822 -0.005873223 -0.007024304 7366652 0.008351861 -0.0294899 0.1249416
0.05665822 -0.005873223 -0.007024304 7476747 0.008351861 -0.0294899 0.1249416
0.05223925 -0.005822274 -0.007041338 7596859 0.004486798 -0.02982154 0.1250571
0.0478185 -0.005654368 -0.006903901 7706967 0.0004679465 -0.03002456 0.1252713
0.0478185 -0.005654368 -0.006903901 7817054 0.0004679465 -0.03002456 0.1252713
0.04330426 -0.005699961 -0.007043325 7927149 -0.00351346 -0.03022286 0.1252933
0.03795979 -0.00602602 -0.007197244 8037253 -0.007509114 -0.0305998 0.1255994
0.03795979 -0.00602602 -0.007197244 8147360 -0.007509114 -0.0305998 0.1255994
0.03311004 -0.005819381 -0.007128689 8257447 -0.01156464 -0.03094204 0.1258347
0.02851253 -0.005707045 -0.007227163 8397586 -0.01567171 -0.03130369 0.1258097
0.02851253 -0.005707045 -0.007227163 8487671 -0.01567171 -0.03130369 0.1258097
0.02397503 -0.005674704 -0.007207365 8597759 -0.01987455 -0.03164199 0.1258684
0.01969949 -0.005611164 -0.007227634 8707862 -0.024101 -0.03194803 0.1257917
0.01969949 -0.005611164 -0.007227634 8817953 -0.024101 -0.03194803 0.1257917
0.01533239 -0.00565476 -0.007259928 8928073 -0.02837622 -0.03225484 0.1257372
0.01084338 -0.005609591 -0.007227151 9038168 -0.03270216 -0.03257277 0.1257504
0.01084338 -0.005609591 -0.007227151 9148255 -0.03270216 -0.03257277 0.1257504
0.006441443 -0.005643088 -0.007186023 9268380 -0.03690916 -0.03290991 0.1257933
0.002099267 -0.005723185 -0.007141748 9378467 -0.04104832 -0.03332654 0.1258341
-0.002533365 -0.005729254 -0.007144204 9488558 -0.04526359 -0.03374197 0.1258809
-0.002533365 -0.005729254 -0.007144204 9598674 -0.04526359 -0.03374197 0.1258809
-0.006849847 -0.005856095 -0.007078125 9708765 -0.04950004 -0.03412389 0.1259187
-0.01117041 -0.006106785 -0.007081022 9818865 -0.05371721 -0.0345137 0.1259193
-0.01117041 -0.006106785 -0.007081022 9938989 -0.05371721 -0.0345137 0.1259193
-0.01571526 -0.006089211 -0.007077779 10049068 -0.0578762 -0.03489944 0.1259586
-0.02037473 -0.00615716 -0.007064153 10159164 -0.06194121 -0.03544703 0.1260545
-0.02037473 -0.00615716 -0.007064153 10269267 -0.06194121 -0.03544703 0.1260545
-0.02587255 -0.00637006 -0.007319932 10389379 -0.06648026 -0.03602447 0.1260138
-0.03015203 -0.006301974 -0.007250845 10499479 -0.0706659 -0.03627877 0.1260393
-0.03015203 -0.006301974 -0.007250845 10599569 -0.0706659 -0.03627877 0.1260393
-0.03421075 -0.00597873 -0.00704206 10719673 -0.07470787 -0.0363448 0.126165
-0.03829503 -0.006070265 -0.007003425 10829781 -0.0785993 -0.03653615 0.1262394
-0.03829503 -0.006070265 -0.007003425 10939872 -0.0785993 -0.03653615 0.1262394
-0.04246531 -0.005991757 -0.006946214 11049976 -0.08242182 -0.03674953 0.1263343
-0.04674968 -0.005905236 -0.006933611 11160067 -0.08617225 -0.03702487 0.1264219
-0.04674968 -0.005905236 -0.006933611 11280183 -0.08617225 -0.03702487 0.1264219
-0.05120571 -0.005684326 -0.006890066 11380274 -0.08993816 -0.03721341 0.1265714
-0.05517303 -0.006008798 -0.006905834 11500390 -0.09362277 -0.03748024 0.1266509
-0.05517303 -0.006008798 -0.006905834 11610477 -0.09362277 -0.03748024 0.1266509
-0.05904469 -0.006139401 -0.006862827 11720577 -0.09733112 -0.03770125 0.1267195
-0.06329396 -0.006140888 -0.006873184 11840693 -0.1010612 -0.03797815 0.1267916
-0.06329396 -0.006140888 -0.006873184 11940788 -0.1010612 -0.03797815 0.1267916
-0.067039 -0.006438207 -0.006896944 12050879 -0.104527 -0.03834531 0.1268298
-0.07099473 -0.006658106 -0.00692423 12170987 -0.1080364 -0.03872506 0.1268886
-0.07099473 -0.006658106 -0.00692423 12281103 -0.1080364 -0.03872506 0.1268886
-0.07452065 -0.006971007 -0.006861443 12391194 -0.1114318 -0.03912028 0.1269677
-0.07856604 -0.006964929 -0.006835195 12501293 -0.1149129 -0.03943145 0.1270718
-0.07856604 -0.006964929 -0.006835195 12621394 -0.1149129 -0.03943145 0.1270718
-0.08206722 -0.00736712 -0.00689452 12731489 -0.1182023 -0.0397885 0.1270807
-0.08573899 -0.007516566 -0.006882575 12841588 -0.1214794 -0.04014049 0.1271494
-0.08573899 -0.007516566 -0.006882575 12971718 -0.1214794 -0.04014049 0.1271494
-0.08937369 -0.007696764 -0.006906827 13061783 -0.1247256 -0.04048553 0.1271879
-0.09339655 -0.007624167 -0.006915027 13171886 -0.1281203 -0.04075437 0.1272599
-0.09339655 -0.007624167 -0.006915027 13281986 -0.1281203 -0.04075437 0.1272599
-0.09654635 -0.007798508 -0.006864392 13402098 -0.1312808 -0.04101579 0.1272862
-0.09995567 -0.007947127 -0.006876858 13512197 -0.1344623 -0.04121454 0.1273202
-0.09995567 -0.007947127 -0.006876858 13622297 -0.1344623 -0.04121454 0.1273202
-0.1033001 -0.008089893 -0.006841403 13732388 -0.1375823 -0.04138121 0.1274072
-0.1068515 -0.008210246 -0.006865993 13842496 -0.1407211 -0.04152377 0.1274818
-0.1068515 -0.008210246 -0.006865993 13962596 -0.1407211 -0.04152377 0.1274818
-0.1103233 -0.008386876 -0.006844513 14092734 -0.1437007 -0.04178233 0.127606
-0.1138152 -0.008439034 -0.00678016 14182815 -0.146768 -0.04199372 0.1277354
-0.1138152 -0.008439034 -0.00678016 14293550 -0.146768 -0.04199372 0.1277354
-0.1174441 -0.008360866 -0.006777139 14402993 -0.149795 -0.04221425 0.1278097
-0.1214012 -0.008222695 -0.006821717 14513089 -0.1530778 -0.04233231 0.1278608
-0.1214012 -0.008222695 -0.006821717 14623208 -0.1530778 -0.04233231 0.1278608
-0.1249065 -0.008243741 -0.006840587 14733478 -0.1562504 -0.04242985 0.1279003
-0.1285522 -0.008301128 -0.006785088 14843395 -0.159347 -0.04261266 0.1280506
-0.1285522 -0.008301128 -0.006785088 14963515 -0.159347 -0.04261266 0.1280506
-0.1321525 -0.008287182 -0.006777609 15073615 -0.1625066 -0.04276829 0.1281147
-0.1356446 -0.008343942 -0.00674466 15183710 -0.1657727 -0.04291884 0.1281743
-0.1388576 -0.008464987 -0.006797066 15323828 -0.168988 -0.04303991 0.1281214
-0.1388576 -0.008464987 -0.006797066 15403913 -0.168988 -0.04303991 0.1281214
-0.1419339 -0.008484634 -0.006886603 15524013 -0.1721546 -0.04322553 0.127969
-0.1419339 -0.008484634 -0.006886603 15634112 -0.1721546 -0.04322553 0.127969
-0.1447978 -0.00861095 -0.006907051 15744204 -0.1750198 -0.04346988 0.1279178
-0.1473908 -0.00862724 -0.006930379 15854319 -0.1777266 -0.04362628 0.1278326
-0.1473908 -0.00862724 -0.006930379 15964666 -0.1777266 -0.04362628 0.1278326
-0.1502439 -0.008657862 -0.007057077 16084519 -0.1801935 -0.04377304 0.1277621
-0.1527498 -0.008651244 -0.006990554 16194626 -0.182543 -0.04391377 0.1278248
-0.1527498 -0.008651244 -0.006990554 16304722 -0.182543 -0.04391377 0.1278248
-0.1554371 -0.008526786 -0.006876361 16414809 -0.1848394 -0.04397887 0.127975
-0.1578548 -0.008571062 -0.006949269 16535270 -0.1869767 -0.0439424 0.1279842
-0.1578548 -0.008571062 -0.006949269 16635170 -0.1869767 -0.0439424 0.1279842
-0.159775 -0.008810808 -0.006881386 16745127 -0.1887502 -0.04398905 0.1281341
-0.1622437 -0.008528043 -0.006846056 16865219 -0.1906603 -0.04399265 0.1282132
-0.1622437 -0.008528043 -0.006846056 16975319 -0.1906603 -0.04399265 0.1282132
-0.1637071 -0.008622288 -0.006793495 17085422 -0.1922368 -0.04407314 0.1282455
-0.1660521 -0.008663311 -0.006767537 17225549 -0.1939511 -0.04407508 0.1284135
-0.1660521 -0.008663311 -0.006767537 17305613 -0.1939511 -0.04407508 0.1284135
-0.1679517 -0.008607109 -0.006735433 17425733 -0.1956172 -0.04405965 0.1284829
-0.1695013 -0.008686491 -0.006707777 17525820 -0.1971322 -0.0439707 0.1285616
-0.1695013 -0.008686491 -0.006707777 17645924 -0.1971322 -0.0439707 0.1285616
-0.1717998 -0.008312415 -0.006588496 17756035 -0.1990383 -0.04385602 0.1286926
-0.173263 -0.008596706 -0.00664809 17866123 -0.2006329 -0.0437919 0.1286975
-0.1756292 -0.008141754 -0.006610668 17986227 -0.2024115 -0.04371755 0.128753
-0.1756292 -0.008141754 -0.006610668 18086317 -0.2024115 -0.04371755 0.128753
-0.1773116 -0.008305653 -0.006642538 18196417 -0.2039605 -0.043789 0.1287717
-0.1773116 -0.008305653 -0.006642538 18316529 -0.2039605 -0.043789 0.1287717
-0.1788546 -0.008111623 -0.006757107 18426641 -0.2054335 -0.0439133 0.1285871
-0.1802036 -0.008136087 -0.00665543 18536736 -0.2069019 -0.04401039 0.1286461
-0.1802036 -0.008136087 -0.00665543 18646831 -0.2069019 -0.04401039 0.1286461
-0.1806882 -0.008186472 -0.006722228 18756935 -0.2080081 -0.04415656 0.1284296
-0.1810345 -0.007970988 -0.006647149 18867881 -0.2091382 -0.04424156 0.1282635
-0.1810345 -0.007970988 -0.006647149 18987146 -0.2091382 -0.04424156 0.1282635
-0.1812576 -0.007959049 -0.006672726 19117252 -0.2095031 -0.04440716 0.1281604
-0.1810644 -0.00802275 -0.006627512 19207349 -0.2091548 -0.0445957 0.1282043
-0.1810644 -0.00802275 -0.006627512 19317436 -0.2091548 -0.0445957 0.1282043
-0.1807187 -0.008633846 -0.006911866 19427544 -0.2084415 -0.04476923 0.1281138
-0.1807187 -0.008585161 -0.00689167 19567658 -0.2078209 -0.04476687 0.1282475
-0.1807187 -0.008585161 -0.00689167 19657747 -0.2078209 -0.04476687 0.1282475
-0.1804162 -0.008737323 -0.006958638 19767851 -0.2073477 -0.044652 0.1282859
-0.1803779 -0.008847774 -0.006954922 19877946 -0.2073358 -0.04450695 0.1283519
-0.1803779 -0.008847774 -0.006954922 19998063 -0.2073358 -0.04450695 0.1283519
-0.1806047 -0.008906563 -0.006907108 20098275 -0.2077532 -0.04431906 0.1284264
-0.1804059 -0.009020871 -0.00691114 20208248 -0.20817 -0.0441525 0.1283707
-0.1804059 -0.009020871 -0.00691114 20328345 -0.20817 -0.0441525 0.1283707
-0.1806541 -0.008974711 -0.006840384 20438452 -0.2086802 -0.04410705 0.1283872
-0.1810261 -0.009013752 -0.006896967 20538546 -0.2090842 -0.04423307 0.1283013
-0.1810617 -0.008803955 -0.006871718 20688856 -0.2093217 -0.0444866 0.128163
-0.1810617 -0.008803955 -0.006871718 20768742 -0.2093217 -0.0444866 0.128163
-0.1810924 -0.008754139 -0.006866675 20878837 -0.2094662 -0.04486033 0.1280315
-0.181075 -0.008916452 -0.006869761 20998950 -0.2096328 -0.04528205 0.1279199
-0.181075 -0.008916452 -0.006869761 21109053 -0.2096328 -0.04528205 0.1279199
-0.181755 -0.009115251 -0.006942722 21219144 -0.20985 -0.04564479 0.1278998
-0.181755 -0.009115251 -0.006942722 21329608 -0.20985 -0.04564479 0.1278998
-0.1824167 -0.009182018 -0.006862625 21459369 -0.210124 -0.04577141 0.1280439
-0.1830801 -0.009621526 -0.006974428 21549438 -0.2107881 -0.04601745 0.1279843
-0.1835508 -0.009434529 -0.006848759 21669555 -0.2118801 -0.04619098 0.1278831
-0.1835508 -0.009434529 -0.006848759 21769649 -0.2118801 -0.04619098 0.1278831
-0.1835743 -0.009735893 -0.006967123 21899767 -0.2128628 -0.04640622 0.1275829
-0.1838366 -0.009503826 -0.006960913 21999853 -0.2136329 -0.04657373 0.127368
-0.1838366 -0.009503826 -0.006960913 22109956 -0.2136329 -0.04657373 0.127368
-0.1837497 -0.00947166 -0.006985502 22230057 -0.2134764 -0.04660234 0.127342
-0.183455 -0.009613027 -0.006968094 22330151 -0.2127079 -0.0465187 0.1275254
-0.183455 -0.009613027 -0.006968094 22440254 -0.2127079 -0.0465187 0.1275254
-0.1836199 -0.009469223 -0.006853932 22550358 -0.2120525 -0.04622196 0.1278571
-0.1833679 -0.009632677 -0.006880103 22670458 -0.2113785 -0.04568535 0.1281083
-0.1833679 -0.009632677 -0.006880103 22780570 -0.2113785 -0.04568535 0.1281083
-0.1831742 -0.009502132 -0.006767477 22890653 -0.2110654 -0.0449048 0.1284175
-0.1833972 -0.01002666 -0.006827207 23000760 -0.2114971 -0.04424539 0.1286192
-0.1833972 -0.01002666 -0.006827207 23120873 -0.2114971 -0.04424539 0.1286192
-0.1828942 -0.008694813 -0.006594681 23230980 -0.2134703 -0.04572053 0.1275711
-0.1824655 -0.00950392 -0.00449993 23351072 -0.2180682 -0.0482799 0.1279203
-0.1824655 -0.00950392 -0.00449993 23451163 -0.2180682 -0.0482799 0.1279203
-0.1781891 -0.01172315 0.002079268 23571271 -0.2267636 -0.05156986 0.1299816
-0.1739729 -0.01695442 0.01380675 23671365 -0.2369315 -0.05794956 0.1348929
-0.1739729 -0.01695442 0.01380675 23791466 -0.2369315 -0.05794956 0.1348929
-0.169884 -0.0228323 0.02924513 23901569 -0.2460212 -0.06724883 0.1412118
-0.1658379 -0.02960967 0.04814561 24011681 -0.2552424 -0.07842851 0.1477939
-0.1658379 -0.02960967 0.04814561 24121776 -0.2552424 -0.07842851 0.1477939
-0.1633509 -0.04006635 0.06799884 24231871 -0.2622133 -0.09168833 0.1566985
-0.1605876 -0.05307001 0.08799534 24341962 -0.2665585 -0.1067212 0.1667225
-0.1605876 -0.05307001 0.08799534 24462079 -0.2665585 -0.1067212 0.1667225
-0.1578051 -0.06854496 0.1070899 24562169 -0.2681619 -0.1239536 0.1782061
-0.1556543 -0.08519416 0.1232376 24682274 -0.2680304 -0.1422788 0.1897147
-0.1556543 -0.08519416 0.1232376 24822396 -0.2680304 -0.1422788 0.1897147
-0.1528996 -0.104247 0.1367946 24902472 -0.2663558 -0.1616854 0.2010967
-0.1490109 -0.1221637 0.1507946 25012580 -0.26348 -0.1807544 0.2121965
