0.158335 0.005196691 0.007600281 0 0.1501995 -0.02986908 0.1454787
0.158407 0.005444527 0.007553963 110104 0.1501307 -0.02986324 0.1453622
0.1583652 0.005748391 0.007503148 210259 0.1499153 -0.02986944 0.1452211
0.1583652 0.005748391 0.007503148 330298 0.1499153 -0.02986944 0.1452211
0.1585698 0.006162286 0.007462256 440410 0.1495116 -0.02988946 0.1450285
0.1585838 0.006640553 0.007352384 550501 0.1490649 -0.02969646 0.1448124
0.1585838 0.006640553 0.007352384 680615 0.1490649 -0.02969646 0.1448124
0.1585572 0.007748485 0.00744311 770696 0.1488303 -0.02940106 0.1446712
0.1584951 0.00923717 0.007590713 880811 0.148644 -0.02886093 0.1445496
0.1584951 0.00923717 0.007590713 990895 0.148644 -0.02886093 0.1445496
0.1582621 0.0110749 0.007601608 1111007 0.1482541 -0.02784121 0.1443189
0.1586464 0.01314318 0.007778885 1221204 0.1477275 -0.02680755 0.1441276
0.1586464 0.01314318 0.007778885 1331214 0.1477275 -0.02680755 0.1441276
0.1587443 0.01579714 0.008094883 1471332 0.1469734 -0.02567124 0.1439185
0.159048 0.01915348 0.00864582 1551408 0.1463158 -0.02419877 0.1437929
0.159048 0.01915348 0.00864582 1661516 0.1463158 -0.02419877 0.1437929
0.1589347 0.02252984 0.009136377 1771603 0.1455318 -0.02248752 0.1436728
0.1587279 0.02588916 0.00960958 1891720 0.1447493 -0.0205189 0.1436139
0.1587279 0.02588916 0.00960958 2001811 0.1447493 -0.0205189 0.1436139
0.1579543 0.02965069 0.01020122 2111918 0.1438159 -0.01834249 0.1436291
0.1573777 0.03350091 0.01084958 2222022 0.1427877 -0.0159471 0.1436964
0.1573777 0.03350091 0.01084958 2332275 0.1427877 -0.0159471 0.1436964
0.1560318 0.03734732 0.01139527 2452217 0.1413148 -0.01335537 0.1437543
0.1555038 0.04142046 0.0120715 2582347 0.140112 -0.01065576 0.143819
0.1555038 0.04142046 0.0120715 2672424 0.140112 -0.01065576 0.143819
0.1540628 0.04614055 0.01288669 2782519 0.1385631 -0.007687449 0.1439155
0.1528999 0.05023837 0.01356706 2892627 0.1370889 -0.004945874 0.1439931
0.1528999 0.05023837 0.01356706 3002718 0.1370889 -0.004945874 0.1439931
0.1514283 0.05421329 0.01412848 3122818 0.135643 -0.002090335 0.1440784
0.1498871 0.05819464 0.01475215 3232918 0.1341506 0.0009049177 0.1442763
0.1498871 0.05819464 0.01475215 3343017 0.1341506 0.0009049177 0.1442763
0.1483104 0.06318855 0.01579559 3453117 0.1327723 0.004509449 0.1447203
0.1466812 0.06735408 0.01630502 3563236 0.1313242 0.007836699 0.1448666
0.1466812 0.06735408 0.01630502 3673319 0.1313242 0.007836699 0.1448666
0.1450944 0.07156634 0.01696732 3793432 0.1296993 0.01089048 0.1449817
0.1430615 0.0746454 0.01698784 3903543 0.1278643 0.01360691 0.1448534
0.1430615 0.0746454 0.01698784 4013626 0.1278643 0.01360691 0.1448534
0.1407912 0.07860088 0.01751707 4123722 0.1261011 0.01675212 0.1450521
0.1384618 0.0825491 0.01808552 4234003 0.1245036 0.0199765 0.1453493
0.1384618 0.0825491 0.01808552 4343920 0.1245036 0.0199765 0.1453493
0.1359907 0.08628702 0.01862769 4464049 0.122861 0.02316523 0.1457084
0.1332824 0.08997262 0.01918723 4574144 0.1210169 0.02615941 0.1460087
0.1332824 0.08997262 0.01918723 4684236 0.1210169 0.02615941 0.1460087
0.1306118 0.09323478 0.01961451 4794331 0.1188651 0.02880728 0.1461742
0.1274639 0.09674251 0.02017059 4914439 0.1162465 0.03150773 0.1463643
0.1274639 0.09674251 0.02017059 5014526 0.1162465 0.03150773 0.1463643
0.1247301 0.1000594 0.02084281 5124653 0.1138077 0.03404725 0.1466575
0.1213028 0.1032438 0.02157003 5234724 0.1113385 0.03649533 0.1470754
0.1213028 0.1032438 0.02157003 5354837 0.1113385 0.03649533 0.1470754
0.1182145 0.106582 0.02247874 5464936 0.1089649 0.0389806 0.1475816
0.1150241 0.1094242 0.02316063 5575035 0.1063604 0.04130304 0.1480234
0.112211 0.1125416 0.02403119 5705165 0.1037815 0.04365289 0.1484882
0.112211 0.1125416 0.02403119 5795234 0.1037815 0.04365289 0.1484882
0.1090487 0.1153541 0.02491122 5915359 0.1010032 0.04567134 0.1489509
0.1057392 0.1183089 0.02584079 6025442 0.09815186 0.04782307 0.1494548
0.1057392 0.1183089 0.02584079 6135553 0.09815186 0.04782307 0.1494548
0.1024388 0.1210177 0.02660868 6245657 0.09568083 0.05005682 0.1499988
0.09911972 0.1234537 0.02716609 6355736 0.09337156 0.05220425 0.1504411
0.09911972 0.1234537 0.02716609 6476023 0.09337156 0.05220425 0.1504411
0.09614789 0.1260644 0.02798652 6585948 0.09128033 0.05441117 0.1510652
0.09287566 0.1281139 0.02865751 6696043 0.08898913 0.05618858 0.1516124
0.09287566 0.1281139 0.02865751 6806142 0.08898913 0.05618858 0.1516124
0.08984357 0.1305671 0.02968325 6916242 0.08658295 0.057989 0.1522722
0.08695322 0.1330116 0.03060834 7026702 0.08426946 0.0599575 0.1529282
0.08695322 0.1330116 0.03060834 7136453 0.08426946 0.0599575 0.1529282
0.08356059 0.1348466 0.03116742 7246544 0.08191025 0.06164598 0.153418
0.08014715 0.1368234 0.0320027 7366652 0.07967727 0.06316721 0.1539896
0.08014715 0.1368234 0.0320027 7476760 0.07967727 0.06316721 0.1539896
0.076792 0.1387016 0.03283473 7586859 0.0774502 0.06452405 0.1545044
0.07374287 0.1404532 0.03344964 7696958 0.07513247 0.06601787 0.1549556
0.07374287 0.1404532 0.03344964 7817059 0.07513247 0.06601787 0.1549556
0.0706206 0.1422117 0.03400992 7917185 0.07287244 0.06765401 0.1554279
0.06750381 0.1438768 0.03455734 8027329 0.07079469 0.06919336 0.1558743
0.06750381 0.1438768 0.03455734 8147353 0.07079469 0.06919336 0.1558743
0.06425977 0.1455367 0.03520881 8257456 0.0687099 0.07074881 0.1564244
0.06097704 0.1468351 0.03571739 8367555 0.06650411 0.07204032 0.1568844
0.06097704 0.1468351 0.03571739 8477655 0.06650411 0.07204032 0.1568844
0.05773717 0.1482254 0.03635189 8597759 0.06410538 0.07314777 0.1573025
0.05436033 0.1496333 0.03689108 8727877 0.06160747 0.07426655 0.1576122
0.05436033 0.1496333 0.03689108 8817966 0.06160747 0.07426655 0.1576122
0.05085021 0.1509219 0.03723404 8928061 0.05934255 0.07560647 0.157906
0.0472309 0.1519364 0.03735799 9038157 0.05713557 0.07690477 0.158099
0.0472309 0.1519364 0.03735799 9148256 0.05713557 0.07690477 0.158099
0.0437029 0.1527838 0.03753856 9268377 0.05486714 0.07793868 0.1582855
0.04011953 0.1537273 0.03788419 9378468 0.0523666 0.07884252 0.1585015
0.04011953 0.1537273 0.03788419 9478566 0.0523666 0.07884252 0.1585015
0.03652775 0.1545089 0.03809218 9598683 0.04967772 0.07960749 0.158604
0.03267986 0.1551938 0.03813312 9708766 0.04695355 0.08041859 0.1585954
0.03267986 0.1551938 0.03813312 9818865 0.04695355 0.08041859 0.1585954
0.02892142 0.1557113 0.03818033 9928965 0.04434286 0.08121097 0.1586716
0.02512556 0.1561284 0.03839422 10049073 0.04183816 0.08180249 0.158821
0.02512556 0.1561284 0.03839422 10159180 0.04183816 0.08180249 0.158821
0.02088332 0.156249 0.03860057 10269272 0.03903912 0.08204758 0.1588951
0.01701164 0.1564853 0.03854884 10379371 0.03599392 0.08232915 0.1587436
0.01701164 0.1564853 0.03854884 10499475 0.03599392 0.08232915 0.1587436
0.01288885 0.1563272 0.03810034 10629601 0.03278368 0.08256733 0.1583913
0.008798419 0.1562147 0.03774229 10709665 0.02978109 0.082672 0.1579814
0.008798419 0.1562147 0.03774229 10819764 0.02978109 0.082672 0.1579814
0.004365741 0.1558008 0.0372794 10939877 0.0266286 0.08256614 0.1574763
0.0001540771 0.1550132 0.03637915 11049972 0.02362733 0.08249319 0.1567789
0.0001540771 0.1550132 0.03637915 11160071 0.02362733 0.08249319 0.1567789
-0.003935696 0.1541506 0.03531424 11270171 0.02071022 0.08247817 0.1559869
-0.007928372 0.1532345 0.03435902 11400519 0.01790594 0.08231711 0.155229
-0.007928372 0.1532345 0.03435902 11500387 0.01790594 0.08231711 0.155229
-0.01213771 0.1521337 0.03369483 11610482 0.01500504 0.0818423 0.1546437
-0.01627254 0.1511749 0.03324283 11720581 0.01200639 0.08121645 0.1541244
-0.01627254 0.1511749 0.03324283 11830697 0.01200639 0.08121645 0.1541244
-0.02031004 0.1501741 0.03281923 11940776 0.008995641 0.08054686 0.1536475
-0.02421004 0.1493536 0.03243297 12060897 0.006166447 0.08011568 0.1532205
-0.02421004 0.1493536 0.03243297 12170996 0.006166447 0.08011568 0.1532205
-0.02778476 0.1481745 0.03177892 12281083 0.003725577 0.07969034 0.1527056
-0.0312345 0.1473066 0.03132486 12391182 0.001369704 0.07941949 0.1522983
-0.0312345 0.1473066 0.03132486 12501290 0.001369704 0.07941949 0.1522983
-0.03451914 0.146199 0.03078774 12611381 -0.0009175649 0.07896948 0.1518554
-0.03793782 0.1451601 0.03032236 12721485 -0.003281247 0.07844341 0.1513763
-0.03793782 0.1451601 0.03032236 12831584 -0.003281247 0.07844341 0.1513763
-0.04094958 0.144112 0.02981531 12961701 -0.005443822 0.0779897 0.1509492
-0.04414827 0.1431166 0.02949017 13061796 -0.007550489 0.07748139 0.150564
-0.04414827 0.1431166 0.02949017 13171891 -0.007550489 0.07748139 0.150564
-0.04704428 0.1421745 0.02923188 13281986 -0.009398948 0.07702637 0.1502476
-0.05003387 0.1410061 0.0289904 13392086 -0.0113181 0.07641101 0.1499648
-0.05003387 0.1410061 0.0289904 13502185 -0.0113181 0.07641101 0.1499648
-0.05260092 0.1401081 0.02877355 13612422 -0.01307131 0.07591975 0.1497013
-0.05503285 0.1390603 0.02840058 13732397 -0.01475949 0.07551205 0.1494209
-0.05503285 0.1390603 0.02840058 13842496 -0.01475949 0.07551205 0.1494209
-0.05746591 0.1378748 0.02805883 13952596 -0.01630343 0.07505727 0.1491615
-0.06021941 0.1368504 0.02815832 14072724 -0.01794339 0.07450795 0.1491228
-0.06021941 0.1368504 0.02815832 14172794 -0.01794339 0.07450795 0.1491228
-0.06326991 0.1358 0.0285086 14292903 -0.01996429 0.07366002 0.1492127
-0.06564093 0.134685 0.02874588 14392993 -0.02160062 0.0726856 0.1492563
-0.06870788 0.1331944 0.02895145 14523110 -0.02352567 0.07177866 0.149338
-0.06870788 0.1331944 0.02895145 14623197 -0.02352567 0.07177866 0.149338
-0.07158452 0.131505 0.02912938 14733300 -0.02519036 0.07074249 0.1493864
-0.07373387 0.1299224 0.02935843 14873423 -0.02649714 0.06954598 0.1494818
-0.07373387 0.1299224 0.02935843 14953495 -0.02649714 0.06954598 0.1494818
-0.07479227 0.1279743 0.02910902 15073607 -0.02739866 0.06802809 0.149386
-0.07479227 0.1279743 0.02910902 15183703 -0.02739866 0.06802809 0.149386
-0.07726234 0.1262618 0.02949494 15293806 -0.02903105 0.0666374 0.1495987
-0.0797686 0.1243358 0.02994771 15403905 -0.03044559 0.06516922 0.1498344
-0.08207214 0.1225595 0.0304755 15514013 -0.03192676 0.06373537 0.1501893
-0.08207214 0.1225595 0.0304755 15624104 -0.03192676 0.06373537 0.1501893
-0.08425355 0.1206008 0.0309111 15744216 -0.03316892 0.06237185 0.1505188
-0.08425355 0.1206008 0.0309111 15854308 -0.03316892 0.06237185 0.1505188
-0.08609122 0.1183931 0.03104007 15964411 -0.0341828 0.06097972 0.1506874
-0.08774793 0.1157947 0.03107002 16084519 -0.03501667 0.05938089 0.1508329
-0.08925116 0.1128452 0.03092163 16184610 -0.03574891 0.05746329 0.1508241
-0.08925116 0.1128452 0.03092163 16304718 -0.03574891 0.05746329 0.1508241
-0.090599 0.110027 0.0311109 16414822 -0.03645219 0.05529833 0.151024
-0.09169996 0.1069692 0.03104701 16524929 -0.03704811 0.05297482 0.1510638
-0.09169996 0.1069692 0.03104701 16635016 -0.03704811 0.05297482 0.1510638
-0.09270591 0.103334 0.03066554 16745128 -0.03758539 0.05040646 0.150943
-0.0935539 0.09973884 0.03048237 16855215 -0.03786327 0.0477699 0.1509151
-0.0935539 0.09973884 0.03048237 16965314 -0.03786327 0.0477699 0.1509151
-0.09432483 0.09575438 0.03030661 17085419 -0.03787149 0.04489005 0.1508557
-0.09537899 0.09196675 0.0304926 17215544 -0.03797824 0.04192531 0.1509387
-0.09537899 0.09196675 0.0304926 17305617 -0.03797824 0.04192531 0.1509387
-0.09645152 0.08782232 0.03025268 17415721 -0.03846354 0.03876984 0.1508242
-0.09772635 0.08347952 0.03003061 17525938 -0.0389886 0.03544891 0.1506506
-0.09772635 0.08347952 0.03003061 17645925 -0.0389886 0.03544891 0.1506506
-0.09918064 0.07908821 0.02980816 17746015 -0.03985966 0.032197 0.150591
-0.1006116 0.07475817 0.0301088 17866127 -0.04030062 0.02877843 0.1507517
-0.1006116 0.07475817 0.0301088 17996253 -0.04030062 0.02877843 0.1507517
-0.1020538 0.07048178 0.03041932 18086330 -0.04086066 0.02529359 0.1509169
-0.1035156 0.06590998 0.03045008 18196421 -0.04163427 0.02173257 0.1509711
-0.1035156 0.06590998 0.03045008 18306699 -0.04163427 0.02173257 0.1509711
-0.104795 0.06142402 0.03040189 18426629 -0.04251004 0.01823342 0.1510726
-0.1061758 0.05707133 0.03047932 18526723 -0.04331459 0.01476574 0.1511647
-0.1061758 0.05707133 0.03047932 18646832 -0.04331459 0.01476574 0.1511647
-0.1076767 0.05292654 0.03088516 18786958 -0.04405136 0.01146781 0.151464
-0.1091722 0.04881525 0.03116761 18867055 -0.0448289 0.008355737 0.1517048
-0.1091722 0.04881525 0.03116761 18977134 -0.0448289 0.008355737 0.1517048
-0.1102618 0.04503798 0.03128056 19097238 -0.04553099 0.005432248 0.1518938
-0.1114767 0.04147518 0.03165609 19197325 -0.04620243 0.002496123 0.1521806
-0.1114767 0.04147518 0.03165609 19317441 -0.04620243 0.002496123 0.1521806
-0.1124531 0.03813171 0.03211942 19427536 -0.04680706 -0.000464201 0.1525652
-0.1131408 0.0350101 0.03257937 19557654 -0.04722084 -0.003177404 0.1530058
-0.1131408 0.0350101 0.03257937 19647735 -0.04722084 -0.003177404 0.1530058
-0.1139947 0.03178072 0.0329316 19757838 -0.04741241 -0.005452037 0.1532926
-0.1144086 0.02874517 0.03300134 19867930 -0.04740329 -0.007561326 0.1534105
-0.1144086 0.02874517 0.03300134 19988042 -0.04740329 -0.007561326 0.1534105
-0.1147296 0.02567554 0.03296631 20098142 -0.04744966 -0.009746671 0.1534857
-0.1149634 0.02268779 0.03301683 20208241 -0.04745061 -0.01208615 0.1535948
-0.1149634 0.02268779 0.03301683 20328349 -0.04745061 -0.01208615 0.1535948
-0.1150955 0.01950681 0.03309357 20438449 -0.04736794 -0.01445591 0.1537822
-0.115499 0.01610196 0.03324449 20538539 -0.04733486 -0.01696527 0.1539361
-0.115499 0.01610196 0.03324449 20658664 -0.04733486 -0.01696527 0.1539361
-0.1154096 0.0127846 0.03317269 20768747 -0.04713411 -0.01952875 0.1540055
-0.115196 0.009250045 0.03292849 20878846 -0.04677923 -0.02207088 0.1539425
-0.115196 0.009250045 0.03292849 20988945 -0.04677923 -0.02207088 0.1539425
-0.1145933 0.006027699 0.03267322 21099041 -0.04629327 -0.02467525 0.1539114
-0.1138063 0.002553105 0.03238247 21209148 -0.04567082 -0.02748811 0.1538787
-0.1138063 0.002553105 0.03238247 21329252 -0.04567082 -0.02748811 0.1538787
-0.1130669 -0.001030803 0.0322297 21439356 -0.04495878 -0.0304054 0.1539041
-0.1121422 -0.0045681 0.03201663 21549447 -0.04406525 -0.03339279 0.1538399
-0.1121422 -0.0045681 0.03201663 21659551 -0.04406525 -0.03339279 0.1538399
-0.111058 -0.008333325 0.0315643 21769650 -0.04310871 -0.03635442 0.1536461
-0.109915 -0.01218987 0.03111811 21879745 -0.04205538 -0.03930366 0.1534544
-0.109915 -0.01218987 0.03111811 21989861 -0.04205538 -0.03930366 0.1534544
-0.1086338 -0.01600671 0.03068781 22109973 -0.0410731 -0.04259169 0.1533053
-0.1072792 -0.01986897 0.03040527 22220056 -0.04009826 -0.04604435 0.1533191
-0.1072792 -0.01986897 0.03040527 22330362 -0.04009826 -0.04604435 0.1533191
-0.1058629 -0.02381778 0.03017326 22440251 -0.03892882 -0.04948008 0.1533298
-0.104541 -0.02773952 0.02991737 22550354 -0.03770591 -0.05279601 0.1532522
-0.1031182 -0.03170943 0.02961331 22690692 -0.03645207 -0.05615962 0.1531611
-0.1031182 -0.03170943 0.02961331 22781219 -0.03645207 -0.05615962 0.1531611
-0.1015751 -0.03586876 0.02933059 22890658 -0.03527118 -0.05962276 0.1532087
-0.1015751 -0.03586876 0.02933059 23000761 -0.03527118 -0.05962276 0.1532087
-0.1001305 -0.04002273 0.02920054 23111221 -0.03408016 -0.06325412 0.153313
-0.09851229 -0.04407024 0.02900195 23220960 -0.03278876 -0.0667454 0.1533905
-0.09851229 -0.04407024 0.02900195 23331063 -0.03278876 -0.0667454 0.1533905
-0.09641278 -0.04791462 0.02849994 23451362 -0.03125073 -0.07004058 0.1532822
-0.09410489 -0.05162609 0.02785343 23561267 -0.02957941 -0.0731672 0.153068
-0.09410489 -0.05162609 0.02785343 23671366 -0.02957941 -0.0731672 0.153068
-0.09176999 -0.055179 0.02745425 23781461 -0.02775175 -0.07621872 0.153014
-0.08972526 -0.05874896 0.02738005 23891561 -0.02596725 -0.07940888 0.1531351
-0.08972526 -0.05874896 0.02738005 24001664 -0.02596725 -0.07940888 0.1531351
-0.08747506 -0.06204009 0.02744163 24121768 -0.0240298 -0.08261621 0.1533685
-0.08526868 -0.06546044 0.02726573 24241877 -0.02216829 -0.08578229 0.153407
-0.08526868 -0.06546044 0.02726573 24341983 -0.02216829 -0.08578229 0.153407
-0.08285481 -0.06870174 0.02702324 24452067 -0.02021958 -0.08867896 0.1534511
-0.08026814 -0.07138276 0.02700783 24562166 -0.01805623 -0.09141767 0.1536354
-0.08026814 -0.07138276 0.02700783 24672281 -0.01805623 -0.09141767 0.1536354
-0.07793438 -0.07432592 0.02714408 24792374 -0.01601924 -0.09427989 0.1539297
-0.07579356 -0.07734609 0.02736203 24892476 -0.01416124 -0.0972172 0.1542984
-0.07579356 -0.07734609 0.02736203 25012576 -0.01416124 -0.0972172 0.1542984
-0.07352757 -0.08043444 0.02729182 25122672 -0.01231648 -0.1000546 0.1544708
-0.07114738 -0.08364546 0.02717474 25232771 -0.01036502 -0.1026595 0.1546511
-0.07114738 -0.08364546 0.02717474 25342895 -0.01036502 -0.1026595 0.1546511
-0.06905085 -0.08689427 0.02726782 25462999 -0.008643042 -0.1053951 0.1549975
-0.06687504 -0.08968711 0.02779842 25563085 -0.006582152 -0.1080197 0.1556066
-0.06687504 -0.08968711 0.02779842 25683182 -0.006582152 -0.1080197 0.1556066
-0.06512862 -0.09260571 0.02826356 25793281 -0.005127322 -0.1109369 0.1562091
-0.06289411 -0.09538436 0.02845851 25903380 -0.00348128 -0.1136299 0.1566906
-0.06289411 -0.09538436 0.02845851 26013476 -0.00348128 -0.1136299 0.1566906
-0.06024784 -0.09813738 0.02851333 26133588 -0.001533877 -0.1158022 0.157148
-0.05787235 -0.1011767 0.02853559 26233686 0.0002630834 -0.1180962 0.1575327
-0.05787235 -0.1011767 0.02853559 26353791 0.0002630834 -0.1180962 0.1575327
-0.05579913 -0.103057 0.02918431 26463894 0.002174127 -0.1202549 0.1582176
-0.05334717 -0.1053123 0.02958945 26574164 0.004000891 -0.1225567 0.1588956
-0.05064899 -0.1083162 0.02949933 26684081 0.005709636 -0.1250123 0.1593115
-0.05064899 -0.1083162 0.02949933 26804197 0.005709636 -0.1250123 0.1593115
-0.04801965 -0.1098803 0.02978051 26914293 0.007745433 -0.1267382 0.1598279
-0.0454756 -0.1114506 0.03016842 27024392 0.009761321 -0.1285149 0.1604141
-0.0454756 -0.1114506 0.03016842 27134491 0.009761321 -0.1285149 0.1604141
-0.04284596 -0.112865 0.03071755 27244595 0.01188194 -0.1302713 0.1611328
-0.03992194 -0.1142834 0.03115444 27354698 0.01412355 -0.1319081 0.1618247
-0.03992194 -0.1142834 0.03115444 27464785 0.01412355 -0.1319081 0.1618247
-0.03683871 -0.1155609 0.03126828 27574889 0.01631843 -0.1332866 0.1622888
-0.0336566 -0.1164979 0.03133331 27715262 0.01856833 -0.1343845 0.1627063
-0.0336566 -0.1164979 0.03133331 27805096 0.01856833 -0.1343845 0.1627063
-0.03036898 -0.1173394 0.0313188 27915212 0.02093618 -0.1353958 0.1630306
-0.02678478 -0.117943 0.03132115 28025295 0.02340471 -0.1363722 0.1634106
-0.02678478 -0.117943 0.03132115 28145404 0.02340471 -0.1363722 0.1634106
-0.02293891 -0.118241 0.03137504 28255503 0.02605449 -0.1373104 0.1638222
-0.01857293 -0.1178523 0.03163738 28365598 0.02921974 -0.1378496 0.1643861
-0.01857293 -0.1178523 0.03163738 28475702 0.02921974 -0.1378496 0.1643861
-0.01431859 -0.117968 0.03146574 28585797 0.03220372 -0.1383945 0.1645998
-0.009963691 -0.1183732 0.03101663 28695900 0.035192 -0.13878 0.1646234
-0.009963691 -0.1183732 0.03101663 28806004 0.035192 -0.13878 0.1646234
-0.005623043 -0.1185342 0.03064766 28926112 0.03820108 -0.1392499 0.1646497
-0.001029969 -0.1180127 0.03074128 29026632 0.04188811 -0.1400453 0.1648265
-0.001029969 -0.1180127 0.03074128 29146307 0.04188811 -0.1400453 0.1648265
0.003416478 -0.1178637 0.03058576 29266419 0.04497408 -0.1406587 0.1649718
0.008039832 -0.1176567 0.03015615 29366506 0.04802715 -0.1410779 0.1649104
0.008039832 -0.1176567 0.03015615 29476605 0.04802715 -0.1410779 0.1649104
0.01296186 -0.1174512 0.02936768 29606726 0.05114948 -0.1412038 0.1645852
0.01775163 -0.1173301 0.02848274 29696804 0.05442261 -0.1413369 0.1640746
0.01775163 -0.1173301 0.02848274 29816908 0.05442261 -0.1413369 0.1640746
0.02236533 -0.11713 0.02779615 29927011 0.05759989 -0.1414014 0.1637214
0.02702022 -0.1165707 0.02740378 30037107 0.0607851 -0.1416696 0.1635516
0.02702022 -0.1165707 0.02740378 30147226 0.0607851 -0.1416696 0.1635516
0.03175145 -0.1157219 0.02696088 30257309 0.063996 -0.1416993 0.1633123
0.0369007 -0.11467 0.02628141 30377414 0.06728469 -0.1414328 0.162908
0.0369007 -0.11467 0.02628141 30477512 0.06728469 -0.1414328 0.162908
0.04220343 -0.113603 0.02536121 30597617 0.07075517 -0.1409483 0.1622673
0.04777348 -0.1123705 0.02450467 30707712 0.07440625 -0.1401957 0.1617005
0.04777348 -0.1123705 0.02450467 30817811 0.07440625 -0.1401957 0.1617005
0.05310953 -0.1108464 0.02385626 30927931 0.07798545 -0.1395401 0.161203
0.05807322 -0.1093299 0.02329881 31038014 0.0815963 -0.1386445 0.1607527
0.05807322 -0.1093299 0.02329881 31168135 0.0815963 -0.1386445 0.1607527
0.06349546 -0.1072806 0.02288914 31268218 0.08519135 -0.1378218 0.1603765
0.06878144 -0.1053374 0.02231649 31378325 0.08861242 -0.137008 0.15983
0.06878144 -0.1053374 0.02231649 31488420 0.08861242 -0.137008 0.15983
0.07392073 -0.1034839 0.02161063 31608525 0.09196393 -0.1358929 0.1591983
0.07936114 -0.1010528 0.02109391 31708615 0.09553443 -0.1345638 0.15865
0.07936114 -0.1010528 0.02109391 31818718 0.09553443 -0.1345638 0.15865
0.08461809 -0.09855282 0.02073213 31938843 0.09915005 -0.1329285 0.1582581
0.08949769 -0.09606016 0.02046841 32048938 0.1025208 -0.131375 0.1579075
0.08949769 -0.09606016 0.02046841 32159026 0.1025208 -0.131375 0.1579075
0.09414595 -0.09370911 0.02025615 32279280 0.1056654 -0.1300411 0.1575643
0.09848863 -0.09110641 0.02035137 32379228 0.1086455 -0.1286274 0.1574472
0.09848863 -0.09110641 0.02035137 32499345 0.1086455 -0.1286274 0.1574472
0.1027452 -0.08864903 0.02049852 32599423 0.1116112 -0.1273277 0.157362
0.1067969 -0.08610249 0.02072783 32719548 0.1143843 -0.1259054 0.1573456
0.1067969 -0.08610249 0.02072783 32829627 0.1143843 -0.1259054 0.1573456
0.1107985 -0.08362448 0.02086049 32939726 0.1170943 -0.1243451 0.1572733
0.1149067 -0.08117139 0.0209944 33049829 0.1196273 -0.1228263 0.1571885
0.1149067 -0.08117139 0.0209944 33169934 0.1196273 -0.1228263 0.1571885
0.1183195 -0.07905877 0.02105904 33270032 0.1218514 -0.1216053 0.1570133
0.1217759 -0.07666159 0.02146042 33400146 0.1240597 -0.1203856 0.1570673
0.1217759 -0.07666159 0.02146042 33500232 0.1240597 -0.1203856 0.1570673
0.125238 -0.07423782 0.02189468 33610716 0.1264077 -0.1188473 0.1572272
0.1285753 -0.07178378 0.02220278 33720431 0.1286369 -0.1173478 0.1572219
0.1285753 -0.07178378 0.02220278 33830534 0.1286369 -0.1173478 0.1572219
0.1316854 -0.06955719 0.0224103 33950638 0.1307381 -0.1158034 0.157194
0.1345147 -0.0671947 0.02286199 34050729 0.1326929 -0.1144763 0.1572769
0.1345147 -0.0671947 0.02286199 34170841 0.1326929 -0.1144763 0.1572769
0.1372037 -0.06480038 0.02343285 34280936 0.1344824 -0.1132342 0.1574217
0.1398517 -0.06222248 0.02413075 34391040 0.1362142 -0.1118052 0.1576769
0.1398517 -0.06222248 0.02413075 34501139 0.1362142 -0.1118052 0.1576769
0.1424857 -0.05966651 0.02464097 34621252 0.137938 -0.1103534 0.157744
0.1450338 -0.05710769 0.02504748 34721334 0.1395441 -0.1088501 0.1577081
0.1450338 -0.05710769 0.02504748 34841442 0.1395441 -0.1088501 0.1577081
0.1478696 -0.054281 0.02551584 34961559 0.1411673 -0.1071699 0.1576677
0.1505333 -0.05173314 0.02575699 35061645 0.1427224 -0.1054614 0.1575087
0.1505333 -0.05173314 0.02575699 35171761 0.1427224 -0.1054614 0.1575087
0.1532052 -0.04884505 0.02619399 35281868 0.1443902 -0.1034702 0.1575128
0.1553671 -0.04625225 0.02637971 35401952 0.1459486 -0.1015161 0.157389
0.1553671 -0.04625225 0.02637971 35512051 0.1459486 -0.1015161 0.157389
0.1577617 -0.04357338 0.02655901 35622151 0.147339 -0.09970343 0.1571233
0.160256 -0.04093516 0.02665932 35742255 0.1485919 -0.09796059 0.1567297
0.160256 -0.04093516 0.02665932 35842350 0.1485919 -0.09796059 0.1567297
0.1626306 -0.0381453 0.02683482 35952445 0.1499963 -0.0958122 0.1565312
0.1649953 -0.03517056 0.02710018 36062564 0.1515964 -0.09352863 0.1564101
0.1649953 -0.03517056 0.02710018 36182661 0.1515964 -0.09352863 0.1564101
0.1671724 -0.03227305 0.0272757 36292756 0.1531286 -0.09115374 0.1562799
0.1690436 -0.02966273 0.02728038 36402855 0.1543674 -0.08910036 0.1559584
0.1690436 -0.02966273 0.02728038 36512955 0.1543674 -0.08910036 0.1559584
0.1710818 -0.02671957 0.02763719 36623058 0.1554406 -0.0871731 0.1557269
0.1728594 -0.02407038 0.02789188 36743162 0.1564095 -0.08527076 0.1555248
0.1728594 -0.02407038 0.02789188 36853258 0.1564095 -0.08527076 0.1555248
0.1745644 -0.02122366 0.02818619 36983395 0.1575637 -0.08299911 0.1554694
0.1760327 -0.01856935 0.02822673 37073465 0.1585748 -0.08079469 0.1552286
0.1760327 -0.01856935 0.02822673 37183564 0.1585748 -0.08079469 0.1552286
0.1774371 -0.01599145 0.028185 37293655 0.1592785 -0.07873142 0.1548349
0.1788521 -0.01389635 0.02795822 37403763 0.1598812 -0.07707953 0.1542683
0.1788521 -0.01389635 0.02795822 37523863 0.1598812 -0.07707953 0.1542683
0.1800243 -0.01160991 0.02782725 37633991 0.1603898 -0.07547295 0.1536932
0.1811495 -0.00920701 0.0277118 37754079 0.1609961 -0.07353282 0.1532597
0.1811495 -0.00920701 0.0277118 37854161 0.1609961 -0.07353282 0.1532597
0.1820811 -0.006986856 0.02741225 37964268 0.1617129 -0.07147276 0.1528433
0.1829792 -0.004908323 0.02709081 38074360 0.1622383 -0.06961715 0.1523459
0.1829792 -0.004908323 0.02709081 38184459 0.1622383 -0.06961715 0.1523459
0.1838043 -0.002733111 0.02685148 38304572 0.1625153 -0.06796765 0.1517414
0.1845294 -0.0009138584 0.02641992 38414671 0.1627713 -0.06646526 0.1510628
0.185424 0.001153946 0.02617842 38524766 0.1631088 -0.06476343 0.1505295
0.185424 0.001153946 0.02617842 38634866 0.1631088 -0.06476343 0.1505295
0.1862085 0.003103137 0.02573535 38744973 0.1635678 -0.06292641 0.149968
0.1869777 0.005165577 0.02554764 38885104 0.1639885 -0.06120706 0.1495332
0.1869777 0.005165577 0.02554764 38975173 0.1639885 -0.06120706 0.1495332
0.1874409 0.006927609 0.02538338 39085280 0.1642701 -0.05974209 0.1491756
0.1877609 0.008710265 0.02528115 39195371 0.1646328 -0.05828965 0.1489029
0.1877609 0.008710265 0.02528115 39305503 0.1646328 -0.05828965 0.1489029
0.1880659 0.01047409 0.0252723 39415570 0.1649752 -0.05686283 0.1487179
0.1874433 0.01325917 0.02590663 39525722 0.1647732 -0.05478954 0.1490394
0.1874433 0.01325917 0.02590663 39645778 0.1647732 -0.05478954 0.1490394
0.1887934 0.01387084 0.0252963 39755893 0.1658277 -0.05393827 0.1485065
0.1883715 0.01629567 0.02595145 39865985 0.1657998 -0.05208313 0.1489193
0.1883715 0.01629567 0.02595145 39986097 0.1657998 -0.05208313 0.1489193
0.188077 0.01697564 0.02548988 40086183 0.1659509 -0.05125499 0.1486209
0.1890125 0.01947021 0.02653124 40196287 0.1664874 -0.04983628 0.1489872
0.1890125 0.01947021 0.02653124 40316399 0.1664874 -0.04983628 0.1489872
0.1890671 0.02005279 0.02618959 40426486 0.1666033 -0.04908311 0.1487533
0.1887654 0.02039123 0.02575476 40536586 0.1666797 -0.048455 0.14855
0.1887654 0.02039123 0.02575476 40646689 0.1666797 -0.048455 0.14855
0.1891354 0.02096772 0.0257694 40756780 0.1671542 -0.04788542 0.1485795
0.1891183 0.02320278 0.02686219 40866884 0.1672052 -0.04675281 0.1490599
0.1891183 0.02320278 0.02686219 40987000 0.1672052 -0.04675281 0.1490599
0.1889365 0.02359593 0.02666004 41097088 0.1671448 -0.04631853 0.148903
0.188852 0.02401423 0.02660395 41207187 0.167062 -0.04597366 0.1488052
0.188852 0.02401423 0.02660395 41317290 0.167062 -0.04597366 0.1488052
0.1885911 0.02438164 0.02652389 41437399 0.1670452 -0.04557848 0.1487843
0.1882647 0.024652 0.02637595 41537485 0.167149 -0.04521739 0.1487632
0.1882647 0.024652 0.02637595 41657597 0.167149 -0.04521739 0.1487632
0.1889862 0.0250659 0.02660681 41767701 0.1676456 -0.04487801 0.1489125
0.1891 0.02539504 0.0265839 41887805 0.1677397 -0.04454339 0.1488893
0.1891 0.02539504 0.0265839 41987895 0.1677397 -0.04454339 0.1488893
0.1894498 0.02715743 0.02770166 42097995 0.1679577 -0.04373085 0.1494357
0.1892806 0.02733946 0.02785872 42238121 0.1680974 -0.04360986 0.1496114
0.1892806 0.02733946 0.02785872 42328203 0.1680974 -0.04360986 0.1496114
0.189087 0.02750158 0.02815087 42438302 0.168258 -0.04361999 0.1498642
0.1890003 0.02760875 0.02842014 42548401 0.1684329 -0.04366338 0.1500899
0.1890003 0.02760875 0.02842014 42658517 0.1684329 -0.04366338 0.1500899
0.1891221 0.0276469 0.0286185 42768604 0.1685153 -0.04368818 0.1502447
0.1892391 0.02783704 0.02893949 42878699 0.1685437 -0.04373777 0.1504097
0.1892391 0.02783704 0.02893949 43018822 0.1685437 -0.04373777 0.1504097
0.1892276 0.0279572 0.02933362 43108923 0.1686258 -0.04387331 0.1506686
0.1890518 0.02794266 0.02958173 43219002 0.1687807 -0.04393291 0.1509458
0.1890518 0.02794266 0.02958173 43329122 0.1687807 -0.04393291 0.1509458
0.1888199 0.0279938 0.02985236 43449214 0.1689622 -0.04399288 0.1512189
0.1886193 0.02818096 0.03014876 43549309 0.1690737 -0.0440402 0.1514266
0.1886193 0.02818096 0.03014876 43659404 0.1690737 -0.0440402 0.1514266
0.1884081 0.02852166 0.03051179 43779508 0.168995 -0.04407167 0.1515886
0.1882735 0.02888143 0.03086527 43889612 0.1688692 -0.04404223 0.1517448
0.1882735 0.02888143 0.03086527 43999707 0.1688692 -0.04404223 0.1517448
0.1881852 0.02920496 0.03119655 44109806 0.1687519 -0.04400909 0.1518958
0.1881918 0.029441 0.03148471 44219906 0.1686994 -0.0439986 0.1520373
0.1881918 0.029441 0.03148471 44330009 0.1686994 -0.0439986 0.1520373
0.1883246 0.02961063 0.03174307 44440104 0.1686659 -0.0440104 0.1521579
0.1884927 0.02982771 0.03208581 44560237 0.1687779 -0.04411614 0.1522935
0.1884927 0.02982771 0.03208581 44670316 0.1687779 -0.04411614 0.1522935
0.1887408 0.03017092 0.03263156 44780411 0.168912 -0.0442543 0.152523
0.1891716 0.0304178 0.03316079 44890523 0.1691307 -0.04443657 0.1527494
0.1891716 0.0304178 0.03316079 45000622 0.1691307 -0.04443657 0.1527494
0.1897317 0.03086555 0.03403217 45110710 0.1693256 -0.04473782 0.1530867
0.1898406 0.03099191 0.03465448 45240831 0.1694209 -0.04506767 0.1534157
0.1898406 0.03099191 0.03465448 45340917 0.1694209 -0.04506767 0.1534157
0.1901482 0.03159773 0.03596694 45451021 0.1697474 -0.04541516 0.1541155
0.1897847 0.03188288 0.03697615 45561120 0.1696404 -0.04597402 0.1546144
