0.2944427 -0.0008512068 0.01090894 0 0.2299837 0.008356637 0.1376627
0.294257 -0.0009065199 0.01082585 120291 0.229829 0.008264965 0.1375979
0.294257 -0.0009065199 0.01082585 230228 0.229829 0.008264965 0.1375979
0.2939354 -0.0008986521 0.01074335 340311 0.2295805 0.00818891 0.1375586
0.2935125 -0.0009313154 0.01060085 450407 0.2292629 0.008123822 0.1374718
0.2935125 -0.0009313154 0.01060085 560506 0.2292629 0.008123822 0.1374718
0.2928551 -0.001024656 0.01044484 700637 0.2287626 0.00799591 0.1373977
0.2920012 -0.001232676 0.01027907 780717 0.2280668 0.00787074 0.1373057
0.2920012 -0.001232676 0.01027907 900817 0.2280668 0.00787074 0.1373057
0.2909905 -0.00141304 0.0101771 1010917 0.2271952 0.007782287 0.1372671
0.2896038 -0.001514487 0.01007139 1121016 0.2260195 0.007576771 0.1372745
0.2896038 -0.001514487 0.01007139 1231115 0.2260195 0.007576771 0.1372745
0.2880958 -0.001779847 0.01008988 1341211 0.2246977 0.007270999 0.1373888
0.2858232 -0.001944356 0.009784544 1481337 0.2230049 0.007104702 0.1373707
0.2858232 -0.001944356 0.009784544 1561409 0.2230049 0.007104702 0.1373707
0.2831646 -0.00220602 0.00955381 1681522 0.2210071 0.007016845 0.1374508
0.2801076 -0.002296739 0.009395295 1791617 0.218513 0.006929464 0.1375641
0.2801076 -0.002296739 0.009395295 1901716 0.218513 0.006929464 0.1375641
0.2765529 -0.002133779 0.00934542 2011820 0.2155837 0.006766386 0.1378359
0.2728213 -0.001929455 0.009395782 2131928 0.2124197 0.006634421 0.1381768
0.2728213 -0.001929455 0.009395782 2232018 0.2124197 0.006634421 0.1381768
0.2688018 -0.001983337 0.009540167 2342284 0.2089665 0.00635261 0.1386002
0.2643197 -0.001862221 0.009519945 2462226 0.2053061 0.006125636 0.1389797
0.2643197 -0.001862221 0.009519945 2572326 0.2053061 0.006125636 0.1389797
0.2596431 -0.001660042 0.009489723 2682425 0.2014644 0.005913086 0.1393517
0.254738 -0.001460485 0.00945553 2792573 0.19745 0.005806155 0.1397304
0.254738 -0.001460485 0.00945553 2912645 0.19745 0.005806155 0.1397304
0.2499152 -0.001079373 0.009567891 3022748 0.1932658 0.005839891 0.1401406
0.2448994 -0.00084167 0.009506541 3132827 0.1890325 0.005745239 0.1404331
0.2448994 -0.00084167 0.009506541 3242931 0.1890325 0.005745239 0.1404331
0.2396787 0.0002339554 0.009372623 3353026 0.1846093 0.006004042 0.140675
0.2344046 0.001408167 0.00915548 3463129 0.1801585 0.006386943 0.1408324
0.2344046 0.001408167 0.00915548 3573229 0.1801585 0.006386943 0.1408324
0.2272867 0.001526661 0.008764757 3693349 0.1747782 0.006827302 0.1411317
0.2212887 0.002336569 0.008617819 3803433 0.1698291 0.00721509 0.1414123
0.2212887 0.002336569 0.008617819 3913536 0.1698291 0.00721509 0.1414123
0.2148305 0.002819009 0.008295189 4023639 0.1647644 0.007444687 0.1416302
0.208776 0.003236599 0.008278539 4133864 0.1597258 0.007733888 0.1419951
0.208776 0.003236599 0.008278539 4244024 0.1597258 0.007733888 0.1419951
0.2026516 0.004365749 0.008187666 4363942 0.1547012 0.008258647 0.1423214
0.1957343 0.004195399 0.007963187 4464049 0.1494158 0.008346147 0.1426614
0.1957343 0.004195399 0.007963187 4584137 0.1494158 0.008346147 0.1426614
0.1893576 0.005262799 0.007698516 4694236 0.1444045 0.008814401 0.1428756
0.1831359 0.006107397 0.007556887 4804336 0.1393632 0.009279436 0.1431303
0.1764001 0.006051488 0.007425194 4914443 0.1341242 0.009473867 0.1434667
0.1764001 0.006051488 0.007425194 5024534 0.1341242 0.009473867 0.1434667
0.1702951 0.006819553 0.007339757 5134634 0.1291851 0.009907431 0.1437461
0.1636363 0.006827183 0.007203038 5264751 0.1242293 0.01003248 0.1441084
0.1636363 0.006827183 0.007203038 5364846 0.1242293 0.01003248 0.1441084
0.1574208 0.007519789 0.007241405 5474957 0.1192759 0.01031572 0.1445127
0.1510801 0.007971114 0.007174876 5585044 0.1143626 0.01049621 0.1448401
0.1510801 0.007971114 0.007174876 5695144 0.1143626 0.01049621 0.1448401
0.1450546 0.008353776 0.007180024 5805247 0.1096752 0.01076788 0.1451971
0.1388819 0.008522934 0.00716388 5925347 0.1048376 0.01087326 0.1455175
0.1388819 0.008522934 0.00716388 6035455 0.1048376 0.01087326 0.1455175
0.1326805 0.008575506 0.007138104 6145550 0.100019 0.01090831 0.1458249
0.1267505 0.008887715 0.007151559 6255658 0.09541356 0.01114292 0.1461449
0.1267505 0.008887715 0.007151559 6385767 0.09541356 0.01114292 0.1461449
0.1208165 0.009053773 0.00719382 6485857 0.09067147 0.0111627 0.1464528
0.1152208 0.009336061 0.007210168 6595957 0.08621549 0.01123721 0.146714
0.1152208 0.009336061 0.007210168 6706052 0.08621549 0.01123721 0.146714
0.1091263 0.009055085 0.007237576 6816167 0.08156513 0.01112074 0.1470316
0.1032134 0.00911755 0.007280079 6926267 0.07702815 0.01109714 0.1473396
0.1032134 0.00911755 0.007280079 7036423 0.07702815 0.01109714 0.1473396
0.09750432 0.009009547 0.007163578 7166488 0.07259583 0.01097102 0.147456
0.09168696 0.009346432 0.007107499 7266562 0.06821954 0.01107485 0.1476512
0.09168696 0.009346432 0.007107499 7376673 0.06821954 0.01107485 0.1476512
0.08608085 0.009194798 0.007005504 7486761 0.06387591 0.01097876 0.1477535
0.08013964 0.009306735 0.006832575 7596876 0.05955546 0.01112527 0.1478263
0.08013964 0.009306735 0.006832575 7706971 0.05955546 0.01112527 0.1478263
0.07448876 0.00929553 0.006649424 7817071 0.05515825 0.01134903 0.1478173
0.06841445 0.009951181 0.006796066 7937179 0.05019533 0.01165397 0.1481163
0.06841445 0.009951181 0.006796066 8047270 0.05019533 0.01165397 0.1481163
0.06299628 0.008875079 0.006846072 8157366 0.04562353 0.01120645 0.1482639
0.05645806 0.01072366 0.006928591 8277470 0.04097652 0.01203377 0.1485791
0.05645806 0.01072366 0.006928591 8387573 0.04097652 0.01203377 0.1485791
0.05112976 0.009634799 0.006986656 8497673 0.03659372 0.01156671 0.1487302
0.04577023 0.009848661 0.007138573 8627790 0.03228788 0.01176698 0.1489864
0.04577023 0.009848661 0.007138573 8717872 0.03228788 0.01176698 0.1489864
0.04007709 0.01014347 0.007284673 8827971 0.02793961 0.0119384 0.1492555
0.03435547 0.01042182 0.007538346 8938070 0.02353733 0.01203949 0.1496179
0.03435547 0.01042182 0.007538346 9048166 0.02353733 0.01203949 0.1496179
0.02869982 0.01069648 0.007738329 9158269 0.01913952 0.01211924 0.1499102
0.02287275 0.01086516 0.007863772 9268372 0.01474141 0.0121587 0.1501257
0.02287275 0.01086516 0.007863772 9388550 0.01474141 0.0121587 0.1501257
0.01725292 0.01102466 0.007944591 9498576 0.01041221 0.01225466 0.150275
0.01146424 0.01113219 0.008062189 9608675 0.006012429 0.01235563 0.1504526
0.01146424 0.01113219 0.008062189 9738955 0.006012429 0.01235563 0.1504526
0.005757214 0.0114053 0.008144883 9828870 0.001665522 0.01254172 0.1505816
6.771219E-05 0.01199514 0.008289037 9938969 -0.002877604 0.01294894 0.1507554
6.771219E-05 0.01199514 0.008289037 10049186 -0.002877604 0.01294894 0.1507554
-0.005965172 0.01248486 0.008329444 10169197 -0.0074463 0.01331491 0.1508193
-0.01156613 0.01274473 0.008462873 10279281 -0.01187493 0.01355702 0.1509602
-0.01156613 0.01274473 0.008462873 10389376 -0.01187493 0.01355702 0.1509602
-0.01761389 0.01461095 0.008554603 10529502 -0.01623691 0.01450152 0.1510479
-0.02344364 0.01304383 0.008540975 10609575 -0.0208743 0.01379389 0.1510158
-0.02344364 0.01304383 0.008540975 10729683 -0.0208743 0.01379389 0.1510158
-0.02895447 0.01285583 0.008480231 10839782 -0.02520354 0.01383693 0.1509275
-0.03500965 0.01275069 0.008378387 10969904 -0.02967648 0.01383311 0.1507744
-0.03500965 0.01275069 0.008378387 11059981 -0.02967648 0.01383311 0.1507744
-0.04021838 0.01407475 0.008181986 11170084 -0.03366281 0.01451094 0.1505305
-0.04632089 0.01224906 0.008140646 11280180 -0.03844024 0.01375682 0.1504146
-0.04632089 0.01224906 0.008140646 11400308 -0.03844024 0.01375682 0.1504146
-0.05181849 0.01196534 0.008058622 11510400 -0.042713 0.01371009 0.1502567
-0.05742443 0.01155669 0.007923757 11620487 -0.04695655 0.0135451 0.1500249
-0.05742443 0.01155669 0.007923757 11730760 -0.04695655 0.0135451 0.1500249
-0.06289342 0.01132543 0.00778047 11840690 -0.0510831 0.01346499 0.1497741
-0.06774503 0.01317686 0.007583308 11950785 -0.05479247 0.01423556 0.1494895
-0.06774503 0.01317686 0.007583308 12060892 -0.05479247 0.01423556 0.1494895
-0.07374236 0.01110584 0.007655501 12181001 -0.05930604 0.01343853 0.1494032
-0.07872349 0.01282019 0.007637933 12291092 -0.0630262 0.01413388 0.1492646
-0.07872349 0.01282019 0.007637933 12421218 -0.0630262 0.01413388 0.1492646
-0.08373249 0.01254494 0.00758713 12511295 -0.06691224 0.01399178 0.1490836
-0.08889249 0.01245911 0.007595973 12621394 -0.07091213 0.01388926 0.1489498
-0.08889249 0.01245911 0.007595973 12731489 -0.07091213 0.01388926 0.1489498
-0.09402379 0.01195676 0.007461557 12841593 -0.07492192 0.01365716 0.1486652
-0.09906346 0.01140232 0.007285479 12961701 -0.078699 0.01341576 0.1483085
-0.09906346 0.01140232 0.007285479 13071797 -0.078699 0.01341576 0.1483085
-0.1038758 0.01085014 0.007089057 13191982 -0.08256169 0.0131988 0.1479665
-0.1097323 0.01040739 0.007238235 13291995 -0.08687057 0.01294298 0.1478695
-0.1097323 0.01040739 0.007238235 13412112 -0.08687057 0.01294298 0.1478695
-0.1146941 0.01000602 0.007163386 13512198 -0.09067614 0.01260859 0.1476006
-0.1195963 0.009676642 0.007022548 13632302 -0.09443451 0.01229078 0.1472591
-0.1195963 0.009676642 0.007022548 13742406 -0.09443451 0.01229078 0.1472591
-0.1245656 0.009216494 0.006898055 13852517 -0.09825243 0.01204998 0.1469189
-0.1293718 0.008513874 0.006791661 13962605 -0.1020331 0.01183075 0.1466053
-0.1293718 0.008513874 0.006791661 14072708 -0.1020331 0.01183075 0.1466053
-0.1338372 0.007619924 0.006664587 14192812 -0.105579 0.01149041 0.146281
-0.1384118 0.007340855 0.006716135 14292899 -0.1090227 0.01130766 0.1460962
-0.1384118 0.007340855 0.006716135 14413011 -0.1090227 0.01130766 0.1460962
-0.1428092 0.007279939 0.006807086 14523297 -0.1122915 0.01120145 0.1459457
-0.1471587 0.007076926 0.006992447 14633210 -0.1156073 0.01108605 0.1458978
-0.1471587 0.007076926 0.006992447 14743305 -0.1156073 0.01108605 0.1458978
-0.1514497 0.007060833 0.007238411 14863446 -0.118749 0.01096339 0.1458807
-0.1548262 0.006856866 0.007142514 14973513 -0.1215681 0.01083607 0.14565
-0.1548262 0.006856866 0.007142514 15083612 -0.1215681 0.01083607 0.14565
-0.1591603 0.005933709 0.007353895 15193711 -0.1248571 0.01045913 0.1455894
-0.1634583 0.005705662 0.007620477 15303815 -0.1280717 0.01029152 0.1455806
-0.1634583 0.005705662 0.007620477 15413910 -0.1280717 0.01029152 0.1455806
-0.167885 0.005272932 0.0078695 15534023 -0.1313872 0.01003999 0.1455337
-0.173252 0.00486309 0.008382211 15634117 -0.1351506 0.009746498 0.1456072
-0.1800047 0.003053493 0.00912037 15754242 -0.1394895 0.008858508 0.1456161
-0.1800047 0.003053493 0.00912037 15864337 -0.1394895 0.008858508 0.1456161
-0.1855099 0.002486176 0.009590579 15974420 -0.1432611 0.008581704 0.145547
-0.1855099 0.002486176 0.009590579 16084532 -0.1432611 0.008581704 0.145547
-0.1890453 0.002375073 0.009493768 16194623 -0.1465902 0.0088206 0.1453697
-0.1926323 0.002240486 0.009446392 16314857 -0.1499401 0.009063191 0.1452296
-0.1959916 0.002715535 0.009387156 16414813 -0.1531491 0.009487457 0.1451256
-0.1959916 0.002715535 0.009387156 16534922 -0.1531491 0.009487457 0.1451256
-0.1999447 0.003100462 0.009495122 16645029 -0.1564273 0.009806938 0.1450219
-0.2042016 0.003608889 0.009729191 16755125 -0.1598337 0.01012189 0.1449894
-0.2042016 0.003608889 0.009729191 16865224 -0.1598337 0.01012189 0.1449894
-0.2090306 0.003975458 0.01006278 16995341 -0.1633844 0.01042301 0.1449001
-0.2145819 0.004222579 0.01069169 17095432 -0.1671637 0.01082117 0.1449088
-0.2145819 0.004222579 0.01069169 17205531 -0.1671637 0.01082117 0.1449088
-0.2189008 0.004555054 0.01091549 17315626 -0.1705407 0.01129288 0.1447891
-0.2235507 0.004978485 0.01136385 17425726 -0.1739543 0.0116616 0.1447872
-0.2235507 0.004978485 0.01136385 17535829 -0.1739543 0.0116616 0.1447872
-0.2279633 0.005727119 0.0117961 17645928 -0.1771493 0.01210911 0.1447753
-0.2320676 0.006299562 0.01214061 17766037 -0.1803002 0.01254327 0.1447581
-0.2320676 0.006299562 0.01214061 17876136 -0.1803002 0.01254327 0.1447581
-0.236246 0.00660903 0.01244705 17986236 -0.1835253 0.01294071 0.1446843
-0.2373812 0.007994837 0.01175869 18096339 -0.1857401 0.01395804 0.1444383
-0.2373812 0.007994837 0.01175869 18206430 -0.1857401 0.01395804 0.1444383
-0.2420502 0.008332438 0.0122023 18316530 -0.1890093 0.01444895 0.1443216
-0.2464602 0.008796281 0.01259963 18426637 -0.1921388 0.01490242 0.1441981
-0.2464602 0.008796281 0.01259963 18546749 -0.1921388 0.01490242 0.1441981
-0.2502432 0.009479112 0.01291124 18656841 -0.1950328 0.01547057 0.1441445
-0.2537081 0.00994534 0.01312214 18766940 -0.1977933 0.01599402 0.1440542
-0.2537081 0.00994534 0.01312214 18877035 -0.1977933 0.01599402 0.1440542
-0.257131 0.01074297 0.01345039 18987139 -0.2003798 0.01656122 0.1440326
-0.260438 0.01135272 0.01362681 19097238 -0.2029373 0.01715273 0.1438815
-0.260438 0.01135272 0.01362681 19207479 -0.2029373 0.01715273 0.1438815
-0.2636163 0.0119297 0.01376815 19327446 -0.2054634 0.01773781 0.1437326
-0.2669172 0.0125621 0.0140978 19437545 -0.2079342 0.01833159 0.1436893
-0.2669172 0.0125621 0.0140978 19547645 -0.2079342 0.01833159 0.1436893
-0.2700231 0.0131721 0.01434636 19667753 -0.2102401 0.01879591 0.1435773
-0.2731327 0.01367742 0.01466053 19767843 -0.2125849 0.01924486 0.1435373
-0.2731327 0.01367742 0.01466053 19887952 -0.2125849 0.01924486 0.1435373
-0.2760571 0.01400465 0.01483935 19998067 -0.2149178 0.01969344 0.1434312
-0.2792016 0.01424546 0.01513913 20108150 -0.2172604 0.02006013 0.143341
-0.2792016 0.01424546 0.01513913 20218266 -0.2172604 0.02006013 0.143341
-0.2822535 0.01430315 0.01542462 20338378 -0.2195777 0.02032513 0.1432594
-0.285339 0.01437981 0.01572927 20438448 -0.2219976 0.02057917 0.1432271
-0.285339 0.01437981 0.01572927 20548552 -0.2219976 0.02057917 0.1432271
-0.2884175 0.01449305 0.01612552 20688674 -0.2243275 0.0207705 0.1432448
-0.2910551 0.01419217 0.01632394 20778752 -0.2265675 0.02085883 0.1432222
-0.2910551 0.01419217 0.01632394 20888851 -0.2265675 0.02085883 0.1432222
-0.2940439 0.0139702 0.01675013 20998954 -0.2287731 0.02078111 0.1432396
-0.2964436 0.01330168 0.01684239 21109054 -0.2309236 0.02062518 0.1431743
-0.2964436 0.01330168 0.01684239 21219153 -0.2309236 0.02062518 0.1431743
-0.2991879 0.01321191 0.01724641 21339265 -0.2329422 0.0205347 0.1431993
-0.3016689 0.01277704 0.01740859 21459370 -0.235036 0.0203125 0.1431445
-0.3016689 0.01277704 0.01740859 21559460 -0.235036 0.0203125 0.1431445
-0.304184 0.01228101 0.01773433 21669555 -0.2369685 0.02007122 0.1431442
-0.3066188 0.01168246 0.01794582 21779659 -0.2387998 0.01970846 0.1430154
-0.3066188 0.01168246 0.01794582 21899783 -0.2387998 0.01970846 0.1430154
-0.3087887 0.01085669 0.01797507 22009863 -0.2405394 0.01923425 0.1427873
-0.3110281 0.01016421 0.01807417 22119966 -0.2422532 0.01879317 0.1425804
-0.3110281 0.01016421 0.01807417 22230061 -0.2422532 0.01879317 0.1425804
-0.3132687 0.009554214 0.01823821 22350190 -0.2440338 0.0184154 0.1424729
-0.3152407 0.008822865 0.01817466 22450264 -0.2457476 0.01807375 0.1422367
-0.3152407 0.008822865 0.01817466 22560363 -0.2457476 0.01807375 0.1422367
-0.3172042 0.008379406 0.0182454 22680476 -0.2473067 0.01783378 0.1420646
-0.3192152 0.007847852 0.01840794 22790571 -0.2488608 0.01759703 0.1419452
-0.3192152 0.007847852 0.01840794 22900675 -0.2488608 0.01759703 0.1419452
-0.321209 0.007227964 0.01853365 23010766 -0.2505091 0.01743097 0.1418369
-0.3226598 0.006575889 0.01850659 23120869 -0.25184 0.01723535 0.1417023
-0.3226598 0.006575889 0.01850659 23240978 -0.25184 0.01723535 0.1417023
-0.3241915 0.005896635 0.01847416 23351077 -0.2531342 0.01693434 0.1414997
-0.3257768 0.005130119 0.01851027 23461193 -0.254441 0.01659555 0.1413353
-0.3257768 0.005130119 0.01851027 23571276 -0.254441 0.01659555 0.1413353
-0.3269562 0.004606433 0.01840424 23681375 -0.2555764 0.01635081 0.1411774
-0.328221 0.004034705 0.01841145 23791474 -0.2565892 0.01601774 0.1410146
-0.328221 0.004034705 0.01841145 23901578 -0.2565892 0.01601774 0.1410146
-0.3293336 0.003440924 0.01839496 24011673 -0.2574577 0.01566035 0.1408319
-0.3301475 0.002956338 0.01825465 24121768 -0.2581719 0.01539785 0.1406106
-0.3301475 0.002956338 0.01825465 24241893 -0.2581719 0.01539785 0.1406106
-0.3305804 0.002478189 0.01794105 24351980 -0.2587699 0.01522345 0.1403627
-0.3310368 0.002110071 0.01774872 24472085 -0.2592093 0.01503748 0.1401413
-0.3310368 0.002110071 0.01774872 24572179 -0.2592093 0.01503748 0.1401413
-0.3315073 0.001904316 0.01755755 24692283 -0.2595845 0.01484496 0.1398928
-0.3322019 0.001690454 0.01749077 24802399 -0.2599885 0.01466853 0.1396506
-0.3322019 0.001690454 0.01749077 24912486 -0.2599885 0.01466853 0.1396506
-0.3326102 0.001407809 0.01733149 25022602 -0.2603596 0.01460845 0.1394455
-0.3329316 0.001275248 0.01722041 25132685 -0.2606443 0.01462538 0.1392965
-0.3329316 0.001275248 0.01722041 25242784 -0.2606443 0.01462538 0.1392965
-0.3330815 0.001190491 0.01702879 25353102 -0.2608255 0.01457817 0.1391193
-0.3333989 0.001162715 0.01692194 25462983 -0.2610277 0.0144952 0.1389502
-0.3333989 0.001162715 0.01692194 25573082 -0.2610277 0.0144952 0.1389502
-0.3336292 0.001182742 0.01677319 25693191 -0.2612672 0.01445491 0.1388135
-0.3340303 0.0009878349 0.01670391 25803306 -0.2615698 0.01436634 0.1386742
-0.3340303 0.0009878349 0.01670391 25913401 -0.2615698 0.01436634 0.1386742
-0.3344764 0.0007465553 0.01661374 26023493 -0.2619267 0.01421458 0.1385211
-0.3350597 0.0003719997 0.01652341 26133588 -0.2624398 0.0140732 0.138363
-0.3350597 0.0003719997 0.01652341 26253696 -0.2624398 0.0140732 0.138363
-0.3354525 -3.91531E-05 0.01629802 26383818 -0.2629852 0.01394457 0.1381963
-0.3359894 -0.0002674389 0.01614884 26473899 -0.2636342 0.01394827 0.1380869
-0.3364386 -0.0006497431 0.01602837 26584003 -0.2642368 0.0138808 0.1380202
-0.3364386 -0.0006497431 0.01602837 26694102 -0.2642368 0.0138808 0.1380202
-0.3368549 -0.0008799362 0.01594729 26814202 -0.2647305 0.01380379 0.1379666
-0.3370957 -0.0009314346 0.01593439 26924297 -0.2649423 0.01370568 0.1379421
-0.3370957 -0.0009314346 0.01593439 27034409 -0.2649423 0.01370568 0.1379421
-0.338361 0.004705496 0.01611729 27144500 -0.2654627 0.01571519 0.1380635
-0.338361 0.004705496 0.01611729 27254600 -0.2654627 0.01571519 0.1380635
-0.3383831 0.004939027 0.0161955 27374704 -0.2655669 0.01573236 0.1382101
-0.338367 0.005307026 0.01640341 27474798 -0.2656603 0.01586897 0.1385035
-0.3381215 0.005620308 0.01669087 27594907 -0.2655735 0.01600725 0.1389003
-0.3381215 0.005620308 0.01669087 27705034 -0.2655735 0.01600725 0.1389003
-0.3376638 0.005966253 0.01709134 27815101 -0.265303 0.01608831 0.1394339
-0.3371057 0.006239958 0.01766778 27925217 -0.2649604 0.01613051 0.1401565
-0.3371057 0.006239958 0.01766778 28045313 -0.2649604 0.01613051 0.1401565
-0.3361442 0.006730742 0.01843873 28145403 -0.264367 0.01624984 0.1411729
-0.3346591 0.007642693 0.01948909 28265520 -0.2633429 0.01656384 0.1425365
-0.3346591 0.007642693 0.01948909 28375623 -0.2633429 0.01656384 0.1425365
-0.3327411 0.008459992 0.02084432 28485711 -0.2619523 0.01687915 0.1442312
-0.329632 0.009339995 0.02225967 28595810 -0.2598518 0.01733191 0.146248
-0.329632 0.009339995 0.02225967 28705909 -0.2598518 0.01733191 0.146248
-0.326052 0.01038093 0.02426228 28816005 -0.2571123 0.01794941 0.1487463
-0.3212965 0.01182575 0.02656441 28926108 -0.2537093 0.01854391 0.1518364
-0.3212965 0.01182575 0.02656441 29056225 -0.2537093 0.01854391 0.1518364
