0.1491695 0.001189887 -0.008621444 0 0.1279766 0.003610942 0.132273
0.14908 0.001076891 -0.008634351 100082 0.1279052 0.003283735 0.1322663
0.14908 0.001076891 -0.008634351 210181 0.1279052 0.003283735 0.1322663
0.1490589 0.0009506852 -0.008631649 320301 0.1278398 0.002932763 0.1322657
0.1490167 0.0009373857 -0.008658326 430380 0.1277934 0.002626287 0.1322422
0.1490167 0.0009373857 -0.008658326 550488 0.1277934 0.002626287 0.1322422
0.1489582 0.0008446262 -0.008660182 650578 0.1277124 0.002335923 0.1322392
0.148938 0.000770586 -0.008665443 770682 0.1276801 0.002146895 0.1322333
0.148938 0.000770586 -0.008665443 880798 0.1276801 0.002146895 0.1322333
0.148915 0.0007820675 -0.008660206 990893 0.1276718 0.002033892 0.1322419
0.1488912 0.0007602871 -0.008642484 1100992 0.1277081 0.001882334 0.1322697
0.1488912 0.0007602871 -0.008642484 1211083 0.1277081 0.001882334 0.1322697
0.1488502 0.0006397444 -0.008674901 1331191 0.1277491 0.001692724 0.1322502
0.1488052 0.0006585803 -0.008643594 1451300 0.1278094 0.001623559 0.1322978
0.1488052 0.0006585803 -0.008643594 1551390 0.1278094 0.001623559 0.1322978
0.1488826 0.0006879302 -0.008675762 1661489 0.1278798 0.001609758 0.1322649
0.1489418 0.0007720095 -0.008643819 1791610 0.1279401 0.001772963 0.1322965
0.1489418 0.0007720095 -0.008643819 1881692 0.1279401 0.001772963 0.1322965
0.1489971 0.0009596703 -0.008633936 1991787 0.1280152 0.002104037 0.1323082
0.1490221 0.001001146 -0.008634473 2101890 0.1280628 0.002534251 0.1323074
0.1490221 0.001001146 -0.008634473 2221994 0.1280628 0.002534251 0.1323074
0.1491303 0.001259694 -0.008574431 2332093 0.1281642 0.003286456 0.1323601
0.1491979 0.00154946 -0.008565016 2462211 0.1281695 0.004207052 0.1323498
0.1491979 0.00154946 -0.008565016 2552304 0.1281695 0.004207052 0.1323498
0.1491658 0.001485469 -0.008604524 2662407 0.1280903 0.00533716 0.1322757
0.1493214 0.004377918 -0.008641462 2792508 0.1277025 0.006060713 0.132199
0.1493214 0.004377918 -0.008641462 2892607 0.1277025 0.006060713 0.132199
0.1484776 0.007712887 -0.00878733 3002706 0.126828 0.007232521 0.1320576
0.1483309 0.01093498 -0.008731627 3112797 0.1262424 0.009063099 0.1320336
0.1483309 0.01093498 -0.008731627 3222896 0.1262424 0.009063099 0.1320336
0.1484239 0.01401786 -0.008698836 3333064 0.1254181 0.01157642 0.1319106
0.1467675 0.01733247 -0.008819547 3453104 0.124288 0.01437744 0.1318652
0.1467675 0.01733247 -0.008819547 3563207 0.124288 0.01437744 0.1318652
0.1462702 0.02139629 -0.008678524 3673302 0.1233875 0.01746569 0.1319173
0.1451532 0.02608618 -0.008711873 3793410 0.1224146 0.0206664 0.1318578
0.1451532 0.02608618 -0.008711873 3893501 0.1224146 0.0206664 0.1318578
0.1432637 0.03139471 -0.008678779 4013609 0.1209411 0.02430514 0.1318832
0.1417345 0.03687498 -0.0085883 4113703 0.1194643 0.02830643 0.1318996
0.1417345 0.03687498 -0.0085883 4233807 0.1194643 0.02830643 0.1318996
0.139167 0.04269943 -0.008584126 4343911 0.1172565 0.03243819 0.1318469
0.136327 0.04827047 -0.008634684 4474052 0.1148868 0.03668278 0.1317658
0.136327 0.04827047 -0.008634684 4564105 0.1148868 0.03668278 0.1317658
0.1329757 0.05422797 -0.008660563 4674204 0.1122758 0.04102379 0.1317082
0.129264 0.06022545 -0.008629464 4784307 0.1093834 0.04544924 0.1317011
0.129264 0.06022545 -0.008629464 4904412 0.1093834 0.04544924 0.1317011
0.1253489 0.06668305 -0.00853597 5014511 0.1061049 0.04984738 0.1316513
0.1209351 0.07299827 -0.008461287 5124610 0.1023945 0.05440121 0.1315981
0.1209351 0.07299827 -0.008461287 5234709 0.1023945 0.05440121 0.1315981
0.1155423 0.07900822 -0.008381633 5344809 0.09814459 0.05890774 0.1316167
0.1102327 0.08496272 -0.008368663 5454908 0.09385139 0.06322706 0.1315079
0.1102327 0.08496272 -0.008368663 5565007 0.09385139 0.06322706 0.1315079
0.1045178 0.09127241 -0.008103687 5685115 0.08923892 0.06750105 0.1315663
0.09771613 0.09651284 -0.008162102 5795214 0.08410344 0.07136611 0.1314394
0.09771613 0.09651284 -0.008162102 5905318 0.08410344 0.07136611 0.1314394
0.09020812 0.1015322 -0.008151405 6015413 0.07845472 0.07521656 0.1314035
0.08302434 0.1062632 -0.008036404 6125516 0.07269789 0.07872677 0.1313958
0.08302434 0.1062632 -0.008036404 6235611 0.07269789 0.07872677 0.1313958
0.07483929 0.1109902 -0.007874523 6355720 0.06658913 0.08208577 0.1314191
0.06632969 0.1148744 -0.007838865 6465819 0.0600596 0.08511833 0.1313786
0.06632969 0.1148744 -0.007838865 6575922 0.0600596 0.08511833 0.1313786
0.05742095 0.1185552 -0.007732406 6686033 0.05318741 0.08794011 0.1313756
0.04888096 0.1218173 -0.007575789 6796137 0.04630429 0.09053079 0.1314233
0.04888096 0.1218173 -0.007575789 6906232 0.04630429 0.09053079 0.1314233
0.03979179 0.1243239 -0.007523632 7026344 0.03921902 0.09264535 0.1314094
0.030407 0.1266946 -0.007305681 7136443 0.03198541 0.09445182 0.1314897
0.030407 0.1266946 -0.007305681 7246522 0.03198541 0.09445182 0.1314897
0.02091549 0.1286011 -0.007165307 7366635 0.02456996 0.09590343 0.1314844
0.01119999 0.1297577 -0.007147698 7466919 0.01706522 0.0967886 0.1313618
0.01119999 0.1297577 -0.007147698 7576820 0.01706522 0.0967886 0.1313618
0.001810465 0.1305456 -0.006954178 7696928 0.009654857 0.09741008 0.1314176
-0.007713209 0.1306152 -0.00683104 7807028 0.00221491 0.09762681 0.131442
-0.007713209 0.1306152 -0.00683104 7917127 0.00221491 0.09762681 0.131442
-0.01712981 0.1300833 -0.006706406 8037235 -0.005194728 0.09759326 0.131526
-0.02643049 0.1291077 -0.006520103 8157347 -0.01263264 0.09709227 0.1316496
-0.02643049 0.1291077 -0.006520103 8247428 -0.01263264 0.09709227 0.1316496
-0.03618404 0.1272704 -0.006446491 8367549 -0.020276 0.09581538 0.1316251
-0.04544028 0.1253734 -0.006212032 8467623 -0.02762265 0.09435545 0.1317251
-0.05478981 0.1223735 -0.006124995 8587731 -0.03498946 0.09224807 0.1317396
-0.05478981 0.1223735 -0.006124995 8697838 -0.03498946 0.09224807 0.1317396
-0.06398393 0.1190922 -0.005927264 8807930 -0.04219551 0.08969431 0.1317944
-0.06398393 0.1190922 -0.005927264 8918041 -0.04219551 0.08969431 0.1317944
-0.07248824 0.1152548 -0.00570893 9038311 -0.04902742 0.08665662 0.1319064
-0.08064719 0.1104832 -0.005602065 9148240 -0.05543089 0.08303202 0.1319363
-0.08912817 0.1055819 -0.005258222 9258335 -0.06168195 0.07907057 0.1320374
-0.08912817 0.1055819 -0.005258222 9368435 -0.06168195 0.07907057 0.1320374
-0.09622028 0.1002617 -0.00526956 9478542 -0.06747904 0.0746911 0.1319395
-0.1032894 0.09436452 -0.005140501 9598642 -0.07311872 0.06994253 0.1319709
-0.1032894 0.09436452 -0.005140501 9698732 -0.07311872 0.06994253 0.1319709
-0.1103163 0.08779951 -0.004743696 9808848 -0.07818567 0.06493048 0.1321901
-0.1103163 0.08779951 -0.004743696 9928940 -0.07818567 0.06493048 0.1321901
-0.1164107 0.08085648 -0.004632949 10039039 -0.08303336 0.05939817 0.132231
-0.1222196 0.07359739 -0.00429778 10149142 -0.08736613 0.05372338 0.1324373
-0.124681 0.06725756 -0.004679011 10259428 -0.09072246 0.04782851 0.132345
-0.124681 0.06725756 -0.004679011 10369337 -0.09072246 0.04782851 0.132345
-0.1294215 0.05926184 -0.004500004 10489445 -0.0944467 0.04150535 0.1324953
-0.133617 0.05066866 -0.004400895 10609598 -0.0978957 0.03460202 0.1326104
-0.133617 0.05066866 -0.004400895 10709643 -0.0978957 0.03460202 0.1326104
-0.137379 0.04208913 -0.004232564 10819751 -0.1007032 0.02746044 0.1326876
-0.1405005 0.03326797 -0.004013781 10950006 -0.1030323 0.02007296 0.1328375
-0.1405005 0.03326797 -0.004013781 11040180 -0.1030323 0.02007296 0.1328375
-0.1424466 0.02414109 -0.004064749 11150267 -0.1048985 0.01251633 0.1329069
-0.1439752 0.01490598 -0.003974346 11260140 -0.1062082 0.004932537 0.1330674
-0.1439752 0.01490598 -0.003974346 11380248 -0.1062082 0.004932537 0.1330674
-0.1447634 0.005081981 -0.003946656 11490347 -0.1071238 -0.002628482 0.133276
-0.1443519 -0.004676388 -0.00397749 11600454 -0.1073355 -0.01016245 0.1335213
-0.1443519 -0.004676388 -0.00397749 11710545 -0.1073355 -0.01016245 0.1335213
-0.143767 -0.01441653 -0.003684419 11820645 -0.1068077 -0.01782512 0.1338969
-0.1412737 -0.02392894 -0.003854427 11930748 -0.1053379 -0.0255966 0.1340299
-0.1412737 -0.02392894 -0.003854427 12050864 -0.1053379 -0.0255966 0.1340299
-0.1384766 -0.03287753 -0.003809748 12160980 -0.1031553 -0.03324354 0.1342428
-0.1348061 -0.04201006 -0.003839278 12271051 -0.1003175 -0.04087134 0.1344195
-0.1348061 -0.04201006 -0.003839278 12381150 -0.1003175 -0.04087134 0.1344195
-0.1303584 -0.05091866 -0.003900805 12491249 -0.09703743 -0.04820552 0.1346221
-0.1250505 -0.05963747 -0.00385004 12621395 -0.09310392 -0.05521918 0.1349525
-0.1250505 -0.05963747 -0.00385004 12721469 -0.09310392 -0.05521918 0.1349525
-0.1190519 -0.06806397 -0.003850231 12831564 -0.08867322 -0.0619145 0.1352381
-0.1126436 -0.07628211 -0.003951576 12951664 -0.08375331 -0.06863914 0.1353796
-0.1126436 -0.07628211 -0.003951576 13051754 -0.08375331 -0.06863914 0.1353796
-0.105729 -0.08364246 -0.004103324 13161857 -0.0783003 -0.07505074 0.1354677
-0.09819492 -0.09104942 -0.004278661 13271957 -0.07274867 -0.0809924 0.1355698
-0.09819492 -0.09104942 -0.004278661 13392061 -0.07274867 -0.0809924 0.1355698
-0.09045883 -0.09835895 -0.004273497 13502160 -0.06671123 -0.08641592 0.1357253
-0.08178537 -0.1050245 -0.00442613 13612259 -0.06036308 -0.09134252 0.1357885
-0.08178537 -0.1050245 -0.00442613 13722500 -0.06036308 -0.09134252 0.1357885
-0.07319883 -0.1110059 -0.004420583 13832462 -0.05363321 -0.09596351 0.1359259
-0.06524181 -0.1179701 -0.003879942 13942557 -0.04622163 -0.1009294 0.1363131
-0.06524181 -0.1179701 -0.003879942 14062860 -0.04622163 -0.1009294 0.1363131
-0.05252517 -0.127998 -0.004006817 14172768 -0.0385364 -0.1067449 0.1362033
-0.04243192 -0.1318736 -0.004416448 14282868 -0.03116104 -0.1101131 0.1359605
-0.04243192 -0.1318736 -0.004416448 14392963 -0.03116104 -0.1101131 0.1359605
-0.0352176 -0.1305195 -0.004999654 14503078 -0.02462742 -0.1111048 0.1357738
-0.02550611 -0.1327809 -0.005210254 14613182 -0.01710496 -0.1133135 0.1357035
-0.02550611 -0.1327809 -0.005210254 14733270 -0.01710496 -0.1133135 0.1357035
-0.01593552 -0.1362976 -0.005276006 14843369 -0.009467483 -0.1155734 0.1355605
-0.006574194 -0.139202 -0.005408107 14953468 -0.002037076 -0.1174978 0.1353561
-0.006574194 -0.139202 -0.005408107 15063579 -0.002037076 -0.1174978 0.1353561
0.003887125 -0.1395835 -0.005657362 15173675 0.005839906 -0.1181185 0.1352031
0.01359337 -0.1401813 -0.005911327 15283774 0.01337474 -0.1185923 0.1349436
0.01359337 -0.1401813 -0.005911327 15403874 0.01337474 -0.1185923 0.1349436
0.0237008 -0.1398593 -0.006077522 15513973 0.02088559 -0.1183322 0.1347589
0.03288595 -0.1391768 -0.006231671 15624089 0.02820504 -0.1175808 0.1345446
0.03288595 -0.1391768 -0.006231671 15734172 0.02820504 -0.1175808 0.1345446
0.04217646 -0.1376103 -0.006331759 15844271 0.03525579 -0.1161741 0.1343766
0.05115201 -0.135587 -0.006453578 15954386 0.04201543 -0.1143091 0.1341523
0.05115201 -0.135587 -0.006453578 16074474 0.04201543 -0.1143091 0.1341523
0.05965037 -0.1328631 -0.006597062 16184577 0.04835561 -0.1119407 0.1339053
0.06809442 -0.1291882 -0.006694876 16294681 0.05457611 -0.108877 0.1337008
0.06809442 -0.1291882 -0.006694876 16404776 0.05457611 -0.108877 0.1337008
0.07645251 -0.1250377 -0.006798973 16514883 0.06072112 -0.1053984 0.1334617
0.08399292 -0.1209673 -0.006853191 16624978 0.06656138 -0.1018558 0.1332794
0.08399292 -0.1209673 -0.006853191 16735090 0.06656138 -0.1018558 0.1332794
0.09093805 -0.116209 -0.006918583 16845173 0.07199181 -0.09794097 0.1331298
0.09769708 -0.1109425 -0.007056777 16965293 0.07703142 -0.09384797 0.1328966
0.09769708 -0.1109425 -0.007056777 17075380 0.07703142 -0.09384797 0.1328966
0.1037486 -0.1055634 -0.007215611 17185480 0.08166532 -0.08949368 0.1326427
0.1096224 -0.09990952 -0.007363441 17305596 0.0860685 -0.08495537 0.1323786
0.1096224 -0.09990952 -0.007363441 17405678 0.0860685 -0.08495537 0.1323786
0.1150058 -0.09354985 -0.007443728 17515777 0.09031814 -0.08005663 0.1322513
0.1196629 -0.08695382 -0.00747457 17635885 0.09410493 -0.07490603 0.132196
0.1196629 -0.08695382 -0.00747457 17755994 0.09410493 -0.07490603 0.132196
0.124154 -0.0797262 -0.007661327 17856088 0.09777783 -0.06939948 0.131995
0.1272107 -0.07321185 -0.007798946 17966183 0.1006855 -0.06425964 0.131924
0.1272107 -0.07321185 -0.007798946 18076294 0.1006855 -0.06425964 0.131924
0.1304049 -0.06688755 -0.007914806 18196391 0.1034678 -0.05923215 0.1318064
0.1334074 -0.05972368 -0.008014322 18306510 0.1061435 -0.05375294 0.1317257
0.1334074 -0.05972368 -0.008014322 18416808 0.1061435 -0.05375294 0.1317257
0.1361453 -0.05244254 -0.008011442 18526688 0.1084712 -0.0482133 0.1317115
0.1383717 -0.04550751 -0.008032864 18636800 0.1105672 -0.04270647 0.1317001
0.1383717 -0.04550751 -0.008032864 18746895 0.1105672 -0.04270647 0.1317001
0.1405766 -0.03847183 -0.00807193 18866995 0.1124465 -0.03730861 0.1316191
0.1421193 -0.03174278 -0.008162363 18967085 0.1139054 -0.03187539 0.1315165
0.1421193 -0.03174278 -0.008162363 19087201 0.1139054 -0.03187539 0.1315165
0.1436152 -0.02509094 -0.008193781 19197293 0.1151138 -0.02663166 0.1314183
0.1448813 -0.01885359 -0.008297315 19307396 0.1162243 -0.02146208 0.1312671
0.1448813 -0.01885359 -0.008297315 19417503 0.1162243 -0.02146208 0.1312671
0.1459119 -0.01229601 -0.008334624 19527598 0.117225 -0.01635545 0.1311889
0.146561 -0.005732172 -0.008340435 19647698 0.1181358 -0.01140981 0.1311802
0.1473284 0.0005387543 -0.008284033 19757798 0.1189465 -0.006662321 0.1311751
0.1473284 0.0005387543 -0.008284033 19867913 0.1189465 -0.006662321 0.1311751
0.1474356 0.006982413 -0.008375084 19978029 0.1193422 -0.002008103 0.1310386
0.1474721 0.01255634 -0.008477279 20088095 0.1196469 0.002452745 0.1309139
0.1474721 0.01255634 -0.008477279 20208204 0.1196469 0.002452745 0.1309139
0.1475136 0.01839414 -0.008438308 20308294 0.1199676 0.006783505 0.130891
0.1470725 0.0241247 -0.008428317 20448420 0.1201909 0.01078507 0.1308759
0.1470725 0.0241247 -0.008428317 20538497 0.1201909 0.01078507 0.1308759
0.1463676 0.02984772 -0.008320526 20648596 0.1202223 0.0146814 0.130937
0.1463676 0.02984772 -0.008320526 20758882 0.1202223 0.0146814 0.130937
0.1449209 0.03614509 -0.008215199 20868799 0.1198762 0.01806341 0.1308965
0.1430228 0.04281123 -0.007470271 20978894 0.1187629 0.02107843 0.1312575
0.1417943 0.04776018 -0.005574522 21109020 0.1171976 0.02386921 0.1327384
0.1417943 0.04776018 -0.005574522 21209102 0.1171976 0.02386921 0.1327384
0.1404771 0.05183158 -0.002857877 21319205 0.1153528 0.0263606 0.1350778
0.1391771 0.05556934 0.0004814733 21449330 0.113709 0.02786269 0.1379222
