0.2954699 0.005418854 -0.007484715 0 0.2939731 -0.004366582 0.134671
0.2956173 0.005406704 -0.007475841 110265 0.2939223 -0.004422677 0.1346746
0.2956173 0.005406704 -0.007475841 220296 0.2939223 -0.004422677 0.1346746
0.295473 0.005394364 -0.007501995 330298 0.2938424 -0.00444166 0.1346487
0.2953789 0.005517093 -0.007483025 450406 0.2937808 -0.004443609 0.1346594
0.2953789 0.005517093 -0.007483025 550512 0.2937808 -0.004443609 0.1346594
0.2951683 0.005576191 -0.007506615 660599 0.2936304 -0.004394528 0.1346358
0.2949915 0.005264111 -0.007435682 790717 0.2933976 -0.004413608 0.1347263
0.2949915 0.005264111 -0.007435682 890803 0.2933976 -0.004413608 0.1347263
0.294772 0.005356725 -0.007518359 1000910 0.2928649 -0.004382027 0.1346356
0.2944429 0.005261327 -0.007457281 1111001 0.2919746 -0.004586825 0.1346805
0.2944429 0.005261327 -0.007457281 1221109 0.2919746 -0.004586825 0.1346805
0.29587 0.006772532 -0.007714458 1331212 0.2913925 -0.00458192 0.1342618
0.2894935 0.006156158 -0.007149245 1461329 0.289936 -0.005512989 0.1348714
0.2894935 0.006156158 -0.007149245 1551398 0.289936 -0.005512989 0.1348714
0.2872058 0.006849087 -0.006751585 1671506 0.288001 -0.00564035 0.1351978
0.2853138 0.00681253 -0.006372948 1781606 0.2855342 -0.005591122 0.135586
0.2853138 0.00681253 -0.006372948 1891705 0.2855342 -0.005591122 0.135586
0.2825253 0.005915442 -0.006197406 2001804 0.2822329 -0.005538289 0.1358412
0.2778693 0.005206083 -0.006303843 2111903 0.2772722 -0.005398204 0.1357997
0.2778693 0.005206083 -0.006303843 2222002 0.2772722 -0.005398204 0.1357997
0.2723889 0.003772564 -0.006282385 2342127 0.2714411 -0.005302059 0.1359252
0.2579726 0.004233507 -0.006985854 2452210 0.2614633 -0.004750492 0.1351878
0.2579726 0.004233507 -0.006985854 2562313 0.2614633 -0.004750492 0.1351878
0.2553442 0.0020501 -0.006643347 2672408 0.2546041 -0.005444326 0.1356575
0.2466893 0.002040969 -0.00661602 2782508 0.2448043 -0.005341935 0.1356801
0.2466893 0.002040969 -0.00661602 2892611 0.2448043 -0.005341935 0.1356801
0.2372845 0.001652839 -0.006696646 3012715 0.2340529 -0.005214498 0.135601
0.2263027 0.001205361 -0.006720714 3122826 0.2226464 -0.004930438 0.1356001
0.2263027 0.001205361 -0.006720714 3233011 0.2226464 -0.004930438 0.1356001
0.2139126 -3.340903E-05 -0.006959682 3343013 0.2105778 -0.004892669 0.1354183
0.200975 -0.0005411856 -0.006959379 3453112 0.1975068 -0.005254808 0.1354204
0.1875995 -0.0008131535 -0.006971824 3563211 0.1838722 -0.00550815 0.135402
0.1875995 -0.0008131535 -0.006971824 3683336 0.1838722 -0.00550815 0.135402
0.1743886 -0.001232354 -0.006748586 3793419 0.1698258 -0.005671659 0.1356091
0.1593823 -0.001976213 -0.006723914 3903518 0.155213 -0.005651555 0.1356676
0.1593823 -0.001976213 -0.006723914 4013625 0.155213 -0.005651555 0.1356676
0.1431352 -0.003545132 -0.006713658 4123716 0.1401172 -0.006260078 0.1357284
0.127307 -0.004496788 -0.006852185 4233925 0.1243104 -0.007260756 0.1355895
0.127307 -0.004496788 -0.006852185 4373950 0.1243104 -0.007260756 0.1355895
0.1108203 -0.005505311 -0.006843088 4464023 0.1079968 -0.008346822 0.1356006
0.09455273 -0.006376002 -0.006874137 4574122 0.09154442 -0.009020794 0.1355695
0.09455273 -0.006376002 -0.006874137 4704244 0.09154442 -0.009020794 0.1355695
0.07726371 -0.007183039 -0.006893917 4794321 0.0754477 -0.009357938 0.1355778
0.05967362 -0.008020163 -0.006777295 4904440 0.05973937 -0.009672238 0.135713
0.05967362 -0.008020163 -0.006777295 5034537 0.05973937 -0.009672238 0.135713
0.04197726 -0.008172886 -0.006613602 5134627 0.04412637 -0.01012761 0.1358567
0.02385358 -0.009245355 -0.006549067 5244731 0.02859475 -0.01086702 0.1358627
0.02385358 -0.009245355 -0.006549067 5354830 0.02859475 -0.01086702 0.1358627
0.006489759 -0.00973634 -0.006463792 5464925 0.01312448 -0.01146534 0.1358711
-0.01201929 -0.01094454 -0.006301577 5575024 -0.00174941 -0.01222579 0.135822
-0.01201929 -0.01094454 -0.006301577 5685124 -0.00174941 -0.01222579 0.135822
-0.02993316 -0.01162621 -0.006138614 5805232 -0.01663563 -0.01294163 0.1357334
-0.04737251 -0.01221305 -0.005951458 5915335 -0.03131791 -0.01377471 0.1356326
-0.04737251 -0.01221305 -0.005951458 6025430 -0.03131791 -0.01377471 0.1356326
-0.06466097 -0.01303346 -0.005824457 6135525 -0.04569535 -0.01458512 0.1353992
-0.0813209 -0.01397913 -0.005802584 6245625 -0.05972062 -0.01527991 0.1350447
-0.0813209 -0.01397913 -0.005802584 6365733 -0.05972062 -0.01527991 0.1350447
-0.09769167 -0.01391759 -0.005622283 6475836 -0.07349433 -0.01590493 0.1347941
-0.1132963 -0.01252531 -0.005265206 6585935 -0.08679194 -0.01631708 0.1346968
-0.1132963 -0.01252531 -0.005265206 6696035 -0.08679194 -0.01631708 0.1346968
-0.1298277 -0.01201472 -0.004964633 6806134 -0.09923319 -0.0166465 0.1341352
-0.1466268 -0.01213871 -0.004540637 6916233 -0.110913 -0.01699515 0.1333259
-0.1466268 -0.01213871 -0.004540637 7026328 -0.110913 -0.01699515 0.1333259
-0.1630544 -0.01270388 -0.004231406 7136431 -0.1222825 -0.01758374 0.132224
-0.1785074 -0.01317347 -0.003958893 7246535 -0.133534 -0.01831298 0.1311604
-0.1785074 -0.01317347 -0.003958893 7366639 -0.133534 -0.01831298 0.1311604
-0.1929634 -0.01343371 -0.003761058 7476738 -0.1445747 -0.01885589 0.130162
-0.2066694 -0.01338019 -0.003566748 7586841 -0.1550123 -0.0193336 0.1291071
-0.2066694 -0.01338019 -0.003566748 7696965 -0.1550123 -0.0193336 0.1291071
-0.2193462 -0.01373359 -0.003505101 7807036 -0.1647697 -0.01986629 0.1279865
-0.2316859 -0.01430482 -0.003209186 7927144 -0.1741848 -0.02063212 0.1270207
-0.2316859 -0.01430482 -0.003209186 8047252 -0.1741848 -0.02063212 0.1270207
-0.2426304 -0.01404728 -0.003187426 8147342 -0.1826658 -0.0212361 0.1258815
-0.2533762 -0.0138578 -0.002922246 8257442 -0.1907009 -0.02177809 0.1248092
-0.2533762 -0.0138578 -0.002922246 8377550 -0.1907009 -0.02177809 0.1248092
-0.26364 -0.0163277 -0.002654297 8487649 -0.1982166 -0.02283726 0.1237721
-0.271855 -0.01669687 -0.002757171 8597752 -0.20459 -0.02330288 0.1226941
-0.271855 -0.01669687 -0.002757171 8707856 -0.20459 -0.02330288 0.1226941
-0.2790083 -0.01689873 -0.002768248 8817947 -0.2100963 -0.02386653 0.1217662
-0.2850524 -0.017054 -0.002800728 8928046 -0.2149749 -0.02452657 0.1210521
-0.2850524 -0.017054 -0.002800728 9038145 -0.2149749 -0.02452657 0.1210521
-0.2897738 -0.0177282 -0.002793575 9158258 -0.2191293 -0.02510907 0.1207423
-0.2940339 -0.01721428 -0.00255822 9258348 -0.2226775 -0.02537539 0.1205186
-0.2940339 -0.01721428 -0.00255822 9388465 -0.2226775 -0.02537539 0.1205186
-0.2977929 -0.01796825 -0.002749493 9488551 -0.2258775 -0.02580908 0.1200224
-0.3014445 -0.01789775 -0.002523484 9598654 -0.2285315 -0.02616621 0.1196304
-0.3014445 -0.01789775 -0.002523484 9708770 -0.2285315 -0.02616621 0.1196304
-0.3041489 -0.0175434 -0.002592229 9828902 -0.2307048 -0.02645159 0.1191979
-0.3063377 -0.01801173 -0.002656778 9938957 -0.232365 -0.02674226 0.1188259
-0.3063377 -0.01801173 -0.002656778 10049056 -0.232365 -0.02674226 0.1188259
-0.3075913 -0.01798649 -0.002450576 10159156 -0.2334381 -0.02676415 0.1189186
-0.3078879 -0.01804989 -0.002361924 10269255 -0.234407 -0.02673967 0.1194218
-0.3078879 -0.01804989 -0.002361924 10379532 -0.234407 -0.02673967 0.1194218
-0.3078446 -0.0178857 -0.002289454 10489652 -0.2353259 -0.02677169 0.1200556
-0.3066814 -0.01938142 -0.001817279 10609566 -0.2362003 -0.02694898 0.1218007
-0.3063306 -0.02089279 0.0007127891 10739683 -0.2359707 -0.02723922 0.1244684
-0.3063306 -0.02089279 0.0007127891 10829772 -0.2359707 -0.02723922 0.1244684
-0.3065863 -0.02270559 0.00504263 10939863 -0.235274 -0.02765675 0.1283158
-0.3059329 -0.02225153 0.009929728 11069976 -0.2341444 -0.02717391 0.1329274
-0.3059329 -0.02225153 0.009929728 11160195 -0.2341444 -0.02717391 0.1329274
-0.3070487 -0.02378037 0.0163023 11280166 -0.2336241 -0.02691946 0.1383892
