0.2932796 -0.0009870848 -0.007328059 0 0.256836 -0.02283729 0.1286892
0.2919565 -0.0008901167 -0.007260446 120112 0.2553911 -0.02253466 0.128757
0.2902623 -0.0004795514 -0.007214522 220195 0.2536081 -0.02208501 0.1287852
0.2902623 -0.0004795514 -0.007214522 360511 0.2536081 -0.02208501 0.1287852
0.2880673 -0.0004572362 -0.007311421 450402 0.2513685 -0.0215426 0.1287579
0.2852891 -2.248217E-05 -0.007269128 560497 0.2486549 -0.02088754 0.1288515
0.2852891 -2.248217E-05 -0.007269128 670763 0.2486549 -0.02088754 0.1288515
0.2819277 0.0001211184 -0.007297826 780696 0.2453823 -0.02019235 0.1289301
0.2775375 0.000150475 -0.007400563 890795 0.2413123 -0.01942957 0.1290202
0.2775375 0.000150475 -0.007400563 1000898 0.2413123 -0.01942957 0.1290202
0.2725737 6.951707E-05 -0.007446069 1121006 0.2364976 -0.01864426 0.1291356
0.2667218 0.0007887922 -0.007399884 1231102 0.2307364 -0.01753683 0.1292583
0.2667218 0.0007887922 -0.007399884 1341205 0.2307364 -0.01753683 0.1292583
0.2592284 0.001402686 -0.007723141 1451320 0.2240206 -0.01644786 0.1292002
0.251669 0.001957487 -0.007743829 1561403 0.2165741 -0.01527125 0.1292882
0.251669 0.001957487 -0.007743829 1681520 0.2165741 -0.01527125 0.1292882
0.2433904 0.002447646 -0.007700296 1791623 0.2083368 -0.01413951 0.1294214
0.2339446 0.003326016 -0.007628824 1901710 0.1992258 -0.01299197 0.1296103
0.2339446 0.003326016 -0.007628824 2011825 0.1992258 -0.01299197 0.1296103
0.2237851 0.004352579 -0.007597241 2121908 0.1894004 -0.01205186 0.1297157
0.2131266 0.005580324 -0.007413611 2232008 0.1788006 -0.01115259 0.1298743
0.2131266 0.005580324 -0.007413611 2342107 0.1788006 -0.01115259 0.1298743
0.2020681 0.006620571 -0.007292391 2462223 0.1674145 -0.01018342 0.1299046
0.1899309 0.00789638 -0.00715647 2572314 0.1550954 -0.009037711 0.1299784
0.1899309 0.00789638 -0.00715647 2682418 0.1550954 -0.009037711 0.1299784
0.1774287 0.008860635 -0.007186779 2792533 0.1422317 -0.007937072 0.1298725
0.1639857 0.009971309 -0.007166994 2902616 0.128904 -0.006922677 0.1299101
0.1639857 0.009971309 -0.007166994 3012715 0.128904 -0.006922677 0.1299101
0.150469 0.01072713 -0.007213923 3132819 0.11554 -0.006128646 0.1299068
0.1369846 0.0114236 -0.006923378 3242919 0.1018583 -0.005492511 0.1301395
0.1369846 0.0114236 -0.006923378 3353022 0.1018583 -0.005492511 0.1301395
0.1229355 0.01204327 -0.006742812 3473126 0.08810787 -0.005001909 0.1303803
0.1077405 0.01274329 -0.006758797 3573220 0.07404608 -0.004710462 0.1305959
0.1077405 0.01274329 -0.006758797 3683316 0.07404608 -0.004710462 0.1305959
0.0925256 0.01378859 -0.006584014 3803448 0.06002981 -0.00437612 0.1309671
0.07707394 0.01485877 -0.006519882 3913543 0.04583425 -0.00401693 0.1312264
0.07707394 0.01485877 -0.006519882 4023626 0.04583425 -0.00401693 0.1312264
0.06138811 0.01524574 -0.006442611 4133721 0.03134876 -0.003576279 0.1315778
0.04581029 0.01531412 -0.006372795 4243821 0.01689961 -0.003182407 0.1319323
0.04581029 0.01531412 -0.006372795 4353920 0.01689961 -0.003182407 0.1319323
0.03025951 0.01564537 -0.006258958 4474028 0.00254913 -0.002903024 0.1322847
0.01434 0.01590762 -0.006105122 4574118 -0.01182843 -0.002854545 0.1327093
0.01434 0.01590762 -0.006105122 4694231 -0.01182843 -0.002854545 0.1327093
-0.001602027 0.01590857 -0.006076434 4814335 -0.02619196 -0.002772996 0.1330371
-0.01748976 0.01556598 -0.006002785 4914445 -0.0405515 -0.002837627 0.1334092
-0.01748976 0.01556598 -0.006002785 5024532 -0.0405515 -0.002837627 0.1334092
-0.03377777 0.015418 -0.005954442 5154642 -0.05478252 -0.00303051 0.1337764
-0.04983897 0.01512694 -0.005907162 5254732 -0.06900091 -0.003371388 0.1340817
-0.04983897 0.01512694 -0.005907162 5364835 -0.06900091 -0.003371388 0.1340817
-0.06525915 0.01478776 -0.005830753 5494952 -0.08311783 -0.003673434 0.1343352
-0.08064133 0.01434716 -0.005695799 5585033 -0.0973041 -0.004109317 0.134618
-0.08064133 0.01434716 -0.005695799 5695129 -0.0973041 -0.004109317 0.134618
-0.09626166 0.01391943 -0.005654458 5805228 -0.1112934 -0.004514253 0.1348464
-0.1116111 0.01342668 -0.005580819 5915331 -0.1250505 -0.004909176 0.1350941
-0.1116111 0.01342668 -0.005580819 6035435 -0.1250505 -0.004909176 0.1350941
-0.1269418 0.01297147 -0.005526644 6145535 -0.1385478 -0.005329162 0.1353159
-0.1427181 0.01234196 -0.005527277 6255638 -0.1520491 -0.005805772 0.1355041
-0.1567122 0.01158206 -0.005425895 6365733 -0.1646567 -0.00636805 0.1357156
-0.1567122 0.01158206 -0.005425895 6475832 -0.1646567 -0.00636805 0.1357156
-0.1708393 0.01064832 -0.005352751 6595940 -0.1771299 -0.006896289 0.1359231
-0.1708393 0.01064832 -0.005352751 6696031 -0.1771299 -0.006896289 0.1359231
-0.1853958 0.008680243 -0.005753669 6816139 -0.1890897 -0.007496402 0.135777
-0.197446 0.009359443 -0.004800491 6926242 -0.2010687 -0.007974282 0.136595
-0.197446 0.009359443 -0.004800491 7036341 -0.2010687 -0.007974282 0.136595
-0.2105428 0.008305996 -0.0048109 7146441 -0.2125283 -0.008437689 0.1366881
-0.222519 0.008363338 -0.004504332 7266545 -0.2238298 -0.008823609 0.1369494
-0.2360931 0.006674716 -0.004845037 7366639 -0.2343912 -0.009119368 0.1367667
-0.2360931 0.006674716 -0.004845037 7486934 -0.2343912 -0.009119368 0.1367667
-0.2476186 0.005907283 -0.004766903 7596851 -0.2446078 -0.009363093 0.1368805
-0.2476186 0.005907283 -0.004766903 7706942 -0.2446078 -0.009363093 0.1368805
-0.2584033 0.004864953 -0.004682508 7817041 -0.2543164 -0.009704866 0.1370118
-0.2687047 0.003692314 -0.004664704 7927140 -0.2636302 -0.009960046 0.137089
-0.2687047 0.003692314 -0.004664704 8037239 -0.2636302 -0.009960046 0.137089
-0.2783749 0.002602243 -0.004657903 8157348 -0.2723423 -0.01025025 0.1371331
-0.2870195 0.001906057 -0.004627117 8267447 -0.2804851 -0.01039715 0.1371903
-0.2941201 0.001022406 -0.004672586 8377550 -0.2878636 -0.0106147 0.1372135
-0.2941201 0.001022406 -0.004672586 8487645 -0.2878636 -0.0106147 0.1372135
-0.2999479 0.0003834355 -0.004760274 8618131 -0.2942262 -0.01076715 0.1371875
-0.3059165 -0.0003833649 -0.004723266 8707848 -0.2998721 -0.01100669 0.1372516
-0.3059165 -0.0003833649 -0.004723266 8827948 -0.2998721 -0.01100669 0.1372516
-0.3111216 -0.001045984 -0.004628037 8948060 -0.3045024 -0.01126788 0.1373506
-0.3149576 -0.001481815 -0.004625227 9048154 -0.3081853 -0.0113798 0.1373692
-0.3149576 -0.001481815 -0.004625227 9158266 -0.3081853 -0.0113798 0.1373692
-0.3173253 -0.001746557 -0.004677616 9278358 -0.3112589 -0.01149815 0.1373588
-0.3184818 -0.002107659 -0.004719873 9378448 -0.3135872 -0.01167905 0.137374
-0.3184818 -0.002107659 -0.004719873 9498556 -0.3135872 -0.01167905 0.137374
-0.3193607 -0.002188897 -0.004731427 9608656 -0.3149427 -0.01181733 0.1373743
-0.3206319 -0.002369456 -0.004557388 9718767 -0.3151959 -0.01228573 0.1374932
-0.3206319 -0.002369456 -0.004557388 9828854 -0.3151959 -0.01228573 0.1374932
-0.3215576 -0.002313485 -0.003286181 9938974 -0.3151519 -0.01362511 0.1386196
-0.3211073 -0.001385312 0.0005909703 10049052 -0.3165551 -0.01629028 0.1422362
-0.3211073 -0.001385312 0.0005909703 10169161 -0.3165551 -0.01629028 0.1422362
-0.3201221 -0.000400074 0.007681299 10299294 -0.3199224 -0.02054157 0.1487505
