0.1528048 0.005787719 -0.005731536 0 0.1177122 -0.01900649 0.130136
0.1527813 0.00578772 -0.005714143 130122 0.1175603 -0.01890019 0.1301396
0.1527813 0.00578772 -0.005714143 220203 0.1175603 -0.01890019 0.1301396
0.152181 0.005592399 -0.005736141 330302 0.1173531 -0.01883166 0.1302665
0.1510664 0.005275172 -0.005807172 450414 0.1168433 -0.01872837 0.1304237
0.1510664 0.005275172 -0.005807172 550500 0.1168433 -0.01872837 0.1304237
0.1500501 0.004850442 -0.00570389 670779 0.1162645 -0.01854894 0.1307411
0.1484834 0.004063489 -0.005682669 780712 0.1152205 -0.01834323 0.1310571
0.1484834 0.004063489 -0.005682669 890807 0.1152205 -0.01834323 0.1310571
0.1464508 0.003764689 -0.005679932 1000910 0.1137015 -0.01793081 0.1312983
0.1436549 0.003415185 -0.005772998 1111006 0.1115783 -0.0174626 0.1314911
0.1436549 0.003415185 -0.005772998 1221109 0.1115783 -0.0174626 0.1314911
0.1404019 0.003141682 -0.00576389 1331208 0.1089382 -0.01693683 0.1317611
0.1354207 0.004039514 -0.006485329 1451353 0.1050516 -0.01536789 0.1313817
0.1354207 0.004039514 -0.006485329 1561416 0.1050516 -0.01536789 0.1313817
0.130904 0.003749439 -0.006503138 1671527 0.101151 -0.01456924 0.1316468
0.1255696 0.003834187 -0.006666585 1781610 0.09657245 -0.01353288 0.1317668
0.1255696 0.003834187 -0.006666585 1891709 0.09657245 -0.01353288 0.1317668
0.1197965 0.004109469 -0.00668617 2001829 0.09157084 -0.01251645 0.1319974
0.1132521 0.004483867 -0.00684191 2141935 0.08615879 -0.01159903 0.1321312
0.1132521 0.004483867 -0.00684191 2232016 0.08615879 -0.01159903 0.1321312
0.1069544 0.004388508 -0.006758938 2342135 0.08049271 -0.01091305 0.132424
0.09988635 0.004208756 -0.006774261 2452214 0.07449067 -0.01038669 0.1326828
0.09988635 0.004208756 -0.006774261 2562313 0.07449067 -0.01038669 0.1326828
0.09253812 0.003722546 -0.006785632 2672409 0.06808533 -0.01005585 0.1329228
0.0840119 0.003321161 -0.007188284 2782512 0.06095605 -0.009717059 0.1328284
0.0840119 0.003321161 -0.007188284 2902636 0.06095605 -0.009717059 0.1328284
0.07579149 0.003000068 -0.007188654 3012736 0.05395985 -0.009456074 0.133077
0.06687837 0.002661056 -0.007528794 3122819 0.04646893 -0.009181863 0.1330039
0.06687837 0.002661056 -0.007528794 3232918 0.04646893 -0.009181863 0.1330039
0.05884318 0.001784279 -0.007477118 3343017 0.039169 -0.009239253 0.133227
0.04945933 0.001679165 -0.007613685 3463121 0.0313023 -0.009052799 0.1333167
0.04945933 0.001679165 -0.007613685 3573225 0.0313023 -0.009052799 0.1333167
0.04059699 0.0009445245 -0.007632313 3683328 0.02362871 -0.00944698 0.1334716
0.03187517 0.0004938274 -0.007511097 3793423 0.01612436 -0.009853371 0.1337372
0.03187517 0.0004938274 -0.007511097 3903522 0.01612436 -0.009853371 0.1337372
0.02326198 0.0001812824 -0.007211234 4013621 0.008406195 -0.009937178 0.1341505
0.01421887 0.0009451571 -0.007277796 4133750 0.0004744135 -0.009925452 0.1341406
0.01421887 0.0009451571 -0.007277796 4243833 0.0004744135 -0.009925452 0.1341406
0.005287827 0.0007985253 -0.007304975 4353928 -0.007506931 -0.00990332 0.1342154
-0.003362756 0.0003044711 -0.007112995 4464031 -0.01529937 -0.009798557 0.1345263
-0.003362756 0.0003044711 -0.007112995 4574123 -0.01529937 -0.009798557 0.1345263
-0.01281774 0.0001032228 -0.007285278 4684226 -0.02353481 -0.009538584 0.1344836
-0.02158165 0.0006236673 -0.007317726 4794325 -0.03158729 -0.009308095 0.1344831
-0.02158165 0.0006236673 -0.007317726 4904424 -0.03158729 -0.009308095 0.1344831
-0.03075328 0.0008521405 -0.007388042 5024537 -0.03960263 -0.009162514 0.1344839
-0.03928123 0.00146278 -0.00730125 5134632 -0.04716755 -0.009087279 0.1345886
-0.03928123 0.00146278 -0.00730125 5244731 -0.04716755 -0.009087279 0.1345886
-0.04841082 0.001952569 -0.007289091 5354830 -0.05458714 -0.009069555 0.1346496
-0.05649335 0.002059042 -0.007403427 5464929 -0.06179985 -0.008809417 0.1345823
-0.05649335 0.002059042 -0.007403427 5575037 -0.06179985 -0.008809417 0.1345823
-0.06508339 0.002959395 -0.007341397 5695141 -0.06936376 -0.008011243 0.1346712
-0.07332648 0.004482328 -0.007197897 5805236 -0.07683165 -0.007095418 0.1347877
-0.07332648 0.004482328 -0.007197897 5915335 -0.07683165 -0.007095418 0.1347877
-0.08126265 0.005326471 -0.007107681 6025439 -0.08403343 -0.006443244 0.1348784
-0.08940947 0.006240106 -0.007166589 6145543 -0.09106651 -0.005864362 0.1348087
-0.08940947 0.006240106 -0.007166589 6265845 -0.09106651 -0.005864362 0.1348087
-0.09707622 0.006733931 -0.007154863 6365741 -0.09789798 -0.005353721 0.1348291
-0.1045306 0.007255278 -0.007148284 6475840 -0.1046361 -0.004705315 0.1348488
-0.1114835 0.007829478 -0.007043473 6605962 -0.1114315 -0.003997356 0.1349648
-0.1114835 0.007829478 -0.007043473 6696039 -0.1114315 -0.003997356 0.1349648
-0.1185656 0.008226835 -0.007071857 6806134 -0.1179192 -0.003446561 0.1349477
-0.125253 0.008726744 -0.007069072 6916237 -0.124065 -0.002969058 0.1349451
-0.125253 0.008726744 -0.007069072 7036491 -0.124065 -0.002969058 0.1349451
-0.1324895 0.009754514 -0.007145903 7146445 -0.1302497 -0.002342699 0.134822
-0.1324895 0.009754514 -0.007145903 7256544 -0.1302497 -0.002342699 0.134822
-0.1386328 0.009947242 -0.00703082 7366643 -0.1359198 -0.002052832 0.134937
-0.1450695 0.01033344 -0.007044178 7476759 -0.1415388 -0.001780514 0.134896
-0.1450695 0.01033344 -0.007044178 7586846 -0.1415388 -0.001780514 0.134896
-0.1510122 0.009790871 -0.00685867 7726968 -0.1467822 -0.001895763 0.1350982
-0.1566177 0.009143109 -0.006779119 7817061 -0.1517909 -0.002029697 0.1352001
-0.1620038 0.009309515 -0.006791354 7927148 -0.1564808 -0.001913605 0.1351585
-0.1620038 0.009309515 -0.006791354 8057266 -0.1564808 -0.001913605 0.1351585
-0.1669118 0.009451597 -0.006770877 8147347 -0.1609553 -0.001804482 0.1351589
-0.1717781 0.009145077 -0.006762224 8257446 -0.165169 -0.001840621 0.1351599
-0.1717781 0.009145077 -0.006762224 8367545 -0.165169 -0.001840621 0.1351599
-0.1760955 0.009282829 -0.006720865 8487653 -0.1689648 -0.001800164 0.1351684
-0.1799839 0.009263596 -0.006671405 8597777 -0.1723466 -0.001759751 0.1351961
-0.1799839 0.009263596 -0.006671405 8707852 -0.1723466 -0.001759751 0.1351961
-0.1835263 0.009317459 -0.006655676 8817951 -0.1754245 -0.001759427 0.1351819
-0.1865396 0.009412386 -0.006659107 8928229 -0.1780422 -0.001748759 0.1351487
-0.1865396 0.009412386 -0.006659107 9048187 -0.1780422 -0.001748759 0.1351487
-0.1891821 0.009297863 -0.006696654 9148269 -0.1804374 -0.001713704 0.1351078
-0.1912017 0.009115091 -0.0067336 9268381 -0.1824178 -0.001617227 0.1350899
-0.1912017 0.009115091 -0.0067336 9378472 -0.1824178 -0.001617227 0.1350899
-0.1925394 0.009178261 -0.006637929 9488556 -0.1837798 -0.001422354 0.1351969
-0.1935534 0.009142349 -0.006674555 9598707 -0.1848317 -0.001191508 0.1351823
-0.1935534 0.009142349 -0.006674555 9708754 -0.1848317 -0.001191508 0.1351823
-0.1937956 0.009014572 -0.006715111 9818857 -0.1855869 -0.00105932 0.1351911
-0.1938608 0.009017854 -0.006706684 9938961 -0.185765 -0.0008715259 0.135219
-0.1938608 0.009017854 -0.006706684 10059074 -0.185765 -0.0008715259 0.135219
-0.1936722 0.008929354 -0.006706249 10159164 -0.1854348 -0.0008713113 0.1352174
-0.1922355 0.008850269 -0.006465356 10269259 -0.1848741 -0.001174333 0.1354908
-0.1922355 0.008850269 -0.006465356 10379362 -0.1848741 -0.001174333 0.1354908
-0.1895631 0.009125312 -0.005105263 10499467 -0.1845706 -0.001473222 0.1369123
-0.1860468 0.009809971 -0.002225634 10609566 -0.1843614 -0.00192636 0.1397802
-0.1860468 0.009809971 -0.002225634 10719665 -0.1843614 -0.00192636 0.1397802
-0.1822552 0.01013105 0.001724115 10829772 -0.1839596 -0.002946287 0.1436125
