0.1512837 -0.01199338 -0.007148471 0 0.1273435 -0.004190153 0.1331092
0.1512626 -0.01200505 -0.007087796 90085 0.1272963 -0.004114509 0.1331605
0.1512025 -0.01201724 -0.007069611 200185 0.1271729 -0.004134375 0.1331683
0.1512025 -0.01201724 -0.007069611 310442 0.1271729 -0.004134375 0.1331683
0.1511838 -0.01206385 -0.006996233 430392 0.1269233 -0.00430942 0.1332091
0.149806 -0.01189236 -0.007079736 540487 0.1266736 -0.004697549 0.1333459
0.149806 -0.01189236 -0.007079736 650591 0.1266736 -0.004697549 0.1333459
0.1488944 -0.01170672 -0.007021767 770699 0.1259578 -0.005064248 0.1334632
0.1471529 -0.01140377 -0.007051349 870789 0.124959 -0.005323684 0.1335783
0.1471529 -0.01140377 -0.007051349 980904 0.124959 -0.005323684 0.1335783
0.1447637 -0.01132155 -0.007099187 1111006 0.1233954 -0.005486461 0.1336686
0.1418462 -0.01129811 -0.007161675 1211100 0.1212004 -0.005415229 0.1337119
0.1418462 -0.01129811 -0.007161675 1321195 0.1212004 -0.005415229 0.1337119
0.1381218 -0.01124222 -0.007244296 1431493 0.1184108 -0.005247242 0.1337584
0.1338229 -0.01095891 -0.007284306 1541393 0.1150388 -0.004948533 0.1338442
0.1338229 -0.01095891 -0.007284306 1651497 0.1150388 -0.004948533 0.1338442
0.1286759 -0.01095745 -0.007336041 1761835 0.1109878 -0.004881937 0.1339313
0.123009 -0.01052526 -0.007385044 1871711 0.1063001 -0.004689461 0.1340115
0.123009 -0.01052526 -0.007385044 1991811 0.1063001 -0.004689461 0.1340115
0.1167278 -0.01020569 -0.007436395 2101899 0.1011465 -0.004591137 0.1340978
0.1100112 -0.01023087 -0.007476996 2212002 0.09547264 -0.004599392 0.1341674
0.1100112 -0.01023087 -0.007476996 2332114 0.09547264 -0.004599392 0.1341674
0.1027415 -0.01036796 -0.007494915 2442221 0.08946508 -0.004822649 0.1342768
0.0948853 -0.01038234 -0.007611966 2552304 0.08288667 -0.005170004 0.1342862
0.0948853 -0.01038234 -0.007611966 2662408 0.08288667 -0.005170004 0.1342862
0.08713708 -0.01091051 -0.007599995 2772503 0.07616099 -0.005931216 0.1343893
0.07859677 -0.01088682 -0.007757995 2882606 0.06897992 -0.006549276 0.1343509
0.07859677 -0.01088682 -0.007757995 2992701 0.06897992 -0.006549276 0.1343509
0.069692 -0.01142745 -0.007809015 3102801 0.06125965 -0.007036541 0.1343734
0.06129414 -0.01270798 -0.007805267 3212904 0.05338547 -0.007530806 0.1343808
0.06129414 -0.01270798 -0.007805267 3333186 0.05338547 -0.007530806 0.1343808
0.05179998 -0.01230212 -0.008476841 3443107 0.04499096 -0.007525031 0.1337802
0.04270356 -0.01278684 -0.008311721 3553223 0.03691394 -0.008028595 0.133991
0.04270356 -0.01278684 -0.008311721 3663322 0.03691394 -0.008028595 0.133991
0.03344682 -0.01262842 -0.008630241 3773421 0.02865656 -0.008522599 0.13373
0.0239657 -0.01250448 -0.008610207 3883504 0.02024744 -0.008940074 0.1337966
0.0239657 -0.01250448 -0.008610207 4003608 0.02024744 -0.008940074 0.1337966
0.01455337 -0.01286105 -0.008516551 4113716 0.01188104 -0.009319496 0.1339143
0.005530273 -0.01315451 -0.008290897 4233824 0.003738065 -0.009790191 0.1341581
0.005530273 -0.01315451 -0.008290897 4333914 0.003738065 -0.009790191 0.1341581
-0.003625397 -0.01339691 -0.008189354 4444026 -0.004342756 -0.01021926 0.1342733
-0.01242248 -0.01397757 -0.008040638 4564138 -0.01207746 -0.01091965 0.1344261
-0.01242248 -0.01397757 -0.008040638 4664208 -0.01207746 -0.01091965 0.1344261
-0.02149826 -0.01332218 -0.00868194 4784324 -0.02031786 -0.01084951 0.1337917
-0.02985535 -0.01402147 -0.008546685 4894415 -0.02781953 -0.01146291 0.1339158
-0.02985535 -0.01402147 -0.008546685 5004514 -0.02781953 -0.01146291 0.1339158
-0.03743191 -0.01471775 -0.008318021 5114614 -0.03490366 -0.01191865 0.134132
-0.04496272 -0.01519773 -0.008168893 5224733 -0.04172919 -0.01251833 0.1342692
-0.05249176 -0.0157739 -0.008246822 5364839 -0.04857387 -0.01301463 0.1341725
-0.05249176 -0.0157739 -0.008246822 5454920 -0.04857387 -0.01301463 0.1341725
-0.05942153 -0.01776662 -0.008347317 5565020 -0.05525061 -0.01368835 0.1340332
-0.05942153 -0.01776662 -0.008347317 5675127 -0.05525061 -0.01368835 0.1340332
-0.06614371 -0.01777347 -0.008624573 5785218 -0.06164278 -0.01385956 0.1337505
-0.07234158 -0.01901695 -0.008318785 5895321 -0.06720272 -0.01434025 0.1340117
-0.07234158 -0.01901695 -0.008318785 6005416 -0.06720272 -0.01434025 0.1340117
-0.07926129 -0.01879742 -0.008675957 6125525 -0.07312787 -0.01468414 0.1336325
-0.08477707 -0.01918817 -0.008371484 6235628 -0.07824124 -0.01542589 0.1339288
-0.08477707 -0.01918817 -0.008371484 6345723 -0.07824124 -0.01542589 0.1339288
-0.09028633 -0.0195662 -0.008264378 6455822 -0.08344962 -0.01592165 0.1340248
-0.09569336 -0.01985543 -0.007963927 6575931 -0.088233 -0.01633401 0.134297
-0.09569336 -0.01985543 -0.007963927 6676021 -0.088233 -0.01633401 0.134297
-0.1012624 -0.01940661 -0.008289539 6796129 -0.09309357 -0.01652458 0.1339469
-0.1062139 -0.01959456 -0.008159462 6906228 -0.09746529 -0.01664629 0.1340411
-0.1062139 -0.01959456 -0.008159462 7016332 -0.09746529 -0.01664629 0.1340411
-0.1106621 -0.01962724 -0.008135708 7126427 -0.1017626 -0.01643566 0.1340503
-0.1144475 -0.01959793 -0.008055366 7236530 -0.1056713 -0.01619008 0.1341332
-0.1144475 -0.01959793 -0.008055366 7346641 -0.1056713 -0.01619008 0.1341332
-0.1179019 -0.01958756 -0.00808167 7456741 -0.1091329 -0.01596469 0.1341021
-0.120608 -0.01960632 -0.008038951 7577015 -0.1120738 -0.01582869 0.134155
-0.120608 -0.01960632 -0.008038951 7686940 -0.1120738 -0.01582869 0.134155
-0.1227558 -0.01980635 -0.007843669 7797031 -0.1142793 -0.01588644 0.1343499
-0.1244842 -0.01945042 -0.007821795 7907130 -0.1160179 -0.01584484 0.1343807
-0.1244842 -0.01945042 -0.007821795 8017234 -0.1160179 -0.01584484 0.1343807
-0.125172 -0.01984973 -0.007738987 8127365 -0.1176322 -0.0160479 0.1345106
-0.1264685 -0.01961211 -0.007872588 8247437 -0.118541 -0.01616499 0.1343649
-0.1264685 -0.01961211 -0.007872588 8357702 -0.118541 -0.01616499 0.1343649
-0.1260007 -0.01958918 -0.007756125 8467635 -0.1190934 -0.01654933 0.1345439
-0.125413 -0.01961421 -0.007671284 8587756 -0.1191495 -0.01690934 0.1346653
-0.125413 -0.01961421 -0.007671284 8687834 -0.1191495 -0.01690934 0.1346653
-0.1258145 -0.01951875 -0.007690489 8807938 -0.1188877 -0.01735769 0.1346246
-0.1259932 -0.01919819 -0.007762781 8908032 -0.1185882 -0.01810769 0.1345405
-0.1259932 -0.01919819 -0.007762781 9028141 -0.1185882 -0.01810769 0.1345405
-0.1253453 -0.01975406 -0.007648462 9138240 -0.1185298 -0.01905388 0.1346867
-0.1242766 -0.02216488 -0.006520398 9248339 -0.1188782 -0.02024749 0.1358643
-0.1242766 -0.02216488 -0.006520398 9358438 -0.1188782 -0.02024749 0.1358643
-0.1228864 -0.02291434 -0.004366733 9468760 -0.1196709 -0.02230739 0.1380957
-0.1204112 -0.02501197 -0.0004068439 9578637 -0.1203785 -0.02549771 0.1420923
-0.1204112 -0.02501197 -0.0004068439 9698741 -0.1203785 -0.02549771 0.1420923
-0.1186464 -0.02689249 0.004662229 9809043 -0.1220736 -0.02869682 0.1471095
-0.117221 -0.03099117 0.01097562 9918943 -0.1244081 -0.03292993 0.153281
-0.1159588 -0.03581802 0.01808598 10029043 -0.1270055 -0.03797391 0.1601408
-0.1159588 -0.03581802 0.01808598 10139142 -0.1270055 -0.03797391 0.1601408
