0.04780483 0.004168679 -0.007665636 0 0.02483766 0.03556846 0.1294212
0.04780483 0.004168679 -0.007665636 140135 0.02483766 0.03556846 0.1294212
0.04762946 0.004152613 -0.007729606 230212 0.02359535 0.03531003 0.1292296
0.04625158 0.00396741 -0.007663781 340303 0.02217789 0.03506551 0.1293019
0.04625158 0.00396741 -0.007663781 450674 0.02217789 0.03506551 0.1293019
0.04361818 0.003619561 -0.007577508 560505 0.02069017 0.03480677 0.1295644
0.04072155 0.003166791 -0.007441424 670605 0.01861726 0.0344754 0.129808
0.04072155 0.003166791 -0.007441424 790713 0.01861726 0.0344754 0.129808
0.03749445 0.002897436 -0.0074079 900812 0.0162396 0.03418653 0.1299801
0.03384347 0.002497696 -0.007360584 1010915 0.01340105 0.03387949 0.1301295
0.03384347 0.002497696 -0.007360584 1121006 0.01340105 0.03387949 0.1301295
0.02998057 0.002255245 -0.007285816 1231110 0.01027422 0.0335047 0.1303419
0.02565516 0.002144637 -0.007184034 1341262 0.006816242 0.03322305 0.1306037
0.02565516 0.002144637 -0.007184034 1461317 0.006816242 0.03322305 0.1306037
0.02029254 0.001734776 -0.007117422 1571416 0.003040179 0.03296985 0.1308426
0.01469189 0.001782561 -0.007069415 1681516 -0.0009239842 0.03288592 0.1311151
0.01469189 0.001782561 -0.007069415 1791615 -0.0009239842 0.03288592 0.1311151
0.008538454 0.002041338 -0.007162284 1901714 -0.005238833 0.03287698 0.1312776
0.002875965 0.001939748 -0.007076287 2011813 -0.00960952 0.03281422 0.1314774
0.002875965 0.001939748 -0.007076287 2121913 -0.00960952 0.03281422 0.1314774
-0.003497484 0.002167619 -0.007157873 2242025 -0.01432224 0.03285179 0.1315777
-0.009712185 0.002220317 -0.007151339 2352136 -0.01916431 0.03287017 0.131692
-0.009712185 0.002220317 -0.007151339 2462223 -0.01916431 0.03287017 0.131692
-0.01608929 0.002230428 -0.007157775 2572436 -0.02406694 0.03282965 0.1317893
-0.02283489 0.002043457 -0.007227513 2702598 -0.02903634 0.03269973 0.1317976
-0.02283489 0.002043457 -0.007227513 2792517 -0.02903634 0.03269973 0.1317976
-0.02903422 0.001894594 -0.007284892 2912625 -0.03400481 0.03255531 0.1317887
-0.03440305 0.001645224 -0.007301913 3022724 -0.03876926 0.03240329 0.1317704
-0.03440305 0.001645224 -0.007301913 3132832 -0.03876926 0.03240329 0.1317704
-0.03954748 0.001339171 -0.007311259 3242923 -0.04343984 0.03227499 0.1317357
-0.04429854 0.00103166 -0.007406407 3373052 -0.0477296 0.03212737 0.1316171
-0.04429854 0.00103166 -0.007406407 3473130 -0.0477296 0.03212737 0.1316171
-0.04866556 0.0004648539 -0.00739724 3573229 -0.05160305 0.03191637 0.1315575
-0.05240881 2.328045E-05 -0.007421624 3693353 -0.05507044 0.03161851 0.1315061
-0.05240881 2.328045E-05 -0.007421624 3803428 -0.05507044 0.03161851 0.1315061
-0.05552873 -0.0004589273 -0.007436638 3913527 -0.05808642 0.03131796 0.1314515
-0.05766158 -0.0007087527 -0.00744452 4023630 -0.0605614 0.03095144 0.1314636
-0.05766158 -0.0007087527 -0.00744452 4143735 -0.0605614 0.03095144 0.1314636
-0.05914449 -0.001083509 -0.007425422 4243845 -0.06254099 0.03061411 0.1314629
-0.05986894 -0.001201794 -0.007443072 4353936 -0.06398957 0.03027256 0.1314764
-0.05986894 -0.001201794 -0.007443072 4474036 -0.06398957 0.03027256 0.1314764
-0.05979106 -0.001058232 -0.007372482 4584132 -0.06492653 0.03000775 0.1316051
-0.06205156 -0.001078661 -0.007082911 4694243 -0.06502149 0.02959814 0.1320442
-0.06205156 -0.001078661 -0.007082911 4804330 -0.06502149 0.02959814 0.1320442
-0.06089396 -0.002348288 -0.005477733 4914449 -0.0653094 0.02946033 0.1333566
-0.05843198 -0.003335215 -0.002713403 5034537 -0.06567256 0.02952121 0.1357578
-0.05843198 -0.003335215 -0.002713403 5144637 -0.06567256 0.02952121 0.1357578
-0.05624948 -0.003817707 0.001043613 5254740 -0.06588767 0.02965497 0.1392208
-0.05420569 -0.005181857 0.005863 5364835 -0.0660524 0.02950512 0.1435681
-0.05420569 -0.005181857 0.005863 5474934 -0.0660524 0.02950512 0.1435681
-0.05338572 -0.006058261 0.01099523 5585034 -0.06655165 0.02953425 0.148349
-0.05332693 -0.007038155 0.01667449 5695133 -0.06736272 0.02967605 0.1536464
-0.05332693 -0.007038155 0.01667449 5815253 -0.06736272 0.02967605 0.1536464
-0.05459649 -0.007848844 0.02240788 5925340 -0.06873994 0.02990916 0.1590846
-0.0570204 -0.008340606 0.02812001 6035439 -0.07075566 0.03028472 0.1645959
-0.0570204 -0.008340606 0.02812001 6145535 -0.07075566 0.03028472 0.1645959
-0.0613324 -0.008805028 0.03356382 6265651 -0.07367266 0.03065366 0.1699345
-0.06717008 -0.008934497 0.03858473 6375750 -0.0773907 0.03107874 0.1749692
