0.05638513 -0.009060799 -0.0072375 0 0.03699216 -0.008684722 0.1339362
0.05638513 -0.009060799 -0.0072375 110103 0.03699216 -0.008684722 0.1339362
0.05627254 -0.009035303 -0.007353374 220206 0.03705042 -0.008492614 0.1338431
0.0561815 -0.009009854 -0.007429992 340477 0.03705454 -0.008275812 0.1337785
0.0561815 -0.009009854 -0.007429992 450406 0.03705454 -0.008275812 0.1337785
0.05624851 -0.008939275 -0.007442094 560509 0.03703654 -0.008036622 0.1337539
0.0562117 -0.008922704 -0.007502131 670604 0.03676933 -0.00777674 0.1336606
0.05619292 -0.0090201 -0.007403849 800876 0.03641552 -0.007703999 0.1337108
0.05619292 -0.0090201 -0.007403849 890803 0.03641552 -0.007703999 0.1337108
0.05614055 -0.009129552 -0.007302288 1000902 0.03576617 -0.007652064 0.1337259
0.05560107 -0.009058991 -0.007221966 1121014 0.03500723 -0.00760753 0.1337746
0.05560107 -0.009058991 -0.007221966 1231113 0.03500723 -0.00760753 0.1337746
0.05378992 -0.008918107 -0.007235771 1341209 0.03409336 -0.00762173 0.1338904
0.05378992 -0.008918107 -0.007235771 1451316 0.03409336 -0.00762173 0.1338904
0.05162075 -0.008842653 -0.007186691 1561419 0.03268479 -0.007843507 0.134046
0.04836635 -0.009050679 -0.00713189 1671506 0.03068846 -0.008047896 0.1342637
0.04836635 -0.009050679 -0.00713189 1781610 0.03068846 -0.008047896 0.1342637
0.04447119 -0.009374578 -0.007040871 1901714 0.02788833 -0.008141765 0.1344855
0.03992272 -0.009619978 -0.006979098 2011813 0.02431058 -0.007964059 0.1346534
0.03992272 -0.009619978 -0.006979098 2121912 0.02431058 -0.007964059 0.1346534
0.03432002 -0.009867704 -0.006999926 2232016 0.01990715 -0.007569548 0.1347506
0.02829208 -0.009558007 -0.007043615 2352120 0.0148738 -0.006811523 0.1347966
0.02193153 -0.008866977 -0.007091425 2452210 0.009353089 -0.005847801 0.1348202
0.02193153 -0.008866977 -0.007091425 2592348 0.009353089 -0.005847801 0.1348202
0.01478984 -0.008359655 -0.00727864 2682417 0.003241116 -0.004890087 0.1347102
0.01478984 -0.008359655 -0.00727864 2792537 0.003241116 -0.004890087 0.1347102
0.007368512 -0.007951465 -0.007316105 2902616 -0.003113646 -0.003961353 0.1347418
-0.0008233697 -0.006639875 -0.008097112 3012715 -0.01014328 -0.002812434 0.1340462
-0.008643631 -0.007365608 -0.008037698 3132823 -0.01670387 -0.002346182 0.1341455
-0.008643631 -0.007365608 -0.008037698 3232913 -0.01670387 -0.002346182 0.1341455
-0.01657196 -0.007804839 -0.008312786 3353026 -0.02337475 -0.001689472 0.1338933
-0.02399725 -0.007669179 -0.008555748 3463121 -0.02966577 -0.001126897 0.133681
-0.02399725 -0.007669179 -0.008555748 3573240 -0.02966577 -0.001126897 0.133681
-0.03067753 -0.008595259 -0.008434785 3683319 -0.03541169 -0.0007270788 0.133769
-0.03728412 -0.008303187 -0.008721174 3793435 -0.04122979 -4.065689E-05 0.1334843
-0.03728412 -0.008303187 -0.008721174 3913527 -0.04122979 -4.065689E-05 0.1334843
-0.04207278 -0.009352389 -0.008426825 4023626 -0.04613182 0.0003467666 0.1336847
-0.04650829 -0.00946402 -0.00849289 4133725 -0.05067784 0.001124232 0.133552
-0.04650829 -0.00946402 -0.00849289 4243825 -0.05067784 0.001124232 0.133552
-0.05061978 -0.008834506 -0.008933417 4353928 -0.05481206 0.002070656 0.1330868
-0.05263896 -0.00940677 -0.008736074 4464023 -0.05781467 0.002616949 0.1331613
-0.05263896 -0.00940677 -0.008736074 4584135 -0.05781467 0.002616949 0.1331613
-0.05344151 -0.009983812 -0.008532613 4694230 -0.05983585 0.002786945 0.1332498
-0.05343306 -0.009745431 -0.008570504 4804330 -0.06132183 0.002411444 0.1331906
-0.05343306 -0.009745431 -0.008570504 4914433 -0.06132183 0.002411444 0.1331906
-0.05380443 -0.009990552 -0.008621637 5044546 -0.06130693 0.001191261 0.1332407
-0.0525776 -0.01131497 -0.007679239 5134627 -0.06042391 -0.0008215773 0.1342171
-0.0525776 -0.01131497 -0.007679239 5254736 -0.06042391 -0.0008215773 0.1342171
-0.04961076 -0.0141096 -0.004750737 5364835 -0.06034195 -0.002793552 0.1368933
-0.04588577 -0.01755901 8.544188E-06 5474938 -0.06010975 -0.00548944 0.1412822
-0.04588577 -0.01755901 8.544188E-06 5585041 -0.06010975 -0.00548944 0.1412822
-0.04301011 -0.02021349 0.005666303 5695132 -0.06023967 -0.008856009 0.1466641
