0.2986705 0.002612456 -0.006569917 0 0.2633293 -0.01361568 0.1305209
0.2986705 0.002612456 -0.006569917 110096 0.2633293 -0.01361568 0.1305209
0.298626 0.00266983 -0.006551439 220195 0.2630909 -0.01290549 0.130565
0.2984501 0.002763949 -0.006559598 340303 0.2628483 -0.01210147 0.1306183
0.2984501 0.002763949 -0.006559598 470429 0.2628483 -0.01210147 0.1306183
0.2984279 0.003024477 -0.006522688 560506 0.2627417 -0.0111254 0.1307089
0.2983403 0.003151889 -0.006519815 670601 0.2626736 -0.009871376 0.1308284
0.2983403 0.003151889 -0.006519815 780700 0.2626736 -0.009871376 0.1308284
0.2984228 0.003391337 -0.006486422 900812 0.2625861 -0.008145064 0.1309504
0.2986495 0.003744693 -0.006451477 1000898 0.2624458 -0.005811148 0.1310412
0.2986495 0.003744693 -0.006451477 1121007 0.2624458 -0.005811148 0.1310412
0.2989964 0.00704274 -0.006432123 1231110 0.2619925 -0.003996843 0.1307359
0.2990503 0.01145077 -0.006461743 1341205 0.2613816 -0.002175746 0.1302921
0.2990503 0.01145077 -0.006461743 1451304 0.2613816 -0.002175746 0.1302921
0.299194 0.01491651 -0.006344971 1571409 0.2606263 0.0005619162 0.1300835
0.2988655 0.01940251 -0.006346636 1671503 0.2597072 0.003830591 0.1297798
0.2988655 0.01940251 -0.006346636 1791611 0.2597072 0.003830591 0.1297798
0.2984949 0.02414045 -0.006314343 1901710 0.2585736 0.007622293 0.1294785
0.2978951 0.02939493 -0.006248451 2011810 0.2572356 0.01193012 0.1292064
0.2978951 0.02939493 -0.006248451 2121925 0.2572356 0.01193012 0.1292064
0.2970162 0.03585304 -0.006240967 2232008 0.2558154 0.01661503 0.1288096
0.2956025 0.04277104 -0.006176244 2352116 0.254061 0.02167974 0.1284926
0.2956025 0.04277104 -0.006176244 2462215 0.254061 0.02167974 0.1284926
0.2943656 0.04974801 -0.00623049 2572315 0.2521791 0.02747232 0.1280466
0.2928188 0.05662279 -0.006249967 2682442 0.2498695 0.03369829 0.1276756
0.2928188 0.05662279 -0.006249967 2792513 0.2498695 0.03369829 0.1276756
0.2903551 0.06451584 -0.006229889 2902612 0.2471119 0.04030971 0.1273753
0.288026 0.07322604 -0.006264224 3022887 0.2445277 0.04697528 0.1268712
0.288026 0.07322604 -0.006264224 3132828 0.2445277 0.04697528 0.1268712
0.2855273 0.08209073 -0.006227945 3242919 0.2417737 0.05389191 0.1264246
0.2823554 0.09087881 -0.006272243 3353026 0.238727 0.06099652 0.1260526
0.2823554 0.09087881 -0.006272243 3463117 0.238727 0.06099652 0.1260526
0.2791669 0.0997593 -0.006308035 3573217 0.2355786 0.06827284 0.1256575
0.2757055 0.1086053 -0.006245416 3683332 0.2321576 0.07563917 0.1253717
0.2757055 0.1086053 -0.006245416 3803428 0.2321576 0.07563917 0.1253717
0.2718374 0.117818 -0.006207695 3933541 0.22853 0.08316401 0.1250547
0.2673065 0.1271706 -0.006279442 4023623 0.2245359 0.09075265 0.1246811
0.2673065 0.1271706 -0.006279442 4133795 0.2245359 0.09075265 0.1246811
0.2625076 0.1366017 -0.006224731 4253830 0.2203607 0.09837177 0.1244212
0.2571857 0.1462178 -0.006252138 4353936 0.2159478 0.1059224 0.1240627
0.2571857 0.1462178 -0.006252138 4464036 0.2159478 0.1059224 0.1240627
0.2512178 0.1557297 -0.006332188 4584136 0.2112849 0.1132923 0.1237089
0.2450182 0.1653332 -0.00635114 4694227 0.2064074 0.1207707 0.123378
0.2450182 0.1653332 -0.00635114 4804326 0.2064074 0.1207707 0.123378
0.2387462 0.1746645 -0.006273869 4914425 0.2008977 0.12815 0.1229939
0.2316819 0.183785 -0.006262665 5024525 0.1950378 0.135414 0.1226703
0.2316819 0.183785 -0.006262665 5134628 0.1950378 0.135414 0.1226703
0.2253255 0.192775 -0.006209581 5254732 0.1892032 0.1426479 0.1221988
0.2181024 0.2015337 -0.006082969 5364831 0.1827662 0.149966 0.1219732
0.2181024 0.2015337 -0.006082969 5474939 0.1827662 0.149966 0.1219732
0.2104431 0.2095911 -0.00609536 5585030 0.1759813 0.1570767 0.1218143
0.2026743 0.2168217 -0.006000219 5695129 0.1689085 0.1639508 0.1219482
0.2026743 0.2168217 -0.006000219 5805228 0.1689085 0.1639508 0.1219482
0.1937145 0.2245613 -0.005993695 5925340 0.161433 0.1706943 0.1219222
0.1852089 0.2313714 -0.00606643 6035436 0.1539949 0.1769236 0.1218686
0.1852089 0.2313714 -0.00606643 6145543 0.1539949 0.1769236 0.1218686
0.1765219 0.2385379 -0.005987743 6265647 0.146242 0.1829918 0.1216994
0.1676289 0.2449321 -0.006029864 6365733 0.1384605 0.1887669 0.1216452
0.1579559 0.2511237 -0.006077426 6475853 0.1305768 0.1942796 0.1216933
0.1579559 0.2511237 -0.006077426 6585940 0.1305768 0.1942796 0.1216933
0.148153 0.2576831 -0.006045045 6706040 0.1224652 0.1996474 0.1215412
0.148153 0.2576831 -0.006045045 6816143 0.1224652 0.1996474 0.1215412
0.1377682 0.2640597 -0.006042452 6926238 0.1142341 0.2048355 0.121413
0.1273112 0.2702955 -0.006023963 7036338 0.1057868 0.2099882 0.1212787
0.1273112 0.2702955 -0.006023963 7146437 0.1057868 0.2099882 0.1212787
0.1176017 0.2752714 -0.005941143 7256536 0.09719062 0.2145861 0.1213653
0.1058958 0.2811518 -0.005923952 7376665 0.08800149 0.2193835 0.1212401
0.0959181 0.2856934 -0.005882392 7506762 0.07935988 0.2235904 0.1212997
0.0959181 0.2856934 -0.005882392 7596843 0.07935988 0.2235904 0.1212997
0.08547114 0.2902527 -0.00584991 7706942 0.0706114 0.2277521 0.1213472
0.08547114 0.2902527 -0.00584991 7817041 0.0706114 0.2277521 0.1213472
0.07563294 0.294261 -0.005587455 7927141 0.06203032 0.2316182 0.1216803
0.06440356 0.2966337 -0.005835859 8037240 0.05236938 0.2346841 0.1219283
0.05764063 0.3005734 -0.005534506 8157348 0.0443854 0.2380757 0.1218413
0.05764063 0.3005734 -0.005534506 8267447 0.0443854 0.2380757 0.1218413
0.04725038 0.3033163 -0.005447641 8377546 0.03549608 0.2407587 0.122046
0.04725038 0.3033163 -0.005447641 8487646 0.03549608 0.2407587 0.122046
0.03706943 0.3055028 -0.005386899 8607750 0.02663431 0.2430238 0.12226
0.02673296 0.3073765 -0.005298754 8707844 0.01780033 0.2449564 0.1224909
0.01540614 0.3103722 -0.005148196 8827952 0.008990681 0.2467798 0.1222138
0.01540614 0.3103722 -0.005148196 8968099 0.008990681 0.2467798 0.1222138
0.005166565 0.3109736 -0.005124532 9048151 4.29069E-05 0.2477628 0.1224857
-0.005445763 0.3111643 -0.005038648 9158250 -0.008988821 0.2483396 0.1228157
-0.005445763 0.3111643 -0.005038648 9268349 -0.008988821 0.2483396 0.1228157
-0.01491048 0.3108015 -0.005122888 9388457 -0.01746709 0.2485237 0.1230223
-0.02622288 0.3117037 -0.004902111 9498557 -0.02646018 0.2487222 0.122924
-0.02622288 0.3117037 -0.004902111 9608656 -0.02646018 0.2487222 0.122924
-0.03674201 0.3101 -0.004961814 9718759 -0.03555294 0.2481665 0.1233701
-0.04629265 0.3078958 -0.005120839 9828854 -0.04456462 0.2472004 0.1237952
-0.04629265 0.3078958 -0.005120839 9938974 -0.04456462 0.2472004 0.1237952
-0.05666009 0.3075098 -0.004852496 10049053 -0.05368219 0.2466126 0.1239454
-0.06546976 0.3050565 -0.004957594 10169161 -0.06233783 0.2453754 0.1244047
-0.06546976 0.3050565 -0.004957594 10279264 -0.06233783 0.2453754 0.1244047
-0.07612345 0.3032817 -0.004804113 10389359 -0.07131579 0.2436014 0.1245071
-0.08742837 0.2995982 -0.005275631 10499459 -0.07959487 0.2416225 0.1246617
-0.08742837 0.2995982 -0.005275631 10609558 -0.07959487 0.2416225 0.1246617
-0.09763335 0.2965303 -0.005277498 10719657 -0.08830252 0.2390709 0.1247902
-0.1074228 0.2930118 -0.00528421 10839915 -0.0968743 0.2360669 0.1249166
-0.1074228 0.2930118 -0.00528421 10949869 -0.0968743 0.2360669 0.1249166
-0.1172348 0.2885348 -0.005240123 11059964 -0.1053452 0.2326459 0.1253023
-0.1267844 0.2840033 -0.005257329 11170075 -0.1134904 0.2289914 0.1255219
-0.1267844 0.2840033 -0.005257329 11290171 -0.1134904 0.2289914 0.1255219
-0.136337 0.2792993 -0.005213957 11390262 -0.1214933 0.2250735 0.1257268
-0.1452723 0.2739864 -0.005239695 11500551 -0.1294342 0.2207751 0.1260004
-0.1452723 0.2739864 -0.005239695 11620477 -0.1294342 0.2207751 0.1260004
-0.1537069 0.2685828 -0.005267707 11730568 -0.1371776 0.2163112 0.1262645
-0.1618645 0.2626177 -0.005250458 11840667 -0.144923 0.2114616 0.1266673
-0.1618645 0.2626177 -0.005250458 11960788 -0.144923 0.2114616 0.1266673
-0.1725518 0.2562565 -0.004970174 12060866 -0.1535022 0.2063076 0.1271225
-0.1792902 0.2497821 -0.005121152 12170965 -0.1603769 0.2009701 0.1274153
-0.1792902 0.2497821 -0.005121152 12291073 -0.1603769 0.2009701 0.1274153
-0.1863779 0.2430105 -0.005264442 12401173 -0.1671897 0.1953169 0.1276392
-0.1936359 0.2359454 -0.005330605 12511284 -0.173977 0.1893284 0.1278859
-0.1936359 0.2359454 -0.005330605 12621375 -0.173977 0.1893284 0.1278859
-0.1995916 0.2281403 -0.005447749 12731470 -0.1806341 0.1829116 0.1283477
-0.2058812 0.2203728 -0.005635882 12851583 -0.1869336 0.1763056 0.128548
-0.2058812 0.2203728 -0.005635882 12961686 -0.1869336 0.1763056 0.128548
-0.2135163 0.2131806 -0.005610247 13071777 -0.1930246 0.1694677 0.1284625
-0.2204682 0.2055323 -0.005573764 13181876 -0.1987964 0.1624415 0.1285149
-0.2204682 0.2055323 -0.005573764 13291975 -0.1987964 0.1624415 0.1285149
-0.2289137 0.1983635 -0.005314476 13402075 -0.2041842 0.1552869 0.1282487
-0.2341921 0.1907581 -0.005316721 13522187 -0.2095873 0.147666 0.1282644
-0.2341921 0.1907581 -0.005316721 13622285 -0.2095873 0.147666 0.1282644
-0.2371698 0.1818254 -0.005612897 13742381 -0.2148095 0.1396863 0.128665
-0.2418793 0.1736237 -0.005609602 13852481 -0.2195181 0.1314283 0.1286505
-0.2418793 0.1736237 -0.005609602 13962580 -0.2195181 0.1314283 0.1286505
-0.2465904 0.1652986 -0.00564786 14072679 -0.2240856 0.1228529 0.1285093
-0.2509988 0.1571876 -0.005629691 14182778 -0.2283793 0.1141993 0.1283353
-0.2509988 0.1571876 -0.005629691 14292890 -0.2283793 0.1141993 0.1283353
-0.2550822 0.1482491 -0.005689105 14412986 -0.2324805 0.1054952 0.1283539
-0.258893 0.1396834 -0.005680487 14523085 -0.2364415 0.09683312 0.1283569
-0.258893 0.1396834 -0.005680487 14633184 -0.2364415 0.09683312 0.1283569
-0.2621472 0.1310325 -0.005750107 14763305 -0.2398554 0.08821229 0.1283236
-0.2654161 0.1224395 -0.005776747 14853383 -0.2426915 0.07968864 0.1282464
-0.2654161 0.1224395 -0.005776747 14963482 -0.2426915 0.07968864 0.1282464
-0.2691145 0.1138198 -0.005789977 15103624 -0.2452929 0.0712784 0.1281093
-0.2720935 0.1050595 -0.005798999 15193705 -0.2478431 0.06298397 0.1281704
-0.2720935 0.1050595 -0.005798999 15303788 -0.2478431 0.06298397 0.1281704
-0.2749408 0.09629184 -0.005851625 15413888 -0.2504839 0.05476654 0.1282519
-0.2777505 0.08767211 -0.005865025 15524003 -0.2530834 0.04664928 0.1283546
-0.2777505 0.08767211 -0.005865025 15634106 -0.2530834 0.04664928 0.1283546
-0.2799792 0.07928944 -0.005908736 15744185 -0.255372 0.03860521 0.1284249
-0.281947 0.07083162 -0.005969769 15864294 -0.2573245 0.03045948 0.1284552
-0.281947 0.07083162 -0.005969769 15974405 -0.2573245 0.03045948 0.1284552
-0.2842974 0.06214558 -0.005928573 16084496 -0.2589782 0.02224079 0.1285065
-0.2858623 0.05320013 -0.006075469 16214613 -0.2600875 0.01399043 0.1284776
-0.2858623 0.05320013 -0.006075469 16304690 -0.2600875 0.01399043 0.1284776
-0.2877381 0.04467681 -0.005957563 16414786 -0.261215 0.005891899 0.1285731
-0.2891012 0.0366663 -0.005940452 16544907 -0.2622786 -0.002150544 0.1285216
-0.2891012 0.0366663 -0.005940452 16644997 -0.2622786 -0.002150544 0.1285216
-0.2900518 0.02790287 -0.006088205 16755096 -0.262985 -0.01014623 0.1285442
-0.2901145 0.01955196 -0.006197629 16865200 -0.2632861 -0.01820979 0.1285634
-0.2901145 0.01955196 -0.006197629 16975295 -0.2632861 -0.01820979 0.1285634
-0.2905307 0.01146301 -0.006351024 17085410 -0.2633436 -0.02615833 0.1283774
-0.2905433 0.00390414 -0.00652756 17205502 -0.2632864 -0.03407506 0.1280863
-0.2920572 -0.004662007 -0.006663072 17315602 -0.2636032 -0.04206082 0.1278655
-0.2920572 -0.004662007 -0.006663072 17425701 -0.2636032 -0.04206082 0.1278655
-0.2924698 -0.0142525 -0.006707903 17535999 -0.2634494 -0.05020214 0.1280945
-0.292494 -0.02262921 -0.006659908 17645907 -0.2631766 -0.05798109 0.1282363
-0.292494 -0.02262921 -0.006659908 17756002 -0.2631766 -0.05798109 0.1282363
-0.2922493 -0.03052149 -0.006715209 17876107 -0.2627935 -0.06579755 0.1281707
-0.2918533 -0.03897954 -0.006701166 17986263 -0.2620537 -0.07366607 0.1282621
-0.2918533 -0.03897954 -0.006701166 18096309 -0.2620537 -0.07366607 0.1282621
-0.291261 -0.04721186 -0.006729142 18206575 -0.2609389 -0.08149722 0.1282202
-0.2906577 -0.05557918 -0.006789106 18316508 -0.2598168 -0.08932144 0.1281796
-0.2906577 -0.05557918 -0.006789106 18436616 -0.2598168 -0.08932144 0.1281796
-0.2897924 -0.06377312 -0.006833379 18546715 -0.2586541 -0.09705751 0.1281807
-0.2887785 -0.07187518 -0.00683493 18656810 -0.2575611 -0.1045766 0.1283033
-0.2887785 -0.07187518 -0.00683493 18766909 -0.2575611 -0.1045766 0.1283033
-0.2872506 -0.07992577 -0.006888788 18877009 -0.2562333 -0.1120279 0.1284391
-0.285852 -0.08790763 -0.006914868 18997117 -0.2546485 -0.1193101 0.1285343
-0.285852 -0.08790763 -0.006914868 19097207 -0.2546485 -0.1193101 0.1285343
-0.2846022 -0.09596197 -0.006875969 19207331 -0.2529824 -0.1266028 0.1286511
-0.2825753 -0.1036607 -0.006952242 19347433 -0.2509342 -0.1337957 0.1286832
-0.2825753 -0.1036607 -0.006952242 19437518 -0.2509342 -0.1337957 0.1286832
-0.2804908 -0.1112252 -0.006962342 19547617 -0.2487221 -0.1409544 0.1287328
-0.278365 -0.1186491 -0.006951581 19657724 -0.2463475 -0.1480097 0.1287653
-0.278365 -0.1186491 -0.006951581 19767811 -0.2463475 -0.1480097 0.1287653
-0.2753662 -0.1261156 -0.007048586 19887920 -0.2435829 -0.1549069 0.1288453
-0.2727051 -0.1335745 -0.007005677 19998019 -0.2408162 -0.1616753 0.1290079
-0.2727051 -0.1335745 -0.007005677 20108126 -0.2408162 -0.1616753 0.1290079
-0.2691851 -0.1411672 -0.007075635 20218221 -0.2376691 -0.1683926 0.1292026
-0.2656684 -0.1484472 -0.007038072 20328329 -0.2344528 -0.1749537 0.1294509
-0.2656684 -0.1484472 -0.007038072 20438416 -0.2344528 -0.1749537 0.1294509
-0.2612627 -0.1556826 -0.007107714 20548515 -0.2308397 -0.1815262 0.129687
-0.2571092 -0.1625672 -0.007073253 20658614 -0.2269301 -0.1879765 0.1298568
-0.2571092 -0.1625672 -0.007073253 20778751 -0.2269301 -0.1879765 0.1298568
-0.2530697 -0.1695823 -0.007103615 20888818 -0.222963 -0.194327 0.129964
-0.2481776 -0.176205 -0.007135407 20998917 -0.2186305 -0.2005133 0.130132
-0.2481776 -0.176205 -0.007135407 21109020 -0.2186305 -0.2005133 0.130132
-0.2421454 -0.1826305 -0.007151805 21219119 -0.2147375 -0.2069074 0.1305642
-0.2364874 -0.1890084 -0.007139063 21329223 -0.2100472 -0.2128001 0.1308505
-0.2364874 -0.1890084 -0.007139063 21449327 -0.2100472 -0.2128001 0.1308505
-0.2313239 -0.1955132 -0.007140863 21559430 -0.2054132 -0.2186722 0.1310566
-0.2259985 -0.2013227 -0.007156372 21669521 -0.2004699 -0.2242341 0.1311535
-0.2259985 -0.2013227 -0.007156372 21779625 -0.2004699 -0.2242341 0.1311535
-0.2198108 -0.2073998 -0.007153993 21889724 -0.195586 -0.2296157 0.1315033
-0.2127574 -0.2135536 -0.007213064 22009836 -0.1904957 -0.2348386 0.1319186
-0.2127574 -0.2135536 -0.007213064 22119931 -0.1904957 -0.2348386 0.1319186
-0.2083264 -0.2198785 -0.006975946 22230043 -0.1857456 -0.2397439 0.1323141
-0.2020886 -0.2259427 -0.006886251 22340130 -0.1806375 -0.2446519 0.132742
-0.2020886 -0.2259427 -0.006886251 22450419 -0.1806375 -0.2446519 0.132742
-0.1948287 -0.2318206 -0.006789746 22560328 -0.175245 -0.249391 0.1332603
-0.1878039 -0.2373795 -0.006733285 22680440 -0.1696936 -0.2539582 0.1336355
-0.1878039 -0.2373795 -0.006733285 22790540 -0.1696936 -0.2539582 0.1336355
-0.1806296 -0.2424931 -0.006665895 22900639 -0.163883 -0.258247 0.133967
-0.173808 -0.2473475 -0.00663332 23010734 -0.1580349 -0.2622993 0.1341996
-0.173808 -0.2473475 -0.00663332 23120833 -0.1580349 -0.2622993 0.1341996
-0.1665956 -0.2518403 -0.006589751 23240942 -0.152124 -0.266087 0.1344558
-0.1593252 -0.2561696 -0.006609342 23341044 -0.1460182 -0.2696638 0.1346247
-0.1593252 -0.2561696 -0.006609342 23461140 -0.1460182 -0.2696638 0.1346247
-0.1518507 -0.2602635 -0.00653531 23571239 -0.1397219 -0.273076 0.1348683
-0.1444508 -0.2644184 -0.006538916 23701356 -0.1333152 -0.27629 0.1350285
-0.1444508 -0.2644184 -0.006538916 23791446 -0.1333152 -0.27629 0.1350285
-0.1367879 -0.2683662 -0.006444455 23901537 -0.126887 -0.2792859 0.1352911
-0.1290811 -0.2723957 -0.006380016 24011782 -0.1205181 -0.282111 0.1355303
-0.1290811 -0.2723957 -0.006380016 24121735 -0.1205181 -0.282111 0.1355303
-0.1222631 -0.2764089 -0.006164149 24241844 -0.1140169 -0.2848457 0.1358467
-0.1137368 -0.2803063 -0.006124998 24351943 -0.1071671 -0.2873236 0.1360504
-0.1137368 -0.2803063 -0.006124998 24462058 -0.1071671 -0.2873236 0.1360504
-0.1046306 -0.284345 -0.006099453 24572141 -0.1002309 -0.2895004 0.1362393
-0.09634183 -0.2880452 -0.005993302 24682240 -0.09324156 -0.291582 0.1364291
-0.09634183 -0.2880452 -0.005993302 24792340 -0.09324156 -0.291582 0.1364291
-0.08779512 -0.2911642 -0.005995718 24912448 -0.08587798 -0.2936811 0.1364691
-0.07941691 -0.2940309 -0.006031129 25022547 -0.07860831 -0.2956114 0.1364578
-0.07941691 -0.2940309 -0.006031129 25132650 -0.07860831 -0.2956114 0.1364578
-0.07003284 -0.2968172 -0.005919178 25242746 -0.07110941 -0.2973826 0.1365756
-0.06187537 -0.2992832 -0.006008135 25352845 -0.06362124 -0.2988776 0.1364806
-0.06187537 -0.2992832 -0.006008135 25462944 -0.06362124 -0.2988776 0.1364806
-0.05284661 -0.3015853 -0.005919393 25583056 -0.05622274 -0.3002709 0.1365346
-0.04347148 -0.3036898 -0.005901578 25693151 -0.04876038 -0.3013907 0.1364817
-0.04347148 -0.3036898 -0.005901578 25803251 -0.04876038 -0.3013907 0.1364817
-0.03380481 -0.3060904 -0.005854266 25923359 -0.04113896 -0.302487 0.1364112
-0.02493549 -0.3079413 -0.005881498 26023445 -0.03357747 -0.3034064 0.1362839
-0.02493549 -0.3079413 -0.005881498 26133565 -0.03357747 -0.3034064 0.1362839
-0.01580048 -0.3094906 -0.005869289 26253677 -0.0258764 -0.304101 0.1361718
-0.006223954 -0.3110053 -0.005822218 26363756 -0.01811646 -0.3046376 0.1360378
-0.006223954 -0.3110053 -0.005822218 26473855 -0.01811646 -0.3046376 0.1360378
0.003923055 -0.3121674 -0.005708299 26583954 -0.01013916 -0.3048898 0.1359092
0.01347207 -0.3135176 -0.00565303 26694074 -0.002333703 -0.3051344 0.1357193
0.02313656 -0.3148954 -0.005664958 26804153 0.005509071 -0.3053521 0.1354182
0.02313656 -0.3148954 -0.005664958 26914248 0.005509071 -0.3053521 0.1354182
0.03284471 -0.3158683 -0.005657238 27024351 0.01357905 -0.3052212 0.1351324
0.03284471 -0.3158683 -0.005657238 27144463 0.01357905 -0.3052212 0.1351324
0.0425094 -0.3164418 -0.005631042 27254563 0.02167049 -0.3048621 0.1348606
0.05206877 -0.3167854 -0.005655826 27364658 0.02969015 -0.3043743 0.1345277
0.06199021 -0.3170069 -0.005798402 27474757 0.03779613 -0.3038094 0.1340112
0.06199021 -0.3170069 -0.005798402 27604891 0.03779613 -0.3038094 0.1340112
0.07177468 -0.3171294 -0.005867335 27704969 0.0459664 -0.3031888 0.133581
0.08160682 -0.3171313 -0.005857429 27815068 0.05431737 -0.3024073 0.1332279
0.08160682 -0.3171313 -0.005857429 27925163 0.05431737 -0.3024073 0.1332279
0.09131754 -0.3166761 -0.005809565 28035266 0.06263074 -0.3015142 0.1329471
0.1006401 -0.3160951 -0.005767141 28145361 0.0709141 -0.3003404 0.1327045
0.1006401 -0.3160951 -0.005767141 28255461 0.0709141 -0.3003404 0.1327045
0.1096891 -0.31466 -0.005870024 28375751 0.07890184 -0.2988675 0.1323652
0.1187716 -0.3132517 -0.005771792 28485672 0.08686639 -0.2971025 0.1321684
0.1187716 -0.3132517 -0.005771792 28615785 0.08686639 -0.2971025 0.1321684
0.1271777 -0.3116961 -0.005850856 28705883 0.09465357 -0.2950196 0.131882
0.1361148 -0.3090766 -0.005923355 28815966 0.1022732 -0.2925633 0.1315114
0.1361148 -0.3090766 -0.005923355 28926065 0.1022732 -0.2925633 0.1315114
0.1443586 -0.3064669 -0.005960588 29036197 0.1096823 -0.2898573 0.1312543
0.152878 -0.3031655 -0.005945716 29156297 0.1170112 -0.2866635 0.1309758
0.152878 -0.3031655 -0.005945716 29266372 0.1170112 -0.2866635 0.1309758
0.1614851 -0.2993676 -0.005955603 29376471 0.12418 -0.2833521 0.130639
0.1691168 -0.2959583 -0.005825957 29486570 0.1313182 -0.2798446 0.1306213
0.1691168 -0.2959583 -0.005825957 29596669 0.1313182 -0.2798446 0.1306213
0.1763418 -0.2917422 -0.006073655 29716786 0.1380732 -0.2763648 0.1303276
0.1835367 -0.2869841 -0.006098564 29826877 0.1447391 -0.2724619 0.1302469
0.1835367 -0.2869841 -0.006098564 29936980 0.1447391 -0.2724619 0.1302469
0.1906655 -0.2818923 -0.006149892 30047075 0.1513204 -0.2682396 0.1301285
0.1975188 -0.2764762 -0.006118798 30157175 0.1575111 -0.2636363 0.1300457
0.1975188 -0.2764762 -0.006118798 30267274 0.1575111 -0.2636363 0.1300457
0.2040925 -0.2706405 -0.006126785 30377373 0.1634195 -0.2586481 0.1299179
0.2097007 -0.2644518 -0.006379367 30487472 0.1690066 -0.2532519 0.1297264
0.2097007 -0.2644518 -0.006379367 30607580 0.1690066 -0.2532519 0.1297264
0.216083 -0.2576741 -0.006363745 30717684 0.1747419 -0.2475951 0.1296347
0.2216443 -0.2505668 -0.006521051 30827795 0.1800648 -0.2414731 0.1294742
0.2216443 -0.2505668 -0.006521051 30938089 0.1800648 -0.2414731 0.1294742
0.2273803 -0.2421983 -0.006583747 31047977 0.1852031 -0.2353504 0.129359
0.2328023 -0.2338266 -0.00665087 31158093 0.1902892 -0.2287049 0.1292632
0.2328023 -0.2338266 -0.00665087 31278185 0.1902892 -0.2287049 0.1292632
0.2380662 -0.22552 -0.006632125 31388284 0.1950885 -0.2215417 0.1291742
0.2429984 -0.2165557 -0.006729399 31498383 0.1996418 -0.2141287 0.128993
0.2429984 -0.2165557 -0.006729399 31608482 0.1996418 -0.2141287 0.128993
0.2476641 -0.2071964 -0.006804412 31718582 0.2040273 -0.2063616 0.1288472
0.2521936 -0.1974639 -0.006773112 31828681 0.2081927 -0.1983605 0.1287605
0.2521936 -0.1974639 -0.006773112 31948789 0.2081927 -0.1983605 0.1287605
0.2565856 -0.1874587 -0.006758822 32058888 0.212143 -0.1901086 0.1286077
0.2607737 -0.177275 -0.006793236 32168988 0.2158982 -0.1815816 0.1283877
0.2607737 -0.177275 -0.006793236 32279083 0.2158982 -0.1815816 0.1283877
0.2645776 -0.1671032 -0.006847012 32389186 0.2194891 -0.1729308 0.128206
0.2680673 -0.1570265 -0.006852367 32499285 0.2229436 -0.1640734 0.1281307
0.2680673 -0.1570265 -0.006852367 32619394 0.2229436 -0.1640734 0.1281307
0.2713267 -0.1465135 -0.006914021 32729493 0.2261302 -0.155097 0.1279557
0.2748876 -0.1366025 -0.006875026 32839592 0.2292777 -0.1462013 0.127787
0.2748876 -0.1366025 -0.006875026 32949691 0.2292777 -0.1462013 0.127787
0.2780168 -0.1264117 -0.006881312 33059790 0.2323983 -0.1375173 0.1276618
0.2810761 -0.1161563 -0.006894941 33169890 0.235391 -0.1289894 0.1274719
0.2810761 -0.1161563 -0.006894941 33290002 0.235391 -0.1289894 0.1274719
0.2835186 -0.1056892 -0.006930918 33400105 0.2381405 -0.1205387 0.1273321
0.2859365 -0.09554554 -0.006982233 33510196 0.2406947 -0.1118883 0.1271533
0.2859365 -0.09554554 -0.006982233 33620316 0.2406947 -0.1118883 0.1271533
0.2881766 -0.08577229 -0.006996825 33730403 0.2429593 -0.1032405 0.1270051
0.2903183 -0.07669507 -0.006990341 33850503 0.2450275 -0.09477472 0.1269056
0.2903183 -0.07669507 -0.006990341 33960606 0.2450275 -0.09477472 0.1269056
0.2922265 -0.06754876 -0.007013374 34060692 0.2470083 -0.08670615 0.1267571
0.2939572 -0.05827839 -0.006985136 34180801 0.248891 -0.07896753 0.1266084
0.2939572 -0.05827839 -0.006985136 34290900 0.248891 -0.07896753 0.1266084
0.295212 -0.04910636 -0.006981942 34401161 0.250567 -0.07146165 0.1264846
0.2963397 -0.04015672 -0.007004271 34521111 0.2519347 -0.06410611 0.1262656
0.2963397 -0.04015672 -0.007004271 34621198 0.2519347 -0.06410611 0.1262656
0.2975754 -0.03195025 -0.007001967 34741306 0.2531193 -0.05688075 0.1260709
0.2984221 -0.02467253 -0.006976706 34851405 0.2539736 -0.04990958 0.1260409
0.2984221 -0.02467253 -0.006976706 34961508 0.2539736 -0.04990958 0.1260409
0.2986324 -0.01758192 -0.007025162 35071608 0.2546093 -0.04344073 0.1260145
0.2985533 -0.01088344 -0.006946483 35181703 0.2550837 -0.03744898 0.1261359
0.2985533 -0.01088344 -0.006946483 35291802 0.2550837 -0.03744898 0.1261359
0.2980042 -0.00450771 -0.007024188 35411910 0.2553146 -0.03193963 0.1261348
0.2976954 0.0017336 -0.00706165 35522013 0.2555979 -0.02690517 0.1260318
0.2976954 0.0017336 -0.00706165 35632109 0.2555979 -0.02690517 0.1260318
0.2976362 0.00702668 -0.007052771 35742208 0.2559309 -0.0223365 0.1260063
0.2972536 0.01199832 -0.007066601 35852307 0.2560965 -0.01810994 0.1259967
0.2972536 0.01199832 -0.007066601 35972614 0.2560965 -0.01810994 0.1259967
0.2965262 0.01618769 -0.007127561 36072943 0.255892 -0.01389443 0.1261023
0.2955338 0.02001603 -0.007083335 36192614 0.2553252 -0.009976415 0.1262957
0.2955338 0.02001603 -0.007083335 36302725 0.2553252 -0.009976415 0.1262957
0.2945232 0.0236981 -0.007011728 36412812 0.2544367 -0.006314638 0.1263995
0.2932976 0.02687699 -0.006901188 36522911 0.25302 -0.003227695 0.1264317
0.2932976 0.02687699 -0.006901188 36633011 0.25302 -0.003227695 0.1264317
0.2912431 0.03014204 -0.006466806 36743114 0.2512012 -0.001216644 0.1266479
0.2908619 0.03279746 -0.003297835 36863218 0.2474756 -0.000241897 0.1283543
0.2908619 0.03279746 -0.003297835 36973317 0.2474756 -0.000241897 0.1283543
0.2896163 0.03450945 0.00240682 37083417 0.2416924 0.0002111784 0.1321496
0.2876878 0.03573268 0.01056419 37193524 0.2344751 -0.0005126189 0.1376899
0.2876878 0.03573268 0.01056419 37303615 0.2344751 -0.0005126189 0.1376899
0.2843701 0.03650084 0.02070295 37423727 0.2262278 -0.00262769 0.1447783
0.2795821 0.03652976 0.03236476 37523980 0.216838 -0.006347721 0.1529091
0.2795821 0.03652976 0.03236476 37643922 0.216838 -0.006347721 0.1529091
0.2738246 0.03611394 0.04527574 37754021 0.2063728 -0.0112883 0.1615062
0.2658967 0.03464453 0.05840552 37864120 0.1946264 -0.01739078 0.1702944
0.2658967 0.03464453 0.05840552 37974223 0.1946264 -0.01739078 0.1702944
0.254735 0.03223537 0.07071269 38084323 0.1807602 -0.02426399 0.1786098
0.2428469 0.02843324 0.08279043 38204431 0.166089 -0.03175311 0.1866754
0.2428469 0.02843324 0.08279043 38304554 0.166089 -0.03175311 0.1866754
0.2294265 0.02337155 0.09378374 38424625 0.1503229 -0.03982103 0.1940613
0.2147167 0.01767457 0.1036802 38554747 0.1335938 -0.04820321 0.2005588
0.2147167 0.01767457 0.1036802 38644824 0.1335938 -0.04820321 0.2005588
0.1988438 0.01138507 0.1121297 38754923 0.1161791 -0.05690819 0.2059851
