0.04695166 -0.006897005 -0.004663936 0 0.02434641 0.01109622 0.1348764
0.04675809 -0.006708929 -0.004617847 110104 0.02316244 0.01108615 0.1347838
0.04412222 -0.006412479 -0.004814411 220203 0.02275933 0.01094856 0.1350014
0.04412222 -0.006412479 -0.004814411 330302 0.02275933 0.01094856 0.1350014
0.04149225 -0.006553355 -0.004864458 440401 0.02175575 0.01090519 0.1351781
0.03840075 -0.006713715 -0.004915926 550500 0.02030658 0.01080682 0.1353405
0.03840075 -0.006713715 -0.004915926 660600 0.02030658 0.01080682 0.1353405
0.0346102 -0.006862503 -0.004994965 780708 0.01828614 0.01071433 0.1354715
0.03058564 -0.007170343 -0.004966294 890807 0.01556269 0.0106484 0.1356149
0.03058564 -0.007170343 -0.004966294 1000910 0.01556269 0.0106484 0.1356149
0.02596944 -0.007413236 -0.004975916 1111006 0.01228546 0.01066925 0.1357082
0.02103547 -0.007468368 -0.00504311 1221105 0.008350694 0.01075549 0.1357163
0.02103547 -0.007468368 -0.00504311 1331204 0.008350694 0.01075549 0.1357163
0.01573798 -0.007640962 -0.005101887 1441303 0.003937502 0.01076952 0.1357102
0.01007141 -0.007890305 -0.005093324 1561416 -0.0008809321 0.01069413 0.1357644
0.01007141 -0.007890305 -0.005093324 1671511 -0.0008809321 0.01069413 0.1357644
0.004047879 -0.008088345 -0.005141968 1781614 -0.005894111 0.01065849 0.1357692
-0.002322652 -0.008497477 -0.005182848 1911731 -0.01116911 0.01059787 0.1357545
-0.002322652 -0.008497477 -0.005182848 2001808 -0.01116911 0.01059787 0.1357545
-0.008408799 -0.008950422 -0.005243878 2111916 -0.01675739 0.01047359 0.135679
-0.01472337 -0.008941522 -0.005418031 2222019 -0.02257901 0.01024176 0.1355661
-0.01472337 -0.008941522 -0.005418031 2342115 -0.02257901 0.01024176 0.1355661
-0.0206145 -0.008886723 -0.005527815 2452214 -0.02820741 0.009860905 0.1355293
-0.02612558 -0.008749594 -0.005561942 2562314 -0.03361398 0.009558166 0.1355585
-0.03160082 -0.009025213 -0.005595374 2692431 -0.03843231 0.009202876 0.1355688
-0.03160082 -0.009025213 -0.005595374 2782512 -0.03843231 0.009202876 0.1355688
-0.03647534 -0.00946909 -0.005553378 2892636 -0.04304827 0.008902604 0.1356044
-0.04050885 -0.009650085 -0.005558789 3012740 -0.04732693 0.008619329 0.1356006
-0.04050885 -0.009650085 -0.005558789 3122835 -0.04732693 0.008619329 0.1356006
-0.04353273 -0.009951834 -0.005489906 3232934 -0.05104662 0.008308146 0.1356354
-0.04353273 -0.009951834 -0.005489906 3343017 -0.05104662 0.008308146 0.1356354
-0.04592874 -0.01007134 -0.005509531 3453116 -0.05415356 0.007903258 0.1356128
-0.04756576 -0.0101421 -0.005450306 3563232 -0.05680618 0.007575489 0.1356417
-0.04756576 -0.0101421 -0.005450306 3683328 -0.05680618 0.007575489 0.1356417
-0.04722756 -0.01002053 -0.005480723 3793435 -0.05928081 0.007188549 0.1354619
-0.04721139 -0.009894218 -0.005492502 3903526 -0.06079806 0.006762858 0.1353769
-0.04718051 -0.009932248 -0.005492314 4033639 -0.06132106 0.006400954 0.1353605
-0.04718051 -0.009932248 -0.005492314 4123721 -0.06132106 0.006400954 0.1353605
-0.04718401 -0.009971932 -0.005464867 4233840 -0.06100721 0.006248188 0.1354325
-0.04723025 -0.01005391 -0.005525984 4363957 -0.06021081 0.006280623 0.1354383
-0.04723025 -0.01005391 -0.005525984 4464048 -0.06021081 0.006280623 0.1354383
-0.04726065 -0.009975854 -0.00553612 4574127 -0.05924929 0.006679774 0.1354785
-0.04717639 -0.009960204 -0.005310207 4704244 -0.0587153 0.007069539 0.1356972
-0.04717639 -0.009960204 -0.005310207 4794333 -0.0587153 0.007069539 0.1356972
-0.04616613 -0.008859769 -0.004371996 4904424 -0.05971806 0.007721214 0.1365098
-0.04494849 -0.00878798 -0.00157819 5014560 -0.06198366 0.009341012 0.1387336
-0.04494849 -0.00878798 -0.00157819 5134632 -0.06198366 0.009341012 0.1387336
-0.04522534 -0.008001723 0.002653482 5244735 -0.0650908 0.01207822 0.142326
-0.04670178 -0.007429756 0.008412939 5354830 -0.06905711 0.01531028 0.1472991
-0.04670178 -0.007429756 0.008412939 5484956 -0.06905711 0.01531028 0.1472991
-0.04938088 -0.005872408 0.01541908 5575029 -0.07428009 0.01942975 0.1534266
-0.05311364 -0.003721814 0.02359381 5685128 -0.0808453 0.02430248 0.1605312
