0.05080501 0.004677146 -0.004007101 0 0.05942045 0.01146453 0.1380702
0.05081389 0.004809269 -0.004119396 110091 0.05937813 0.01159905 0.1379609
0.05085323 0.005019925 -0.004276156 230369 0.05929069 0.01187604 0.1378085
0.05085323 0.005019925 -0.004276156 330293 0.05929069 0.01187604 0.1378085
0.05088584 0.005408212 -0.004427016 450397 0.05911813 0.01224501 0.1376706
0.05130933 0.006283854 -0.004624366 550484 0.05907546 0.01282797 0.1375133
0.05130933 0.006283854 -0.004624366 670608 0.05907546 0.01282797 0.1375133
0.05123017 0.0075135 -0.004818737 780707 0.05878351 0.01359771 0.1373508
0.05147694 0.009256186 -0.005038082 890806 0.05843769 0.01462984 0.1371903
0.05147694 0.009256186 -0.005038082 1010911 0.05843769 0.01462984 0.1371903
0.05166815 0.01137878 -0.005333482 1110997 0.05799184 0.01613825 0.1369465
0.0516188 0.01418035 -0.005713163 1231105 0.05744348 0.01814088 0.1366126
0.0516188 0.01418035 -0.005713163 1341212 0.05744348 0.01814088 0.1366126
0.05145459 0.017282 -0.006259201 1451316 0.05690507 0.02043081 0.1361017
0.05079512 0.02125292 -0.006770489 1561411 0.05630706 0.02316333 0.1356101
0.05079512 0.02125292 -0.006770489 1671510 0.05630706 0.02316333 0.1356101
0.04966722 0.0252244 -0.007235822 1781617 0.05527715 0.02619121 0.1351504
0.04846023 0.02945126 -0.007647809 1891700 0.05378912 0.02976415 0.1347521
0.04846023 0.02945126 -0.007647809 2011809 0.05378912 0.02976415 0.1347521
0.04662363 0.03369316 -0.007964607 2121924 0.05173324 0.0336025 0.1344437
0.0440995 0.03789979 -0.008278544 2232015 0.04929499 0.03759558 0.1341264
0.0440995 0.03789979 -0.008278544 2352123 0.04929499 0.03759558 0.1341264
0.04099064 0.04231466 -0.008586879 2452201 0.04650174 0.04156756 0.1338045
0.03738074 0.04661252 -0.00887155 2572314 0.04323374 0.04546531 0.1335035
0.03738074 0.04661252 -0.00887155 2692418 0.04323374 0.04546531 0.1335035
0.03317445 0.0506216 -0.009186619 2792512 0.03938197 0.04921507 0.1331712
0.02714508 0.05418161 -0.009488576 2902620 0.034545 0.05271114 0.1328115
0.02714508 0.05418161 -0.009488576 3012715 0.034545 0.05271114 0.1328115
0.02083152 0.05749516 -0.009705298 3132823 0.02939986 0.0559149 0.1325281
0.0154345 0.06041379 -0.01003217 3232925 0.02456355 0.05865691 0.1321642
0.0154345 0.06041379 -0.01003217 3353013 0.02456355 0.05865691 0.1321642
0.01051539 0.0628695 -0.01047962 3463121 0.019647 0.06094196 0.1317144
0.005351364 0.06451415 -0.01095807 3573216 0.01429426 0.06270585 0.1312495
0.005351364 0.06451415 -0.01095807 3683323 0.01429426 0.06270585 0.1312495
-0.001585244 0.06596193 -0.01133298 3803553 0.008092998 0.06405377 0.1308251
-0.007948217 0.06679583 -0.01180767 3903505 0.001919687 0.06503912 0.1303394
-0.007948217 0.06679583 -0.01180767 4023622 0.001919687 0.06503912 0.1303394
-0.01426479 0.06707862 -0.01245605 4144301 -0.004160641 0.06547359 0.1296762
-0.02101352 0.0667697 -0.01301979 4243812 -0.01040193 0.0652096 0.129076
-0.02101352 0.0667697 -0.01301979 4353911 -0.01040193 0.0652096 0.129076
-0.02641308 0.06633451 -0.01358914 4464035 -0.01638695 0.06465524 0.1285478
-0.03317379 0.06462145 -0.01435696 4574114 -0.02299299 0.06349952 0.1277745
-0.03317379 0.06462145 -0.01435696 4694230 -0.02299299 0.06349952 0.1277745
-0.03899776 0.0629242 -0.01533335 4794320 -0.02914649 0.06204874 0.1268231
-0.04522168 0.06042932 -0.01644843 4914441 -0.0351307 0.05983437 0.1256926
-0.04522168 0.06042932 -0.01644843 5024528 -0.0351307 0.05983437 0.1256926
-0.05095972 0.05733834 -0.01781862 5134623 -0.04048275 0.0571654 0.1242956
-0.05631872 0.05367035 -0.01931857 5244726 -0.04523076 0.05410327 0.1227487
-0.05631872 0.05367035 -0.01931857 5364838 -0.04523076 0.05410327 0.1227487
-0.06092347 0.04954257 -0.02084856 5474930 -0.04949285 0.05063543 0.121188
-0.06483291 0.04503888 -0.02226501 5585045 -0.05349847 0.04682378 0.1197723
-0.06483291 0.04503888 -0.02226501 5705145 -0.05349847 0.04682378 0.1197723
-0.06812398 0.04024939 -0.02358376 5805227 -0.05717178 0.04272369 0.1184732
-0.07043068 0.03526522 -0.02499133 5915318 -0.06022482 0.03830411 0.1171102
-0.07043068 0.03526522 -0.02499133 6035439 -0.06022482 0.03830411 0.1171102
-0.07231922 0.03001501 -0.02650511 6145550 -0.06262736 0.03369473 0.1156173
-0.07346354 0.0246081 -0.02801829 6245624 -0.06421714 0.02896166 0.1141148
-0.07346354 0.0246081 -0.02801829 6365732 -0.06421714 0.02896166 0.1141148
-0.07375629 0.01905632 -0.02952164 6485857 -0.06510122 0.02402558 0.1126284
-0.07313873 0.01345022 -0.03097289 6585927 -0.06530218 0.01889189 0.1112074
-0.07313873 0.01345022 -0.03097289 6706031 -0.06530218 0.01889189 0.1112074
-0.07178049 0.007727685 -0.03213912 6806129 -0.0648355 0.01355037 0.1100724
-0.06978591 0.002286936 -0.0332787 6926229 -0.063486 0.008279998 0.1089557
-0.06978591 0.002286936 -0.0332787 7036337 -0.063486 0.008279998 0.1089557
-0.0673989 -0.003034953 -0.03443116 7146602 -0.06137561 0.00319532 0.1078051
-0.06440213 -0.008060116 -0.03541249 7266552 -0.05864754 -0.001650031 0.1068269
-0.06440213 -0.008060116 -0.03541249 7366647 -0.05864754 -0.001650031 0.1068269
-0.06018247 -0.01330603 -0.03636163 7506773 -0.05560338 -0.006293203 0.105892
-0.05555975 -0.01788532 -0.03686476 7586845 -0.05209249 -0.01068395 0.1054109
-0.05555975 -0.01788532 -0.03686476 7706933 -0.05209249 -0.01068395 0.1054109
-0.05052533 -0.02214398 -0.03718942 7837071 -0.04790079 -0.01496169 0.1051053
-0.0456154 -0.02628151 -0.0375461 7927140 -0.04329916 -0.01902875 0.1047504
-0.0456154 -0.02628151 -0.0375461 8037243 -0.04329916 -0.01902875 0.1047504
-0.04036534 -0.02975404 -0.03767985 8157355 -0.0385428 -0.02251982 0.1046247
-0.03476441 -0.03272555 -0.03759259 8267446 -0.03370187 -0.02549174 0.1047197
-0.03476441 -0.03272555 -0.03759259 8367541 -0.03370187 -0.02549174 0.1047197
-0.02893764 -0.03530058 -0.0373798 8487649 -0.02867201 -0.02807346 0.1049366
-0.02283976 -0.03753871 -0.03703785 8597740 -0.02325723 -0.03037449 0.1052813
-0.01679868 -0.03933338 -0.03662646 8707855 -0.01770142 -0.03230318 0.1056971
-0.01679868 -0.03933338 -0.03662646 8818133 -0.01770142 -0.03230318 0.1056971
-0.01066635 -0.04071734 -0.03611714 8938051 -0.01211131 -0.03381303 0.1062082
-0.01066635 -0.04071734 -0.03611714 9048154 -0.01211131 -0.03381303 0.1062082
-0.005148061 -0.04122291 -0.0353334 9158269 -0.006668575 -0.0348328 0.1070151
0.0006990341 -0.04134529 -0.03446627 9268344 -0.00136269 -0.03525465 0.1078886
0.0006990341 -0.04134529 -0.03446627 9378492 -0.00136269 -0.03525465 0.1078886
0.006880511 -0.04121513 -0.03350729 9498572 0.003957978 -0.03523922 0.1088374
0.0123602 -0.0407418 -0.0324353 9608663 0.008906712 -0.03502142 0.109908
0.0123602 -0.0407418 -0.0324353 9718754 0.008906712 -0.03502142 0.109908
0.0175262 -0.03984292 -0.03126026 9828862 0.01364421 -0.03454992 0.1110885
0.0225042 -0.03869613 -0.03002078 9938957 0.01808314 -0.03366395 0.1123217
0.02742539 -0.03717989 -0.02878916 10059077 0.02232151 -0.03249878 0.1135424
0.02742539 -0.03717989 -0.02878916 10169160 0.02232151 -0.03249878 0.1135424
0.0319833 -0.03551169 -0.02758008 10269250 0.0263779 -0.0310739 0.1147405
0.03613226 -0.03357664 -0.02648497 10399372 0.03016691 -0.02940756 0.1158291
0.03613226 -0.03357664 -0.02648497 10499466 0.03016691 -0.02940756 0.1158291
0.03972612 -0.03127079 -0.0254181 10609557 0.03356181 -0.02740645 0.116896
0.04332451 -0.02898424 -0.02445984 10719660 0.03677218 -0.02526656 0.1178409
0.04332451 -0.02898424 -0.02445984 10829768 0.03677218 -0.02526656 0.1178409
0.04625575 -0.02623894 -0.02348232 10939859 0.03961782 -0.02293858 0.1188247
0.04912613 -0.02349763 -0.02267319 11049958 0.04223637 -0.02053222 0.1196292
0.04912613 -0.02349763 -0.02267319 11170070 0.04223637 -0.02053222 0.1196292
0.0516219 -0.02066473 -0.02189255 11280169 0.04449914 -0.01793042 0.120403
0.05382423 -0.0177289 -0.02118266 11390277 0.04642747 -0.01527563 0.1211041
0.05382423 -0.0177289 -0.02118266 11500360 0.04642747 -0.01527563 0.1211041
0.05558876 -0.01495376 -0.02061683 11610451 0.04808651 -0.01253674 0.121665
0.05724351 -0.01215541 -0.02012479 11720550 0.04953645 -0.009704652 0.1221455
0.05724351 -0.01215541 -0.02012479 11830649 0.04953645 -0.009704652 0.1221455
0.05833356 -0.009334641 -0.01964599 11950774 0.0506926 -0.006916436 0.1226284
0.05946223 -0.006233478 -0.01923341 12060865 0.05166207 -0.004148963 0.1230377
0.05946223 -0.006233478 -0.01923341 12170956 0.05166207 -0.004148963 0.1230377
0.06012986 -0.003187689 -0.01879734 12281076 0.0522453 -0.001448367 0.1234737
0.06066487 6.215002E-05 -0.01849812 12391167 0.05268214 0.001415174 0.1237717
0.06066487 6.215002E-05 -0.01849812 12501262 0.05268214 0.001415174 0.1237717
0.06084923 0.003141281 -0.01824474 12621374 0.05287371 0.004228007 0.1240277
0.06068585 0.006387929 -0.01802218 12721464 0.05284904 0.007072757 0.1242605
0.06068585 0.006387929 -0.01802218 12841573 0.05284904 0.007072757 0.1242605
0.06033299 0.009463383 -0.01780522 12951676 0.05267857 0.009916122 0.1244883
0.05960773 0.01237184 -0.01751607 13061957 0.05211185 0.0126435 0.1247864
0.05960773 0.01237184 -0.01751607 13171862 0.05211185 0.0126435 0.1247864
0.05884377 0.01528571 -0.01732319 13301975 0.05142485 0.01537249 0.1249835
0.05768458 0.01813625 -0.01720976 13402074 0.05074029 0.01790301 0.1251207
0.05768458 0.01813625 -0.01720976 13512173 0.05074029 0.01790301 0.1251207
0.05626933 0.02097628 -0.01734346 13622272 0.05009978 0.02035562 0.1250216
0.05439673 0.02370561 -0.0175361 13742380 0.0492091 0.02284924 0.1248668
0.05439673 0.02370561 -0.0175361 13842479 0.0492091 0.02284924 0.1248668
0.05264227 0.02630082 -0.01776796 13962575 0.04806779 0.02533788 0.1246554
0.05077033 0.02866388 -0.01793831 14092696 0.04663442 0.02774582 0.1244987
0.05077033 0.02866388 -0.01793831 14182777 0.04663442 0.02774582 0.1244987
0.04901288 0.03101398 -0.01821768 14292876 0.04526173 0.03000043 0.1242293
0.04738311 0.03310455 -0.0184819 14433003 0.04381989 0.03209137 0.1239699
0.04738311 0.03310455 -0.0184819 14523076 0.04381989 0.03209137 0.1239699
0.04590003 0.0347837 -0.01869314 14623166 0.042239 0.03399279 0.1237576
0.04448472 0.03622454 -0.01875972 14733273 0.04062723 0.03568304 0.123687
0.04448472 0.03622454 -0.01875972 14853378 0.04062723 0.03568304 0.123687
0.04357891 0.03737664 -0.01857399 14963473 0.03911327 0.03694583 0.1238553
0.0425465 0.03803974 -0.01815646 15073584 0.03751211 0.03772343 0.1242542
0.0425465 0.03803974 -0.01815646 15183691 0.03751211 0.03772343 0.1242542
0.0422666 0.03830632 -0.01751267 15303954 0.03629814 0.03794117 0.1248618
0.0420603 0.03808985 -0.01665103 15403886 0.0351535 0.03748038 0.1256802
0.0420603 0.03808985 -0.01665103 15533995 0.0351535 0.03748038 0.1256802
0.04207497 0.0371149 -0.0156598 15634085 0.0340923 0.03653709 0.1266153
0.04245071 0.03578319 -0.01418697 15744201 0.03277605 0.03513525 0.1279827
0.04245071 0.03578319 -0.01418697 15864293 0.03277605 0.03513525 0.1279827
