0.04081709 -0.002367973 -0.003494234 0 0.05669772 -0.01265347 0.1377441
0.04101968 -0.001972198 -0.003853968 100082 0.05657779 -0.01244557 0.1374064
0.04101968 -0.001972198 -0.003853968 230220 0.05657779 -0.01244557 0.1374064
0.04093528 -0.001040459 -0.004088436 330290 0.05641483 -0.01196611 0.1371464
0.04074699 0.0003530979 -0.004157166 440746 0.05609756 -0.01132262 0.1370317
0.04074699 0.0003530979 -0.004157166 560497 0.05609756 -0.01132262 0.1370317
0.04101998 0.002328753 -0.004067545 660616 0.05575292 -0.01045585 0.137091
0.0405249 0.0049721 -0.003862613 770695 0.05508255 -0.00926435 0.1371751
0.0405249 0.0049721 -0.003862613 910833 0.05508255 -0.00926435 0.1371751
0.04037762 0.00780952 -0.003476758 1000915 0.05451768 -0.007676482 0.1374718
0.03963364 0.01110613 -0.00326091 1111569 0.05388873 -0.005789399 0.137514
0.03963364 0.01110613 -0.00326091 1231122 0.05388873 -0.005789399 0.137514
0.03841228 0.01428556 -0.003374565 1331204 0.05304729 -0.003856421 0.1372061
0.0369103 0.01818323 -0.003174342 1441299 0.05168043 -0.00156796 0.1371752
0.0369103 0.01818323 -0.003174342 1551812 0.05168043 -0.00156796 0.1371752
0.03477264 0.02245545 -0.002969145 1671515 0.04992687 0.0009465218 0.1370807
0.03191108 0.0263654 -0.002999743 1782388 0.04781287 0.003401756 0.1367359
0.03191108 0.0263654 -0.002999743 1901714 0.04781287 0.003401756 0.1367359
0.02810759 0.03057694 -0.002816025 2012794 0.04532843 0.006115556 0.1365085
0.02394241 0.03423297 -0.002896252 2112175 0.04251628 0.008649349 0.1360524
0.02394241 0.03423297 -0.002896252 2222388 0.04251628 0.008649349 0.1360524
0.01951283 0.0379262 -0.002721104 2332264 0.03912925 0.01118302 0.1358655
0.01495332 0.04124451 -0.002579325 2452210 0.03532611 0.01348841 0.1356986
0.01495332 0.04124451 -0.002579325 2562301 0.03532611 0.01348841 0.1356986
0.01006496 0.04421449 -0.002444574 2672401 0.03138005 0.01574171 0.1355453
0.00496799 0.04653096 -0.002420867 2782917 0.02740168 0.01769698 0.1353165
0.00496799 0.04653096 -0.002420867 2912625 0.02740168 0.01769698 0.1353165
-0.001019595 0.04843199 -0.002355709 3002925 0.02330135 0.01947391 0.1350349
-0.006963072 0.04994917 -0.002317579 3122823 0.01909386 0.02086031 0.1347267
-0.006963072 0.04994917 -0.002317579 3232914 0.01909386 0.02086031 0.1347267
-0.01314687 0.05112207 -0.00235451 3343017 0.01455592 0.02185535 0.1343286
-0.0187853 0.05192316 -0.002506422 3473126 0.009953132 0.02255237 0.1339403
-0.0187853 0.05192316 -0.002506422 3563203 0.009953132 0.02255237 0.1339403
-0.02479678 0.05189419 -0.002821377 3683324 0.005163779 0.0228163 0.133425
-0.03074169 0.05136836 -0.003188856 3793703 0.0004691984 0.02271473 0.1328666
-0.03074169 0.05136836 -0.003188856 3903518 0.0004691984 0.02271473 0.1328666
-0.03702938 0.05043542 -0.00337969 4013617 -0.004301557 0.02221799 0.1324103
-0.04313808 0.04917109 -0.003655311 4123737 -0.008969435 0.02144015 0.1318797
-0.04313808 0.04917109 -0.003655311 4244052 -0.008969435 0.02144015 0.1318797
-0.04903656 0.04713559 -0.004232307 4343915 -0.01355804 0.02022183 0.1311308
-0.05438929 0.04473412 -0.004882559 4454014 -0.01805557 0.01861775 0.1304099
-0.05905032 0.04176486 -0.005777797 4594291 -0.02221955 0.01663315 0.1295667
-0.05905032 0.04176486 -0.005777797 4684218 -0.02221955 0.01663315 0.1295667
-0.06416053 0.0386641 -0.006368349 4794321 -0.02633453 0.01441085 0.1288619
-0.06416053 0.0386641 -0.006368349 4904420 -0.02633453 0.01441085 0.1288619
-0.06794769 0.03510427 -0.007209322 5024537 -0.02981556 0.01177287 0.1280971
-0.07209635 0.03150833 -0.007672391 5124627 -0.03326345 0.008961558 0.1275678
-0.07209635 0.03150833 -0.007672391 5234718 -0.03326345 0.008961558 0.1275678
-0.07484102 0.02714205 -0.008585267 5355223 -0.03602708 0.005713344 0.126842
-0.07738215 0.02244782 -0.009492826 5464934 -0.03854705 0.002244353 0.1261166
-0.07738215 0.02244782 -0.009492826 5565048 -0.03854705 0.002244353 0.1261166
-0.07935196 0.01728296 -0.01059807 5685128 -0.0407101 -0.001489639 0.1252719
-0.08107579 0.01191497 -0.01181936 5805232 -0.04265101 -0.005373716 0.1243088
-0.08107579 0.01191497 -0.01181936 5905322 -0.04265101 -0.005373716 0.1243088
-0.08219969 0.006408572 -0.01308449 6045449 -0.04404188 -0.00933373 0.1233062
-0.08297038 0.0008121729 -0.01427432 6135530 -0.04517228 -0.01339829 0.1223844
-0.08297038 0.0008121729 -0.01427432 6245625 -0.04517228 -0.01339829 0.1223844
-0.08299434 -0.005145431 -0.01563375 6356138 -0.04590512 -0.01766372 0.1213842
-0.08309197 -0.01041675 -0.01657844 6476136 -0.04677118 -0.02184522 0.1207403
-0.08309197 -0.01041675 -0.01657844 6585940 -0.04677118 -0.02184522 0.1207403
-0.08194774 -0.01620805 -0.01794175 6686030 -0.04709477 -0.0261699 0.1198707
-0.08082359 -0.02165627 -0.01896865 6806122 -0.04720271 -0.03026474 0.1192405
-0.07854312 -0.02742028 -0.02010832 6926242 -0.04644562 -0.03454542 0.1185468
-0.07854312 -0.02742028 -0.02010832 7026333 -0.04644562 -0.03454542 0.1185468
-0.07626747 -0.03245997 -0.02083919 7136797 -0.04540945 -0.03865397 0.1181416
-0.07626747 -0.03245997 -0.02083919 7256536 -0.04540945 -0.03865397 0.1181416
-0.07311051 -0.03727174 -0.02166229 7366976 -0.04368133 -0.04245961 0.1176692
-0.06986737 -0.04156899 -0.02240394 7476738 -0.04160023 -0.04583323 0.1171992
-0.06986737 -0.04156899 -0.02240394 7586846 -0.04160023 -0.04583323 0.1171992
-0.0659337 -0.04597974 -0.02332248 7707213 -0.03882457 -0.04918087 0.1165385
-0.06129777 -0.04967093 -0.02418118 7817065 -0.03568543 -0.05216432 0.115976
-0.06129777 -0.04967093 -0.02418118 7917135 -0.03568543 -0.05216432 0.115976
-0.05618292 -0.05285442 -0.02479448 8037260 -0.03237916 -0.05508637 0.1156856
-0.05063182 -0.05554593 -0.02542934 8147339 -0.02870936 -0.0577687 0.1153567
-0.04546737 -0.05773842 -0.02592667 8257446 -0.02510441 -0.05985653 0.115095
-0.04546737 -0.05773842 -0.02592667 8367545 -0.02510441 -0.05985653 0.115095
-0.04016822 -0.05921268 -0.02648413 8477653 -0.02126659 -0.06137073 0.1147402
-0.03517282 -0.06011677 -0.02692058 8597749 -0.01738042 -0.06251955 0.1144439
-0.03517282 -0.06011677 -0.02692058 8698159 -0.01738042 -0.06251955 0.1144439
-0.02996033 -0.06022358 -0.02719552 8817959 -0.01346994 -0.06317234 0.1143164
-0.0246371 -0.059829 -0.02724732 8928152 -0.009382792 -0.06361783 0.1143832
-0.0246371 -0.059829 -0.02724732 9038454 -0.009382792 -0.06361783 0.1143832
-0.01973867 -0.05846941 -0.02694854 9148245 -0.005527743 -0.06359208 0.1147485
-0.01463866 -0.05681407 -0.02647791 9268353 -0.001493641 -0.06321228 0.1152702
-0.01463866 -0.05681407 -0.02647791 9368682 -0.001493641 -0.06321228 0.1152702
-0.009892042 -0.05438745 -0.02582143 9488576 0.002472512 -0.06238699 0.1159156
-0.005106027 -0.05172491 -0.02506216 9598651 0.006289593 -0.06118894 0.1166658
-0.005106027 -0.05172491 -0.02506216 9708742 0.006289593 -0.06118894 0.1166658
-0.0001839951 -0.04871953 -0.0243106 9818841 0.009945146 -0.05968654 0.1174052
0.004270975 -0.04547155 -0.02361168 9928940 0.01349103 -0.05773628 0.1180598
0.004270975 -0.04547155 -0.02361168 10039040 0.01349103 -0.05773628 0.1180598
0.008542602 -0.04201531 -0.02281505 10159354 0.0171008 -0.05556285 0.1187811
0.01209116 -0.0383606 -0.02198553 10269247 0.02038812 -0.05319023 0.1194976
0.01209116 -0.0383606 -0.02198553 10379350 0.02038812 -0.05319023 0.1194976
0.01535666 -0.03466988 -0.02101754 10499459 0.02329033 -0.05069852 0.1203557
0.01861573 -0.03087926 -0.0200966 10599565 0.02606022 -0.04829693 0.1211389
0.01861573 -0.03087926 -0.0200966 10709648 0.02606022 -0.04829693 0.1211389
0.02139473 -0.02716243 -0.01906321 10850654 0.0284382 -0.04591155 0.1220223
0.02447945 -0.0234375 -0.01800747 10930158 0.03097235 -0.04348648 0.1229256
0.02447945 -0.0234375 -0.01800747 11049959 0.03097235 -0.04348648 0.1229256
0.02646715 -0.01985121 -0.01681799 11160050 0.03323006 -0.04119325 0.1239124
0.02820993 -0.01622009 -0.01554683 11270173 0.0355249 -0.03895545 0.1249375
0.02820993 -0.01622009 -0.01554683 11380269 0.0355249 -0.03895545 0.1249375
0.02979023 -0.01307547 -0.0144638 11490368 0.0378093 -0.0368557 0.1258089
0.03097362 -0.01005125 -0.01339384 11620809 0.03980803 -0.03481269 0.12666
0.03097362 -0.01005125 -0.01339384 11730584 0.03980803 -0.03481269 0.12666
0.031981 -0.007368803 -0.01239323 11840683 0.04144376 -0.03296006 0.1274702
0.0333649 -0.004849911 -0.01154621 11951091 0.04258954 -0.0312618 0.1281805
0.0333649 -0.004849911 -0.01154621 12050853 0.04258954 -0.0312618 0.1281805
0.03394318 -0.002563119 -0.01061117 12160968 0.04363959 -0.0296582 0.1289527
0.03444595 -0.0003066063 -0.009670479 12281068 0.04449027 -0.02826416 0.1296986
0.03444595 -0.0003066063 -0.009670479 12381171 0.04449027 -0.02826416 0.1296986
0.03497225 0.001867533 -0.00875798 12501267 0.04527878 -0.02691805 0.1304232
0.03556419 0.00386107 -0.00794387 12611366 0.04588424 -0.02568686 0.1310765
0.03556419 0.00386107 -0.00794387 12731474 0.04588424 -0.02568686 0.1310765
0.03591532 0.00572753 -0.007170548 12831552 0.04640131 -0.02450359 0.1316904
0.03629882 0.007038951 -0.006531955 12951673 0.04694771 -0.02347529 0.1322547
0.03629882 0.007038951 -0.006531955 13061764 0.04694771 -0.02347529 0.1322547
0.03691095 0.008525014 -0.005684221 13171863 0.04740833 -0.0225116 0.1329981
0.03707135 0.009806037 -0.004718735 13281962 0.04771071 -0.02183223 0.1338167
0.03707135 0.009806037 -0.004718735 13402078 0.04771071 -0.02183223 0.1338167
0.03739483 0.01102948 -0.003680961 13502169 0.0480188 -0.02123594 0.134711
0.03779185 0.01218116 -0.002643886 13612260 0.0483778 -0.02064502 0.135619
0.03779185 0.01218116 -0.002643886 13742381 0.0483778 -0.02064502 0.135619
0.03800571 0.01290774 -0.001734945 13842475 0.04875426 -0.02019858 0.1364486
0.03838689 0.01362801 -0.0006484698 13952583 0.04918199 -0.01991117 0.137427
0.0389511 0.01431501 0.0005586119 14083061 0.04973422 -0.01976585 0.1385023
0.0389511 0.01431501 0.0005586119 14172773 0.04973422 -0.01976585 0.1385023
0.03982658 0.01482821 0.001758122 14282884 0.05046891 -0.0198065 0.1395748
0.04075063 0.01546097 0.003201635 14423019 0.05142855 -0.01989281 0.1408328
0.04075063 0.01546097 0.003201635 14513080 0.05142855 -0.01989281 0.1408328
0.04184282 0.01586175 0.004817917 14623179 0.05269741 -0.0202359 0.142242
0.04184282 0.01586175 0.004817917 14733278 0.05269741 -0.0202359 0.142242
0.04340941 0.01583672 0.006545128 14853561 0.0542575 -0.02085364 0.1438127
0.04542166 0.01575685 0.00854058 14953477 0.05616342 -0.02168202 0.1456143
0.04542166 0.01575685 0.00854058 15073581 0.05616342 -0.02168202 0.1456143
0.04778081 0.0157491 0.01094073 15183692 0.05843018 -0.02257824 0.1477759
0.05067402 0.0154326 0.01339531 15293783 0.06116413 -0.02366805 0.1500238
0.05067402 0.0154326 0.01339531 15403891 0.06116413 -0.02366805 0.1500238
