0.1514481 -0.001233323 -0.005490456 0 0.1482553 -0.01678338 0.1361226
0.150435 -0.0003317426 -0.005615238 100102 0.1478937 -0.01663777 0.1359259
0.1505241 -0.0006751249 -0.005808052 210177 0.1476449 -0.01613369 0.1358217
0.1505241 -0.0006751249 -0.005808052 320276 0.1476449 -0.01613369 0.1358217
0.149717 -0.0005743335 -0.005946428 430683 0.1471717 -0.01574156 0.1357212
0.1486623 -0.0004018375 -0.00607339 540495 0.1465926 -0.01541379 0.1356186
0.1486623 -0.0004018375 -0.00607339 660599 0.1465926 -0.01541379 0.1356186
0.1468068 0.0003609233 -0.006161865 770694 0.1457652 -0.01523557 0.1354782
0.1449261 0.001082676 -0.006365829 880794 0.1446735 -0.0147452 0.1352522
0.1449261 0.001082676 -0.006365829 1000894 0.1446735 -0.0147452 0.1352522
0.1430327 0.00160374 -0.006524567 1120994 0.1433722 -0.01408145 0.1351091
0.1406918 0.002422291 -0.00669982 1211286 0.1416157 -0.01306215 0.1349534
0.1406918 0.002422291 -0.00669982 1331195 0.1416157 -0.01306215 0.1349534
0.1380615 0.002949792 -0.006772463 1461317 0.1395832 -0.01193753 0.1349396
0.1350043 0.003211159 -0.006838564 1551601 0.1372804 -0.01086333 0.1349464
0.1350043 0.003211159 -0.006838564 1661489 0.1372804 -0.01086333 0.1349464
0.1312601 0.004002649 -0.007045039 1771588 0.1346056 -0.00945249 0.1347788
0.1275545 0.004980226 -0.007091277 1891688 0.1316659 -0.008321431 0.134727
0.1275545 0.004980226 -0.007091277 2001788 0.1316659 -0.008321431 0.134727
0.1235936 0.006028374 -0.007115957 2101878 0.1282901 -0.007151035 0.1346955
0.1196264 0.007713755 -0.006914166 2221994 0.1245714 -0.005674806 0.1348693
0.1196264 0.007713755 -0.006914166 2332093 0.1245714 -0.005674806 0.1348693
0.115094 0.008645495 -0.006961119 2442185 0.1205587 -0.004291263 0.1348452
0.1056666 0.009005687 -0.007121646 2582327 0.1147158 -0.002838578 0.1345967
0.1056666 0.009005687 -0.007121646 2662391 0.1147158 -0.002838578 0.1345967
0.1021363 0.01120414 -0.007442386 2782495 0.1109189 -0.001319732 0.1342342
0.09624726 0.01041128 -0.007861836 2892599 0.1059806 -0.0003752961 0.1338956
0.09624726 0.01041128 -0.007861836 3012711 0.1059806 -0.0003752961 0.1338956
0.09095759 0.01090994 -0.008243744 3112793 0.1011652 0.0006975879 0.1335228
0.08471437 0.0119411 -0.008659151 3232905 0.0958447 0.001990294 0.1330566
0.08471437 0.0119411 -0.008659151 3333239 0.0958447 0.001990294 0.1330566
0.07859071 0.01262155 -0.00934674 3463113 0.09059127 0.00327692 0.1323392
0.07177921 0.013608 -0.009946628 3563195 0.08481307 0.00471375 0.131677
0.07177921 0.013608 -0.009946628 3683319 0.08481307 0.00471375 0.131677
0.06431993 0.01529482 -0.01020593 3783393 0.07840927 0.00633309 0.1313124
0.05776532 0.01556435 -0.01091449 3903510 0.07226666 0.007707454 0.1306278
0.05776532 0.01556435 -0.01091449 4003600 0.07226666 0.007707454 0.1306278
0.05120536 0.01429394 -0.01122474 4113877 0.06600209 0.008727768 0.1303956
0.04425498 0.01442876 -0.01178482 4233803 0.05964454 0.009925761 0.1298101
0.04425498 0.01442876 -0.01178482 4343906 0.05964454 0.009925761 0.1298101
0.03687903 0.01566103 -0.01246138 4454006 0.05303224 0.01141898 0.1290566
0.02910837 0.01698676 -0.01311933 4574114 0.04619547 0.01303218 0.1282972
0.02910837 0.01698676 -0.01311933 4684221 0.04619547 0.01303218 0.1282972
0.02089748 0.01841769 -0.01383426 4794312 0.039 0.01462434 0.1274603
0.01283798 0.01988778 -0.01461397 4904412 0.03168699 0.01644824 0.126592
0.004685971 0.02137581 -0.01540543 5014507 0.02419159 0.01851122 0.1257242
0.004685971 0.02137581 -0.01540543 5154637 0.02419159 0.01851122 0.1257242
-0.003452922 0.02302948 -0.01615745 5234709 0.01660129 0.02058135 0.1249031
-0.003452922 0.02302948 -0.01615745 5344800 0.01660129 0.02058135 0.1249031
-0.01204874 0.02447102 -0.0169354 5454908 0.008908244 0.02245764 0.1240007
-0.02064874 0.02558354 -0.01790755 5585017 0.001330826 0.02414535 0.1228798
-0.02938976 0.02719072 -0.01886246 5685119 -0.006263281 0.02600376 0.1217434
-0.02938976 0.02719072 -0.01886246 5805219 -0.006263281 0.02600376 0.1217434
-0.03817059 0.0284147 -0.01973065 5915319 -0.01391604 0.0277705 0.1206885
-0.03817059 0.0284147 -0.01973065 6015413 -0.01391604 0.0277705 0.1206885
-0.04664589 0.02958498 -0.02049684 6125512 -0.02170875 0.02972744 0.1198042
-0.05529286 0.03094087 -0.0210972 6276109 -0.02960708 0.03176342 0.1190663
-0.05529286 0.03094087 -0.0210972 6345751 -0.02960708 0.03176342 0.1190663
-0.06401099 0.03270171 -0.02169969 6465843 -0.03738667 0.03355377 0.1182884
-0.0728388 0.03443942 -0.02230471 6605953 -0.04513015 0.03538768 0.1174722
-0.08144154 0.03616343 -0.02288526 6696034 -0.05268766 0.03731929 0.1166788
-0.08144154 0.03616343 -0.02288526 6796112 -0.05268766 0.03731929 0.1166788
-0.09005559 0.03788493 -0.02333074 6906216 -0.06036974 0.03937041 0.1160349
-0.09845567 0.04023181 -0.02381445 7026332 -0.067971 0.04154359 0.1153804
-0.09845567 0.04023181 -0.02381445 7136423 -0.067971 0.04154359 0.1153804
-0.1067996 0.04180871 -0.02430148 7246522 -0.07531739 0.04331278 0.1146692
-0.1152176 0.04322128 -0.02483614 7356836 -0.08258653 0.04498636 0.1138662
-0.1152176 0.04322128 -0.02483614 7466729 -0.08258653 0.04498636 0.1138662
-0.1233318 0.04439751 -0.02531062 7586829 -0.08967257 0.04659873 0.1131396
-0.1311809 0.04564027 -0.02582634 7717141 -0.09667993 0.04814344 0.1124114
-0.1311809 0.04564027 -0.02582634 7807027 -0.09667993 0.04814344 0.1124114
-0.1391207 0.04704218 -0.02637422 7917127 -0.1037338 0.04980242 0.1116345
-0.1462023 0.04991506 -0.02691998 8027226 -0.1102424 0.05161976 0.1109576
-0.1462023 0.04991506 -0.02691998 8137325 -0.1102424 0.05161976 0.1109576
-0.1535673 0.05070506 -0.02754111 8247416 -0.1170022 0.05317222 0.1101657
-0.1605768 0.05154507 -0.02797097 8357520 -0.1235471 0.05454909 0.1096009
-0.1605768 0.05154507 -0.02797097 8477636 -0.1235471 0.05454909 0.1096009
-0.1672026 0.05215918 -0.0284782 8587731 -0.1297675 0.05591833 0.1089653
-0.1734491 0.0530883 -0.02916742 8707851 -0.13556 0.05733835 0.1081373
-0.1734491 0.0530883 -0.02916742 8807942 -0.13556 0.05733835 0.1081373
-0.1791832 0.05351917 -0.02988143 8918025 -0.1407368 0.05847418 0.1072446
-0.1842327 0.05407189 -0.03049796 9038149 -0.1453815 0.05946648 0.1064974
-0.1842327 0.05407189 -0.03049796 9148248 -0.1453815 0.05946648 0.1064974
-0.1882487 0.05462401 -0.0309588 9258335 -0.1493828 0.06035137 0.1060189
-0.191358 0.05502867 -0.03135401 9378456 -0.1528474 0.06108153 0.10571
-0.191358 0.05502867 -0.03135401 9488539 -0.1528474 0.06108153 0.10571
-0.1936377 0.0550121 -0.03156937 9598650 -0.1556883 0.06150341 0.105631
-0.195215 0.0554344 -0.03154685 9708749 -0.1578435 0.06177872 0.105819
-0.195215 0.0554344 -0.03154685 9818828 -0.1578435 0.06177872 0.105819
-0.1954399 0.05437522 -0.03114223 9928940 -0.1591061 0.06130266 0.1064736
-0.1960912 0.055238 -0.03019266 10039047 -0.1602235 0.0610438 0.1075972
-0.1960912 0.055238 -0.03019266 10149138 -0.1602235 0.0610438 0.1075972
-0.1955335 0.05479037 -0.02867134 10289277 -0.1608162 0.06008947 0.1094332
-0.1945411 0.05453609 -0.02658967 10369345 -0.1614656 0.05902338 0.111946
-0.1945411 0.05453609 -0.02658967 10479428 -0.1614656 0.05902338 0.111946
-0.1933305 0.0542758 -0.02399748 10589527 -0.1623482 0.05806404 0.115042
-0.1920169 0.05342506 -0.02099579 10719956 -0.1631731 0.05671698 0.1185156
-0.1920169 0.05342506 -0.02099579 10819743 -0.1631731 0.05671698 0.1185156
-0.1902875 0.05200969 -0.01741828 10929842 -0.1640033 0.05494249 0.1226059
-0.1883036 0.0497921 -0.01313436 11039933 -0.1647203 0.0523473 0.1273774
-0.1883036 0.0497921 -0.01313436 11150040 -0.1647203 0.0523473 0.1273774
