0.1525255 -0.001636558 -0.009194937 0 0.1119971 -0.03305285 0.1237589
0.152611 -0.001597576 -0.009426556 110112 0.1120965 -0.03295355 0.1235457
0.152611 -0.001597576 -0.009426556 230224 0.1120965 -0.03295355 0.1235457
0.1526304 -0.001548939 -0.009755369 330302 0.1121734 -0.03281301 0.1232561
0.1524823 -0.001535826 -0.01015386 440401 0.1121154 -0.03269368 0.1229098
0.1524823 -0.001535826 -0.01015386 560506 0.1121154 -0.03269368 0.1229098
0.1520084 -0.001516037 -0.01059821 670617 0.1118879 -0.03262322 0.1225519
0.1514432 -0.001348071 -0.01092318 780716 0.111546 -0.03247147 0.1222902
0.1514432 -0.001348071 -0.01092318 890819 0.111546 -0.03247147 0.1222902
0.1508196 -0.001254849 -0.01121705 1000915 0.1110724 -0.03231364 0.1220562
0.1497371 -0.001228623 -0.01159492 1111006 0.1102757 -0.03214412 0.1217965
0.1497371 -0.001228623 -0.01159492 1221097 0.1102757 -0.03214412 0.1217965
0.1486265 -0.001259022 -0.01185129 1351230 0.1093089 -0.03200357 0.1216221
0.1468577 -0.001403265 -0.01225926 1451312 0.1080411 -0.03196853 0.1214018
0.1468577 -0.001403265 -0.01225926 1561404 0.1080411 -0.03196853 0.1214018
0.1453009 -0.00153511 -0.01250823 1681524 0.1066421 -0.03194433 0.1212342
0.1429822 -0.00188344 -0.01286911 1791623 0.1048264 -0.03202169 0.1210789
0.1429822 -0.00188344 -0.01286911 1901714 0.1048264 -0.03202169 0.1210789
0.1405303 -0.002143316 -0.01312967 2021823 0.1028195 -0.03223603 0.1209545
0.1374009 -0.002590589 -0.01357468 2121921 0.1004354 -0.03251963 0.1207535
0.1374009 -0.002590589 -0.01357468 2232012 0.1004354 -0.03251963 0.1207535
0.1342703 -0.002785258 -0.01383884 2342115 0.09784984 -0.03274267 0.1206318
0.1303131 -0.003007107 -0.01425929 2472245 0.09482109 -0.03301387 0.1204484
0.1303131 -0.003007107 -0.01425929 2562314 0.09482109 -0.03301387 0.1204484
0.1260574 -0.003311567 -0.0147219 2682422 0.09148496 -0.03325396 0.120239
0.1212651 -0.003365807 -0.01514804 2782512 0.08776854 -0.03340357 0.1200628
0.1212651 -0.003365807 -0.01514804 2902616 0.08776854 -0.03340357 0.1200628
0.1162099 -0.003665619 -0.01558293 3012720 0.08380865 -0.03363996 0.1199086
0.1106596 -0.003561788 -0.01589574 3132832 0.07945757 -0.0337066 0.1198392
0.1048321 -0.003729873 -0.01624781 3252928 0.07481902 -0.03386908 0.1197562
0.1048321 -0.003729873 -0.01624781 3353018 0.07481902 -0.03386908 0.1197562
0.09839279 -0.003651075 -0.01652266 3453108 0.06977271 -0.03387039 0.1197636
0.09839279 -0.003651075 -0.01652266 3573217 0.06977271 -0.03387039 0.1197636
0.09162205 -0.00352829 -0.01685564 3683324 0.06439447 -0.03398138 0.1196636
0.08446021 -0.003248267 -0.01699789 3793415 0.05869376 -0.03388207 0.1197644
0.08446021 -0.003248267 -0.01699789 3903522 0.05869376 -0.03388207 0.1197644
0.07677085 -0.00307148 -0.0171961 4033648 0.05264311 -0.03385919 0.1198302
0.06890398 -0.002753429 -0.0173055 4133734 0.0464214 -0.03380566 0.1199408
0.06890398 -0.002753429 -0.0173055 4233812 0.0464214 -0.03380566 0.1199408
0.06031251 -0.002481871 -0.01743128 4363949 0.03984212 -0.03375965 0.1200784
0.05158627 -0.002208047 -0.01750246 4464040 0.03294569 -0.03359883 0.1202415
0.05158627 -0.002208047 -0.01750246 4574131 0.03294569 -0.03359883 0.1202415
0.04252941 -0.001929574 -0.01752892 4694243 0.02580081 -0.03342669 0.120436
0.03332425 -0.001948647 -0.01760678 4804338 0.01857459 -0.03333657 0.1206086
0.02396411 -0.001665287 -0.0174954 4914425 0.01122712 -0.03323524 0.1208786
0.02396411 -0.001665287 -0.0174954 5024549 0.01122712 -0.03323524 0.1208786
0.01419151 -0.001275711 -0.0173438 5134636 0.003625027 -0.03302091 0.1211728
0.004295651 -0.0008328485 -0.01721269 5244731 -0.004183838 -0.03262632 0.1214362
0.004295651 -0.0008328485 -0.01721269 5364839 -0.004183838 -0.03262632 0.1214362
-0.005810854 -0.0003560114 -0.01700312 5464926 -0.01206825 -0.03219121 0.1217543
-0.01623434 6.873131E-05 -0.01682158 5585038 -0.01999123 -0.03174012 0.1220321
-0.01623434 6.873131E-05 -0.01682158 5705142 -0.01999123 -0.03174012 0.1220321
-0.026815 0.0008563471 -0.01648383 5835259 -0.02798204 -0.03121441 0.1223555
-0.03751999 0.001266308 -0.0161541 5915335 -0.03604815 -0.03079622 0.1226842
-0.03751999 0.001266308 -0.0161541 6035440 -0.03604815 -0.03079622 0.1226842
-0.04811793 0.001801915 -0.01565127 6135534 -0.04414851 -0.03025692 0.1231389
-0.05854919 0.002146907 -0.01510268 6265651 -0.05220686 -0.02974217 0.1236385
-0.05854919 0.002146907 -0.01510268 6355749 -0.05220686 -0.02974217 0.1236385
-0.06879956 0.002570577 -0.0143547 6495851 -0.0600648 -0.02930587 0.1242593
-0.0790851 0.0029499 -0.01358161 6585940 -0.06793476 -0.02894562 0.1248546
-0.0790851 0.0029499 -0.01358161 6696039 -0.06793476 -0.02894562 0.1248546
-0.08940065 0.00319428 -0.01269904 6806134 -0.07577453 -0.02858656 0.1255419
-0.09915891 0.003272123 -0.01187243 6926247 -0.08354262 -0.02828198 0.1262099
-0.09915891 0.003272123 -0.01187243 7036342 -0.08354262 -0.02828198 0.1262099
-0.1088051 0.003548927 -0.01075732 7146445 -0.09126996 -0.02799457 0.1270969
-0.1180711 0.003471083 -0.009913525 7256552 -0.09853955 -0.02782422 0.1277287
-0.1180711 0.003471083 -0.009913525 7366643 -0.09853955 -0.02782422 0.1277287
-0.127136 0.003391452 -0.008972662 7476743 -0.1056445 -0.02766149 0.1284321
-0.1359075 0.003340311 -0.008029806 7586838 -0.1125956 -0.02756017 0.1291123
-0.1359075 0.003340311 -0.008029806 7706962 -0.1125956 -0.02756017 0.1291123
-0.1447707 0.003122635 -0.006973564 7817045 -0.1191088 -0.02758115 0.1297926
-0.1523916 0.002440758 -0.006205973 7927157 -0.1254281 -0.02761751 0.1304532
-0.1523916 0.002440758 -0.006205973 8047253 -0.1254281 -0.02761751 0.1304532
-0.159885 0.001895256 -0.005405099 8147347 -0.1313512 -0.02768605 0.1310391
-0.1665123 0.001440115 -0.004667263 8277464 -0.1367623 -0.02783483 0.1315831
-0.1665123 0.001440115 -0.004667263 8377550 -0.1367623 -0.02783483 0.1315831
-0.172671 0.0009161902 -0.003848467 8487662 -0.1415947 -0.02795105 0.1321927
-0.1780277 0.0005282831 -0.003115941 8627788 -0.1459236 -0.02811377 0.132734
-0.1780277 0.0005282831 -0.003115941 8717857 -0.1459236 -0.02811377 0.132734
-0.1824962 -7.622719E-05 -0.002579431 8817943 -0.1494551 -0.02845257 0.1331015
-0.1864596 -0.0003185797 -0.001922093 8938060 -0.1524902 -0.02873271 0.1335215
-0.1864596 -0.0003185797 -0.001922093 9048163 -0.1524902 -0.02873271 0.1335215
-0.189556 -0.0007291365 -0.001364383 9158262 -0.1549775 -0.02908557 0.1339371
-0.191785 -0.0008111525 -0.0006809066 9268357 -0.1569213 -0.02929872 0.1345198
-0.191785 -0.0008111525 -0.0006809066 9388466 -0.1569213 -0.02929872 0.1345198
-0.1932697 -0.001125626 -2.009981E-05 9498573 -0.1584395 -0.02962738 0.1351863
-0.1940746 -0.001246505 0.0008089244 9598651 -0.1593966 -0.02993601 0.1360147
-0.1940746 -0.001246505 0.0008089244 9728772 -0.1593966 -0.02993601 0.1360147
-0.1943509 -0.001322083 0.001856616 9828871 -0.1598364 -0.03035205 0.1370315
-0.1937601 -0.001467161 0.003300447 9938974 -0.1598188 -0.03095 0.1385225
