0.1490292 0.006032219 0.001025915 0 0.1314084 -0.0267543 0.2267372
0.1490292 0.006032219 0.001025915 110095 0.1314084 -0.0267543 0.2267372
0.1486816 0.006749364 0.001333848 230208 0.1313916 -0.02643493 0.2271031
0.1483782 0.007621868 0.001778826 330298 0.131414 -0.02598695 0.2275032
0.1483782 0.007621868 0.001778826 440402 0.131414 -0.02598695 0.2275032
0.1478637 0.008570031 0.001966298 550497 0.1313746 -0.02547387 0.2279229
0.1478818 0.009430431 0.002939329 670618 0.1316728 -0.02492741 0.228383
0.1478818 0.009430431 0.002939329 780709 0.1316728 -0.02492741 0.228383
0.1476503 0.01064677 0.003721192 890804 0.1318087 -0.02417091 0.2288982
0.1469075 0.01239298 0.004140899 1000899 0.1317145 -0.02326385 0.2295268
0.1469075 0.01239298 0.004140899 1110999 0.1317145 -0.02326385 0.2295268
0.146283 0.01399747 0.004740819 1221102 0.1317532 -0.02233056 0.2301967
0.1454142 0.01577728 0.005107269 1341206 0.1317144 -0.02123789 0.2309241
0.1454142 0.01577728 0.005107269 1451306 0.1317144 -0.02123789 0.2309241
0.1448775 0.01725324 0.005849108 1561405 0.1317441 -0.02017811 0.2316639
0.1439752 0.0189597 0.006172732 1691531 0.1315287 -0.01903537 0.2324222
0.1430416 0.02077663 0.006521329 1791617 0.1312965 -0.01777104 0.233217
0.1430416 0.02077663 0.006521329 1891703 0.1312965 -0.01777104 0.233217
0.1422299 0.02261432 0.006928548 2012002 0.1311268 -0.01646391 0.2339443
0.1422299 0.02261432 0.006928548 2151938 0.1311268 -0.01646391 0.2339443
0.1416538 0.02407984 0.007452533 2232010 0.1309469 -0.01528314 0.2346182
0.1410182 0.02562025 0.007936895 2342110 0.130751 -0.01409904 0.2352928
0.1410182 0.02562025 0.007936895 2462222 0.130751 -0.01409904 0.2352928
0.1400926 0.02759483 0.008369148 2572317 0.1304955 -0.01282207 0.2360612
0.139056 0.02978605 0.008819893 2682421 0.1301767 -0.0114781 0.2368718
0.139056 0.02978605 0.008819893 2792532 0.1301767 -0.0114781 0.2368718
0.1378344 0.03191535 0.009068668 2902616 0.1297908 -0.01007441 0.2377461
0.1369844 0.0337857 0.00950937 3012715 0.1295738 -0.008638536 0.2385149
0.1369844 0.0337857 0.00950937 3132827 0.1295738 -0.008638536 0.2385149
0.136234 0.03556401 0.01009379 3242931 0.129365 -0.007128154 0.239336
0.1353329 0.03766408 0.01083227 3353026 0.1291985 -0.005570804 0.2402606
0.1344898 0.03973682 0.01176295 3463129 0.1290839 -0.004011904 0.2412464
0.1344898 0.03973682 0.01176295 3593259 0.1290839 -0.004011904 0.2412464
0.1334663 0.0418555 0.01262385 3693333 0.1289339 -0.00238279 0.242336
0.1325163 0.04400714 0.01341364 3803433 0.1287946 -0.0006978858 0.2433219
0.1325163 0.04400714 0.01341364 3913532 0.1287946 -0.0006978858 0.2433219
0.1315935 0.04608092 0.01417127 4023643 0.1285771 0.001051749 0.2443125
0.1305949 0.04809972 0.01476687 4133727 0.1283046 0.002803053 0.2452891
0.1305949 0.04809972 0.01476687 4253839 0.1283046 0.002803053 0.2452891
0.1299569 0.04972798 0.01571748 4363934 0.128144 0.004497017 0.2462999
0.1287566 0.05190974 0.01619565 4474050 0.1278296 0.006304945 0.2473145
0.1287566 0.05190974 0.01619565 4584141 0.1278296 0.006304945 0.2473145
0.1275183 0.05417502 0.01692009 4694232 0.1274958 0.008110966 0.2484459
0.1263108 0.05621308 0.01767871 4804340 0.1271798 0.009811009 0.2496144
0.1263108 0.05621308 0.01767871 4924448 0.1271798 0.009811009 0.2496144
0.1251504 0.05811175 0.01855242 5034548 0.1268761 0.01154419 0.2508713
0.1238628 0.0600783 0.01927903 5144655 0.1264495 0.01326462 0.2521043
0.1238628 0.0600783 0.01927903 5254758 0.1264495 0.01326462 0.2521043
0.1228042 0.06187028 0.02022427 5374851 0.1260559 0.01502582 0.2533589
0.1215628 0.06365662 0.02092367 5484946 0.1255884 0.01668188 0.2545767
0.1215628 0.06365662 0.02092367 5595053 0.1255884 0.01668188 0.2545767
0.1202778 0.06556444 0.02163485 5705161 0.1250467 0.01837858 0.2557831
0.1189803 0.06750975 0.02212453 5815244 0.1244324 0.02012285 0.2568705
0.1189803 0.06750975 0.02212453 5935360 0.1244324 0.02012285 0.2568705
0.1175106 0.06952605 0.02248985 6035451 0.1236549 0.02182099 0.2579586
0.1160183 0.07147256 0.02277553 6145550 0.1227624 0.02350422 0.2590359
0.1160183 0.07147256 0.02277553 6265659 0.1227624 0.02350422 0.2590359
0.1145899 0.07351039 0.02305859 6375754 0.1218794 0.02529546 0.2600479
0.1130482 0.07556078 0.02329014 6485849 0.1209022 0.02709302 0.2611005
0.1130482 0.07556078 0.02329014 6595957 0.1209022 0.02709302 0.2611005
0.1114231 0.07776412 0.02358274 6726066 0.1199402 0.02898427 0.2621905
0.1099277 0.07991049 0.02376489 6826156 0.1189327 0.03090366 0.2631513
0.1099277 0.07991049 0.02376489 6936264 0.1189327 0.03090366 0.2631513
0.108181 0.08228054 0.02374868 7046545 0.1176795 0.03294536 0.2641143
0.1064673 0.08452838 0.02368574 7156458 0.1164127 0.03490755 0.2650369
0.1064673 0.08452838 0.02368574 7266562 0.1164127 0.03490755 0.2650369
0.1046544 0.08697604 0.0235779 7376653 0.1150989 0.03694698 0.2659097
0.1029647 0.08920517 0.02340658 7496761 0.1137499 0.03892848 0.2667382
0.1029647 0.08920517 0.02340658 7606861 0.1137499 0.03892848 0.2667382
0.1010517 0.09169363 0.0231726 7726969 0.1123771 0.04091403 0.2675163
0.09910303 0.0941098 0.02291033 7847078 0.1109087 0.04284187 0.2682907
0.09910303 0.0941098 0.02291033 7937159 0.1109087 0.04284187 0.2682907
0.09721841 0.09657338 0.02262004 8057267 0.1093761 0.0448316 0.2689873
0.09540009 0.09883212 0.02221318 8177376 0.1078179 0.04668542 0.2696106
0.09540009 0.09883212 0.02221318 8287479 0.1078179 0.04668542 0.2696106
0.09333313 0.1012914 0.02168371 8397582 0.1060839 0.04860028 0.2702194
0.09111508 0.1037368 0.02117114 8497665 0.104257 0.05045876 0.2708773
0.09111508 0.1037368 0.02117114 8637799 0.104257 0.05045876 0.2708773
0.08888911 0.1061415 0.02078857 8727893 0.1024242 0.05232045 0.2715952
0.08647133 0.108522 0.02032134 8837992 0.1005253 0.0541124 0.27232
0.08647133 0.108522 0.02032134 8948079 0.1005253 0.0541124 0.27232
0.08413043 0.1107714 0.01993422 9078197 0.09862844 0.05581399 0.2730319
0.08161481 0.1130628 0.01958126 9178279 0.09665609 0.05750009 0.2737767
0.08161481 0.1130628 0.01958126 9288386 0.09665609 0.05750009 0.2737767
0.07922954 0.1151297 0.01920296 9398478 0.09469837 0.05904242 0.2744593
0.07667068 0.11721 0.01883097 9508585 0.09267555 0.06051823 0.2751399
0.07667068 0.11721 0.01883097 9618684 0.09267555 0.06051823 0.2751399
0.07396786 0.1192993 0.01848786 9728784 0.09063664 0.06190082 0.2757865
0.07139125 0.1212217 0.01817186 9868910 0.08858874 0.06324025 0.2764213
0.07139125 0.1212217 0.01817186 9958992 0.08858874 0.06324025 0.2764213
0.06881879 0.1229656 0.01774275 10079100 0.08654051 0.06447074 0.2770034
0.06633341 0.1246637 0.01743454 10189191 0.08450451 0.06566402 0.2775676
0.06382423 0.1262258 0.01720715 10299303 0.08242401 0.06674751 0.2781599
0.06382423 0.1262258 0.01720715 10409398 0.08242401 0.06674751 0.2781599
0.06087783 0.1279817 0.01698591 10519497 0.08030441 0.0678161 0.2787046
0.06087783 0.1279817 0.01698591 10649611 0.08030441 0.0678161 0.2787046
0.0584587 0.1292305 0.01680991 10739704 0.07820691 0.06869157 0.2792754
0.05581657 0.1304538 0.01659377 10849787 0.07591435 0.06955954 0.2798798
0.05581657 0.1304538 0.01659377 10989926 0.07591435 0.06955954 0.2798798
0.05300115 0.1316696 0.01650353 11079999 0.0734995 0.07038208 0.280522
0.05002788 0.1325566 0.01632932 11190094 0.07095139 0.07104144 0.2812439
0.04689903 0.1335507 0.0161524 11300202 0.06835981 0.07169815 0.2818552
0.04689903 0.1335507 0.0161524 11430315 0.06835981 0.07169815 0.2818552
0.04338847 0.1344955 0.01585136 11520392 0.06548998 0.07229802 0.2824318
0.03992841 0.135471 0.01559782 11660531 0.06260327 0.07293364 0.282932
0.03992841 0.135471 0.01559782 11790636 0.06260327 0.07293364 0.282932
0.0364922 0.1363135 0.01515855 11890735 0.05969475 0.0734174 0.2832557
0.03311147 0.1370246 0.01469657 12120938 0.05685097 0.07379671 0.283491
0.02958009 0.1376747 0.01443714 12351162 0.05401454 0.07405898 0.283696
0.02590816 0.1383166 0.0141954 12581366 0.05121283 0.0742745 0.2837752
0.01924002 0.1392206 0.01322533 12791544 0.04580325 0.07447907 0.2835454
0.0166098 0.1395984 0.0125818 13011742 0.0432468 0.07451436 0.2832977
0.01357888 0.139947 0.01208176 13251955 0.04068117 0.07452627 0.2830159
0.007589603 0.1404528 0.01120996 13462145 0.03591394 0.07438418 0.2822633
0.004764068 0.1406467 0.01072824 13652316 0.03360903 0.07425925 0.2817952
0.002084468 0.1408474 0.01022559 13762416 0.03129255 0.07417199 0.2813219
-0.0001286282 0.1410331 0.00953415 13872523 0.02901022 0.07405134 0.2808298
-0.002901052 0.1411821 0.009028137 14002637 0.0267528 0.07389971 0.2802237
-0.002901052 0.1411821 0.009028137 14102723 0.0267528 0.07389971 0.2802237
-0.005766805 0.1413641 0.008497342 14202817 0.02437571 0.07376394 0.2795464
-0.005766805 0.1413641 0.008497342 14322926 0.02437571 0.07376394 0.2795464
-0.008573434 0.1415439 0.00793469 14433025 0.02200755 0.07359859 0.2788043
-0.01148961 0.1416224 0.007475436 14543124 0.01958838 0.07339415 0.2780712
-0.01431665 0.141658 0.007016987 14653394 0.01719371 0.07319078 0.2773418
-0.01431665 0.141658 0.007016987 14793346 0.01719371 0.07319078 0.2773418
-0.01673934 0.1415529 0.00618346 14883427 0.01481698 0.07280847 0.2765585
-0.01957672 0.1413804 0.005654171 14993535 0.0124898 0.07242653 0.2757175
-0.01957672 0.1413804 0.005654171 15123644 0.0124898 0.07242653 0.2757175
-0.02232706 0.1412191 0.005057201 15213725 0.0102496 0.07198402 0.2747716
-0.02515028 0.1409358 0.004614577 15443941 0.008011209 0.07150253 0.2738601
-0.02791024 0.1406777 0.004160479 15554037 0.005825867 0.07101151 0.2728903
-0.03050134 0.140413 0.003472775 15704172 0.003625655 0.07044885 0.2718429
-0.03328308 0.1400172 0.002959579 15924367 0.001433797 0.06986472 0.2707926
-0.03614182 0.1395278 0.002487168 16154765 -0.0007203672 0.06923052 0.2696899
-0.03898063 0.1390815 0.002090558 16364764 -0.002877807 0.06859133 0.2685499
-0.04440437 0.1380796 0.001096532 16614990 -0.00718199 0.06721327 0.2662311
-0.04713552 0.1374756 0.0005687475 16815175 -0.009341144 0.06645557 0.2650206
-0.04995038 0.1367024 0.0003124177 17045378 -0.01150992 0.06569549 0.2639115
-0.05550481 0.1351555 -0.0002771318 17265581 -0.01570251 0.06418106 0.2615536
-0.05832132 0.13422 -0.0004544258 17485776 -0.01776939 0.0633715 0.26038
-0.06117987 0.1331362 -0.0004916787 17715984 -0.01980374 0.06246015 0.2591918
-0.06664128 0.1309756 -0.0005288571 17936182 -0.0237766 0.06073734 0.2569013
-0.06933096 0.1297862 -0.0006173998 18176407 -0.02573705 0.05984184 0.2557457
-0.07171023 0.1288739 -0.001158416 18386597 -0.02757098 0.05894681 0.2544723
-0.07677494 0.1266311 -0.001667261 18606792 -0.03120219 0.05706331 0.2519358
-0.07929737 0.1254777 -0.001819387 18857013 -0.03300387 0.05615756 0.250692
-0.08396726 0.1234359 -0.002958909 19047185 -0.03625675 0.05433926 0.2479688
-0.08629021 0.1222155 -0.003320292 19277393 -0.03773427 0.05328938 0.2466142
-0.08834943 0.1212758 -0.004202172 19497595 -0.03906708 0.05229255 0.2451731
-0.09027783 0.1203615 -0.004836962 19727799 -0.04029461 0.05128798 0.243829
-0.09396185 0.1184431 -0.005627871 19978029 -0.04242699 0.04924366 0.241273
-0.09575444 0.1173766 -0.006170183 20178210 -0.04352228 0.04815623 0.2400261
-0.09762557 0.1161026 -0.006591633 20398408 -0.04455893 0.04702445 0.2387917
-0.1011759 0.113822 -0.007647634 20618607 -0.04654652 0.04474851 0.2362473
-0.1029283 0.1124138 -0.008106112 20848815 -0.04754376 0.04350325 0.2350765
-0.1049195 0.1108306 -0.008127585 21069184 -0.04870182 0.04224941 0.2339107
-0.1089788 0.1071785 -0.008568421 21299225 -0.0510572 0.03952166 0.2315391
-0.1110095 0.1052617 -0.008828595 21549447 -0.0522378 0.0380561 0.2303183
-0.1154306 0.1007439 -0.008822396 21749632 -0.05472005 0.03492173 0.227867
-0.117767 0.09821712 -0.008612663 21969826 -0.05610592 0.03326258 0.2266646
-0.1202057 0.09560109 -0.008257344 22190029 -0.05767734 0.03165027 0.2255003
-0.1227101 0.09278629 -0.007863179 22410220 -0.05936768 0.03000185 0.2243717
-0.1279104 0.0867263 -0.00632295 22660454 -0.06290931 0.02666732 0.2221846
-0.1303745 0.08381967 -0.005627498 22850617 -0.06464636 0.02507993 0.2211279
-0.1324116 0.08160907 -0.005652755 23090834 -0.06611273 0.02361688 0.2200134
-0.1362734 0.077264 -0.005718306 23301036 -0.06835097 0.02070447 0.2176608
-0.1382263 0.07441261 -0.004887655 23531398 -0.0697843 0.01915046 0.216908
-0.1400349 0.07173064 -0.004615456 23771448 -0.07092315 0.017585 0.2160229
-0.1430589 0.06710932 -0.004526839 23971629 -0.07281538 0.01462003 0.21437
-0.1445166 0.06458225 -0.004691854 24201837 -0.07362735 0.01298198 0.2135286
-0.1469106 0.05980473 -0.004798532 24422035 -0.0749573 0.009757247 0.2121718
-0.1481072 0.05695739 -0.004850253 24652243 -0.07555908 0.00797614 0.2115633
-0.1490565 0.05444903 -0.005283386 24872446 -0.07594131 0.00627097 0.2109664
-0.1504116 0.04945787 -0.005672082 25092640 -0.07654734 0.002727474 0.2102419
-0.1510203 0.04683626 -0.005851224 25342866 -0.07684787 0.0009562624 0.209983
-0.1513644 0.04431265 -0.005785704 25543051 -0.07700501 -0.0008910048 0.2099079
-0.1518681 0.03919397 -0.005987346 25783264 -0.07729135 -0.004614626 0.2098814
-0.1521124 0.03640739 -0.005925 25993453 -0.07747886 -0.006614005 0.2099396
-0.1521848 0.03354463 -0.005943403 26213652 -0.07772474 -0.008596812 0.2101999
-0.1523044 0.02805844 -0.005437151 26433855 -0.07819727 -0.01244846 0.210793
-0.1521112 0.02580446 -0.005351871 26664067 -0.07816698 -0.01425556 0.2111037
-0.1519836 0.02292109 -0.005566999 26884257 -0.07809468 -0.01626066 0.2113929
-0.1514557 0.01821064 -0.005413592 27104460 -0.07786656 -0.01996115 0.2121163
-0.1511046 0.01601767 -0.00544706 27344673 -0.0778437 -0.02173868 0.2125461
-0.1507514 0.01346118 -0.005616859 27555041 -0.07770153 -0.02365247 0.2129614
-0.1503381 0.007632893 -0.005901903 27785070 -0.07743575 -0.02790621 0.2135786
-0.1501667 0.005308264 -0.00567086 27995264 -0.07727791 -0.02990118 0.2138182
-0.1499569 0.002214585 -0.005688384 28215467 -0.07713687 -0.03217593 0.2141583
-0.149462 -0.004261022 -0.006053448 28445687 -0.07672179 -0.0369902 0.214762
-0.1493353 -0.007565302 -0.005972669 28665873 -0.07668597 -0.03945664 0.2150733
-0.1492347 -0.010962 -0.005547762 28896077 -0.07662577 -0.04208032 0.2154332
-0.1489007 -0.01779716 -0.005408123 29116280 -0.07658033 -0.0472 0.2161335
-0.1486729 -0.02117375 -0.005194724 29346483 -0.07661983 -0.04974941 0.2165982
-0.1484088 -0.02462108 -0.004869103 29566686 -0.07667044 -0.05229978 0.2171515
-0.1476612 -0.03102579 -0.004120797 29806915 -0.07649213 -0.05724422 0.2183405
-0.1470645 -0.03439369 -0.004148945 30027093 -0.07623199 -0.05967644 0.2190019
-0.1463709 -0.03739219 -0.004172623 30257301 -0.07589569 -0.06202594 0.219674
-0.144938 -0.04332563 -0.004004642 30457482 -0.07518886 -0.0665739 0.2211341
-0.1440728 -0.04621753 -0.003997803 30687710 -0.07481686 -0.06880084 0.2219668
-0.1431506 -0.04875097 -0.003853753 30927906 -0.07448179 -0.07083038 0.2228893
-0.1409935 -0.05332948 -0.003149152 31128269 -0.07360648 -0.07469539 0.2250835
-0.139784 -0.05560952 -0.002904177 31358299 -0.07320938 -0.07656363 0.2262934
-0.1370767 -0.06023251 -0.002744868 31578498 -0.07210239 -0.08011714 0.2287851
-0.1357015 -0.06219875 -0.002282038 31798696 -0.07142268 -0.08190814 0.2301143
-0.1342046 -0.06457457 -0.002387241 32048934 -0.07072104 -0.0836927 0.2313673
-0.1311017 -0.06944948 -0.002317771 32249103 -0.06908222 -0.08749596 0.2339816
-0.1295679 -0.07194654 -0.001967072 32489324 -0.06824738 -0.08958415 0.2353896
-0.1278051 -0.07424692 -0.001946464 32709713 -0.06731848 -0.09145144 0.2368255
-0.1241097 -0.07908732 -0.001842946 32919724 -0.06503415 -0.0953292 0.2397296
-0.1220456 -0.0817477 -0.00225766 33149924 -0.06374223 -0.09715585 0.2411137
-0.1206863 -0.0835775 -0.001415104 33370110 -0.06274502 -0.09915177 0.2424774
-0.11728 -0.08852582 -0.001185 33590309 -0.06059523 -0.1030749 0.2451656
-0.1152805 -0.09132476 -0.001677707 33810520 -0.05936942 -0.1048742 0.2464231
-0.1136769 -0.09373025 -0.001367182 34040724 -0.05821055 -0.1068907 0.2477182
-0.1097723 -0.09817729 -0.001202598 34260918 -0.05555179 -0.1106093 0.2505319
-0.1078217 -0.1002674 -0.0009701103 34481133 -0.05423256 -0.1123528 0.2520128
-0.1055654 -0.1022953 -0.001070932 34701478 -0.05276626 -0.1139526 0.2535041
-0.1008734 -0.1062406 -0.001220584 34951541 -0.04951433 -0.1169751 0.2565073
-0.09843962 -0.1077406 -0.001072824 35161930 -0.04787921 -0.1183397 0.2581653
-0.09590086 -0.1092318 -0.001067445 35371921 -0.0460714 -0.1196609 0.2597414
-0.09334827 -0.1107986 -0.0009487569 35602125 -0.0443469 -0.1209757 0.2614147
-0.08824079 -0.1134204 -0.0004725009 35832332 -0.04083269 -0.1235096 0.2648091
-0.08565479 -0.1147219 -0.000285387 36072549 -0.0390625 -0.1247793 0.2664556
-0.08022288 -0.1175127 0.0001822859 36272730 -0.03535921 -0.1274588 0.2698951
-0.07753526 -0.1186257 0.0005931705 36502937 -0.03344138 -0.1287718 0.2716509
-0.07477476 -0.1198498 0.0009314269 36743154 -0.03136069 -0.130133 0.2733341
-0.06906373 -0.1232897 0.0009745657 36943335 -0.02684855 -0.1329694 0.2761811
-0.06614165 -0.1251761 0.0006050318 37173543 -0.0244633 -0.1343195 0.2772365
-0.06306744 -0.127883 -0.0001482964 37383732 -0.02199717 -0.1358154 0.2780269
-0.05709966 -0.1336851 -0.001830801 37613940 -0.01718617 -0.1389041 0.2791617
-0.05423183 -0.1365838 -0.002589211 37854161 -0.01492422 -0.1404201 0.2796611
-0.04835954 -0.141932 -0.003819093 38064351 -0.01016803 -0.1433454 0.2807142
-0.0452342 -0.1442351 -0.004365176 38284549 -0.007628893 -0.1446568 0.2812547
-0.04198891 -0.1464276 -0.004876077 38504748 -0.005000513 -0.1459492 0.281792
-0.03858942 -0.1484298 -0.005317599 38734956 -0.002282845 -0.1471764 0.2823676
-0.03113859 -0.1524953 -0.006403536 38975168 0.00342585 -0.1494048 0.2833042
-0.02695261 -0.1545438 -0.006954134 39175349 0.006512006 -0.1505143 0.2837436
-0.0230913 -0.156397 -0.007404357 39395568 0.009583415 -0.1515464 0.2840453
-0.01419463 -0.1604386 -0.008565441 39625764 0.016181 -0.153529 0.284342
-0.009477844 -0.1621117 -0.00916335 39855963 0.01970115 -0.154296 0.2842892
-0.005171309 -0.1633372 -0.009515509 40076365 0.02308473 -0.1549418 0.2842678
0.004151124 -0.1650475 -0.01016557 40296365 0.03014134 -0.1557374 0.2839721
0.009022752 -0.1653045 -0.01042299 40526573 0.03362919 -0.155833 0.2837107
0.01844413 -0.1651445 -0.01042916 40746771 0.04060651 -0.1557107 0.2832296
0.02333236 -0.1646241 -0.01027954 40976979 0.04421704 -0.1554431 0.2829127
0.02837737 -0.1639119 -0.0100435 41217192 0.04790082 -0.1551624 0.2825136
0.03805421 -0.1622632 -0.009322062 41417380 0.05500982 -0.1545253 0.2815547
0.04305759 -0.1614555 -0.009002239 41647584 0.0585379 -0.1542464 0.2807858
0.04732056 -0.1605433 -0.008737072 41867783 0.06186418 -0.1538961 0.2799517
0.05607424 -0.1591072 -0.008183986 42088127 0.06820852 -0.1532321 0.2779482
0.06028731 -0.1582906 -0.007930979 42338203 0.07124321 -0.1528577 0.2767957
0.06434283 -0.1575755 -0.007762685 42538595 0.07412018 -0.1524368 0.2755126
0.07147154 -0.1557751 -0.00760746 42758583 0.0793301 -0.1514151 0.2728523
0.07455584 -0.1545973 -0.00762558 43008809 0.0816821 -0.150844 0.2715083
0.07609287 -0.1532366 -0.008235231 43208989 0.08352853 -0.1500554 0.2701674
0.08317357 -0.1517107 -0.008069634 43429192 0.08728006 -0.1483941 0.2672148
0.08489912 -0.1503682 -0.008760273 43669409 0.08885562 -0.1473484 0.2656986
0.08773526 -0.1491315 -0.008892834 43879602 0.09059357 -0.1463312 0.2641955
0.09321402 -0.145708 -0.008983999 44119811 0.09410106 -0.1440504 0.2612776
0.09593903 -0.143646 -0.008862108 44330021 0.0958334 -0.1428161 0.2599042
0.09860376 -0.1417006 -0.008788928 44660303 0.09742582 -0.1415187 0.2584926
0.1038451 -0.1376162 -0.008560598 44880498 0.1005167 -0.1388241 0.2556667
0.1088021 -0.1332319 -0.008289322 45130732 0.1035218 -0.136142 0.2528636
0.1121888 -0.1307716 -0.007294431 45360931 0.1050977 -0.1347986 0.2515773
0.1152057 -0.1253071 -0.007675231 45561112 0.1076237 -0.1315692 0.2491461
0.1171308 -0.1226745 -0.007601917 45791328 0.108801 -0.1298479 0.2478937
0.1201989 -0.1198903 -0.0064006 46001521 0.1102561 -0.1282263 0.2467837
0.1219473 -0.1168645 -0.006242692 46251747 0.1114122 -0.1263103 0.2456321
0.1258125 -0.1099941 -0.005484074 46461937 0.1138982 -0.122087 0.2433138
0.1276647 -0.1066263 -0.005138904 46672118 0.1150886 -0.1198855 0.2421555
0.1297913 -0.1031901 -0.004657328 46922344 0.1162889 -0.1175738 0.2408879
0.134386 -0.09625331 -0.00342229 47122525 0.1187256 -0.1128412 0.2381989
0.1364354 -0.09297542 -0.003095329 47362738 0.1197606 -0.1104504 0.2367911
0.1384475 -0.08971013 -0.002681553 47562922 0.1208369 -0.1081169 0.2354366
0.1421518 -0.08283687 -0.002068207 47803139 0.1229096 -0.1032625 0.2327113
0.1439146 -0.07941975 -0.00180091 48033343 0.1238427 -0.1007997 0.231362
0.1475767 -0.07265726 -0.000991866 48233532 0.1256481 -0.09586302 0.2286762
0.1489422 -0.06904928 -0.0008813739 48463739 0.1264677 -0.09333066 0.2274536
0.1501308 -0.0655752 -0.0007561147 48683930 0.1272562 -0.09085134 0.2263838
0.151075 -0.06217133 -0.0007417202 48904137 0.1279277 -0.08834878 0.2254494
0.1525526 -0.05458202 -0.001154333 49164554 0.1292316 -0.08294347 0.2235388
0.1522883 -0.04985062 -0.002253264 49354543 0.129875 -0.07986835 0.222704
0.1522603 -0.04534432 -0.002271906 49594760 0.1303062 -0.07671884 0.2224129
0.1522496 -0.03515976 -0.001381889 49805128 0.1311476 -0.06972627 0.2222229
0.151315 -0.03136582 -0.002041772 50025140 0.131034 -0.06655387 0.2224155
0.1505682 -0.02065653 -0.001179725 50245509 0.1316432 -0.05925516 0.2226463
0.1499722 -0.01509981 -0.0007947087 50475551 0.131792 -0.05546311 0.222859
0.1491645 -0.01025033 -0.0009746701 50735782 0.1317738 -0.05191449 0.223009
0.1472129 0.0008503834 -0.001141399 50915952 0.131758 -0.04447416 0.2232936
0.1461902 0.006985631 -0.0008654147 51166178 0.1317365 -0.04051308 0.223525
0.1452733 0.01253485 -0.0005851984 51366359 0.1316785 -0.0366408 0.2238134
0.1437608 0.02334962 0.001335338 51596558 0.131572 -0.0284274 0.2251288
0.1424692 0.02884779 0.002678379 51836775 0.1315434 -0.02426139 0.2263454
0.1412202 0.03400307 0.004891247 52036972 0.1317798 -0.01994947 0.2281514
0.1374741 0.04353547 0.01211113 52277181 0.1328807 -0.01130048 0.2343985
0.1354373 0.04719019 0.01721554 52617480 0.1336814 -0.007322108 0.2386971
0.1316554 0.05115481 0.03024018 52827669 0.1357365 -0.0006984818 0.2494317
