0.1467161 0.0002708478 -0.004004866 0 0.1243304 0.01644938 0.2286696
0.1469045 0.000631253 -0.004275411 110099 0.1242717 0.01649873 0.2283967
0.1471059 0.0009578426 -0.004523724 220194 0.1241447 0.01672859 0.2281036
0.1471059 0.0009578426 -0.004523724 330294 0.1241447 0.01672859 0.2281036
0.1474258 0.001361381 -0.004600599 440397 0.1240817 0.01704391 0.2278167
0.1476552 0.002044081 -0.004694015 560514 0.1240886 0.01746053 0.2276085
0.1476552 0.002044081 -0.004694015 670605 0.1240886 0.01746053 0.2276085
0.1478666 0.003020296 -0.00452441 780879 0.1241341 0.01793525 0.2275918
0.1479594 0.004361567 -0.004354388 890800 0.1241485 0.01854379 0.2276897
0.1479594 0.004361567 -0.004354388 1000899 0.1241485 0.01854379 0.2276897
0.1479428 0.005941958 -0.004210413 1121011 0.1240732 0.01928078 0.2278661
0.1477984 0.007619361 -0.004111469 1231111 0.1240211 0.02018197 0.2281065
0.1477984 0.007619361 -0.004111469 1361224 0.1240211 0.02018197 0.2281065
0.1477813 0.009270959 -0.003747955 1451305 0.1240205 0.02118504 0.228386
0.1475713 0.01112466 -0.003375471 1561405 0.1240009 0.02229668 0.2288293
0.1475713 0.01112466 -0.003375471 1671508 0.1240009 0.02229668 0.2288293
0.1471934 0.01341193 -0.002945349 1791613 0.1238534 0.02363587 0.2294531
0.1464887 0.01580227 -0.002534822 1901716 0.1236496 0.02499192 0.2303276
0.1464887 0.01580227 -0.002534822 2011819 0.1236496 0.02499192 0.2303276
0.1456464 0.01852076 -0.002005845 2131924 0.1233888 0.02650087 0.2313868
0.1447337 0.02162938 -0.001485348 2232010 0.1230532 0.0282897 0.2324944
0.1447337 0.02162938 -0.001485348 2342113 0.1230532 0.0282897 0.2324944
0.1436305 0.02448346 -0.001014382 2462222 0.1227403 0.03009463 0.2337033
0.1424092 0.02790846 -0.000587061 2582330 0.1222749 0.03217322 0.2349816
0.1424092 0.02790846 -0.000587061 2682416 0.1222749 0.03217322 0.2349816
0.1410695 0.03087987 5.118549E-05 2792516 0.1218545 0.03417551 0.2364611
0.1396784 0.03439765 0.0006032288 2912624 0.1212558 0.03645677 0.237925
0.1396784 0.03439765 0.0006032288 3022740 0.1212558 0.03645677 0.237925
0.138281 0.03781576 0.001324281 3132835 0.1207219 0.03884478 0.2394855
0.1367571 0.04124846 0.002041802 3262952 0.1201849 0.04134805 0.2411354
0.1367571 0.04124846 0.002041802 3353034 0.1201849 0.04134805 0.2411354
0.1353368 0.04440612 0.002911389 3463121 0.119675 0.0438322 0.2427942
0.1337846 0.04769598 0.003725618 3593242 0.1192736 0.04634453 0.2445171
0.1337846 0.04769598 0.003725618 3693329 0.1192736 0.04634453 0.2445171
0.1319072 0.04904771 0.00437142 3803436 0.1187288 0.04814823 0.2464053
0.1306122 0.05226234 0.00553219 3913536 0.1186215 0.05045186 0.2481455
0.1306122 0.05226234 0.00553219 4023627 0.1186215 0.05045186 0.2481455
0.1297526 0.05468745 0.007244721 4143735 0.118967 0.05246316 0.2499162
0.1286371 0.0576589 0.008272812 4253843 0.1187666 0.0547928 0.2514289
0.1286371 0.0576589 0.008272812 4373959 0.1187666 0.0547928 0.2514289
0.1274663 0.06039691 0.009144515 4474191 0.1184522 0.05701025 0.2528828
0.1263358 0.06284121 0.01009907 4584133 0.1180419 0.05917512 0.2543665
0.1263358 0.06284121 0.01009907 4704436 0.1180419 0.05917512 0.2543665
0.1251052 0.06528014 0.01087952 4814340 0.1175626 0.06127036 0.2558083
0.1238029 0.06759276 0.01162103 4924448 0.1170796 0.06316141 0.2572717
0.1238029 0.06759276 0.01162103 5034539 0.1170796 0.06316141 0.2572717
0.1224084 0.07027072 0.01240033 5154664 0.1166312 0.06499185 0.2587918
0.1209611 0.07264471 0.01316783 5254742 0.1161031 0.06666248 0.2603433
0.1209611 0.07264471 0.01316783 5364853 0.1161031 0.06666248 0.2603433
0.1196085 0.07487173 0.01383762 5504964 0.1154499 0.06834757 0.2617583
0.1180854 0.07697693 0.0142023 5595049 0.1146139 0.07003447 0.2631034
0.1180854 0.07697693 0.0142023 5705152 0.1146139 0.07003447 0.2631034
0.1163143 0.0794789 0.01425235 5825261 0.1135125 0.0718936 0.2643847
0.1147433 0.08182019 0.01437329 5935360 0.112381 0.07367763 0.2655526
0.1129858 0.0841866 0.01421861 6045459 0.1111122 0.07538702 0.2666439
0.1129858 0.0841866 0.01421861 6155559 0.1111122 0.07538702 0.2666439
0.1110556 0.08673827 0.01389299 6265650 0.1097935 0.07700527 0.2676854
0.1110556 0.08673827 0.01389299 6385767 0.1097935 0.07700527 0.2676854
0.1091512 0.08899532 0.01357368 6485861 0.1084257 0.0784999 0.2687062
0.1071203 0.09142523 0.01301607 6605961 0.1069509 0.0799974 0.2695974
0.1071203 0.09142523 0.01301607 6716065 0.1069509 0.0799974 0.2695974
0.1051749 0.09343918 0.01248749 6826164 0.105385 0.08139103 0.270463
0.1030422 0.09579179 0.01188162 6936263 0.1038533 0.08271367 0.2713061
0.1030422 0.09579179 0.01188162 7046367 0.1038533 0.08271367 0.2713061
0.100721 0.09789975 0.01115148 7156454 0.102321 0.08372169 0.2721342
0.09856389 0.09993096 0.01070741 7266561 0.1008786 0.08460035 0.2730045
0.096315 0.1018116 0.01024903 7406680 0.0993169 0.08531015 0.2738791
0.096315 0.1018116 0.01024903 7496769 0.0993169 0.08531015 0.2738791
0.09426941 0.1033232 0.009746984 7606869 0.09773385 0.0859596 0.2746157
0.091972 0.1049923 0.008928105 7716964 0.09591725 0.08667846 0.2752218
0.091972 0.1049923 0.008928105 7837271 0.09591725 0.08667846 0.2752218
0.08978173 0.1066357 0.00806126 7947168 0.09405603 0.08743073 0.2757008
0.08737993 0.1083538 0.007206157 8057461 0.09222071 0.0880442 0.2762195
0.08737993 0.1083538 0.007206157 8177375 0.09222071 0.0880442 0.2762195
0.08475978 0.1102303 0.006489351 8277470 0.09036427 0.08855943 0.2768524
0.08195323 0.112254 0.005805448 8397586 0.08843315 0.08915292 0.2775279
0.08195323 0.112254 0.005805448 8527691 0.08843315 0.08915292 0.2775279
0.07944068 0.11381 0.005148396 8617781 0.08653387 0.08967274 0.2781014
0.07684106 0.1155606 0.004420012 8737889 0.08444202 0.09043403 0.2786284
0.07684106 0.1155606 0.004420012 8837971 0.08444202 0.09043403 0.2786284
0.07402463 0.1175161 0.003604203 8958084 0.08227365 0.09133697 0.2791169
0.07113478 0.119251 0.002904147 9068179 0.08019888 0.09205531 0.279662
0.07113478 0.119251 0.002904147 9178279 0.08019888 0.09205531 0.279662
0.06794138 0.12148 0.002487212 9288378 0.07806884 0.09289365 0.2803894
0.06463128 0.1233744 0.002246156 9398477 0.07600944 0.09351855 0.2812297
0.06463128 0.1233744 0.002246156 9508585 0.07600944 0.09351855 0.2812297
0.06125948 0.1253042 0.002094254 9638702 0.07389771 0.09421486 0.2820814
0.05792707 0.1272521 0.001820236 9738784 0.07169309 0.09511255 0.2827916
0.05792707 0.1272521 0.001820236 9848892 0.07169309 0.09511255 0.2827916
0.05488424 0.1286431 0.001431763 9958987 0.0695247 0.09590172 0.283366
0.05176787 0.1302457 0.001201585 10079091 0.06737783 0.09679275 0.2839812
0.05176787 0.1302457 0.001201585 10179190 0.06737783 0.09679275 0.2839812
0.04876961 0.1316167 0.001002192 10299298 0.06529899 0.09746488 0.2845208
0.04550444 0.1329949 0.000926584 10429412 0.06320581 0.09799451 0.2850967
0.04243393 0.1341557 0.0008574724 10529506 0.06108957 0.09854952 0.2856359
0.04243393 0.1341557 0.0008574724 10639597 0.06108957 0.09854952 0.2856359
0.03912815 0.1353668 0.0007579923 10759706 0.05888143 0.09914355 0.2861185
0.03912815 0.1353668 0.0007579923 10859796 0.05888143 0.09914355 0.2861185
0.03599965 0.1364098 0.0005691946 10969895 0.05671288 0.09971976 0.2864712
0.03295684 0.1372996 0.0003374517 11080003 0.05451854 0.1002647 0.2867526
0.03295684 0.1372996 0.0003374517 11190094 0.05451854 0.1002647 0.2867526
0.03019415 0.1380184 0.0002510995 11300193 0.0524332 0.1007693 0.2870885
0.02722577 0.1384851 0.0001231134 11420314 0.05042177 0.1010251 0.2873292
0.02722577 0.1384851 0.0001231134 11530405 0.05042177 0.1010251 0.2873292
0.0244743 0.1391262 0.0002034307 11640505 0.048506 0.1013232 0.2876142
0.02152072 0.1396416 0.0004247278 11750600 0.04657532 0.1015609 0.287962
0.02152072 0.1396416 0.0004247278 11880721 0.04657532 0.1015609 0.287962
0.01887596 0.1400386 0.0005878806 11970803 0.04459225 0.1018334 0.2882743
0.01606067 0.1401738 0.000686124 12090907 0.04260087 0.1020455 0.2885315
0.01606067 0.1401738 0.000686124 12221024 0.04260087 0.1020455 0.2885315
0.01340511 0.1405099 0.0007126182 12311106 0.04063341 0.1023332 0.2886543
0.01061377 0.1406233 0.0007178932 12421209 0.03860386 0.1025902 0.2887605
0.01061377 0.1406233 0.0007178932 12541317 0.03860386 0.1025902 0.2887605
0.008194152 0.1406973 0.0008167028 12641408 0.0367858 0.1027201 0.2888705
0.005602132 0.1406306 0.0009476691 12761516 0.03483373 0.1027333 0.2889674
0.005602132 0.1406306 0.0009476691 12871611 0.03483373 0.1027333 0.2889674
0.00292087 0.1406869 0.001277253 13001733 0.0328086 0.1028336 0.2891501
0.0003497242 0.1405672 0.001426503 13091814 0.03085019 0.1028591 0.2891867
-0.002255872 0.1403116 0.001533896 13201922 0.02882128 0.1028717 0.2891893
-0.002255872 0.1403116 0.001533896 13372063 0.02882128 0.1028717 0.2891893
-0.004685757 0.1401303 0.001613989 13572252 0.02689802 0.1028945 0.2891277
-0.00702503 0.1398218 0.001575947 13802464 0.0250069 0.1027486 0.2889457
-0.01163447 0.139671 0.001794651 14022650 0.02133799 0.1026631 0.2886006
-0.01382776 0.1393684 0.001933277 14252858 0.01965823 0.1025144 0.2884285
-0.01576942 0.1390241 0.001924932 14443034 0.01796722 0.1024231 0.2882411
-0.01763337 0.1386265 0.001853094 14553129 0.01641676 0.1022392 0.2879657
-0.01934857 0.1381837 0.001877666 14663228 0.01503295 0.1019711 0.2877389
-0.0210332 0.1378042 0.001925096 14773502 0.01359364 0.101659 0.2875043
-0.02284552 0.1374279 0.002082154 14883427 0.01211475 0.1013426 0.2872828
-0.02284552 0.1374279 0.002082154 14993526 0.01211475 0.1013426 0.2872828
-0.02466813 0.1368167 0.002199411 15103634 0.01072723 0.1008922 0.2870117
-0.02466813 0.1368167 0.002199411 15243756 0.01072723 0.1008922 0.2870117
-0.02636053 0.1363157 0.002117783 15333833 0.009291138 0.1004828 0.2866315
-0.02814283 0.1356524 0.001816958 15443933 0.007720091 0.1000568 0.2861208
-0.02814283 0.1356524 0.001816958 15554032 0.007720091 0.1000568 0.2861208
-0.02988606 0.1349924 0.001656458 15664136 0.006282403 0.09946378 0.2856214
-0.03168877 0.134364 0.001581371 15774239 0.004832811 0.09878394 0.285104
-0.03362499 0.133379 0.001515135 15894509 0.003395291 0.09793187 0.2845558
-0.03362499 0.133379 0.001515135 16004443 0.003395291 0.09793187 0.2845558
-0.03543181 0.1325597 0.001231983 16114538 0.001933447 0.09706813 0.2838612
-0.03719502 0.1317906 0.0008892417 16224641 0.0004770591 0.09618685 0.2831113
-0.03719502 0.1317906 0.0008892417 16364764 0.0004770591 0.09618685 0.2831113
-0.03905703 0.1308978 0.0004471242 16454857 -0.001109526 0.0952825 0.2822919
-0.04114987 0.1299472 7.294118E-05 16564944 -0.002782094 0.09430836 0.2813975
-0.04114987 0.1299472 7.294118E-05 16675044 -0.002782094 0.09430836 0.2813975
-0.04333874 0.1290597 -0.0003301948 16785143 -0.004453694 0.09322174 0.2803617
-0.04539027 0.1282051 -0.0009800941 16895247 -0.006004961 0.09207021 0.2791588
-0.04539027 0.1282051 -0.0009800941 17005346 -0.006004961 0.09207021 0.2791588
-0.04757921 0.1271334 -0.001589343 17145472 -0.007555104 0.09077045 0.2779038
-0.04976987 0.1259901 -0.002290666 17255568 -0.00926953 0.08945666 0.2766319
-0.052248 0.1246221 -0.002688855 17365679 -0.01096969 0.08808377 0.2753997
-0.052248 0.1246221 -0.002688855 17605884 -0.01096969 0.08808377 0.2753997
-0.05745073 0.1215946 -0.003423616 17846105 -0.01486999 0.08556311 0.2730118
-0.06025384 0.1197085 -0.003476515 18056294 -0.01693666 0.08428621 0.2719546
-0.06301805 0.1177574 -0.003401756 18276489 -0.01890627 0.08290809 0.2709183
-0.06780723 0.1137303 -0.003549382 18496692 -0.02251212 0.07997916 0.268937
-0.07022724 0.1116758 -0.003351897 18726904 -0.0242461 0.07847431 0.2680218
-0.07251771 0.109604 -0.003173515 18957103 -0.02600248 0.07702919 0.2671797
-0.07704719 0.1052842 -0.002733305 19177306 -0.0295197 0.07409322 0.2655217
-0.07920177 0.1030042 -0.002396211 19397505 -0.03118023 0.07248535 0.2647614
-0.08121575 0.1007414 -0.002122357 19627708 -0.03286436 0.0708789 0.264051
-0.08537336 0.09652093 -0.001300737 19837902 -0.03591708 0.067709 0.2624448
-0.08730335 0.09450803 -0.001094818 20068110 -0.03735479 0.06610474 0.2615586
-0.08922502 0.09231585 -0.001034737 20288305 -0.0388241 0.06442958 0.2606151
-0.09342477 0.08802647 -0.0005491227 20518512 -0.04204742 0.06128585 0.2586797
-0.0954475 0.08588668 -0.0004958808 20758737 -0.04363556 0.0597912 0.2576525
-0.09745547 0.08382975 -0.0003822148 20958910 -0.04518799 0.05826746 0.2566144
-0.1012586 0.08005241 -0.0003647357 21199139 -0.04800668 0.05519148 0.2544001
-0.1031254 0.07815382 -0.0003591925 21409316 -0.04931187 0.05365616 0.2532663
-0.1048409 0.07624005 -0.0006498396 21629515 -0.0505222 0.0521051 0.2520821
-0.1081505 0.07252619 -0.0009089857 21869732 -0.05283942 0.04899856 0.2498909
-0.1098063 0.07082544 -0.0009184033 22079925 -0.05405857 0.04755032 0.2488482
-0.1113387 0.0689186 -0.00112699 22310129 -0.05506286 0.04599458 0.2477621
-0.1143207 0.065196 -0.001370355 22520489 -0.05698616 0.042779 0.2456615
-0.1155887 0.06306786 -0.00165233 22750535 -0.05779015 0.0409463 0.2446916
-0.1169503 0.0608986 -0.001697391 23000760 -0.05871036 0.0390765 0.243773
-0.1196823 0.05607257 -0.001804069 23200937 -0.06051112 0.0351636 0.2419365
-0.1210746 0.05347929 -0.001787558 23421132 -0.06151448 0.03311561 0.2410609
-0.122517 0.05077602 -0.001668036 23641334 -0.06249116 0.03097304 0.2401646
-0.1255281 0.04506675 -0.001254171 23871538 -0.06451211 0.02647 0.2383259
-0.1269447 0.04209404 -0.001126885 24121764 -0.06547334 0.02408494 0.237425
-0.1300041 0.03637476 -0.0005945116 24311940 -0.0676504 0.01962725 0.2355793
-0.1316175 0.03352123 -0.0002895147 24542143 -0.06877156 0.01741849 0.2345826
-0.1331403 0.03065058 -6.011128E-05 24762346 -0.06986591 0.01524753 0.2336314
-0.1346951 0.02772254 0.0003058612 24982739 -0.07099918 0.0130984 0.2327063
-0.137478 0.02246503 0.0008043647 25232771 -0.07300974 0.009010664 0.2309296
-0.1388119 0.01990823 0.0008924603 25433036 -0.07386502 0.007021477 0.2299756
-0.1402163 0.01751269 0.001280531 25653146 -0.07481277 0.005106992 0.2290635
-0.1427319 0.01263147 0.002047122 25873353 -0.07651955 0.001229402 0.2274372
-0.1438808 0.01012893 0.002180845 26103565 -0.07738483 -0.0006058525 0.2266642
-0.1459746 0.005158039 0.002628967 26343943 -0.0789189 -0.004302554 0.2252829
-0.1468028 0.002600987 0.002789319 26554133 -0.07941712 -0.006375839 0.224683
-0.1476455 0.0002113155 0.003146112 26774166 -0.08011913 -0.008306309 0.2241899
-0.148914 -0.004639926 0.003161907 26994356 -0.08097186 -0.01217171 0.2232378
-0.1494806 -0.00750161 0.003196508 27224564 -0.08127508 -0.01427139 0.2228051
-0.1500363 -0.009758592 0.003574684 27464785 -0.08178934 -0.01619121 0.2225259
-0.1509366 -0.01473689 0.004065171 27664961 -0.08279037 -0.0200389 0.2221183
-0.1512312 -0.01748102 0.00406231 27895173 -0.08294373 -0.0219897 0.22189
-0.1512761 -0.01972565 0.003996506 28115376 -0.08301198 -0.02402559 0.2218579
-0.15108 -0.02475615 0.003613278 28335567 -0.08283621 -0.02797373 0.221931
-0.1508493 -0.02735621 0.00342533 28575783 -0.08267189 -0.02999119 0.222077
-0.1504211 -0.03000236 0.003059983 28785973 -0.08226128 -0.03204468 0.2222914
-0.1484128 -0.03422284 0.00104174 29016359 -0.08040737 -0.03568912 0.2231692
-0.1478794 -0.03691875 0.001229003 29236384 -0.08014695 -0.03779165 0.2236842
-0.1472295 -0.03981907 0.001177832 29476596 -0.07982346 -0.03996436 0.2242248
-0.1456447 -0.04535096 0.001300454 29676785 -0.078874 -0.04445293 0.2255476
-0.1447605 -0.04835186 0.001358196 29917014 -0.0784601 -0.04667438 0.2263148
-0.143762 -0.05110761 0.001431227 30147206 -0.07787929 -0.04889533 0.2271442
-0.1416409 -0.05701801 0.001588002 30347394 -0.07658802 -0.05342181 0.2288666
-0.1404753 -0.05991466 0.001586497 30587611 -0.07590888 -0.05563012 0.2297889
-0.1393487 -0.06277789 0.001847148 30817807 -0.07522897 -0.05779563 0.2307493
-0.1367596 -0.06790578 0.002147019 31017987 -0.07379232 -0.0617614 0.2329081
-0.135434 -0.07036112 0.002237037 31248195 -0.07300059 -0.0636332 0.2339649
-0.1341086 -0.07290225 0.002389789 31468398 -0.07217728 -0.06543564 0.2350158
-0.1314916 -0.07725914 0.002403915 31708635 -0.07047438 -0.06868924 0.2369671
-0.1302272 -0.07939786 0.002366915 31918804 -0.06965427 -0.07020222 0.2378781
-0.1289756 -0.08165506 0.002436429 32139003 -0.06890891 -0.07165319 0.2388183
-0.1264942 -0.08537216 0.00242345 32379224 -0.06727938 -0.07423675 0.2405916
-0.1253295 -0.08689231 0.002638459 32609432 -0.06651202 -0.07539661 0.2415135
-0.1227159 -0.09000398 0.002766728 32819617 -0.06493931 -0.07738628 0.2434548
-0.1212312 -0.09167148 0.002647132 33039820 -0.06404182 -0.07830581 0.2444559
-0.1198331 -0.09295182 0.002702028 33260011 -0.06304818 -0.07916622 0.2454351
-0.1163878 -0.09586345 0.002358243 33480392 -0.06057699 -0.08089188 0.2475955
-0.1147573 -0.09708328 0.002346009 33700412 -0.05940071 -0.08167526 0.2486741
-0.1128921 -0.09871433 0.002062663 33950634 -0.05812851 -0.08253194 0.2497689
-0.1093034 -0.1014293 0.001847506 34150814 -0.05539234 -0.08428076 0.2519373
-0.1073469 -0.1025167 0.001741424 34401040 -0.05390546 -0.08520189 0.2531524
-0.1053989 -0.1035763 0.001779065 34601221 -0.05256373 -0.08604968 0.254454
-0.1015306 -0.1061547 0.001960203 34841438 -0.04982078 -0.08790407 0.2569768
-0.099556 -0.1076873 0.002109021 35061640 -0.04851791 -0.08886318 0.2582726
-0.09769097 -0.1092065 0.002282634 35271826 -0.04723157 -0.08986965 0.2594832
-0.09315677 -0.115808 0.003212303 35512043 -0.04514725 -0.09300513 0.2625616
-0.09133325 -0.1176101 0.003680259 35722285 -0.04393692 -0.09415258 0.2638175
-0.08953558 -0.1184937 0.00407435 35952440 -0.04270131 -0.09502751 0.2651266
-0.08527123 -0.1201404 0.004267409 36192677 -0.03974838 -0.09627175 0.2677313
-0.08331644 -0.1208661 0.004780099 36392854 -0.03847478 -0.09694269 0.2691754
-0.08207861 -0.1219314 0.006196231 36643068 -0.03764552 -0.09808339 0.2706707
-0.07720669 -0.1229787 0.006575644 36833247 -0.03431332 -0.09902056 0.2736987
-0.07508014 -0.1236504 0.007077277 37063463 -0.03289752 -0.09954163 0.275161
-0.07286081 -0.1244732 0.007602632 37283816 -0.0313297 -0.1001843 0.2766352
-0.069139 -0.1248794 0.00893496 37503998 -0.02879408 -0.1008676 0.2795027
-0.06669033 -0.1251807 0.009206921 37764079 -0.02699304 -0.1012267 0.2809465
-0.06429195 -0.1258834 0.009638205 37964426 -0.02515124 -0.1017257 0.2823387
-0.05956007 -0.1269126 0.01038846 38184471 -0.02145721 -0.1024083 0.2849475
-0.05707125 -0.1276124 0.01047641 38434680 -0.01948431 -0.1026759 0.286013
-0.05439504 -0.128135 0.0104578 38624852 -0.01734254 -0.1028348 0.2870703
-0.04928692 -0.1294897 0.01039127 38875082 -0.0130439 -0.1032683 0.2888153
-0.0472063 -0.1305863 0.01057114 39075262 -0.01122416 -0.1036564 0.2894903
-0.04453509 -0.1313785 0.01017544 39315479 -0.008749972 -0.1038028 0.2899553
-0.03783146 -0.1341025 0.00884977 39515664 -0.00323574 -0.1043022 0.2906852
-0.03453883 -0.1353626 0.008220494 39745864 -0.0003763266 -0.1044981 0.2908962
-0.03066668 -0.1367233 0.007204503 39966216 0.002633605 -0.1045785 0.290938
-0.02334946 -0.1390311 0.00560075 40186447 0.008703075 -0.1047693 0.2908938
-0.01923149 -0.1402824 0.004791051 40416485 0.01182559 -0.1048682 0.2908326
-0.01515532 -0.1415338 0.004069149 40636667 0.01506443 -0.1050449 0.2906822
-0.007190095 -0.1427315 0.002714515 40876884 0.02132023 -0.1047841 0.2902849
-0.002972111 -0.1435615 0.002211943 41087086 0.02460337 -0.1047996 0.290028
0.001145209 -0.1438932 0.001711562 41327299 0.02779094 -0.1046991 0.2897612
0.009065404 -0.1440639 0.001039937 41557693 0.03396832 -0.1042218 0.2891617
0.01317819 -0.1449619 0.001038954 41757679 0.03714478 -0.1043671 0.2888028
0.0172421 -0.1446559 0.0008129478 41997896 0.04024865 -0.1039823 0.2883813
0.02567928 -0.1452132 0.001065165 42208102 0.04641374 -0.1038462 0.2875311
0.02935339 -0.1450202 0.001141042 42458319 0.04925221 -0.1036364 0.2870444
0.03636668 -0.1446463 0.001380712 42648483 0.05466419 -0.1031078 0.2858829
0.04004863 -0.1434938 0.001451582 42908734 0.05737249 -0.1024577 0.2853019
0.04325867 -0.142757 0.00161171 43098889 0.05987437 -0.1020188 0.2847239
0.04702546 -0.1428629 0.002147496 43319096 0.06295421 -0.1022314 0.2841012
0.05410036 -0.1416202 0.003007129 43549308 0.06840012 -0.1017138 0.2827669
0.05759683 -0.1405054 0.003414318 43799716 0.07106219 -0.1011437 0.2820286
0.06385766 -0.1387664 0.004253879 44019720 0.07588163 -0.1002496 0.2805161
0.06730587 -0.1371853 0.004812896 44219901 0.07840756 -0.09951065 0.2797614
0.07043346 -0.1363826 0.005736396 44460118 0.08050562 -0.09893526 0.2791157
0.0761851 -0.1338805 0.006746024 44670308 0.08511417 -0.0976521 0.2774898
0.07883532 -0.132079 0.006984174 44890506 0.08739868 -0.09683482 0.2766438
0.08112077 -0.131289 0.007315159 45130723 0.08951897 -0.09637804 0.2757792
0.08602504 -0.1283108 0.007977009 45340913 0.09343955 -0.09474806 0.2740187
0.08798839 -0.1270395 0.008159503 45581134 0.09505252 -0.09384476 0.2731633
0.09042308 -0.1250177 0.008412465 45781314 0.09670039 -0.09260204 0.2722018
0.09399858 -0.1214504 0.008363232 46021527 0.09948905 -0.09014556 0.2704307
0.0955515 -0.1199199 0.008191347 46251739 0.100618 -0.08894355 0.2695008
0.09721143 -0.118535 0.008135736 46461928 0.101762 -0.08772662 0.2685205
0.1008412 -0.1149181 0.007892743 46712154 0.103861 -0.08478032 0.2663485
0.1025872 -0.113557 0.007649347 46902326 0.1049755 -0.08363488 0.2651595
0.1045233 -0.1119699 0.007533357 47132530 0.1062143 -0.08245056 0.263959
0.1082771 -0.1078074 0.006996393 47342723 0.1083448 -0.07934634 0.2614649
0.1098301 -0.1058626 0.006428733 47582936 0.109006 -0.07758589 0.2601441
0.1109548 -0.1042072 0.005458683 47823157 0.1092129 -0.07574143 0.2587719
0.1130704 -0.1005319 0.003442571 48033347 0.1093926 -0.07193772 0.2561206
0.1146677 -0.09742054 0.002896696 48243532 0.1097041 -0.06957031 0.2548848
0.1153454 -0.09553801 0.00158684 48603861 0.1093526 -0.0674626 0.2535866
0.1179996 -0.08673989 -0.002657637 48794215 0.1085487 -0.0600796 0.2494352
0.1187365 -0.08453442 -0.003872186 49024241 0.108207 -0.05802231 0.2481979
0.1196277 -0.0822955 -0.004907295 49244602 0.1079515 -0.05597072 0.2469733
0.1203829 -0.08018211 -0.006019711 49474643 0.1075696 -0.0539219 0.2457687
0.1221038 -0.07618739 -0.008139685 49724869 0.106793 -0.04977995 0.2432391
0.1233523 -0.07378513 -0.008836359 49925050 0.1066711 -0.04769642 0.2419996
0.1242322 -0.07117439 -0.009860203 50145248 0.1066133 -0.0456486 0.2408268
0.1256668 -0.06543653 -0.0118978 50365451 0.1058955 -0.04112335 0.2387033
0.1264064 -0.06272328 -0.01294655 50595655 0.1054426 -0.03873949 0.2375659
0.1276415 -0.05998227 -0.01367454 50835872 0.1051989 -0.03642109 0.236312
0.1297937 -0.05455297 -0.01517959 51036060 0.1046839 -0.03173914 0.2339634
0.1310582 -0.05313453 -0.01528235 51276281 0.1046694 -0.02996126 0.2329874
0.1319774 -0.05038337 -0.01604651 51486467 0.1045048 -0.02772697 0.2319247
0.1345895 -0.04436044 -0.01662943 51736684 0.1046909 -0.02323336 0.2298958
0.1360309 -0.04166653 -0.01655002 51936865 0.1049342 -0.02107092 0.2289775
0.1383893 -0.03580849 -0.01699147 52157064 0.105092 -0.01649625 0.2271403
0.1396495 -0.03287866 -0.01702529 52397293 0.105187 -0.01415638 0.2262592
0.1408611 -0.02962339 -0.01701681 52607474 0.1053208 -0.01171935 0.2254502
0.1416273 -0.02292687 -0.01904018 52827673 0.1052209 -0.006805925 0.2238352
0.1428474 -0.01941915 -0.01877049 53058027 0.1055666 -0.004353452 0.2231896
0.1440194 -0.01578113 -0.01831633 53278084 0.1059463 -0.001842744 0.2226771
0.1464419 -0.008169068 -0.01707964 53518292 0.1069667 0.003336468 0.2217524
0.1479686 -0.00464395 -0.01574911 53738495 0.1078091 0.005864137 0.2214118
0.1490106 -0.0009391116 -0.0147492 53958702 0.1084677 0.008432602 0.2212338
0.151201 0.006203899 -0.01242456 54168891 0.109829 0.0136234 0.220887
0.1519352 0.009551441 -0.0114408 54399091 0.1104681 0.01614869 0.2208692
0.1524881 0.01315382 -0.01041567 54639304 0.1110154 0.01867711 0.2210117
0.1532672 0.0201471 -0.008187413 54949584 0.1119748 0.02377407 0.2215957
0.1533584 0.02427099 -0.004146099 55179800 0.1127286 0.02861361 0.2234919
0.1528116 0.02794664 -0.003217399 55420008 0.1125963 0.03141486 0.2244179
0.1520986 0.03094661 -0.001981825 55620436 0.1124016 0.03403712 0.2256137
0.1499697 0.03711172 0.0009559989 55850409 0.1115722 0.03971716 0.2288059
0.1484779 0.03934681 0.002959087 56070604 0.1111983 0.04222901 0.2310479
