0.1423951 0.0076226 0.004029796 0 0.1296539 -0.02195695 0.2346541
0.1423951 0.0076226 0.004029796 110099 0.1296539 -0.02195695 0.2346541
0.1425857 0.007105389 0.00396283 240200 0.1297764 -0.0225592 0.2344416
0.1426772 0.006908752 0.003954634 330282 0.1299079 -0.02295855 0.2343173
0.1426772 0.006908752 0.003954634 440381 0.1299079 -0.02295855 0.2343173
0.1426476 0.006846011 0.003785044 570507 0.1299238 -0.02329639 0.2341773
0.142635 0.00681304 0.003613427 660584 0.1298282 -0.02357129 0.234032
0.142635 0.00681304 0.003613427 780692 0.1298282 -0.02357129 0.234032
0.1424088 0.007034618 0.003202543 890787 0.1295727 -0.02374271 0.2338794
0.1419805 0.00773368 0.002855673 1000887 0.1293493 -0.02383164 0.2338316
0.1419805 0.00773368 0.002855673 1110986 0.1293493 -0.02383164 0.2338316
0.1412372 0.009079152 0.002698347 1221086 0.1291209 -0.02382711 0.2340092
0.1402791 0.01090692 0.002717078 1331189 0.1287013 -0.02342013 0.2344316
0.1402791 0.01090692 0.002717078 1451297 0.1287013 -0.02342013 0.2344316
0.1391583 0.01291429 0.002661839 1561401 0.1280799 -0.02257613 0.234987
0.1380557 0.01520551 0.002768084 1681513 0.1273095 -0.02134565 0.2356445
0.1380557 0.01520551 0.002768084 1781595 0.1273095 -0.02134565 0.2356445
0.1369995 0.01750822 0.003013223 1891695 0.1265874 -0.01989821 0.2363933
0.1358875 0.01998023 0.003399402 2031817 0.1258979 -0.01837579 0.2372328
0.1358875 0.01998023 0.003399402 2121898 0.1258979 -0.01837579 0.2372328
0.1347256 0.02292866 0.004128948 2232006 0.1252872 -0.01678137 0.2381854
0.1332263 0.02595689 0.00477232 2342113 0.1246148 -0.01530961 0.2392561
0.1332263 0.02595689 0.00477232 2462210 0.1246148 -0.01530961 0.2392561
0.131751 0.02951924 0.005543962 2572313 0.1241379 -0.01353804 0.2402663
0.1302627 0.03286222 0.006338775 2682412 0.1235335 -0.01154796 0.2414107
0.1302627 0.03286222 0.006338775 2792504 0.1235335 -0.01154796 0.2414107
0.1288856 0.03627077 0.007182345 2902623 0.1229076 -0.009340798 0.2425195
0.1276095 0.03946903 0.008165568 3012719 0.1223952 -0.006928598 0.243756
0.1276095 0.03946903 0.008165568 3143180 0.1223952 -0.006928598 0.243756
0.1261381 0.04293304 0.008723393 3242918 0.121616 -0.004207646 0.2448794
0.1249146 0.04629167 0.009582907 3353159 0.1208962 -0.001387869 0.2460501
0.1249146 0.04629167 0.009582907 3473138 0.1208962 -0.001387869 0.2460501
0.1235849 0.04964577 0.01017527 3573220 0.1200265 0.00146171 0.2471397
0.1219812 0.05323532 0.01080105 3683320 0.1192038 0.004289593 0.248326
0.1219812 0.05323532 0.01080105 3793415 0.1192038 0.004289593 0.248326
0.1201366 0.05687062 0.01131347 3923541 0.1182792 0.007129635 0.2495848
0.118483 0.06032929 0.01201555 4023627 0.1172421 0.0101566 0.2509372
0.118483 0.06032929 0.01201555 4133714 0.1172421 0.0101566 0.2509372
0.1168151 0.06356116 0.01272318 4263840 0.1161189 0.01322624 0.2524009
0.1150945 0.06675466 0.01365376 4353913 0.1151652 0.01614186 0.2539548
0.1150945 0.06675466 0.01365376 4474029 0.1151652 0.01614186 0.2539548
0.1136176 0.06969525 0.0150976 4584120 0.1144826 0.01885721 0.2556157
0.1118014 0.07283244 0.01642282 4694232 0.1137502 0.02146491 0.2572823
0.1118014 0.07283244 0.01642282 4814340 0.1137502 0.02146491 0.2572823
0.109819 0.07580688 0.01768087 4924428 0.1128473 0.02405318 0.2590683
0.1079938 0.07867163 0.0193105 5034535 0.1119512 0.02674827 0.2610045
0.1079938 0.07867163 0.0193105 5144626 0.1119512 0.02674827 0.2610045
0.1059178 0.0812742 0.02049339 5254742 0.1108895 0.02926394 0.2629091
0.1037878 0.08406653 0.0217611 5364841 0.1098398 0.03174206 0.2647324
0.1037878 0.08406653 0.0217611 5484941 0.1098398 0.03174206 0.2647324
0.1016134 0.08674589 0.02294071 5595041 0.1087913 0.03416296 0.2665336
0.09960689 0.0893188 0.02415091 5725150 0.1076338 0.03657648 0.2682485
0.09696502 0.092034 0.02485381 5815231 0.1061959 0.03882357 0.2699283
0.09696502 0.092034 0.02485381 5925331 0.1061959 0.03882357 0.2699283
0.094653 0.09457354 0.02608831 6065457 0.1048853 0.04107329 0.2716966
0.09189886 0.09703828 0.02693281 6145529 0.1032675 0.04323455 0.2735133
0.09189886 0.09703828 0.02693281 6255633 0.1032675 0.04323455 0.2735133
0.0894159 0.09926808 0.02795139 6375745 0.1016998 0.04533931 0.2753021
0.0894159 0.09926808 0.02795139 6485845 0.1016998 0.04533931 0.2753021
0.08670526 0.1014297 0.02878664 6595936 0.09991217 0.04734727 0.2770851
0.0840983 0.1033886 0.0294565 6706039 0.09804583 0.04919168 0.278717
0.0840983 0.1033886 0.0294565 6816147 0.09804583 0.04919168 0.278717
0.08117621 0.1053227 0.02986459 6936247 0.09596315 0.05086419 0.2802722
0.07806677 0.1072327 0.03033131 7046351 0.09376624 0.05248209 0.2818725
0.07806677 0.1072327 0.03033131 7166459 0.09376624 0.05248209 0.2818725
0.07524335 0.10884 0.03097938 7276550 0.09170015 0.05397221 0.2834687
0.07217444 0.110483 0.03154671 7376640 0.08954604 0.05540213 0.2850197
0.0690197 0.1121031 0.03194082 7496749 0.0873145 0.05672451 0.2864009
0.0690197 0.1121031 0.03194082 7626866 0.0873145 0.05672451 0.2864009
0.06614149 0.1135254 0.03236701 7716948 0.08511265 0.05795869 0.2876855
0.06314112 0.115048 0.03257902 7837056 0.08277004 0.05932507 0.2888691
0.06314112 0.115048 0.03257902 7947159 0.08277004 0.05932507 0.2888691
0.06049136 0.116437 0.03259656 8047246 0.08042447 0.06062194 0.2898211
0.05773374 0.117894 0.03233919 8167358 0.07793093 0.06184181 0.2905359
0.05773374 0.117894 0.03233919 8277457 0.07793093 0.06184181 0.2905359
0.05464363 0.1193481 0.03180654 8387553 0.07536323 0.06287833 0.2910568
0.05175845 0.1207072 0.03136165 8507661 0.07284202 0.06378481 0.2914588
0.05175845 0.1207072 0.03136165 8617765 0.07284202 0.06378481 0.2914588
0.04870953 0.122122 0.03072304 8727860 0.07019003 0.06473943 0.2917489
0.04585196 0.123374 0.02996399 8837963 0.06753116 0.06556532 0.2919157
0.04585196 0.123374 0.02996399 8948063 0.06753116 0.06556532 0.2919157
0.04282881 0.124633 0.02920382 9078188 0.06487992 0.06636783 0.2920239
0.03961164 0.1257906 0.02832763 9168257 0.06226016 0.06695864 0.2919668
0.03961164 0.1257906 0.02832763 9278369 0.06226016 0.06695864 0.2919668
0.03674981 0.1266657 0.02758038 9398465 0.05975415 0.06739566 0.2919467
0.03337771 0.1275886 0.02678332 9518727 0.05701273 0.06772169 0.2917944
0.03337771 0.1275886 0.02678332 9618688 0.05701273 0.06772169 0.2917944
0.03049412 0.1282394 0.02615827 9728767 0.05440765 0.06794187 0.291727
0.0284458 0.1287019 0.02564582 9848876 0.05226127 0.06800099 0.29159
0.0284458 0.1287019 0.02564582 9958971 0.05226127 0.06800099 0.29159
0.02528691 0.1292286 0.02499108 10069070 0.04970331 0.06803247 0.2913549
0.02242954 0.1295614 0.02439992 10179174 0.04723581 0.06794497 0.2911341
0.02242954 0.1295614 0.02439992 10289269 0.04723581 0.06794497 0.2911341
0.01985604 0.129822 0.02394247 10399368 0.04504531 0.06778833 0.2908793
0.01707245 0.1299435 0.0234012 10519477 0.04260745 0.0676243 0.2906737
0.01707245 0.1299435 0.0234012 10629576 0.04260745 0.0676243 0.2906737
0.01387912 0.130153 0.02278686 10739675 0.04010387 0.06740507 0.2902221
0.01120828 0.1302951 0.02221902 10849779 0.03787215 0.06716534 0.2897734
0.01120828 0.1302951 0.02221902 10959882 0.03787215 0.06716534 0.2897734
0.008436964 0.130212 0.02150209 11079982 0.03533528 0.06688616 0.2894132
0.006267352 0.130165 0.0206856 11190082 0.03308623 0.06658861 0.288975
0.006267352 0.130165 0.0206856 11300185 0.03308623 0.06658861 0.288975
0.003240828 0.1300781 0.02007455 11410289 0.03062297 0.06623194 0.2884251
0.0005227635 0.1299182 0.01971123 11520384 0.02853742 0.06573817 0.2878569
0.0005227635 0.1299182 0.01971123 11640492 0.02853742 0.06573817 0.2878569
-0.00262598 0.1294617 0.01923758 11770606 0.02618572 0.06522509 0.2873434
-0.005204312 0.1291979 0.01905183 11860687 0.02412902 0.06475112 0.2868518
-0.005204312 0.1291979 0.01905183 11970786 0.02412902 0.06475112 0.2868518
-0.008203273 0.1287209 0.01883341 12080886 0.02195552 0.06416222 0.286261
-0.01094664 0.1280349 0.01836213 12200998 0.01957988 0.06354329 0.2857978
-0.01094664 0.1280349 0.01836213 12311093 0.01957988 0.06354329 0.2857978
-0.01337909 0.1275927 0.01808983 12421201 0.01742167 0.06303903 0.2853132
-0.01536683 0.1273786 0.01810664 12541309 0.01549742 0.06256053 0.284863
-0.01536683 0.1273786 0.01810664 12641396 0.01549742 0.06256053 0.284863
-0.01823694 0.1267351 0.01793358 12751499 0.01317873 0.06182047 0.2841799
-0.02078394 0.1262491 0.01771361 12881629 0.01091919 0.061223 0.2835326
-0.02356113 0.1256464 0.0174609 12981699 0.008532623 0.06055161 0.28279
-0.02356113 0.1256464 0.0174609 13091806 0.008532623 0.06055161 0.28279
-0.02594745 0.1252033 0.01712094 13201905 0.006299514 0.05995008 0.2820453
-0.02594745 0.1252033 0.01712094 13322006 0.006299514 0.05995008 0.2820453
-0.02878637 0.1246529 0.01701239 13432109 0.003882558 0.05944606 0.2813097
-0.03173278 0.124003 0.01692025 13532204 0.00138657 0.05889138 0.2805285
-0.03173278 0.124003 0.01692025 13672322 0.00138657 0.05889138 0.2805285
-0.03434893 0.1234223 0.01680009 13772412 -0.0009239853 0.05826422 0.2797109
-0.03690457 0.1230119 0.01674487 13872503 -0.003229121 0.05780264 0.2788897
-0.03979979 0.1222995 0.0165365 13982602 -0.005620884 0.0572184 0.2779333
-0.03979979 0.1222995 0.0165365 14112727 -0.005620884 0.0572184 0.2779333
-0.04240885 0.1216727 0.01628508 14212818 -0.007937661 0.05660292 0.2769858
-0.0447722 0.1212023 0.01600611 14322917 -0.01010478 0.05606576 0.2760394
-0.0447722 0.1212023 0.01600611 14453030 -0.01010478 0.05606576 0.2760394
-0.04735646 0.1205221 0.01576267 14553125 -0.01233635 0.05544921 0.2750455
-0.04735646 0.1205221 0.01576267 14663216 -0.01233635 0.05544921 0.2750455
-0.04993225 0.1196392 0.0153735 14793346 -0.01447906 0.05466887 0.2739827
-0.05220604 0.1190527 0.0151806 14883423 -0.01644227 0.05391284 0.2728952
-0.05220604 0.1190527 0.0151806 14993522 -0.01644227 0.05391284 0.2728952
-0.054796 0.1181378 0.01500055 15103614 -0.01848174 0.05304476 0.2717419
-0.05734801 0.1171315 0.01464777 15213733 -0.02055807 0.05215546 0.2705946
-0.0597714 0.1162507 0.01413664 15333821 -0.02261537 0.05124256 0.2693526
-0.0597714 0.1162507 0.01413664 15443929 -0.02261537 0.05124256 0.2693526
-0.06243045 0.115145 0.01367281 15574038 -0.0246987 0.0502927 0.2680564
-0.06475423 0.1141973 0.01299162 15674141 -0.02655635 0.04928299 0.2666994
-0.06475423 0.1141973 0.01299162 15774223 -0.02655635 0.04928299 0.2666994
-0.06745557 0.1129309 0.01259096 15904344 -0.02844672 0.04808136 0.2651997
-0.06977066 0.1117444 0.0118987 16004435 -0.03020061 0.0466927 0.26368
-0.06977066 0.1117444 0.0118987 16114534 -0.03020061 0.0466927 0.26368
-0.07260146 0.1102174 0.01165439 16224633 -0.03211369 0.04534861 0.2621449
-0.07487517 0.1090081 0.0107923 16344742 -0.0339037 0.04400536 0.2606257
-0.07487517 0.1090081 0.0107923 16444832 -0.0339037 0.04400536 0.2606257
-0.07760517 0.1072598 0.0102102 16554931 -0.0357357 0.04255935 0.2590778
-0.08015896 0.1057162 0.009478956 16695050 -0.03745488 0.04110834 0.2574309
-0.08015896 0.1057162 0.009478956 16785131 -0.03745488 0.04110834 0.2574309
-0.08258278 0.1041561 0.008935139 16895230 -0.03904677 0.03954336 0.255814
-0.08536966 0.1021614 0.008636072 17015355 -0.04079878 0.0379512 0.2542315
-0.08536966 0.1021614 0.008636072 17125438 -0.04079878 0.0379512 0.2542315
-0.08772697 0.1003778 0.008099496 17225537 -0.04243409 0.03642162 0.2528052
-0.09004542 0.09836152 0.007512271 17345645 -0.04396642 0.03476306 0.2514074
-0.09004542 0.09836152 0.007512271 17485775 -0.04396642 0.03476306 0.2514074
-0.09252016 0.09614102 0.007112592 17585862 -0.04545484 0.03298947 0.2499266
-0.09494733 0.09400398 0.006917134 17695961 -0.04676276 0.03123209 0.2483996
-0.09494733 0.09400398 0.006917134 17846332 -0.04676276 0.03123209 0.2483996
-0.09745178 0.09167524 0.006501123 18056286 -0.04820101 0.02944204 0.2468664
-0.1022534 0.08700787 0.005314916 18276477 -0.05114218 0.02584788 0.2438582
-0.1048357 0.08434957 0.004894763 18506871 -0.05279626 0.02403709 0.2424276
-0.1071483 0.08173337 0.004261732 18716882 -0.05417231 0.02208826 0.240972
-0.1092641 0.07930369 0.003649831 18967104 -0.05536538 0.02009364 0.2394967
-0.1134585 0.0739471 0.00279884 19167289 -0.05770445 0.01587912 0.2367455
-0.1153662 0.07125875 0.002325401 19417515 -0.05878638 0.01374861 0.2354787
-0.1189311 0.06569938 0.001409158 19617695 -0.06061488 0.009384836 0.2330634
-0.1205766 0.06285403 0.00110589 19847895 -0.06149035 0.007144893 0.2319976
-0.1222268 0.05992305 0.0008796901 20068102 -0.06241237 0.00489303 0.2309859
-0.1251991 0.05418382 0.0002220869 20298480 -0.06406297 0.0004516495 0.2290994
-0.1267166 0.05122665 0.0001626313 20528521 -0.06479888 -0.001797711 0.2281669
-0.1280128 0.04826557 -0.0001390427 20728690 -0.0655056 -0.004054343 0.2273714
-0.1305581 0.04224574 -0.0008552223 20978920 -0.06686725 -0.008654629 0.2257518
-0.131839 0.03911147 -0.001063198 21199114 -0.06753629 -0.01103548 0.2249709
-0.1332942 0.03590989 -0.0007692426 21409304 -0.0683262 -0.01346973 0.2241898
-0.135708 0.02947064 -0.0003385544 21659538 -0.07049046 -0.01803354 0.2234159
-0.1369836 0.02607361 -3.141165E-05 21849701 -0.07160518 -0.02027312 0.2230612
-0.1381755 0.02262936 0.0002199709 22069900 -0.07249589 -0.02263776 0.2226485
-0.1404031 0.01602741 0.001661316 22320134 -0.07418849 -0.02753237 0.2220146
-0.14141 0.01266239 0.002527714 22530316 -0.0753417 -0.02987937 0.2220105
-0.1420618 0.009748287 0.003221646 22750514 -0.07648408 -0.0319579 0.2222555
-0.143256 0.003270613 0.004622728 22990731 -0.07816202 -0.03643445 0.2227268
-0.143705 0.0003530199 0.005432233 23190924 -0.07879346 -0.03862957 0.222974
-0.1440209 -0.002528317 0.006019294 23421128 -0.07945412 -0.04064289 0.2233523
-0.1443658 -0.009113244 0.006048575 23641529 -0.08060694 -0.0446314 0.2242407
-0.1445172 -0.01229645 0.006022424 23861517 -0.08106492 -0.04642466 0.2246438
-0.1445455 -0.01566573 0.00566484 24111747 -0.08134795 -0.04828444 0.2250167
-0.14418 -0.02192251 0.004712209 24321932 -0.08103928 -0.0521932 0.2255776
-0.1436944 -0.02491705 0.004131839 24542131 -0.08085418 -0.05421809 0.2260528
-0.1423678 -0.03086122 0.002761841 24782356 -0.08017927 -0.05791239 0.2271885
-0.1416977 -0.03403274 0.002177492 24982533 -0.07987188 -0.05972103 0.2278205
-0.1408779 -0.03718853 0.001352996 25212757 -0.07937367 -0.06144217 0.2284314
-0.138952 -0.04288248 3.08454E-05 25432943 -0.07811445 -0.0651528 0.2297446
-0.1379335 -0.04574817 -0.0004226267 25653134 -0.07724251 -0.06708375 0.2304253
-0.136703 -0.04862357 -0.001310468 25913369 -0.07624579 -0.06888822 0.2310876
-0.1345398 -0.05463761 -0.002028987 26113549 -0.07462805 -0.07250718 0.2326767
-0.1331524 -0.05761303 -0.002529129 26323739 -0.0737379 -0.07425634 0.2336466
-0.131662 -0.06000011 -0.002877533 26543950 -0.07262784 -0.07592062 0.2346317
-0.1286472 -0.06414307 -0.003040209 26774153 -0.07038429 -0.07908813 0.2367877
-0.1270925 -0.0663737 -0.00302133 27004353 -0.06949276 -0.08057825 0.2380452
-0.1254576 -0.06822073 -0.003024653 27224560 -0.06861771 -0.08188775 0.2393379
-0.1220167 -0.07184008 -0.00254342 27444929 -0.06675039 -0.08464435 0.2422515
-0.1203532 -0.07335664 -0.001901403 27674987 -0.06572944 -0.08607749 0.2438061
-0.1182147 -0.0748245 -0.001667961 27905170 -0.06469355 -0.08728055 0.245581
-0.1140268 -0.07789569 -0.0006076694 28125369 -0.06256529 -0.08982101 0.2493489
-0.1116859 -0.07930545 -8.271635E-05 28335563 -0.06129887 -0.09104494 0.2513764
-0.1094334 -0.08068493 0.0006788969 28555765 -0.06005103 -0.09232501 0.2534617
-0.1044075 -0.08354001 0.001829565 28815988 -0.05737704 -0.09479121 0.2578117
-0.1017923 -0.08482069 0.002275243 29006172 -0.05583395 -0.09592799 0.2599111
-0.09921005 -0.08625358 0.002758339 29236371 -0.05421378 -0.09710888 0.2619764
-0.09366221 -0.0889295 0.003312096 29456578 -0.0506812 -0.09962849 0.2659836
-0.0912294 -0.09035906 0.003880307 29676773 -0.04896377 -0.1009314 0.2678934
-0.08868334 -0.09192953 0.004250363 29906973 -0.04705941 -0.1020725 0.2697029
-0.08319913 -0.0952224 0.004717097 30137184 -0.04297647 -0.1045281 0.2732775
-0.08025955 -0.09693664 0.004843131 30357399 -0.04082021 -0.1058393 0.2750536
-0.07724319 -0.09880643 0.004840195 30577606 -0.03849971 -0.1072094 0.2767044
-0.07136102 -0.1026343 0.004947141 30807785 -0.03341045 -0.110091 0.2797171
-0.06821206 -0.1049199 0.004935831 31048002 -0.03087402 -0.1115914 0.2812582
-0.06155244 -0.1100298 0.004457518 31248183 -0.02582101 -0.1148101 0.2840291
-0.05824858 -0.1126442 0.004201353 31478391 -0.02305608 -0.1165078 0.2852087
-0.05489479 -0.1153513 0.00395821 31688580 -0.02025366 -0.1182576 0.286346
-0.05104011 -0.118306 0.003528714 31928797 -0.01740651 -0.1199825 0.2875201
-0.04418998 -0.122975 0.003399953 32138987 -0.01215519 -0.1231699 0.2898566
-0.04085842 -0.1253606 0.003446206 32369211 -0.009500778 -0.1248093 0.290952
-0.03725058 -0.1274145 0.003330961 32589393 -0.006691587 -0.1262463 0.291928
-0.02986045 -0.1321411 0.00308612 32829626 -0.0008772503 -0.1292346 0.2936107
-0.02631657 -0.1341298 0.003027439 33039804 0.002008364 -0.1306935 0.2943278
-0.02249113 -0.1360252 0.002949297 33270011 0.004963065 -0.1321836 0.2950327
-0.01532195 -0.1396902 0.002938449 33480400 0.01087308 -0.1350017 0.2961316
-0.01174931 -0.1414008 0.003025323 33710405 0.0139448 -0.1362448 0.2966084
-0.004383753 -0.143999 0.003201619 33960631 0.01971191 -0.1382981 0.2974412
-0.0008241044 -0.1450799 0.003284708 34160811 0.02262653 -0.1392112 0.2976908
0.002855053 -0.1458527 0.00337781 34401028 0.02574162 -0.1400184 0.2978609
0.01028711 -0.1472655 0.003507048 34601209 0.03179232 -0.1411803 0.2978821
0.01435213 -0.1477286 0.003510222 34821416 0.03489723 -0.1415265 0.297698
0.01825194 -0.148143 0.003592148 35071633 0.03810513 -0.1417975 0.2974506
0.02627271 -0.1481886 0.003598794 35271814 0.04454034 -0.1418975 0.2965023
0.02929012 -0.1476409 0.003256738 35492021 0.04743158 -0.1416233 0.2956643
0.0334019 -0.147052 0.003283888 35712215 0.05061737 -0.1412101 0.2949671
0.04118326 -0.1458068 0.003120884 35942435 0.05668731 -0.1401329 0.2931087
0.0449491 -0.1447513 0.002981693 36282726 0.0598899 -0.1394579 0.2919949
0.05248134 -0.1424811 0.002714872 36512934 0.06552589 -0.1375587 0.2895482
0.05652675 -0.1411199 0.002647668 36723132 0.06828552 -0.1363585 0.2881686
0.06362126 -0.1379833 0.002169877 36953421 0.07380239 -0.1338385 0.2851196
0.0668596 -0.1361969 0.00179708 37173530 0.07634407 -0.1323275 0.283481
0.07050398 -0.1341322 0.001617342 37393883 0.07874441 -0.1305627 0.2818103
0.07702099 -0.1302454 0.000906378 37613932 0.08297788 -0.1267935 0.278262
0.0805342 -0.1275318 0.0007700175 37844143 0.08537018 -0.1248172 0.2764751
0.08356153 -0.1253993 0.0005194247 38104374 0.08751005 -0.1229797 0.274747
0.09022995 -0.1206578 0.0002130568 38294550 0.09149665 -0.1190066 0.2710067
0.0930892 -0.118475 -0.0002094209 38514757 0.09331842 -0.1171265 0.2690749
0.09586956 -0.1162499 -0.0005903244 38774975 0.09515247 -0.1153369 0.2671809
0.1015436 -0.1115199 -0.001002312 38955138 0.09853172 -0.1116387 0.2635096
0.1045816 -0.1090214 -0.001016542 39215373 0.1002346 -0.109798 0.2616427
0.107315 -0.1067263 -0.001352549 39405565 0.1017828 -0.1079708 0.2596625
0.1121658 -0.1028074 -0.002497211 39635760 0.10426 -0.1043526 0.2556572
0.1146981 -0.1005621 -0.003064021 39875969 0.1052754 -0.1024554 0.2535609
0.1195088 -0.09643802 -0.00449121 40076158 0.1074861 -0.09904829 0.2492485
0.1216972 -0.09430784 -0.005474254 40316366 0.1086207 -0.09741227 0.2470087
0.1241518 -0.09246732 -0.006333694 40536565 0.1095924 -0.09577755 0.2446893
0.1268954 -0.09031929 -0.00697872 40756764 0.1103988 -0.09391955 0.2423174
0.1322991 -0.08660249 -0.008615389 40996980 0.111943 -0.09040347 0.2373586
0.134985 -0.0844106 -0.009361356 41207178 0.1127212 -0.08851258 0.2349142
0.1400098 -0.07955427 -0.0108669 41437378 0.1140075 -0.08483545 0.2302016
0.1424485 -0.07685393 -0.01145217 41647568 0.1145431 -0.08278171 0.2279937
0.144802 -0.07445214 -0.01206923 41867766 0.1149662 -0.08072868 0.2258429
0.1472092 -0.07115363 -0.01224731 42097974 0.1155063 -0.07841447 0.2238676
0.1510531 -0.06478023 -0.01311928 42328186 0.1165341 -0.07419971 0.220269
0.152692 -0.06140465 -0.013466 42668497 0.1169742 -0.07210103 0.2187055
0.1553669 -0.05430388 -0.01417363 42878687 0.1175648 -0.06784455 0.2159715
0.1572064 -0.04690092 -0.01518863 43098881 0.1181024 -0.06352357 0.2136423
0.1581749 -0.04319254 -0.01528402 43349107 0.1183803 -0.06128601 0.212672
0.1590226 -0.03948143 -0.01538447 43549284 0.1186132 -0.05900506 0.2117886
0.1596637 -0.03115709 -0.01565041 43769491 0.1194477 -0.05472353 0.2105732
0.159177 -0.02669542 -0.01618311 43989689 0.1198679 -0.05273703 0.2102489
0.1587223 -0.02196643 -0.01617578 44229922 0.1201099 -0.05040006 0.2101916
0.1579801 -0.01361544 -0.01581727 44440096 0.1195908 -0.04530004 0.2104135
0.1576914 -0.009521905 -0.01526672 44670299 0.1193325 -0.04241363 0.2107442
0.1569116 -0.005128465 -0.01474874 44910532 0.1189705 -0.03956357 0.2113456
0.1534912 0.004358326 -0.01343898 45110701 0.1182874 -0.03419748 0.2138097
0.1510881 0.009660364 -0.01224625 45330892 0.1177467 -0.03110567 0.2157856
0.148327 0.01461643 -0.01072565 45581142 0.1169024 -0.0278962 0.2183044
0.1419025 0.02434305 -0.006050453 45781314 0.1151806 -0.02116827 0.2249724
0.1379534 0.02911226 -0.003090009 46011506 0.1145344 -0.01809565 0.2291019
0.1338643 0.03337693 0.0003439337 46231708 0.1139512 -0.01511482 0.2337068
0.1255751 0.04046385 0.008742616 46481930 0.1128328 -0.009504233 0.2442026
