0.1422116 0.008380647 0.004369184 0 0.1206493 -0.01861671 0.2354547
0.1427913 0.00744884 0.004241213 110095 0.120752 -0.01924244 0.2349612
0.1427913 0.00744884 0.004241213 220194 0.120752 -0.01924244 0.2349612
0.1435488 0.006340526 0.004354328 330298 0.1210504 -0.01985649 0.2344932
0.1445467 0.004947389 0.004850566 450402 0.1215791 -0.02056459 0.2340713
0.1445467 0.004947389 0.004850566 550496 0.1215791 -0.02056459 0.2340713
0.1454045 0.00392458 0.005449623 660592 0.1221305 -0.02136043 0.2337305
0.1461545 0.003286541 0.006117672 780704 0.1228489 -0.02218202 0.2334441
0.1461545 0.003286541 0.006117672 890803 0.1228489 -0.02218202 0.2334441
0.1465372 0.00280587 0.00647907 1000911 0.1235103 -0.02289084 0.2332982
0.1467339 0.002865005 0.006697729 1110998 0.1239342 -0.02338759 0.2331596
0.1467339 0.002865005 0.006697729 1221102 0.1239342 -0.02338759 0.2331596
0.1468499 0.003002618 0.00691475 1351219 0.1240935 -0.02355889 0.2331217
0.1469168 0.003156441 0.007018074 1451305 0.1241487 -0.02344111 0.2331124
0.1469168 0.003156441 0.007018074 1561409 0.1241487 -0.02344111 0.2331124
0.146852 0.00375809 0.007185355 1691530 0.124199 -0.02319983 0.2331866
0.146583 0.004907166 0.007655352 1781607 0.1243051 -0.02304975 0.2334714
0.146583 0.004907166 0.007655352 1891703 0.1243051 -0.02304975 0.2334714
0.1457254 0.006817828 0.00796847 2011815 0.1242985 -0.02276901 0.234037
0.1445687 0.009037369 0.008469895 2121914 0.1242172 -0.02223948 0.2349214
0.1445687 0.009037369 0.008469895 2232010 0.1242172 -0.02223948 0.2349214
0.1432782 0.0113826 0.009094194 2342109 0.1240205 -0.02143959 0.2359896
0.1420027 0.01392449 0.009859666 2452209 0.1236686 -0.02032248 0.2371158
0.1420027 0.01392449 0.009859666 2562308 0.1236686 -0.02032248 0.2371158
0.1404272 0.01672222 0.01040442 2682420 0.1231135 -0.01889423 0.2383617
0.1389453 0.01935144 0.01162903 2802525 0.1226009 -0.01758198 0.2398898
0.1389453 0.01935144 0.01162903 2912628 0.1226009 -0.01758198 0.2398898
0.137748 0.02247274 0.01400621 3022723 0.1226058 -0.0164533 0.2415776
0.1353783 0.02620049 0.01482873 3142840 0.1220246 -0.01516131 0.2432198
0.1353783 0.02620049 0.01482873 3242926 0.1220246 -0.01516131 0.2432198
0.1333038 0.02958708 0.01582688 3353021 0.1215436 -0.01359705 0.2448398
0.1314054 0.03278589 0.0167439 3463141 0.1209575 -0.01181749 0.2463501
0.1314054 0.03278589 0.0167439 3583253 0.1209575 -0.01181749 0.2463501
0.1296538 0.03593828 0.0176608 3683324 0.1202696 -0.009781873 0.2477975
0.1277748 0.03913927 0.01841176 3803428 0.1194504 -0.007699763 0.2492204
0.1277748 0.03913927 0.01841176 3913531 0.1194504 -0.007699763 0.2492204
0.125642 0.0427832 0.0188349 4023627 0.1186229 -0.005535399 0.2504801
0.1236576 0.04619951 0.0195453 4133726 0.1178399 -0.003426109 0.2517947
0.1236576 0.04619951 0.0195453 4263843 0.1178399 -0.003426109 0.2517947
0.1216004 0.0497439 0.02005407 4363938 0.1170386 -0.001217638 0.2529903
0.1196925 0.05313373 0.02040488 4474045 0.1160827 0.001337255 0.2541522
0.1196925 0.05313373 0.02040488 4604159 0.1160827 0.001337255 0.2541522
0.1180922 0.05617658 0.02072009 4694232 0.1150115 0.004220451 0.2553336
0.1163726 0.05936428 0.02089129 4804331 0.1138822 0.007148589 0.2564613
0.1163726 0.05936428 0.02089129 4914430 0.1138822 0.007148589 0.2564613
0.1143587 0.0627655 0.02132824 5034559 0.1127955 0.009757484 0.2576747
0.112125 0.06622949 0.02218561 5144642 0.1118345 0.01209482 0.2590672
0.112125 0.06622949 0.02218561 5254746 0.1118345 0.01209482 0.2590672
0.1097847 0.06960049 0.02305335 5384863 0.1108785 0.01454994 0.2605968
0.1077329 0.0727133 0.02409412 5474936 0.1099526 0.01710483 0.2621354
0.1077329 0.0727133 0.02409412 5585036 0.1099526 0.01710483 0.2621354
0.1057112 0.0755889 0.02501984 5705156 0.1089265 0.01966974 0.2636966
0.1037497 0.07833204 0.02605847 5815252 0.1078863 0.02227541 0.2653323
0.1037497 0.07833204 0.02605847 5925343 0.1078863 0.02227541 0.2653323
0.1015219 0.08118725 0.02714162 6045459 0.1067722 0.02477762 0.2670136
0.09914119 0.08388911 0.02814463 6145546 0.1056865 0.02712246 0.2687312
0.09682883 0.0865004 0.02934998 6265650 0.1046409 0.02940878 0.2704633
0.09682883 0.0865004 0.02934998 6375769 0.1046409 0.02940878 0.2704633
0.09444416 0.08895693 0.03033783 6485865 0.1035145 0.03159138 0.2721359
0.09234529 0.09120617 0.03151125 6595952 0.102364 0.03383037 0.2738245
0.09234529 0.09120617 0.03151125 6706047 0.102364 0.03383037 0.2738245
0.0898408 0.09369843 0.03245498 6816155 0.1010895 0.03615495 0.2755066
0.08762845 0.09588165 0.03384452 6936263 0.09983949 0.03838464 0.2773044
0.08762845 0.09588165 0.03384452 7046358 0.09983949 0.03838464 0.2773044
0.0848592 0.09822144 0.03480287 7156462 0.09839405 0.04059574 0.2790832
0.08252294 0.100114 0.03599931 7296637 0.09715811 0.04268786 0.2809071
0.08252294 0.100114 0.03599931 7386662 0.09715811 0.04268786 0.2809071
0.07957621 0.1022147 0.03675759 7486764 0.09548949 0.04469058 0.2826252
0.07727494 0.1039627 0.03794719 7606880 0.09415906 0.04667243 0.2843507
0.07727494 0.1039627 0.03794719 7716960 0.09415906 0.04667243 0.2843507
0.07489336 0.1055444 0.03913477 7837072 0.09262751 0.04860529 0.2861836
0.07282352 0.1067355 0.04051611 7947175 0.09137596 0.05015334 0.2879402
0.07282352 0.1067355 0.04051611 8077289 0.09137596 0.05015334 0.2879402
0.07015965 0.1082771 0.04162514 8167374 0.0901447 0.0516915 0.2895156
0.06696824 0.1096343 0.04229765 8277469 0.08824763 0.05312225 0.2912201
0.06696824 0.1096343 0.04229765 8407603 0.08824763 0.05312225 0.2912201
0.06454584 0.110677 0.04309517 8507685 0.08661726 0.05445167 0.29274
0.06241781 0.1115651 0.04400997 8607780 0.0850123 0.05575654 0.2942551
0.06241781 0.1115651 0.04400997 8717863 0.0850123 0.05575654 0.2942551
0.05993189 0.1125146 0.0444153 8837971 0.08313478 0.05693897 0.2955428
0.05710376 0.1136143 0.04475033 8948071 0.08126563 0.05811306 0.2967111
0.05710376 0.1136143 0.04475033 9058178 0.08126563 0.05811306 0.2967111
0.05320571 0.1147689 0.04465367 9198296 0.07836676 0.05908319 0.2978551
0.05035412 0.1155079 0.04503542 9288378 0.07645178 0.05975815 0.2988199
0.05035412 0.1155079 0.04503542 9398485 0.07645178 0.05975815 0.2988199
0.04773243 0.1161469 0.04530987 9508593 0.07445385 0.0603747 0.2996662
0.04496445 0.1167974 0.04545215 9618680 0.07216511 0.06094524 0.3004096
0.04496445 0.1167974 0.04545215 9728775 0.07216511 0.06094524 0.3004096
0.04214388 0.1174326 0.04536265 9839024 0.06977565 0.06163236 0.3011256
0.03940624 0.1180212 0.04495524 9959007 0.06733929 0.06239649 0.3017539
0.03940624 0.1180212 0.04495524 10079091 0.06733929 0.06239649 0.3017539
0.03644902 0.1185926 0.04457942 10179190 0.06486876 0.06310829 0.3023216
0.03325717 0.1190817 0.04457477 10299294 0.06241361 0.06347868 0.3027549
0.03325717 0.1190817 0.04457477 10409397 0.06241361 0.06347868 0.3027549
0.02988605 0.1194307 0.04489626 10509496 0.05982964 0.06358621 0.3031534
0.02647655 0.1196848 0.04515558 10629588 0.05715261 0.06379506 0.3036056
0.02647655 0.1196848 0.04515558 10739687 0.05715261 0.06379506 0.3036056
0.02341094 0.1198758 0.04511514 10849795 0.05441758 0.06403204 0.3039609
0.02021552 0.1201755 0.04482453 10969895 0.05151891 0.06439802 0.3041438
0.02021552 0.1201755 0.04482453 11090004 0.05151891 0.06439802 0.3041438
0.01702286 0.1205038 0.04440922 11190102 0.04875856 0.06475767 0.304111
0.01282564 0.1209739 0.0443313 11300193 0.04649274 0.06519934 0.3036336
0.01282564 0.1209739 0.0443313 11430311 0.04649274 0.06519934 0.3036336
0.009735272 0.121134 0.04380678 11520400 0.04349371 0.06527254 0.3033507
0.006839253 0.1212726 0.0432183 11630499 0.04055344 0.06521127 0.3029161
0.006839253 0.1212726 0.0432183 11740599 0.04055344 0.06521127 0.3029161
0.00396255 0.1213986 0.04262467 11880721 0.03764213 0.06510445 0.3023824
0.001042955 0.121478 0.04190351 11970806 0.03469847 0.06508418 0.3018548
-0.001760051 0.1215566 0.04100929 12080902 0.03189875 0.06505463 0.3011961
-0.001760051 0.1215566 0.04100929 12191005 0.03189875 0.06505463 0.3011961
-0.004774332 0.1215342 0.04038054 12311105 0.02890799 0.06500277 0.3006192
-0.004774332 0.1215342 0.04038054 12411204 0.02890799 0.06500277 0.3006192
-0.007441465 0.1215567 0.03974771 12531312 0.02619775 0.06484804 0.2999097
-0.009983908 0.121492 0.03900196 12661422 0.02364911 0.06467362 0.2991923
-0.01258759 0.1213843 0.03823037 12761516 0.02112989 0.064558 0.2984679
-0.01258759 0.1213843 0.03823037 12871619 0.02112989 0.064558 0.2984679
-0.01516667 0.1213075 0.03741778 12991720 0.01867216 0.06446716 0.2976598
-0.01772001 0.1210991 0.03653486 13091814 0.01622591 0.06431671 0.2968731
-0.01772001 0.1210991 0.03653486 13201913 0.01622591 0.06431671 0.2968731
-0.02021934 0.1208811 0.035835 13312025 0.01384311 0.06413289 0.2960903
-0.02021934 0.1208811 0.035835 13432117 0.01384311 0.06413289 0.2960903
-0.02260865 0.1206975 0.03542151 13542225 0.01188256 0.06383892 0.2951495
-0.02487043 0.1204036 0.0348493 13662325 0.009794155 0.06336233 0.2942078
-0.02738528 0.1200721 0.03425521 13782433 0.007527007 0.06305262 0.2932884
-0.02738528 0.1200721 0.03425521 13872519 0.007527007 0.06305262 0.2932884
-0.02966557 0.1197818 0.03348932 13982614 0.005456074 0.06269071 0.2922794
-0.03196071 0.1194356 0.03280573 14092725 0.003333376 0.06227037 0.2912796
-0.03196071 0.1194356 0.03280573 14212838 0.003333376 0.06227037 0.2912796
-0.03422955 0.1191465 0.03207752 14322929 0.001272683 0.06194195 0.2902457
-0.03422955 0.1191465 0.03207752 14433028 0.001272683 0.06194195 0.2902457
-0.03660213 0.1185782 0.03135161 14563138 -0.000676101 0.06140896 0.2891587
-0.03848948 0.1182605 0.03064388 14663236 -0.002345904 0.0607545 0.2879846
-0.04049921 0.11772 0.02967043 14763331 -0.003870803 0.05983814 0.2865649
-0.04049921 0.11772 0.02967043 14883585 -0.003870803 0.05983814 0.2865649
-0.0427753 0.1170427 0.02875723 14993526 -0.005754446 0.05902859 0.2852755
-0.04492816 0.1164863 0.02764328 15123652 -0.007632351 0.05825969 0.2839204
-0.04492816 0.1164863 0.02764328 15243760 -0.007632351 0.05825969 0.2839204
-0.04740177 0.115865 0.02670905 15363881 -0.009504396 0.05755683 0.2824352
-0.04960496 0.1152047 0.02548431 15584059 -0.01133814 0.05666372 0.2809393
-0.05228515 0.1144126 0.02483143 15814267 -0.01323274 0.05574891 0.2793051
-0.05676419 0.1128285 0.02316323 16054484 -0.01650137 0.05359456 0.2761479
-0.05912221 0.1119123 0.02214654 16254672 -0.0182201 0.0525417 0.2745331
-0.06133826 0.1110368 0.0209478 16484872 -0.01992244 0.0514898 0.2729349
-0.06482318 0.1096646 0.01811549 16705091 -0.02237826 0.04928299 0.2696688
-0.06718444 0.1087552 0.01746923 16925290 -0.02385674 0.04807493 0.2678803
-0.06935606 0.1076702 0.01644956 17175503 -0.02513712 0.04670402 0.2660813
-0.073612 0.1058119 0.01419841 17385685 -0.02796052 0.04450949 0.2627156
-0.07565254 0.1049846 0.01294331 17615893 -0.02930718 0.04342505 0.2609766
-0.07772636 0.1039736 0.0119541 17816073 -0.03046498 0.04218169 0.2592099
-0.08001796 0.1027166 0.01130757 18046281 -0.03170281 0.0408909 0.2574804
-0.08418185 0.1006343 0.00980936 18286498 -0.03421067 0.03863069 0.2542558
-0.086574 0.09920581 0.009181947 18496866 -0.03567946 0.03756043 0.2527322
-0.08853465 0.098012 0.008028001 18716890 -0.03703268 0.03654489 0.251322
-0.09292109 0.095245 0.006482556 18947094 -0.03981169 0.03430399 0.2483305
-0.09531699 0.09348279 0.006232947 19167293 -0.04141131 0.03312632 0.2470123
-0.097788 0.09149373 0.006099626 19407526 -0.04311822 0.0318627 0.2457499
-0.1027733 0.08748478 0.005610943 19607698 -0.04653405 0.02953741 0.243172
-0.1052096 0.08533393 0.005420461 19837898 -0.04804257 0.02806016 0.2417361
-0.1096122 0.08096074 0.005239129 20058117 -0.05063691 0.024811 0.2390158
-0.1117965 0.07870004 0.005464807 20288304 -0.05211115 0.02332565 0.2378927
-0.114054 0.07626593 0.005606905 20508673 -0.05362783 0.02182742 0.236753
-0.117508 0.07234649 0.004660219 20728722 -0.05546722 0.01882693 0.2342834
-0.1193902 0.07024896 0.004562736 20948909 -0.05635571 0.01713332 0.2329042
-0.1210384 0.0682839 0.004429281 21179116 -0.05723365 0.01557156 0.2317483
-0.1245616 0.06399613 0.004260719 21429334 -0.05932058 0.01260635 0.2295729
-0.1262784 0.06184556 0.00410296 21629519 -0.06035529 0.01112672 0.2285027
-0.1280497 0.05968069 0.003951669 21859803 -0.06137608 0.009628619 0.2273558
-0.1316151 0.05505459 0.003582343 22099939 -0.06336004 0.006284202 0.224949
-0.1333675 0.05270841 0.003356993 22310129 -0.06446863 0.004617537 0.2238261
-0.1352201 0.05009717 0.00318706 22520323 -0.06565363 0.002941932 0.2227317
-0.1387174 0.04495999 0.003036588 22750530 -0.06782191 -0.0004457581 0.2206159
-0.1403521 0.04236586 0.003256828 22980750 -0.06874707 -0.002256309 0.2196035
-0.1431872 0.03721602 0.003357455 23210962 -0.0703029 -0.005787049 0.2178518
-0.1443797 0.03474983 0.003488347 23421326 -0.07114141 -0.007538353 0.2172135
-0.1454339 0.03219865 0.0036311 23641334 -0.07184532 -0.009313856 0.2166819
-0.1462195 0.02984472 0.003582105 23881547 -0.07239345 -0.01114634 0.2162522
-0.1478711 0.02477825 0.004352093 24081736 -0.07354702 -0.01492575 0.2155337
-0.1485234 0.02229361 0.004423112 24311935 -0.0740025 -0.01685051 0.2152295
-0.1490594 0.0195428 0.004327759 24532142 -0.07437769 -0.0188059 0.2150641
-0.1498062 0.01412913 0.004084796 24752345 -0.07467522 -0.02276317 0.214818
-0.1500986 0.01144618 0.00424327 25002753 -0.07468204 -0.02492419 0.2146989
-0.1504382 0.005952899 0.00408119 25202739 -0.07483528 -0.02913931 0.2147705
-0.1504291 0.003023731 0.00360857 25452985 -0.07475802 -0.031261 0.2149016
-0.15034 0.0001079037 0.003158554 25653146 -0.07453582 -0.0333896 0.2150427
-0.1501217 -0.002631513 0.002727136 25893367 -0.07416747 -0.03565553 0.215171
-0.1495906 -0.008653467 0.002212062 26103552 -0.07367768 -0.04014305 0.2158387
-0.1491962 -0.01152479 0.001948833 26323751 -0.07340473 -0.04230384 0.2162708
-0.1482233 -0.01770991 0.001212671 26543950 -0.07266141 -0.04654626 0.2172886
-0.1476469 -0.0207832 0.001008034 26774157 -0.07211962 -0.04884962 0.2177981
-0.1468178 -0.02355436 0.0006225109 27024383 -0.07142586 -0.05102555 0.2184187
-0.144702 -0.02948877 -0.0003074855 27214555 -0.07006694 -0.05523351 0.2201834
-0.1433375 -0.03177702 -0.0004560351 27434753 -0.06926364 -0.0570238 0.2213334
-0.141909 -0.03435227 -0.0005730689 27664961 -0.068168 -0.05901757 0.2224455
-0.1384736 -0.03851793 -0.0009352863 27895173 -0.06577069 -0.06251291 0.2250228
-0.1366307 -0.04086909 -0.001285642 28115384 -0.06451089 -0.06431106 0.2263771
-0.1347125 -0.04304689 -0.001541048 28335575 -0.06332602 -0.06593672 0.2278557
-0.1313787 -0.04766082 -0.001445219 28565774 -0.06073293 -0.06924573 0.2304357
-0.1296869 -0.0498456 -0.001279131 28795982 -0.05932743 -0.07094983 0.2317124
-0.1279014 -0.05211012 -0.001103729 29006366 -0.05809019 -0.07279829 0.2331436
-0.1240135 -0.05714933 -0.0009790659 29256397 -0.05602748 -0.07652108 0.2364579
-0.1220106 -0.05959566 -0.0008662045 29446573 -0.05485993 -0.07847396 0.2380991
-0.1199672 -0.06206314 -0.000703752 29676777 -0.05345608 -0.08059493 0.2396754
-0.1161792 -0.06726953 -3.480911E-05 29896996 -0.0511422 -0.08487586 0.2429213
-0.1141955 -0.07011165 8.441508E-05 30127187 -0.05012659 -0.08696155 0.2446125
-0.1123548 -0.0729031 0.0004848838 30347386 -0.04907545 -0.08917073 0.2462631
-0.1089287 -0.07778101 0.001766115 30567589 -0.04698074 -0.09349648 0.2495015
-0.1072006 -0.0801625 0.002580911 30797788 -0.04610788 -0.09560887 0.2513095
-0.1054461 -0.08235423 0.003329828 31038009 -0.04537753 -0.09751109 0.2531725
-0.1020379 -0.08705722 0.004649684 31258204 -0.04379126 -0.1012692 0.256688
-0.1001646 -0.08924697 0.005071744 31468398 -0.04268797 -0.1031613 0.2583229
-0.09825768 -0.09102418 0.005716547 31708610 -0.04150556 -0.1049481 0.2600621
-0.09397177 -0.09402232 0.006791815 31918800 -0.03909665 -0.1079262 0.2638359
-0.0919324 -0.09508105 0.007537857 32159049 -0.03792367 -0.1091354 0.2657515
-0.08766071 -0.09686732 0.008727014 32359218 -0.0349388 -0.1112934 0.2692972
-0.08559416 -0.09773124 0.009315237 32589405 -0.03362717 -0.1122308 0.2710737
-0.08337388 -0.09870419 0.009613857 32809608 -0.03224631 -0.1130832 0.2727679
-0.08129996 -0.09956811 0.01007871 33029803 -0.03081394 -0.1138981 0.274406
-0.07714228 -0.1011744 0.01097377 33290058 -0.02746595 -0.1155951 0.2774341
-0.0750274 -0.1020425 0.011427 33480404 -0.02591474 -0.1164265 0.2790195
-0.07302637 -0.1028744 0.01183689 33720426 -0.02439643 -0.1172516 0.2804722
-0.06851691 -0.1052389 0.01221761 33930616 -0.02100257 -0.1191826 0.2833121
-0.06624541 -0.1066783 0.01233053 34151053 -0.0193542 -0.1202925 0.2846719
-0.0620706 -0.1093306 0.01283188 34391031 -0.01579548 -0.1227141 0.2871217
-0.05972153 -0.1110826 0.01274706 34601221 -0.0139453 -0.1240588 0.2882334
-0.05716499 -0.1130579 0.01250091 34821423 -0.01190564 -0.1253906 0.2892711
-0.05226361 -0.1167713 0.01224415 35041618 -0.007975874 -0.1280094 0.2912951
-0.04953412 -0.1185508 0.01194629 35281835 -0.005669666 -0.129305 0.2921742
-0.04681026 -0.1203611 0.01159602 35512043 -0.003284033 -0.1306524 0.2929226
-0.04136984 -0.123606 0.01074359 35712219 0.001594285 -0.1330651 0.2940798
-0.03869331 -0.1252875 0.01025677 35942431 0.003923893 -0.1341154 0.2945312
-0.03547014 -0.1272993 0.009356856 36162634 0.006446638 -0.1349829 0.2948085
-0.02924922 -0.1307146 0.007695809 36382841 0.01165548 -0.1367845 0.2950441
-0.02628032 -0.1324618 0.007013857 36643071 0.01445639 -0.1377632 0.2950469
-0.02313246 -0.1342622 0.00617829 36833251 0.01720731 -0.1386393 0.2949338
-0.01651605 -0.1377538 0.004555911 37063447 0.02268824 -0.140311 0.2946472
-0.01294601 -0.1395598 0.003769666 37273794 0.02564534 -0.1411373 0.2944306
-0.009448337 -0.141217 0.002950579 37503844 0.02841495 -0.1418022 0.2941086
-0.001975766 -0.1442528 0.001203328 37744057 0.03422133 -0.1429789 0.2931317
0.001678184 -0.1455854 0.0004699826 37954247 0.03715606 -0.1434679 0.2925913
0.005128656 -0.1465961 -0.0002211332 38184584 0.03997492 -0.1437532 0.2919803
0.01296436 -0.1478338 -0.001377776 38404665 0.0457684 -0.143843 0.2908383
0.01685404 -0.1480279 -0.001839429 38624864 0.04869367 -0.1437151 0.2902112
0.02082252 -0.1481383 -0.002145648 38865069 0.05169431 -0.143572 0.2896242
0.02910812 -0.1475551 -0.002640605 39075262 0.05786129 -0.1429326 0.28822
0.03242239 -0.1471478 -0.002936468 39305470 0.06070584 -0.142461 0.287348
0.03672464 -0.1470491 -0.002994642 39515668 0.06359854 -0.1421628 0.2865976
0.04483566 -0.1464444 -0.003191963 39735862 0.06953674 -0.1415638 0.2846571
0.04876579 -0.1462341 -0.003265053 39986084 0.07239477 -0.1412947 0.2835831
0.05727943 -0.1459091 -0.003154501 40186269 0.07802907 -0.1406415 0.2812596
0.06186323 -0.1452019 -0.002938956 40436487 0.08097007 -0.1401327 0.279974
0.06555678 -0.1451616 -0.002934799 40636675 0.08379501 -0.1399923 0.2785969
0.06963705 -0.1443365 -0.002762958 40877054 0.08678224 -0.139664 0.2771634
0.07697217 -0.1425632 -0.002640188 41107100 0.09191428 -0.1385694 0.2741691
0.08059815 -0.1415101 -0.002622306 41307281 0.09423719 -0.1377607 0.2725502
0.08391213 -0.1403136 -0.002754852 41547493 0.09648766 -0.1368708 0.270846
0.09019464 -0.137011 -0.002938807 41747678 0.100823 -0.1348817 0.2674897
0.09280233 -0.1354287 -0.003321826 41988057 0.1025981 -0.1336992 0.2657548
0.09865777 -0.1316346 -0.00399518 42198097 0.1056846 -0.1304386 0.262006
0.1015725 -0.1296877 -0.004349142 42438297 0.1071682 -0.1286278 0.2600648
0.1040806 -0.127619 -0.005036041 42668501 0.1084797 -0.1267401 0.2580252
0.1096695 -0.1216793 -0.005687743 42868682 0.1115021 -0.1228147 0.2540777
0.1121412 -0.1188321 -0.006060913 43098901 0.1127958 -0.1207912 0.252212
0.1147458 -0.1156323 -0.006361738 43309087 0.1137995 -0.118285 0.2503356
0.119668 -0.1094651 -0.007051557 43539287 0.115686 -0.1132287 0.2466117
0.12226 -0.1057417 -0.00706853 43799704 0.1169833 -0.110799 0.2448156
0.1244197 -0.1021107 -0.007288381 43989701 0.1180848 -0.1084073 0.2431096
0.1278721 -0.09476346 -0.007891119 44219917 0.1200919 -0.1037401 0.2400455
0.1298268 -0.09036671 -0.007824749 44440124 0.1208976 -0.1009412 0.2386182
0.13132 -0.0867789 -0.008419976 44660298 0.1213597 -0.0981553 0.2370606
0.1345607 -0.07892965 -0.008766726 44880509 0.1226924 -0.09284786 0.2342629
0.1353749 -0.07440589 -0.009445921 45110705 0.1234125 -0.09027366 0.2328983
0.1368431 -0.06988458 -0.009477139 45350922 0.1242886 -0.08764855 0.2315644
0.1392941 -0.06211828 -0.01028977 45551102 0.1245346 -0.08149389 0.2290747
0.1403336 -0.05772198 -0.01046582 45781330 0.1245656 -0.07797745 0.2281261
0.1410981 -0.05297782 -0.01045202 46021527 0.1248053 -0.07476107 0.2273742
0.1418763 -0.04256959 -0.0104308 46231720 0.125382 -0.0682197 0.2261918
0.1426077 -0.03792883 -0.01007955 46471937 0.1254885 -0.06482498 0.2257286
0.1433662 -0.03328581 -0.009786665 46672118 0.125583 -0.06134156 0.2252078
0.1444683 -0.02385403 -0.009554729 46892317 0.1258727 -0.05437294 0.2241413
0.1454912 -0.01899765 -0.008823499 47142542 0.1263933 -0.05094294 0.2235934
0.1462268 -0.01416846 -0.008230522 47342723 0.1269442 -0.04773036 0.2230839
0.1474647 -0.004810702 -0.007050216 47592945 0.1279477 -0.0410339 0.2223009
0.14775 0.0001642108 -0.006354719 47793134 0.1283623 -0.03744081 0.2221839
0.1477005 0.005320181 -0.005430087 48023337 0.1288195 -0.03382305 0.2223898
0.1469154 0.01551788 -0.002720773 48253541 0.129589 -0.02616409 0.2239046
0.1461617 0.02063829 -0.0009934306 48463739 0.1298601 -0.02214721 0.2251597
0.145548 0.0256438 0.001769841 48703951 0.1303846 -0.01794962 0.2269284
0.1434133 0.03418941 0.008131072 48904132 0.1310921 -0.009973084 0.2318372
0.1414969 0.03821875 0.01138522 49134348 0.1312902 -0.006207024 0.2349835
0.1391884 0.04166559 0.01481238 49374553 0.1311431 -0.002736126 0.2386431
0.133222 0.04712666 0.02208757 49584742 0.130112 0.003197636 0.2475276
0.1296452 0.04890152 0.0256512 49824967 0.1291791 0.005357231 0.2525679
