0.1489931 0.0002540705 -0.009495441 0 0.1377041 -0.03542263 0.1280036
0.1488156 0.0003563578 -0.009871568 110096 0.1376246 -0.03531274 0.1276374
0.1485389 0.0006549017 -0.01017553 230208 0.1375984 -0.03508671 0.1273348
0.1485389 0.0006549017 -0.01017553 340303 0.1375984 -0.03508671 0.1273348
0.1482261 0.001243346 -0.01026985 450407 0.1374576 -0.03469974 0.1272015
0.1479879 0.002152425 -0.01009912 570515 0.137332 -0.0342228 0.1272674
0.1479879 0.002152425 -0.01009912 670618 0.137332 -0.0342228 0.1272674
0.1477539 0.003700879 -0.009619206 790718 0.1371532 -0.03349349 0.127532
0.1475879 0.005350863 -0.009079816 890812 0.1369644 -0.03244216 0.1279059
0.1475879 0.005350863 -0.009079816 1020918 0.1369644 -0.03244216 0.1279059
0.1471095 0.007533615 -0.008585836 1121012 0.1366724 -0.03100476 0.1282064
0.1467228 0.01020872 -0.008023894 1231115 0.1364015 -0.02918721 0.1285326
0.1467228 0.01020872 -0.008023894 1341207 0.1364015 -0.02918721 0.1285326
0.1458419 0.01313269 -0.007592882 1451310 0.1359885 -0.02705541 0.1287673
0.144836 0.016815 -0.007010356 1571418 0.1353978 -0.02443925 0.1290604
0.144836 0.016815 -0.007010356 1681522 0.1353978 -0.02443925 0.1290604
0.1436407 0.02063411 -0.006598288 1791613 0.1346957 -0.02153359 0.1292256
0.1420991 0.02516465 -0.006006704 1901712 0.1338358 -0.01829484 0.1294527
0.1420991 0.02516465 -0.006006704 2021841 0.1338358 -0.01829484 0.1294527
0.1399407 0.03026923 -0.005436213 2131920 0.1324576 -0.01456698 0.1296192
0.1375924 0.03564688 -0.005005177 2242024 0.1307697 -0.0103463 0.1296957
0.1375924 0.03564688 -0.005005177 2352127 0.1307697 -0.0103463 0.1296957
0.1352843 0.04096375 -0.00464957 2482244 0.1287974 -0.005882503 0.1297737
0.1325518 0.04663184 -0.00437214 2572318 0.1265852 -0.001104494 0.1297618
0.1325518 0.04663184 -0.00437214 2692426 0.1265852 -0.001104494 0.1297618
0.1292972 0.0529326 -0.003934905 2802529 0.1241134 0.003942757 0.1297789
0.1258059 0.05931292 -0.003763433 2912625 0.1215422 0.009172266 0.1295557
0.1258059 0.05931292 -0.003763433 3022724 0.1215422 0.009172266 0.1295557
0.1218848 0.06589176 -0.003593186 3132827 0.1185432 0.01453167 0.1292873
0.1175446 0.07230946 -0.003529534 3242943 0.115258 0.0199667 0.1289894
0.1175446 0.07230946 -0.003529534 3363230 0.115258 0.0199667 0.1289894
0.1127646 0.07900441 -0.003293991 3473135 0.1116033 0.02558164 0.1288079
0.1076762 0.0856646 -0.002944485 3583238 0.1077486 0.03118877 0.1287318
0.1076762 0.0856646 -0.002944485 3703500 0.1077486 0.03118877 0.1287318
0.1020226 0.09230518 -0.002426384 3803433 0.1036467 0.03665819 0.1287492
0.09602109 0.09908238 -0.00155941 3943555 0.09932469 0.04213626 0.1290257
0.08932537 0.1055765 -0.0006783196 4033636 0.09466828 0.04744774 0.1293169
0.08932537 0.1055765 -0.0006783196 4143748 0.09466828 0.04744774 0.1293169
0.08195166 0.1118956 0.0004542079 4273861 0.08950855 0.05272094 0.1298664
0.07448097 0.1179777 0.001637182 4363934 0.08402504 0.05785895 0.1304816
0.07448097 0.1179777 0.001637182 4474034 0.08402504 0.05785895 0.1304816
0.06633055 0.1236788 0.002761941 4594146 0.07818723 0.06282908 0.1310701
0.06633055 0.1236788 0.002761941 4714259 0.07818723 0.06282908 0.1310701
0.0580214 0.1293462 0.004175535 4814349 0.07216978 0.06756699 0.1318054
0.04919802 0.1343335 0.005540699 4924444 0.06587503 0.07186169 0.1325266
0.04919802 0.1343335 0.005540699 5034540 0.06587503 0.07186169 0.1325266
0.04036409 0.1389005 0.006853933 5144643 0.05937875 0.07587386 0.1332357
0.03096557 0.1430186 0.00806436 5264747 0.05242788 0.07965504 0.1338844
0.02157957 0.1463494 0.008913779 5374867 0.04523019 0.0830683 0.1343825
0.02157957 0.1463494 0.008913779 5484946 0.04523019 0.0830683 0.1343825
0.01139187 0.1493763 0.00959359 5605054 0.03771719 0.08618748 0.1345753
0.001087302 0.1516176 0.01005006 5715154 0.02999084 0.08886149 0.1346795
0.001087302 0.1516176 0.01005006 5825253 0.02999084 0.08886149 0.1346795
-0.009885132 0.1532803 0.0104497 5935361 0.02202868 0.09102586 0.1345954
-0.02067132 0.1539671 0.01072565 6045472 0.01400381 0.09246011 0.1345028
-0.02067132 0.1539671 0.01072565 6165564 0.01400381 0.09246011 0.1345028
-0.0310469 0.1540717 0.01073685 6275668 0.006022567 0.09341501 0.1342394
-0.04144816 0.1535743 0.01059368 6385759 -0.002073227 0.09379969 0.1338124
-0.04144816 0.1535743 0.01059368 6485857 -0.002073227 0.09379969 0.1338124
-0.05162823 0.1521509 0.01000884 6605958 -0.01008137 0.09360501 0.1331043
-0.06151339 0.1499068 0.009128685 6716065 -0.01784281 0.09288158 0.1322029
-0.06151339 0.1499068 0.009128685 6836174 -0.01784281 0.09288158 0.1322029
-0.07155763 0.1468472 0.008072111 6946265 -0.02546818 0.09160076 0.1310756
-0.08149429 0.1432206 0.006985186 7056372 -0.03318661 0.08966946 0.1298872
-0.08149429 0.1432206 0.006985186 7166464 -0.03318661 0.08966946 0.1298872
-0.09147654 0.1386033 0.005832578 7286572 -0.04096837 0.08714212 0.1287428
-0.1009146 0.1335676 0.004610761 7386666 -0.04848345 0.08416939 0.1275622
-0.1009146 0.1335676 0.004610761 7496770 -0.04848345 0.08416939 0.1275622
-0.1095953 0.1281792 0.003291984 7636892 -0.05553656 0.08074839 0.1263133
-0.1177975 0.1222541 0.001880739 7726969 -0.06207462 0.07688224 0.1249361
-0.1177975 0.1222541 0.001880739 7837069 -0.06207462 0.07688224 0.1249361
-0.1255817 0.1157944 0.0005111938 7947176 -0.06814065 0.07252707 0.1235345
-0.1328222 0.1090134 -0.000825932 8077285 -0.07396356 0.06778642 0.1222279
-0.1328222 0.1090134 -0.000825932 8177384 -0.07396356 0.06778642 0.1222279
-0.139316 0.1014511 -0.002447493 8287483 -0.0794569 0.0626328 0.1209068
-0.1450509 0.0936721 -0.00410632 8387565 -0.08444227 0.0571121 0.1195716
-0.1450509 0.0936721 -0.00410632 8507674 -0.08444227 0.0571121 0.1195716
-0.1498986 0.08558588 -0.005844034 8617773 -0.08874588 0.05125553 0.1182045
-0.1544462 0.07737975 -0.007385538 8737890 -0.09239165 0.04500941 0.116742
-0.1544462 0.07737975 -0.007385538 8847981 -0.09239165 0.04500941 0.116742
-0.1585911 0.06901373 -0.008610487 8958080 -0.09562038 0.03835308 0.1154897
-0.1622148 0.06060636 -0.009616289 9068184 -0.09837427 0.03158425 0.1144336
-0.1622148 0.06060636 -0.009616289 9188304 -0.09837427 0.03158425 0.1144336
-0.1652379 0.0520983 -0.010391 9288378 -0.1006085 0.02465295 0.1136092
-0.1676308 0.04338124 -0.01118755 9398478 -0.1024249 0.0176331 0.1128749
-0.1676308 0.04338124 -0.01118755 9538604 -0.1024249 0.0176331 0.1128749
-0.1695351 0.03468685 -0.01187883 9628685 -0.103842 0.0105503 0.1122505
-0.1710137 0.02607014 -0.01229818 9738793 -0.1047948 0.003279499 0.1118063
-0.1710137 0.02607014 -0.01229818 9848884 -0.1047948 0.003279499 0.1118063
-0.1720589 0.01747148 -0.01248697 9958984 -0.1054537 -0.004015026 0.1116433
-0.1725355 0.008873998 -0.01249609 10069099 -0.1058645 -0.01127281 0.1118234
-0.1725355 0.008873998 -0.01249609 10189199 -0.1058645 -0.01127281 0.1118234
-0.172771 0.0002366785 -0.01246741 10319321 -0.1058762 -0.01841946 0.1119645
-0.1727402 -0.008539495 -0.0123345 10409398 -0.1053391 -0.02541649 0.1120782
-0.1727402 -0.008539495 -0.0123345 10519489 -0.1053391 -0.02541649 0.1120782
-0.1722571 -0.01731687 -0.01204954 10659616 -0.1044174 -0.0323725 0.1123584
-0.1713815 -0.02587238 -0.01163946 10739875 -0.1033995 -0.0392338 0.1128843
-0.1713815 -0.02587238 -0.01163946 10859796 -0.1033995 -0.0392338 0.1128843
-0.1699355 -0.03436324 -0.01112983 10980095 -0.1021553 -0.04610628 0.1136667
-0.1680456 -0.04230764 -0.01039329 11090199 -0.1004002 -0.05288032 0.114581
-0.1680456 -0.04230764 -0.01039329 11190103 -0.1004002 -0.05288032 0.114581
-0.1657612 -0.05003678 -0.009581156 11310207 -0.09819154 -0.05949851 0.1155231
-0.1631565 -0.05795727 -0.008583656 11440333 -0.09559777 -0.06613236 0.1166172
-0.1601981 -0.06561004 -0.00742581 11540411 -0.09280051 -0.07254242 0.1179367
-0.1601981 -0.06561004 -0.00742581 11640505 -0.09280051 -0.07254242 0.1179367
-0.1569437 -0.07290408 -0.006161848 11750604 -0.08983366 -0.07880066 0.1194077
-0.1569437 -0.07290408 -0.006161848 11890731 -0.08983366 -0.07880066 0.1194077
-0.1528918 -0.07959691 -0.004824602 11980808 -0.08654261 -0.08481006 0.1211788
-0.1484121 -0.08596969 -0.003553095 12090907 -0.08291209 -0.09053199 0.1229189
-0.1440068 -0.09349611 -0.002234848 12221025 -0.07913039 -0.09654715 0.1246036
-0.1440068 -0.09349611 -0.002234848 12321123 -0.07913039 -0.09654715 0.1246036
-0.1387193 -0.09981004 -0.001087219 12421214 -0.07478733 -0.1019593 0.1262483
-0.1387193 -0.09981004 -0.001087219 12531313 -0.07478733 -0.1019593 0.1262483
-0.1332327 -0.1063993 8.346338E-05 12651413 -0.07019718 -0.1075557 0.127878
-0.128003 -0.1138471 0.001250663 12771522 -0.06559274 -0.1137051 0.1293569
-0.1221983 -0.1209187 0.00221151 12871620 -0.06090841 -0.1194555 0.1308492
-0.1221983 -0.1209187 0.00221151 12991720 -0.06090841 -0.1194555 0.1308492
-0.1154514 -0.1270014 0.002720495 13101828 -0.0557741 -0.1243398 0.1320951
-0.1080257 -0.1326574 0.002880879 13211927 -0.05009989 -0.1287946 0.133019
-0.1080257 -0.1326574 0.002880879 13342045 -0.05009989 -0.1287946 0.133019
-0.1003894 -0.1378204 0.003171019 13432126 -0.04417019 -0.1330227 0.1340245
-0.09269153 -0.1422577 0.003619896 13552234 -0.03806944 -0.1369912 0.1351302
-0.09269153 -0.1422577 0.003619896 13652321 -0.03806944 -0.1369912 0.1351302
-0.08464448 -0.1462357 0.004079056 13772433 -0.03196838 -0.1406862 0.1363692
-0.07665598 -0.1499026 0.004604914 13882528 -0.02576001 -0.1439581 0.137573
-0.07665598 -0.1499026 0.004604914 13992636 -0.02576001 -0.1439581 0.137573
-0.06815861 -0.1532427 0.004887094 14122753 -0.01934068 -0.1468566 0.1386118
-0.05938819 -0.1562673 0.004973619 14222848 -0.01284549 -0.1492652 0.1394764
-0.05938819 -0.1562673 0.004973619 14322930 -0.01284549 -0.1492652 0.1394764
-0.05015719 -0.159015 0.004924499 14443038 -0.006365395 -0.1511006 0.1402977
-0.04062299 -0.1610781 0.004852025 14553129 0.0001832052 -0.1524028 0.1411086
-0.04062299 -0.1610781 0.004852025 14663225 0.0001832052 -0.1524028 0.1411086
-0.03130031 -0.1629344 0.00518555 14783341 0.006977251 -0.1534615 0.1421211
-0.02225196 -0.1636339 0.005615276 14903446 0.01406234 -0.1539481 0.1430697
-0.0128922 -0.163643 0.005889918 15003544 0.02124214 -0.1538884 0.143897
-0.0128922 -0.163643 0.005889918 15113643 0.02124214 -0.1538884 0.143897
-0.003114806 -0.1637326 0.006164116 15243761 0.02823282 -0.1534845 0.1447952
0.006059579 -0.1623092 0.006527666 15333846 0.03465183 -0.1522301 0.1457654
0.006059579 -0.1623092 0.006527666 15443941 0.03465183 -0.1522301 0.1457654
0.01546468 -0.1607082 0.007071187 15564042 0.04118144 -0.1506887 0.1468728
0.01546468 -0.1607082 0.007071187 15694159 0.04118144 -0.1506887 0.1468728
0.02542291 -0.15873 0.00758631 15794258 0.04823293 -0.1488921 0.1479044
0.03420767 -0.156113 0.00839706 15894340 0.05526327 -0.1468054 0.1490252
0.04347974 -0.1528018 0.009223063 16024473 0.06235047 -0.1443581 0.1502155
0.04347974 -0.1528018 0.009223063 16114551 0.06235047 -0.1443581 0.1502155
0.05198399 -0.1490421 0.0101261 16234663 0.06884976 -0.1416276 0.1514301
0.06056273 -0.1450985 0.01081595 16344758 0.07505517 -0.1386292 0.1524294
0.06056273 -0.1450985 0.01081595 16464855 0.07505517 -0.1386292 0.1524294
0.06851488 -0.1408844 0.01156974 16574954 0.08085673 -0.135323 0.1534253
0.07594746 -0.1357942 0.01235692 16675044 0.0861224 -0.1316506 0.1544328
0.07594746 -0.1357942 0.01235692 16785152 0.0861224 -0.1316506 0.1544328
0.08289549 -0.1311408 0.0131963 16905264 0.09109246 -0.1278729 0.1554228
0.08923542 -0.12559 0.01410654 17025360 0.09590032 -0.1237595 0.1564389
0.08923542 -0.12559 0.01410654 17145477 0.09590032 -0.1237595 0.1564389
0.0950499 -0.1200132 0.01501743 17355663 0.100391 -0.1194948 0.1574163
0.1003214 -0.1145503 0.01592088 17495793 0.1046099 -0.1152339 0.1583547
0.1054345 -0.108462 0.01671535 17725993 0.1084309 -0.1107072 0.1591661
0.1098933 -0.1025422 0.01721265 17946382 0.1118704 -0.1059161 0.159659
0.1179528 -0.09104334 0.01789867 18166552 0.1170207 -0.09638076 0.1602956
0.1215677 -0.08517437 0.01817959 18406607 0.1185423 -0.09161943 0.1605017
0.1275043 -0.07278681 0.01890909 18616817 0.1208355 -0.08180794 0.1609668
0.1300829 -0.06624755 0.01930126 18837003 0.1222328 -0.07681949 0.1611915
0.1323068 -0.05973658 0.0196248 19067207 0.1236509 -0.0717304 0.1613551
0.1364774 -0.0465079 0.02021641 19287406 0.1258979 -0.06140437 0.1615403
0.138861 -0.04018174 0.02052342 19537632 0.1263428 -0.05621142 0.1615645
0.1411424 -0.03429383 0.02085856 19737808 0.1268808 -0.05111505 0.1616418
0.1442532 -0.02163262 0.02206323 19968016 0.1288972 -0.04136467 0.1623525
0.1455367 -0.01547485 0.02279777 20208237 0.1298892 -0.03658105 0.1628547
0.1472947 -0.009406294 0.02351412 20408413 0.1307292 -0.03187382 0.1632533
0.1491421 -0.003490405 0.02410058 20628612 0.1311572 -0.02710962 0.163474
0.1517371 0.007219179 0.02443412 20848819 0.1318149 -0.01777078 0.163304
0.1525064 0.01243383 0.02458379 21079023 0.1323838 -0.01344453 0.163262
0.1526203 0.02273033 0.02516991 21319235 0.1330894 -0.005687828 0.1634349
0.152474 0.02772854 0.02570632 21519432 0.1327518 -0.002132145 0.1636397
0.1523756 0.03219523 0.02643235 21749632 0.1320971 0.00127663 0.1640517
0.15121 0.03662388 0.02757058 21969831 0.131419 0.004315507 0.1649414
0.1488825 0.04491178 0.03267552 22200030 0.1297311 0.008419841 0.169086
