0.117593 0.008076998 0.001600251 0 0.02994383 0.004030296 0.231972
0.1180105 0.00822122 0.00249663 120116 0.03054758 0.003773799 0.2320999
0.1182682 0.008526894 0.003082991 230203 0.03099629 0.00364729 0.2322249
0.1182682 0.008526894 0.003082991 340303 0.03099629 0.00364729 0.2322249
0.1186021 0.008737492 0.003717363 450406 0.03146681 0.003635781 0.2322906
0.1190219 0.008908606 0.004166767 580536 0.03189625 0.003710937 0.2321803
0.1193707 0.009465378 0.004556149 680626 0.03235705 0.003904883 0.2321444
0.1193707 0.009465378 0.004556149 790912 0.03235705 0.003904883 0.2321444
0.1196681 0.01054727 0.004922807 900809 0.03278845 0.004147642 0.2321149
0.1197766 0.01216654 0.005214185 1010912 0.03312533 0.004441921 0.2321913
0.1197766 0.01216654 0.005214185 1121007 0.03312533 0.004441921 0.2321913
0.1198677 0.01413295 0.00564678 1241124 0.03346252 0.004851127 0.2322854
0.1200298 0.01597079 0.006366566 1351219 0.0338108 0.005371299 0.2323654
0.1200298 0.01597079 0.006366566 1461318 0.0338108 0.005371299 0.2323654
0.1202314 0.01776142 0.007342637 1571414 0.034175 0.006011087 0.2324598
0.1202314 0.01776142 0.007342637 1681513 0.034175 0.006011087 0.2324598
0.1203113 0.01985118 0.008223459 1791612 0.03444349 0.006714631 0.2325659
0.1201744 0.02252429 0.009008721 1911725 0.03460943 0.00757792 0.2327628
0.1197213 0.02567955 0.009671152 2021824 0.03458932 0.008572098 0.2331049
0.1197213 0.02567955 0.009671152 2131920 0.03458932 0.008572098 0.2331049
0.1190307 0.02934279 0.01052329 2242019 0.03439365 0.009771609 0.2335481
0.1181419 0.03307262 0.01133372 2362131 0.03413776 0.01113913 0.2341413
0.1181419 0.03307262 0.01133372 2472231 0.03413776 0.01113913 0.2341413
0.1171134 0.03691251 0.0121945 2582330 0.03374349 0.01264695 0.2347605
0.1157603 0.0412638 0.01304197 2692429 0.03311947 0.01439211 0.2354781
0.1157603 0.0412638 0.01304197 2802525 0.03311947 0.01439211 0.2354781
0.1139594 0.04626165 0.0139637 2912640 0.03233269 0.01617144 0.2363801
0.1115737 0.05198264 0.01480199 3032741 0.03127249 0.01810044 0.2374722
0.1115737 0.05198264 0.01480199 3152845 0.03127249 0.01810044 0.2374722
0.1088079 0.05814953 0.0160789 3252931 0.03000181 0.02011698 0.2385995
0.1060879 0.06371915 0.01616503 3363031 0.0288727 0.02236552 0.2397473
0.1060879 0.06371915 0.01616503 3503165 0.0288727 0.02236552 0.2397473
0.1036302 0.06892402 0.0173962 3583233 0.02775934 0.02479656 0.2407881
0.1012606 0.0740962 0.01749425 3703492 0.02663494 0.02738417 0.2415309
0.1012606 0.0740962 0.01749425 3813445 0.02663494 0.02738417 0.2415309
0.0986032 0.07940822 0.01722306 3923553 0.0253101 0.02993205 0.2422414
0.09533314 0.08538838 0.01692209 4033636 0.02362667 0.03234468 0.2428231
0.09533314 0.08538838 0.01692209 4143735 0.02362667 0.03234468 0.2428231
0.09118535 0.09195279 0.01532924 4253834 0.02159107 0.03460699 0.243473
0.08742142 0.09807367 0.0144697 4363938 0.01959858 0.03711489 0.2439177
0.08742142 0.09807367 0.0144697 4484050 0.01959858 0.03711489 0.2439177
0.08458631 0.1032928 0.01377892 4594142 0.01811295 0.04027397 0.2445477
0.08014132 0.1098151 0.0120706 4704241 0.01576725 0.04280926 0.2448782
0.08014132 0.1098151 0.0120706 4824349 0.01576725 0.04280926 0.2448782
0.07582638 0.1161311 0.01013325 4944466 0.01335616 0.04539081 0.2449814
0.07109429 0.1224729 0.008457735 5044548 0.01094889 0.04791834 0.2452505
0.07109429 0.1224729 0.008457735 5154647 0.01094889 0.04791834 0.2452505
0.06555792 0.1292037 0.00676626 5264925 0.008356844 0.05038998 0.2455685
0.05981696 0.1356418 0.005232245 5374862 0.005900906 0.05266538 0.2458876
0.05981696 0.1356418 0.005232245 5494954 0.005900906 0.05266538 0.2458876
0.05430576 0.141467 0.004136279 5595053 0.003445214 0.05491214 0.2461475
0.04859697 0.1469115 0.003011599 5715153 0.0007675237 0.05695833 0.246306
0.04859697 0.1469115 0.003011599 5825257 0.0007675237 0.05695833 0.246306
0.04240438 0.1523456 0.00196746 5935352 -0.001828503 0.05896296 0.2464782
0.03617808 0.1575241 0.0006162822 6055468 -0.004343952 0.06088794 0.2465273
0.03617808 0.1575241 0.0006162822 6165560 -0.004343952 0.06088794 0.2465273
0.02949234 0.1620326 -4.945695E-05 6275663 -0.007055613 0.06262762 0.2467418
0.0224181 0.1659562 -0.0006088763 6385766 -0.009800286 0.06407354 0.2469473
0.0224181 0.1659562 -0.0006088763 6495858 -0.009800286 0.06407354 0.2469473
0.01506276 0.1693769 -0.001074478 6605957 -0.01243763 0.06533475 0.2470799
0.008030172 0.1721292 -0.00142093 6726074 -0.01474876 0.06644121 0.2471365
0.008030172 0.1721292 -0.00142093 6856183 -0.01474876 0.06644121 0.2471365
0.001003866 0.1741095 -0.001298532 6946280 -0.01692037 0.06742431 0.2472541
-0.006693779 0.1753126 -0.001122817 7056368 -0.01920043 0.06812886 0.247384
-0.006693779 0.1753126 -0.001122817 7166475 -0.01920043 0.06812886 0.247384
-0.01473527 0.1755567 -0.0004212707 7276566 -0.02150227 0.06859436 0.2474683
-0.02173594 0.1753282 0.0002838671 7396679 -0.02348282 0.06904629 0.2474346
-0.02173594 0.1753282 0.0002838671 7496761 -0.02348282 0.06904629 0.2474346
-0.02895409 0.1745579 0.0006789565 7636887 -0.02571844 0.06923214 0.2471744
-0.03548942 0.1735025 0.001412213 7726969 -0.02775939 0.069735 0.2470834
-0.03548942 0.1735025 0.001412213 7847085 -0.02775939 0.069735 0.2470834
-0.04253622 0.1715496 0.002276659 7947167 -0.03011985 0.0698517 0.2468612
-0.04938865 0.1691417 0.003113955 8067276 -0.03238996 0.06981286 0.2464914
-0.04938865 0.1691417 0.003113955 8177375 -0.03238996 0.06981286 0.2464914
-0.05595663 0.1664872 0.003431484 8287479 -0.03459872 0.06963524 0.2459845
-0.06216917 0.1634221 0.003405556 8417592 -0.03687895 0.06933577 0.2455955
-0.06216917 0.1634221 0.003405556 8517682 -0.03687895 0.06933577 0.2455955
-0.06791093 0.1600826 0.003614739 8627786 -0.03881741 0.06901417 0.2451839
-0.07301081 0.1565455 0.00375402 8737897 -0.04056798 0.06836633 0.2446943
-0.07301081 0.1565455 0.00375402 8847980 -0.04056798 0.06836633 0.2446943
-0.07740097 0.1526569 0.004330039 8958080 -0.04214101 0.06748933 0.2444481
-0.08201832 0.1480094 0.005169764 9068187 -0.04361283 0.06644265 0.2442133
-0.08201832 0.1480094 0.005169764 9188296 -0.04361283 0.06644265 0.2442133
-0.08634051 0.1432694 0.005655542 9298387 -0.04501208 0.06531462 0.2439618
-0.09063974 0.1380262 0.006206259 9408486 -0.04629716 0.06392808 0.2436045
-0.09063974 0.1380262 0.006206259 9518594 -0.04629716 0.06392808 0.2436045
-0.09413143 0.1330107 0.006905198 9628689 -0.04716958 0.06218993 0.2431576
-0.09722144 0.1279157 0.007669568 9738788 -0.04802119 0.06014947 0.2427645
-0.09722144 0.1279157 0.007669568 9858901 -0.04802119 0.06014947 0.2427645
-0.1003089 0.1225863 0.008523211 9969000 -0.04873469 0.0581164 0.2423309
-0.1031756 0.1173516 0.008832827 10079091 -0.04947153 0.05603209 0.2418606
-0.1031756 0.1173516 0.008832827 10189199 -0.04947153 0.05603209 0.2418606
-0.1057073 0.1119358 0.009420335 10319308 -0.04997728 0.05379056 0.2415166
-0.1078758 0.1068156 0.009797305 10419552 -0.05040723 0.05132113 0.2410797
-0.1078758 0.1068156 0.009797305 10519691 -0.05040723 0.05132113 0.2410797
-0.109607 0.1023167 0.00969629 10639605 -0.05060909 0.04897112 0.2405803
-0.1112686 0.09756109 0.0101704 10749705 -0.05097917 0.0466354 0.2403679
-0.1112686 0.09756109 0.0101704 10859804 -0.05097917 0.0466354 0.2403679
-0.113331 0.09255693 0.01014641 10969903 -0.05138578 0.04421833 0.2396782
-0.1150768 0.0881482 0.009926856 11079995 -0.05180254 0.04189748 0.2389833
-0.1150768 0.0881482 0.009926856 11200111 -0.05180254 0.04189748 0.2389833
-0.1169911 0.08349449 0.0101092 11310210 -0.05215524 0.03965756 0.2381978
-0.1187654 0.07903973 0.01008859 11420302 -0.05267491 0.03743502 0.2374683
-0.1206157 0.07460569 0.009913549 11550423 -0.05318918 0.03524658 0.2365582
-0.1206157 0.07460569 0.009913549 11650513 -0.05318918 0.03524658 0.2365582
-0.1224297 0.07018488 0.009986088 11760613 -0.05366979 0.03328401 0.2357154
-0.1240116 0.06620007 0.01011631 11890726 -0.05402563 0.03117334 0.2348103
-0.1240116 0.06620007 0.01011631 11980808 -0.05402563 0.03117334 0.2348103
-0.125327 0.06269285 0.01007368 12090915 -0.0543968 0.02904613 0.2339836
-0.1265305 0.05934784 0.01012534 12221032 -0.05464256 0.02699318 0.2331789
-0.1265305 0.05934784 0.01012534 12321119 -0.05464256 0.02699318 0.2331789
-0.1277897 0.0557555 0.01049161 12431214 -0.05512802 0.02498453 0.2325553
-0.1291505 0.0520468 0.01048499 12541504 -0.05564523 0.02308525 0.2317958
-0.1291505 0.0520468 0.01048499 12671431 -0.05564523 0.02308525 0.2317958
-0.1305432 0.04852412 0.01055597 12761520 -0.05619085 0.02121082 0.2309429
-0.1318096 0.04515042 0.01116641 12871620 -0.05664362 0.01929822 0.2301972
-0.1318096 0.04515042 0.01116641 13011738 -0.05664362 0.01929822 0.2301972
-0.1328686 0.04216643 0.01122387 13101819 -0.05712026 0.01749891 0.229525
-0.1339035 0.03917851 0.01116955 13211931 -0.05757453 0.0157415 0.2288424
-0.1339035 0.03917851 0.01116955 13322026 -0.05757453 0.0157415 0.2288424
-0.1350614 0.03570087 0.01133314 13432121 -0.05805283 0.01407453 0.2281634
-0.1361454 0.03224988 0.01145093 13552234 -0.05844498 0.01257944 0.2275055
-0.1361454 0.03224988 0.01145093 13662333 -0.05844498 0.01257944 0.2275055
-0.1372417 0.02892716 0.01178832 13782433 -0.05889797 0.01100546 0.2268224
-0.1382042 0.0258905 0.01180668 13882536 -0.05925644 0.009413321 0.2261152
-0.1382042 0.0258905 0.01180668 13992623 -0.05925644 0.009413321 0.2261152
-0.139065 0.022757 0.01175445 14132749 -0.05958143 0.007793023 0.2254886
-0.1399182 0.01962803 0.01105571 14232840 -0.05986963 0.006216191 0.2247334
-0.1399182 0.01962803 0.01105571 14332930 -0.05986963 0.006216191 0.2247334
-0.1406495 0.01658661 0.01038542 14443029 -0.0600737 0.004652241 0.2240486
-0.1413044 0.01321573 0.009900451 14563142 -0.06015479 0.00293217 0.2234101
-0.1413044 0.01321573 0.009900451 14673249 -0.06015479 0.00293217 0.2234101
-0.1418236 0.009670633 0.009621337 14773332 -0.06032694 0.001096844 0.2229957
-0.1422493 0.006168437 0.009076416 14913454 -0.06040638 -0.0007063447 0.2225706
-0.1422493 0.006168437 0.009076416 15003535 -0.06040638 -0.0007063447 0.2225706
-0.14266 0.002325205 0.008533746 15113635 -0.06054214 -0.002748217 0.2221713
-0.1430093 -0.001573618 0.007950872 15243760 -0.06063233 -0.004751137 0.2217837
-0.1430093 -0.001573618 0.007950872 15333833 -0.06063233 -0.004751137 0.2217837
-0.1434239 -0.005603359 0.007172734 15453942 -0.06076251 -0.006820825 0.2212766
-0.1438578 -0.009717437 0.006598458 15564049 -0.06087576 -0.008971313 0.2207349
-0.1438578 -0.009717437 0.006598458 15674140 -0.06087576 -0.008971313 0.2207349
-0.1442148 -0.01391031 0.005832851 15794253 -0.06091989 -0.01125938 0.2201852
-0.1443216 -0.01781017 0.007992133 15904356 -0.06089964 -0.01358941 0.2203041
-0.1443216 -0.01781017 0.007992133 16034466 -0.06089964 -0.01358941 0.2203041
-0.1446728 -0.02218546 0.007332176 16124547 -0.0611517 -0.01596671 0.2198259
-0.1451725 -0.02613355 0.006163687 16234650 -0.061397 -0.01867495 0.2191237
-0.1451725 -0.02613355 0.006163687 16344746 -0.061397 -0.01867495 0.2191237
-0.1454763 -0.03181336 0.004570231 16454849 -0.06167424 -0.02094195 0.2184104
-0.1458259 -0.03731665 0.00278753 16685057 -0.061695 -0.02343485 0.2174506
-0.1461003 -0.04363266 8.369982E-05 16815174 -0.0619349 -0.02574718 0.2163769
-0.1461128 -0.05037382 -0.002341971 16935279 -0.0622438 -0.02801159 0.2154918
-0.1459112 -0.0567939 -0.002780944 17185504 -0.06265362 -0.02999559 0.2150376
-0.1457484 -0.06150942 -0.002177238 17385693 -0.06300965 -0.03197379 0.2148778
-0.1452359 -0.06676945 -0.002230793 17615897 -0.06342393 -0.03376145 0.2147996
-0.1443878 -0.08055443 -0.005873024 17836274 -0.06456213 -0.03688496 0.2129187
-0.1443481 -0.08608333 -0.006828338 18066307 -0.06516 -0.03848276 0.2119096
-0.1439673 -0.09021741 -0.006685928 18306516 -0.06593708 -0.03946924 0.2115508
-0.1423686 -0.09910308 -0.009480059 18506701 -0.06798468 -0.04023856 0.2108015
-0.1400642 -0.1067001 -0.01160151 18736917 -0.06928379 -0.03981978 0.210033
-0.1390689 -0.1121365 -0.01241016 18957290 -0.07018609 -0.03997618 0.2088375
-0.1392352 -0.1172552 -0.01117259 19177306 -0.07131651 -0.0409344 0.2069402
-0.1391145 -0.1194366 -0.01099905 19427528 -0.07192502 -0.04105384 0.2061328
-0.1327365 -0.1320364 -0.01331563 19627887 -0.07422081 -0.03906286 0.2039614
-0.1298038 -0.1369226 -0.01371071 19847911 -0.07510854 -0.03801348 0.2026176
-0.1291602 -0.1383851 -0.01337509 20078127 -0.07559672 -0.03754586 0.2017469
-0.1262166 -0.1416171 -0.01243855 20298313 -0.07642756 -0.03593035 0.2001791
-0.1218419 -0.1458771 -0.01221667 20538538 -0.07688928 -0.03443415 0.1986145
-0.1156452 -0.1514012 -0.01232532 20748720 -0.07687886 -0.03260125 0.1960975
-0.1105624 -0.1556099 -0.01176059 20969069 -0.07648818 -0.03143528 0.193331
-0.1089916 -0.1562619 -0.01158383 21189316 -0.07605022 -0.0308284 0.1926794
-0.1059893 -0.1571146 -0.01081617 21419333 -0.07590476 -0.02986408 0.1918166
-0.0923951 -0.1620205 -0.008430287 21669559 -0.07484911 -0.02756772 0.1872317
-0.08688747 -0.1636669 -0.007617593 21859723 -0.07407825 -0.0271029 0.1853561
-0.08353093 -0.1645988 -0.007500529 22090113 -0.07304965 -0.02687238 0.1845622
-0.07610335 -0.1660193 -0.007444039 22310137 -0.07047486 -0.02618267 0.1832976
-0.07097825 -0.1666266 -0.006553248 22530328 -0.06902153 -0.0260114 0.1818516
-0.06483395 -0.1672117 -0.005131096 22780554 -0.06768559 -0.02622688 0.1798528
-0.05367763 -0.1696629 -0.005099744 22980738 -0.06642557 -0.02701576 0.1759503
-0.04893343 -0.1707784 -0.005776256 23220951 -0.06608572 -0.02730477 0.1745065
-0.0438253 -0.1711388 -0.005947173 23431327 -0.06581265 -0.02751732 0.1729749
-0.03024855 -0.1695828 -0.004079461 23661356 -0.06470108 -0.02871209 0.1683925
-0.02368616 -0.1685825 -0.003001675 23901577 -0.06398153 -0.02981223 0.1661164
-0.01052264 -0.1666499 -0.002079278 24091737 -0.06222324 -0.03210717 0.1624722
-0.003656262 -0.165652 -0.002228945 24321953 -0.06098986 -0.03313931 0.1609522
0.001920577 -0.1644865 -0.001824021 24572324 -0.05969684 -0.03424095 0.1594947
0.01249944 -0.1624497 -0.0007087737 24772367 -0.05610646 -0.03681714 0.1565082
0.01753287 -0.1615351 -0.0005466044 25032586 -0.05427257 -0.03785472 0.1556116
0.02264891 -0.1604398 -0.0003187507 25222757 -0.05206227 -0.03872019 0.1550997
0.02772572 -0.1592471 -1.591444E-05 25453131 -0.04971044 -0.03954754 0.1547017
0.03700809 -0.1559906 0.002256066 25663155 -0.04419884 -0.04131557 0.153608
0.04129749 -0.1545023 0.003384367 25883354 -0.04150281 -0.04221444 0.1531042
0.04568119 -0.1527021 0.004441351 26113561 -0.03922237 -0.0431319 0.1525982
0.05463096 -0.1468933 0.007581159 26333760 -0.03530734 -0.04481936 0.1513444
0.05896737 -0.1442973 0.008813828 26563992 -0.03325837 -0.04552701 0.1508035
0.06314883 -0.1421558 0.009678006 26794176 -0.03100922 -0.04601 0.1504153
0.07146013 -0.1386978 0.01013799 27004365 -0.02674632 -0.0465512 0.1499908
0.07541758 -0.1360773 0.01083133 27224714 -0.0249764 -0.04673692 0.1496135
0.08346181 -0.1280603 0.01337287 27454780 -0.02272544 -0.04757869 0.1483451
0.08766406 -0.1240536 0.01376756 27704997 -0.02234568 -0.0482452 0.1476858
0.09161772 -0.1196012 0.01458959 27915187 -0.02194984 -0.04913149 0.1474679
0.09919987 -0.1099652 0.01646015 28125377 -0.02097433 -0.05119003 0.1474169
0.1029821 -0.1052668 0.01758552 28365594 -0.01968424 -0.05201761 0.1472238
0.1064933 -0.1019413 0.01811163 28575783 -0.01811326 -0.05269494 0.1470907
0.1130895 -0.09566761 0.01806521 28795986 -0.01535485 -0.0536209 0.1478105
0.1162014 -0.09254054 0.01734474 29016185 -0.01425344 -0.05369605 0.1485533
0.1192067 -0.09051629 0.01570584 29246388 -0.01321986 -0.05332628 0.149169
0.1253775 -0.08698456 0.01021466 29476608 -0.01150238 -0.05152422 0.1511908
0.1280134 -0.08470899 0.0076074 29686790 -0.01073917 -0.05001286 0.1521717
0.129781 -0.08233629 0.006028414 29907171 -0.01006117 -0.04825637 0.1528713
0.1342717 -0.07676826 0.0005818903 30137346 -0.00875241 -0.04391218 0.1548465
0.1357162 -0.07328359 -0.001052007 30357403 -0.008239704 -0.04146819 0.1556203
0.136844 -0.06928206 -0.00180079 30587599 -0.007254167 -0.0385578 0.1568172
0.1395566 -0.06287868 -0.006769195 30807802 -0.006291162 -0.03300058 0.1590467
0.1402167 -0.05932783 -0.009182677 31058023 -0.006151633 -0.02992878 0.1604255
0.1412004 -0.05366468 -0.01651007 31248195 -0.005546584 -0.02220419 0.1643434
0.1414924 -0.0510175 -0.02159466 31488412 -0.00521111 -0.01795213 0.1666799
0.1416335 -0.04674972 -0.0257763 31698601 -0.004778805 -0.01385792 0.1688086
0.1414287 -0.04033684 -0.02705432 31928813 -0.004498384 -0.009876038 0.1702276
0.1402273 -0.02851965 -0.02759345 32179035 -0.004436552 -0.002409979 0.1724631
0.1392313 -0.02352978 -0.02818701 32369215 -0.004748875 0.0009681617 0.1736332
0.138111 -0.01771529 -0.02772774 32609427 -0.005323754 0.004026788 0.1745737
0.136325 -0.006674561 -0.02348527 32829626 -0.006169118 0.009747064 0.1753704
0.1357187 -0.002444288 -0.02154721 33039812 -0.006244379 0.01252587 0.1756694
0.1348363 0.001054778 -0.02079254 33270020 -0.00630338 0.01521656 0.1766062
0.1321369 0.008555674 -0.01989232 33490218 -0.007326013 0.02016125 0.1789836
0.1302878 0.01189244 -0.01860367 33740452 -0.008013798 0.02271369 0.1804025
0.1271911 0.01849996 -0.01031327 33940629 -0.009829796 0.02700287 0.1804783
0.1257011 0.02053818 -0.006550819 34160827 -0.01036867 0.02906095 0.1807693
0.124214 0.02272942 -0.004490167 34401056 -0.01082836 0.03095436 0.18184
0.1198948 0.02720726 4.422665E-05 34611238 -0.01297464 0.0348275 0.1844512
0.1171974 0.02938127 0.003291786 34861460 -0.01436938 0.0366186 0.1859559
0.1142056 0.03180332 0.007432669 35051639 -0.01598136 0.03839652 0.1873791
0.1108418 0.03375712 0.01339711 35281835 -0.0173804 0.04047401 0.1891018
