0.1622053 -0.008175339 -0.0008865297 0 0.1245368 0.01276567 0.2166441
0.1622053 -0.008175339 -0.0008865297 110091 0.1245368 0.01276567 0.2166441
0.1626538 -0.00731126 -5.075336E-05 220191 0.1246449 0.01279764 0.2167295
0.1627195 -0.006556625 0.000197053 330286 0.1248103 0.01304128 0.2168594
0.1627195 -0.006556625 0.000197053 440385 0.1248103 0.01304128 0.2168594
0.162601 -0.005199078 0.0006543845 550485 0.1250907 0.01348045 0.2173073
0.1626262 -0.002972174 0.001737803 670597 0.1252732 0.014162 0.2179602
0.1626262 -0.002972174 0.001737803 780693 0.1252732 0.014162 0.2179602
0.1621405 -0.0003234619 0.001821876 890800 0.1249186 0.01506639 0.2186198
0.1613641 0.00342971 0.001816139 1000895 0.1242137 0.01658716 0.2195044
0.1613641 0.00342971 0.001816139 1121000 0.1242137 0.01658716 0.2195044
0.1603517 0.00763004 0.001837194 1231099 0.123174 0.01874354 0.2205364
0.1589001 0.01231226 0.001429692 1341202 0.1217457 0.02152491 0.2217002
0.1589001 0.01231226 0.001429692 1451302 0.1217457 0.02152491 0.2217002
0.1571508 0.01770396 0.001005784 1561401 0.1200473 0.02466726 0.2230786
0.1550945 0.02385013 0.0004211366 1671501 0.1180664 0.02802161 0.2245935
0.1550945 0.02385013 0.0004211366 1781600 0.1180664 0.02802161 0.2245935
0.152858 0.02996852 9.645522E-05 1901704 0.1159636 0.03129552 0.2262992
0.15002 0.03695525 -0.0004051626 2011804 0.1134711 0.03495262 0.2283252
0.15002 0.03695525 -0.0004051626 2121907 0.1134711 0.03495262 0.2283252
0.1467859 0.04415441 -0.0007579327 2242011 0.1108274 0.03891292 0.2306416
0.1432134 0.05174053 -0.001431957 2352111 0.1079701 0.04307503 0.2329406
0.1392923 0.05937677 -0.002356037 2462210 0.1048566 0.04716325 0.2352335
0.1392923 0.05937677 -0.002356037 2582322 0.1048566 0.04716325 0.2352335
0.1353724 0.06651467 -0.002617076 2682409 0.1016508 0.05106235 0.2377345
0.1314193 0.07383578 -0.00238286 2802521 0.09852619 0.05505954 0.2403859
0.1314193 0.07383578 -0.00238286 2902607 0.09852619 0.05505954 0.2403859
0.126771 0.08076159 -0.002996415 3012707 0.09503121 0.05873589 0.2429877
0.126771 0.08076159 -0.002996415 3132815 0.09503121 0.05873589 0.2429877
0.1218254 0.08785527 -0.003758863 3242915 0.09143397 0.06227602 0.2455174
0.116753 0.09446394 -0.00426279 3353018 0.08777687 0.06551702 0.2481179
0.111489 0.1011471 -0.004705593 3463117 0.08394931 0.06872351 0.2506636
0.111489 0.1011471 -0.004705593 3583226 0.08394931 0.06872351 0.2506636
0.1061314 0.1072373 -0.004895136 3693325 0.08006367 0.07164667 0.2532732
0.1061314 0.1072373 -0.004895136 3803420 0.08006367 0.07164667 0.2532732
0.1008719 0.1128737 -0.004607692 3913520 0.07615319 0.07437883 0.255941
0.09512512 0.1184199 -0.004479647 4023623 0.07210881 0.07694967 0.2586184
0.08948341 0.123447 -0.003938183 4133727 0.0680109 0.07942446 0.2613496
0.08948341 0.123447 -0.003938183 4253831 0.0680109 0.07942446 0.2613496
0.08402798 0.1277876 -0.002806067 4363926 0.06383336 0.08174651 0.2642356
0.07811323 0.1322704 -0.002008885 4474034 0.0594198 0.08410726 0.2669579
0.07811323 0.1322704 -0.002008885 4584129 0.0594198 0.08410726 0.2669579
0.07205112 0.1363693 -0.00101696 4694224 0.05491577 0.08638414 0.2697327
0.06607048 0.1401688 0.0002913326 4804328 0.05035433 0.08858199 0.272469
0.06607048 0.1401688 0.0002913326 4924432 0.05035433 0.08858199 0.272469
0.05964836 0.1438413 0.001424119 5054549 0.04558623 0.09053888 0.2750169
0.05328448 0.1470733 0.002511218 5144639 0.04089478 0.09242552 0.2773985
0.05328448 0.1470733 0.002511218 5254734 0.04089478 0.09242552 0.2773985
0.04710337 0.149848 0.003578857 5394857 0.03625971 0.09423514 0.2795983
0.04081217 0.1522998 0.004559502 5484942 0.03161803 0.09593537 0.2816328
0.04081217 0.1522998 0.004559502 5595037 0.03161803 0.09593537 0.2816328
0.03460427 0.1542278 0.005539849 5705137 0.02702251 0.0974638 0.2835454
0.02846609 0.155698 0.00648579 5815240 0.02242737 0.09877286 0.2852798
0.02846609 0.155698 0.00648579 5925339 0.02242737 0.09877286 0.2852798
0.02215686 0.1567034 0.007288769 6045448 0.01774158 0.09985343 0.2868384
0.01604181 0.1572929 0.008145139 6155543 0.01306078 0.1007363 0.2882294
0.01604181 0.1572929 0.008145139 6265642 0.01306078 0.1007363 0.2882294
0.01002646 0.157417 0.008891404 6375746 0.008387491 0.1013451 0.2894011
0.004162231 0.1570491 0.009564653 6485845 0.003759295 0.101691 0.2904021
0.004162231 0.1570491 0.009564653 6605949 0.003759295 0.101691 0.2904021
-0.001475116 0.1561969 0.01017433 6706044 -0.000677526 0.1016572 0.2911924
-0.007057572 0.1549133 0.01078579 6846166 -0.005104661 0.1011198 0.2917286
-0.01266864 0.1533113 0.01148348 6946257 -0.009523064 0.1001894 0.2920438
-0.01266864 0.1533113 0.01148348 7046347 -0.009523064 0.1001894 0.2920438
-0.01806538 0.1514838 0.01211537 7186481 -0.01379058 0.09908954 0.292157
-0.02333176 0.1492312 0.01253486 7276563 -0.01799613 0.09776734 0.2920893
-0.02333176 0.1492312 0.01253486 7386662 -0.01799613 0.09776734 0.2920893
-0.02979905 0.1465705 0.01363885 7516771 -0.02244329 0.09631839 0.2919855
-0.03468847 0.1438929 0.01375176 7616862 -0.02642942 0.09452606 0.2913887
-0.03468847 0.1438929 0.01375176 7716952 -0.02642942 0.09452606 0.2913887
-0.03956249 0.141112 0.01370111 7837073 -0.03032711 0.09267299 0.2905483
-0.03956249 0.141112 0.01370111 7947164 -0.03032711 0.09267299 0.2905483
-0.0443598 0.1379359 0.01348956 8057263 -0.03411552 0.09061145 0.2895654
-0.04902408 0.1347148 0.01316589 8167363 -0.03775766 0.08844039 0.2883584
-0.04902408 0.1347148 0.01316589 8277458 -0.03775766 0.08844039 0.2883584
-0.05412671 0.1307645 0.01288737 8387557 -0.04141238 0.08585531 0.2869523
-0.05856274 0.1271868 0.01254819 8497661 -0.04472831 0.08325662 0.285444
-0.05856274 0.1271868 0.01254819 8627774 -0.04472831 0.08325662 0.285444
-0.0632166 0.1231372 0.01224603 8727868 -0.04802668 0.08039036 0.2837802
-0.06739322 0.1193105 0.01181959 8837964 -0.05107635 0.07763675 0.282086
-0.06739322 0.1193105 0.01181959 8958072 -0.05107635 0.07763675 0.282086
-0.07157823 0.1153736 0.01137412 9068171 -0.05400532 0.07483186 0.2802552
-0.07548496 0.1113868 0.01062663 9178271 -0.05667115 0.07197012 0.2782704
-0.07548496 0.1113868 0.01062663 9288378 -0.05667115 0.07197012 0.2782704
-0.07948758 0.1072872 0.009953246 9398474 -0.05924863 0.06915199 0.2761928
-0.08341096 0.1028315 0.008976027 9508581 -0.06165448 0.06630119 0.2739674
-0.08341096 0.1028315 0.008976027 9628677 -0.06165448 0.06630119 0.2739674
-0.08747809 0.09818057 0.007978782 9738785 -0.06408972 0.06363475 0.2716274
-0.09135447 0.09327758 0.0067399 9848888 -0.06633943 0.06088056 0.269171
-0.09504691 0.088055 0.005314887 9958975 -0.06834933 0.05774115 0.2665609
-0.09504691 0.088055 0.005314887 10069075 -0.06834933 0.05774115 0.2665609
-0.09876259 0.08275512 0.004046723 10189191 -0.07007009 0.05413381 0.263772
-0.1021879 0.0771541 0.002537414 10289273 -0.07159311 0.05008572 0.2609175
-0.1021879 0.0771541 0.002537414 10399373 -0.07159311 0.05008572 0.2609175
-0.1057952 0.07147641 0.001480043 10519481 -0.07325137 0.04624999 0.2581899
-0.1094722 0.06550366 0.0005187839 10629581 -0.07501441 0.04260047 0.2554859
-0.1094722 0.06550366 0.0005187839 10739680 -0.07501441 0.04260047 0.2554859
-0.1132765 0.05940289 -0.0002798587 10849779 -0.07683206 0.03902915 0.2527209
-0.1132765 0.05940289 -0.0002798587 10979897 -0.07683206 0.03902915 0.2527209
-0.1170466 0.05291411 -0.0009944141 11100005 -0.07856894 0.03528668 0.2499469
-0.1205238 0.04621336 -0.001753777 11190086 -0.08024791 0.03133371 0.2472838
-0.1238998 0.03975067 -0.002182618 11330217 -0.08196783 0.02726978 0.244777
-0.1238998 0.03975067 -0.002182618 11420294 -0.08196783 0.02726978 0.244777
-0.127046 0.03332433 -0.002479255 11520388 -0.08364397 0.02321096 0.2424545
-0.127046 0.03332433 -0.002479255 11640505 -0.08364397 0.02321096 0.2424545
-0.129861 0.02672771 -0.00298959 11750592 -0.0852381 0.01921821 0.2402405
-0.1326268 0.0199139 -0.003577441 11870709 -0.08670136 0.01529323 0.237954
-0.1326268 0.0199139 -0.003577441 11970799 -0.08670136 0.01529323 0.237954
-0.1352217 0.01279968 -0.004283637 12090907 -0.08792865 0.01139583 0.2356513
-0.1376285 0.005707176 -0.005039826 12201003 -0.08895773 0.007343692 0.2333846
-0.1376285 0.005707176 -0.005039826 12311098 -0.08895773 0.007343692 0.2333846
-0.1398498 -0.001052583 -0.005420193 12441223 -0.08992809 0.003197092 0.2314028
-0.142015 -0.007362191 -0.005287006 12531305 -0.09089878 -0.0009448524 0.2296755
-0.143753 -0.01349146 -0.005243272 12641412 -0.09176782 -0.004934464 0.2282259
-0.143753 -0.01349146 -0.005243272 12761504 -0.09176782 -0.004934464 0.2282259
-0.1454011 -0.019509 -0.004976884 12871604 -0.09260508 -0.008790576 0.2269046
-0.146983 -0.0254171 -0.004438594 12981703 -0.09341168 -0.01250735 0.2256981
-0.146983 -0.0254171 -0.004438594 13091802 -0.09341168 -0.01250735 0.2256981
-0.1483465 -0.03111937 -0.003794581 13211907 -0.09423876 -0.01605644 0.2246846
-0.1492996 -0.03693544 -0.00345701 13322010 -0.09500194 -0.01932932 0.223824
-0.1492996 -0.03693544 -0.00345701 13432276 -0.09500194 -0.01932932 0.223824
-0.149871 -0.04275418 -0.003151178 13542209 -0.09569463 -0.02245026 0.2232144
-0.1500165 -0.04843259 -0.002954289 13652308 -0.09628242 -0.0255218 0.2228966
-0.1500165 -0.04843259 -0.002954289 13762412 -0.09628242 -0.0255218 0.2228966
-0.1498014 -0.05409317 -0.002829954 13872507 -0.0965544 -0.02867898 0.2227898
-0.1493496 -0.05937457 -0.00256227 13982606 -0.09666414 -0.03213926 0.2229991
-0.1493496 -0.05937457 -0.00256227 14102719 -0.09666414 -0.03213926 0.2229991
-0.1486904 -0.06435035 -0.002239943 14212814 -0.09661669 -0.03591528 0.2234823
-0.1478137 -0.06916543 -0.001825154 14332927 -0.09658819 -0.03970467 0.2242209
-0.1478137 -0.06916543 -0.001825154 14433017 -0.09658819 -0.03970467 0.2242209
-0.1466775 -0.07405078 -0.001508117 14563130 -0.09651354 -0.04331511 0.2250922
-0.1453358 -0.07899463 -0.001191318 14663225 -0.09631867 -0.04688305 0.2260865
-0.1453358 -0.07899463 -0.001191318 14773324 -0.09631867 -0.04688305 0.2260865
-0.1438822 -0.08395264 -0.0009863973 14883427 -0.09588746 -0.05065531 0.2271261
-0.1423617 -0.08858553 -0.0004677922 14993519 -0.09540284 -0.05462203 0.2284213
-0.1423617 -0.08858553 -0.0004677922 15103626 -0.09540284 -0.05462203 0.2284213
-0.1406832 -0.09320551 0.0001229495 15223735 -0.09488335 -0.05872285 0.229901
-0.1389368 -0.09751356 0.000720799 15343851 -0.09441239 -0.06274169 0.2315033
-0.1389368 -0.09751356 0.000720799 15443937 -0.09441239 -0.06274169 0.2315033
-0.1369095 -0.1018821 0.001296699 15554199 -0.0938851 -0.06662772 0.2332821
-0.1346734 -0.1062808 0.001801103 15674153 -0.0932039 -0.07054678 0.2351837
-0.1346734 -0.1062808 0.001801103 15784232 -0.0932039 -0.07054678 0.2351837
-0.1322525 -0.1105317 0.002154902 15894340 -0.09225085 -0.07453253 0.2371946
-0.129763 -0.1146145 0.002642766 16004447 -0.0910514 -0.07855189 0.2393003
-0.129763 -0.1146145 0.002642766 16114530 -0.0910514 -0.07855189 0.2393003
-0.1268535 -0.1187484 0.002943665 16224630 -0.08956435 -0.08254524 0.2416219
-0.1237345 -0.1227967 0.003042042 16374765 -0.08793339 -0.08640485 0.243991
-0.1202765 -0.1272091 0.002872944 16454850 -0.08601272 -0.09016715 0.2463304
-0.1202765 -0.1272091 0.002872944 16564945 -0.08601272 -0.09016715 0.2463304
-0.1166368 -0.1317693 0.002638698 16675044 -0.08389801 -0.09387859 0.2486476
-0.1166368 -0.1317693 0.002638698 16805154 -0.08389801 -0.09387859 0.2486476
-0.1127513 -0.1363848 0.002161399 16915261 -0.08153507 -0.09760065 0.2509532
-0.1087347 -0.140981 0.001557827 17025360 -0.07898235 -0.1013681 0.2532216
-0.1046094 -0.145393 0.0008827895 17135464 -0.0762955 -0.1050149 0.2554531
-0.1046094 -0.145393 0.0008827895 17265569 -0.0762955 -0.1050149 0.2554531
-0.1002153 -0.1498036 0.0001176447 17375668 -0.07334998 -0.1085253 0.2576648
-0.09573732 -0.154236 -0.0007165819 17495777 -0.0703195 -0.1117928 0.2596973
-0.09573732 -0.154236 -0.0007165819 17715975 -0.0703195 -0.1117928 0.2596973
-0.09132829 -0.1585139 -0.001681834 17946199 -0.06712005 -0.1148984 0.261479
-0.08244903 -0.1673037 -0.003777891 18176399 -0.06044513 -0.1206415 0.2643865
-0.07782649 -0.1717268 -0.005003005 18396590 -0.05694223 -0.1231674 0.2655367
-0.0679577 -0.1798317 -0.007468686 18626814 -0.04930514 -0.1277228 0.2677259
-0.06262033 -0.183582 -0.008752137 18836995 -0.04522222 -0.1297103 0.2687169
-0.05688564 -0.1872458 -0.01020251 19057186 -0.04093158 -0.1315612 0.2695656
-0.04538998 -0.1935846 -0.01256998 19297403 -0.03215051 -0.1347642 0.2710286
-0.03905846 -0.1963739 -0.01367439 19517605 -0.02736199 -0.1361738 0.2716803
-0.02535367 -0.2006062 -0.01554495 19727787 -0.01751456 -0.1386336 0.2728754
-0.01823968 -0.201873 -0.01615301 19978021 -0.01247311 -0.1395499 0.2733924
-0.01104466 -0.2027173 -0.01655972 20178206 -0.007444799 -0.1400885 0.2737253
-0.003796603 -0.2031374 -0.01668817 20428423 -0.002396941 -0.1402881 0.273924
0.01075162 -0.2027028 -0.01654856 20628616 0.007608176 -0.14024 0.2738065
0.01783549 -0.2014797 -0.01614869 20848807 0.01265451 -0.1400222 0.2736975
0.02493393 -0.1996495 -0.01556894 21099032 0.01766779 -0.1395698 0.2734789
0.03893114 -0.1946214 -0.01360203 21299221 0.02752592 -0.1381108 0.2728316
0.0454759 -0.1918745 -0.01246782 21519408 0.03228101 -0.1370519 0.2722336
0.05820792 -0.1856458 -0.009834647 21749616 0.04179651 -0.1347073 0.2706944
0.06408689 -0.1823344 -0.008477956 21969835 0.04637259 -0.1336419 0.2698399
0.06972626 -0.1789354 -0.007161632 22200026 0.05086039 -0.1325153 0.268852
0.08013239 -0.1718533 -0.004478097 22420221 0.05911872 -0.1298228 0.2666466
0.08486594 -0.1683439 -0.003300667 22650433 0.06290749 -0.1281343 0.2653335
0.08921907 -0.1651686 -0.002273247 22870631 0.06636685 -0.1263076 0.263878
0.09730799 -0.1582051 -0.0003332496 23080825 0.07295217 -0.1224114 0.2610266
0.1008308 -0.1543054 0.0005968958 23311029 0.07609071 -0.1202698 0.2598357
0.1041758 -0.1499147 0.001642928 23531422 0.07904617 -0.1178693 0.2587808
0.1101409 -0.1405559 0.003766522 23761622 0.08422872 -0.1122227 0.256855
0.1127746 -0.1358276 0.004699618 23981630 0.08648305 -0.1090117 0.2558934
0.1150498 -0.131346 0.005563557 24241865 0.08848193 -0.1056319 0.2550144
0.11928 -0.1219181 0.007162899 24432036 0.09210624 -0.09887819 0.2534152
0.1211362 -0.1173375 0.007882535 24652235 0.09355086 -0.09560814 0.2526899
0.1230026 -0.1127524 0.008779377 24892452 0.09498239 -0.09235066 0.2520076
0.1260703 -0.1041313 0.009710401 25092632 0.09737497 -0.08575183 0.2505693
0.1273636 -0.09993161 0.01007916 25332849 0.09836879 -0.08233279 0.2499205
0.1281912 -0.09624946 0.009487659 25553056 0.09904033 -0.07882125 0.2490874
0.1303771 -0.08740203 0.009755924 25773247 0.100628 -0.07156166 0.247832
0.1315581 -0.08256588 0.01012126 26013463 0.1013513 -0.0679301 0.2472638
0.1336607 -0.07324003 0.01067206 26223653 0.1027917 -0.0603088 0.2461305
0.1345411 -0.06880531 0.01079533 26443852 0.1034356 -0.056515 0.2455932
0.1354441 -0.06418703 0.01106811 26664055 0.1040528 -0.05278669 0.2451207
0.1363302 -0.06004472 0.01114038 26894266 0.1046792 -0.04913525 0.2445129
0.1382492 -0.05173234 0.0112482 27134479 0.1058682 -0.0422046 0.2431476
0.1391237 -0.04790492 0.01104067 27334656 0.1063125 -0.03883083 0.2423616
0.1402375 -0.04424813 0.01108341 27555053 0.1067709 -0.03542589 0.2414399
0.1422033 -0.0373887 0.01105453 27785070 0.107614 -0.02893523 0.2397517
0.1429071 -0.03391679 0.01050353 28005261 0.1078272 -0.02586874 0.2389125
0.1437841 -0.0307576 0.01038873 28255487 0.1082108 -0.0229723 0.238115
0.1460482 -0.02511368 0.01055805 28455667 0.1092074 -0.01753981 0.2362027
0.1470942 -0.02247122 0.01044306 28675866 0.1097011 -0.01512473 0.2352431
0.1483945 -0.01984001 0.01035048 28906078 0.1102025 -0.01274857 0.2340427
0.1509631 -0.01504414 0.01002452 29126272 0.1112514 -0.008223711 0.231594
0.1525509 -0.01291255 0.009779096 29346471 0.1120114 -0.005968833 0.2300578
0.1555631 -0.008299695 0.008949533 29576683 0.1133336 -0.001293326 0.2269884
0.1573406 -0.006016472 0.008869097 29796878 0.1139426 0.001090935 0.2252947
0.1587794 -0.003623923 0.008117855 30027085 0.1143851 0.003458976 0.2236694
0.1619397 0.0007005958 0.007199779 30267302 0.115578 0.008528806 0.2203691
0.1632598 0.002629104 0.006416604 30467487 0.1161913 0.01079168 0.218875
0.1643966 0.004614676 0.005742297 30707700 0.1167988 0.0126832 0.2176276
0.1668454 0.007769593 0.004635483 30907880 0.1179498 0.01529128 0.2150563
0.1679385 0.008940148 0.003959715 31138088 0.118126 0.01622114 0.2137987
0.1689565 0.009547518 0.003125355 31378305 0.1182917 0.01673051 0.2125596
0.1698363 0.01022507 0.001508385 31578485 0.118227 0.01702872 0.2111886
0.1694229 0.01021855 0.001327455 31808697 0.1178427 0.01655768 0.2114943
