0.1510993 0.005261417 0.005270062 0 0.08747559 -0.001725559 0.1325864
0.1510993 0.005261417 0.005270062 110096 0.08747559 -0.001725559 0.1325864
0.1513664 0.005610222 0.004313005 220195 0.08776393 -0.0006079721 0.1316798
0.1514693 0.005698079 0.003197683 330299 0.08815476 0.0004268837 0.1307505
0.1514693 0.005698079 0.003197683 440398 0.08815476 0.0004268837 0.1307505
0.1519623 0.005722518 0.002608938 560502 0.08855035 0.001286383 0.1301451
0.151952 0.005988235 0.00187206 670602 0.08889028 0.001867766 0.1295924
0.1515194 0.006375904 0.001304252 780709 0.08895 0.002139325 0.1292627
0.1515194 0.006375904 0.001304252 890804 0.08895 0.002139325 0.1292627
0.1511375 0.006977672 0.000950394 1000908 0.08883744 0.002394671 0.1290282
0.1506339 0.007807488 0.0007641296 1110999 0.08843099 0.002853269 0.1288754
0.1506339 0.007807488 0.0007641296 1231107 0.08843099 0.002853269 0.1288754
0.1501434 0.008821005 0.0008720587 1341207 0.08772716 0.003458614 0.1288631
0.1495038 0.01014161 0.001214249 1451306 0.08694678 0.004049773 0.1291039
0.1495038 0.01014161 0.001214249 1561405 0.08694678 0.004049773 0.1291039
0.1487124 0.01182031 0.001750125 1671505 0.08604413 0.004708285 0.1295326
0.1479673 0.01374411 0.002431078 1791613 0.08514898 0.005591387 0.1300776
0.1479673 0.01374411 0.002431078 1901713 0.08514898 0.005591387 0.1300776
0.1470349 0.01608943 0.00296682 2011812 0.08431968 0.006816859 0.1305876
0.1461224 0.01871621 0.003570048 2121915 0.08360868 0.008263821 0.1311985
0.1461224 0.01871621 0.003570048 2232015 0.08360868 0.008263821 0.1311985
0.1449466 0.02180707 0.004045023 2342110 0.08288466 0.009953971 0.1317715
0.1449466 0.02180707 0.004045023 2462218 0.08288466 0.009953971 0.1317715
0.1442119 0.02507257 0.004778339 2572322 0.08235005 0.01189017 0.1324717
0.143245 0.02864611 0.005331887 2682417 0.08178484 0.01413917 0.1330756
0.1423104 0.03258478 0.005865096 2792516 0.08122166 0.01674675 0.1336288
0.1423104 0.03258478 0.005865096 2902616 0.08122166 0.01674675 0.1336288
0.1411802 0.03664123 0.00624506 3022724 0.08063053 0.01952779 0.1341009
0.1399706 0.04081189 0.00667472 3132824 0.07996449 0.02237844 0.1346033
0.1399706 0.04081189 0.00667472 3242923 0.07996449 0.02237844 0.1346033
0.1384879 0.04520022 0.006962552 3373040 0.07906785 0.02536058 0.1349543
0.1368141 0.04943251 0.007262229 3463130 0.07774346 0.02848601 0.1352394
0.1368141 0.04943251 0.007262229 3573225 0.07774346 0.02848601 0.1352394
0.1350103 0.05386268 0.00754243 3693333 0.07579291 0.03170668 0.1352478
0.1330006 0.05812155 0.007640212 3803429 0.07339006 0.03485369 0.1349643
0.1330006 0.05812155 0.007640212 3913528 0.07339006 0.03485369 0.1349643
0.1307194 0.06222569 0.007429778 4023636 0.07109585 0.03819632 0.1346063
0.1280852 0.06602477 0.006799683 4133727 0.06910642 0.04166543 0.1342138
0.1280852 0.06602477 0.006799683 4253839 0.06910642 0.04166543 0.1342138
0.1252524 0.06970429 0.006026865 4363935 0.06734535 0.04513406 0.1338914
0.1223474 0.07322847 0.005125196 4474034 0.06550252 0.0483942 0.1334146
0.1223474 0.07322847 0.005125196 4584133 0.06550252 0.0483942 0.1334146
0.1191378 0.07702254 0.004480542 4694233 0.06317595 0.05152249 0.1330273
0.1156499 0.08055186 0.003821926 4814341 0.0604203 0.05452775 0.1325802
0.1156499 0.08055186 0.003821926 4924440 0.0604203 0.05452775 0.1325802
0.1118218 0.08404552 0.002961862 5034540 0.05764317 0.05779623 0.1321203
0.1079291 0.08736502 0.001983646 5154660 0.05510589 0.06124138 0.1317277
0.1079291 0.08736502 0.001983646 5264748 0.05510589 0.06124138 0.1317277
0.103818 0.09083437 0.0009454077 5364838 0.05261355 0.06443047 0.1312803
0.1002296 0.09420931 0.0003540855 5494959 0.05019343 0.06732177 0.1310433
0.09660964 0.09778415 -0.0002507074 5605055 0.04789251 0.07025658 0.1308032
0.09660964 0.09778415 -0.0002507074 5705145 0.04789251 0.07025658 0.1308032
0.0933149 0.1015197 -0.0007530996 5815248 0.04556957 0.07321738 0.1304933
0.0933149 0.1015197 -0.0007530996 5935353 0.04556957 0.07321738 0.1304933
0.09013955 0.1046437 -0.001303205 6045452 0.04302731 0.0761423 0.1301287
0.08682753 0.1078429 -0.001705551 6155555 0.04032397 0.07888841 0.1298441
0.08682753 0.1078429 -0.001705551 6285673 0.04032397 0.07888841 0.1298441
0.08333167 0.1110089 -0.002059006 6375750 0.03750467 0.08133446 0.1295676
0.07980736 0.11396 -0.002149665 6485849 0.03457737 0.08343958 0.12949
0.07980736 0.11396 -0.002149665 6625980 0.03457737 0.08343958 0.12949
0.07586976 0.1167712 -0.002209433 6716061 0.03153458 0.08513521 0.1294713
0.07182828 0.1192592 -0.002002708 6826161 0.02832091 0.08654486 0.1296906
0.07182828 0.1192592 -0.002002708 6936260 0.02832091 0.08654486 0.1296906
0.06740246 0.1216161 -0.001734085 7056364 0.02491686 0.08784364 0.1300257
0.06225563 0.1242123 -0.001421711 7166476 0.02136329 0.08903311 0.130474
0.05712394 0.1262777 -0.0007921215 7266554 0.01779145 0.08993768 0.1312632
0.05712394 0.1262777 -0.0007921215 7386662 0.01779145 0.08993768 0.1312632
0.05150888 0.128018 -0.0001757343 7496762 0.01382712 0.0905218 0.1320376
0.04544607 0.1297922 0.000575553 7606861 0.009261731 0.09085058 0.1327894
0.04544607 0.1297922 0.000575553 7716960 0.009261731 0.09085058 0.1327894
0.03905477 0.1314744 0.001401495 7827064 0.004161124 0.09110402 0.1335337
0.0324215 0.1328466 0.002106634 7947172 -0.001057858 0.09132884 0.1342492
0.0324215 0.1328466 0.002106634 8057268 -0.001057858 0.09132884 0.1342492
0.02567926 0.1336528 0.002636043 8167367 -0.006083631 0.09134578 0.1349519
0.01873148 0.1341352 0.003056584 8277478 -0.01093345 0.09108328 0.1356189
0.01873148 0.1341352 0.003056584 8407592 -0.01093345 0.09108328 0.1356189
0.01165794 0.1344807 0.003415897 8507674 -0.01595416 0.09063612 0.1361618
0.00477339 0.1342236 0.003947705 8617773 -0.02146023 0.08972525 0.1367556
0.00477339 0.1342236 0.003947705 8727873 -0.02146023 0.08972525 0.1367556
-0.002833227 0.1334358 0.00429316 8847981 -0.02758115 0.08835469 0.1371897
-0.01069928 0.1322797 0.004545258 8948071 -0.03389683 0.08649646 0.1374814
-0.01069928 0.1322797 0.004545258 9058171 -0.03389683 0.08649646 0.1374814
-0.01880335 0.1304787 0.004769075 9198297 -0.04027968 0.08412766 0.1377976
-0.02750563 0.1281856 0.004649271 9288379 -0.04659216 0.08136796 0.1378786
-0.02750563 0.1281856 0.004649271 9398478 -0.04659216 0.08136796 0.1378786
-0.03603711 0.1250881 0.004396459 9528595 -0.05263804 0.07835291 0.1379872
-0.04476815 0.1216295 0.004166937 9618677 -0.05882584 0.0748701 0.1380407
-0.04476815 0.1216295 0.004166937 9738793 -0.05882584 0.0748701 0.1380407
-0.05378344 0.1180966 0.004013992 9848892 -0.06532089 0.07088446 0.1379697
-0.06264108 0.1136749 0.003819623 9958984 -0.07207961 0.06644367 0.1379329
-0.06264108 0.1136749 0.003819623 10069083 -0.07207961 0.06644367 0.1379329
-0.07142594 0.1088123 0.003677452 10179186 -0.07864599 0.06197118 0.1380651
-0.07972804 0.1032727 0.003578867 10299291 -0.08464749 0.05742883 0.1384135
-0.07972804 0.1032727 0.003578867 10409402 -0.08464749 0.05742883 0.1384135
-0.08828184 0.0975871 0.003483113 10519498 -0.08998708 0.05279123 0.1387483
-0.09652888 0.09194313 0.003490222 10639598 -0.09492464 0.04799258 0.1390336
-0.09652888 0.09194313 0.003490222 10739692 -0.09492464 0.04799258 0.1390336
-0.1033965 0.0858153 0.00356075 10859797 -0.099401 0.04302823 0.1394267
-0.1076149 0.07865761 0.003846823 10989914 -0.1033317 0.03790044 0.1403267
-0.1076149 0.07865761 0.003846823 11079995 -0.1033317 0.03790044 0.1403267
-0.1133908 0.07258569 0.004114151 11190099 -0.1072034 0.0330286 0.1408738
-0.1186976 0.06614255 0.00425981 11330225 -0.1106727 0.02808737 0.1413498
-0.1235093 0.05966484 0.004467041 11420307 -0.113597 0.02319168 0.1418632
-0.1235093 0.05966484 0.004467041 11530402 -0.113597 0.02319168 0.1418632
-0.1277506 0.05335318 0.004755304 11640501 -0.1161659 0.01822173 0.1423701
-0.1277506 0.05335318 0.004755304 11750601 -0.1161659 0.01822173 0.1423701
-0.1311634 0.04680931 0.005240352 11860704 -0.1184833 0.01304841 0.1431014
-0.134534 0.04031145 0.005832316 11970803 -0.1207709 0.00781464 0.1438931
-0.134534 0.04031145 0.005832316 12100917 -0.1207709 0.00781464 0.1438931
-0.1376126 0.03357648 0.006425115 12201007 -0.1229081 0.002495403 0.1447147
-0.139915 0.02677559 0.007160889 12321119 -0.1243771 -0.002885466 0.145671
-0.1422843 0.01985025 0.007613855 12441224 -0.1254027 -0.008177762 0.1463066
-0.1422843 0.01985025 0.007613855 12541314 -0.1254027 -0.008177762 0.1463066
-0.1438299 0.01290714 0.007908317 12641404 -0.1259638 -0.01361132 0.1467745
-0.1438299 0.01290714 0.007908317 12771522 -0.1259638 -0.01361132 0.1467745
-0.1443739 0.005913133 0.008016828 12871612 -0.1263387 -0.01889909 0.1471762
-0.1442244 -0.001075868 0.008187833 12991733 -0.1265999 -0.02425695 0.1476807
-0.1442244 -0.001075868 0.008187833 13091815 -0.1265999 -0.02425695 0.1476807
-0.14372 -0.008401637 0.008228156 13201914 -0.1267719 -0.02975238 0.1480965
-0.1428086 -0.01578832 0.008412169 13322023 -0.1265375 -0.03524852 0.1486363
-0.1428086 -0.01578832 0.008412169 13432118 -0.1265375 -0.03524852 0.1486363
-0.1418598 -0.02322221 0.008679824 13542217 -0.1258024 -0.04075623 0.1491824
-0.1401775 -0.03078068 0.008757042 13652321 -0.1245543 -0.04642737 0.1495311
-0.1401775 -0.03078068 0.008757042 13762424 -0.1245543 -0.04642737 0.1495311
-0.1382388 -0.03835106 0.008970322 13872515 -0.1231637 -0.05227041 0.1499853
-0.1357043 -0.04567397 0.009117068 13982615 -0.1217625 -0.05817437 0.1503814
-0.133031 -0.05344081 0.009204135 14102731 -0.1202123 -0.06412685 0.1507235
-0.133031 -0.05344081 0.009204135 14232841 -0.1202123 -0.06412685 0.1507235
-0.1302677 -0.06100953 0.009097622 14322926 -0.1184101 -0.06998026 0.1508198
-0.1276724 -0.06827116 0.008857906 14433025 -0.1162733 -0.07579279 0.150702
-0.1276724 -0.06827116 0.008857906 14543125 -0.1162733 -0.07579279 0.150702
-0.1240858 -0.07609057 0.00841701 14663233 -0.1135978 -0.08181787 0.150415
-0.1201087 -0.08380139 0.00787498 14773328 -0.1105103 -0.08788419 0.1499927
-0.1201087 -0.08380139 0.00787498 14903454 -0.1105103 -0.08788419 0.1499927
-0.115251 -0.09135747 0.007248118 15003536 -0.1069518 -0.0940448 0.1494808
-0.1103492 -0.0987283 0.00642225 15143663 -0.1031395 -0.1001105 0.148733
-0.1103492 -0.0987283 0.00642225 15363861 -0.1031395 -0.1001105 0.148733
-0.0988966 -0.1129572 0.004844395 15594073 -0.09513248 -0.1115572 0.1472878
-0.09293129 -0.1198807 0.003915098 15824277 -0.09063981 -0.1170571 0.1463687
-0.08074928 -0.1320161 0.0007116008 16044475 -0.08060564 -0.1267126 0.1431128
-0.07395245 -0.1375109 -0.001163085 16264678 -0.07523297 -0.1308142 0.1411737
-0.06757912 -0.1427716 -0.00292792 16484873 -0.06985869 -0.1347312 0.1393268
-0.06084796 -0.1474015 -0.004320613 16725090 -0.0642878 -0.1384087 0.1378537
-0.04707433 -0.1552112 -0.007091052 16955293 -0.0529569 -0.1448736 0.1349117
-0.04006186 -0.1584125 -0.008499272 17155478 -0.04738532 -0.1473635 0.1333828
-0.03240893 -0.1610366 -0.009646663 17375685 -0.04186891 -0.149359 0.1320586
-0.01716932 -0.1642185 -0.01138113 17605889 -0.03051757 -0.1522319 0.129985
-0.009809997 -0.1650928 -0.01200298 17846101 -0.02461319 -0.1530868 0.1292166
-0.001788375 -0.1652012 -0.01220749 18066300 -0.01848482 -0.1533775 0.1288162
0.01421079 -0.1643103 -0.01236397 18276490 -0.005912627 -0.1528234 0.1282395
0.02289762 -0.1632746 -0.01206079 18496701 0.0005502746 -0.1519557 0.1282201
0.03083086 -0.1619904 -0.01190914 18726908 0.00695521 -0.1506245 0.1281159
0.04633944 -0.1574372 -0.01140042 18967113 0.01948181 -0.1466446 0.1281289
0.05335177 -0.1542649 -0.01113536 19167302 0.02556169 -0.1440883 0.1282576
0.06706797 -0.1469886 -0.01034608 19397501 0.03685176 -0.1380763 0.128628
0.07398281 -0.142959 -0.009904674 19637722 0.04212784 -0.1346847 0.1287425
0.08079341 -0.1384099 -0.009535156 19837919 0.04722276 -0.1309081 0.1287507
0.09296235 -0.1279758 -0.008898371 20068127 0.05684259 -0.1220604 0.128821
0.09857272 -0.1226557 -0.008575613 20298314 0.0615921 -0.1173904 0.1289415
0.1041181 -0.117322 -0.008110444 20508520 0.06605148 -0.112731 0.1291342
0.1131911 -0.1056365 -0.007600065 20758730 0.07330108 -0.1031597 0.1291804
0.1176041 -0.1002424 -0.007031468 20958910 0.07657134 -0.09862875 0.1294235
0.1214661 -0.0947485 -0.006718663 21189126 0.07990772 -0.09406758 0.129585
0.1267043 -0.0833298 -0.007093487 21429343 0.08648959 -0.08510423 0.1296028
0.1290963 -0.07797956 -0.007114722 21629536 0.0892471 -0.0809598 0.1296676
0.1311419 -0.07240331 -0.007197274 21849739 0.09140676 -0.07674253 0.1295819
0.134005 -0.06198037 -0.007235928 22079930 0.09400611 -0.06864095 0.1293729
0.1349519 -0.05676461 -0.007223099 22300121 0.09474456 -0.06470609 0.129256
0.1357436 -0.05178511 -0.00708273 22530328 0.09522148 -0.06084681 0.1292334
0.1372773 -0.04238081 -0.006634905 22750527 0.09580757 -0.05334986 0.1292554
0.1380382 -0.03782463 -0.006462886 22970730 0.09600215 -0.0496738 0.1291793
0.1390491 -0.03378749 -0.006105735 23200938 0.09620049 -0.04623032 0.1292287
0.1410289 -0.025985 -0.005920202 23431141 0.09653886 -0.0395515 0.1287751
0.1422291 -0.0226537 -0.005804479 23661349 0.09690537 -0.03633058 0.1286014
0.1434011 -0.01951683 -0.005695879 23861538 0.09749701 -0.03328061 0.1285041
0.1455289 -0.01329351 -0.005716727 24091733 0.09895032 -0.0283258 0.1281142
0.1468691 -0.01050926 -0.005733252 24331954 0.09974366 -0.02592111 0.1278628
0.149067 -0.005746012 -0.005693735 24532143 0.1014912 -0.02151823 0.1277005
0.1499058 -0.003267293 -0.005508737 24772352 0.1025944 -0.01957631 0.127915
0.1505637 -0.0008796501 -0.005318792 25002559 0.1038796 -0.01786137 0.1282419
0.1513968 0.002902026 -0.005195291 25212749 0.1062125 -0.0150323 0.1287561
0.1516939 0.004539008 -0.005072431 25432960 0.1068675 -0.01380253 0.1289441
0.151875 0.005846257 -0.00488794 25653147 0.1069707 -0.01275874 0.1290662
0.1518996 0.007079119 -0.004811408 25873353 0.1066062 -0.01169539 0.128988
0.152173 0.009069199 -0.004601987 26103557 0.1056564 -0.009660725 0.1287833
0.1524302 0.009715313 -0.004121171 26333761 0.1056535 -0.008880381 0.129192
0.1532428 0.01125168 -0.002169 26553964 0.106639 -0.008463386 0.1310438
0.1535769 0.01201295 -0.001063841 26774166 0.1075478 -0.008385186 0.1322459
0.1540651 0.0122447 0.0003703511 26994361 0.1083926 -0.008642321 0.133727
0.1551723 0.01225173 0.004269076 27244595 0.1096348 -0.01005316 0.1374422
0.1557576 0.01149201 0.006899234 27444763 0.1102677 -0.01150322 0.1399712
