0.1474452 0.002861225 0.003372937 0 0.1060434 -0.02005534 0.2295737
0.146542 0.003625131 0.003993794 110099 0.1049662 -0.01893167 0.2305658
0.1454508 0.004926702 0.004497617 220186 0.1044117 -0.01842871 0.2315758
0.1454508 0.004926702 0.004497617 330298 0.1044117 -0.01842871 0.2315758
0.1441357 0.006750292 0.004703403 450394 0.1040227 -0.01831129 0.2325209
0.1428259 0.008895229 0.005166963 560509 0.1036936 -0.01832568 0.2334697
0.1428259 0.008895229 0.005166963 670601 0.1036936 -0.01832568 0.2334697
0.1412603 0.01161856 0.005207568 780696 0.1033138 -0.01824738 0.2343043
0.139562 0.01473593 0.005291954 890791 0.1027273 -0.01793625 0.2351385
0.139562 0.01473593 0.005291954 1010900 0.1027273 -0.01793625 0.2351385
0.1377667 0.01824663 0.00532791 1120999 0.1020815 -0.01728571 0.2359354
0.1359833 0.02200455 0.00535816 1231107 0.1013789 -0.0160428 0.2367252
0.1359833 0.02200455 0.00535816 1341356 0.1013789 -0.0160428 0.2367252
0.1342625 0.02560386 0.005390391 1451297 0.1005987 -0.01423833 0.2376012
0.1324769 0.02966272 0.005080134 1561405 0.09962559 -0.01169174 0.2383861
0.1324769 0.02966272 0.005080134 1681513 0.09962559 -0.01169174 0.2383861
0.1306227 0.03362556 0.004693076 1791604 0.09827732 -0.00869778 0.2392806
0.1286212 0.03779147 0.004124284 1901712 0.09642451 -0.005450263 0.2401309
0.1286212 0.03779147 0.004124284 2011819 0.09642451 -0.005450263 0.2401309
0.126625 0.04225922 0.003558278 2131911 0.0942128 -0.002112314 0.2408235
0.1246325 0.04684044 0.003146604 2232014 0.09187675 0.001343907 0.2415379
0.1246325 0.04684044 0.003146604 2352126 0.09187675 0.001343907 0.2415379
0.1225845 0.05144955 0.00276722 2462226 0.08978672 0.004940291 0.2423666
0.1205645 0.05578333 0.002683312 2572309 0.08813798 0.008508016 0.2434483
0.1205645 0.05578333 0.002683312 2682416 0.08813798 0.008508016 0.2434483
0.1184747 0.06010633 0.002940595 2822551 0.08667735 0.01176769 0.2446422
0.1162644 0.06448667 0.003621235 2912632 0.0853569 0.01485006 0.2460273
0.1162644 0.06448667 0.003621235 3022731 0.0853569 0.01485006 0.2460273
0.1141783 0.06822675 0.004626244 3142824 0.08421236 0.01781253 0.2476566
0.1120686 0.07217462 0.005822793 3242922 0.08317566 0.02093377 0.2493519
0.1098526 0.07579102 0.006744698 3353013 0.08214529 0.02389243 0.251057
0.1098526 0.07579102 0.006744698 3463121 0.08214529 0.02389243 0.251057
0.1078454 0.07927342 0.007904515 3583241 0.08127794 0.02672725 0.2526951
0.1078454 0.07927342 0.007904515 3693333 0.08127794 0.02672725 0.2526951
0.1058453 0.08273477 0.009010389 3803432 0.08048097 0.02939181 0.2542143
0.1038878 0.08589314 0.01003674 3913519 0.07973736 0.03197458 0.2557465
0.1017185 0.0890241 0.01066305 4023618 0.07880561 0.03446242 0.2571877
0.1017185 0.0890241 0.01066305 4143739 0.07880561 0.03446242 0.2571877
0.09936496 0.09233782 0.01128709 4253830 0.0775654 0.03698064 0.2586027
0.0970003 0.09530071 0.01190418 4363926 0.07614808 0.03930841 0.2600419
0.0970003 0.09530071 0.01190418 4474025 0.07614808 0.03930841 0.2600419
0.09437327 0.09852999 0.01226801 4584124 0.07443347 0.04162582 0.2613388
0.09178985 0.1016614 0.0124134 4704233 0.07257845 0.04384739 0.2624462
0.09178985 0.1016614 0.0124134 4814352 0.07257845 0.04384739 0.2624462
0.08889191 0.1048973 0.01216544 4944449 0.07037915 0.04603145 0.2634479
0.08598927 0.107979 0.01183009 5034531 0.06806503 0.04811368 0.2643773
0.08598927 0.107979 0.01183009 5144630 0.06806503 0.04811368 0.2643773
0.08269362 0.1112299 0.01127057 5254729 0.06548037 0.05018363 0.2652862
0.0791146 0.1144789 0.0105336 5374842 0.06267271 0.05209486 0.2661188
0.0791146 0.1144789 0.0105336 5484937 0.06267271 0.05209486 0.2661188
0.07515415 0.1178312 0.009740293 5605046 0.05948814 0.05386496 0.2668811
0.07065066 0.1212752 0.008708552 5705136 0.05589544 0.05546438 0.267552
0.07065066 0.1212752 0.008708552 5815243 0.05589544 0.05546438 0.267552
0.06612054 0.124479 0.007875726 5935348 0.05207567 0.05698368 0.2682382
0.06086096 0.1276878 0.00686416 6045443 0.04764764 0.05847231 0.2689985
0.06086096 0.1276878 0.00686416 6155542 0.04764764 0.05847231 0.2689985
0.05519019 0.1307029 0.005988926 6265642 0.04263286 0.05979325 0.2697663
0.04963969 0.1333277 0.005398482 6385750 0.03714227 0.06095497 0.2704688
0.04963969 0.1333277 0.005398482 6485845 0.03714227 0.06095497 0.2704688
0.04399939 0.1353886 0.004853874 6605957 0.03115783 0.06179794 0.2711337
0.04399939 0.1353886 0.004853874 6716052 0.03115783 0.06179794 0.2711337
0.03801733 0.1375878 0.004098147 6826152 0.02508464 0.06284281 0.2716681
0.03227483 0.1394578 0.003468975 6936251 0.0188211 0.06392497 0.2721614
0.03227483 0.1394578 0.003468975 7056355 0.0188211 0.06392497 0.2721614
0.02663353 0.1410142 0.002930984 7156446 0.01280243 0.064809 0.2725516
0.02023712 0.1426361 0.002656594 7276558 0.007004238 0.0654262 0.2728199
0.01440135 0.143582 0.002295509 7406688 0.001638217 0.06545468 0.2727824
0.01440135 0.143582 0.002295509 7496769 0.001638217 0.06545468 0.2727824
0.008506158 0.1443874 0.001807719 7606852 -0.003771925 0.0652869 0.2724387
0.0024288 0.1451258 0.001255959 7746979 -0.009361049 0.06516103 0.2719181
0.0024288 0.1451258 0.001255959 7837072 -0.009361049 0.06516103 0.2719181
-0.003200205 0.1455721 0.0004815161 7947175 -0.01492056 0.06501812 0.2712359
-0.008982356 0.1458326 -0.0003910512 8057263 -0.02035946 0.06477229 0.2703864
-0.008982356 0.1458326 -0.0003910512 8167370 -0.02035946 0.06477229 0.2703864
-0.01490949 0.1457643 -0.0009828657 8287466 -0.02567392 0.06404836 0.2693231
-0.02086402 0.14512 -0.001477599 8397756 -0.03108617 0.06288815 0.2681467
-0.02086402 0.14512 -0.001477599 8507681 -0.03108617 0.06288815 0.2681467
-0.02706475 0.1441157 -0.001960933 8617943 -0.0364662 0.06162076 0.266896
-0.03390099 0.1429283 -0.002283812 8727864 -0.04188242 0.06037213 0.2654982
-0.03390099 0.1429283 -0.002283812 8838174 -0.04188242 0.06037213 0.2654982
-0.04017155 0.1412186 -0.002413273 8958084 -0.04726936 0.05891996 0.2641847
-0.04568297 0.1388236 -0.002297476 9068187 -0.05249139 0.05714343 0.2631293
-0.04568297 0.1388236 -0.002297476 9198288 -0.05249139 0.05714343 0.2631293
-0.05160601 0.1362279 -0.002235189 9288378 -0.0574794 0.05513915 0.2617502
-0.05742031 0.1333113 -0.002243653 9398473 -0.0623128 0.05302143 0.2602984
-0.05742031 0.1333113 -0.002243653 9518577 -0.0623128 0.05302143 0.2602984
-0.06295419 0.1303733 -0.00218913 9628677 -0.0670099 0.05086676 0.2587489
-0.06824236 0.1274614 -0.002204254 9738776 -0.07163482 0.04871511 0.2570626
-0.07352279 0.1242434 -0.002173886 9848875 -0.07635432 0.04647812 0.2553572
-0.07352279 0.1242434 -0.002173886 9968984 -0.07635432 0.04647812 0.2553572
-0.07887463 0.1206336 -0.002134725 10109110 -0.08092767 0.04407925 0.2535988
-0.08418213 0.1169672 -0.002127603 10339318 -0.08515181 0.04158612 0.2516634
-0.08950086 0.1129578 -0.00211826 10589544 -0.08926117 0.03879697 0.2495804
-0.09937335 0.1053989 -0.003026083 10779715 -0.09721012 0.03318151 0.2446559
-0.1043659 0.1013341 -0.003774017 10999914 -0.1012912 0.03027909 0.2419101
-0.1090452 0.0974068 -0.004615232 11230126 -0.1052145 0.02748114 0.2391474
-0.113142 0.09344932 -0.005659536 11450321 -0.1085787 0.02461259 0.2365192
-0.1218985 0.08424965 -0.006479815 11690545 -0.1139346 0.01837518 0.2316734
-0.1261901 0.07925121 -0.006572977 11900727 -0.1162575 0.01492299 0.2293439
-0.130164 0.07441804 -0.006812066 12120926 -0.1187976 0.01145812 0.2269616
-0.1376368 0.06378093 -0.007335186 12361147 -0.1243234 0.004340062 0.2225461
-0.1409975 0.05848651 -0.007475361 12571340 -0.126895 0.000780458 0.2205438
-0.1475815 0.04775446 -0.007866308 12781522 -0.1310669 -0.00628709 0.216529
-0.1507398 0.04248719 -0.008010566 12871607 -0.1327795 -0.009813558 0.2145482
-0.1507398 0.04248719 -0.008010566 12981711 -0.1327795 -0.009813558 0.2145482
-0.153744 0.03736194 -0.008003369 13091806 -0.1344516 -0.01330477 0.2126731
-0.1564147 0.03230876 -0.007839948 13201901 -0.1359678 -0.01683125 0.2110614
-0.1564147 0.03230876 -0.007839948 13312005 -0.1359678 -0.01683125 0.2110614
-0.1590553 0.0269643 -0.007240519 13442122 -0.1374823 -0.02048216 0.2097153
-0.1613618 0.02196617 -0.006441563 13542208 -0.1389787 -0.02417313 0.2085716
-0.1613618 0.02196617 -0.006441563 13652316 -0.1389787 -0.02417313 0.2085716
-0.1633593 0.01737853 -0.005649701 13762419 -0.1405399 -0.02777046 0.2075377
-0.1651701 0.01283703 -0.004907906 13882519 -0.1422824 -0.03129427 0.2066038
-0.1651701 0.01283703 -0.004907906 13992619 -0.1422824 -0.03129427 0.2066038
-0.1667599 0.008518036 -0.004490525 14102718 -0.1440229 -0.03451272 0.2056903
-0.1681463 0.00445404 -0.004197374 14222835 -0.1456659 -0.03751744 0.2048571
-0.1681463 0.00445404 -0.004197374 14322921 -0.1456659 -0.03751744 0.2048571
-0.1694316 0.0003367361 -0.003855854 14443037 -0.1470496 -0.0406203 0.2041276
-0.1705154 -0.003229175 -0.00357154 14563130 -0.1480547 -0.04368135 0.2034115
-0.1716464 -0.007038017 -0.003286675 14663220 -0.1488714 -0.04693053 0.2026843
-0.1716464 -0.007038017 -0.003286675 14773319 -0.1488714 -0.04693053 0.2026843
-0.1716464 -0.007038017 -0.003286675 14893428 -0.1488714 -0.04693053 0.2026843
-0.1727343 -0.01068342 -0.003155872 15003527 -0.1495312 -0.04991676 0.2019491
-0.1736185 -0.01408248 -0.003292546 15103621 -0.1498912 -0.05257185 0.2012884
-0.1745322 -0.01758941 -0.00323768 15223726 -0.1502431 -0.05526106 0.2007221
-0.1745322 -0.01758941 -0.00323768 15353847 -0.1502431 -0.05526106 0.2007221
-0.1753499 -0.02084329 -0.003108367 15453938 -0.1505075 -0.05794581 0.2002127
-0.175957 -0.02405847 -0.00293757 15554028 -0.1508144 -0.06064447 0.1998832
-0.175957 -0.02405847 -0.00293757 15684145 -0.1508144 -0.06064447 0.1998832
-0.176408 -0.02720724 -0.002650067 15784232 -0.1512258 -0.06342175 0.1997003
-0.1765409 -0.03016981 -0.002263978 15904340 -0.1517213 -0.06615911 0.1997985
-0.1765409 -0.03016981 -0.002263978 16034457 -0.1517213 -0.06615911 0.1997985
-0.1762094 -0.03308858 -0.002020255 16144557 -0.1522741 -0.06876765 0.2002353
-0.1758369 -0.03597344 -0.001465246 16364751 -0.1528935 -0.07134356 0.2008786
-0.1749631 -0.03895214 -0.001088977 16594979 -0.1534255 -0.07381401 0.2019133
-0.1719625 -0.04467162 -0.0002298355 16825171 -0.1544597 -0.07873756 0.205059
-0.170013 -0.04755972 0.0001427978 17045370 -0.1548286 -0.08115562 0.2070035
-0.1677711 -0.05039934 0.0003259629 17265577 -0.1551098 -0.08345187 0.2090831
-0.1626512 -0.05657651 0.0002395362 17455740 -0.15509 -0.08791903 0.2135838
-0.1598534 -0.05999986 0.0002968907 17565843 -0.1548934 -0.09037729 0.2160805
-0.1598534 -0.05999986 0.0002968907 17695965 -0.1548934 -0.09037729 0.2160805
-0.1568469 -0.06316551 0.0004196018 17796047 -0.1545613 -0.09290836 0.2186901
-0.1541657 -0.06649115 0.0008909851 17906146 -0.1541566 -0.09562545 0.2212865
-0.1541657 -0.06649115 0.0008909851 18016254 -0.1541566 -0.09562545 0.2212865
-0.151361 -0.06980617 0.00128001 18126345 -0.1536012 -0.09825081 0.2239283
-0.148491 -0.07328001 0.001517281 18236449 -0.1529496 -0.1007651 0.2265329
-0.148491 -0.07328001 0.001517281 18356553 -0.1529496 -0.1007651 0.2265329
-0.1457197 -0.07685355 0.001791403 18466652 -0.1522987 -0.1033504 0.2290595
-0.1429792 -0.08023418 0.001959085 18576760 -0.1516618 -0.1058885 0.2314031
-0.1399513 -0.08383237 0.001887798 18686851 -0.1510324 -0.108374 0.2337338
-0.1399513 -0.08383237 0.001887798 18796950 -0.1510324 -0.108374 0.2337338
-0.1368705 -0.08747486 0.001886874 18917059 -0.1504894 -0.1108116 0.2360872
-0.1368705 -0.08747486 0.001886874 19027162 -0.1504894 -0.1108116 0.2360872
-0.1333738 -0.09118105 0.001682341 19157276 -0.1498992 -0.1132428 0.2384599
-0.129905 -0.09501061 0.001512721 19267379 -0.1493098 -0.1157738 0.2407431
-0.129905 -0.09501061 0.001512721 19387487 -0.1493098 -0.1157738 0.2407431
-0.1261372 -0.0986471 0.001238436 19577655 -0.1483926 -0.1181574 0.2430618
-0.1221534 -0.1020821 0.0009363145 19737799 -0.1470886 -0.1204117 0.2454362
-0.1180977 -0.1056103 0.0004716367 19957998 -0.1454571 -0.1225768 0.2476658
-0.1097208 -0.1122303 -0.0007884353 20178201 -0.1407591 -0.1262679 0.2519272
-0.1052772 -0.1157165 -0.001575679 20408405 -0.1375747 -0.1281009 0.2540528
-0.1009101 -0.1188849 -0.002227783 20628607 -0.1343147 -0.1300995 0.2561158
-0.09108429 -0.1246038 -0.003684506 20848806 -0.1277156 -0.1345172 0.2598998
-0.08594945 -0.1273934 -0.004523426 21079010 -0.1242601 -0.1364861 0.2615213
-0.0748045 -0.1329117 -0.00640972 21299208 -0.1159448 -0.1389043 0.2646931
-0.06953364 -0.1357136 -0.007333606 21519407 -0.1112224 -0.1397159 0.266162
-0.06391996 -0.1383884 -0.008157775 21739606 -0.106209 -0.140502 0.2676657
-0.05841599 -0.1408944 -0.008837476 21969814 -0.1011892 -0.1414564 0.2690888
-0.04731302 -0.1454341 -0.01010779 22190016 -0.09117109 -0.1433358 0.2713906
-0.04172539 -0.1474651 -0.01056625 22420220 -0.08629667 -0.1440103 0.272387
-0.03615533 -0.1494936 -0.01099046 22660437 -0.08163388 -0.1447126 0.2731425
-0.02529448 -0.1527081 -0.01160479 22860618 -0.07380843 -0.1464707 0.2737594
-0.01952631 -0.1534573 -0.01154244 23100830 -0.07034956 -0.147003 0.2739014
-0.007976335 -0.153872 -0.0111203 23331042 -0.06327644 -0.1473983 0.2738335
-0.001913085 -0.152768 -0.01056716 23531223 -0.05935785 -0.1469442 0.2738294
0.003579085 -0.1519333 -0.01018855 23761443 -0.05509079 -0.1461279 0.2738121
0.01502727 -0.1486751 -0.009216398 23981633 -0.04510748 -0.1430924 0.2738079
0.02057481 -0.1468768 -0.008750916 24201836 -0.03996502 -0.141256 0.2736361
0.02603964 -0.1449942 -0.008294553 24442045 -0.03463473 -0.1391561 0.2733955
0.03662731 -0.1406404 -0.007276446 24652238 -0.02322741 -0.1343039 0.2729885
0.04166882 -0.1385311 -0.007004023 24882442 -0.01747586 -0.1320159 0.2724963
0.0467719 -0.1363673 -0.006863475 25122659 -0.01175374 -0.1296735 0.2716842
0.05694884 -0.1321274 -0.00639829 25322840 -0.001074348 -0.1244955 0.2694517
0.06177269 -0.130285 -0.006336838 25543038 0.003721453 -0.1219369 0.2679552
0.06664266 -0.1282064 -0.006025076 25763241 0.008084984 -0.1195786 0.2663181
0.07128961 -0.1258406 -0.005479857 25993449 0.01191561 -0.1174025 0.2646839
0.07988177 -0.1201141 -0.003417999 26223652 0.01867744 -0.1129926 0.2618975
0.08375306 -0.1167352 -0.002064809 26433850 0.02178683 -0.1106616 0.2607692
0.09081226 -0.1099913 0.001226872 26664054 0.02749097 -0.10598 0.2588665
0.09421086 -0.1062363 0.003123358 26904267 0.03034688 -0.1032995 0.2579913
0.1006217 -0.09916127 0.007135361 27104447 0.03610726 -0.09777688 0.2563528
0.1036523 -0.09560359 0.009231389 27334651 0.03898142 -0.09495435 0.255569
0.1065109 -0.09225727 0.01113345 27574880 0.0419542 -0.09207355 0.2548086
0.1093498 -0.08890972 0.01316275 27775052 0.04521054 -0.08921586 0.2541661
0.1145677 -0.08258173 0.01620162 28025286 0.05162369 -0.08386157 0.2526972
0.1171201 -0.07937924 0.01750183 28235476 0.05462275 -0.08132023 0.2517539
0.1217271 -0.07387429 0.01955231 28455667 0.05972469 -0.07616829 0.2495987
0.1239126 -0.07118192 0.02035059 28675869 0.0620142 -0.07367524 0.2483975
0.1259171 -0.06856003 0.02080752 28896064 0.06408862 -0.07129378 0.247175
0.1278283 -0.06623095 0.02082703 29126276 0.06590588 -0.06910069 0.2457822
0.1315916 -0.06176868 0.02066821 29366489 0.06913526 -0.06460161 0.2427685
0.1334677 -0.05992164 0.02013424 29566669 0.07052309 -0.06240575 0.2410128
0.13738 -0.05576501 0.01857801 29796881 0.07307278 -0.0583193 0.2371241
0.1393172 -0.05383793 0.01756598 30017084 0.07433302 -0.05666253 0.2351582
0.1410904 -0.05169543 0.01663233 30237274 0.07551867 -0.05501995 0.2333853
0.1435908 -0.04758528 0.01429519 30497509 0.07728716 -0.05214279 0.2306962
0.1445622 -0.04532706 0.01311614 30687685 0.07792969 -0.05088267 0.2295578
0.1454547 -0.04297116 0.01229078 30917889 0.07844239 -0.04949096 0.2285298
0.1470089 -0.03849032 0.01039453 31268205 0.0789997 -0.04635145 0.2264784
0.1481279 -0.03376393 0.008629024 31468385 0.07998466 -0.04375067 0.2250671
0.1484381 -0.03125742 0.00784111 31698605 0.08064303 -0.04266093 0.2246799
0.1488006 -0.02873904 0.006944254 31938810 0.08133373 -0.04153928 0.2241935
0.1498085 -0.0240653 0.005348518 32149000 0.08271103 -0.03931639 0.2229333
0.1503165 -0.02194822 0.004395902 32379215 0.08337342 -0.03821064 0.2222467
0.1506349 -0.01994546 0.00324063 32589405 0.08396185 -0.03724611 0.2216593
0.1514092 -0.01597911 0.0007149428 32809600 0.08496828 -0.03567078 0.2201274
0.1518882 -0.01443052 -0.0008578449 33049813 0.08505079 -0.03502168 0.2190628
0.1524086 -0.01279966 -0.001981586 33260006 0.08477893 -0.03420675 0.2179926
0.1530311 -0.009715979 -0.004373148 33490214 0.08363076 -0.03243989 0.2160973
0.153171 -0.008162869 -0.005394682 33710409 0.08328184 -0.03177686 0.2154029
0.1532858 -0.006667009 -0.006116807 33930607 0.08318638 -0.03130241 0.2148726
0.1531806 -0.003761338 -0.007295012 34180833 0.08294655 -0.03042476 0.2141826
0.1530467 -0.002299856 -0.007921442 34371013 0.08275633 -0.02992322 0.2138844
0.1530124 -0.0009537949 -0.008465558 34601213 0.08273262 -0.02942161 0.2135835
0.1531575 0.0001783006 -0.00866954 34831424 0.08283123 -0.02900781 0.2132728
0.1533542 0.00252339 -0.008909807 35051623 0.08306412 -0.02769687 0.2128845
0.1532958 0.003600731 -0.009104416 35301845 0.08300094 -0.02678693 0.2128394
0.1524382 0.005820837 -0.01007161 35502030 0.08249517 -0.02549111 0.2130231
