0.1454734 -0.002764279 0.005916466 0 0.1255864 -0.02041848 0.1459132
0.1458174 -0.002317073 0.005598655 110100 0.1259782 -0.02029265 0.1455612
0.1458174 -0.002317073 0.005598655 220199 0.1259782 -0.02029265 0.1455612
0.1462852 -0.001876326 0.005353441 330303 0.1264826 -0.02024324 0.1452705
0.1469165 -0.0011995 0.005123247 450419 0.1270066 -0.02013002 0.1449499
0.1469165 -0.0011995 0.005123247 560518 0.1270066 -0.02013002 0.1449499
0.1472451 -0.0001742929 0.00482892 670610 0.1274094 -0.01979185 0.1445713
0.1476904 0.000873311 0.004610528 790714 0.1278386 -0.01923857 0.1442804
0.1476904 0.000873311 0.004610528 890804 0.1278386 -0.01923857 0.1442804
0.1481049 0.002311824 0.004495372 1010913 0.1283153 -0.01849459 0.1440723
0.148162 0.004157356 0.004351963 1121016 0.1285457 -0.01753883 0.1438179
0.148162 0.004157356 0.004351963 1231124 0.1285457 -0.01753883 0.1438179
0.148247 0.006376273 0.004410971 1341211 0.1284228 -0.0164328 0.1436697
0.1480359 0.00914213 0.004565943 1461319 0.1281096 -0.01546539 0.1435035
0.1480359 0.00914213 0.004565943 1561409 0.1281096 -0.01546539 0.1435035
0.1471455 0.0126672 0.004551161 1691774 0.1274225 -0.01430393 0.1430784
0.1466801 0.01607702 0.004462112 1791796 0.1268246 -0.01268143 0.1426104
0.1466801 0.01607702 0.004462112 1901717 0.1268246 -0.01268143 0.1426104
0.1460339 0.01965894 0.004273641 2011816 0.1260911 -0.01035623 0.1421418
0.1453598 0.02321228 0.004192341 2121915 0.1252626 -0.007715353 0.1418363
0.1453598 0.02321228 0.004192341 2242024 0.1252626 -0.007715353 0.1418363
0.1442675 0.02707363 0.004359472 2352127 0.1241793 -0.005202481 0.1416947
0.1431672 0.03123318 0.004719722 2462222 0.12322 -0.002874055 0.1416323
0.1431672 0.03123318 0.004719722 2572322 0.12322 -0.002874055 0.1416323
0.1418106 0.03523696 0.005125033 2682421 0.1221486 -0.0006595039 0.1416209
0.1408246 0.03939427 0.005623686 2792520 0.1211544 0.001928679 0.141696
0.1408246 0.03939427 0.005623686 2912633 0.1211544 0.001928679 0.141696
0.1392891 0.04316507 0.005988228 3022728 0.1198654 0.004887037 0.1418697
0.1380517 0.04711547 0.006501066 3132828 0.1184871 0.008022211 0.14213
0.1380517 0.04711547 0.006501066 3242931 0.1184871 0.008022211 0.14213
0.1363635 0.05073402 0.006872164 3353026 0.1169836 0.01077911 0.1422763
0.1350713 0.05458649 0.00739895 3473143 0.1155787 0.01322802 0.1423647
0.1350713 0.05458649 0.00739895 3583238 0.1155787 0.01322802 0.1423647
0.1335829 0.05792395 0.007829653 3693333 0.1139762 0.01532083 0.1423912
0.1322609 0.06173753 0.00842248 3803437 0.1122448 0.01740562 0.1423639
0.1322609 0.06173753 0.00842248 3913536 0.1122448 0.01740562 0.1423639
0.1313333 0.06488451 0.009074912 4033640 0.1103694 0.0190677 0.1423701
0.1297583 0.06809923 0.009631262 4133743 0.1082485 0.02046549 0.1422006
0.1297583 0.06809923 0.009631262 4253843 0.1082485 0.02046549 0.1422006
0.128322 0.07118481 0.0101925 4373960 0.1061899 0.02158394 0.1419353
0.1269136 0.07418035 0.01074623 4484067 0.1041269 0.02266928 0.1416417
0.1269136 0.07418035 0.01074623 4584145 0.1041269 0.02266928 0.1416417
0.1254257 0.07696057 0.01121138 4724272 0.1020246 0.02377942 0.1413283
0.1236986 0.07977569 0.01148842 4814345 0.09995188 0.02501779 0.1408868
0.1236986 0.07977569 0.01148842 4924448 0.09995188 0.02501779 0.1408868
0.1220202 0.082518 0.01166128 5054562 0.09793548 0.02628511 0.1403626
0.1204424 0.08532086 0.01175927 5144651 0.09614281 0.02761912 0.1397682
0.1204424 0.08532086 0.01175927 5254763 0.09614281 0.02761912 0.1397682
0.1187186 0.0878574 0.01163648 5374859 0.09444439 0.02887895 0.1390671
0.1168535 0.09069521 0.01152919 5484950 0.09280916 0.03024884 0.1383139
0.1168535 0.09069521 0.01152919 5595062 0.09280916 0.03024884 0.1383139
0.1150246 0.09315083 0.01133369 5705153 0.09119983 0.03151768 0.1375874
0.1129531 0.09582466 0.01103745 5825265 0.08963126 0.03305116 0.1368223
0.1109612 0.09812104 0.01065467 5925356 0.0879595 0.0347403 0.1361938
0.1109612 0.09812104 0.01065467 6045460 0.0879595 0.0347403 0.1361938
0.1085745 0.1005986 0.01020239 6155555 0.08593589 0.03677243 0.1355817
0.1063179 0.1030575 0.009789213 6265853 0.0837575 0.03884991 0.1349877
0.1063179 0.1030575 0.009789213 6375762 0.0837575 0.03884991 0.1349877
0.1039909 0.105384 0.009322269 6495862 0.08156247 0.040836 0.1343694
0.1013923 0.1076887 0.008824451 6605962 0.07942295 0.04278251 0.1337676
0.1013923 0.1076887 0.008824451 6716061 0.07942295 0.04278251 0.1337676
0.09877258 0.109973 0.008412821 6836178 0.07724449 0.04473951 0.1332623
0.09582752 0.112119 0.007992012 6946463 0.07479693 0.04675403 0.1328574
0.09582752 0.112119 0.007992012 7046363 0.07479693 0.04675403 0.1328574
0.09286591 0.1143136 0.007685645 7166468 0.07208756 0.04880416 0.1325177
0.08977562 0.1163909 0.007429821 7276567 0.06899206 0.05090725 0.1322745
0.08977562 0.1163909 0.007429821 7386670 0.06899206 0.05090725 0.1322745
0.08662578 0.1186293 0.007218582 7496770 0.06564601 0.0531094 0.1320114
0.08324802 0.1204566 0.006792647 7606865 0.06217356 0.05519697 0.1317059
0.08324802 0.1204566 0.006792647 7726973 0.06217356 0.05519697 0.1317059
0.08029173 0.1222702 0.006445629 7837073 0.05898492 0.05718785 0.1314119
0.07707639 0.1239189 0.005902034 7947172 0.05591483 0.0590235 0.1309901
0.07707639 0.1239189 0.005902034 8067276 0.05591483 0.0590235 0.1309901
0.07427211 0.1255164 0.005382282 8167375 0.0533019 0.06054628 0.1304638
0.07427211 0.1255164 0.005382282 8277470 0.0533019 0.06054628 0.1304638
0.0716818 0.1268852 0.004819375 8397579 0.05091321 0.06180811 0.1298789
0.06913662 0.1284926 0.004267198 8507678 0.04857628 0.06310185 0.1291975
0.06678133 0.1299247 0.00356732 8617781 0.04629239 0.06442793 0.1284539
0.06678133 0.1299247 0.00356732 8737886 0.04629239 0.06442793 0.1284539
0.06464577 0.1313129 0.002817612 8847985 0.04419614 0.06585267 0.1277298
0.06250076 0.1327653 0.002034407 8958084 0.04223174 0.06718835 0.1269147
0.06250076 0.1327653 0.002034407 9068184 0.04223174 0.06718835 0.1269147
0.06041996 0.134341 0.001228552 9178291 0.04049253 0.06856578 0.1260595
0.05848247 0.1356105 0.0002472213 9298396 0.03894551 0.06975323 0.1250967
0.05848247 0.1356105 0.0002472213 9408491 0.03894551 0.06975323 0.1250967
0.05639328 0.1372817 -0.000495572 9508581 0.03746386 0.07112277 0.124288
0.05438608 0.1389456 -0.001186628 9618681 0.03603224 0.07245925 0.1235088
0.05438608 0.1389456 -0.001186628 9738789 0.03603224 0.07245925 0.1235088
0.05220456 0.1402657 -0.001959224 9848892 0.03438117 0.07373752 0.1227908
0.04980615 0.1418773 -0.002590914 9958988 0.03249663 0.07517308 0.1221375
0.04980615 0.1418773 -0.002590914 10079096 0.03249663 0.07517308 0.1221375
0.04763094 0.1435823 -0.003156562 10179186 0.0306015 0.0767185 0.1215249
0.04524738 0.1451381 -0.003900786 10299295 0.02870411 0.07829767 0.1208587
0.04524738 0.1451381 -0.003900786 10409394 0.02870411 0.07829767 0.1208587
0.04285645 0.1467476 -0.004760524 10519506 0.02693065 0.07998788 0.1201225
0.04285645 0.1467476 -0.004760524 10629597 0.02693065 0.07998788 0.1201225
0.04041347 0.1481569 -0.005595227 10739696 0.02512346 0.08166078 0.1195077
0.03803515 0.1494686 -0.006274124 10859805 0.02328657 0.08311963 0.1189718
0.03559442 0.1506672 -0.006865641 10969900 0.02142972 0.08434715 0.118463
0.03559442 0.1506672 -0.006865641 11079999 0.02142972 0.08434715 0.118463
0.03272928 0.1517734 -0.007386347 11190099 0.01947004 0.08530398 0.1179622
0.02990052 0.1528628 -0.007919094 11320220 0.01756489 0.08619671 0.1174194
0.02740185 0.1537455 -0.008435985 11410297 0.01558748 0.08714932 0.1169898
0.02740185 0.1537455 -0.008435985 11530406 0.01558748 0.08714932 0.1169898
0.02474575 0.1545355 -0.008934041 11660519 0.01335689 0.0880692 0.1165999
0.02193509 0.1549294 -0.009546181 11760614 0.01103915 0.08882648 0.1162232
0.02193509 0.1549294 -0.009546181 11860704 0.01103915 0.08882648 0.1162232
0.01903616 0.155482 -0.01000371 11990821 0.008854359 0.08948597 0.1158817
0.01584014 0.1559501 -0.01044049 12090912 0.00670889 0.08995184 0.1155243
0.01584014 0.1559501 -0.01044049 12201015 0.00670889 0.08995184 0.1155243
0.01282556 0.1569076 -0.01055576 12331128 0.004401758 0.09059605 0.1152936
0.009584099 0.1571127 -0.01099159 12431219 0.001728714 0.09099749 0.1149977
0.009584099 0.1571127 -0.01099159 12531313 0.001728714 0.09099749 0.1149977
0.006220385 0.1573529 -0.01131858 12671440 -0.001113266 0.09148306 0.1148307
0.003105655 0.1574537 -0.01167121 12771526 -0.003901035 0.09194642 0.1146853
0.003105655 0.1574537 -0.01167121 12871620 -0.003901035 0.09194642 0.1146853
1.858175E-05 0.1575282 -0.01194789 12991733 -0.006702483 0.09231537 0.1145763
1.858175E-05 0.1575282 -0.01194789 13111837 -0.006702483 0.09231537 0.1145763
-0.00341633 0.1574916 -0.01220264 13201914 -0.009530276 0.09256327 0.1144985
-0.00695479 0.1574654 -0.01224496 13322031 -0.01229841 0.09254339 0.1144943
-0.00695479 0.1574654 -0.01224496 13432122 -0.01229841 0.09254339 0.1144943
-0.01075706 0.1574863 -0.01225521 13542225 -0.01520389 0.09240651 0.1144377
-0.01532483 0.1567978 -0.01265528 13652325 -0.01865405 0.09202167 0.1142274
-0.0186373 0.1565918 -0.01276006 13782438 -0.02182627 0.09206426 0.1142529
-0.0186373 0.1565918 -0.01276006 13882532 -0.02182627 0.09206426 0.1142529
-0.02120298 0.1562258 -0.01276769 13992632 -0.02460128 0.09204489 0.1144153
-0.02120298 0.1562258 -0.01276769 14122745 -0.02460128 0.09204489 0.1144153
-0.02496806 0.1559523 -0.01282348 14212839 -0.02748618 0.09186726 0.1144284
-0.02882344 0.1552113 -0.01308014 14322934 -0.03024996 0.09120797 0.1142297
-0.02882344 0.1552113 -0.01308014 14433025 -0.03024996 0.09120797 0.1142297
-0.03214538 0.1546683 -0.01314189 14543133 -0.03287497 0.0906963 0.1141896
-0.03596187 0.1542496 -0.01321854 14663237 -0.03599381 0.09044281 0.1141978
-0.03596187 0.1542496 -0.01321854 14773340 -0.03599381 0.09044281 0.1141978
-0.03953916 0.1534134 -0.01334324 14883444 -0.03923246 0.09014049 0.1143387
-0.0431107 0.1530158 -0.01326647 14993543 -0.04226303 0.08985251 0.1144674
-0.0431107 0.1530158 -0.01326647 15113647 -0.04226303 0.08985251 0.1144674
-0.04702747 0.1524786 -0.01314547 15243757 -0.04535794 0.08928445 0.114565
-0.05079499 0.1515351 -0.0130656 15333838 -0.04850054 0.08848605 0.1147069
-0.05492178 0.1502433 -0.01299753 15443950 -0.05199575 0.08760315 0.114963
-0.05492178 0.1502433 -0.01299753 15574055 -0.05199575 0.08760315 0.114963
-0.0587247 0.1490951 -0.01283099 15674145 -0.05533373 0.0867705 0.115272
-0.0587247 0.1490951 -0.01283099 15784245 -0.05533373 0.0867705 0.115272
-0.06232306 0.1475784 -0.01275661 15914362 -0.05847031 0.0856671 0.1155337
-0.0662432 0.1462652 -0.0126796 16014452 -0.06165802 0.08460593 0.115708
-0.07002911 0.1447564 -0.01272382 16124552 -0.06470436 0.08345383 0.115806
-0.07002911 0.1447564 -0.01272382 16244664 -0.06470436 0.08345383 0.115806
-0.07359684 0.142874 -0.01294555 16344750 -0.06745657 0.08216056 0.1158272
-0.07359684 0.142874 -0.01294555 16454850 -0.06745657 0.08216056 0.1158272
-0.07729423 0.1410505 -0.01316752 16564953 -0.07011414 0.0809268 0.115828
-0.08071625 0.1391082 -0.01334312 16675048 -0.07267317 0.07939565 0.1157924
-0.08431453 0.1369079 -0.01359572 16795157 -0.0753268 0.07767167 0.1156968
-0.08431453 0.1369079 -0.01359572 17015364 -0.0753268 0.07767167 0.1156968
-0.09136552 0.1323943 -0.01418879 17155486 -0.080975 0.0742357 0.1154872
-0.09136552 0.1323943 -0.01418879 17385690 -0.080975 0.0742357 0.1154872
-0.09755841 0.1273471 -0.01478507 17605893 -0.08682001 0.07094789 0.1156377
-0.1004424 0.1244561 -0.01507999 17826087 -0.08960643 0.06899658 0.115737
-0.1064668 0.1184496 -0.0156038 18056295 -0.0946188 0.064605 0.1157988
-0.1092214 0.1150238 -0.01595237 18276498 -0.09690192 0.06227588 0.115851
-0.1118755 0.1115663 -0.01627566 18506701 -0.09912071 0.05982085 0.1158833
-0.1163698 0.1047706 -0.01706733 18726900 -0.1026487 0.05457335 0.1155909
-0.1185821 0.1012467 -0.01760187 18947107 -0.1042897 0.05198773 0.1153475
-0.120879 0.09754606 -0.01821877 19177315 -0.1059065 0.0495631 0.1151218
-0.1253698 0.09065539 -0.01938941 19417523 -0.1089597 0.04463747 0.1144737
-0.1277541 0.08725041 -0.0199609 19617704 -0.1106522 0.04213404 0.1141223
-0.1300006 0.08386511 -0.0203829 19857925 -0.1124597 0.03970211 0.1139607
-0.1342373 0.07701015 -0.02074315 20088133 -0.1161083 0.03474828 0.1141329
-0.135897 0.0735889 -0.02082231 20288321 -0.1175776 0.03231557 0.1143337
-0.1376962 0.06986251 -0.02090289 20518671 -0.1188533 0.02992942 0.1145835
-0.1384511 0.06638384 -0.02081515 20738886 -0.1197104 0.02782928 0.1150841
-0.1403421 0.05856564 -0.02118792 20959109 -0.1217226 0.02332481 0.1156245
-0.1406525 0.05469245 -0.02139451 21209140 -0.1219949 0.02091783 0.1157821
-0.1423492 0.0469296 -0.0218413 21409471 -0.1217666 0.01516049 0.115539
-0.1430181 0.04329028 -0.02205946 21629540 -0.121671 0.01222285 0.1153646
-0.1437508 0.03907501 -0.02230848 21859906 -0.1218078 0.009398332 0.1153289
-0.1441436 0.0312268 -0.02297534 22079938 -0.1223373 0.004169902 0.1152226
-0.144294 0.02706096 -0.02334858 22320147 -0.122297 0.001601657 0.1151224
-0.1446958 0.02279413 -0.02360226 22530341 -0.1222693 -0.001096318 0.1150793
-0.1446098 0.0187117 -0.02364291 22750722 -0.1219879 -0.003904382 0.1152204
-0.1447349 0.01002891 -0.02312626 22970912 -0.1215068 -0.009680073 0.1160796
-0.1444342 0.005515588 -0.02263047 23200954 -0.1211464 -0.0126392 0.1167766
-0.1435085 -0.004028235 -0.02117683 23441171 -0.1205398 -0.01924668 0.1186341
-0.1429271 -0.008757804 -0.02039553 23641351 -0.1202331 -0.022667 0.1195965
-0.1420233 -0.01359845 -0.01962699 23861534 -0.1198235 -0.0263497 0.1205544
-0.1396618 -0.02342316 -0.01797308 24111760 -0.1183817 -0.03409122 0.1225246
-0.1381622 -0.02854512 -0.01706494 24321957 -0.1174903 -0.03800092 0.1236103
-0.1348913 -0.03889412 -0.01508499 24542148 -0.115273 -0.04559217 0.1258991
-0.1331413 -0.0440466 -0.01401664 24762359 -0.1139993 -0.04957021 0.1270838
-0.1313927 -0.04912484 -0.01305545 24982566 -0.1126904 -0.05379321 0.1281348
-0.1294026 -0.05400524 -0.01213563 25232771 -0.1111069 -0.05787988 0.1291319
-0.1248884 -0.06375449 -0.01045442 25432956 -0.1076335 -0.06540762 0.1309874
-0.1229064 -0.06853233 -0.009485967 25663160 -0.1058876 -0.06897299 0.1319934
-0.1205164 -0.07290269 -0.008411176 25883358 -0.1041121 -0.07256506 0.133141
-0.1158268 -0.08088878 -0.006051308 26113570 -0.1008615 -0.07938997 0.1356528
-0.1132337 -0.08477857 -0.004755145 26323760 -0.09914273 -0.08249314 0.137028
-0.1104958 -0.08840122 -0.003434425 26553968 -0.09725398 -0.08551629 0.1384196
-0.1049631 -0.09507829 -0.0009446196 26774162 -0.09281021 -0.09093426 0.1409757
-0.1015476 -0.09799673 0.0002132605 27004374 -0.09039071 -0.09334086 0.1421995
-0.09618917 -0.1039185 0.002870794 27224573 -0.08612898 -0.09793314 0.1448891
-0.09245998 -0.1066752 0.004135843 27454789 -0.08337495 -0.1002367 0.1462002
-0.08933979 -0.1093536 0.005458113 27694997 -0.08060139 -0.1026342 0.1475312
-0.08271453 -0.1147123 0.007843014 27895182 -0.073989 -0.1067897 0.1498548
-0.07908234 -0.1173678 0.008990881 28125382 -0.07021862 -0.1087006 0.1509507
-0.0749087 -0.1195726 0.01009977 28365602 -0.06620398 -0.1105092 0.1520447
-0.06694046 -0.1243095 0.01245785 28565775 -0.05858672 -0.114178 0.1543516
-0.06294727 -0.1262394 0.01357865 28805996 -0.05507219 -0.1157631 0.1554747
-0.05851734 -0.1281773 0.01472771 29006176 -0.05147988 -0.1172745 0.1566356
-0.05026019 -0.1318229 0.01692784 29236384 -0.04429731 -0.1201818 0.1588264
-0.0458087 -0.1334208 0.01814365 29476605 -0.04028636 -0.1217677 0.160059
-0.04162595 -0.1347765 0.01927412 29676786 -0.03610277 -0.1233277 0.161206
-0.03766343 -0.1360655 0.02034628 29917002 -0.03197595 -0.1248671 0.1622917
-0.02820623 -0.1382197 0.02226233 30127188 -0.02319315 -0.1275746 0.1642758
-0.02341947 -0.1399638 0.02309847 30357396 -0.01846358 -0.1288751 0.16508
-0.01850581 -0.1413666 0.02360618 30607626 -0.01354262 -0.1299352 0.1655602
-0.009042501 -0.1430708 0.02413678 30797801 -0.00374803 -0.1316672 0.1660811
-0.004244238 -0.1435549 0.02406287 31028005 0.001039207 -0.1323896 0.1660265
0.004769772 -0.1444204 0.02312315 31278227 0.01025373 -0.1329025 0.165051
0.008688658 -0.1446044 0.02231884 31468398 0.014347 -0.1328373 0.1642194
0.01246546 -0.1444082 0.02126324 31698606 0.01818225 -0.1326118 0.163159
0.01972035 -0.1430161 0.01839495 31938823 0.02530396 -0.1319405 0.1603542
0.02357119 -0.1422912 0.01672506 32139008 0.028763 -0.1310199 0.1586837
0.02686861 -0.1416942 0.01509631 32369215 0.03201188 -0.1297395 0.1570008
0.03322922 -0.1392987 0.01237047 32609428 0.03848721 -0.1276858 0.1542992
0.03631285 -0.1377199 0.01107073 32819618 0.04159021 -0.1269122 0.1530622
0.03953812 -0.1360029 0.009700296 33069844 0.04449429 -0.1257424 0.151744
0.04565506 -0.1326062 0.006552575 33260015 0.04960959 -0.1219311 0.1485971
0.04843113 -0.1310409 0.004990814 33480214 0.0523175 -0.1199813 0.1470078
0.05166541 -0.12903 0.003469464 33720431 0.05529857 -0.1181843 0.1455097
0.05786544 -0.1252667 0.0004388062 33930620 0.06091838 -0.1150061 0.1425362
0.06127003 -0.1234146 -0.001116518 34150819 0.06371965 -0.1129133 0.1409749
0.06488889 -0.1218099 -0.002547745 34401187 0.06665896 -0.1106995 0.1395074
0.07106392 -0.118556 -0.005175952 34611243 0.07267025 -0.1075519 0.1368895
0.07441859 -0.1166271 -0.006623153 34821424 0.0755596 -0.1062898 0.1354969
0.07756113 -0.1146435 -0.008267407 35051632 0.07821928 -0.1046498 0.1338803
0.08368713 -0.1110433 -0.01178897 35271831 0.08363765 -0.1009123 0.1303505
0.08631471 -0.1090405 -0.01351989 35492029 0.08631064 -0.09914275 0.128636
0.09188104 -0.1051179 -0.01639426 35752264 0.09115508 -0.09597751 0.1258105
0.09435017 -0.1029657 -0.0175804 35942436 0.09310618 -0.09455415 0.1246657
0.09660858 -0.1008972 -0.01852155 36172644 0.09478481 -0.09295189 0.1237451
0.1011123 -0.09648211 -0.01971758 36412860 0.09801787 -0.08920451 0.1225629
0.1034356 -0.09435014 -0.02009226 36623050 0.09933374 -0.08725284 0.1221718
0.1052504 -0.09167345 -0.02065981 36863267 0.100393 -0.08512377 0.1216067
0.1089559 -0.08677601 -0.02190555 37073457 0.1031524 -0.08057146 0.120341
0.110781 -0.08442537 -0.02224458 37283646 0.1045164 -0.07831047 0.1199863
0.1127241 -0.0818449 -0.02249194 37523863 0.1057004 -0.07617687 0.119722
0.1165023 -0.07661299 -0.02268792 37754071 0.1075974 -0.07188405 0.119455
0.1179435 -0.0737664 -0.02287663 37954251 0.1084625 -0.06964011 0.1192478
0.1195644 -0.07092855 -0.02298749 38204497 0.1094698 -0.06741913 0.1191112
0.1221476 -0.06491526 -0.02328337 38404889 0.1109332 -0.06277029 0.1187584
0.1239946 -0.06185602 -0.02336241 38624857 0.1113075 -0.05988534 0.118558
0.1253697 -0.05860684 -0.02363897 38895100 0.11144 -0.05683278 0.1181675
0.1272619 -0.05224786 -0.0242864 39075385 0.1122599 -0.05152066 0.1174198
0.1283741 -0.04858341 -0.02459098 39315484 0.1131913 -0.04919602 0.1170965
0.1290585 -0.04525105 -0.024799 39555697 0.1138299 -0.04659761 0.1168786
0.1309752 -0.03872209 -0.02466715 39755877 0.1148592 -0.04045944 0.116908
0.1318479 -0.03563667 -0.02437473 39986089 0.1153644 -0.03770079 0.1171536
0.1321801 -0.03234618 -0.02419497 40216293 0.1158486 -0.03515686 0.1173382
0.134103 -0.02614004 -0.02338935 40416477 0.1171771 -0.03042124 0.1180371
0.134737 -0.02311509 -0.02302827 40646689 0.1176953 -0.02804078 0.1183633
0.1358598 -0.02048482 -0.02256097 40866884 0.1183412 -0.02570702 0.1187617
0.1376462 -0.01535748 -0.02151562 41107109 0.119626 -0.02184842 0.1196913
0.1385502 -0.01293108 -0.02109088 41327295 0.1204434 -0.02052183 0.1200501
0.1398693 -0.01065507 -0.02060724 41557519 0.1213716 -0.01929856 0.1204225
0.1429563 -0.007426705 -0.02015699 41757684 0.1237673 -0.01735736 0.1206955
0.144616 -0.005831535 -0.02018167 42087982 0.1255672 -0.01662577 0.1206263
0.1476153 -0.003695327 -0.02004994 42338212 0.1294714 -0.01610393 0.1207446
0.149043 -0.002641614 -0.01977111 42548401 0.1310301 -0.01608346 0.1209453
0.1520085 -0.0005748749 -0.01883174 42778605 0.1338896 -0.01600106 0.1216674
0.1532536 4.924547E-05 -0.01816095 42988795 0.1354913 -0.01598571 0.1223155
0.154308 0.0008979338 -0.01728619 43219002 0.1369245 -0.01596422 0.1231408
0.1563561 0.002019917 -0.01482571 43549305 0.1391446 -0.01635952 0.125432
0.1577113 0.002396052 -0.01143039 43769499 0.1406163 -0.0172991 0.1286628
0.1583867 0.00263728 -0.009528887 44019725 0.1413181 -0.01797981 0.1304349
0.1593534 0.002940065 -0.005540501 44219906 0.1425015 -0.0193568 0.1341918
0.1593384 0.002957722 -0.003757488 44440113 0.1429476 -0.0201271 0.1359017
0.1594219 0.003076544 -0.002178919 44660315 0.143613 -0.02078892 0.1374161
0.1593572 0.003238132 -0.0007566324 44890511 0.1445391 -0.02132444 0.1388261
0.1583227 0.003373249 0.001749624 45130728 0.1463372 -0.02228014 0.1414082
0.1575258 0.003351233 0.002894868 45330908 0.1468479 -0.0226507 0.1425951
0.1570939 0.003435491 0.003948201 45581134 0.1474209 -0.02284447 0.1436696
0.1556388 0.003299243 0.005820502 45801333 0.1479665 -0.02326507 0.1456122
0.1549149 0.003341942 0.006786813 46001518 0.1474949 -0.02339754 0.1465588
0.1543751 0.003375909 0.007462849 46231725 0.1470803 -0.02335138 0.1472437
0.1532305 0.002896554 0.00855266 46471938 0.1470752 -0.02348355 0.1484542
0.1526697 0.002929634 0.008970131 46682132 0.1471924 -0.02377213 0.1488389
0.1515986 0.002337201 0.009860267 46912348 0.1478323 -0.02459581 0.1497413
0.1508514 0.002027004 0.01033126 47122537 0.148296 -0.0248032 0.1502594
0.150364 0.001654885 0.01084923 47342724 0.1485542 -0.02508528 0.1508062
0.1498236 0.001100748 0.01206671 47592950 0.1480413 -0.02598075 0.1519584
0.1498542 0.0006243278 0.01247357 47813148 0.1478817 -0.02625007 0.1524026
0.1497235 0.0002253567 0.01278042 48033347 0.1478945 -0.02644301 0.1527509
0.1495159 -0.0006031777 0.01350962 48253550 0.1481649 -0.02768646 0.1534058
0.1496225 -0.0009172644 0.01387595 48463740 0.148181 -0.02855093 0.1536635
0.1499054 -0.001197041 0.0141791 48713961 0.1481694 -0.0292495 0.1538799
0.149888 -0.002150723 0.01418363 48924163 0.148234 -0.03000108 0.1539258
0.1498889 -0.002194726 0.01393877 49144350 0.1484318 -0.03015212 0.1536617
0.1497792 -0.002412291 0.01362609 49374566 0.14844 -0.03036023 0.1533521
0.1495291 -0.002796994 0.01316904 49584755 0.1479027 -0.03092254 0.1528565
0.1490815 -0.003410519 0.01315044 49814955 0.1468163 -0.03136418 0.1528634
0.1485742 -0.003831194 0.01360356 50055172 0.1448996 -0.03187276 0.1532689
0.1479434 -0.006432579 0.01670324 50255356 0.1386704 -0.03447507 0.1561087
