0.1503163 -0.005118231 -0.000501886 0 0.05131118 -0.02062655 0.205811
0.1503163 -0.005118231 -0.000501886 120100 0.05131118 -0.02062655 0.205811
0.1494852 -0.002697067 -0.0001471341 230204 0.05078759 -0.01919639 0.2063426
0.1483005 -0.0001982966 0.0007049143 340299 0.05003877 -0.01756418 0.2071815
0.1483005 -0.0001982966 0.0007049143 480434 0.05003877 -0.01756418 0.2071815
0.1466356 0.003037175 0.001719967 560498 0.04922239 -0.01557553 0.2084988
0.1443944 0.006775776 0.002504736 680606 0.0478905 -0.01305151 0.2101668
0.1443944 0.006775776 0.002504736 810732 0.0478905 -0.01305151 0.2101668
0.1417267 0.01129702 0.003483519 900813 0.04621734 -0.009835962 0.2121176
0.1386089 0.0161339 0.004389301 1010912 0.04426043 -0.006182198 0.2144491
0.1386089 0.0161339 0.004389301 1131025 0.04426043 -0.006182198 0.2144491
0.1353094 0.02146305 0.005273551 1231107 0.04214238 -0.002179389 0.2168633
0.131854 0.02700748 0.005972072 1351211 0.03982304 0.002089972 0.2193211
0.131854 0.02700748 0.005972072 1461311 0.03982304 0.002089972 0.2193211
0.1282119 0.03291132 0.006524935 1571410 0.03732829 0.006550188 0.2218208
0.1243703 0.03885698 0.007150963 1681522 0.03462519 0.01121878 0.2244497
0.1243703 0.03885698 0.007150963 1791617 0.03462519 0.01121878 0.2244497
0.1203357 0.04519653 0.007401332 1901708 0.03165476 0.01595544 0.2269691
0.1162588 0.05093492 0.007704183 2021829 0.02852814 0.02054524 0.2295277
0.1121352 0.05700714 0.008137256 2131928 0.02547838 0.02522516 0.2321024
0.1121352 0.05700714 0.008137256 2242023 0.02547838 0.02522516 0.2321024
0.1080183 0.06257513 0.008746445 2352123 0.02233781 0.02979457 0.2347186
0.1037917 0.06830155 0.009096593 2472227 0.01911174 0.03417253 0.237212
0.1037917 0.06830155 0.009096593 2582322 0.01911174 0.03417253 0.237212
0.09963659 0.07374592 0.009982377 2692422 0.01593404 0.03834938 0.2397161
0.09507591 0.07905002 0.01001458 2802521 0.0124292 0.04230808 0.2422665
0.09507591 0.07905002 0.01001458 2932638 0.0124292 0.04230808 0.2422665
0.09070037 0.08370636 0.01072888 3022720 0.008835691 0.04599618 0.2447301
0.08615761 0.08823717 0.01188326 3142828 0.005280363 0.04952013 0.2474548
0.08615761 0.08823717 0.01188326 3262937 0.005280363 0.04952013 0.2474548
0.08155917 0.09249702 0.01300921 3363027 0.001533884 0.05266451 0.2500006
0.07676296 0.09626637 0.01380168 3473130 -0.002411735 0.05562352 0.2526673
0.07676296 0.09626637 0.01380168 3583226 -0.002411735 0.05562352 0.2526673
0.07204667 0.09963579 0.01495327 3703338 -0.006423485 0.05841826 0.2553219
0.06706258 0.1030027 0.01507303 3813433 -0.01038034 0.06088089 0.2578859
0.06706258 0.1030027 0.01507303 3923537 -0.01038034 0.06088089 0.2578859
0.06216484 0.1061798 0.01632252 4033632 -0.01476104 0.06324743 0.2602407
0.05704923 0.109452 0.01732498 4153740 -0.01924763 0.06558513 0.2625504
0.05704923 0.109452 0.01732498 4253835 -0.01924763 0.06558513 0.2625504
0.05229586 0.1122537 0.0189909 4363934 -0.0239117 0.067999 0.2646778
0.04745241 0.1149148 0.02036907 4484039 -0.02874003 0.07043492 0.2667273
0.04745241 0.1149148 0.02036907 4594138 -0.02874003 0.07043492 0.2667273
0.04237193 0.1177846 0.02130185 4704245 -0.03377144 0.07282304 0.2685094
0.0375562 0.1202314 0.02185367 4824358 -0.03877492 0.07483052 0.2698301
0.0375562 0.1202314 0.02185367 4924436 -0.03877492 0.07483052 0.2698301
0.03227942 0.123639 0.02181034 5044548 -0.04364941 0.07695877 0.2708554
0.02753167 0.1260994 0.02199027 5154644 -0.0484798 0.07884143 0.2717424
0.02753167 0.1260994 0.02199027 5264747 -0.0484798 0.07884143 0.2717424
0.02273946 0.128593 0.02206798 5384864 -0.05336533 0.08076059 0.2724521
0.01770224 0.1312168 0.02158439 5494951 -0.05826522 0.08238434 0.2727636
0.01770224 0.1312168 0.02158439 5605054 -0.05826522 0.08238434 0.2727636
0.01262279 0.1336568 0.02130893 5715150 -0.06339503 0.08398318 0.2729279
0.00734502 0.135912 0.02073188 5825249 -0.06869061 0.08547925 0.2729212
0.00734502 0.135912 0.02073188 5935356 -0.06869061 0.08547925 0.2729212
0.002050931 0.1376875 0.02024047 6055461 -0.07419354 0.08687185 0.2728804
-0.003319771 0.138995 0.01958042 6165556 -0.07961386 0.08800171 0.2728606
-0.003319771 0.138995 0.01958042 6275667 -0.07961386 0.08800171 0.2728606
-0.009200839 0.1402701 0.01858659 6385763 -0.08499449 0.08876918 0.2726535
-0.0147127 0.140928 0.01807617 6505867 -0.0902176 0.08916282 0.2724043
-0.0147127 0.140928 0.01807617 6605957 -0.0902176 0.08916282 0.2724043
-0.02011826 0.1410999 0.01778001 6726070 -0.09542165 0.089213 0.2720664
-0.02584911 0.1410886 0.01732165 6836327 -0.1007541 0.08879947 0.2713266
-0.02584911 0.1410886 0.01732165 6946265 -0.1007541 0.08879947 0.2713266
-0.03141949 0.1406231 0.01685378 7056372 -0.1058977 0.08804201 0.2704428
-0.03752985 0.1400157 0.016124 7176468 -0.1111043 0.08691537 0.2692066
-0.03752985 0.1400157 0.016124 7276559 -0.1111043 0.08691537 0.2692066
-0.04328752 0.1390586 0.01574226 7396866 -0.1162335 0.08563434 0.2678754
-0.04891616 0.1375609 0.01524751 7516775 -0.1213029 0.08406829 0.266376
-0.04891616 0.1375609 0.01524751 7617048 -0.1213029 0.08406829 0.266376
-0.05512023 0.1357889 0.01443312 7727139 -0.1263341 0.08217298 0.2645547
-0.06071961 0.1337294 0.01394145 7867091 -0.1311123 0.07995676 0.2625957
-0.06663663 0.131273 0.01335342 7947164 -0.1359386 0.07745933 0.2603991
-0.06663663 0.131273 0.01335342 8067280 -0.1359386 0.07745933 0.2603991
-0.07224466 0.1284311 0.01284173 8177384 -0.1406841 0.07473134 0.2580648
-0.07224466 0.1284311 0.01284173 8297480 -0.1406841 0.07473134 0.2580648
-0.07765444 0.1254177 0.01251997 8397570 -0.1453509 0.0718286 0.2556233
-0.08342534 0.1219712 0.01200676 8507674 -0.149816 0.06871008 0.2530489
-0.08342534 0.1219712 0.01200676 8627778 -0.149816 0.06871008 0.2530489
-0.08881529 0.1182079 0.01154225 8737877 -0.1540061 0.06538831 0.2504689
-0.09384164 0.1144083 0.01108386 8868003 -0.157816 0.06190073 0.2478207
-0.09857214 0.1106259 0.0106013 8958084 -0.1613171 0.05811881 0.2449851
-0.09857214 0.1106259 0.0106013 9068175 -0.1613171 0.05811881 0.2449851
-0.1036512 0.1065089 0.01018162 9178287 -0.1644815 0.05419873 0.242236
-0.1036512 0.1065089 0.01018162 9328414 -0.1644815 0.05419873 0.242236
-0.1077108 0.1021845 0.009739041 9408482 -0.1674035 0.05010557 0.2396543
-0.111936 0.09727525 0.009339586 9518578 -0.1703941 0.04579484 0.237084
-0.1159228 0.09252798 0.009079829 9628839 -0.1731976 0.04155993 0.2345956
-0.1159228 0.09252798 0.009079829 9738781 -0.1731976 0.04155993 0.2345956
-0.1196096 0.0876022 0.008718938 9858893 -0.175631 0.03718065 0.2322113
-0.1230194 0.0824462 0.008368865 9968988 -0.1777968 0.03273772 0.2300438
-0.1230194 0.0824462 0.008368865 10099114 -0.1777968 0.03273772 0.2300438
-0.1262404 0.07731494 0.007972926 10189187 -0.1796701 0.02834009 0.2279679
-0.1286882 0.07220516 0.007518962 10299294 -0.1812657 0.02395248 0.2262047
-0.1286882 0.07220516 0.007518962 10429428 -0.1812657 0.02395248 0.2262047
-0.1318332 0.06668344 0.007345363 10529498 -0.1830517 0.01951956 0.2243846
-0.1339552 0.06145801 0.006914809 10649765 -0.1843095 0.01527595 0.2229331
-0.1339552 0.06145801 0.006914809 10749883 -0.1843095 0.01527595 0.2229331
-0.135905 0.05623516 0.006418765 10859979 -0.1852064 0.01104402 0.2216355
-0.1383151 0.05101699 0.006047815 10980063 -0.1859762 0.006924266 0.2202806
-0.1383151 0.05101699 0.006047815 11090012 -0.1859762 0.006924266 0.2202806
-0.1404022 0.04577208 0.005530238 11220117 -0.1866779 0.002911444 0.2189718
-0.1421451 0.0405385 0.004951671 11310199 -0.1873365 -0.0007823753 0.2178537
-0.1421451 0.0405385 0.004951671 11420314 -0.1873365 -0.0007823753 0.2178537
-0.1439042 0.03508319 0.004332379 11560603 -0.1880102 -0.004335408 0.2167452
-0.1451738 0.02953334 0.003643662 11650506 -0.1885509 -0.008071189 0.2158006
-0.1451738 0.02953334 0.003643662 11760605 -0.1885509 -0.008071189 0.2158006
-0.146732 0.02379392 0.003085226 11870704 -0.1889825 -0.01196194 0.2148304
-0.1475121 0.01817479 0.002336249 11980804 -0.1892217 -0.01602602 0.2140579
-0.1475121 0.01817479 0.002336249 12100912 -0.1892217 -0.01602602 0.2140579
-0.148055 0.01238581 0.001523986 12211012 -0.1894011 -0.02000809 0.2134082
-0.1483199 0.006613593 0.0006087869 12321111 -0.1894248 -0.02411425 0.2128035
-0.1483199 0.006613593 0.0006087869 12431210 -0.1894248 -0.02411425 0.2128035
-0.1484158 0.001189901 -0.0001800358 12541318 -0.1890644 -0.02828813 0.2124663
-0.1479666 -0.004808974 -0.00112167 12651413 -0.188449 -0.03292311 0.2123929
-0.1479666 -0.004808974 -0.00112167 12761508 -0.188449 -0.03292311 0.2123929
-0.1473668 -0.01088163 -0.002002165 12871612 -0.1877789 -0.03754032 0.2124705
-0.1462557 -0.01723261 -0.002971277 13001721 -0.1870071 -0.04215825 0.2127879
-0.1462557 -0.01723261 -0.002971277 13101815 -0.1870071 -0.04215825 0.2127879
-0.1450348 -0.02330313 -0.003671214 13211915 -0.1863011 -0.0467627 0.2133018
-0.1431118 -0.02933613 -0.004519999 13332027 -0.1854052 -0.05120111 0.214075
-0.1431118 -0.02933613 -0.004519999 13432118 -0.1854052 -0.05120111 0.214075
-0.1409172 -0.03540393 -0.005270332 13552226 -0.1844184 -0.05566597 0.2150603
-0.1384279 -0.04119265 -0.006104499 13662321 -0.183185 -0.0598712 0.2161419
-0.1384279 -0.04119265 -0.006104499 13772421 -0.183185 -0.0598712 0.2161419
-0.1362153 -0.04783526 -0.006986246 13882520 -0.1818517 -0.06417727 0.2171429
-0.1338126 -0.05419612 -0.00794585 13992619 -0.1802196 -0.06829607 0.2182015
-0.1338126 -0.05419612 -0.00794585 14112728 -0.1802196 -0.06829607 0.2182015
-0.1315163 -0.06026281 -0.008780614 14252854 -0.1785302 -0.07231998 0.2192878
-0.1282571 -0.06672115 -0.009830236 14332926 -0.1767403 -0.07656193 0.2204615
-0.1282571 -0.06672115 -0.009830236 14443026 -0.1767403 -0.07656193 0.2204615
-0.1257096 -0.07336783 -0.01066463 14553133 -0.1748621 -0.08068466 0.2216232
-0.1225255 -0.07952726 -0.01163785 14673242 -0.1728953 -0.08458233 0.222756
-0.1225255 -0.07952726 -0.01163785 14783333 -0.1728953 -0.08458233 0.222756
-0.1198022 -0.08681345 -0.01262318 14893436 -0.1707318 -0.08871484 0.2238243
-0.1163001 -0.09370296 -0.01387241 15003544 -0.1680507 -0.09276831 0.2249571
-0.1163001 -0.09370296 -0.01387241 15113643 -0.1680507 -0.09276831 0.2249571
-0.1131993 -0.1006597 -0.01508863 15233739 -0.1655641 -0.09693122 0.2258051
-0.1102413 -0.1076032 -0.01622774 15363857 -0.1629319 -0.1008925 0.2267139
-0.1064218 -0.1144932 -0.01744346 15453938 -0.160084 -0.1045001 0.2277194
-0.1064218 -0.1144932 -0.01744346 15564041 -0.160084 -0.1045001 0.2277194
-0.1026646 -0.1210715 -0.01866786 15684146 -0.157289 -0.1078579 0.228541
-0.1026646 -0.1210715 -0.01866786 15784236 -0.157289 -0.1078579 0.228541
-0.09795065 -0.1274886 -0.01957384 15904353 -0.1542985 -0.1112835 0.2298176
-0.09354644 -0.1329428 -0.02034703 16014444 -0.1512043 -0.1146486 0.2311266
-0.09354644 -0.1329428 -0.02034703 16124543 -0.1512043 -0.1146486 0.2311266
-0.08871688 -0.1379799 -0.02081828 16234651 -0.1481333 -0.1177246 0.2326454
-0.08386653 -0.1429063 -0.02111635 16354751 -0.1449894 -0.1204584 0.2342394
-0.07870626 -0.1473951 -0.02129953 16464850 -0.141891 -0.1228225 0.2357466
-0.07870626 -0.1473951 -0.02129953 16574950 -0.141891 -0.1228225 0.2357466
-0.07323065 -0.1513379 -0.02125464 16695058 -0.1387283 -0.1250349 0.2373383
-0.06792412 -0.1549395 -0.02110882 16795152 -0.1355077 -0.1272655 0.2389004
-0.06792412 -0.1549395 -0.02110882 16915273 -0.1355077 -0.1272655 0.2389004
-0.06286459 -0.1583288 -0.020807 17045378 -0.1321016 -0.1294191 0.2406084
-0.05723977 -0.160996 -0.02017762 17245563 -0.128627 -0.131398 0.242437
-0.05176048 -0.1633614 -0.0195414 17385685 -0.1251357 -0.1331975 0.2440901
-0.04674369 -0.1658789 -0.01888867 17505794 -0.1216812 -0.1351056 0.2456509
-0.04674369 -0.1658789 -0.01888867 17736002 -0.1216812 -0.1351056 0.2456509
-0.03591576 -0.1694583 -0.01694687 17946187 -0.1143885 -0.1388767 0.2489088
-0.03042911 -0.1708514 -0.0158924 18176399 -0.1106229 -0.1406567 0.2503423
-0.02538184 -0.1717211 -0.01522516 18396594 -0.1066141 -0.1422414 0.2515781
-0.0149723 -0.1743597 -0.01368183 18626809 -0.09867474 -0.1453893 0.253331
-0.009868634 -0.1753993 -0.0132706 18847004 -0.09446332 -0.1464225 0.2537705
-0.004762584 -0.176768 -0.01301879 19067211 -0.09020966 -0.1476239 0.2538988
0.006173825 -0.1769492 -0.01166677 19297407 -0.08168694 -0.1492838 0.2540066
0.01125147 -0.1764738 -0.01114257 19537623 -0.07739204 -0.14965 0.2539534
0.0217737 -0.1738171 -0.009542301 19737808 -0.06889803 -0.1496115 0.2534246
0.02668172 -0.1722418 -0.008957669 19968012 -0.06448159 -0.1492333 0.2531457
0.03150699 -0.1706705 -0.008418679 20208228 -0.05996818 -0.1486388 0.2528057
0.04137606 -0.1674079 -0.007263228 20408409 -0.05044816 -0.1471514 0.2518912
0.04647641 -0.165622 -0.007153064 20638617 -0.04538155 -0.1462847 0.2510069
0.0516942 -0.1641688 -0.007184118 20878846 -0.04024083 -0.145436 0.2498194
0.06281254 -0.1623072 -0.007506415 21089031 -0.02930085 -0.1438468 0.2466688
0.06847497 -0.1618636 -0.007471815 21299213 -0.02362473 -0.1429975 0.2450162
0.07430875 -0.1603289 -0.007540405 21549443 -0.0180975 -0.1416979 0.2429519
0.08559362 -0.1557441 -0.006821632 21749619 -0.007545064 -0.1389383 0.2389681
0.0910278 -0.1533192 -0.006596863 21969818 -0.002423714 -0.1373606 0.2368538
0.09635819 -0.1507655 -0.006381452 22220044 0.002607842 -0.1356237 0.2346816
0.1064345 -0.1449152 -0.005905092 22420225 0.01196407 -0.1315527 0.2302396
0.1111546 -0.1408629 -0.005461305 22650441 0.01625829 -0.1289289 0.2280702
0.1157349 -0.1366733 -0.004887149 22890649 0.02026083 -0.1258318 0.2257854
0.1238177 -0.1283518 -0.004412606 23090830 0.02741327 -0.1189681 0.2215206
0.1275367 -0.1235614 -0.004239082 23321042 0.03070026 -0.1152992 0.2195096
0.1309872 -0.1182381 -0.003847823 23561254 0.0337465 -0.1114795 0.217653
0.1374641 -0.1079261 -0.003606409 23761435 0.0392177 -0.1030869 0.2138162
0.1402207 -0.1025954 -0.003433272 23991643 0.04148595 -0.09869289 0.212123
0.1426852 -0.09718993 -0.003450021 24211850 0.04356827 -0.0943265 0.2106149
0.146816 -0.08660481 -0.003602386 24442053 0.04710038 -0.08574033 0.2080688
0.1484579 -0.08183273 -0.00394918 24692279 0.04835602 -0.08147931 0.2069365
0.1511717 -0.0712145 -0.003772944 24892456 0.05057003 -0.07334077 0.2051563
0.1523173 -0.06615866 -0.0039967 25102645 0.05133455 -0.06932831 0.2042691
0.1531212 -0.06179897 -0.004458606 25352871 0.05170583 -0.06552219 0.2035349
0.1537563 -0.05657297 -0.004521042 25553056 0.05201437 -0.06160736 0.2029397
0.1544617 -0.04738425 -0.004181445 25783260 0.05244612 -0.05481983 0.202282
0.1544976 -0.04346256 -0.003748506 25993453 0.05242028 -0.05190456 0.2021772
0.1544924 -0.03907871 -0.003234506 26223657 0.05255644 -0.04902363 0.2021712
0.1539718 -0.03148543 -0.002194852 26453869 0.0526524 -0.0437299 0.2026634
0.1536496 -0.027633 -0.001161918 26674067 0.05287443 -0.04114306 0.2030819
0.1533505 -0.02373356 -0.0002868623 26914288 0.0532692 -0.03875447 0.2035338
0.1525659 -0.0174428 0.0005954206 27134479 0.0537657 -0.03434873 0.2045557
0.1520139 -0.01387345 0.001351088 27344669 0.05393239 -0.03192532 0.2051762
0.1514104 -0.01116721 0.001853853 27564879 0.05403547 -0.02970755 0.2059038
0.1499823 -0.00573591 0.003177032 27785074 0.05413427 -0.02530122 0.2075626
0.1492167 -0.003047284 0.003639475 28015468 0.05414028 -0.02343321 0.208367
0.1484439 -0.00107879 0.004300699 28235473 0.05420057 -0.02180779 0.209308
0.146714 0.002893319 0.005080923 28455671 0.0539424 -0.01883865 0.2110956
0.1456553 0.004909984 0.005823225 28695888 0.05365311 -0.01765347 0.2120835
0.1430445 0.007489507 0.007599294 28906078 0.05286662 -0.01634503 0.2146518
0.1416837 0.008638046 0.007736176 29126276 0.05206661 -0.01583696 0.2156955
0.1401194 0.00909871 0.008668616 29366493 0.05129026 -0.01557196 0.2171776
0.1362404 0.008456106 0.00957194 29576683 0.04843818 -0.01615334 0.2203013
