0.1516794 0.002878589 0.003136352 0 0.04532248 0.01027342 0.2007311
0.1516794 0.002878589 0.003136352 120104 0.04532248 0.01027342 0.2007311
0.1512355 0.003752689 0.004415885 220195 0.04553027 0.0107431 0.2013899
0.1506031 0.004960375 0.005327016 340303 0.04571086 0.01156064 0.2023046
0.1506031 0.004960375 0.005327016 470420 0.04571086 0.01156064 0.2023046
0.1498625 0.006426985 0.006256208 560502 0.04602134 0.01268312 0.2034655
0.1488955 0.008633319 0.006972879 670601 0.04619172 0.01402088 0.2048658
0.1488955 0.008633319 0.006972879 810728 0.04619172 0.01402088 0.2048658
0.1476805 0.01176888 0.007661641 900825 0.04603651 0.01584478 0.2063658
0.1461508 0.01533603 0.00727731 1010924 0.0452715 0.01828929 0.2078445
0.1461508 0.01533603 0.00727731 1141026 0.0452715 0.01828929 0.2078445
0.1442524 0.01839459 0.009106964 1241116 0.04437913 0.02115794 0.2096339
0.142387 0.02275554 0.009607017 1341210 0.043478 0.02436777 0.2114394
0.142387 0.02275554 0.009607017 1461323 0.043478 0.02436777 0.2114394
0.1403311 0.02754374 0.00972195 1571414 0.04262591 0.0276297 0.2135287
0.1379874 0.03264419 0.009577706 1681517 0.04172157 0.0309455 0.2159184
0.1379874 0.03264419 0.009577706 1791613 0.04172157 0.0309455 0.2159184
0.1354003 0.03807509 0.009728059 1901716 0.0408284 0.03420611 0.2185802
0.1326199 0.04314057 0.01014797 2011811 0.03972249 0.03748318 0.2213282
0.1326199 0.04314057 0.01014797 2131920 0.03972249 0.03748318 0.2213282
0.1297781 0.04816382 0.01066329 2242023 0.03826609 0.04092952 0.223892
0.1270669 0.05264954 0.01162125 2352119 0.03681683 0.04436465 0.2263677
0.1270669 0.05264954 0.01162125 2462222 0.03681683 0.04436465 0.2263677
0.1244332 0.05698061 0.01231688 2582347 0.03550644 0.04758807 0.2288121
0.1219147 0.06124238 0.01296677 2692426 0.0345589 0.05061861 0.2313409
0.1219147 0.06124238 0.01296677 2802529 0.0345589 0.05061861 0.2313409
0.1193611 0.06543876 0.01347694 2912628 0.03365764 0.05342432 0.2338886
0.1167217 0.06953659 0.01395138 3022724 0.03253738 0.05596622 0.2363263
0.1140742 0.07337085 0.01484238 3132823 0.0310739 0.05852862 0.238612
0.1140742 0.07337085 0.01484238 3242922 0.0310739 0.05852862 0.238612
0.1113645 0.07711538 0.0147461 3363031 0.0293451 0.06102511 0.2406088
0.1089183 0.08072392 0.01487756 3473130 0.02771666 0.06353398 0.2423673
0.1089183 0.08072392 0.01487756 3583230 0.02771666 0.06353398 0.2423673
0.1066322 0.08429103 0.01456206 3693329 0.02637352 0.06572887 0.2439451
0.1066322 0.08429103 0.01456206 3803432 0.02637352 0.06572887 0.2439451
0.1044039 0.08795235 0.01404123 3923537 0.02522702 0.06765624 0.2454092
0.1021738 0.09157075 0.01317267 4033636 0.02385068 0.06931516 0.2465246
0.1021738 0.09157075 0.01317267 4143735 0.02385068 0.06931516 0.2465246
0.1001527 0.09473588 0.01247752 4253835 0.02241686 0.07101198 0.2474559
0.09827521 0.09801996 0.01154679 4373943 0.02095925 0.07276102 0.248078
0.09827521 0.09801996 0.01154679 4484047 0.02095925 0.07276102 0.248078
0.09638539 0.1011296 0.01037917 4594142 0.01928686 0.07421645 0.2484448
0.09449559 0.1044363 0.009274498 4704245 0.01763537 0.07576165 0.2487609
0.0924062 0.1077356 0.007770211 4814345 0.01575802 0.07727452 0.2490162
0.0924062 0.1077356 0.007770211 4924440 0.01575802 0.07727452 0.2490162
0.09019551 0.1110321 0.006113961 5044548 0.01363742 0.07893392 0.2492103
0.08782714 0.1145716 0.004408121 5154648 0.01134846 0.08079752 0.2493909
0.08782714 0.1145716 0.004408121 5264747 0.01134846 0.08079752 0.2493909
0.08512688 0.118499 0.002575576 5374846 0.00866193 0.08273669 0.2494845
0.08200614 0.1227758 0.0005257726 5484946 0.005524249 0.08471652 0.2495047
0.08200614 0.1227758 0.0005257726 5605054 0.005524249 0.08471652 0.2495047
0.07855351 0.1274449 -0.001582488 5715153 0.002495796 0.08668014 0.2496862
0.07482898 0.1318169 -0.003603071 5825257 -0.0007818182 0.08827277 0.2498679
0.07482898 0.1318169 -0.003603071 5945361 -0.0007818182 0.08827277 0.2498679
0.07085641 0.1361225 -0.005434796 6045452 -0.004198837 0.08972916 0.2501087
0.06672415 0.1403193 -0.0071612 6165564 -0.007727406 0.09123131 0.2503838
0.06672415 0.1403193 -0.0071612 6275659 -0.007727406 0.09123131 0.2503838
0.06215827 0.1445112 -0.008988872 6385759 -0.01163023 0.09272846 0.250649
0.05745484 0.1483428 -0.01073413 6495858 -0.0156141 0.09417649 0.2509577
0.05745484 0.1483428 -0.01073413 6625975 -0.0156141 0.09417649 0.2509577
0.05254428 0.1517132 -0.0120361 6716057 -0.01968899 0.09548005 0.251488
0.04706931 0.1550808 -0.01327352 6836169 -0.0240431 0.09640833 0.2520119
0.04706931 0.1550808 -0.01327352 6956273 -0.0240431 0.09640833 0.2520119
0.0410466 0.1583353 -0.01413627 7056364 -0.02869454 0.09724364 0.252722
0.03507935 0.1606834 -0.01445743 7166471 -0.03360461 0.098111 0.2535937
0.03507935 0.1606834 -0.01445743 7296581 -0.03360461 0.098111 0.2535937
0.02834855 0.1628137 -0.01466186 7386662 -0.03896508 0.0988185 0.2545843
0.02151735 0.164307 -0.01425053 7496765 -0.04449807 0.09937163 0.2557485
0.02151735 0.164307 -0.01425053 7626879 -0.04449807 0.09937163 0.2557485
0.0144651 0.1648812 -0.01341943 7726977 -0.05034944 0.09952184 0.2570115
0.007929128 0.1648811 -0.01216497 7837068 -0.05609437 0.09967037 0.2582465
0.007929128 0.1648811 -0.01216497 7967186 -0.05609437 0.09967037 0.2582465
0.001350744 0.1639435 -0.01091689 8057267 -0.06203705 0.09953961 0.2594643
-0.004547669 0.1629551 -0.009423703 8177375 -0.06744738 0.09941598 0.260603
-0.004547669 0.1629551 -0.009423703 8287479 -0.06744738 0.09941598 0.260603
-0.01050954 0.1613869 -0.008328989 8397574 -0.07267977 0.09895346 0.2615935
-0.01640344 0.1596316 -0.007258743 8507678 -0.07774501 0.09815427 0.2623807
-0.01640344 0.1596316 -0.007258743 8617777 -0.07774501 0.09815427 0.2623807
-0.02195055 0.1576979 -0.006270558 8737881 -0.08263446 0.09722921 0.2629231
-0.02709272 0.1555434 -0.00532873 8847985 -0.08743107 0.09635171 0.2633052
-0.02709272 0.1555434 -0.00532873 8958080 -0.08743107 0.09635171 0.2633052
-0.03229303 0.1533369 -0.00464052 9068179 -0.0922045 0.09521278 0.2633137
-0.03736285 0.1510541 -0.004012629 9178283 -0.09665655 0.09391305 0.2632124
-0.03736285 0.1510541 -0.004012629 9298395 -0.09665655 0.09391305 0.2632124
-0.04249183 0.1487916 -0.003549516 9408486 -0.1009688 0.09237786 0.2628075
-0.04783807 0.1464965 -0.003257066 9518586 -0.1052732 0.09073778 0.2621182
-0.04783807 0.1464965 -0.003257066 9628685 -0.1052732 0.09073778 0.2621182
-0.05298639 0.1442757 -0.003033787 9748794 -0.1094985 0.08926841 0.2612369
-0.05844605 0.141849 -0.003180906 9858893 -0.1136747 0.08772083 0.2600041
-0.05844605 0.141849 -0.003180906 9969000 -0.1136747 0.08772083 0.2600041
-0.06376709 0.1394628 -0.003263861 10099110 -0.1178479 0.08607193 0.2585265
-0.06908267 0.1371366 -0.003544465 10189199 -0.1216761 0.08428868 0.2567744
-0.06908267 0.1371366 -0.003544465 10299294 -0.1216761 0.08428868 0.2567744
-0.07500788 0.1344396 -0.003836989 10409390 -0.1255984 0.08225259 0.2547638
-0.08057043 0.1318363 -0.004163384 10519493 -0.12939 0.08028611 0.2525519
-0.08057043 0.1318363 -0.004163384 10639597 -0.12939 0.08028611 0.2525519
-0.08558778 0.1291715 -0.004537702 10749697 -0.1329066 0.07842097 0.2503405
-0.09089988 0.1262265 -0.004846245 10859804 -0.1364937 0.07643052 0.2479619
-0.09570239 0.1228422 -0.005050659 10979909 -0.1398243 0.0742627 0.2457733
-0.09570239 0.1228422 -0.005050659 11079995 -0.1398243 0.0742627 0.2457733
-0.1005454 0.1193153 -0.005363569 11200103 -0.1428575 0.07203289 0.2434698
-0.1063006 0.1149293 -0.005233526 11310211 -0.1461069 0.06951495 0.2411504
-0.1063006 0.1149293 -0.005233526 11420302 -0.1461069 0.06951495 0.2411504
-0.1108922 0.1115641 -0.005658492 11530418 -0.1487015 0.0672433 0.2385773
-0.1108922 0.1115641 -0.005658492 11650510 -0.1487015 0.0672433 0.2385773
-0.1131716 0.1089042 -0.006635115 11750600 -0.1504282 0.06492134 0.2363859
-0.1183946 0.1047004 -0.006187737 11870712 -0.1529578 0.0621781 0.2341672
-0.1195938 0.1020123 -0.007437766 11980808 -0.1542516 0.05974074 0.2322241
-0.1195938 0.1020123 -0.007437766 12100912 -0.1542516 0.05974074 0.2322241
-0.125729 0.09778988 -0.006261304 12201011 -0.1567414 0.05722853 0.2300411
-0.1286622 0.09474275 -0.006351322 12321115 -0.1585158 0.05466457 0.2280564
-0.1286622 0.09474275 -0.006351322 12421205 -0.1585158 0.05466457 0.2280564
-0.1316151 0.09181924 -0.006490499 12541318 -0.1600598 0.05231234 0.2260851
-0.1348454 0.08874754 -0.006826058 12671435 -0.1616208 0.05014809 0.2238521
-0.1348454 0.08874754 -0.006826058 12761512 -0.1616208 0.05014809 0.2238521
-0.137545 0.08572556 -0.007172748 12881629 -0.162921 0.0480071 0.2219131
-0.1377974 0.08310419 -0.009033933 13001733 -0.1635959 0.04563686 0.2200951
-0.1377974 0.08310419 -0.009033933 13101836 -0.1635959 0.04563686 0.2200951
-0.1390239 0.08069289 -0.01009192 13211927 -0.1643382 0.0435352 0.2183802
-0.1390239 0.08069289 -0.01009192 13322026 -0.1643382 0.0435352 0.2183802
-0.1414557 0.07722564 -0.01052803 13432117 -0.1651117 0.04117652 0.2166969
-0.1433876 0.07428432 -0.01120324 13542229 -0.1655911 0.0388753 0.2150616
-0.1450192 0.07129332 -0.01208451 13662325 -0.1658748 0.03669425 0.2135135
-0.1450192 0.07129332 -0.01208451 13792443 -0.1658748 0.03669425 0.2135135
-0.146956 0.06783833 -0.0126172 13882532 -0.1662371 0.0344853 0.2121169
-0.146956 0.06783833 -0.0126172 14002640 -0.1662371 0.0344853 0.2121169
-0.1483811 0.06446199 -0.01364443 14132758 -0.1665193 0.03222176 0.2105777
-0.1496806 0.06112514 -0.01424362 14212842 -0.1666695 0.02977582 0.2094423
-0.1508102 0.05790658 -0.01505744 14332930 -0.1665827 0.02713796 0.2082492
-0.1508102 0.05790658 -0.01505744 14443054 -0.1665827 0.02713796 0.2082492
-0.1520202 0.05432852 -0.01546232 14553133 -0.1667741 0.02444502 0.2072763
-0.1530865 0.05082838 -0.01600353 14663232 -0.1669475 0.02190634 0.2062847
-0.1530865 0.05082838 -0.01600353 14773332 -0.1669475 0.02190634 0.2062847
-0.1540837 0.04687183 -0.01632302 14893436 -0.1672693 0.01913067 0.2054744
-0.1544887 0.04313544 -0.01706508 15003540 -0.167478 0.0164394 0.2046643
-0.1544887 0.04313544 -0.01706508 15133653 -0.167478 0.0164394 0.2046643
-0.1552687 0.03879486 -0.01732785 15223750 -0.1677912 0.01355001 0.204043
-0.1563906 0.03429755 -0.01743333 15343863 -0.1682071 0.01040837 0.2032891
-0.1563906 0.03429755 -0.01743333 15443937 -0.1682071 0.01040837 0.2032891
-0.157186 0.02963371 -0.01756585 15564049 -0.1685135 0.007045471 0.2027199
-0.1580042 0.02501662 -0.01739824 15674149 -0.1689941 0.003720247 0.2023104
-0.1580042 0.02501662 -0.01739824 15784252 -0.1689941 0.003720247 0.2023104
-0.1584008 0.01989242 -0.01736583 15914358 -0.1695945 0.0002083409 0.2020114
-0.1588901 0.01506449 -0.01725633 16014448 -0.1702553 -0.003175534 0.2016732
-0.1588901 0.01506449 -0.01725633 16124555 -0.1702553 -0.003175534 0.2016732
-0.1589702 0.009435592 -0.01729839 16254665 -0.1705407 -0.007039107 0.2016141
-0.1591398 0.003303008 -0.01711734 16344746 -0.1708059 -0.01125721 0.2017023
-0.1591398 0.003303008 -0.01711734 16454995 -0.1708059 -0.01125721 0.2017023
-0.1588617 -0.002891157 -0.01714395 16594972 -0.1710733 -0.01552633 0.2018591
-0.1588293 -0.009011102 -0.01709676 16685053 -0.1713405 -0.01981739 0.2019178
-0.1588293 -0.009011102 -0.01709676 16795177 -0.1713405 -0.01981739 0.2019178
-0.1586271 -0.01554166 -0.01712281 16925270 -0.1714515 -0.02446679 0.2020644
-0.1585937 -0.02202782 -0.01731355 17015351 -0.1713559 -0.02914647 0.2020387
-0.1585937 -0.02202782 -0.01731355 17125450 -0.1713559 -0.02914647 0.2020387
-0.1580052 -0.02885833 -0.01760101 17235558 -0.1711924 -0.03414337 0.2022609
-0.1572238 -0.03559058 -0.01823476 17355658 -0.1709613 -0.03901557 0.2022987
-0.1572238 -0.03559058 -0.01823476 17475945 -0.1709613 -0.03901557 0.2022987
-0.157076 -0.042431 -0.01833063 17575865 -0.1707663 -0.04387871 0.2024399
-0.1580865 -0.04794779 -0.01760161 17695981 -0.1713475 -0.04849187 0.2022922
-0.1571413 -0.05490483 -0.01791976 17796080 -0.1712666 -0.05311803 0.2026357
-0.1571413 -0.05490483 -0.01791976 17916176 -0.1712666 -0.05311803 0.2026357
-0.1568079 -0.06111649 -0.01803774 18046285 -0.1711499 -0.0572801 0.2028048
-0.1551071 -0.06798754 -0.01862977 18156389 -0.1707229 -0.06178431 0.2034175
-0.1551071 -0.06798754 -0.01862977 18266492 -0.1707229 -0.06178431 0.2034175
-0.1538945 -0.07364812 -0.01888558 18406611 -0.1702054 -0.06589559 0.2040698
-0.1521268 -0.07918384 -0.01903836 18586773 -0.1696067 -0.07003824 0.205126
-0.1496354 -0.08489172 -0.01918842 18746922 -0.1687912 -0.07408742 0.2066241
-0.1470645 -0.09015442 -0.0191925 18957116 -0.1679487 -0.0778995 0.2082671
-0.1439476 -0.09554386 -0.01922724 19197320 -0.1667759 -0.08172087 0.2102431
-0.1396888 -0.1008158 -0.01918313 19407514 -0.1653281 -0.08541373 0.212868
-0.1303956 -0.1099333 -0.01898442 19637718 -0.162062 -0.09264187 0.2183944
-0.1246489 -0.1146959 -0.01854774 19867925 -0.1601572 -0.09637241 0.2218109
-0.1198282 -0.1183511 -0.0175992 20078119 -0.1584904 -0.09992317 0.2251801
-0.1090896 -0.125043 -0.01560657 20298318 -0.1542684 -0.1068235 0.2323572
-0.1048691 -0.1274245 -0.01420423 20518512 -0.1521959 -0.1099303 0.2358847
-0.09968565 -0.1299149 -0.01292405 20748720 -0.1502661 -0.1128499 0.2392719
-0.08997701 -0.1355785 -0.01056786 20968919 -0.1463545 -0.1185929 0.2452087
-0.08616231 -0.137721 -0.009487391 21199127 -0.1443183 -0.1215102 0.2478393
-0.07793929 -0.1423223 -0.007670879 21429334 -0.1402483 -0.1270798 0.2523852
-0.06971295 -0.1449153 -0.004712313 21639524 -0.1385164 -0.1313479 0.2563149
-0.06632655 -0.1474309 -0.004364222 21869744 -0.1363479 -0.133487 0.2575886
-0.0596146 -0.1529518 -0.003833801 22089935 -0.1315911 -0.1379919 0.2599193
-0.05651351 -0.1560622 -0.003752545 22310129 -0.1293307 -0.1402486 0.2606992
-0.0533752 -0.159059 -0.003896952 22540353 -0.1270972 -0.1422984 0.2611249
-0.04712893 -0.1647319 -0.004373714 22750535 -0.1220574 -0.1463117 0.2619504
-0.04374018 -0.1674433 -0.004663959 23000752 -0.11925 -0.1483255 0.2623172
-0.04169441 -0.1711219 -0.005513087 23200941 -0.1159363 -0.1502017 0.262711
-0.03699721 -0.1782628 -0.008361578 23431145 -0.1098363 -0.1529481 0.2616381
-0.03281311 -0.180352 -0.008636191 23681367 -0.1066402 -0.1543842 0.2617767
-0.02832131 -0.1822265 -0.009093106 23881547 -0.1033894 -0.1555444 0.2615196
-0.02022567 -0.1845913 -0.009314626 24101746 -0.09688456 -0.1577343 0.2618417
-0.01609893 -0.1855387 -0.009586036 24321949 -0.09344135 -0.1585229 0.2617692
-0.01201498 -0.1861561 -0.009833202 24542148 -0.09004167 -0.1590646 0.2616166
-0.003585039 -0.1869518 -0.01016045 24792369 -0.08322518 -0.1594208 0.2609649
0.0004137977 -0.1872062 -0.01016897 25002559 -0.07949756 -0.1597 0.2609966
0.004787393 -0.186873 -0.01045446 25222762 -0.0762779 -0.1596921 0.2601362
0.01304207 -0.1863665 -0.01071137 25462979 -0.06910881 -0.1596234 0.2591812
0.0179334 -0.1857447 -0.01024923 25683177 -0.06529152 -0.1594304 0.2586251
0.02206006 -0.185481 -0.01030722 25883358 -0.06170077 -0.1591518 0.2579171
0.02932299 -0.1835073 -0.01058227 26133580 -0.05555807 -0.1580558 0.2562987
0.03283048 -0.1820969 -0.01054357 26333760 -0.0528222 -0.1570853 0.2553747
0.03626686 -0.1807909 -0.01042087 26553963 -0.05010943 -0.1559723 0.2544608
0.04300733 -0.1785383 -0.01047993 26804185 -0.04448778 -0.1536524 0.2524672
0.04639073 -0.1772993 -0.01066248 27014374 -0.04165664 -0.1525782 0.2513229
0.05001587 -0.1756246 -0.010436 27234573 -0.03883241 -0.151577 0.2501925
0.05681659 -0.1732898 -0.01052357 27454772 -0.03345383 -0.1492458 0.247539
0.0600371 -0.1726164 -0.01082847 27674971 -0.03081292 -0.1481744 0.2461123
0.06337626 -0.171482 -0.01097272 27905178 -0.0280868 -0.1471796 0.2447373
0.06972716 -0.1687029 -0.01107246 28125377 -0.02300483 -0.1448516 0.242043
0.07277843 -0.1672165 -0.01103672 28355585 -0.020514 -0.1436155 0.2407772
0.07572801 -0.165749 -0.01100639 28565775 -0.01808947 -0.1425 0.2395446
0.08106473 -0.1623518 -0.01098058 28795986 -0.01383136 -0.1398547 0.2371386
0.083602 -0.1603087 -0.01082164 29016181 -0.01187474 -0.1382255 0.2359686
0.08593197 -0.1585373 -0.01094301 29256398 -0.01006388 -0.1366833 0.2347764
0.09041317 -0.1544367 -0.01091018 29476596 -0.006713375 -0.1335388 0.2324802
0.09261763 -0.152539 -0.01073296 29686786 -0.005052819 -0.1319576 0.2313764
0.09692959 -0.1479392 -0.009783268 29937012 -0.001522571 -0.1291296 0.2296437
0.09896321 -0.1453639 -0.009035379 30147202 0.0002519077 -0.1277323 0.2289795
0.1009979 -0.1425996 -0.008201018 30397431 0.002061448 -0.1262147 0.2283354
0.1049664 -0.1369227 -0.006291762 30587603 0.005832569 -0.1231038 0.2272399
0.1068289 -0.1338881 -0.005308673 30807802 0.007652 -0.1214433 0.2267438
0.1085888 -0.1306719 -0.004318699 31028001 0.009403204 -0.1197559 0.2262949
0.1120346 -0.1241764 -0.002880543 31258212 0.01267053 -0.1157838 0.2250736
0.1137782 -0.1209645 -0.002389342 31478403 0.01423418 -0.1136159 0.224293
0.1156435 -0.1179304 -0.002069309 31718620 0.01574771 -0.1113713 0.2232628
0.1195374 -0.1123241 -0.001750574 31928809 0.01889315 -0.1067474 0.2209778
0.1215025 -0.1092256 -0.00166066 32159017 0.02045034 -0.1042107 0.2197788
0.123425 -0.1062155 -0.001764148 32389229 0.02185628 -0.1016496 0.2184807
0.1273302 -0.1003164 -0.001385242 32589406 0.02485022 -0.09667233 0.215998
0.1293543 -0.09722369 -0.001292363 32829622 0.02638033 -0.09414319 0.2146733
0.1314733 -0.09414633 -0.001268312 33039820 0.02795157 -0.09158687 0.2132487
0.135783 -0.087719 -0.001265839 33270020 0.03119057 -0.08646373 0.2103677
0.1378882 -0.08435684 -0.001282349 33500228 0.03266338 -0.0838329 0.2088675
0.1399783 -0.08090879 -0.001300827 33730447 0.03402113 -0.08095901 0.2072943
0.143805 -0.0734508 -0.001723796 33940625 0.03639455 -0.07485227 0.2043196
0.1454988 -0.06905355 -0.001477063 34160832 0.0375228 -0.07173947 0.2030391
0.1469658 -0.06496888 -0.001386732 34391031 0.03846105 -0.06868628 0.2018921
0.1482764 -0.06072914 -0.0008821934 34631248 0.03949273 -0.06576661 0.2009738
0.1506623 -0.05254154 -0.0005515218 34831429 0.04145677 -0.059912 0.1993425
0.1516419 -0.04820556 -0.0005150586 35061645 0.04215285 -0.05669896 0.198566
0.153446 -0.03950804 -0.0008498132 35311866 0.04298367 -0.04951338 0.1968446
0.1541709 -0.0352597 -0.001173317 35512055 0.04307396 -0.04572205 0.1959959
0.1547264 -0.03110947 -0.001556888 35752272 0.04308031 -0.04191879 0.1953125
0.1555876 -0.02186811 -0.002204552 35952445 0.04304048 -0.03429321 0.194117
0.1557777 -0.01737458 -0.002408296 36172643 0.04281668 -0.03057388 0.1936509
0.1557487 -0.01304825 -0.002487391 36402847 0.04267373 -0.02696756 0.1935065
0.155267 -0.005235895 -0.001595214 36623054 0.04263075 -0.02049641 0.193813
0.1547085 -0.001637407 -0.0005303174 36843252 0.04272219 -0.01756719 0.1943706
0.1541478 0.001802464 0.0001990646 37093470 0.04285342 -0.01486555 0.194987
0.1530308 0.008170855 0.001980305 37293821 0.04317032 -0.009869136 0.1962234
0.1525155 0.0107354 0.002919436 37553886 0.0433104 -0.007523931 0.1968387
0.1517811 0.01533998 0.003872201 37744065 0.04355638 -0.003462471 0.1977588
0.1515446 0.01733822 0.005089298 37964260 0.04408098 -0.001575149 0.1982994
0.1512094 0.01926976 0.005254388 38304567 0.0442597 0.0001072514 0.1988073
0.1505718 0.02297051 0.006458744 38524762 0.04452368 0.003331982 0.1995903
0.1503547 0.0247834 0.006891087 38755140 0.04458343 0.00478407 0.199785
0.1501915 0.02812505 0.007495463 38995186 0.04438041 0.007782661 0.199652
0.1502454 0.02961018 0.007982597 39185358 0.04404535 0.009467326 0.1992489
0.1507169 0.03249509 0.008167118 39425575 0.04307533 0.0126464 0.1977808
0.151334 0.03393094 0.008497447 39655782 0.04278323 0.01431652 0.1966412
0.1521404 0.03550809 0.007806376 39865972 0.04237612 0.01572415 0.1952689
0.1542938 0.03854894 0.006703675 40096176 0.04167964 0.01855751 0.191875
0.155506 0.0402469 0.005867764 40336401 0.04116238 0.01996299 0.1898937
0.1565674 0.04158818 0.005131751 40546590 0.04034333 0.02120563 0.1878764
