0.1474354 -0.006338481 -2.882988E-05 0 0.04145517 -0.009989742 0.09516108
0.1474354 -0.006338481 -2.882988E-05 110099 0.04145517 -0.009989742 0.09516108
0.149278 -0.006186132 0.00148185 220198 0.04231115 -0.009715322 0.09556627
0.1508449 -0.006052499 0.002400477 340307 0.04326814 -0.009145503 0.09580242
0.1508449 -0.006052499 0.002400477 450406 0.04326814 -0.009145503 0.09580242
0.1526192 -0.005807285 0.003327985 560506 0.04460954 -0.008351569 0.0962457
0.1539947 -0.004908805 0.003469725 680622 0.0460695 -0.007482414 0.09648459
0.1539947 -0.004908805 0.003469725 780704 0.0460695 -0.007482414 0.09648459
0.1552181 -0.003160958 0.00361373 890804 0.04734759 -0.006336455 0.09667349
0.1564327 -0.0007953691 0.004103084 1010916 0.04844641 -0.004640107 0.09700322
0.1564327 -0.0007953691 0.004103084 1121020 0.04844641 -0.004640107 0.09700322
0.1573235 0.002643819 0.004714448 1231111 0.04910018 -0.002298717 0.09728622
0.1574279 0.006442661 0.004768034 1341210 0.04935639 0.0006756734 0.09746939
0.1574279 0.006442661 0.004768034 1471332 0.04935639 0.0006756734 0.09746939
0.1572295 0.01111888 0.005166788 1561409 0.04925435 0.004294867 0.09790867
0.156123 0.01632714 0.005192121 1671508 0.04855539 0.008417124 0.09832048
0.156123 0.01632714 0.005192121 1811635 0.04855539 0.008417124 0.09832048
0.1546317 0.02245318 0.005703349 1901720 0.0472519 0.01314067 0.09891873
0.1524352 0.0293343 0.006324071 2011815 0.04525648 0.01839804 0.09959459
0.1524352 0.0293343 0.006324071 2131932 0.04525648 0.01839804 0.09959459
0.1493577 0.03660964 0.006890196 2242031 0.04258575 0.02386569 0.1003974
0.1455512 0.04420745 0.007501679 2352130 0.03943159 0.02950656 0.1014632
0.1455512 0.04420745 0.007501679 2462230 0.03943159 0.02950656 0.1014632
0.1410404 0.05204415 0.008079903 2572321 0.03567698 0.0353707 0.1025616
0.1358517 0.05994045 0.008470194 2682425 0.03140362 0.04129719 0.1035979
0.1358517 0.05994045 0.008470194 2802529 0.03140362 0.04129719 0.1035979
0.1303363 0.06762003 0.008888141 2902619 0.02675485 0.0472722 0.1046122
0.1245036 0.07498979 0.009289101 3022732 0.02170854 0.05309604 0.1055184
0.1245036 0.07498979 0.009289101 3132827 0.02170854 0.05309604 0.1055184
0.11835 0.08213615 0.00947155 3242926 0.01640352 0.05870306 0.1062397
0.1117126 0.08910298 0.009264662 3363039 0.01097175 0.06393742 0.1068568
0.1117126 0.08910298 0.009264662 3463125 0.01097175 0.06393742 0.1068568
0.1047452 0.09566533 0.008734955 3573224 0.00538289 0.06893563 0.1073195
0.0976964 0.1016475 0.008313071 3693349 -0.0004413476 0.07361817 0.1077595
0.0976964 0.1016475 0.008313071 3803432 -0.0004413476 0.07361817 0.1077595
0.09060958 0.1076127 0.008125376 3913531 -0.006304715 0.07806515 0.1083292
0.08336068 0.1136565 0.008154045 4033648 -0.01246769 0.08229803 0.1088507
0.08336068 0.1136565 0.008154045 4143739 -0.01246769 0.08229803 0.1088507
0.0758377 0.1197352 0.008580158 4253839 -0.01906148 0.08630405 0.1094898
0.06833601 0.1258401 0.009578832 4363942 -0.02609819 0.09031033 0.1102072
0.06833601 0.1258401 0.009578832 4494063 -0.02609819 0.09031033 0.1102072
0.06039703 0.1316367 0.01035536 4584137 -0.03358361 0.09442805 0.1108014
0.05256232 0.1369995 0.01131726 4704249 -0.04123691 0.09868596 0.1115172
0.05256232 0.1369995 0.01131726 4814348 -0.04123691 0.09868596 0.1115172
0.04460083 0.1418805 0.01215113 4924444 -0.04888019 0.1027942 0.11235
0.03625667 0.146467 0.01276696 5034547 -0.05655199 0.1066267 0.1132934
0.03625667 0.146467 0.01276696 5144642 -0.05655199 0.1066267 0.1132934
0.02765446 0.1507227 0.01325017 5254746 -0.06437764 0.1100931 0.1141739
0.01884816 0.1542662 0.01360572 5374850 -0.07243466 0.1132069 0.1150347
0.01884816 0.1542662 0.01360572 5484954 -0.07243466 0.1132069 0.1150347
0.009827708 0.1573801 0.01361787 5595053 -0.08062512 0.1162199 0.1157471
0.001015006 0.1598441 0.01364398 5705148 -0.08882808 0.1189699 0.1164242
0.001015006 0.1598441 0.01364398 5815260 -0.08882808 0.1189699 0.1164242
-0.008251473 0.1615084 0.01288313 5935356 -0.09677338 0.1213115 0.1170672
-0.01759001 0.1627138 0.01203978 6045463 -0.1046992 0.1229033 0.1175545
-0.01759001 0.1627138 0.01203978 6155555 -0.1046992 0.1229033 0.1175545
-0.02686498 0.1635532 0.01149201 6295681 -0.1125992 0.1238205 0.118156
-0.03577653 0.1638881 0.01128894 6375753 -0.1204626 0.1243327 0.1188524
-0.03577653 0.1638881 0.01128894 6485853 -0.1204626 0.1243327 0.1188524
-0.04445766 0.1630576 0.01106887 6605965 -0.1283231 0.1243131 0.1195664
-0.05284569 0.1618589 0.01085996 6716065 -0.1359067 0.1240141 0.1202898
-0.05284569 0.1618589 0.01085996 6826164 -0.1359067 0.1240141 0.1202898
-0.06161547 0.1597133 0.01007973 6936263 -0.143403 0.1231724 0.1209031
-0.07008283 0.1571158 0.009548417 7046363 -0.1507019 0.1218932 0.1216474
-0.07008283 0.1571158 0.009548417 7166467 -0.1507019 0.1218932 0.1216474
-0.07799195 0.1538845 0.009433856 7276570 -0.1579392 0.1200888 0.1224495
-0.08597635 0.1501391 0.009147097 7386670 -0.1651494 0.1177394 0.1231126
-0.09372042 0.145542 0.008634318 7496773 -0.1723767 0.1149081 0.1234429
-0.09372042 0.145542 0.008634318 7616882 -0.1723767 0.1149081 0.1234429
-0.1011502 0.1406855 0.007960427 7737132 -0.1791861 0.1118705 0.1236598
-0.1084376 0.1348951 0.006890046 7837072 -0.1855824 0.1082971 0.1237125
-0.1084376 0.1348951 0.006890046 7947172 -0.1855824 0.1082971 0.1237125
-0.1154675 0.1286194 0.005623744 8077317 -0.1914526 0.1041695 0.1236691
-0.1218399 0.1227045 0.004553304 8167382 -0.1968154 0.09948301 0.123489
-0.1218399 0.1227045 0.004553304 8287479 -0.1968154 0.09948301 0.123489
-0.1273514 0.1158264 0.003830478 8387577 -0.2019234 0.09430145 0.1233376
-0.1320185 0.1082274 0.003342971 8507677 -0.2067637 0.08892929 0.1231219
-0.1320185 0.1082274 0.003342971 8617789 -0.2067637 0.08892929 0.1231219
-0.1360381 0.1000663 0.003070279 8727892 -0.2111683 0.08327412 0.1229858
-0.139735 0.09119021 0.002554997 8868003 -0.2149312 0.07720135 0.1227885
-0.139735 0.09119021 0.002554997 8958084 -0.2149312 0.07720135 0.1227885
-0.1426859 0.08217667 0.002213522 9068187 -0.2179896 0.07077085 0.1226524
-0.14586 0.07254814 0.001395209 9178473 -0.2206974 0.06385898 0.1223502
-0.14586 0.07254814 0.001395209 9288386 -0.2206974 0.06385898 0.1223502
-0.1481095 0.06314801 0.0009118749 9398481 -0.2226854 0.05681872 0.1221745
-0.1501662 0.05362117 0.0004008245 9508581 -0.2244983 0.04940366 0.1219048
-0.1501662 0.05362117 0.0004008245 9638706 -0.2244983 0.04940366 0.1219048
-0.1523923 0.04376935 -0.0006127526 9738805 -0.2261678 0.04169583 0.1212852
-0.1532478 0.03371488 -0.001083808 9848892 -0.2273736 0.03382944 0.1206191
-0.1532478 0.03371488 -0.001083808 9979021 -0.2273736 0.03382944 0.1206191
-0.1532111 0.02460789 -0.00192328 10079099 -0.2277417 0.02634238 0.1195198
-0.1534594 0.01377475 -0.003076331 10179194 -0.2276085 0.01823067 0.1185308
-0.1534594 0.01377475 -0.003076331 10319316 -0.2276085 0.01823067 0.1185308
-0.1537701 0.002377505 -0.004419642 10419403 -0.2272608 0.009728068 0.1174464
-0.1538031 -0.008668904 -0.005971568 10519493 -0.2265976 0.001404281 0.1161175
-0.1538031 -0.008668904 -0.005971568 10649610 -0.2265976 0.001404281 0.1161175
-0.1526767 -0.01947344 -0.007116751 10749701 -0.2254465 -0.006568198 0.1147203
-0.1513755 -0.0307535 -0.008352415 10869813 -0.2242138 -0.0145098 0.1130436
-0.1513755 -0.0307535 -0.008352415 10969907 -0.2242138 -0.0145098 0.1130436
-0.1495415 -0.04175079 -0.009624378 11079999 -0.2222306 -0.02220333 0.1113733
-0.1460637 -0.05222392 -0.01037653 11200107 -0.2193362 -0.0298456 0.1097759
-0.1460637 -0.05222392 -0.01037653 11320220 -0.2193362 -0.0298456 0.1097759
-0.1428224 -0.06275213 -0.0111015 11420306 -0.2162552 -0.03757358 0.1083971
-0.1392122 -0.07278228 -0.01151241 11530405 -0.2128187 -0.04500556 0.1073017
-0.1392122 -0.07278228 -0.01151241 11660523 -0.2128187 -0.04500556 0.1073017
-0.1340634 -0.08182096 -0.01093145 11750608 -0.2087125 -0.05201864 0.1067358
-0.1286717 -0.08971357 -0.01040424 11860707 -0.2044327 -0.0586617 0.1062246
-0.1286717 -0.08971357 -0.01040424 11970803 -0.2044327 -0.0586617 0.1062246
-0.1242672 -0.09778917 -0.01058729 12090915 -0.199748 -0.06476462 0.1056809
-0.1185829 -0.1056499 -0.009802114 12201022 -0.1943968 -0.07031906 0.1055679
-0.1185829 -0.1056499 -0.009802114 12331128 -0.1943968 -0.07031906 0.1055679
-0.1130882 -0.1132096 -0.009021591 12421213 -0.1890359 -0.075598 0.1055365
-0.1065887 -0.1196651 -0.008005152 12541326 -0.1830768 -0.08058286 0.105698
-0.1065887 -0.1196651 -0.008005152 12671435 -0.1830768 -0.08058286 0.105698
-0.09999017 -0.1257478 -0.006886611 12761516 -0.1768788 -0.08526802 0.1060549
-0.09360153 -0.1312571 -0.006332228 12871615 -0.1705655 -0.08990216 0.1062403
-0.09360153 -0.1312571 -0.006332228 12981727 -0.1705655 -0.08990216 0.1062403
-0.08678924 -0.1366313 -0.005573818 13091814 -0.1640593 -0.0943203 0.1064323
-0.08005267 -0.1419493 -0.005449541 13211923 -0.1573885 -0.09847426 0.1060643
-0.08005267 -0.1419493 -0.005449541 13342040 -0.1573885 -0.09847426 0.1060643
-0.07243632 -0.1471874 -0.004604525 13442130 -0.150714 -0.1019987 0.1055628
-0.06440929 -0.1523379 -0.003581709 13542221 -0.1439517 -0.1053072 0.1048958
-0.06440929 -0.1523379 -0.003581709 13682347 -0.1439517 -0.1053072 0.1048958
-0.0564241 -0.1567086 -0.002813106 13772437 -0.1371024 -0.1083691 0.1042409
-0.04839905 -0.1602943 -0.002083842 13882528 -0.1300369 -0.1111248 0.1038589
-0.04036352 -0.1629962 -0.001384977 13992627 -0.12289 -0.113493 0.1037105
-0.04036352 -0.1629962 -0.001384977 14102726 -0.12289 -0.113493 0.1037105
-0.03205489 -0.1650385 -0.0004797603 14212826 -0.1154519 -0.115535 0.1039261
-0.03205489 -0.1650385 -0.0004797603 14322933 -0.1154519 -0.115535 0.1039261
-0.02390992 -0.1663748 0.0004358274 14443034 -0.1081243 -0.1171453 0.1043138
-0.01570847 -0.1670163 0.001451253 14553129 -0.1008825 -0.1179762 0.1046341
-0.007272467 -0.1668643 0.002878487 14663232 -0.09368347 -0.1180983 0.1051588
-0.007272467 -0.1668643 0.002878487 14793350 -0.09368347 -0.1180983 0.1051588
0.001071952 -0.165675 0.004089297 14903449 -0.08651295 -0.1177517 0.1057676
0.009206308 -0.1638402 0.005094232 15003543 -0.07935312 -0.117147 0.1065004
0.009206308 -0.1638402 0.005094232 15133657 -0.07935312 -0.117147 0.1065004
0.01730753 -0.1615398 0.006148877 15243756 -0.07235757 -0.1160412 0.1071256
0.02577407 -0.1583003 0.007297936 15473964 -0.06533995 -0.1141899 0.1075913
0.03392922 -0.15447 0.008132938 15594072 -0.05835757 -0.1116558 0.1079144
0.04242631 -0.1496326 0.009151344 15824280 -0.05144161 -0.1087239 0.108255
0.05061849 -0.1442134 0.009919053 16044479 -0.04462498 -0.1057484 0.1086883
0.06684729 -0.1312575 0.01124496 16264682 -0.03047675 -0.09961151 0.1104055
0.07450175 -0.1244895 0.01179791 16484884 -0.02304018 -0.09612274 0.1117337
0.08238696 -0.1180664 0.01304329 16715092 -0.01577333 -0.09246802 0.1131209
0.09729688 -0.1048595 0.01586575 16935283 -0.001773334 -0.08422804 0.1161936
0.103988 -0.09738302 0.01669855 17175499 0.004612379 -0.07932854 0.117221
0.1102081 -0.0899111 0.01714892 17385689 0.01056021 -0.07402027 0.1177671
0.1214889 -0.07482314 0.0170504 17615897 0.02179407 -0.06233132 0.1181006
0.1264643 -0.06762862 0.01636304 17826099 0.02698486 -0.05664158 0.1177996
0.131021 -0.06061816 0.01529677 18056298 0.03187342 -0.05096317 0.1171927
0.1393142 -0.04743433 0.01263829 18276497 0.04035117 -0.03973377 0.1148796
0.1427425 -0.0416733 0.01058002 18506709 0.04426475 -0.03450728 0.1133274
0.1458141 -0.03614712 0.008199292 18726908 0.04807897 -0.02987457 0.1117114
0.1509973 -0.02653098 0.00369497 18967116 0.05468335 -0.02196432 0.1086188
0.152886 -0.02225423 0.001586754 19177306 0.05710937 -0.01818574 0.1070217
0.1541957 -0.01814938 -0.0003691119 19397509 0.0588636 -0.01447571 0.1054823
0.1552917 -0.01052738 -0.003985743 19637725 0.06105946 -0.008053069 0.1028806
0.155791 -0.007180457 -0.005037108 19847915 0.06183564 -0.005279545 0.1020844
0.1558792 -0.00420094 -0.005740562 20068114 0.06216763 -0.002675299 0.1016003
0.1548158 0.001900191 -0.00600473 20288313 0.06143381 0.001867289 0.1016338
0.1541357 0.005031581 -0.005506078 20508507 0.06051512 0.004122252 0.1019212
0.1531559 0.007902617 -0.004993061 20738715 0.0591773 0.006211276 0.1021116
0.1517512 0.01318764 -0.003366689 20958914 0.05685617 0.01008367 0.102895
0.1511074 0.01530217 -0.002910952 21189121 0.05585505 0.0115962 0.1030112
0.1507664 0.01672673 -0.002424876 21409324 0.05500828 0.01306974 0.103042
0.150459 0.01805853 -0.001941423 21629519 0.05339115 0.01505768 0.1023421
0.1508354 0.01800215 -0.001664261 21859727 0.05262621 0.01570987 0.1015634
0.1511903 0.01708042 -0.001764516 22099947 0.05175554 0.01600456 0.1003031
