0.14708 0.0007715877 0.001194134 0 0.1125487 -0.01066569 0.2311542
0.147638 0.001607835 0.00143075 110080 0.1125857 -0.009830035 0.2307812
0.1478684 0.002573167 0.001552448 220179 0.1126035 -0.008839644 0.2306394
0.1480891 0.004435476 0.002167568 330278 0.1127736 -0.007542289 0.2307097
0.1480891 0.004435476 0.002167568 450387 0.1127736 -0.007542289 0.2307097
0.147797 0.006870099 0.002428889 550477 0.1127865 -0.005946912 0.2310207
0.147797 0.006870099 0.002428889 670585 0.1127865 -0.005946912 0.2310207
0.1472221 0.009813088 0.003026962 780685 0.1126389 -0.00388769 0.2317186
0.1460097 0.01377009 0.003246352 890784 0.1122117 -0.001287855 0.2327145
0.1444029 0.01805643 0.003659815 1010896 0.1115905 0.001738273 0.234128
0.1444029 0.01805643 0.003659815 1120992 0.1115905 0.001738273 0.234128
0.1421758 0.0233814 0.003814086 1221090 0.1107793 0.005452835 0.2358744
0.1421758 0.0233814 0.003814086 1341199 0.1107793 0.005452835 0.2358744
0.1393901 0.02939231 0.00372164 1451290 0.1096364 0.009594165 0.2378698
0.1359769 0.03606064 0.003552705 1561389 0.1081142 0.01421066 0.240231
0.1318079 0.04324841 0.003106952 1681502 0.1061144 0.01927992 0.2429301
0.1318079 0.04324841 0.003106952 1791597 0.1061144 0.01927992 0.2429301
0.1271859 0.05068067 0.002845183 1901696 0.1036779 0.02472755 0.2459626
0.1220535 0.05847124 0.002623841 2011804 0.1009177 0.03047558 0.2492463
0.1220535 0.05847124 0.002623841 2121895 0.1009177 0.03047558 0.2492463
0.1165444 0.06620059 0.002452254 2231994 0.09785877 0.03626581 0.252684
0.1107996 0.07400097 0.002526179 2352103 0.09468367 0.04205581 0.2562328
0.1107996 0.07400097 0.002526179 2462202 0.09468367 0.04205581 0.2562328
0.1048784 0.08185386 0.002896696 2572301 0.09145863 0.04783365 0.2598641
0.09897498 0.08917136 0.003592923 2692414 0.08804747 0.05347391 0.2635696
0.09897498 0.08917136 0.003592923 2792500 0.08804747 0.05347391 0.2635696
0.0930993 0.09608979 0.004270494 2902600 0.08449859 0.05900069 0.2671177
0.08736739 0.1022226 0.005104542 3022712 0.0807146 0.06441327 0.2706736
0.08736739 0.1022226 0.005104542 3132807 0.0807146 0.06441327 0.2706736
0.08178452 0.1076172 0.00587067 3242907 0.07668748 0.06965514 0.2740947
0.07587397 0.1129804 0.006391838 3353010 0.07251246 0.0745587 0.2772551
0.07587397 0.1129804 0.006391838 3463105 0.07251246 0.0745587 0.2772551
0.06955489 0.1184945 0.006735533 3583214 0.06809693 0.07911059 0.2801102
0.06275997 0.1237415 0.006919935 3693313 0.0635407 0.08331332 0.2827697
0.06275997 0.1237415 0.006919935 3823439 0.0635407 0.08331332 0.2827697
0.05584317 0.1283718 0.007170379 3913520 0.05878713 0.08712717 0.28528
0.04925873 0.1321121 0.007723346 4033620 0.0538825 0.09054062 0.2877379
0.042392 0.1355501 0.008060291 4153729 0.04892614 0.09370228 0.2898497
0.042392 0.1355501 0.008060291 4253819 0.04892614 0.09370228 0.2898497
0.03537635 0.138454 0.008315116 4363918 0.0438972 0.09662029 0.2917144
0.0293613 0.1408685 0.008893058 4474018 0.03926668 0.09937664 0.2934021
0.0293613 0.1408685 0.008893058 4584117 0.03926668 0.09937664 0.2934021
0.02233286 0.1425585 0.009438813 4694216 0.03400097 0.1013624 0.2949283
0.02233286 0.1425585 0.009438813 4834347 0.03400097 0.1013624 0.2949283
0.01512343 0.1437766 0.01003698 4924428 0.02848179 0.1029834 0.2961916
0.007796714 0.14469 0.01067775 5034528 0.0228383 0.1044637 0.2971621
0.007796714 0.14469 0.01067775 5144627 0.0228383 0.1044637 0.2971621
0.0009964029 0.1445638 0.01118882 5264735 0.01667658 0.1055765 0.2980441
-0.005329807 0.1440843 0.01159275 5374839 0.01053213 0.106503 0.2986657
-0.005329807 0.1440843 0.01159275 5484930 0.01053213 0.106503 0.2986657
-0.01120191 0.1432634 0.01177053 5595033 0.004472013 0.1071288 0.2989544
-0.01717073 0.1421915 0.01189163 5705133 -0.001424412 0.1072331 0.2988186
-0.01717073 0.1421915 0.01189163 5815398 -0.001424412 0.1072331 0.2988186
-0.03283302 0.1383553 0.01513463 5935336 -0.01100552 0.1067608 0.2983063
-0.03157379 0.1390828 0.012601 6035435 -0.01296498 0.1058422 0.2969606
-0.03157379 0.1390828 0.012601 6155539 -0.01296498 0.1058422 0.2969606
-0.03791909 0.1371297 0.01258038 6265634 -0.01839095 0.1045868 0.2954926
-0.04277701 0.1353771 0.01179415 6375738 -0.0232224 0.1030663 0.2937157
-0.04277701 0.1353771 0.01179415 6495846 -0.0232224 0.1030663 0.2937157
-0.04856812 0.1328562 0.01106761 6605942 -0.02830775 0.1011169 0.2915299
-0.05455475 0.1300486 0.01038548 6716049 -0.03320676 0.09885522 0.2890224
-0.05455475 0.1300486 0.01038548 6826140 -0.03320676 0.09885522 0.2890224
-0.05932318 0.1271075 0.009022236 6956270 -0.03745015 0.09614751 0.2863746
-0.06511497 0.1234691 0.008141637 7046339 -0.04196994 0.09313342 0.2834572
-0.06511497 0.1234691 0.008141637 7156446 -0.04196994 0.09313342 0.2834572
-0.0723183 0.1184683 0.008189484 7276551 -0.0470521 0.08955093 0.2803332
-0.07882599 0.113315 0.007854506 7386646 -0.05144646 0.08566209 0.2769687
-0.07882599 0.113315 0.007854506 7496745 -0.05144646 0.08566209 0.2769687
-0.08539347 0.1077686 0.007504284 7606845 -0.05547328 0.081449 0.2732446
-0.09104678 0.1022154 0.00644879 7726953 -0.05924856 0.07698389 0.2694833
-0.09673283 0.0962415 0.005204707 7837061 -0.06277328 0.07222124 0.2654184
-0.09673283 0.0962415 0.005204707 7947160 -0.06277328 0.07222124 0.2654184
-0.102003 0.09012336 0.003498733 8057259 -0.06601796 0.06730088 0.2612431
-0.1072691 0.083456 0.001857176 8167351 -0.06898973 0.06217846 0.2570087
-0.1072691 0.083456 0.001857176 8287459 -0.06898973 0.06217846 0.2570087
-0.1123798 0.07646206 0.0002942532 8387553 -0.07163345 0.05683132 0.2527936
-0.1173187 0.06929272 -0.001170963 8507658 -0.07394976 0.05125161 0.2486132
-0.1173187 0.06929272 -0.001170963 8627766 -0.07394976 0.05125161 0.2486132
-0.1222473 0.06175665 -0.002333775 8737874 -0.0762217 0.04549547 0.2445392
-0.1268927 0.05417084 -0.003679425 8837956 -0.07845663 0.03976759 0.2405588
-0.1268927 0.05417084 -0.003679425 8958068 -0.07845663 0.03976759 0.2405588
-0.1314531 0.04627235 -0.005167082 9058159 -0.08068997 0.03399225 0.2365626
-0.1356149 0.03837889 -0.007061392 9178263 -0.08267394 0.02840873 0.2326504
-0.1356149 0.03837889 -0.007061392 9288366 -0.08267394 0.02840873 0.2326504
-0.1397157 0.03023761 -0.008675173 9398462 -0.08456423 0.02281364 0.2288862
-0.1432533 0.02222395 -0.01055281 9538592 -0.08607137 0.01733585 0.2253958
-0.1465672 0.01430696 -0.01244746 9628673 -0.08743909 0.01201841 0.2220598
-0.1465672 0.01430696 -0.01244746 9738781 -0.08743909 0.01201841 0.2220598
-0.1494697 0.006144773 -0.01414548 9858881 -0.08862215 0.007007801 0.2191168
-0.1519993 -0.001946163 -0.01537365 9968981 -0.08942057 0.002131306 0.2165893
-0.1519993 -0.001946163 -0.01537365 10069075 -0.08942057 0.002131306 0.2165893
-0.1538383 -0.009455738 -0.01617403 10189175 -0.08967588 -0.002753533 0.2147112
-0.1538383 -0.009455738 -0.01617403 10299283 -0.08967588 -0.002753533 0.2147112
-0.1551401 -0.01670557 -0.01638031 10409374 -0.08963835 -0.007611312 0.213451
-0.1556503 -0.02349398 -0.01648104 10539491 -0.08939778 -0.01214043 0.2128467
-0.1556378 -0.03019846 -0.01615596 10629577 -0.08924829 -0.01651482 0.2128306
-0.1556378 -0.03019846 -0.01615596 10739680 -0.08924829 -0.01651482 0.2128306
-0.1552154 -0.03690811 -0.01568314 10879798 -0.08923905 -0.02070025 0.2132026
-0.1543586 -0.04314744 -0.01500174 10969884 -0.08927917 -0.02481512 0.2140345
-0.1543586 -0.04314744 -0.01500174 11079987 -0.08927917 -0.02481512 0.2140345
-0.152879 -0.0492662 -0.01404184 11190087 -0.08924862 -0.02886442 0.2154667
-0.152879 -0.0492662 -0.01404184 11300178 -0.08924862 -0.02886442 0.2154667
-0.1511157 -0.05511795 -0.01272409 11410285 -0.08918786 -0.0327547 0.2172507
-0.1487409 -0.06092701 -0.01151873 11530394 -0.08896443 -0.03657917 0.219471
-0.1487409 -0.06092701 -0.01151873 11650494 -0.08896443 -0.03657917 0.219471
-0.1464456 -0.06641456 -0.009883031 11750592 -0.08880356 -0.04040054 0.2218087
-0.1437765 -0.07217064 -0.008652434 11860696 -0.08842159 -0.04435066 0.2242489
-0.1410616 -0.07787928 -0.007352263 11990809 -0.08784657 -0.04832701 0.2267004
-0.1410616 -0.07787928 -0.007352263 12090891 -0.08784657 -0.04832701 0.2267004
-0.1376398 -0.0841437 -0.006575763 12200991 -0.08684954 -0.05220035 0.2293357
-0.1376398 -0.0841437 -0.006575763 12311090 -0.08684954 -0.05220035 0.2293357
-0.1339783 -0.08993131 -0.005866528 12431207 -0.08558708 -0.05579833 0.232075
-0.1298857 -0.09582466 -0.005361706 12531289 -0.08408738 -0.05936018 0.2349575
-0.1298857 -0.09582466 -0.005361706 12651405 -0.08408738 -0.05936018 0.2349575
-0.12589 -0.1015363 -0.005027488 12771526 -0.08229933 -0.06297473 0.2376102
-0.1218235 -0.1072989 -0.005152628 12871600 -0.08018231 -0.06676046 0.2400349
-0.1175643 -0.1133689 -0.005689487 12981711 -0.07760013 -0.0705289 0.2421909
-0.1175643 -0.1133689 -0.005689487 13111813 -0.07760013 -0.0705289 0.2421909
-0.1133094 -0.1190597 -0.006193236 13211903 -0.07451298 -0.07399944 0.2441785
-0.1090789 -0.1242458 -0.006708518 13322002 -0.07121482 -0.07728557 0.2460953
-0.1090789 -0.1242458 -0.006708518 13432106 -0.07121482 -0.07728557 0.2460953
-0.1046561 -0.1291232 -0.007219374 13542201 -0.06798613 -0.08040384 0.2481125
-0.09966051 -0.1338605 -0.008181572 13652300 -0.0649045 -0.08320563 0.2502124
-0.09966051 -0.1338605 -0.008181572 13762400 -0.0649045 -0.08320563 0.2502124
-0.09402562 -0.1388284 -0.009553999 13892529 -0.06151482 -0.0857641 0.2522082
-0.08810938 -0.1438408 -0.01108578 13992612 -0.05745343 -0.08796839 0.2538638
-0.08810938 -0.1438408 -0.01108578 14102715 -0.05745343 -0.08796839 0.2538638
-0.08184573 -0.1488613 -0.01267973 14212831 -0.05270875 -0.08982734 0.2552454
-0.07534847 -0.1533528 -0.01427649 14322906 -0.04767933 -0.0914605 0.2565546
-0.07534847 -0.1533528 -0.01427649 14433005 -0.04767933 -0.0914605 0.2565546
-0.06818357 -0.1575441 -0.01597719 14553130 -0.04249958 -0.09292725 0.257897
-0.06024633 -0.1615095 -0.01776351 14673222 -0.0372991 -0.09414868 0.2591894
-0.06024633 -0.1615095 -0.01776351 14773328 -0.0372991 -0.09414868 0.2591894
-0.05194153 -0.1653166 -0.01944728 14893420 -0.03185715 -0.09501866 0.2601633
-0.05194153 -0.1653166 -0.01944728 15123624 -0.03185715 -0.09501866 0.2601633
-0.0350248 -0.1721399 -0.02218169 15223718 -0.02014566 -0.09583119 0.2610745
-0.0350248 -0.1721399 -0.02218169 15383875 -0.02014566 -0.09583119 0.2610745
-0.016391 -0.1774482 -0.02429052 15584056 -0.007770567 -0.09594802 0.2610401
-0.007211236 -0.1789517 -0.02557024 15814251 -0.00176208 -0.09573548 0.2604243
0.001552563 -0.1797951 -0.02652387 16034458 0.004021328 -0.09516028 0.2595774
0.01101621 -0.1800866 -0.02750537 16264658 0.009730455 -0.09436563 0.2583506
0.02953551 -0.1790185 -0.0300058 16494870 0.0207875 -0.09169511 0.2543181
0.0384985 -0.1781788 -0.03065413 16715068 0.0260474 -0.09009962 0.2519977
0.05585176 -0.1727148 -0.03195969 16945272 0.03515368 -0.08551244 0.2469069
0.0647858 -0.1679175 -0.03174432 17175480 0.03922306 -0.08254842 0.2444531
0.07330199 -0.1622444 -0.03102569 17405692 0.04325703 -0.07910936 0.2420671
0.08940695 -0.1489839 -0.02828537 17605864 0.05151599 -0.0712432 0.2374106
0.09689806 -0.1414462 -0.02636126 17856098 0.05563636 -0.06695966 0.2352459
0.1039205 -0.1338996 -0.02414531 18056291 0.06000455 -0.06274322 0.2332378
0.1171847 -0.1186702 -0.01966636 18286482 0.07040402 -0.05428533 0.2293032
0.1232595 -0.1109717 -0.01711331 18516690 0.07576223 -0.04999475 0.2275329
0.129059 -0.1031175 -0.01427582 18726888 0.08082675 -0.04556946 0.225812
0.1386136 -0.08820667 -0.009357333 18967109 0.0899761 -0.0364602 0.2227758
0.1425655 -0.08064792 -0.007506549 19177290 0.09399488 -0.03180198 0.2215073
0.1458547 -0.07344785 -0.005620703 19397485 0.09735473 -0.02717654 0.2205262
0.1511286 -0.06005717 -0.002856329 19647711 0.1021456 -0.01745919 0.2184912
0.1531764 -0.05356645 -0.00187248 19847896 0.1037822 -0.01249424 0.2176228
0.1547997 -0.04716397 -0.001049072 20058081 0.1052332 -0.007784523 0.2170985
0.1572798 -0.03482253 -7.003546E-06 20308307 0.1076801 0.0009774793 0.2165003
0.1581441 -0.02914826 0.0004242659 20518501 0.1084466 0.005240761 0.2163201
0.158607 -0.02412779 0.0006639063 20738695 0.1088525 0.009435855 0.2162398
0.1590437 -0.01490618 0.0005340725 20968903 0.1098435 0.01705166 0.2163451
0.1589985 -0.01070597 -8.419156E-06 21179101 0.110395 0.02029558 0.216507
0.1588782 -0.006859532 -0.0004918575 21409305 0.1110828 0.02313706 0.2167691
0.1583982 -0.0003058371 -0.001876757 21629503 0.1119986 0.0277762 0.2171937
0.1580786 0.00256856 -0.002625078 21859707 0.1125577 0.02952763 0.2174628
0.1576042 0.005115823 -0.003598765 22089915 0.1132234 0.03095576 0.2177538
0.1563792 0.009062719 -0.004837498 22300104 0.1145701 0.03287598 0.2187499
0.1554904 0.01075475 -0.005473703 22520303 0.1154096 0.03338333 0.2194715
0.1545384 0.01205476 -0.005959854 22770533 0.1164726 0.03349038 0.2202943
0.1522904 0.01378067 -0.006168127 22970710 0.1184083 0.03236743 0.2225534
0.1507234 0.01413098 -0.00586395 23190920 0.1192153 0.03094336 0.2242498
0.1489641 0.01458987 -0.005380258 23421116 0.1196806 0.02908548 0.2262141
0.1457777 0.01415086 -0.002229914 23641319 0.1205423 0.0228686 0.2310838
0.1438653 0.01270772 0.0005589873 23891541 0.1212449 0.01868828 0.2344126
