0.1436988 -0.002855576 0.01130315 0 0.08879921 0.03241249 0.1379856
0.1435768 -0.001206316 0.01127189 130113 0.08854049 0.03336974 0.1380858
0.1435695 0.001126849 0.01148733 220198 0.08819583 0.03469297 0.1384256
0.1435695 0.001126849 0.01148733 330298 0.08819583 0.03469297 0.1384256
0.1433187 0.004144513 0.01170814 450402 0.08777665 0.03654595 0.1388753
0.1433187 0.004144513 0.01170814 560501 0.08777665 0.03654595 0.1388753
0.1429999 0.007438027 0.0121209 670605 0.08740309 0.03883668 0.1395154
0.1426323 0.01161166 0.01265394 780704 0.08701059 0.04160818 0.1403751
0.1426323 0.01161166 0.01265394 910817 0.08701059 0.04160818 0.1403751
0.1419112 0.01641079 0.01325327 1010920 0.08642548 0.04479905 0.1414004
0.1409565 0.02198061 0.01389503 1121011 0.08560419 0.04847904 0.1425038
0.1409565 0.02198061 0.01389503 1251125 0.08560419 0.04847904 0.1425038
0.1397016 0.02787753 0.0148231 1351215 0.08454044 0.05256959 0.1438727
0.1383006 0.03435668 0.01565402 1461318 0.08388969 0.05703374 0.1453902
0.1383006 0.03435668 0.01565402 1571426 0.08388969 0.05703374 0.1453902
0.1367425 0.04109057 0.01700657 1681513 0.08219111 0.06192299 0.1469928
0.1346928 0.04802164 0.01832967 1791612 0.08024997 0.06699332 0.1486459
0.1346928 0.04802164 0.01832967 1901720 0.08024997 0.06699332 0.1486459
0.1318586 0.05494388 0.0195353 2011815 0.07786548 0.07213112 0.1502854
0.1284538 0.06201764 0.02068215 2121914 0.07512347 0.07743021 0.1519246
0.1246008 0.06928106 0.02183902 2242019 0.07192856 0.08281895 0.1535532
0.1246008 0.06928106 0.02183902 2352118 0.07192856 0.08281895 0.1535532
0.1200938 0.07624087 0.02298942 2472227 0.06820703 0.08818814 0.1551684
0.1147065 0.083263 0.02392208 2572321 0.063959 0.09344313 0.15669
0.1147065 0.083263 0.02392208 2682420 0.063959 0.09344313 0.15669
0.1087715 0.09026739 0.02477833 2792516 0.05930305 0.0984809 0.1581638
0.1087715 0.09026739 0.02477833 2912628 0.05930305 0.0984809 0.1581638
0.1025388 0.09661683 0.02560517 3022723 0.05418658 0.1031792 0.1594904
0.09545353 0.1029425 0.02628311 3132823 0.04858296 0.107754 0.1607683
0.08736716 0.1086591 0.02674147 3242926 0.04239503 0.1119865 0.161918
0.08736716 0.1086591 0.02674147 3363039 0.04239503 0.1119865 0.161918
0.07876045 0.1137089 0.02709809 3473130 0.03579479 0.1158495 0.1629496
0.07055551 0.1180343 0.02761843 3583233 0.02911301 0.1192631 0.1639536
0.07055551 0.1180343 0.02761843 3693337 0.02911301 0.1192631 0.1639536
0.06158283 0.1221391 0.02790701 3813437 0.02204266 0.1223694 0.1648113
0.05232814 0.1259478 0.02817684 3913527 0.01464619 0.1252439 0.1656026
0.05232814 0.1259478 0.02817684 4033640 0.01464619 0.1252439 0.1656026
0.04374234 0.129119 0.0287801 4153744 0.006423355 0.1278797 0.166301
0.03365037 0.1318724 0.02885627 4253834 -0.001507461 0.1301251 0.1669401
0.03365037 0.1318724 0.02885627 4363934 -0.001507461 0.1301251 0.1669401
0.02335846 0.1338229 0.028921 4504064 -0.00946483 0.1318373 0.167575
0.01407075 0.1346096 0.02937355 4594141 -0.01739097 0.1328681 0.1683462
0.01407075 0.1346096 0.02937355 4704245 -0.01739097 0.1328681 0.1683462
0.003938407 0.1357926 0.02954596 4814340 -0.02544105 0.1336798 0.1689685
-0.00665164 0.136422 0.02966803 4924440 -0.03374588 0.1341519 0.1695502
-0.00665164 0.136422 0.02966803 5034539 -0.03374588 0.1341519 0.1695502
-0.01675245 0.1365502 0.02990606 5144642 -0.04186299 0.1341364 0.1701555
-0.02723023 0.1360198 0.03020414 5274756 -0.0498966 0.1335495 0.1708682
-0.02723023 0.1360198 0.03020414 5384855 -0.0498966 0.1335495 0.1708682
-0.0367575 0.1346596 0.0304397 5484945 -0.05749968 0.1322829 0.171402
-0.04641193 0.1323772 0.03059131 5615067 -0.06508085 0.1304186 0.1718495
-0.04641193 0.1323772 0.03059131 5715153 -0.06508085 0.1304186 0.1718495
-0.05533809 0.1293336 0.03066912 5825252 -0.07236472 0.1280671 0.1721426
-0.06396616 0.1255111 0.03070414 5935352 -0.07943681 0.1251223 0.1723613
-0.06396616 0.1255111 0.03070414 6045451 -0.07943681 0.1251223 0.1723613
-0.07217231 0.1208907 0.03066372 6155550 -0.08628851 0.1215727 0.1724612
-0.0805926 0.1155432 0.03057259 6275667 -0.09292716 0.1174278 0.1725253
-0.0805926 0.1155432 0.03057259 6385758 -0.09292716 0.1174278 0.1725253
-0.08813536 0.1089601 0.03020757 6495858 -0.0990935 0.1124885 0.1722418
-0.09532666 0.1019747 0.02968678 6605957 -0.104923 0.106961 0.1717758
-0.09532666 0.1019747 0.02968678 6716056 -0.104923 0.106961 0.1717758
-0.101957 0.09398815 0.02904671 6826156 -0.1104259 0.1008093 0.1711313
-0.1080264 0.08518239 0.02825677 6946264 -0.1155668 0.09414204 0.1702748
-0.1080264 0.08518239 0.02825677 7056363 -0.1155668 0.09414204 0.1702748
-0.1136201 0.07553514 0.02758586 7166463 -0.1202206 0.08682129 0.1694848
-0.1188228 0.06558093 0.02684873 7276566 -0.1245342 0.07904454 0.1685963
-0.1188228 0.06558093 0.02684873 7386661 -0.1245342 0.07904454 0.1685963
-0.1235201 0.05496975 0.02607903 7496761 -0.1284145 0.07090231 0.1676009
-0.1278963 0.04380926 0.02519208 7616881 -0.1320187 0.06242451 0.1664108
-0.1278963 0.04380926 0.02519208 7746991 -0.1320187 0.06242451 0.1664108
-0.1309001 0.0326639 0.02441978 7837072 -0.1349115 0.05375906 0.1652927
-0.1340145 0.02132508 0.02379557 7947175 -0.1375136 0.04471239 0.1643197
-0.1340145 0.02132508 0.02379557 8077285 -0.1375136 0.04471239 0.1643197
-0.1358711 0.009774767 0.0232031 8177375 -0.1394263 0.03540965 0.1633333
-0.1372349 -0.00223843 0.02270314 8287474 -0.1408123 0.02591296 0.162349
-0.1372349 -0.00223843 0.02270314 8407583 -0.1408123 0.02591296 0.162349
-0.1372257 -0.01352362 0.02196827 8507673 -0.1414031 0.01672026 0.1611592
-0.1369355 -0.0251048 0.02154734 8627782 -0.1415687 0.007394158 0.1602146
-0.1369355 -0.0251048 0.02154734 8757899 -0.1415687 0.007394158 0.1602146
-0.1361938 -0.03624097 0.02118197 8837971 -0.1412054 -0.00175289 0.1593547
-0.1347043 -0.04729477 0.02085006 8958080 -0.1401856 -0.01074366 0.1584735
-0.1347043 -0.04729477 0.02085006 9088205 -0.1401856 -0.01074366 0.1584735
-0.1324026 -0.05817286 0.02053785 9178278 -0.1383877 -0.0194538 0.1575461
-0.1290666 -0.06842355 0.02014419 9288378 -0.1357636 -0.02784614 0.1565805
-0.1290666 -0.06842355 0.02014419 9398485 -0.1357636 -0.02784614 0.1565805
-0.1248749 -0.07831446 0.0196701 9518585 -0.1325466 -0.03596429 0.1555151
-0.1196108 -0.08732811 0.01908016 9628685 -0.1286003 -0.04367892 0.1544323
-0.1196108 -0.08732811 0.01908016 9738788 -0.1286003 -0.04367892 0.1544323
-0.1138381 -0.09613495 0.01871112 9858897 -0.1242301 -0.05091028 0.1534442
-0.1075617 -0.1045016 0.01854509 9968996 -0.1193438 -0.05772237 0.1526314
-0.1075617 -0.1045016 0.01854509 10079099 -0.1193438 -0.05772237 0.1526314
-0.1005469 -0.1119502 0.01833826 10209217 -0.1139518 -0.06381158 0.1517895
-0.0926756 -0.119007 0.01837775 10299306 -0.1080733 -0.06934861 0.1510548
-0.08389479 -0.1253238 0.01846492 10409559 -0.1015437 -0.0742716 0.1503302
-0.08389479 -0.1253238 0.01846492 10539507 -0.1015437 -0.0742716 0.1503302
-0.07439995 -0.1310256 0.01862421 10629588 -0.09431372 -0.07868807 0.1496604
-0.07439995 -0.1310256 0.01862421 10749696 -0.09431372 -0.07868807 0.1496604
-0.06435189 -0.1360526 0.01873132 10859804 -0.0864048 -0.08263043 0.1489849
-0.05411127 -0.1403369 0.01868945 10969895 -0.07806107 -0.08616022 0.1482948
-0.04325303 -0.1439483 0.01864782 11079994 -0.06938717 -0.08910577 0.1475492
-0.04325303 -0.1439483 0.01864782 11200103 -0.06938717 -0.08910577 0.1475492
-0.03191039 -0.1470439 0.01873049 11310202 -0.06032175 -0.09139661 0.1468025
-0.02044159 -0.1493085 0.01885768 11420302 -0.05104774 -0.09300665 0.1461354
-0.02044159 -0.1493085 0.01885768 11530401 -0.05104774 -0.09300665 0.1461354
-0.008996814 -0.1507023 0.01908075 11650509 -0.04159597 -0.09400443 0.145686
0.002318293 -0.1508829 0.01919329 11750604 -0.03210908 -0.09428553 0.1453589
0.002318293 -0.1508829 0.01919329 11860703 -0.03210908 -0.09428553 0.1453589
0.01318157 -0.1499468 0.01924711 11980807 -0.02300572 -0.09369711 0.1450752
0.01318157 -0.1499468 0.01924711 12090907 -0.02300572 -0.09369711 0.1450752
0.02372256 -0.1479018 0.01935172 12201010 -0.01439196 -0.09216753 0.1448397
0.03385517 -0.1448684 0.01953819 12331128 -0.006302714 -0.08979706 0.1446811
0.03385517 -0.1448684 0.01953819 12421213 -0.006302714 -0.08979706 0.1446811
0.04321037 -0.14076 0.01961043 12541313 0.001190931 -0.08664731 0.1445602
0.05209893 -0.1357825 0.01971972 12651417 0.008367598 -0.08281581 0.1445731
0.05209893 -0.1357825 0.01971972 12771521 0.008367598 -0.08281581 0.1445731
0.06045139 -0.1299897 0.01990088 12871611 0.01519869 -0.07836871 0.1447757
0.06836772 -0.123727 0.02041092 12991728 0.02171572 -0.07333783 0.145274
0.06836772 -0.123727 0.02041092 13101819 0.02171572 -0.07333783 0.145274
0.07596245 -0.1168002 0.02092844 13211918 0.02778001 -0.06786684 0.1457893
0.08299918 -0.1093802 0.02161738 13322022 0.03335845 -0.06193296 0.1464806
0.08299918 -0.1093802 0.02161738 13432117 0.03335845 -0.06193296 0.1464806
0.08926886 -0.1015505 0.02222031 13542216 0.03840367 -0.05572847 0.1471976
0.09534132 -0.09386305 0.02311673 13652316 0.04308259 -0.0494223 0.1480179
0.09534132 -0.09386305 0.02311673 13782433 0.04308259 -0.0494223 0.1480179
0.09999064 -0.08596508 0.02342713 13882524 0.04727484 -0.04295472 0.1486366
0.1049491 -0.07810668 0.02409473 14012649 0.05118287 -0.03661302 0.1493694
0.108979 -0.07042316 0.02441039 14122744 0.0546092 -0.03034548 0.1498853
0.108979 -0.07042316 0.02441039 14252858 0.0546092 -0.03034548 0.1498853
0.1127461 -0.06305627 0.02465259 14473065 0.05765513 -0.02424625 0.1502115
0.1160572 -0.05583457 0.0246503 14703264 0.06029435 -0.0182877 0.1502966
0.1208809 -0.04263309 0.023925 14923467 0.06491984 -0.007450617 0.150166
0.1228652 -0.03689007 0.02338269 15133653 0.06689134 -0.00272695 0.1498978
0.124789 -0.03152756 0.02289295 15223734 0.06842662 0.001888715 0.149435
0.1266396 -0.0265551 0.02254763 15343850 0.06969924 0.006357514 0.1489628
0.128247 -0.02219728 0.02224606 15463951 0.07082443 0.01049086 0.1485013
0.128247 -0.02219728 0.02224606 15574054 0.07082443 0.01049086 0.1485013
0.1297124 -0.01823167 0.02204844 15674140 0.07200745 0.01415046 0.1482538
0.131126 -0.01442853 0.02186468 15784244 0.0732446 0.0174081 0.148128
0.131126 -0.01442853 0.02186468 15894343 0.0732446 0.0174081 0.148128
0.1323531 -0.01078741 0.02175584 16004442 0.07429771 0.02036699 0.1481094
0.1337132 -0.00745336 0.02183318 16114546 0.07517435 0.02330037 0.1480618
0.1351067 -0.004735388 0.02205476 16224637 0.07608418 0.02603051 0.148055
0.1351067 -0.004735388 0.02205476 16344758 0.07608418 0.02603051 0.148055
0.1363416 -0.002271689 0.02220916 16474875 0.07694647 0.02840992 0.1480548
0.1373466 0.0002133477 0.02229279 16614989 0.07772715 0.03047284 0.1481345
0.1373466 0.0002133477 0.02229279 16785143 0.07772715 0.03047284 0.1481345
0.1385667 0.002759896 0.0224865 16925269 0.07856271 0.03243311 0.148285
0.1398427 0.005214415 0.02278405 17045382 0.07924314 0.03445002 0.1483994
0.1407857 0.007375919 0.02282735 17305775 0.07981706 0.03630229 0.1483357
0.1427818 0.0106928 0.02294203 17506199 0.08101736 0.03936335 0.1481195
0.1439323 0.01171144 0.02287829 17715983 0.08163652 0.04057475 0.1477478
0.1447549 0.01255687 0.02251213 17946203 0.0821307 0.04159352 0.147177
0.1455879 0.01302358 0.02204939 18176415 0.08253682 0.04229542 0.1464438
0.1469283 0.01259013 0.02043044 18396597 0.08349422 0.0423896 0.1445045
0.1473509 0.01183518 0.01967558 18616804 0.0836729 0.04181882 0.1435801
