0.148582 -1.020391E-05 -0.002016023 0 0.02670779 -0.002649324 0.189931
0.1478041 0.001128783 -0.001058072 110104 0.02718851 -0.00233978 0.1912161
0.1467867 0.00274048 -6.088614E-05 240217 0.02774509 -0.002052705 0.1928762
0.1467867 0.00274048 -6.088614E-05 330299 0.02774509 -0.002052705 0.1928762
0.1454439 0.004940356 0.0008455962 450407 0.02804752 -0.001530015 0.1947367
0.1437946 0.00722384 0.001723856 560510 0.02806919 -0.0006764558 0.1967714
0.1437946 0.00722384 0.001723856 670606 0.02806919 -0.0006764558 0.1967714
0.1418146 0.009682142 0.003135934 780709 0.02783503 0.0007040246 0.1989838
0.1396533 0.01261816 0.004322648 900813 0.02734145 0.002537044 0.2012673
0.1396533 0.01261816 0.004322648 1010913 0.02734145 0.002537044 0.2012673
0.1372403 0.01562782 0.00551407 1121012 0.02657442 0.004464236 0.2036799
0.1372403 0.01562782 0.00551407 1231111 0.02657442 0.004464236 0.2036799
0.1345964 0.01888769 0.006908253 1351220 0.02571574 0.006553897 0.2063369
0.1318688 0.02246502 0.007813826 1451314 0.02463087 0.008722689 0.2089437
0.1318688 0.02246502 0.007813826 1571419 0.02463087 0.008722689 0.2089437
0.1288159 0.02623458 0.008892313 1681518 0.02320597 0.01100251 0.2116873
0.1255584 0.03013266 0.009986311 1791617 0.02142688 0.01341725 0.214408
0.1255584 0.03013266 0.009986311 1911726 0.02142688 0.01341725 0.214408
0.1222166 0.03393547 0.01110624 2011816 0.01940354 0.01595958 0.2170777
0.1187513 0.03789026 0.01256168 2121915 0.01727286 0.01852583 0.2198095
0.1150626 0.04191975 0.01356654 2242024 0.0147513 0.02105927 0.2224911
0.1150626 0.04191975 0.01356654 2362132 0.0147513 0.02105927 0.2224911
0.1112443 0.04592399 0.01477768 2462227 0.0121971 0.02368908 0.2253727
0.1072271 0.05016015 0.01529251 2572322 0.009384042 0.02649553 0.2282712
0.1072271 0.05016015 0.01529251 2692430 0.009384042 0.02649553 0.2282712
0.1029714 0.05455504 0.01596075 2802530 0.006294921 0.02955452 0.2312664
0.09839521 0.05928761 0.01650627 2912629 0.002792846 0.03278513 0.2342422
0.09839521 0.05928761 0.01650627 3032737 0.002792846 0.03278513 0.2342422
0.09347992 0.0641401 0.0169694 3132828 -0.001156396 0.03616889 0.2372431
0.08844446 0.06872099 0.01774448 3242927 -0.005363204 0.0396122 0.2402779
0.08844446 0.06872099 0.01774448 3353030 -0.005363204 0.0396122 0.2402779
0.08321553 0.07339163 0.01816165 3473135 -0.009845511 0.0430017 0.2431758
0.07794172 0.07774638 0.01868446 3583238 -0.01445461 0.04623314 0.2460309
0.07794172 0.07774638 0.01868446 3693342 -0.01445461 0.04623314 0.2460309
0.07249629 0.08210563 0.01907557 3803433 -0.01915408 0.04932544 0.2488878
0.06683563 0.08630183 0.01914658 3913536 -0.02416595 0.0522656 0.2515886
0.06683563 0.08630183 0.01914658 4033645 -0.02416595 0.0522656 0.2515886
0.06122033 0.09018635 0.0194179 4153757 -0.02918915 0.05510628 0.2542349
0.05543099 0.09413724 0.01959673 4253839 -0.03436675 0.05788552 0.2567481
0.05543099 0.09413724 0.01959673 4363947 -0.03436675 0.05788552 0.2567481
0.04937792 0.09828569 0.01967955 4474046 -0.03979873 0.06067212 0.2590697
0.04320312 0.1020995 0.01978217 4584141 -0.04555307 0.06331243 0.2611591
0.04320312 0.1020995 0.01978217 4704250 -0.04555307 0.06331243 0.2611591
0.03704058 0.105502 0.01985405 4814345 -0.0515307 0.06566852 0.2628785
0.03055773 0.1092329 0.01953945 4924444 -0.05763259 0.06781998 0.2641832
0.02399404 0.1126388 0.01931715 5044553 -0.06377048 0.06968401 0.265325
0.02399404 0.1126388 0.01931715 5144647 -0.06377048 0.06968401 0.265325
0.01747992 0.1156039 0.01942734 5264752 -0.06995632 0.07144313 0.2664165
0.01113272 0.1182488 0.02015176 5374855 -0.07612577 0.0732756 0.2675706
0.01113272 0.1182488 0.02015176 5484954 -0.07612577 0.0732756 0.2675706
0.004099513 0.1209883 0.02049203 5605059 -0.08271653 0.07506192 0.2685331
-0.002790662 0.1231167 0.02107812 5715158 -0.08937386 0.07672039 0.2694084
-0.002790662 0.1231167 0.02107812 5825261 -0.08937386 0.07672039 0.2694084
-0.009295067 0.1243865 0.02163921 5955375 -0.09590783 0.07803983 0.2700966
-0.01593283 0.1255025 0.02258377 6045460 -0.1025167 0.0793144 0.2708211
-0.01593283 0.1255025 0.02258377 6155555 -0.1025167 0.0793144 0.2708211
-0.02253335 0.1260991 0.02386542 6275664 -0.1091003 0.08016232 0.2715206
-0.02893016 0.1263556 0.02575187 6375754 -0.1156412 0.08084211 0.2722898
-0.02893016 0.1263556 0.02575187 6495867 -0.1156412 0.08084211 0.2722898
-0.0348516 0.1256352 0.02802293 6625984 -0.1221525 0.0810619 0.2731794
-0.04096575 0.1249416 0.03023794 6716069 -0.128579 0.08117525 0.2739269
-0.04096575 0.1249416 0.03023794 6846203 -0.128579 0.08117525 0.2739269
-0.04671492 0.1236996 0.03265865 6936260 -0.1349624 0.08101819 0.274648
-0.0526021 0.1224995 0.03490306 7056368 -0.1413333 0.0808194 0.2750599
-0.0526021 0.1224995 0.03490306 7166468 -0.1413333 0.0808194 0.2750599
-0.05810415 0.120741 0.03747317 7276571 -0.1475549 0.08022831 0.2755885
-0.06328663 0.1184209 0.04028118 7396675 -0.1536867 0.0789431 0.276026
-0.06328663 0.1184209 0.04028118 7506775 -0.1536867 0.0789431 0.276026
-0.06768093 0.1155505 0.04364856 7616882 -0.1597811 0.07722414 0.2766392
-0.07195444 0.112312 0.04689339 7726978 -0.1658648 0.07521121 0.2772132
-0.07195444 0.112312 0.04689339 7837077 -0.1658648 0.07521121 0.2772132
-0.07598168 0.1089417 0.04998346 7947176 -0.1717869 0.07306212 0.2777095
-0.07998178 0.1054699 0.05274554 8077290 -0.1774867 0.0706467 0.2779849
-0.07998178 0.1054699 0.05274554 8167375 -0.1774867 0.0706467 0.2779849
-0.08394637 0.1020375 0.05519859 8287479 -0.182804 0.06790873 0.2779694
-0.08775888 0.09860491 0.05732784 8417597 -0.187684 0.06480396 0.2776589
-0.08775888 0.09860491 0.05732784 8507682 -0.187684 0.06480396 0.2776589
-0.09131131 0.09468092 0.05913195 8617777 -0.1922644 0.06117249 0.2773012
-0.09427335 0.09033473 0.06047444 8747895 -0.1966135 0.05709058 0.2767211
-0.09427335 0.09033473 0.06047444 8847985 -0.1966135 0.05709058 0.2767211
-0.09704673 0.08599004 0.06161851 8958085 -0.2006943 0.05281402 0.2759703
-0.100046 0.08133456 0.06197789 9088202 -0.2041693 0.04802626 0.2748384
-0.1022047 0.07675558 0.06221645 9178283 -0.2072041 0.04299795 0.2736378
-0.1022047 0.07675558 0.06221645 9298400 -0.2072041 0.04299795 0.2736378
-0.1047251 0.07187837 0.06201151 9428513 -0.2098602 0.03764546 0.2722482
-0.1068317 0.0668344 0.06178144 9518590 -0.2123699 0.03218557 0.270957
-0.1068317 0.0668344 0.06178144 9628698 -0.2123699 0.03218557 0.270957
-0.1088721 0.06171156 0.06143981 9738793 -0.2147388 0.02649234 0.2695034
-0.1088721 0.06171156 0.06143981 9848888 -0.2147388 0.02649234 0.2695034
-0.1104395 0.05648237 0.06106465 9958992 -0.2168822 0.02047961 0.2680748
-0.1123154 0.05094568 0.06034748 10079104 -0.2186449 0.01430261 0.2665805
-0.1123154 0.05094568 0.06034748 10199209 -0.2186449 0.01430261 0.2665805
-0.1139221 0.04517725 0.05944495 10299295 -0.2202218 0.007952295 0.2650527
-0.115337 0.03917103 0.0584287 10409544 -0.2214572 0.001424631 0.2636598
-0.115337 0.03917103 0.0584287 10539512 -0.2214572 0.001424631 0.2636598
-0.1163957 0.033099 0.05749018 10629605 -0.222637 -0.005277172 0.2623345
-0.1174409 0.02669134 0.05639662 10739696 -0.2236696 -0.01223843 0.2609485
-0.1174409 0.02669134 0.05639662 10859805 -0.2236696 -0.01223843 0.2609485
-0.1184107 0.02004946 0.05505864 10969904 -0.2243992 -0.01930208 0.2595147
-0.1192147 0.0133284 0.05350085 11080003 -0.2248299 -0.02628342 0.2580495
-0.1192147 0.0133284 0.05350085 11200108 -0.2248299 -0.02628342 0.2580495
-0.1201133 0.006240396 0.05183214 11320216 -0.2249951 -0.03343412 0.2566342
-0.1204784 -0.0009586565 0.05018473 11420306 -0.2247846 -0.04084841 0.2554907
-0.1204784 -0.0009586565 0.05018473 11530406 -0.2247846 -0.04084841 0.2554907
-0.1208074 -0.008253242 0.04868439 11660523 -0.2244426 -0.04851613 0.2544922
-0.1210503 -0.01566735 0.04716732 11750605 -0.2239446 -0.05619781 0.2535726
-0.1210503 -0.01566735 0.04716732 11870713 -0.2239446 -0.05619781 0.2535726
-0.1209705 -0.02332672 0.04565267 11990825 -0.2234022 -0.06387537 0.2527851
-0.120902 -0.03098615 0.04406185 12090912 -0.2228166 -0.07133089 0.2519058
-0.1205784 -0.03906168 0.04233368 12241047 -0.2220239 -0.07879505 0.2511092
-0.1205784 -0.03906168 0.04233368 12461246 -0.2220239 -0.07879505 0.2511092
-0.1196926 -0.05511393 0.03828411 12681449 -0.2191859 -0.09350877 0.2494432
-0.1191522 -0.06344967 0.036057 12911652 -0.2172277 -0.1011425 0.2486544
-0.1183302 -0.07144416 0.03399409 13101824 -0.2152241 -0.1084847 0.2480656
-0.1163657 -0.08824351 0.02959388 13211927 -0.211268 -0.1219867 0.2466731
-0.1163657 -0.08824351 0.02959388 13322027 -0.211268 -0.1219867 0.2466731
-0.1147799 -0.09630931 0.02730112 13432122 -0.2091276 -0.127975 0.2459746
-0.1131655 -0.1045518 0.0249818 13542221 -0.2067487 -0.1338568 0.2453577
-0.1131655 -0.1045518 0.0249818 13652321 -0.2067487 -0.1338568 0.2453577
-0.1110158 -0.1128971 0.02273008 13772429 -0.2041711 -0.1396872 0.2449474
-0.1087705 -0.1207019 0.0206241 13882528 -0.2014169 -0.1452756 0.2447322
-0.1087705 -0.1207019 0.0206241 13992632 -0.2014169 -0.1452756 0.2447322
-0.1059312 -0.1278818 0.01876608 14112736 -0.1985597 -0.1505066 0.2448279
-0.1029682 -0.1345646 0.01711233 14212827 -0.1957025 -0.1551977 0.245083
-0.1029682 -0.1345646 0.01711233 14322926 -0.1957025 -0.1551977 0.245083
-0.09977657 -0.1410117 0.01549885 14443034 -0.1928146 -0.1593086 0.2453056
-0.09652206 -0.1471215 0.0140136 14553130 -0.1899032 -0.1630472 0.245584
-0.09652206 -0.1471215 0.0140136 14663233 -0.1899032 -0.1630472 0.245584
-0.09263493 -0.1525472 0.01256199 14773332 -0.1866064 -0.1663585 0.2460138
-0.08904929 -0.1579988 0.01112999 14903450 -0.1831923 -0.1695329 0.2464722
-0.08904929 -0.1579988 0.01112999 15003540 -0.1831923 -0.1695329 0.2464722
-0.08436579 -0.1626347 0.01002239 15113639 -0.1794877 -0.1722135 0.2472265
-0.08011664 -0.1669667 0.008897036 15233748 -0.1758585 -0.1744513 0.2478026
-0.08011664 -0.1669667 0.008897036 15333838 -0.1758585 -0.1744513 0.2478026
-0.07563043 -0.1709351 0.007856533 15443938 -0.171967 -0.1762802 0.2484746
-0.07032557 -0.1741719 0.006975591 15554041 -0.1676892 -0.1778468 0.2492145
-0.07032557 -0.1741719 0.006975591 15664140 -0.1676892 -0.1778468 0.2492145
-0.06557333 -0.1773597 0.006059095 15784245 -0.1634867 -0.1792841 0.2498398
-0.06023761 -0.1797651 0.005336836 15894348 -0.1590586 -0.180178 0.2504468
-0.06023761 -0.1797651 0.005336836 16004451 -0.1590586 -0.180178 0.2504468
-0.05517878 -0.1821872 0.004611284 16124552 -0.1545271 -0.1806834 0.2510398
-0.04933397 -0.1836042 0.004317582 16234651 -0.1496964 -0.1806763 0.2517648
-0.04933397 -0.1836042 0.004317582 16344755 -0.1496964 -0.1806763 0.2517648
-0.043765 -0.1848254 0.003802508 16464863 -0.144684 -0.1805123 0.2523136
-0.03802537 -0.1857226 0.003529355 16574962 -0.1395777 -0.180196 0.2528683
-0.03802537 -0.1857226 0.003529355 16675057 -0.1395777 -0.180196 0.2528683
-0.03242824 -0.1863116 0.003296182 16785148 -0.134317 -0.1796828 0.2534823
-0.03242824 -0.1863116 0.003296182 16915265 -0.134317 -0.1796828 0.2534823
-0.02015144 -0.1848331 0.004105747 17015514 -0.1233641 -0.1776426 0.2549009
-0.02015144 -0.1848331 0.004105747 17125467 -0.1233641 -0.1776426 0.2549009
-0.01407712 -0.1837322 0.004786387 17265581 -0.1177285 -0.1763493 0.2556171
-0.01407712 -0.1837322 0.004786387 17465936 -0.1177285 -0.1763493 0.2556171
-0.001913344 -0.1805177 0.006508216 17595948 -0.105894 -0.1738261 0.2571044
0.003999447 -0.1787927 0.007416219 17715988 -0.09984171 -0.1724527 0.2577312
0.003999447 -0.1787927 0.007416219 17966214 -0.09984171 -0.1724527 0.2577312
0.01581567 -0.1746216 0.009670377 18166394 -0.08751863 -0.1693367 0.2586809
0.02146342 -0.1722789 0.0106483 18396602 -0.08136857 -0.1678194 0.2589662
0.02694358 -0.1699573 0.01125018 18636823 -0.07517136 -0.1662796 0.2590221
0.03737227 -0.1660404 0.01153617 18837000 -0.06332094 -0.1625315 0.2579032
0.04252857 -0.1636758 0.0121292 19067207 -0.05769646 -0.160205 0.2570971
0.0474251 -0.1609955 0.01257531 19287410 -0.05234521 -0.1577103 0.2561583
0.0565966 -0.1550151 0.01343662 19517614 -0.04231712 -0.1527714 0.254167
0.06088821 -0.1520934 0.01326646 19737817 -0.03764801 -0.150029 0.2527907
0.06528177 -0.1490259 0.01293914 19958011 -0.03301784 -0.1469473 0.2510795
0.06935559 -0.1460647 0.01208775 20178210 -0.02886328 -0.1437191 0.249094
0.07697745 -0.1388151 0.01041047 20408418 -0.02123247 -0.1366655 0.2452822
0.08057615 -0.1347708 0.009419799 20628620 -0.01789562 -0.1328425 0.2431651
0.08781014 -0.1270243 0.007022455 20848815 -0.0116018 -0.1246301 0.2383357
0.0913253 -0.1231878 0.005162239 21079023 -0.008885818 -0.1205041 0.2355258
0.09473146 -0.1186237 0.003810227 21299226 -0.00646181 -0.1164397 0.2328087
0.1012677 -0.1096071 0.0007775724 21529437 -0.001981538 -0.1083406 0.2274187
0.1043747 -0.1052352 -0.0004639477 21749628 5.3313E-05 -0.1043284 0.2248637
0.1073012 -0.1004467 -0.001753137 21969831 0.001804934 -0.1004519 0.222314
0.1129383 -0.09095397 -0.00407508 22210052 0.005157024 -0.09288283 0.217483
0.1156152 -0.08618016 -0.005413875 22420237 0.006806402 -0.08890426 0.2152483
0.1181774 -0.08167037 -0.006580129 22640610 0.008328694 -0.08502968 0.2131181
0.1227377 -0.07228526 -0.008162916 22860785 0.0110538 -0.07721985 0.2094591
0.1247554 -0.06804943 -0.009225175 23090838 0.01230729 -0.07342944 0.2078934
0.1285709 -0.05898371 -0.01027143 23331067 0.01502105 -0.06636693 0.2052747
0.1302992 -0.05452063 -0.01044136 23541245 0.01630927 -0.06303912 0.2041482
0.1319425 -0.05043897 -0.01057361 23771453 0.01756435 -0.05987788 0.2031187
0.134451 -0.04249611 -0.01002981 24001660 0.01961299 -0.05415819 0.2015959
0.135459 -0.03860079 -0.009440765 24211850 0.02061051 -0.05134822 0.2011055
0.1364125 -0.03493167 -0.009054288 24452067 0.02153446 -0.04864078 0.2006137
0.138072 -0.02868916 -0.007773265 24652247 0.02336618 -0.04388078 0.1999429
0.13895 -0.02571075 -0.007224396 24882451 0.02446154 -0.04167119 0.199671
0.1398219 -0.0231672 -0.00663653 25122672 0.02548956 -0.03974615 0.1993569
0.141371 -0.01845787 -0.004931226 25322861 0.02757673 -0.03634184 0.1989263
0.1421381 -0.0163612 -0.00438799 25563077 0.02857019 -0.03490354 0.1986644
0.1429137 -0.01441391 -0.003699526 25773263 0.02961942 -0.03352413 0.1984337
0.1446922 -0.01055803 -0.002787605 25993462 0.03175334 -0.03089572 0.1976849
0.1455972 -0.008790201 -0.002428338 26243688 0.03279584 -0.029639 0.1972794
0.146445 -0.006968115 -0.001970202 26443868 0.03380492 -0.02841294 0.1968852
0.1472266 -0.005387953 -0.00167039 26664067 0.03464054 -0.02723948 0.1964733
0.1488688 -0.002048727 -0.001460209 26914289 0.03619602 -0.02450093 0.1955198
0.1502928 0.001151955 -0.0007783026 27114473 0.03737125 -0.02132941 0.1945844
0.1502928 0.001151955 -0.0007783026 27334676 0.03737125 -0.02132941 0.1945844
0.1511271 0.003958547 -0.0005578995 27584894 0.0379178 -0.01883452 0.1938724
0.1514598 0.006204231 -0.0004480779 27785253 0.03805223 -0.01698301 0.193458
0.15107 0.006742961 -0.0002094209 28015469 0.0376448 -0.01649851 0.1935758
0.1499515 0.007128847 0.0003381371 28225492 0.03669467 -0.01625879 0.1941174
