0.1354503 0.01044423 -0.002248198 0 0.04976701 0.06698104 0.2090822
0.1337641 0.01367093 -0.0004601777 110100 0.04860475 0.06809684 0.2117293
0.1314144 0.01740437 0.001469865 220199 0.04744435 0.0695736 0.2152725
0.1314144 0.01740437 0.001469865 340315 0.04744435 0.0695736 0.2152725
0.1283658 0.02180263 0.003825396 450411 0.04578009 0.07164761 0.2195178
0.124711 0.02694079 0.006485566 560506 0.04330711 0.07443544 0.2241642
0.1205333 0.03280279 0.009193346 670605 0.04009755 0.07810268 0.2290375
0.1205333 0.03280279 0.009193346 780705 0.04009755 0.07810268 0.2290375
0.1158283 0.03899391 0.01204409 910826 0.03637073 0.08241483 0.2342777
0.1105219 0.04498987 0.01461761 1010937 0.032169 0.08678814 0.2398952
0.1105219 0.04498987 0.01461761 1121012 0.032169 0.08678814 0.2398952
0.1050574 0.05126512 0.01751919 1261138 0.02764022 0.09121092 0.2458275
0.09886727 0.05713538 0.01985526 1341211 0.02254055 0.09532806 0.25212
0.09886727 0.05713538 0.01985526 1451310 0.02254055 0.09532806 0.25212
0.09286311 0.06333019 0.02253425 1571426 0.01685733 0.09961601 0.2580142
0.08667281 0.06932682 0.02505316 1681522 0.01080724 0.1038421 0.2637959
0.08667281 0.06932682 0.02505316 1791621 0.01080724 0.1038421 0.2637959
0.0806817 0.07491802 0.02783555 1901720 0.004945387 0.1078975 0.2695445
0.07464564 0.0797528 0.03071849 2011824 -0.001031132 0.111714 0.2752385
0.07464564 0.0797528 0.03071849 2131924 -0.001031132 0.111714 0.2752385
0.06854251 0.08413532 0.03359635 2242027 -0.007044512 0.1151883 0.2809928
0.06219584 0.08798321 0.03643712 2352123 -0.01323085 0.1181342 0.2869159
0.06219584 0.08798321 0.03643712 2462222 -0.01323085 0.1181342 0.2869159
0.05593439 0.09111732 0.03948186 2572322 -0.01982791 0.1207484 0.2924768
0.0494948 0.0945713 0.04202725 2692430 -0.02660435 0.1231064 0.2977802
0.0494948 0.0945713 0.04202725 2812538 -0.02660435 0.1231064 0.2977802
0.04322795 0.09759744 0.04435478 2912633 -0.03352506 0.1252128 0.3024536
0.03690995 0.1002747 0.04610299 3032737 -0.040447 0.1268627 0.3066065
0.03690995 0.1002747 0.04610299 3142836 -0.040447 0.1268627 0.3066065
0.0306997 0.1025944 0.04737014 3242927 -0.04718128 0.1280369 0.3101826
0.0245761 0.1044962 0.04824211 3363039 -0.05390114 0.1288536 0.3131068
0.0245761 0.1044962 0.04824211 3473138 -0.05390114 0.1288536 0.3131068
0.01859177 0.1060343 0.04873651 3583238 -0.06058012 0.1293404 0.3153251
0.01267053 0.1071945 0.04878742 3713351 -0.06719525 0.1294357 0.3168616
0.01267053 0.1071945 0.04878742 3803432 -0.06719525 0.1294357 0.3168616
0.006871742 0.1082096 0.04853098 3923541 -0.07373071 0.129178 0.3177297
0.0009969481 0.1090244 0.04800601 4043649 -0.08029716 0.1285641 0.3180691
0.0009969481 0.1090244 0.04800601 4143740 -0.08029716 0.1285641 0.3180691
-0.004953803 0.109484 0.04718477 4253839 -0.08669218 0.127445 0.3179624
-0.01061152 0.109661 0.04624383 4363938 -0.09258672 0.1259366 0.3174679
-0.01061152 0.109661 0.04624383 4484047 -0.09258672 0.1259366 0.3174679
-0.01657242 0.109789 0.04521434 4594146 -0.09868754 0.1241622 0.3165829
-0.02301383 0.1099359 0.0440522 4724263 -0.1048734 0.1221623 0.3153771
-0.02301383 0.1099359 0.0440522 4814345 -0.1048734 0.1221623 0.3153771
-0.02916773 0.1099876 0.04320326 4924452 -0.1108924 0.1200962 0.313965
-0.03549831 0.1096425 0.04244414 5034548 -0.116948 0.1179688 0.3123631
-0.03549831 0.1096425 0.04244414 5144647 -0.116948 0.1179688 0.3123631
-0.04190459 0.1088151 0.04186185 5264759 -0.1231537 0.1158425 0.3105631
-0.04815555 0.107197 0.04132992 5374851 -0.1293288 0.1135616 0.3085231
-0.04815555 0.107197 0.04132992 5484950 -0.1293288 0.1135616 0.3085231
-0.05462125 0.1048329 0.04082967 5595057 -0.1354953 0.1110468 0.3063023
-0.06072094 0.102298 0.04037367 5705157 -0.1412137 0.1082406 0.3038806
-0.06072094 0.102298 0.04037367 5825257 -0.1412137 0.1082406 0.3038806
-0.06649292 0.09897999 0.04010727 5935356 -0.1466396 0.1048249 0.3014725
-0.07185398 0.09530346 0.03994025 6045456 -0.151721 0.1010105 0.2990175
-0.07185398 0.09530346 0.03994025 6175589 -0.151721 0.1010105 0.2990175
-0.07714456 0.09105656 0.03986734 6265671 -0.1564952 0.09685834 0.2965911
-0.0818338 0.08615552 0.03985061 6385791 -0.1606341 0.09226295 0.2943678
-0.0818338 0.08615552 0.03985061 6505871 -0.1606341 0.09226295 0.2943678
-0.08599399 0.08113039 0.03980781 6606160 -0.164416 0.08724137 0.2921101
-0.09007785 0.07571245 0.03980044 6716065 -0.1679984 0.08177682 0.2898301
-0.09007785 0.07571245 0.03980044 6836177 -0.1679984 0.08177682 0.2898301
-0.09368595 0.06980154 0.03971605 6946269 -0.1710537 0.07591673 0.2876806
-0.09685787 0.06349257 0.03938319 7056372 -0.1735468 0.06969532 0.2855194
-0.09685787 0.06349257 0.03938319 7166471 -0.1735468 0.06969532 0.2855194
-0.1001581 0.05679305 0.03920746 7286576 -0.1759064 0.06306943 0.2834332
-0.1032941 0.04982238 0.03907463 7386666 -0.1781793 0.05599054 0.2813534
-0.1032941 0.04982238 0.03907463 7496765 -0.1781793 0.05599054 0.2813534
-0.1061587 0.04238014 0.03893942 7616882 -0.1803893 0.04852697 0.2792949
-0.1084244 0.03462943 0.03848551 7726973 -0.1821962 0.04093596 0.277222
-0.1084244 0.03462943 0.03848551 7837081 -0.1821962 0.04093596 0.277222
-0.1105604 0.02616718 0.03789173 7947176 -0.1836555 0.0331175 0.2751306
-0.1124186 0.01742775 0.03706263 8057271 -0.1844259 0.024996 0.2731184
-0.1124186 0.01742775 0.03706263 8167375 -0.1844259 0.024996 0.2731184
-0.114388 0.008863379 0.03629896 8287479 -0.1849323 0.01664229 0.2711774
-0.1161321 2.139141E-05 0.03542958 8397578 -0.185257 0.007970178 0.2692427
-0.1161321 2.139141E-05 0.03542958 8507678 -0.185257 0.007970178 0.2692427
-0.1177658 -0.009034253 0.0345227 8627790 -0.1855034 -0.0007231605 0.2672853
-0.1192768 -0.01828635 0.03365044 8737885 -0.1855226 -0.009179391 0.2654202
-0.1203712 -0.02704776 0.03245892 8847985 -0.1853327 -0.01737956 0.2635173
-0.1203712 -0.02704776 0.03245892 8958092 -0.1853327 -0.01737956 0.2635173
-0.1215755 -0.03619745 0.03152339 9078193 -0.1853773 -0.02550797 0.2616119
-0.1224559 -0.04476077 0.0304313 9178283 -0.1851817 -0.03316811 0.2598138
-0.1224559 -0.04476077 0.0304313 9298395 -0.1851817 -0.03316811 0.2598138
-0.1230656 -0.05340804 0.0294805 9398486 -0.1846593 -0.04074887 0.2583664
-0.1230656 -0.05340804 0.0294805 9518590 -0.1846593 -0.04074887 0.2583664
-0.122603 -0.06106362 0.02769089 9628693 -0.183538 -0.04777817 0.2570346
-0.1229762 -0.06900778 0.02714579 9738793 -0.1830536 -0.05471031 0.2560758
-0.12182 -0.0762334 0.02536464 9858901 -0.1819525 -0.06080214 0.2550046
-0.12182 -0.0762334 0.02536464 9958996 -0.1819525 -0.06080214 0.2550046
-0.1205756 -0.08351811 0.02379304 10069091 -0.180722 -0.06635336 0.2540596
-0.1199886 -0.09056463 0.02309634 10189195 -0.1795807 -0.07159499 0.2535048
-0.1199886 -0.09056463 0.02309634 10299295 -0.1795807 -0.07159499 0.2535048
-0.1172631 -0.09705008 0.02037887 10409394 -0.1771074 -0.07596926 0.2526288
-0.1153473 -0.1036841 0.01852635 10529502 -0.17494 -0.08024744 0.2518998
-0.1153473 -0.1036841 0.01852635 10639602 -0.17494 -0.08024744 0.2518998
-0.1134034 -0.1104249 0.01669411 10749717 -0.172527 -0.08411995 0.251116
-0.1102502 -0.1171207 0.01419245 10859817 -0.1694539 -0.08755175 0.2503254
-0.1102502 -0.1171207 0.01419245 10989934 -0.1694539 -0.08755175 0.2503254
-0.1068235 -0.1237672 0.01159362 11090016 -0.1660211 -0.09076218 0.2495631
-0.1033553 -0.1305339 0.009172797 11190107 -0.1623167 -0.09384159 0.2489039
-0.1033553 -0.1305339 0.009172797 11310381 -0.1623167 -0.09384159 0.2489039
-0.09891504 -0.1371927 0.006363511 11420306 -0.1579001 -0.09655003 0.2483213
-0.09424151 -0.1438999 0.003493324 11530564 -0.1529528 -0.09928302 0.2478694
-0.09424151 -0.1438999 0.003493324 11640509 -0.1529528 -0.09928302 0.2478694
-0.08906923 -0.1505346 0.0006803572 11770622 -0.1477941 -0.1018405 0.2474643
-0.0832269 -0.1569411 -0.001973301 11870713 -0.1423003 -0.1043582 0.2473231
-0.0832269 -0.1569411 -0.001973301 11980840 -0.1423003 -0.1043582 0.2473231
-0.07679246 -0.1629451 -0.004586607 12091098 -0.1365806 -0.106548 0.2471705
-0.07005261 -0.1687378 -0.006824106 12201011 -0.130658 -0.1084674 0.2470968
-0.07005261 -0.1687378 -0.006824106 12321127 -0.130658 -0.1084674 0.2470968
-0.0634171 -0.1740093 -0.008936539 12421388 -0.1246904 -0.1099915 0.2469263
-0.05634285 -0.17878 -0.01068227 12541318 -0.1185849 -0.1111939 0.246805
-0.05634285 -0.17878 -0.01068227 12651425 -0.1185849 -0.1111939 0.246805
-0.04896215 -0.1829109 -0.01218243 12761715 -0.1124257 -0.1122202 0.246695
-0.04161508 -0.1865129 -0.01342136 12871616 -0.106279 -0.1130302 0.2465417
-0.04161508 -0.1865129 -0.01342136 12981723 -0.106279 -0.1130302 0.2465417
-0.03410411 -0.1893389 -0.01436514 13092005 -0.1001292 -0.1135822 0.2463918
-0.02659418 -0.1913294 -0.01503702 13221932 -0.09407856 -0.113869 0.246224
-0.02659418 -0.1913294 -0.01503702 13322047 -0.09407856 -0.113869 0.246224
-0.01874499 -0.1923257 -0.0154373 13432122 -0.08801136 -0.1138879 0.2460162
-0.01096027 -0.1923907 -0.01555569 13562239 -0.08196757 -0.1135807 0.2458309
-0.01096027 -0.1923907 -0.01555569 13662492 -0.08196757 -0.1135807 0.2458309
-0.003508896 -0.1915978 -0.01534165 13762420 -0.07619493 -0.1129444 0.2456355
0.003621229 -0.1897163 -0.01496884 13902550 -0.07067435 -0.1118498 0.2454585
0.003621229 -0.1897163 -0.01496884 13992636 -0.07067435 -0.1118498 0.2454585
0.01063669 -0.1868699 -0.01429541 14102743 -0.06534321 -0.1104529 0.2453051
0.01715528 -0.1836262 -0.01325655 14212834 -0.06032357 -0.1087523 0.2451024
0.01715528 -0.1836262 -0.01325655 14322926 -0.06032357 -0.1087523 0.2451024
0.0231837 -0.1798179 -0.01226518 14443042 -0.05555797 -0.1065951 0.2448416
0.0288892 -0.1753607 -0.01115485 14563142 -0.0510777 -0.1040569 0.2445504
0.0288892 -0.1753607 -0.01115485 14663233 -0.0510777 -0.1040569 0.2445504
0.03472815 -0.1701784 -0.00955148 14783345 -0.04647195 -0.101307 0.2443707
0.03950311 -0.165504 -0.008543193 14913467 -0.04232779 -0.09858874 0.2442533
0.0447673 -0.1595832 -0.007140294 15023558 -0.03794498 -0.09553222 0.2442336
0.0447673 -0.1595832 -0.007140294 15113639 -0.03794498 -0.09553222 0.2442336
0.04909455 -0.1542127 -0.006197482 15233743 -0.03413851 -0.09230189 0.2440765
0.04909455 -0.1542127 -0.006197482 15353856 -0.03413851 -0.09230189 0.2440765
0.05400123 -0.1477025 -0.004902452 15453946 -0.03020857 -0.08851604 0.2436445
0.05833567 -0.1417525 -0.003603414 15564046 -0.02665389 -0.08474128 0.2431001
0.05833567 -0.1417525 -0.003603414 15694163 -0.02665389 -0.08474128 0.2431001
0.06191796 -0.1367377 -0.002604932 15784252 -0.02339245 -0.08112924 0.2426047
0.06574359 -0.1311334 -0.001608223 15904353 -0.02006187 -0.07730631 0.242007
0.06574359 -0.1311334 -0.001608223 16044487 -0.02006187 -0.07730631 0.242007
0.06962449 -0.1254148 -0.0005885363 16134565 -0.01676326 -0.0733991 0.2412529
0.07313255 -0.1201045 6.574392E-05 16264686 -0.01371246 -0.06934861 0.2403308
0.07637639 -0.1151322 0.0007127076 16494886 -0.01079912 -0.06531338 0.239394
0.07958763 -0.110022 0.00146234 16735111 -0.008091304 -0.06107585 0.2382605
0.08546756 -0.1012043 0.00267674 16935287 -0.003853666 -0.05351142 0.235267
0.088506 -0.09687924 0.003219113 17175500 -0.001635778 -0.05020765 0.2338465
0.09169057 -0.09228498 0.003687695 17415717 0.0008754884 -0.0473142 0.2327575
0.09714287 -0.0843878 0.003829494 17615901 0.004709695 -0.042105 0.2302126
0.09970447 -0.08074275 0.003965929 17826091 0.006411349 -0.03927831 0.2286935
0.1020762 -0.07727508 0.003883988 18076313 0.008046811 -0.03626017 0.2271806
0.1064716 -0.07026373 0.003258571 18286502 0.01099273 -0.03054253 0.224449
0.1085011 -0.06667922 0.002455473 18506701 0.01224532 -0.02772693 0.2231324
0.1105104 -0.0634594 0.001784593 18746918 0.01347524 -0.02499203 0.2217106
0.1147605 -0.05686077 0.0002681017 18957116 0.01558064 -0.01968411 0.2183726
0.1169352 -0.05348288 -0.0005255193 19187315 0.01655011 -0.01680581 0.2165189
0.1187935 -0.0501228 -0.001578659 19397513 0.01743883 -0.01373927 0.2149376
0.1224547 -0.04258255 -0.002855763 19627713 0.01913478 -0.007474698 0.2120342
0.1240423 -0.03856 -0.003023759 19847912 0.01966235 -0.004349269 0.2107094
0.125424 -0.03461207 -0.003281787 20068118 0.01997674 -0.001116313 0.2094036
0.1265494 -0.03106483 -0.003720194 20308331 0.02014085 0.001993619 0.2082119
0.1292021 -0.02423108 -0.003500178 20518517 0.02160833 0.006974183 0.2065632
0.1303444 -0.02110756 -0.003810138 20738719 0.02240103 0.009110653 0.2060368
0.1325359 -0.01532066 -0.002813354 20978932 0.02415862 0.01308902 0.2051607
0.1335311 -0.01248943 -0.002725646 21199131 0.02507857 0.01487096 0.2049165
0.1345086 -0.009902384 -0.002907559 21409329 0.02590019 0.01647349 0.2045898
0.1365722 -0.00522139 -0.003064767 21639528 0.02698531 0.01940628 0.203253
0.1375449 -0.003239912 -0.003306687 21879753 0.02736644 0.02072188 0.2024767
0.1384717 -0.001074788 -0.003652841 22079926 0.02767184 0.02192637 0.2017599
0.1393717 0.0008267817 -0.004152834 22340161 0.02796838 0.02289804 0.2010655
0.1409843 0.004348681 -0.004553676 22540349 0.0285102 0.02474197 0.199805
0.1414409 0.005962403 -0.004442647 22750705 0.02864437 0.02541097 0.1995018
0.1421222 0.009669342 -0.003788546 22970811 0.02907861 0.02628454 0.1994288
0.142531 0.01152858 -0.003157511 23200937 0.02934272 0.02649995 0.1993312
0.1429724 0.01314859 -0.002454892 23431153 0.02984571 0.0267553 0.1993244
0.1438852 0.01599243 -0.0009795576 23651348 0.03130865 0.02751692 0.1995197
0.1441613 0.01751917 -0.0004937649 23871555 0.03168457 0.02788183 0.1995592
0.144401 0.01891013 -0.0001680851 24101754 0.03197429 0.02845653 0.1995412
0.14476 0.02112082 0.0002613664 24311952 0.03247999 0.02991124 0.1995292
0.1448805 0.0222346 0.000355646 24542148 0.03269532 0.03040334 0.1995948
0.1447543 0.02320903 0.0001529753 24792374 0.03244581 0.03072401 0.1996126
0.1442279 0.02464506 0.0006367117 24992554 0.03224284 0.03090557 0.2001697
