0.1394557 0.01357781 0.01592983 0 0.09506296 0.05484187 0.2363219
0.1392945 0.01308099 0.01507969 120108 0.09470412 0.05447397 0.2359815
0.1392945 0.01308099 0.01507969 220198 0.09470412 0.05447397 0.2359815
0.1391433 0.01245935 0.01431252 330302 0.09436867 0.05410832 0.2356275
0.1390454 0.01186832 0.01349954 440397 0.09413455 0.05366218 0.2352609
0.138987 0.01152119 0.01261462 560506 0.09397677 0.05312318 0.234954
0.138987 0.01152119 0.01261462 670605 0.09397677 0.05312318 0.234954
0.1389892 0.0111312 0.01275794 780704 0.09390815 0.05268187 0.2349989
0.1388738 0.01127667 0.01236458 890804 0.09336997 0.05261833 0.234869
0.1388738 0.01127667 0.01236458 1010912 0.09336997 0.05261833 0.234869
0.1387334 0.01183463 0.01193182 1111002 0.09288663 0.05280561 0.2348216
0.1384853 0.0125853 0.01240355 1231111 0.09243597 0.0533401 0.2352331
0.1384853 0.0125853 0.01240355 1341210 0.09243597 0.0533401 0.2352331
0.1377197 0.01451769 0.01114477 1451314 0.0915989 0.05407818 0.2356439
0.1367606 0.01758376 0.009207889 1561409 0.09060598 0.05534169 0.2360516
0.1367606 0.01758376 0.009207889 1671512 0.09060598 0.05534169 0.2360516
0.1359282 0.02059143 0.009204209 1781608 0.08951551 0.05733163 0.2369123
0.1348676 0.02415212 0.009005442 1901724 0.08828473 0.05967276 0.2379166
0.1348676 0.02415212 0.009005442 2031833 0.08828473 0.05967276 0.2379166
0.1336335 0.02830925 0.00882645 2121915 0.08708496 0.06227262 0.2391781
0.1320968 0.03285174 0.00877744 2232014 0.08591775 0.06513537 0.2408113
0.1320968 0.03285174 0.00877744 2362131 0.08591775 0.06513537 0.2408113
0.1302001 0.0381489 0.008529916 2462222 0.08465631 0.06832448 0.2427326
0.1278899 0.0438026 0.008205816 2572321 0.0829612 0.07166532 0.2448758
0.1278899 0.0438026 0.008205816 2692434 0.0829612 0.07166532 0.2448758
0.1252626 0.04974339 0.008040696 2792520 0.08087926 0.07527132 0.2472314
0.1223024 0.05591314 0.007821515 2902623 0.07855716 0.07907803 0.2497324
0.1223024 0.05591314 0.007821515 3032737 0.07855716 0.07907803 0.2497324
0.1188542 0.06205636 0.007484034 3132827 0.07609612 0.08281105 0.2524979
0.1149466 0.0683341 0.007144868 3242926 0.07326239 0.08647115 0.2554966
0.1149466 0.0683341 0.007144868 3373056 0.07326239 0.08647115 0.2554966
0.1107881 0.07433097 0.007252678 3463133 0.07009303 0.09010232 0.2587532
0.1061969 0.08054934 0.007162169 3583241 0.06667113 0.09367814 0.2621005
0.1061969 0.08054934 0.007162169 3713351 0.06667113 0.09367814 0.2621005
0.1012215 0.08634335 0.007269591 3803440 0.06297313 0.09710601 0.2656675
0.09598473 0.09217719 0.007218033 3913540 0.05914183 0.1003265 0.2691608
0.09598473 0.09217719 0.007218033 4053678 0.05914183 0.1003265 0.2691608
0.09040741 0.09776835 0.007021725 4143739 0.05522812 0.1033593 0.2726134
0.08470183 0.1034077 0.006683484 4253839 0.05129093 0.1061928 0.2758333
0.08470183 0.1034077 0.006683484 4363942 0.05129093 0.1061928 0.2758333
0.0786799 0.1089194 0.006148785 4474037 0.04715709 0.1088345 0.2788385
0.07252902 0.1143437 0.005759999 4584137 0.04285204 0.1114406 0.2817208
0.07252902 0.1143437 0.005759999 4714258 0.04285204 0.1114406 0.2817208
0.06594787 0.1195286 0.005325928 4814348 0.03813662 0.1139071 0.2844679
0.05931734 0.124293 0.005044848 4924448 0.0331572 0.116155 0.2870046
0.05931734 0.124293 0.005044848 5054561 0.0331572 0.116155 0.2870046
0.05244048 0.128637 0.004573733 5144642 0.02810997 0.1182438 0.2892118
0.04571743 0.1323075 0.004122823 5254742 0.02321249 0.1200134 0.291083
0.04571743 0.1323075 0.004122823 5374850 0.02321249 0.1200134 0.291083
0.03900183 0.1344652 0.00365904 5484950 0.01842745 0.120824 0.2926985
0.03193406 0.1373086 0.003057599 5595049 0.01350416 0.1218308 0.2939087
0.02500613 0.1394849 0.002529472 5705156 0.008572893 0.1226816 0.2948328
0.02500613 0.1394849 0.002529472 5825261 0.008572893 0.1226816 0.2948328
0.0181838 0.1411725 0.001930833 5935360 0.003572764 0.1234169 0.2953647
0.0181838 0.1411725 0.001930833 6045455 0.003572764 0.1234169 0.2953647
0.01132455 0.142289 0.001265526 6155555 -0.001292387 0.1238273 0.2955553
0.004271879 0.142961 0.0006302744 6265658 -0.006107044 0.1237971 0.2954524
0.004271879 0.142961 0.0006302744 6375757 -0.006107044 0.1237971 0.2954524
-0.002862456 0.1429934 6.701052E-05 6485853 -0.01095121 0.1232112 0.2950599
-0.01003032 0.1425663 -0.0004514009 6605961 -0.01576995 0.1222962 0.2943554
-0.01003032 0.1425663 -0.0004514009 6716061 -0.01576995 0.1222962 0.2943554
-0.01723032 0.1415099 -0.0009388775 6826164 -0.02057564 0.1210763 0.2933515
-0.02393668 0.1398372 -0.001453996 6936263 -0.02518532 0.1196231 0.2920817
-0.03088502 0.137627 -0.001980767 7056368 -0.02962659 0.117663 0.290447
-0.03088502 0.137627 -0.001980767 7166471 -0.02962659 0.117663 0.290447
-0.0381006 0.1347893 -0.002441227 7276566 -0.03388616 0.1152846 0.2884886
-0.0381006 0.1347893 -0.002441227 7386666 -0.03388616 0.1152846 0.2884886
-0.0454063 0.1316243 -0.002722204 7496769 -0.03787722 0.1127967 0.2863058
-0.05221242 0.1278899 -0.002940819 7606864 -0.04176367 0.1100181 0.2840154
-0.05853399 0.1237733 -0.003231242 7726981 -0.04561562 0.1070085 0.2815753
-0.05853399 0.1237733 -0.003231242 7837072 -0.04561562 0.1070085 0.2815753
-0.064448 0.1193754 -0.003680825 7967190 -0.04959026 0.1039631 0.2789766
-0.07005404 0.1147263 -0.004274771 8067280 -0.05350177 0.1008722 0.2762196
-0.07005404 0.1147263 -0.004274771 8167374 -0.05350177 0.1008722 0.2762196
-0.0756167 0.1097105 -0.004946113 8307501 -0.05711119 0.09756854 0.2732256
-0.08090303 0.1042491 -0.005699441 8397578 -0.06016602 0.09405632 0.2701063
-0.08090303 0.1042491 -0.005699441 8507677 -0.06016602 0.09405632 0.2701063
-0.0858514 0.09845974 -0.00662829 8617785 -0.06298406 0.09039691 0.2668742
-0.09041914 0.09244677 -0.007769272 8727876 -0.06555676 0.08659386 0.2635545
-0.09041914 0.09244677 -0.007769272 8847984 -0.06555676 0.08659386 0.2635545
-0.09497415 0.08621513 -0.008663744 8948083 -0.0681027 0.08269074 0.2603204
-0.09497415 0.08621513 -0.008663744 9068183 -0.0681027 0.08269074 0.2603204
-0.09950919 0.07978055 -0.009357065 9178283 -0.07042582 0.07861508 0.2571179
-0.1040045 0.0731317 -0.009804606 9288386 -0.07251678 0.0744049 0.2539858
-0.1080368 0.0660979 -0.01037601 9408490 -0.07431918 0.07008287 0.2509291
-0.1080368 0.0660979 -0.01037601 9518594 -0.07431918 0.07008287 0.2509291
-0.1117577 0.05854772 -0.01101331 9618684 -0.07595832 0.06568286 0.2479054
-0.1175197 0.0506812 -0.009649605 9748797 -0.07913281 0.0612561 0.2448126
-0.1175197 0.0506812 -0.009649605 9848888 -0.07913281 0.0612561 0.2448126
-0.11981 0.04294649 -0.01095964 9958991 -0.0804731 0.05664864 0.2421611
-0.1216616 0.03533928 -0.01217707 10089109 -0.08144854 0.05204624 0.2398218
-0.1216616 0.03533928 -0.01217707 10179190 -0.08144854 0.05204624 0.2398218
-0.1226917 0.02815835 -0.01366486 10309315 -0.08180869 0.04758266 0.237849
-0.1234287 0.0208859 -0.01475433 10429412 -0.0818471 0.04326406 0.2362479
-0.1234287 0.0208859 -0.01475433 10519497 -0.0818471 0.04326406 0.2362479
-0.1235737 0.01377381 -0.01592782 10629604 -0.08167493 0.03902289 0.2349911
-0.1229788 0.006661667 -0.01744363 10759710 -0.08152202 0.03496749 0.2339952
-0.1229788 0.006661667 -0.01744363 10859804 -0.08152202 0.03496749 0.2339952
-0.1221236 -0.0006189743 -0.01867054 10969903 -0.08136389 0.03099685 0.2332732
-0.120921 -0.008088089 -0.01960419 11079999 -0.08103108 0.02696948 0.2328837
-0.120921 -0.008088089 -0.01960419 11190114 -0.08103108 0.02696948 0.2328837
-0.1193158 -0.01548714 -0.02026826 11300206 -0.08048386 0.02290019 0.232889
-0.1174966 -0.02289441 -0.02050683 11420306 -0.07983173 0.01863457 0.233292
-0.1174966 -0.02289441 -0.02050683 11540418 -0.07983173 0.01863457 0.233292
-0.1152984 -0.03031795 -0.02062975 11650522 -0.07898146 0.01427772 0.233968
-0.1127545 -0.03798775 -0.02033687 11750608 -0.07808606 0.009839362 0.235018
-0.1127545 -0.03798775 -0.02033687 11890738 -0.07808606 0.009839362 0.235018
-0.1104319 -0.04512381 -0.01948057 11970803 -0.0772118 0.005353163 0.2363704
-0.1078205 -0.05201244 -0.0181537 12080910 -0.07634763 0.0008415185 0.2382057
-0.1078205 -0.05201244 -0.0181537 12201031 -0.07634763 0.0008415185 0.2382057
-0.1056675 -0.0583327 -0.0160711 12311114 -0.07584853 -0.003834452 0.2404002
-0.1033717 -0.06480589 -0.0136099 12421209 -0.0758477 -0.008628286 0.2428673
-0.100783 -0.07145202 -0.01115374 12531321 -0.07610895 -0.01335317 0.2453551
-0.100783 -0.07145202 -0.01115374 12651417 -0.07610895 -0.01335317 0.2453551
-0.09819631 -0.07830008 -0.00825718 12761516 -0.0766012 -0.01807287 0.2478933
-0.09819631 -0.07830008 -0.00825718 12891634 -0.0766012 -0.01807287 0.2478933
-0.09597915 -0.08473376 -0.005289018 12991724 -0.07661606 -0.02285258 0.2502377
-0.09246271 -0.09166622 -0.002961442 13091814 -0.07610506 -0.02773323 0.2526737
-0.09246271 -0.09166622 -0.002961442 13221932 -0.07610506 -0.02773323 0.2526737
-0.08849523 -0.09867386 -0.000735566 13322022 -0.07512476 -0.03288981 0.2551948
-0.08667733 -0.1044592 0.00251025 13442130 -0.07427104 -0.03840484 0.2575482
-0.08667733 -0.1044592 0.00251025 13542229 -0.07427104 -0.03840484 0.2575482
-0.08371937 -0.110524 0.004896715 13652320 -0.0725149 -0.04397454 0.2598596
-0.08025116 -0.1164572 0.007059723 13772428 -0.07030635 -0.04960461 0.2623065
-0.0770313 -0.1218028 0.009182528 13872523 -0.068174 -0.05513718 0.2647571
-0.0770313 -0.1218028 0.009182528 13992631 -0.068174 -0.05513718 0.2647571
-0.0729886 -0.1271158 0.01087856 14102739 -0.06578913 -0.06034526 0.2671936
-0.0687889 -0.1321928 0.01226173 14212826 -0.0631843 -0.06522249 0.2693838
-0.0687889 -0.1321928 0.01226173 14322933 -0.0631843 -0.06522249 0.2693838
-0.06407388 -0.1371707 0.01319741 14443034 -0.06014163 -0.06982303 0.2713892
-0.059695 -0.1414508 0.01402476 14553141 -0.05691184 -0.07411855 0.2733127
-0.059695 -0.1414508 0.01402476 14663249 -0.05691184 -0.07411855 0.2733127
-0.05547487 -0.1450307 0.01460359 14783341 -0.05345033 -0.07802541 0.2751957
-0.0504316 -0.1485577 0.01458776 14883431 -0.04932515 -0.08160779 0.2769084
-0.0504316 -0.1485577 0.01458776 14993538 -0.04932515 -0.08160779 0.2769084
-0.04586032 -0.1514591 0.01448792 15123648 -0.04524007 -0.08457852 0.2783038
-0.04586032 -0.1514591 0.01448792 15223742 -0.04524007 -0.08457852 0.2783038
-0.03994928 -0.1546721 0.01384342 15333842 -0.04064378 -0.0870953 0.2792636
-0.03383543 -0.1575339 0.01292832 15463959 -0.03608755 -0.08902258 0.2797954
-0.02704068 -0.1601856 0.01189509 15554044 -0.03109666 -0.09049142 0.2799711
-0.02704068 -0.1601856 0.01189509 15664148 -0.03109666 -0.09049142 0.2799711
-0.01961734 -0.1624478 0.01093151 15784248 -0.02557257 -0.0915588 0.2798981
-0.01961734 -0.1624478 0.01093151 15894497 -0.02557257 -0.0915588 0.2798981
-0.01235622 -0.1643413 0.009753674 16004617 -0.01978552 -0.09231097 0.2794158
-0.004712145 -0.1656718 0.008494124 16134560 -0.01375555 -0.09257889 0.2786122
0.002732651 -0.1665646 0.007094517 16264694 -0.007886097 -0.09247762 0.2774296
0.01061506 -0.1666057 0.006062597 16364784 -0.00209358 -0.09178653 0.2760673
0.01061506 -0.1666057 0.006062597 16474879 -0.00209358 -0.09178653 0.2760673
0.01870507 -0.1658436 0.005150363 16625003 0.003787499 -0.09057147 0.2744603
0.02670694 -0.1644419 0.00438723 16825183 0.009751421 -0.08899046 0.2726703
0.03467171 -0.1621826 0.003821433 17045382 0.0157139 -0.08693271 0.2707787
0.04334172 -0.158617 0.003680721 17285599 0.02167914 -0.08419695 0.2686728
0.05982981 -0.1489978 0.004188612 17495788 0.03288465 -0.07709815 0.2640535
0.06754211 -0.1430659 0.004799396 17715987 0.0383586 -0.07285985 0.261764
0.0751548 -0.1363195 0.005650908 17966213 0.04384146 -0.06818932 0.2594773
0.0888612 -0.1214712 0.007593289 18176403 0.05420298 -0.05761176 0.2550721
0.09395001 -0.1145882 0.007596433 18386592 0.05840118 -0.0519816 0.2529405
0.09955533 -0.106089 0.008839637 18626809 0.06262954 -0.04591396 0.2512215
0.109171 -0.08877128 0.01156323 18836999 0.07015222 -0.03324384 0.2484163
0.112871 -0.08062281 0.01223357 19067207 0.0733358 -0.02681022 0.2471962
0.1163834 -0.07229083 0.01309618 19277404 0.07625104 -0.02036921 0.2461395
0.1223453 -0.05631632 0.01494581 19507604 0.08085083 -0.007748495 0.2443029
0.1248069 -0.04883208 0.0158859 19737812 0.0827355 -0.001586624 0.2435352
0.1270595 -0.04140775 0.01691225 19978029 0.08463578 0.004512807 0.2429792
0.1306351 -0.02762319 0.01800971 20178209 0.08803312 0.01581767 0.2421796
0.1319363 -0.02163442 0.01824495 20398408 0.08925223 0.02097252 0.2418033
0.1332225 -0.01581568 0.01844966 20628620 0.09047675 0.02591611 0.2414179
0.1357205 -0.005295951 0.01880771 20848814 0.09255426 0.03455201 0.2405185
0.1367749 -0.0007495459 0.01844844 21079022 0.09339356 0.03833296 0.2398942
0.1378264 0.003460622 0.01819792 21299225 0.09416396 0.04177752 0.2392627
0.1396203 0.01042502 0.01757669 21519420 0.09504661 0.04756042 0.2378965
0.1403177 0.01287562 0.01677981 21739618 0.094892 0.05009756 0.2368286
0.1409825 0.01523538 0.01538537 21969826 0.0946176 0.05246474 0.2355397
0.1415023 0.01790466 0.01284267 22190025 0.09437949 0.05449023 0.2341282
0.1419455 0.02240053 0.009948432 22410223 0.09374189 0.05795161 0.2326408
0.1419062 0.02449611 0.008958563 22640435 0.09324694 0.05955402 0.232282
0.1413909 0.02812666 0.007205963 22870639 0.09205005 0.06228774 0.2319885
0.1410043 0.02968463 0.006380051 23110856 0.09153859 0.06335723 0.2320079
0.1401658 0.03120294 0.005925521 23311036 0.09069692 0.06498854 0.2323985
0.1395654 0.03119195 0.006542116 23531235 0.09019168 0.06557535 0.2329917
0.1384791 0.03109803 0.007246196 23781461 0.08964215 0.06586204 0.23415
0.1349459 0.03095496 0.01039343 23981646 0.08826173 0.06555681 0.2388194
