0.1545121 -0.001770492 0.006840311 0 0.0868973 0.03808982 0.1257757
0.1547361 -0.0009604593 0.006334784 110100 0.08687074 0.03780849 0.1254881
0.1547361 -0.0009604593 0.006334784 230200 0.08687074 0.03780849 0.1254881
0.1553482 0.0009892661 0.006074596 330290 0.08651289 0.03757101 0.125363
0.1559714 0.003186014 0.006165978 450403 0.08576486 0.03761657 0.1252955
0.1559714 0.003186014 0.006165978 580532 0.08576486 0.03761657 0.1252955
0.156063 0.004772118 0.006642956 670605 0.0846818 0.03836609 0.1253123
0.1564046 0.007107602 0.006809466 780705 0.08458527 0.03970917 0.1254913
0.1564046 0.007107602 0.006809466 910814 0.08458527 0.03970917 0.1254913
0.1558191 0.009666144 0.006589968 1000907 0.08429705 0.04122441 0.1257324
0.1554798 0.01310869 0.006480755 1121012 0.08407831 0.04308036 0.1261042
0.1554798 0.01310869 0.006480755 1251121 0.08407831 0.04308036 0.1261042
0.1554112 0.01729186 0.006678982 1341211 0.08370221 0.0453932 0.1265722
0.1552007 0.0217814 0.006962133 1451314 0.08292253 0.04802302 0.126935
0.1552007 0.0217814 0.006962133 1591428 0.08292253 0.04802302 0.126935
0.1546427 0.02639535 0.007109391 1671500 0.0819704 0.05089269 0.1272129
0.1537065 0.03108044 0.007046455 1791609 0.08101177 0.05401122 0.1274454
0.1537065 0.03108044 0.007046455 1901708 0.08101177 0.05401122 0.1274454
0.1528196 0.03554187 0.007068744 2011808 0.08031195 0.05730297 0.1277971
0.1515145 0.0401058 0.006996617 2121907 0.07961375 0.06068014 0.1282948
0.1515145 0.0401058 0.006996617 2242015 0.07961375 0.06068014 0.1282948
0.1498441 0.04506883 0.006873378 2352115 0.07868648 0.06421738 0.1288413
0.1480035 0.05027101 0.006780516 2462214 0.07757258 0.06785326 0.1294043
0.1480035 0.05027101 0.006780516 2572313 0.07757258 0.06785326 0.1294043
0.1458526 0.05556399 0.006773694 2682421 0.07614735 0.07156026 0.1300277
0.1435959 0.06086575 0.006766879 2792520 0.07450956 0.07527927 0.1305634
0.1435959 0.06086575 0.006766879 2912620 0.07450956 0.07527927 0.1305634
0.1411475 0.06601568 0.006850512 3032729 0.07266698 0.07895363 0.1311457
0.1384233 0.07090612 0.006896238 3132819 0.0707591 0.08253054 0.1317669
0.1384233 0.07090612 0.006896238 3242923 0.0707591 0.08253054 0.1317669
0.1354408 0.07585827 0.006875221 3373036 0.06883458 0.08608199 0.1324353
0.1321237 0.08069602 0.00678352 3463117 0.0667837 0.08953591 0.1331116
0.1321237 0.08069602 0.00678352 3583238 0.0667837 0.08953591 0.1331116
0.128373 0.08537099 0.006590462 3713343 0.06430761 0.09291264 0.1336535
0.1246174 0.08975668 0.006606484 3803424 0.06147097 0.09614184 0.1341918
0.1246174 0.08975668 0.006606484 3913524 0.06147097 0.09614184 0.1341918
0.1204351 0.09414329 0.006589057 4033644 0.05832151 0.09941994 0.1347308
0.1159416 0.0984033 0.006664693 4143731 0.05506201 0.1024925 0.1354405
0.1111083 0.1026008 0.006793487 4253835 0.05161004 0.1053195 0.1362494
0.1111083 0.1026008 0.006793487 4363934 0.05161004 0.1053195 0.1362494
0.1057377 0.106764 0.006868752 4484047 0.04787191 0.1080238 0.1370848
0.1001545 0.1106173 0.00698012 4584137 0.04391579 0.1106087 0.1379132
0.1001545 0.1106173 0.00698012 4704241 0.04391579 0.1106087 0.1379132
0.09468069 0.1141952 0.007193625 4824346 0.03989505 0.1130306 0.1387362
0.08869647 0.1173264 0.007264224 4924444 0.03571329 0.1152903 0.1395325
0.08869647 0.1173264 0.007264224 5044553 0.03571329 0.1152903 0.1395325
0.08231261 0.120442 0.007340268 5164653 0.03125671 0.1173877 0.1403448
0.07613128 0.1237845 0.007561498 5254750 0.02675379 0.119553 0.1411661
0.07613128 0.1237845 0.007561498 5374842 0.02675379 0.119553 0.1411661
0.06923223 0.1266187 0.0077424 5504968 0.02189056 0.1214444 0.1420489
0.06923223 0.1266187 0.0077424 5595049 0.02189056 0.1214444 0.1420489
0.0617296 0.129844 0.008015438 5705149 0.01657553 0.1231183 0.1430048
0.05457964 0.1304403 0.008141649 5835274 0.01145484 0.1238304 0.1437986
0.05457964 0.1304403 0.008141649 5925351 0.01145484 0.1238304 0.1437986
0.04707224 0.1316057 0.008517735 6045460 0.005951312 0.1245076 0.1447709
0.0392979 0.1329051 0.008711001 6175565 0.0004448095 0.125079 0.1455885
0.03132479 0.1340391 0.008760687 6265654 -0.00492342 0.1254348 0.1463045
0.03132479 0.1340391 0.008760687 6375754 -0.00492342 0.1254348 0.1463045
0.02287332 0.13485 0.008532485 6485853 -0.01028363 0.1254554 0.1468026
0.02287332 0.13485 0.008532485 6605962 -0.01028363 0.1254554 0.1468026
0.01415033 0.1353367 0.008074535 6716069 -0.01570932 0.1251343 0.147037
0.00562842 0.134615 0.007639446 6826152 -0.02118956 0.1242984 0.1472124
-0.00195238 0.1329459 0.007272247 6946265 -0.02660982 0.1230913 0.1472764
-0.00195238 0.1329459 0.007272247 7046351 -0.02660982 0.1230913 0.1472764
-0.009404543 0.1307396 0.006727706 7166459 -0.03183073 0.1216045 0.1471552
-0.01654587 0.1265155 0.006258874 7276559 -0.03683913 0.1190248 0.1471075
-0.01654587 0.1265155 0.006258874 7386658 -0.03683913 0.1190248 0.1471075
-0.023876 0.1233046 0.005781462 7496757 -0.04193143 0.1164458 0.1469664
-0.03086474 0.1196928 0.005405503 7616874 -0.04692343 0.1134419 0.1468598
-0.03086474 0.1196928 0.005405503 7726965 -0.04692343 0.1134419 0.1468598
-0.0376433 0.1154311 0.004897594 7837064 -0.05136644 0.1102413 0.1466403
-0.04389759 0.1106831 0.004178558 7957173 -0.05532802 0.1068493 0.1461677
-0.04389759 0.1106831 0.004178558 8057263 -0.05532802 0.1068493 0.1461677
-0.04938575 0.1053516 0.003330503 8167363 -0.05884379 0.1030773 0.1454981
-0.05451081 0.09962168 0.002290587 8287471 -0.06213723 0.0991675 0.1445857
-0.05451081 0.09962168 0.002290587 8397570 -0.06213723 0.0991675 0.1445857
-0.05918374 0.09340867 0.001299807 8507670 -0.06521743 0.09495992 0.1436636
-0.06353389 0.08694307 0.0003674992 8637787 -0.06820696 0.09041765 0.1427485
-0.06353389 0.08694307 0.0003674992 8737877 -0.06820696 0.09041765 0.1427485
-0.06717007 0.08035246 -0.0005014811 8837968 -0.07095355 0.08569621 0.141848
-0.07072338 0.07316182 -0.001400685 8978098 -0.07344124 0.08089183 0.1408636
-0.07072338 0.07316182 -0.001400685 9068175 -0.07344124 0.08089183 0.1408636
-0.07388707 0.0662962 -0.002298797 9178279 -0.07561737 0.07622176 0.1398446
-0.07701243 0.05906142 -0.003099363 9308392 -0.07756935 0.07126535 0.138876
-0.08028126 0.05155068 -0.00371647 9398474 -0.07945666 0.06595115 0.1380516
-0.08028126 0.05155068 -0.00371647 9528595 -0.07945666 0.06595115 0.1380516
-0.08270799 0.04415943 -0.004162043 9628685 -0.08101697 0.06053662 0.1373836
-0.08270799 0.04415943 -0.004162043 9738789 -0.08101697 0.06053662 0.1373836
-0.08529145 0.03657004 -0.004353638 9848884 -0.08260438 0.0548007 0.1369499
-0.08796322 0.02877668 -0.004440995 9958979 -0.08417051 0.048897 0.1365804
-0.0901366 0.02114332 -0.004526182 10069079 -0.0854865 0.0431285 0.1361908
-0.0901366 0.02114332 -0.004526182 10189191 -0.0854865 0.0431285 0.1361908
-0.09158164 0.01306946 -0.004345461 10299286 -0.08632804 0.03719667 0.1359989
-0.09299804 0.005005252 -0.003866866 10409386 -0.08696123 0.03104006 0.1361045
-0.09299804 0.005005252 -0.003866866 10519485 -0.08696123 0.03104006 0.1361045
-0.09401108 -0.003057826 -0.003307926 10629589 -0.08746839 0.02482295 0.1362847
-0.09401108 -0.003057826 -0.003307926 10749701 -0.08746839 0.02482295 0.1362847
-0.0930687 -0.01136363 -0.002393259 10879810 -0.08764826 0.01868917 0.1367962
-0.09260393 -0.02016144 -0.001209704 10969896 -0.08758061 0.01227313 0.137459
-0.09260393 -0.02016144 -0.001209704 11079991 -0.08758061 0.01227313 0.137459
-0.09226914 -0.02888111 -0.0003092443 11190098 -0.08699423 0.005716747 0.1378263
-0.09150463 -0.03758156 0.0006680712 11310199 -0.0860823 -0.001071435 0.1383047
-0.09150463 -0.03758156 0.0006680712 11430311 -0.0860823 -0.001071435 0.1383047
-0.08973284 -0.04605428 0.001910085 11530401 -0.08493961 -0.0078155 0.1391
-0.08792894 -0.05455257 0.003205761 11640497 -0.08381161 -0.01435578 0.1398569
-0.08792894 -0.05455257 0.003205761 11750596 -0.08381161 -0.01435578 0.1398569
-0.08543875 -0.06318393 0.004727261 11860695 -0.0824358 -0.02072335 0.1407212
-0.08227971 -0.07156156 0.006322535 11980804 -0.08068955 -0.02687149 0.1416241
-0.08227971 -0.07156156 0.006322535 12090903 -0.08068955 -0.02687149 0.1416241
-0.08055626 -0.07980387 0.007909129 12201007 -0.07886694 -0.03310687 0.14253
-0.07613026 -0.08721805 0.009568689 12341129 -0.07640705 -0.03893051 0.1436377
-0.07111327 -0.09397993 0.0110874 12421201 -0.07354356 -0.04433153 0.1446366
-0.07111327 -0.09397993 0.0110874 12541314 -0.07354356 -0.04433153 0.1446366
-0.06560806 -0.1004122 0.01240932 12651413 -0.07019366 -0.0492964 0.1453469
-0.06560806 -0.1004122 0.01240932 12761512 -0.07019366 -0.0492964 0.1453469
-0.05962999 -0.1062597 0.0135491 12871612 -0.06627379 -0.05387361 0.145904
-0.053789 -0.1117001 0.01459932 12981711 -0.06201845 -0.05815259 0.1463991
-0.04735684 -0.1166532 0.01552143 13111829 -0.05726578 -0.06209249 0.1467891
-0.04735684 -0.1166532 0.01552143 13201910 -0.05726578 -0.06209249 0.1467891
-0.04017938 -0.1210852 0.01645609 13322014 -0.05228186 -0.06559691 0.1471498
-0.03254936 -0.1248137 0.01704691 13452136 -0.04714683 -0.06866762 0.1472037
-0.03254936 -0.1248137 0.01704691 13562478 -0.04714683 -0.06866762 0.1472037
-0.0236035 -0.1285617 0.01798616 13652312 -0.04150366 -0.07127691 0.1472312
-0.0236035 -0.1285617 0.01798616 13762416 -0.04150366 -0.07127691 0.1472312
-0.01537138 -0.1315144 0.0183364 13882520 -0.03535995 -0.07367807 0.1470286
-0.00706839 -0.1339426 0.01828714 13992623 -0.02885441 -0.07585862 0.1465753
0.001673539 -0.1358622 0.01821406 14102719 -0.02216134 -0.07755566 0.1460362
0.001673539 -0.1358622 0.01821406 14212826 -0.02216134 -0.07755566 0.1460362
0.01157964 -0.1371528 0.01827556 14322917 -0.01520561 -0.0786568 0.1454252
0.01157964 -0.1371528 0.01827556 14443196 -0.01520561 -0.0786568 0.1454252
0.02114622 -0.1384374 0.01838862 14573143 -0.008459616 -0.07947591 0.144695
0.03025656 -0.138918 0.01797209 14693252 -0.001797021 -0.08004545 0.1437212
0.03908092 -0.138872 0.01748329 14773324 0.004785616 -0.08027133 0.1427671
0.03908092 -0.138872 0.01748329 14883435 0.004785616 -0.08027133 0.1427671
0.04808458 -0.1378895 0.01684744 15003532 0.01153702 -0.07988554 0.1417717
0.05402927 -0.1369787 0.01524798 15103622 0.01753203 -0.07923998 0.1403098
0.05402927 -0.1369787 0.01524798 15223734 0.01753203 -0.07923998 0.1403098
0.06232352 -0.1345953 0.01417942 15333830 0.02393319 -0.07771557 0.1390679
0.07082415 -0.1313688 0.01315417 15453938 0.03025272 -0.07551762 0.1378172
0.07082415 -0.1313688 0.01315417 15554037 0.03025272 -0.07551762 0.1378172
0.07876257 -0.1275552 0.01198454 15674137 0.03627601 -0.07282971 0.1365087
0.0867298 -0.1231215 0.01096631 15784236 0.04227902 -0.06963611 0.1353435
0.0867298 -0.1231215 0.01096631 15904349 0.04227902 -0.06963611 0.1353435
0.09380345 -0.1181945 0.009765898 16024453 0.04799653 -0.06601601 0.1342061
0.1010977 -0.1124809 0.008705723 16134552 0.05358183 -0.06193645 0.1331796
0.1010977 -0.1124809 0.008705723 16244656 0.05358183 -0.06193645 0.1331796
0.1075177 -0.1063772 0.007518222 16364768 0.05865708 -0.05752995 0.1321491
0.1140721 -0.09981508 0.006542762 16474868 0.06374339 -0.05272213 0.1312646
0.1140721 -0.09981508 0.006542762 16574958 0.06374339 -0.05272213 0.1312646
0.1203821 -0.09292403 0.005848086 16715088 0.0685165 -0.04759979 0.1305955
0.1262627 -0.08586068 0.005514383 16935283 0.0727535 -0.042293 0.1301935
0.1304514 -0.07887409 0.004750193 17155470 0.07643763 -0.03695173 0.1297753
0.1374806 -0.06556926 0.004321655 17405699 0.08189437 -0.02610802 0.1294585
0.1398048 -0.05860721 0.003460961 17605888 0.08433346 -0.02096646 0.1292081
0.142016 -0.05169137 0.002730382 17836088 0.086414 -0.01579255 0.1289284
0.1455972 -0.03943113 0.001782784 18076305 0.08935067 -0.00601274 0.1283758
0.1476013 -0.03374845 0.001603541 18276489 0.09070048 -0.001354846 0.1281706
0.1492413 -0.0286602 0.001509725 18496684 0.09198576 0.002967623 0.1281104
0.1526911 -0.01896069 0.001519361 18746910 0.09413203 0.01087988 0.1279576
0.1540511 -0.01458725 0.001495835 18947095 0.09495433 0.01453362 0.1278517
0.1550855 -0.0104272 0.001427236 19177306 0.095738 0.01796676 0.127831
0.1561715 -0.003168296 0.001224285 19427528 0.09732372 0.02400662 0.1281286
0.1566354 5.875108E-05 0.001227331 19617700 0.09807071 0.02675466 0.1283641
0.1566355 0.002962924 0.001190144 19847903 0.09844501 0.02927899 0.1285776
0.1558849 0.008114095 0.0009101108 20108138 0.09856921 0.03349219 0.1288833
0.1552305 0.0100976 0.0009926372 20288313 0.09823194 0.03515808 0.1291698
0.1544036 0.01194577 0.0009102267 20518509 0.09773498 0.03656885 0.1293183
0.1546925 0.01453249 0.002097933 20738707 0.09684247 0.03906187 0.1299961
0.1547587 0.01555231 0.003047486 20968919 0.09633508 0.04004158 0.1306923
0.1546651 0.01642988 0.004416291 21189114 0.09545833 0.04070139 0.1317415
0.1540616 0.018007 0.009368805 21409316 0.09259546 0.04106017 0.1358469
