0.1462261 -0.001511572 0.001049384 0 0.08186989 -0.02838138 0.2232088
0.1459619 -0.0008312872 0.0007729232 120108 0.08153871 -0.02787093 0.2232437
0.1455442 0.0001390295 0.0007171184 220198 0.08112443 -0.02714924 0.2234583
0.1455442 0.0001390295 0.0007171184 330294 0.08112443 -0.02714924 0.2234583
0.1449696 0.001585236 0.0006116033 450402 0.08051494 -0.02623061 0.2236903
0.1442431 0.003336088 0.0007962137 560505 0.07984856 -0.02509491 0.2241254
0.1442431 0.003336088 0.0007962137 670601 0.07984856 -0.02509491 0.2241254
0.1433934 0.005522393 0.0008667558 780708 0.07917791 -0.02369312 0.224605
0.1424737 0.007796394 0.0006783158 900833 0.07853761 -0.02195493 0.2251329
0.1424737 0.007796394 0.0006783158 1010924 0.07853761 -0.02195493 0.2251329
0.1412936 0.01037803 0.000270009 1121011 0.07778195 -0.01996068 0.225795
0.1401517 0.01355227 3.260374E-05 1231107 0.07689972 -0.01754788 0.2263818
0.1401517 0.01355227 3.260374E-05 1341206 0.07689972 -0.01754788 0.2263818
0.1387925 0.01680564 -0.0003008991 1461314 0.07581992 -0.015016 0.227087
0.1373063 0.02032704 -0.000716731 1561405 0.07467353 -0.01233438 0.2278282
0.1373063 0.02032704 -0.000716731 1681521 0.07467353 -0.01233438 0.2278282
0.1357939 0.02389438 -0.0009312034 1791620 0.07340083 -0.009526528 0.2286268
0.1342127 0.0275729 -0.001174599 1901716 0.07215587 -0.006763734 0.2294407
0.1342127 0.0275729 -0.001174599 2011819 0.07215587 -0.006763734 0.2294407
0.1324974 0.03112943 -0.001528189 2121910 0.0708837 -0.004084385 0.2303342
0.1308459 0.03472339 -0.00152573 2242035 0.06945958 -0.001272239 0.2312459
0.1308459 0.03472339 -0.00152573 2352317 0.06945958 -0.001272239 0.2312459
0.1289731 0.03851023 -0.001580566 2462218 0.06791487 0.001586639 0.2322566
0.126922 0.04233844 -0.001567543 2592335 0.06630861 0.00444492 0.2334113
0.1249872 0.04587593 -0.001270294 2682416 0.06469368 0.007223569 0.2345912
0.1249872 0.04587593 -0.001270294 2802525 0.06469368 0.007223569 0.2345912
0.1229509 0.04952981 -0.0006219447 2932658 0.06302829 0.009955131 0.2359049
0.1209335 0.05304915 0.0001801848 3022906 0.06135696 0.01266857 0.2372656
0.1209335 0.05304915 0.0001801848 3132831 0.06135696 0.01266857 0.2372656
0.1186763 0.05661209 0.0006741732 3242926 0.05965939 0.01535221 0.2387023
0.1186763 0.05661209 0.0006741732 3363030 0.05965939 0.01535221 0.2387023
0.1164595 0.06030476 0.001377463 3473130 0.0580824 0.01810166 0.2401732
0.1141637 0.06392843 0.001953125 3583229 0.0564273 0.02082249 0.2416392
0.1120149 0.06736345 0.002776861 3693333 0.05482188 0.0234569 0.2430777
0.1120149 0.06736345 0.002776861 3803436 0.05482188 0.0234569 0.2430777
0.1098217 0.07064929 0.003474623 3913527 0.05330386 0.02604111 0.2445677
0.1098217 0.07064929 0.003474623 4033636 0.05330386 0.02604111 0.2445677
0.1074865 0.0738389 0.004023463 4143735 0.05161983 0.02860232 0.2460894
0.1053538 0.07662201 0.005054697 4253834 0.04993242 0.03115078 0.2477065
0.1028706 0.07983945 0.005428031 4373943 0.04809855 0.03368136 0.2491922
0.1028706 0.07983945 0.005428031 4474037 0.04809855 0.03368136 0.2491922
0.1003607 0.08313986 0.00581196 4584136 0.0461302 0.03610452 0.2505472
0.09796028 0.08624234 0.006269023 4724263 0.04423295 0.03838678 0.2518443
0.09796028 0.08624234 0.006269023 4814344 0.04423295 0.03838678 0.2518443
0.09532096 0.08937114 0.006335482 4924448 0.04209639 0.04058572 0.2530662
0.09273748 0.09250092 0.006491095 5064566 0.03992724 0.04289337 0.2542602
0.09273748 0.09250092 0.006491095 5144638 0.03992724 0.04289337 0.2542602
0.09016992 0.09534246 0.006771639 5264747 0.03772897 0.04523727 0.2555829
0.08735508 0.09833276 0.006785214 5394872 0.03534812 0.04750081 0.2568355
0.08735508 0.09833276 0.006785214 5484953 0.03534812 0.04750081 0.2568355
0.0845207 0.1013592 0.006910786 5595049 0.03286134 0.04972859 0.2580236
0.08167433 0.1038761 0.006963983 5715153 0.03023536 0.05176803 0.2592596
0.08167433 0.1038761 0.006963983 5815243 0.03023536 0.05176803 0.2592596
0.07863797 0.1067213 0.007193118 5935356 0.02760705 0.0537357 0.2604853
0.07562327 0.1097758 0.007450491 6065473 0.02490275 0.05579325 0.2615519
0.07562327 0.1097758 0.007450491 6155559 0.02490275 0.05579325 0.2615519
0.07227799 0.1130835 0.007281706 6275659 0.02198263 0.05786999 0.2624956
0.06926381 0.1160737 0.007509619 6395767 0.01918733 0.06005641 0.2634945
0.06926381 0.1160737 0.007509619 6485849 0.01918733 0.06005641 0.2634945
0.06610496 0.1189694 0.007512853 6605961 0.01627571 0.06228289 0.2645141
0.06290594 0.1217055 0.007253915 6716056 0.01337878 0.064388 0.2654579
0.06290594 0.1217055 0.007253915 6826156 0.01337878 0.064388 0.2654579
0.05983511 0.124393 0.006958544 6946268 0.01060269 0.06626471 0.2661821
0.05681043 0.1268528 0.006462589 7056368 0.007883104 0.06787451 0.2667549
0.05681043 0.1268528 0.006462589 7166463 0.007883104 0.06787451 0.2667549
0.05365307 0.129265 0.005917192 7276566 0.005068131 0.06925841 0.2672165
0.05043652 0.1316088 0.005277097 7386670 0.002241829 0.07053336 0.2675984
0.05043652 0.1316088 0.005277097 7496769 0.002241829 0.07053336 0.2675984
0.04738742 0.1337747 0.004686013 7606864 -0.0005496526 0.07178112 0.2679088
0.04405003 0.1359454 0.003838688 7726977 -0.003417218 0.07290813 0.2681684
0.04405003 0.1359454 0.003838688 7857090 -0.003417218 0.07290813 0.2681684
0.04082347 0.1381073 0.002844706 7947167 -0.006241761 0.07403525 0.2682474
0.03760318 0.1401203 0.001787513 8057271 -0.009006008 0.07510635 0.2683042
0.03760318 0.1401203 0.001787513 8187384 -0.009006008 0.07510635 0.2683042
0.03422268 0.1422213 0.0005053133 8277474 -0.01184707 0.07600006 0.268119
0.03094997 0.1443751 -0.0006071925 8397578 -0.01462886 0.07686611 0.2678265
0.03094997 0.1443751 -0.0006071925 8527699 -0.01462886 0.07686611 0.2678265
0.02755252 0.1464344 -0.00192818 8617773 -0.01746107 0.07758566 0.2673985
0.02423808 0.1484862 -0.003200963 8737889 -0.02022962 0.07826205 0.2668652
0.02423808 0.1484862 -0.003200963 8837975 -0.02022962 0.07826205 0.2668652
0.020962 0.1503902 -0.004666433 8958096 -0.02286994 0.07883689 0.2662316
0.01769717 0.1522061 -0.006243467 9068187 -0.02543049 0.0793061 0.2654858
0.01415793 0.1541834 -0.007975563 9178278 -0.02805188 0.079735 0.2645824
0.01415793 0.1541834 -0.007975563 9288382 -0.02805188 0.079735 0.2645824
0.01086487 0.1558537 -0.009506047 9398489 -0.03066518 0.07995233 0.2636192
0.00741289 0.157598 -0.01102607 9508589 -0.03328408 0.08012732 0.2625772
0.00741289 0.157598 -0.01102607 9638694 -0.03328408 0.08012732 0.2625772
0.003926637 0.1591163 -0.01266062 9738784 -0.03580645 0.08019373 0.261502
0.0005046856 0.1604019 -0.01426911 9848884 -0.03818897 0.08010718 0.2604085
0.0005046856 0.1604019 -0.01426911 9979001 -0.03818897 0.08010718 0.2604085
-0.002825238 0.1615049 -0.01572296 10089100 -0.0405098 0.07981416 0.2592703
-0.006396489 0.1624343 -0.01714577 10189199 -0.04283729 0.07927974 0.2580771
-0.006396489 0.1624343 -0.01714577 10319308 -0.04283729 0.07927974 0.2580771
-0.009749338 0.163311 -0.01837164 10419398 -0.04508829 0.07871386 0.2568694
-0.01314584 0.1640219 -0.01955368 10519489 -0.0473447 0.07811972 0.2556764
-0.01314584 0.1640219 -0.01955368 10659615 -0.0473447 0.07811972 0.2556764
-0.01630467 0.1645263 -0.020588 10749696 -0.04954093 0.07753155 0.2545541
-0.01991899 0.1651051 -0.02143645 10859796 -0.05183596 0.07707246 0.2535211
-0.01991899 0.1651051 -0.02143645 10989913 -0.05183596 0.07707246 0.2535211
-0.0235277 0.1654072 -0.02212808 11079999 -0.05415921 0.0766153 0.252597
-0.02738064 0.1656854 -0.02280857 11190098 -0.05656161 0.0762727 0.2516668
-0.02738064 0.1656854 -0.02280857 11300201 -0.05656161 0.0762727 0.2516668
-0.03094641 0.1658218 -0.02335228 11420302 -0.05892153 0.07592424 0.2507655
-0.03471441 0.1658898 -0.02379656 11530401 -0.06131587 0.07561252 0.2498813
-0.03471441 0.1658898 -0.02379656 11640500 -0.06131587 0.07561252 0.2498813
-0.03854203 0.1657082 -0.02418385 11750604 -0.06366781 0.0751793 0.2489968
-0.04235541 0.1651245 -0.02454516 11870708 -0.06595622 0.07460114 0.2481539
-0.04235541 0.1651245 -0.02454516 11980811 -0.06595622 0.07460114 0.2481539
-0.04600755 0.1645076 -0.02478686 12090907 -0.06822953 0.07401963 0.2473044
-0.04978732 0.1636216 -0.02485707 12211023 -0.07058425 0.07335182 0.2465007
-0.04978732 0.1636216 -0.02485707 12311110 -0.07058425 0.07335182 0.2465007
-0.05361016 0.1625546 -0.02477501 12451228 -0.07299184 0.07261189 0.2457104
-0.057209 0.1609777 -0.02459764 12541309 -0.07533739 0.07174774 0.2450795
-0.057209 0.1609777 -0.02459764 12681444 -0.07533739 0.07174774 0.2450795
-0.06082372 0.1591012 -0.02431509 12911651 -0.07760756 0.07081016 0.2445303
-0.0673973 0.1548126 -0.02412286 13151864 -0.0817601 0.06827637 0.2431281
-0.07055497 0.1523952 -0.02394988 13362058 -0.08379836 0.06669196 0.242364
-0.07353799 0.1495227 -0.02381292 13542216 -0.08583184 0.06478377 0.2415978
-0.0764153 0.1462495 -0.02361286 13652328 -0.08780494 0.06265589 0.2409118
-0.07923038 0.1429285 -0.02355319 13762427 -0.08974963 0.06039449 0.2400846
-0.08223688 0.1393018 -0.02349211 13882524 -0.09155289 0.05798885 0.2392419
-0.08223688 0.1393018 -0.02349211 13992623 -0.09155289 0.05798885 0.2392419
-0.08524372 0.1355467 -0.02341357 14102734 -0.0933642 0.05539533 0.2383173
-0.0880185 0.1314095 -0.02340399 14242853 -0.09509612 0.05266961 0.2374826
-0.09073394 0.1272054 -0.02337037 14322933 -0.09682715 0.04984757 0.2366172
-0.09073394 0.1272054 -0.02337037 14433033 -0.09682715 0.04984757 0.2366172
-0.09344836 0.1226811 -0.02337736 14573147 -0.09848867 0.04691943 0.2357728
-0.09344836 0.1226811 -0.02337736 14663228 -0.09848867 0.04691943 0.2357728
-0.09574094 0.1178277 -0.02365065 14783336 -0.09991822 0.04371163 0.2349232
-0.09774476 0.1127134 -0.02416819 14903445 -0.1010442 0.04014381 0.2339891
-0.09774476 0.1127134 -0.02416819 14993526 -0.1010442 0.04014381 0.2339891
-0.09973061 0.1073093 -0.02461512 15113635 -0.1020586 0.03604671 0.2329672
-0.1010425 0.1017321 -0.02536216 15243752 -0.102773 0.03160771 0.2319591
-0.1026411 0.09624264 -0.02582462 15343842 -0.103567 0.02734193 0.2310199
-0.1026411 0.09624264 -0.02582462 15453942 -0.103567 0.02734193 0.2310199
-0.1042283 0.09004723 -0.02625853 15574050 -0.1042558 0.02305933 0.2303257
-0.1058864 0.08406667 -0.02675903 15674140 -0.1049461 0.01892563 0.2295133
-0.1058864 0.08406667 -0.02675903 15794249 -0.1049461 0.01892563 0.2295133
-0.1073645 0.0779461 -0.02745734 15914365 -0.1054033 0.01461955 0.228626
-0.1088631 0.0720598 -0.02813843 16004451 -0.1059355 0.01037379 0.2276458
-0.1088631 0.0720598 -0.02813843 16114542 -0.1059355 0.01037379 0.2276458
-0.1118333 0.06531518 -0.02782373 16224641 -0.1064669 0.005983316 0.2269151
-0.1118333 0.06531518 -0.02782373 16354759 -0.1064669 0.005983316 0.2269151
-0.1131579 0.05908323 -0.02842215 16454849 -0.1069335 0.001679622 0.2261033
-0.1143365 0.05271183 -0.02917407 16564948 -0.1073641 -0.002660788 0.2252481
-0.1143365 0.05271183 -0.02917407 16695062 -0.1073641 -0.002660788 0.2252481
-0.115529 0.04638435 -0.02964845 16785143 -0.1077103 -0.00706271 0.2245456
-0.1164647 0.03986692 -0.03024619 16895242 -0.1079253 -0.01154665 0.2238897
-0.1164647 0.03986692 -0.03024619 17015351 -0.1079253 -0.01154665 0.2238897
-0.1171748 0.03340777 -0.03079613 17125450 -0.1080909 -0.01596836 0.2233631
-0.1179651 0.02676667 -0.03121135 17235558 -0.1083416 -0.02028707 0.2229484
-0.1187336 0.01989928 -0.03157695 17345649 -0.1085612 -0.02461866 0.2226184
-0.1187336 0.01989928 -0.03157695 17465769 -0.1085612 -0.02461866 0.2226184
-0.1193068 0.01312843 -0.0319207 17575869 -0.1087063 -0.02899364 0.2223519
-0.1193068 0.01312843 -0.0319207 17695969 -0.1087063 -0.02899364 0.2223519
-0.1191871 0.006447943 -0.0324316 17816073 -0.1087775 -0.03352312 0.2221942
-0.1190847 -0.0003709233 -0.03280527 17926181 -0.1087688 -0.03792766 0.2222041
-0.1190058 -0.007014411 -0.03291739 18046293 -0.108831 -0.0422006 0.2223952
-0.1190058 -0.007014411 -0.03291739 18176398 -0.108831 -0.0422006 0.2223952
-0.1187305 -0.01310039 -0.0328477 18356561 -0.1089577 -0.04619852 0.2227667
-0.1180857 -0.01938436 -0.03259013 18506697 -0.1091091 -0.05022661 0.223491
-0.1172032 -0.02557147 -0.0321731 18726895 -0.1092126 -0.05407754 0.2244931
-0.1162943 -0.03173847 -0.03167611 18957107 -0.1092887 -0.05778114 0.2256129
-0.1147132 -0.04325547 -0.02999295 19197320 -0.1094621 -0.06519572 0.2282239
-0.1132058 -0.04828008 -0.02896342 19407509 -0.1095005 -0.06878892 0.2299303
-0.1094606 -0.05662878 -0.02643162 19617703 -0.1101086 -0.07529763 0.2338775
-0.1077657 -0.0603915 -0.02519554 19867925 -0.1104233 -0.07830957 0.2357374
-0.1063911 -0.06426932 -0.02385414 20068106 -0.1107479 -0.08131222 0.2375965
-0.1036069 -0.07133649 -0.02131572 20298313 -0.1113854 -0.0871611 0.241132
-0.1018802 -0.07523361 -0.02027419 20518520 -0.1114937 -0.09023409 0.2428855
-0.1004239 -0.07921745 -0.01929146 20748720 -0.1115508 -0.09342162 0.2444778
-0.09749196 -0.08736513 -0.01737975 20968919 -0.1114848 -0.1000073 0.2476427
-0.0961825 -0.09116717 -0.01634654 21189121 -0.1113556 -0.1032093 0.2492436
-0.09483304 -0.09488992 -0.01534189 21419329 -0.1111439 -0.1063869 0.2508409
-0.09167729 -0.1019304 -0.013183 21629515 -0.1104989 -0.1123165 0.2544031
-0.09028475 -0.1050242 -0.01204754 21859726 -0.11019 -0.1150122 0.256153
-0.08868153 -0.1078776 -0.01079023 22099939 -0.1099656 -0.1174999 0.2580743
-0.08537096 -0.1117911 -0.007711187 22310129 -0.1094664 -0.1218017 0.2624145
-0.08380254 -0.1132129 -0.006101742 22540491 -0.1093013 -0.1236725 0.2645777
-0.08226424 -0.1140763 -0.00442861 22770706 -0.1092236 -0.1254628 0.2667249
-0.07907675 -0.1147756 -0.001103193 22970733 -0.1091405 -0.1284962 0.2709471
-0.07756622 -0.1148901 0.0006076247 23220959 -0.1091456 -0.1296044 0.2730827
-0.07605556 -0.1150771 0.002334163 23431149 -0.1090431 -0.1306027 0.2752729
-0.07280034 -0.1150295 0.00564301 23641334 -0.1089862 -0.1326876 0.2794333
-0.07112992 -0.1151266 0.007078156 23871546 -0.1087558 -0.1337077 0.2813316
-0.06958831 -0.115421 0.008388072 24101746 -0.1083846 -0.1346729 0.2831149
-0.06666708 -0.1170129 0.01025274 24321948 -0.1073118 -0.1369184 0.2859452
-0.06533351 -0.1179477 0.01093216 24542155 -0.1066602 -0.138096 0.2870823
-0.06394891 -0.1190696 0.01132058 24762342 -0.1059141 -0.1392391 0.287943
-0.06159078 -0.1224616 0.0113727 25002563 -0.1041074 -0.1416913 0.2889473
-0.06071407 -0.1248059 0.01110788 25212744 -0.1030621 -0.1430483 0.2891557
-0.05955907 -0.1270962 0.01060869 25432947 -0.1018055 -0.1444304 0.2891851
-0.057078 -0.1320291 0.009388477 25683177 -0.0992652 -0.1475125 0.2889876
-0.05553831 -0.1348647 0.008826196 25883362 -0.09785032 -0.1492174 0.2889957
-0.05387548 -0.1377708 0.008249387 26103552 -0.09628766 -0.1509183 0.2890194
-0.04960005 -0.1431311 0.007001579 26333764 -0.09244953 -0.1542757 0.2891186
-0.04779806 -0.1458295 0.006429419 26563968 -0.0906741 -0.1560542 0.2891174
-0.04561887 -0.1486306 0.005890399 26794171 -0.08868721 -0.1577723 0.2891946
-0.04123051 -0.1538219 0.004971609 26994356 -0.08452293 -0.1613069 0.2894545
-0.03891184 -0.1561994 0.00452511 27234573 -0.08234672 -0.1627934 0.2895682
-0.0340043 -0.1606699 0.003880784 27444775 -0.07800817 -0.1655513 0.2899092
-0.0304284 -0.1621886 0.003554866 27674974 -0.07560583 -0.1667717 0.2899447
-0.02769653 -0.1640364 0.003426835 27895169 -0.07322736 -0.1681211 0.2902151
-0.02194382 -0.1669885 0.003360316 28125377 -0.06839477 -0.170414 0.2907616
-0.01889063 -0.1684062 0.003546134 28345575 -0.06572723 -0.1715432 0.2912182
-0.01588535 -0.1697645 0.003648043 28585792 -0.06308898 -0.172484 0.2915207
-0.009914095 -0.1716738 0.003987968 28805995 -0.0579684 -0.174316 0.2920311
-0.006817137 -0.1723153 0.004097462 29016185 -0.05523885 -0.1749423 0.2921539
-0.003978435 -0.1731226 0.004160985 29236379 -0.05256029 -0.175462 0.2922296
0.002023645 -0.1746365 0.004113391 29466607 -0.04696394 -0.1761515 0.2919981
0.004624248 -0.1753898 0.003942043 29686944 -0.04439376 -0.1764909 0.2917289
0.007515396 -0.1760514 0.003778011 29927153 -0.04166824 -0.1768964 0.2913617
0.01349116 -0.1777422 0.003251165 30147201 -0.03606465 -0.1775906 0.290238
0.01646037 -0.1785501 0.002978027 30357407 -0.03343321 -0.1778744 0.2895318
0.01922392 -0.1796745 0.00250344 30607617 -0.03073419 -0.1781632 0.2887107
0.02473001 -0.1820853 0.001312941 30797792 -0.02528362 -0.1788217 0.2867656
0.02750927 -0.1830894 0.0007041544 31028004 -0.02268905 -0.179016 0.2856677
0.0303347 -0.1840816 0.0001414567 31278429 -0.0201088 -0.1790872 0.2845398
0.03588895 -0.1856142 -0.0008769333 31468402 -0.01479517 -0.1788535 0.2823861
0.03859529 -0.1859557 -0.001277089 31708614 -0.01222535 -0.1787224 0.2813762
0.04151252 -0.1859239 -0.001415357 31918812 -0.009665047 -0.1786229 0.2804289
0.04714847 -0.1847248 -0.001552105 32149008 -0.004612019 -0.1777898 0.2786368
0.05003889 -0.1839726 -0.001540571 32399230 -0.001988811 -0.1770684 0.2777226
0.05541978 -0.1823152 -0.001688823 32589405 0.003143362 -0.1755505 0.2758711
0.05815348 -0.1813101 -0.001566395 32839631 0.005651363 -0.1748249 0.274993
0.06091312 -0.1798713 -0.001468554 33039820 0.00821636 -0.1737762 0.2740621
0.06385624 -0.1780086 -0.00112775 33290037 0.01080445 -0.1726468 0.2731494
0.06920362 -0.1741826 -0.0006552041 33500227 0.01590714 -0.1699353 0.2713994
0.0718346 -0.1720775 -0.0005208999 33710421 0.01841293 -0.168422 0.2704091
0.07453822 -0.1697569 -0.000338316 33950634 0.02085879 -0.1666687 0.2693333
0.07954323 -0.1651453 -0.0002418756 34160827 0.02535951 -0.1629544 0.2670642
0.08183544 -0.1629986 -0.0005390048 34381026 0.02744323 -0.1609186 0.2657647
0.08415088 -0.1609359 -0.0008408129 34621251 0.02952222 -0.1588638 0.2644228
0.08875749 -0.1568004 -0.001836598 34831453 0.03338249 -0.1544917 0.2613504
0.09108923 -0.1546167 -0.002405658 35061661 0.03515405 -0.152236 0.2596708
0.09324592 -0.1525038 -0.003094077 35271830 0.03681656 -0.1499518 0.2580186
0.0979035 -0.1478536 -0.004322991 35502034 0.04024126 -0.1451066 0.2545315
0.1001022 -0.1452059 -0.004924476 35742250 0.04179695 -0.1426201 0.2528394
0.1045368 -0.1392334 -0.005980313 35952440 0.04471444 -0.1372138 0.249417
0.1068334 -0.1359341 -0.006467998 36172639 0.04618414 -0.1342419 0.247653
0.1089217 -0.1327039 -0.007052392 36422865 0.04759866 -0.1311706 0.2459975
0.1130312 -0.1253501 -0.007891387 36623041 0.05041565 -0.124797 0.2428901
0.1149882 -0.1214865 -0.008215204 36873271 0.05175196 -0.1215433 0.241435
0.1169138 -0.1179373 -0.008626342 37063451 0.05309149 -0.1183589 0.2399684
0.1207328 -0.1106833 -0.009441212 37283641 0.05573973 -0.1121629 0.2370301
0.1225353 -0.1074487 -0.009860471 37533871 0.05694094 -0.1092687 0.2356141
0.1242822 -0.1042673 -0.01034148 37734052 0.05812385 -0.1064927 0.2342057
0.1278922 -0.09793743 -0.01102495 37954247 0.06048561 -0.1012422 0.2313975
0.129677 -0.09479082 -0.01113704 38204472 0.06160054 -0.0987436 0.2300844
0.1312396 -0.09168227 -0.01134582 38424675 0.06273438 -0.0963084 0.2289238
0.1345893 -0.08475723 -0.01103611 38634861 0.06498464 -0.09157292 0.2266286
0.136176 -0.08138163 -0.01046214 38855064 0.0660841 -0.08934931 0.2257047
0.1376487 -0.07724644 -0.009656921 39085271 0.06716761 -0.08703426 0.224888
0.1388344 -0.07305837 -0.008761272 39415569 0.06811861 -0.0846837 0.2242943
0.1415969 -0.06104992 -0.005822062 39675800 0.0716401 -0.07687 0.2235816
0.1424436 -0.05744976 -0.004445881 39855971 0.07295089 -0.07438973 0.2235998
0.1432541 -0.05386459 -0.003176838 40106193 0.07431125 -0.07206539 0.2235831
0.1446121 -0.04759988 -0.001257449 40306369 0.07682363 -0.06768433 0.2235359
0.1454182 -0.04476047 -0.0003520995 40536581 0.0780267 -0.06552152 0.2233603
0.146145 -0.04242241 -0.0002017021 40796812 0.07913965 -0.06344203 0.2230231
0.1479451 -0.03724559 0.0004867613 40976974 0.08130381 -0.05928449 0.2220069
0.1489027 -0.03501632 0.0007787794 41217191 0.08231278 -0.05729619 0.2214291
0.1498742 -0.03262433 0.001103148 41447407 0.0831479 -0.05536965 0.2207434
0.1516303 -0.02852374 0.001635507 41647588 0.08460347 -0.05192999 0.2194783
0.1524938 -0.02670354 0.002117872 41887796 0.08528064 -0.05044798 0.2188972
0.1531923 -0.02463474 0.002420515 42118004 0.08588634 -0.04903678 0.218344
0.1544773 -0.02082624 0.003014937 42338203 0.08710466 -0.04608957 0.217416
0.1551962 -0.01904919 0.003210321 42548388 0.08772999 -0.04466609 0.216856
0.1557999 -0.01723053 0.002969056 42788613 0.08819006 -0.04321495 0.2162377
0.1569588 -0.01415405 0.001862332 42998803 0.08899189 -0.04054443 0.2149169
0.1576274 -0.01251364 0.001106143 43218998 0.08947822 -0.0391765 0.2141296
0.1583474 -0.01151204 0.0002318919 43449214 0.08979695 -0.0379105 0.2133167
0.159665 -0.008898229 -0.002082452 43669404 0.08998393 -0.03562395 0.2113787
0.1602295 -0.00773026 -0.003336892 43909621 0.08988068 -0.03467707 0.2104197
0.1612417 -0.005676177 -0.005988523 44119815 0.08949924 -0.03304867 0.208554
0.1616208 -0.004465531 -0.006881148 44360023 0.08903033 -0.03209523 0.2077797
0.1617673 -0.003484604 -0.007196143 44550199 0.08847398 -0.03121904 0.2073854
0.1617499 -0.002145135 -0.007541284 44790420 0.08776581 -0.03035883 0.2070225
0.1616862 2.332454E-05 -0.007066846 45030633 0.08632705 -0.02945403 0.2065128
0.1614688 0.001169125 -0.007004067 45230817 0.08556217 -0.02914933 0.2063232
0.1605617 0.003321369 -0.006107554 45451012 0.08405107 -0.02866105 0.2065537
0.1598588 0.004435903 -0.005755186 45701238 0.08337498 -0.02844218 0.2068902
0.1591809 0.005408924 -0.005481824 45901418 0.08289099 -0.02808837 0.2073116
0.1584654 0.005917372 -0.00514175 46121621 0.08256821 -0.02761976 0.2079814
0.156564 0.006941843 -0.004321754 46341832 0.08176753 -0.02677027 0.2097497
0.15529 0.007580949 -0.004025787 46572024 0.08099428 -0.02636103 0.2107709
0.1521291 0.008624353 -0.002884015 46792222 0.07913633 -0.02566914 0.2134782
0.1501926 0.008927955 -0.001972571 47042452 0.07802085 -0.02543954 0.2152404
0.1478772 0.009122627 -0.001159087 47242629 0.07656336 -0.02547649 0.2172076
0.1423513 0.009002658 0.001487792 47482845 0.07311093 -0.0264676 0.2220533
0.1390595 0.008686136 0.00322625 47683034 0.07096559 -0.02724961 0.2250053
