0.1513223 0.007469856 0.001104328 0 0.1073005 0.0207127 0.1359856
0.1513223 0.007469856 0.001104328 110095 0.1073005 0.0207127 0.1359856
0.152237 0.009755932 0.001455049 220195 0.1080179 0.02170416 0.1363927
0.1524863 0.01247378 0.001500765 340303 0.1088167 0.02274283 0.1367552
0.1524863 0.01247378 0.001500765 450403 0.1088167 0.02274283 0.1367552
0.1525924 0.01600011 0.001481178 560502 0.1095859 0.0235432 0.137127
0.1520797 0.01962241 0.001376035 670609 0.1100338 0.02432772 0.1374505
0.1520797 0.01962241 0.001376035 780705 0.1100338 0.02432772 0.1374505
0.1511413 0.02372142 0.001332623 900809 0.1099335 0.02568706 0.1377302
0.1499469 0.02827128 0.00148241 1010925 0.109375 0.02768203 0.1380834
0.1499469 0.02827128 0.00148241 1121008 0.109375 0.02768203 0.1380834
0.1483711 0.03259154 0.001867643 1231107 0.1084324 0.02986547 0.1386292
0.1461932 0.03720971 0.002132059 1341206 0.1072196 0.0322692 0.1391098
0.1461932 0.03720971 0.002132059 1451306 0.1072196 0.0322692 0.1391098
0.1439054 0.04206058 0.002463578 1561409 0.1060088 0.03491517 0.1396461
0.1413553 0.04681679 0.002692386 1681514 0.1046974 0.03766748 0.1400923
0.1413553 0.04681679 0.002692386 1801626 0.1046974 0.03766748 0.1400923
0.138912 0.05119392 0.002894925 1901720 0.1033776 0.04059096 0.1404854
0.1361221 0.05512783 0.002974575 2011820 0.1016848 0.04378244 0.1407846
0.1361221 0.05512783 0.002974575 2121915 0.1016848 0.04378244 0.1407846
0.1333891 0.05906102 0.002975991 2242019 0.09981686 0.04722186 0.1409579
0.1333891 0.05906102 0.002975991 2362128 0.09981686 0.04722186 0.1409579
0.1306364 0.06323083 0.003023932 2482236 0.09786152 0.05077192 0.1411428
0.1272498 0.06718107 0.002875473 2572326 0.09587953 0.05399772 0.1412531
0.1272498 0.06718107 0.002875473 2692434 0.09587953 0.05399772 0.1412531
0.1237674 0.07120272 0.002670408 2802533 0.09387796 0.05714056 0.1412891
0.1205031 0.07511135 0.002577627 2912823 0.09162405 0.06024572 0.1413265
0.1166673 0.0791746 0.002237382 3022728 0.08917375 0.06338211 0.1411653
0.1166673 0.0791746 0.002237382 3132823 0.08917375 0.06338211 0.1411653
0.1126731 0.08315857 0.001885053 3252952 0.08664637 0.06632181 0.1409727
0.1126731 0.08315857 0.001885053 3363039 0.08664637 0.06632181 0.1409727
0.1076912 0.08698723 0.001308139 3473130 0.08388597 0.06907817 0.1406596
0.1032054 0.09070321 0.0009646258 3583238 0.08116855 0.07177731 0.1404725
0.09789673 0.09437975 0.000482874 3693329 0.07807118 0.07441755 0.1401779
0.09789673 0.09437975 0.000482874 3803428 0.07807118 0.07441755 0.1401779
0.09252753 0.09774812 -4.816971E-05 3933546 0.07475988 0.07702418 0.1398128
0.0871468 0.1013697 -0.0003892548 4033636 0.0712859 0.07967839 0.1395542
0.0871468 0.1013697 -0.0003892548 4143736 0.0712859 0.07967839 0.1395542
0.08120288 0.1045845 -0.0007297092 4273853 0.06741107 0.08221241 0.1393257
0.07508007 0.1073855 -0.0008821508 4363934 0.0633301 0.08460829 0.1392941
0.07508007 0.1073855 -0.0008821508 4474034 0.0633301 0.08460829 0.1392941
0.06922179 0.1101032 -0.0007876176 4594142 0.05903414 0.08695336 0.1394499
0.06288597 0.1124534 -0.0007074574 4704241 0.05435673 0.08893462 0.1395793
0.06288597 0.1124534 -0.0007074574 4814341 0.05435673 0.08893462 0.1395793
0.05644875 0.114636 -0.0004841528 4924444 0.0491944 0.09073921 0.1398104
0.04979073 0.1165771 -0.0001739829 5044548 0.04369371 0.09243461 0.1401336
0.04301429 0.1182086 0.0001539645 5154652 0.03814863 0.09391055 0.1404828
0.04301429 0.1182086 0.0001539645 5254742 0.03814863 0.09391055 0.1404828
0.03590314 0.1192873 0.0005549066 5374847 0.03259086 0.09492775 0.1409184
0.03590314 0.1192873 0.0005549066 5484946 0.03259086 0.09492775 0.1409184
0.03006083 0.1207637 0.00127185 5595045 0.02753004 0.09584138 0.1415527
0.02355265 0.121186 0.001784539 5705145 0.02223191 0.09623142 0.1420763
0.02355265 0.121186 0.001784539 5825253 0.02223191 0.09623142 0.1420763
0.01750631 0.1213569 0.00235152 5935352 0.0170442 0.09652563 0.1426706
0.01149043 0.1210956 0.002747502 6045452 0.01186717 0.09665963 0.1431362
0.005335274 0.1204515 0.003012791 6155551 0.006916205 0.09654948 0.143485
0.005335274 0.1204515 0.003012791 6265654 0.006916205 0.09654948 0.143485
-0.0009707485 0.1197319 0.003240071 6385759 0.002233863 0.09605976 0.1437236
-0.007186227 0.1189324 0.00367146 6495866 -0.002372799 0.09528895 0.1441139
-0.007186227 0.1189324 0.00367146 6605962 -0.002372799 0.09528895 0.1441139
-0.01348027 0.1179623 0.004152916 6716057 -0.006991369 0.09441516 0.1445441
-0.01975834 0.1165311 0.004589572 6826156 -0.01176639 0.09342142 0.1449759
-0.01975834 0.1165311 0.004589572 6936260 -0.01176639 0.09342142 0.1449759
-0.02633998 0.1148151 0.004899831 7056372 -0.01678013 0.09236117 0.1452946
-0.03255106 0.1129276 0.005203747 7166471 -0.02179952 0.09117827 0.1456232
-0.03255106 0.1129276 0.005203747 7276567 -0.02179952 0.09117827 0.1456232
-0.03876533 0.1109016 0.005369831 7386662 -0.02679221 0.08982082 0.1457924
-0.04479686 0.1084323 0.005514515 7496761 -0.03164101 0.0881767 0.1459527
-0.04479686 0.1084323 0.005514515 7606861 -0.03164101 0.0881767 0.1459527
-0.05115788 0.1056723 0.005530896 7726973 -0.03632043 0.08634659 0.1459326
-0.05676721 0.1027591 0.005562646 7837069 -0.04068102 0.08439823 0.1459563
-0.05676721 0.1027591 0.005562646 7947180 -0.04068102 0.08439823 0.1459563
-0.06214038 0.09973796 0.005576773 8077285 -0.04489712 0.08216735 0.1459342
-0.06214038 0.09973796 0.005576773 8167367 -0.04489712 0.08216735 0.1459342
-0.06742465 0.09615847 0.005457325 8277470 -0.04897537 0.07969936 0.1457961
-0.07235483 0.09226414 0.005193549 8397578 -0.05277846 0.07694969 0.1455092
-0.0776282 0.08814403 0.00492694 8507674 -0.05648325 0.07395395 0.1451332
-0.0776282 0.08814403 0.00492694 8617781 -0.05648325 0.07395395 0.1451332
-0.08249605 0.08363494 0.004654198 8727880 -0.05990903 0.07074615 0.1447612
-0.08249605 0.08363494 0.004654198 8847985 -0.05990903 0.07074615 0.1447612
-0.0869179 0.07931586 0.004360981 8958084 -0.06320299 0.06759878 0.1443844
-0.09071299 0.07478508 0.004021767 9068179 -0.06622817 0.0642552 0.144007
-0.09071299 0.07478508 0.004021767 9198305 -0.06622817 0.0642552 0.144007
-0.09409481 0.07016595 0.003725498 9288386 -0.06891072 0.06072517 0.1436644
-0.09718723 0.06524714 0.003449211 9398478 -0.0713274 0.05704018 0.1433427
-0.09898237 0.05968114 0.003095462 9528595 -0.07327955 0.05299636 0.1430988
-0.09898237 0.05968114 0.003095462 9628685 -0.07327955 0.05299636 0.1430988
-0.1016277 0.05435952 0.002848417 9738785 -0.0753513 0.0490863 0.1428056
-0.1016277 0.05435952 0.002848417 9878911 -0.0753513 0.0490863 0.1428056
-0.1036635 0.04906639 0.002523325 9958983 -0.07726258 0.04519244 0.1425028
-0.1057668 0.04356714 0.002331879 10069083 -0.07903016 0.0411497 0.1422803
-0.1057668 0.04356714 0.002331879 10189199 -0.07903016 0.0411497 0.1422803
-0.10758 0.03824481 0.002274015 10299290 -0.0804998 0.03702065 0.1421719
-0.1095689 0.03237506 0.002354702 10409390 -0.08185494 0.03257843 0.1421336
-0.1095689 0.03237506 0.002354702 10529498 -0.08185494 0.03257843 0.1421336
-0.1107312 0.02659532 0.002368622 10639598 -0.08299837 0.02823444 0.1421344
-0.1118046 0.02032705 0.002345567 10739688 -0.08416639 0.02380046 0.1420965
-0.1118046 0.02032705 0.002345567 10859796 -0.08416639 0.02380046 0.1420965
-0.1122757 0.01401981 0.002278709 10979905 -0.08516081 0.01932427 0.1420747
-0.1129251 0.007504426 0.002240741 11079995 -0.08595603 0.01455852 0.1419875
-0.1129251 0.007504426 0.002240741 11190098 -0.08595603 0.01455852 0.1419875
-0.1131728 0.0008138049 0.002259063 11330225 -0.08634347 0.00946828 0.1419428
-0.1132481 -0.005524196 0.002427147 11420302 -0.08645464 0.004376494 0.142035
-0.1132481 -0.005524196 0.002427147 11530406 -0.08645464 0.004376494 0.142035
-0.1130707 -0.01225261 0.002703577 11660523 -0.08642784 -0.0009448898 0.1422333
-0.112695 -0.01935331 0.002941301 11750620 -0.08637299 -0.006475724 0.1423959
-0.112695 -0.01935331 0.002941301 11870713 -0.08637299 -0.006475724 0.1423959
-0.112399 -0.02660481 0.003063763 11990979 -0.0861883 -0.01216546 0.1423862
-0.1115918 -0.03383092 0.002908082 12110942 -0.08566681 -0.01814178 0.1421489
-0.1109429 -0.04127828 0.002739891 12201011 -0.08495941 -0.02435533 0.1418252
-0.1109429 -0.04127828 0.002739891 12311296 -0.08495941 -0.02435533 0.1418252
-0.1098748 -0.04859285 0.002652859 12421355 -0.08408171 -0.03056244 0.1416345
-0.1083527 -0.05574492 0.002566793 12541500 -0.08324274 -0.03655855 0.1415187
-0.1083527 -0.05574492 0.002566793 12651758 -0.08324274 -0.03655855 0.1415187
-0.1064521 -0.06303946 0.002586919 12761525 -0.0823211 -0.04245428 0.1415121
-0.1046962 -0.07004718 0.002603542 12871612 -0.08148558 -0.0482109 0.1414945
-0.1046962 -0.07004718 0.002603542 12981910 -0.08148558 -0.0482109 0.1414945
-0.1024417 -0.07675663 0.002480518 13101820 -0.08021256 -0.05376462 0.1413455
-0.1011473 -0.08263818 0.002246576 13231937 -0.07877562 -0.05915825 0.141007
-0.09834884 -0.08870689 0.002224447 13332031 -0.07685259 -0.06446556 0.1409923
-0.09834884 -0.08870689 0.002224447 13432118 -0.07685259 -0.06446556 0.1409923
-0.0955691 -0.09453492 0.00233793 13562235 -0.07501626 -0.06946806 0.1411021
-0.09215319 -0.1002343 0.002385603 13662329 -0.07295479 -0.07421807 0.141169
-0.09215319 -0.1002343 0.002385603 13762416 -0.07295479 -0.07421807 0.141169
-0.08823968 -0.1059045 0.002463764 13882536 -0.0703778 -0.078782 0.1412138
-0.08823968 -0.1059045 0.002463764 13992628 -0.0703778 -0.078782 0.1412138
-0.08387206 -0.1113588 0.002719607 14112736 -0.06717617 -0.08316866 0.141402
-0.07920731 -0.1164755 0.003126503 14212822 -0.0635017 -0.08737329 0.1417362
-0.07920731 -0.1164755 0.003126503 14332935 -0.0635017 -0.08737329 0.1417362
-0.07435097 -0.1215495 0.003799787 14443030 -0.05952258 -0.09149043 0.1423019
-0.06938952 -0.1262802 0.004672679 14553129 -0.05559975 -0.09543113 0.1431083
-0.06415994 -0.1307444 0.005656009 14663229 -0.05170939 -0.09918062 0.1440575
-0.06415994 -0.1307444 0.005656009 14773328 -0.05170939 -0.09918062 0.1440575
-0.05869219 -0.1353309 0.006763494 14883435 -0.04770285 -0.1027986 0.1450644
-0.05869219 -0.1353309 0.006763494 15003536 -0.04770285 -0.1027986 0.1450644
-0.05296578 -0.1396631 0.007812077 15113635 -0.04316066 -0.106216 0.1459837
-0.04729804 -0.1438451 0.008892336 15223734 -0.03807516 -0.1095361 0.1468927
-0.04159272 -0.1475767 0.0100339 15333834 -0.03275123 -0.1127112 0.1479196
-0.04159272 -0.1475767 0.0100339 15443933 -0.03275123 -0.1127112 0.1479196
-0.03519307 -0.1505814 0.01108043 15564046 -0.02739022 -0.1156309 0.1490073
-0.03519307 -0.1505814 0.01108043 15674145 -0.02739022 -0.1156309 0.1490073
-0.02876713 -0.153485 0.01219348 15784240 -0.02222009 -0.1183343 0.1501348
-0.02218809 -0.1563336 0.01309944 15894344 -0.01681234 -0.1207173 0.150972
-0.02218809 -0.1563336 0.01309944 16014448 -0.01681234 -0.1207173 0.150972
-0.01535872 -0.1587478 0.01381934 16134556 -0.01102944 -0.1226492 0.1516032
-0.008442775 -0.1606759 0.01450369 16244660 -0.005256235 -0.1244102 0.1522748
-0.001418389 -0.1622411 0.01520459 16354759 0.0004128335 -0.1258196 0.1529594
-0.001418389 -0.1622411 0.01520459 16604985 0.0004128335 -0.1258196 0.1529594
0.01280019 -0.1642507 0.01623694 16825180 0.01137063 -0.1274611 0.1538986
0.01968951 -0.1647321 0.01642543 17055391 0.01705238 -0.1278965 0.1540569
0.03279763 -0.1638582 0.01636256 17275586 0.02841833 -0.1277491 0.1541421
0.03898561 -0.1626935 0.01629427 17495785 0.03359954 -0.1270192 0.1541514
0.0455581 -0.1609247 0.01609081 17726005 0.03847091 -0.1257289 0.153994
0.05177828 -0.15884 0.01581439 17946199 0.04314942 -0.1240204 0.1537252
0.0639613 -0.1529947 0.01513007 18186408 0.05260352 -0.1195739 0.1531892
0.06990531 -0.1494385 0.01481948 18386597 0.05722092 -0.1168373 0.152959
0.07537828 -0.1455369 0.01441391 18616800 0.06158382 -0.1138671 0.1526636
0.08645053 -0.1370675 0.0137185 18857013 0.06986837 -0.1072131 0.1520659
0.09158804 -0.1324761 0.01322204 19057202 0.07363784 -0.103606 0.1516076
0.1005752 -0.1229735 0.01207292 19287406 0.08043326 -0.0960894 0.1505569
0.1047846 -0.1181573 0.01159088 19527618 0.08344235 -0.09212665 0.1500581
0.1089605 -0.1130761 0.01111706 19727803 0.08628138 -0.08797053 0.1495426
0.1162103 -0.1025024 0.009993134 19958007 0.09179065 -0.07950597 0.148489
0.1198634 -0.09734563 0.009570044 20178206 0.09444252 -0.07518605 0.1480222
0.1232594 -0.09170358 0.00895962 20398404 0.09682982 -0.07063726 0.1473935
0.1288134 -0.08162384 0.007501762 20628620 0.1012794 -0.06200842 0.1459336
0.1316373 -0.07655326 0.006838908 20858832 0.1032963 -0.05767611 0.1452105
0.1338775 -0.07183174 0.006032253 21079018 0.1050785 -0.05347673 0.1443795
0.1377457 -0.06251542 0.003926745 21309226 0.1089943 -0.04538373 0.1424407
0.1398203 -0.05783776 0.003099072 21529425 0.1108706 -0.04138426 0.1416539
0.1413382 -0.05315284 0.002048686 21749624 0.1123778 -0.03742567 0.1406856
0.1450386 -0.04401628 0.0002113678 21989840 0.1151645 -0.02947585 0.138784
0.1465284 -0.03961698 -0.0006836472 22190021 0.1164125 -0.0256044 0.137891
0.1479453 -0.03506855 -0.001369596 22420233 0.1175839 -0.02181891 0.1372265
0.1505596 -0.02624885 -0.00246401 22640427 0.1196777 -0.01444534 0.1361478
0.1517232 -0.0221322 -0.002897665 22860626 0.120419 -0.01074389 0.1356542
0.1529451 -0.01825992 -0.003397326 23090838 0.1212376 -0.007178701 0.1350877
0.1549088 -0.01093189 -0.004219567 23331055 0.1232839 -0.0007000339 0.1343496
0.1555569 -0.007353462 -0.004650553 23541240 0.1242508 0.00216242 0.134042
0.1561601 -0.003661908 -0.005002166 23761451 0.1248974 0.005078398 0.1337512
0.1567727 0.002266132 -0.005735743 23981642 0.1257933 0.01037904 0.1331192
0.1568073 0.005061113 -0.005996398 24201837 0.12613 0.01263543 0.1329561
0.1565791 0.007716261 -0.006293863 24432048 0.1263991 0.01460715 0.132803
0.1565211 0.01249644 -0.006597185 24652247 0.1266264 0.01833364 0.1326095
0.1564069 0.01429363 -0.006613431 24872450 0.1265428 0.01998564 0.1326058
0.1558712 0.01633974 -0.00658029 25102649 0.1264624 0.02122112 0.1327666
0.1538574 0.01938625 -0.005753438 25322848 0.1256179 0.0225658 0.1338842
