0.1447115 0.0002959659 0.006559968 0 0.1364641 0.01007922 0.2369324
0.1449531 0.0002236614 0.00649026 120104 0.136477 0.01012553 0.2366832
0.1451529 0.0003264439 0.006162703 220194 0.1365104 0.0101438 0.2363199
0.1451529 0.0003264439 0.006162703 340311 0.1365104 0.0101438 0.2363199
0.1454166 0.0003482059 0.005724698 450406 0.1365148 0.01015893 0.2358317
0.1456892 1.950371E-05 0.005293295 560505 0.136544 0.01021645 0.2353111
0.1456892 1.950371E-05 0.005293295 680780 0.136544 0.01021645 0.2353111
0.145951 -0.0002700881 0.005053833 790709 0.1365754 0.01027106 0.2349222
0.1461488 -0.0004623779 0.004761234 900808 0.1365937 0.010273 0.2345637
0.1461488 -0.0004623779 0.004761234 1010908 0.1365937 0.010273 0.2345637
0.1462202 -0.0002891596 0.004452795 1121007 0.1365899 0.01015508 0.2343352
0.1462527 -0.0001979689 0.004230142 1241116 0.1365698 0.01000533 0.2341884
0.1462527 -0.0001979689 0.004230142 1341206 0.1365698 0.01000533 0.2341884
0.1463155 -0.0001081234 0.004194111 1461314 0.1365662 0.009900864 0.2341297
0.1462786 0.0002633066 0.004197225 1571418 0.1365892 0.009968954 0.2341817
0.1462786 0.0002633066 0.004197225 1681517 0.1365892 0.009968954 0.2341817
0.1460051 0.001304512 0.004283011 1791612 0.1364768 0.01021189 0.2345151
0.1457184 0.002548005 0.004501596 1901712 0.1363776 0.01070445 0.2349349
0.1457184 0.002548005 0.004501596 2021820 0.1363776 0.01070445 0.2349349
0.145331 0.004029987 0.004811183 2131919 0.136117 0.01155568 0.2354918
0.1448236 0.005818764 0.004879951 2242019 0.1356911 0.01277092 0.2359958
0.1448236 0.005818764 0.004879951 2372140 0.1356911 0.01277092 0.2359958
0.1441443 0.007900434 0.00477007 2462222 0.1352297 0.01437866 0.2365177
0.1432559 0.009856069 0.004333004 2572317 0.1344302 0.01615271 0.2369958
0.1432559 0.009856069 0.004333004 2692425 0.1344302 0.01615271 0.2369958
0.1425227 0.01212374 0.004073396 2802525 0.1336156 0.01819746 0.2374614
0.14149 0.01474066 0.003401875 2912632 0.1326271 0.02040024 0.2379044
0.14149 0.01474066 0.003401875 3022723 0.1326271 0.02040024 0.2379044
0.1405071 0.01794988 0.002626345 3142836 0.1313723 0.02277082 0.2382553
0.1394017 0.02132619 0.001628101 3242926 0.1299184 0.0254266 0.2385421
0.1394017 0.02132619 0.001628101 3363030 0.1299184 0.0254266 0.2385421
0.1383052 0.02481063 0.0007452667 3493148 0.1283841 0.02829781 0.238881
0.1370528 0.02869543 -0.0002505481 3583229 0.1267263 0.03132881 0.2392536
0.1370528 0.02869543 -0.0002505481 3693329 0.1267263 0.03132881 0.2392536
0.135784 0.03279915 -0.001168996 3803428 0.1249273 0.03438683 0.2396771
0.1343158 0.03729542 -0.002160728 3923536 0.1229759 0.03754241 0.2401802
0.1343158 0.03729542 -0.002160728 4033636 0.1229759 0.03754241 0.2401802
0.1327973 0.04208186 -0.003038898 4143739 0.1209993 0.04078722 0.2407662
0.1310099 0.04702578 -0.00390695 4253834 0.1188909 0.04411533 0.24152
0.1310099 0.04702578 -0.00390695 4363934 0.1188909 0.04411533 0.24152
0.1292953 0.05202888 -0.004631355 4484046 0.1167446 0.04756431 0.2422861
0.1273554 0.05709129 -0.005448878 4594141 0.1145238 0.051056 0.24311
0.1273554 0.05709129 -0.005448878 4704241 0.1145238 0.051056 0.24311
0.1245341 0.06177008 -0.007044762 4814344 0.1123735 0.05453845 0.2439459
0.1222391 0.06655752 -0.00800997 4924444 0.1098516 0.05783314 0.2448241
0.1222391 0.06655752 -0.00800997 5044548 0.1098516 0.05783314 0.2448241
0.1198966 0.07134314 -0.008973598 5154651 0.1071812 0.06083821 0.2456801
0.1170605 0.07603348 -0.01022844 5264747 0.1045755 0.06372388 0.2465764
0.1142644 0.08026284 -0.01122995 5374846 0.1020392 0.06638802 0.2475748
0.1142644 0.08026284 -0.01122995 5484949 0.1020392 0.06638802 0.2475748
0.1110494 0.08438191 -0.01238757 5605054 0.09949508 0.06875163 0.248628
0.1110494 0.08438191 -0.01238757 5715153 0.09949508 0.06875163 0.248628
0.1079724 0.08840445 -0.0132397 5825252 0.09687852 0.07083365 0.2497439
0.1040069 0.09288891 -0.01436262 5935352 0.09429771 0.07274383 0.251011
0.1040069 0.09288891 -0.01436262 6045451 0.09429771 0.07274383 0.251011
0.1005114 0.09663588 -0.0151452 6155559 0.09164538 0.07463571 0.252239
0.09690406 0.09983724 -0.01575708 6275655 0.08885222 0.07655688 0.2536271
0.09334885 0.1026202 -0.0160884 6385758 0.08605777 0.07841393 0.2551625
0.09334885 0.1026202 -0.0160884 6495866 0.08605777 0.07841393 0.2551625
0.08969755 0.1054142 -0.01622683 6605961 0.08323621 0.08029632 0.2568272
0.08969755 0.1054142 -0.01622683 6726069 0.08323621 0.08029632 0.2568272
0.08570077 0.1081951 -0.01613079 6826156 0.08030586 0.08213589 0.258761
0.08155677 0.110862 -0.01563589 6946264 0.07725794 0.08396887 0.2610124
0.08155677 0.110862 -0.01563589 7056363 0.07725794 0.08396887 0.2610124
0.07757719 0.1132908 -0.01467225 7166463 0.07430761 0.08588016 0.2635252
0.07388228 0.1153002 -0.01324317 7276562 0.07140312 0.08784764 0.2662886
0.07388228 0.1153002 -0.01324317 7386666 0.07140312 0.08784764 0.2662886
0.07010827 0.1172844 -0.01163888 7506774 0.06843431 0.08980998 0.2691716
0.06618601 0.1192221 -0.009885415 7626882 0.06554346 0.09167147 0.2721554
0.06618601 0.1192221 -0.009885415 7736986 0.06554346 0.09167147 0.2721554
0.06231041 0.1209173 -0.008180141 7837068 0.062581 0.09348901 0.275043
0.05904011 0.1222714 -0.006513968 7947171 0.05977326 0.09543931 0.2776969
0.05523327 0.1237506 -0.005126908 8087294 0.05661349 0.09730928 0.2802213
0.05523327 0.1237506 -0.005126908 8167370 0.05661349 0.09730928 0.2802213
0.05126445 0.1251834 -0.004001543 8287491 0.05354756 0.09925018 0.2825213
0.05126445 0.1251834 -0.004001543 8397574 0.05354756 0.09925018 0.2825213
0.04775751 0.1264759 -0.00284633 8507681 0.05051464 0.1011147 0.2846488
0.04415304 0.1275693 -0.001658738 8617781 0.04752221 0.1028465 0.286772
0.04087565 0.1285573 -0.0004341751 8737881 0.04462861 0.104383 0.288762
0.04087565 0.1285573 -0.0004341751 8847988 0.04462861 0.104383 0.288762
0.03748078 0.1296226 0.0006936938 8958084 0.04182345 0.1058687 0.2906116
0.03427873 0.1303872 0.001830384 9078192 0.03911223 0.1071503 0.2923783
0.03427873 0.1303872 0.001830384 9198296 0.03911223 0.1071503 0.2923783
0.03104916 0.1311018 0.002923638 9298387 0.03629278 0.1083375 0.2940483
0.0281599 0.1316583 0.003925517 9408490 0.03363009 0.10941 0.2955303
0.0281599 0.1316583 0.003925517 9528598 0.03363009 0.10941 0.2955303
0.02527534 0.1322521 0.004893214 9638694 0.03094103 0.1104332 0.2969162
0.02227591 0.1325282 0.00568971 9738784 0.02826862 0.1113221 0.2981549
0.02227591 0.1325282 0.00568971 9868902 0.02826862 0.1113221 0.2981549
0.01918945 0.1326865 0.006324962 9968992 0.0255906 0.1121679 0.2992233
0.01609022 0.1327757 0.006873488 10079091 0.02284695 0.11282 0.3001364
0.01609022 0.1327757 0.006873488 10209217 0.02284695 0.11282 0.3001364
0.01289419 0.1329685 0.007377267 10299294 0.02006572 0.1134237 0.3009232
0.009661634 0.1328757 0.007727772 10409393 0.0174238 0.1138705 0.3015299
0.009661634 0.1328757 0.007727772 10529502 0.0174238 0.1138705 0.3015299
0.006632514 0.1326217 0.008059144 10659615 0.01480636 0.1141915 0.3020547
0.003965965 0.1323129 0.008343965 10749696 0.01226488 0.114379 0.3024696
0.003965965 0.1323129 0.008343965 10859800 0.01226488 0.114379 0.3024696
0.001299561 0.1319699 0.008472607 10969895 0.009742307 0.1144258 0.3026826
-0.001409885 0.1320298 0.008583829 11079994 0.007186668 0.1143748 0.3027371
-0.001409885 0.1320298 0.008583829 11200107 0.007186668 0.1143748 0.3027371
-0.004145546 0.1319224 0.008467808 11310202 0.004709887 0.1140895 0.3025302
-0.006933867 0.1316918 0.008138031 11420302 0.002300252 0.1137517 0.3020942
-0.006933867 0.1316918 0.008138031 11530413 0.002300252 0.1137517 0.3020942
-0.009943464 0.1310443 0.007608816 11640504 -0.000100714 0.1133128 0.3014623
-0.01260322 0.1304824 0.006724209 11760609 -0.002378196 0.1127649 0.3004783
-0.01260322 0.1304824 0.006724209 11870712 -0.002378196 0.1127649 0.3004783
-0.01540533 0.1301598 0.005800635 11980828 -0.004708727 0.1119574 0.2993069
-0.0185807 0.1296537 0.004723176 12100920 -0.006991137 0.1109727 0.2978758
-0.02151551 0.1292189 0.003672346 12201014 -0.009358128 0.1098342 0.2964307
-0.02151551 0.1292189 0.003672346 12321123 -0.009358128 0.1098342 0.2964307
-0.02432997 0.1284153 0.002378568 12451240 -0.0115663 0.1087168 0.2948093
-0.02789229 0.1272097 0.001423255 12541313 -0.01375537 0.1074133 0.2932505
-0.02789229 0.1272097 0.001423255 12651413 -0.01375537 0.1074133 0.2932505
-0.03135303 0.1260551 0.0004467666 12761532 -0.01618814 0.1059137 0.2916123
-0.03493177 0.125373 -0.0004356056 12891629 -0.01820319 0.1045221 0.2898435
-0.03493177 0.125373 -0.0004356056 12991720 -0.01820319 0.1045221 0.2898435
-0.0383569 0.1244434 -0.001352102 13101819 -0.02044801 0.1029267 0.2880598
-0.04192642 0.1231173 -0.002074346 13231936 -0.02263043 0.1012686 0.286355
-0.04192642 0.1231173 -0.002074346 13322018 -0.02263043 0.1012686 0.286355
-0.04537873 0.1215588 -0.002892375 13462152 -0.02486969 0.09974252 0.2846082
-0.04877576 0.1199221 -0.003616706 13582253 -0.02702027 0.0981193 0.2828812
-0.04877576 0.1199221 -0.003616706 13692352 -0.02702027 0.0981193 0.2828812
-0.05211904 0.1181144 -0.004251197 13942582 -0.02913274 0.09635951 0.281188
-0.05559935 0.1162283 -0.00475283 14142762 -0.03123722 0.09442376 0.2794612
-0.06254397 0.1114537 -0.005308181 14362957 -0.03546087 0.0903695 0.2762698
-0.06559917 0.1088325 -0.005534664 14603174 -0.03737879 0.08835053 0.2748373
-0.06849574 0.1059531 -0.00564824 14813368 -0.03917495 0.08616564 0.2735161
-0.07231947 0.1010452 -0.007144719 15033562 -0.0426675 0.08144097 0.2708153
-0.07441391 0.09811842 -0.007272944 15263774 -0.0440888 0.07912722 0.2697946
-0.07840655 0.0917883 -0.007077113 15483973 -0.04688996 0.07448542 0.2681693
-0.08024727 0.08856525 -0.006828859 15704171 -0.0480822 0.0722219 0.2674991
-0.08182832 0.08534724 -0.006701142 15794257 -0.04922288 0.06985965 0.2668647
-0.08434359 0.08177561 -0.005301446 15894497 -0.05016933 0.06771605 0.2665203
-0.08434359 0.08177561 -0.005301446 16004459 -0.05016933 0.06771605 0.2665203
-0.08545253 0.07865503 -0.005369961 16114538 -0.05113687 0.06530467 0.2659693
-0.0869081 0.07544703 -0.00487861 16234654 -0.05194077 0.0629542 0.2655488
-0.0869081 0.07544703 -0.00487861 16344758 -0.05194077 0.0629542 0.2655488
-0.0880442 0.07214967 -0.004649058 16464862 -0.05276466 0.06037385 0.2651406
-0.08892147 0.06898217 -0.00481005 16564956 -0.05351301 0.0578642 0.2646104
-0.08892147 0.06898217 -0.00481005 16675048 -0.05351301 0.0578642 0.2646104
-0.09032804 0.06544551 -0.00426051 16815170 -0.05422334 0.05538563 0.2642152
-0.09134851 0.06229961 -0.004172966 16915268 -0.05505526 0.0530213 0.2637652
-0.09134851 0.06229961 -0.004172966 17025372 -0.05505526 0.0530213 0.2637652
-0.09250011 0.0584953 -0.004014671 17145476 -0.05575241 0.05051875 0.2632577
-0.09327614 0.05500563 -0.004099607 17235562 -0.05632477 0.0478947 0.262794
-0.09327614 0.05500563 -0.004099607 17355666 -0.05632477 0.0478947 0.262794
-0.0942641 0.0517603 -0.003926829 17465765 -0.05691722 0.04522267 0.2623407
-0.09492816 0.04840235 -0.004178077 17575857 -0.05741884 0.04233858 0.2618043
-0.09492816 0.04840235 -0.004178077 17685956 -0.05741884 0.04233858 0.2618043
-0.09584268 0.04447402 -0.003972173 17796055 -0.05774028 0.03936809 0.2613697
-0.09624925 0.04098989 -0.004182786 17916346 -0.05813459 0.03654563 0.2610258
-0.09624925 0.04098989 -0.004182786 18136374 -0.05813459 0.03654563 0.2610258
-0.09719171 0.0336969 -0.004433841 18276497 -0.05859348 0.03078898 0.2602823
-0.09719171 0.0336969 -0.004433841 18386596 -0.05859348 0.03078898 0.2602823
-0.09758626 0.03017198 -0.004676625 18636814 -0.05877915 0.02780634 0.2598704
-0.0979124 0.02322924 -0.005133867 18837177 -0.05894099 0.02187989 0.2593592
-0.09796384 0.01950925 -0.005278349 19067206 -0.05896288 0.01900784 0.2592287
-0.09775937 0.01556666 -0.005881324 19287421 -0.05891978 0.0161553 0.2589541
-0.09754386 0.01185493 -0.006156877 19507612 -0.05872188 0.01326731 0.2588744
-0.09685431 0.004750065 -0.006600499 19737808 -0.05823132 0.007415103 0.2589516
-0.09639755 0.001302052 -0.006780013 19968015 -0.05798478 0.004571598 0.2590956
-0.09542315 -0.005407571 -0.007071212 20178213 -0.05730394 -0.0008760886 0.2594247
-0.09503678 -0.008828329 -0.007106185 20428431 -0.05705149 -0.003470634 0.2596014
-0.09448153 -0.0119518 -0.007407799 20628611 -0.05671543 -0.005960815 0.2596967
-0.0937474 -0.01811812 -0.007758036 20848810 -0.05615187 -0.01094483 0.259816
-0.09346665 -0.02091357 -0.008161366 21079030 -0.05588152 -0.01324716 0.259658
-0.09321091 -0.02368005 -0.00836511 21309226 -0.05565035 -0.01544594 0.2596258
-0.09298418 -0.02933491 -0.008868083 21529424 -0.0551545 -0.01957705 0.2592664
-0.09291103 -0.03217258 -0.00920257 21759632 -0.05484286 -0.02157873 0.2589811
-0.09282712 -0.03482766 -0.00955148 21969822 -0.05462477 -0.02355555 0.2587189
-0.0928171 -0.03993881 -0.01046908 22210039 -0.05402214 -0.02742171 0.2579064
-0.09263962 -0.04270238 -0.01101923 22420232 -0.05369465 -0.02928217 0.2575291
-0.09249092 -0.04536952 -0.01148549 22640431 -0.05336551 -0.03116743 0.2571972
-0.0918244 -0.05092207 -0.01243864 22880644 -0.05247806 -0.03504993 0.2567098
-0.0914214 -0.05363737 -0.01265514 23090833 -0.05189441 -0.03702103 0.2566688
-0.09084827 -0.05621748 -0.01291929 23311032 -0.05122055 -0.03897624 0.2566967
-0.0894002 -0.06139526 -0.01347743 23551249 -0.05010043 -0.04281195 0.2569556
-0.08868616 -0.06414615 -0.01352163 23761443 -0.04957086 -0.04465747 0.2572193
-0.08775254 -0.06682844 -0.01368548 23981637 -0.04894881 -0.04649649 0.2575233
-0.08618605 -0.07194149 -0.01362073 24231863 -0.0477849 -0.05036345 0.2582554
-0.08533935 -0.07435575 -0.01367468 24432044 -0.04719917 -0.05225566 0.2586048
-0.08461843 -0.07693 -0.01361574 24672261 -0.0466551 -0.05416184 0.2589432
-0.08335561 -0.08211286 -0.01355302 24882450 -0.0456608 -0.05788344 0.2594627
-0.08267882 -0.08468623 -0.01357974 25102657 -0.04518363 -0.05964678 0.2596982
-0.0819286 -0.08709398 -0.01360269 25342878 -0.04467607 -0.06131544 0.2599784
-0.08052693 -0.09198641 -0.01349016 25543054 -0.04359116 -0.06467746 0.2605547
-0.07958083 -0.09446932 -0.01362498 25773254 -0.04304985 -0.06630901 0.2608407
-0.07764752 -0.09862664 -0.01349844 25993457 -0.04175634 -0.06928154 0.2617153
-0.0763765 -0.1006988 -0.01345058 26223665 -0.04104212 -0.07060841 0.2622755
-0.07484775 -0.1025463 -0.01348932 26443859 -0.04022831 -0.07183959 0.2629124
-0.07351587 -0.1042728 -0.01320708 26664066 -0.03931161 -0.07311693 0.2636538
-0.06996777 -0.1075767 -0.012917 26884269 -0.03717063 -0.07556315 0.2653577
-0.06791256 -0.1091114 -0.01287766 27134482 -0.0360066 -0.07669841 0.2662493
-0.06377381 -0.1119938 -0.0128012 27334675 -0.03338657 -0.07897113 0.2679566
-0.06186075 -0.1133992 -0.01265 27574880 -0.03213942 -0.08009878 0.2687952
-0.05971549 -0.114482 -0.01276627 27795079 -0.03071416 -0.08095477 0.2695075
-0.05559836 -0.1174133 -0.01257773 28015273 -0.02793093 -0.08274429 0.2709861
-0.05379478 -0.1184041 -0.0124121 28225487 -0.02648153 -0.08361354 0.2716942
-0.05164376 -0.119777 -0.01234604 28455675 -0.02509958 -0.0846682 0.2724446
-0.04755274 -0.1223282 -0.0120361 28685883 -0.02209892 -0.08639752 0.2738414
-0.04535586 -0.1234612 -0.01190181 28906089 -0.02059262 -0.08725206 0.2745726
-0.04342412 -0.1249624 -0.0116152 29126284 -0.01914565 -0.08812169 0.2752351
-0.03914417 -0.1266031 -0.01128384 29346483 -0.01615883 -0.08964343 0.2766583
-0.03723664 -0.1278501 -0.01101014 29576695 -0.01477494 -0.09046139 0.2772808
-0.03535913 -0.1285661 -0.01085313 29796885 -0.01334925 -0.09106934 0.2778347
-0.03171362 -0.1302508 -0.01057382 30037110 -0.01061614 -0.09228025 0.2787879
-0.03007608 -0.1308343 -0.01036876 30247296 -0.009286821 -0.09283775 0.279276
-0.0280487 -0.1318813 -0.01044917 30477503 -0.007850844 -0.09334197 0.2795234
-0.02448867 -0.1330582 -0.01016346 30717716 -0.005187306 -0.09441606 0.2803831
-0.02271861 -0.1335232 -0.009938911 30917917 -0.003748613 -0.09495287 0.280858
-0.02070079 -0.1339054 -0.00989899 31148104 -0.002296013 -0.09536118 0.2812172
-0.01703794 -0.1345636 -0.009429231 31378312 0.000536085 -0.09635396 0.2821582
-0.01528775 -0.1350207 -0.009152472 31588502 0.001967846 -0.0967693 0.2825706
-0.01348113 -0.1353937 -0.008925691 31808705 0.003422889 -0.09720153 0.2829545
-0.009762497 -0.1359 -0.008336008 32038912 0.006218954 -0.09818671 0.2838796
-0.007474073 -0.1363185 -0.008026987 32259111 0.007815661 -0.09867062 0.2843286
-0.005832522 -0.1364162 -0.007620499 32499332 0.009294493 -0.09911119 0.2848059
-0.001817958 -0.13715 -0.007197931 32709522 0.01208819 -0.1001729 0.2854257
-0.0003995584 -0.1374863 -0.006931767 32929712 0.01354512 -0.1006833 0.2856805
0.001325861 -0.1379855 -0.006844625 33169929 0.01493581 -0.1011881 0.2857773
0.003775943 -0.1391434 -0.006684437 33370110 0.01756092 -0.1022241 0.285823
0.005424342 -0.1398643 -0.006762519 33600317 0.01889731 -0.1027163 0.2856932
0.008537738 -0.1417218 -0.007186264 33830537 0.02125854 -0.1039803 0.285165
0.009944788 -0.1427405 -0.007440314 34040715 0.02253754 -0.1045919 0.2848072
0.01037119 -0.1434196 -0.007513106 34300954 0.0237308 -0.1052897 0.2846575
0.01293397 -0.1455951 -0.007987812 34491121 0.02616601 -0.1068779 0.2839885
0.01419131 -0.1466904 -0.008177951 34731338 0.0274012 -0.1076396 0.2836662
0.01638154 -0.1476089 -0.008416131 34941528 0.02856674 -0.1083867 0.2833332
0.01885181 -0.1489058 -0.008569419 35161727 0.03101208 -0.1096898 0.2829516
0.01988146 -0.1494798 -0.008640453 35391934 0.03222765 -0.1101567 0.2827327
0.0214041 -0.1503105 -0.008714005 35612137 0.03348206 -0.1105607 0.2824142
0.02460285 -0.1516443 -0.008966073 35852350 0.03590965 -0.1112021 0.2816817
0.02610431 -0.1521223 -0.00901635 36062539 0.03721567 -0.1115031 0.2813852
0.0279567 -0.1525742 -0.009138331 36312765 0.03853132 -0.1117699 0.2809868
0.03146231 -0.1535963 -0.009711847 36522951 0.04116799 -0.1122696 0.279861
0.03328573 -0.1544832 -0.01012829 36733145 0.04249679 -0.1125214 0.2790824
0.03503681 -0.1553251 -0.01065573 36983374 0.04379342 -0.1128015 0.2782297
0.03847972 -0.1571587 -0.01198147 37193564 0.04639101 -0.1134687 0.2762748
0.04029538 -0.1584226 -0.01272517 37413759 0.04764773 -0.1138164 0.2751348
0.04100013 -0.159914 -0.01362255 37623953 0.04897197 -0.1141937 0.2740086
0.04388737 -0.1630625 -0.01543172 37884191 0.05129312 -0.1151979 0.2715415
0.04538498 -0.1648328 -0.01627682 38114391 0.05249415 -0.115763 0.2703057
0.04672697 -0.166461 -0.01707225 38294558 0.05360454 -0.1162986 0.2691608
0.04943422 -0.1693235 -0.01833472 38524761 0.05585707 -0.1171631 0.2671227
0.05073112 -0.1702975 -0.0187173 38764978 0.05690765 -0.1174247 0.2663468
0.05202412 -0.1714613 -0.01903278 38975172 0.05794461 -0.1176537 0.2655671
0.05412916 -0.1729091 -0.0195643 39215389 0.06011606 -0.1178841 0.2642794
0.05516825 -0.1734824 -0.01971915 39415569 0.06111443 -0.1180178 0.2637527
0.05670654 -0.1738807 -0.01967593 39645773 0.06211711 -0.1181139 0.263271
0.05912225 -0.1741465 -0.01956341 39976075 0.06421553 -0.1184087 0.2625768
0.06162907 -0.1736896 -0.01894534 40196274 0.06647909 -0.11871 0.2623115
0.06331237 -0.1729064 -0.01834491 40416473 0.067701 -0.1187534 0.2623308
0.06487982 -0.1717351 -0.01762652 40656685 0.06891967 -0.1187531 0.2625174
0.06796812 -0.1694272 -0.01583458 40886897 0.07158506 -0.118643 0.2630413
0.06947615 -0.1680336 -0.01486644 41097083 0.07299291 -0.1184796 0.2633581
0.07289159 -0.1644379 -0.01268117 41337304 0.07591665 -0.1179997 0.2641054
0.07466664 -0.1625732 -0.01145163 41547493 0.07745417 -0.1176759 0.264504
0.07655585 -0.1603721 -0.01018937 41777697 0.07910141 -0.1172373 0.264896
0.08013824 -0.1566903 -0.008039728 42007909 0.08219355 -0.1163053 0.2652738
0.08180781 -0.1549276 -0.007187545 42228103 0.0837178 -0.1157265 0.2652886
0.08351427 -0.1533652 -0.00649108 42448302 0.08510377 -0.1151077 0.2651195
0.08653189 -0.1510261 -0.005595535 42658500 0.08798896 -0.1136783 0.2643511
0.08813576 -0.1501499 -0.005265146 42878703 0.0892847 -0.1130537 0.2637877
0.08976661 -0.1492767 -0.00498493 43098897 0.09055743 -0.1125604 0.263193
0.09121861 -0.1485277 -0.004908711 43329105 0.09198214 -0.1120433 0.2624956
0.09431212 -0.147222 -0.004999533 43569326 0.09438382 -0.1113095 0.2608664
0.0961878 -0.1464798 -0.005004734 43779653 0.09553634 -0.1109438 0.2599104
0.09867442 -0.1459688 -0.005436495 43999702 0.09778824 -0.1100658 0.2581127
0.1002514 -0.1453945 -0.005300075 44220063 0.0988712 -0.1096137 0.2573141
0.1013579 -0.1451585 -0.005401045 44460126 0.1001071 -0.1091233 0.256518
0.1042254 -0.1434796 -0.00510399 44780407 0.1022473 -0.1083377 0.2551759
0.1056287 -0.1425181 -0.005026639 45030632 0.1032507 -0.1078636 0.2544717
0.1076969 -0.141458 -0.005235866 45250839 0.1051865 -0.1068203 0.2530375
0.1092232 -0.1404294 -0.005082354 45461021 0.1060674 -0.1061805 0.2522686
0.1110452 -0.1397338 -0.005549133 45701238 0.1077216 -0.1050506 0.2507135
0.1122352 -0.1389684 -0.005697221 45901422 0.1084051 -0.1044784 0.2499117
0.1134725 -0.1384073 -0.005813301 46131626 0.1090541 -0.1039612 0.2490669
0.115243 -0.1372989 -0.006274387 46351833 0.1104411 -0.1026504 0.2475815
0.116306 -0.1366067 -0.006311834 46572226 0.1110354 -0.1020534 0.2468881
0.1174331 -0.1356308 -0.006271437 46822249 0.1116679 -0.1013789 0.2462334
0.1194528 -0.1330369 -0.006294116 47012429 0.1129479 -0.09961959 0.2450297
0.1205124 -0.1316824 -0.006216466 47242629 0.1135293 -0.09858233 0.2444236
0.121133 -0.1303216 -0.006307796 47482845 0.1141254 -0.09757288 0.2439964
0.1232388 -0.1270901 -0.0060675 47683030 0.1152663 -0.09534512 0.242886
0.124063 -0.1252167 -0.005980104 47913234 0.1158794 -0.09399847 0.24245
0.1247716 -0.1237191 -0.00592348 48163460 0.1164029 -0.09269546 0.2420134
0.1263692 -0.120388 -0.005453438 48363640 0.1175384 -0.09002662 0.2412647
0.1268743 -0.1184396 -0.005346641 48593848 0.1182079 -0.08867995 0.2410475
0.1279949 -0.1163142 -0.004649535 48804046 0.1188161 -0.08730836 0.2407901
0.1292288 -0.1120139 -0.00373064 49034245 0.120089 -0.08446204 0.2406487
0.1300688 -0.109648 -0.002975449 49274462 0.1208054 -0.08308633 0.2406319
0.1314066 -0.1050095 -0.00169979 49474643 0.1222617 -0.08009069 0.2406253
0.1322223 -0.1023441 -0.0009020716 49694850 0.1229783 -0.07853476 0.2406519
0.1327979 -0.0999941 -0.0003113002 49945071 0.1236256 -0.07689707 0.2406635
0.1342208 -0.09526227 0.000926584 50145248 0.1249772 -0.07368591 0.2405231
0.1348389 -0.0929709 0.001400292 50365455 0.1256288 -0.07202658 0.2404117
0.135452 -0.09096025 0.001820236 50615673 0.1262075 -0.07035262 0.2402268
0.1368218 -0.0867387 0.002636179 50835871 0.1273155 -0.06725965 0.2397969
0.1374259 -0.08480059 0.002811596 51046065 0.1277844 -0.06576564 0.239488
0.1380414 -0.08294694 0.002931148 51296295 0.1283149 -0.06419615 0.2391094
0.1393413 -0.07954598 0.002985507 51486458 0.1291072 -0.06129575 0.2381851
0.1399009 -0.07793107 0.00292547 51716662 0.1295314 -0.0599251 0.2377369
0.1404832 -0.07639129 0.002832949 51966892 0.1299555 -0.05860213 0.2372466
0.141504 -0.07316449 0.002623335 52157064 0.1306098 -0.05587199 0.2363752
0.1419506 -0.07153614 0.002433345 52517389 0.1309253 -0.05438926 0.2359247
0.1427293 -0.06759651 0.002270371 52747601 0.1313174 -0.05122927 0.235309
0.1431749 -0.06571496 0.00224337 52947777 0.1315595 -0.04953281 0.2349589
0.1440608 -0.06166505 0.00228484 53177985 0.1317388 -0.04596994 0.2343421
0.1443732 -0.05977716 0.001966804 53408193 0.1317568 -0.04417303 0.2339231
0.1446448 -0.05802798 0.001424909 53618386 0.1317394 -0.04241971 0.2333955
0.1455277 -0.0543781 0.0008028299 53878617 0.1317164 -0.03900818 0.2323675
0.1460811 -0.05243488 0.0006806701 54188897 0.1317334 -0.03746762 0.2319037
0.1468026 -0.04884479 0.0001056492 54399091 0.1317612 -0.03459842 0.2310732
0.1472051 -0.04719602 -0.0001977384 54629299 0.131789 -0.0331266 0.2305948
0.1481909 -0.04374143 -0.00054726 54869511 0.1319139 -0.03015257 0.2296515
0.1485987 -0.04214742 -0.0007122904 55069692 0.1319442 -0.02878785 0.2292519
0.1489584 -0.04064958 -0.0008002371 55309909 0.1321079 -0.02750075 0.228927
0.149831 -0.03744018 -0.0006401241 55670234 0.1325493 -0.02493203 0.2283613
0.150543 -0.03453083 -0.0005068481 55990523 0.1329737 -0.02234975 0.2278773
0.1513198 -0.03176466 -0.0002417415 56190704 0.1335489 -0.02009336 0.2274222
0.1517996 -0.03076545 3.731251E-05 56430920 0.1339188 -0.01915313 0.227183
0.1523937 -0.02970684 0.0003421009 56651119 0.1342815 -0.01833113 0.2268775
0.1533767 -0.0281118 0.0006859303 56861313 0.1350306 -0.01717382 0.2262729
0.1541511 -0.02712036 0.001050457 57191611 0.1354888 -0.01663356 0.2258559
0.1555308 -0.02572695 0.0014292 57531914 0.1363596 -0.01567171 0.2249198
0.1568021 -0.02318159 0.001531214 57872221 0.1371249 -0.01436516 0.2239696
0.157686 -0.02010258 0.0017533 58132456 0.1379157 -0.0122077 0.2233758
0.1581884 -0.0175373 0.002161607 58442736 0.1386595 -0.009248818 0.2231246
0.1582619 -0.01614952 0.002348423 58652930 0.1389553 -0.007725141 0.2231458
0.1579747 -0.01305748 0.002468571 58873124 0.1395745 -0.004927457 0.223452
0.1576171 -0.01164131 0.002549484 59203422 0.1397642 -0.003550805 0.223795
0.1574778 -0.009141787 0.004405364 59453652 0.1403499 -0.001104699 0.2249199
0.1572336 -0.007800801 0.005091175 59653841 0.1405545 -0.0002312168 0.2255283
0.1567184 -0.005271171 0.006338835 59904055 0.1409923 0.001326247 0.2267013
0.1565588 -0.00422288 0.007166773 60104243 0.141146 0.002169012 0.2273035
0.1560577 -0.001892125 0.008290499 60324438 0.1413321 0.003851629 0.2283896
0.1559214 -0.0007604298 0.008675858 60554642 0.1414042 0.004521864 0.2287406
0.1557949 8.828841E-05 0.008899942 60884940 0.1415094 0.005200515 0.2289812
0.1552979 0.001554212 0.00887689 61115148 0.1415411 0.006746844 0.2294058
0.1548513 0.002518299 0.008310303 61355364 0.1413644 0.008117923 0.2294719
0.1543986 0.002954876 0.007896692 61695672 0.1412618 0.008802268 0.2296263
0.1530895 0.003284822 0.007241026 61895860 0.1407736 0.00980809 0.2303665
0.1518173 0.003255292 0.007161871 62226158 0.1404953 0.01011575 0.2313986
0.1481696 0.003581465 0.009725109 62446353 0.1399752 0.01047311 0.2360429
