0.1463146 -0.00132323 0.004179567 0 0.2224421 0.0106945 0.1988444
0.1455827 -0.001192916 0.0041302 110099 0.2224031 0.0108788 0.1990315
0.1455827 -0.001192916 0.0041302 220198 0.2224031 0.0108788 0.1990315
0.1450355 -0.000694414 0.003833473 340307 0.2222919 0.01115393 0.1989299
0.144542 -0.0004458564 0.003541216 450406 0.222099 0.01150989 0.1988479
0.144542 -0.0004458564 0.003541216 560505 0.222099 0.01150989 0.1988479
0.1441601 -0.0001507346 0.003240928 670605 0.2218302 0.01197886 0.1987811
0.1439057 0.0003251227 0.002805084 780704 0.221461 0.01250314 0.1986035
0.1439057 0.0003251227 0.002805084 900812 0.221461 0.01250314 0.1986035
0.1438341 0.001426655 0.002335221 1010912 0.2211157 0.01325559 0.1983554
0.1432444 0.002364443 0.001962841 1121011 0.2207776 0.01418924 0.1983255
0.1432444 0.002364443 0.001962841 1231111 0.2207776 0.01418924 0.1983255
0.1430621 0.003282802 0.001717389 1341210 0.2203667 0.01542734 0.1983853
0.1429821 0.00471965 0.001606613 1461318 0.2199146 0.01700246 0.198655
0.1429821 0.00471965 0.001606613 1571418 0.2199146 0.01700246 0.198655
0.1427586 0.006377395 0.001560166 1681529 0.2194811 0.01866173 0.1990448
0.1425125 0.008106322 0.001564488 1791616 0.2190893 0.02018976 0.1994919
0.1425125 0.008106322 0.001564488 1901716 0.2190893 0.02018976 0.1994919
0.1420635 0.01006786 0.001512289 2031841 0.2186123 0.02185225 0.2000021
0.1414612 0.01199547 0.001358211 2131928 0.217983 0.02370405 0.2005248
0.1414612 0.01199547 0.001358211 2242027 0.217983 0.02370405 0.2005248
0.1408383 0.01405726 0.001330763 2352122 0.2173298 0.02559339 0.2012477
0.1405715 0.01661033 0.001260474 2462222 0.2166066 0.02760767 0.2019193
0.1405715 0.01661033 0.001260474 2582334 0.2166066 0.02760767 0.2019193
0.140253 0.01941339 0.00120081 2692429 0.2158481 0.02980256 0.2026471
0.139362 0.02189631 0.001101315 2822547 0.2151939 0.03238773 0.2033034
0.1386901 0.02437979 0.0009175986 2912628 0.2143916 0.03508019 0.2039056
0.1386901 0.02437979 0.0009175986 3022735 0.2143916 0.03508019 0.2039056
0.1379726 0.02713242 0.0007285178 3152849 0.2135984 0.03788459 0.2045136
0.1373188 0.03001021 0.0005100667 3252939 0.2126891 0.04070114 0.2051724
0.1373188 0.03001021 0.0005100667 3363051 0.2126891 0.04070114 0.2051724
0.1368543 0.03321065 0.0003916472 3493152 0.2117515 0.04366135 0.2059519
0.1361972 0.03593018 0.0003256202 3583233 0.2108216 0.04670643 0.2067776
0.1361972 0.03593018 0.0003256202 3693341 0.2108216 0.04670643 0.2067776
0.135729 0.03918567 0.0002291799 3803436 0.2098501 0.04989909 0.2075833
0.135729 0.03918567 0.0002291799 3923540 0.2098501 0.04989909 0.2075833
0.1350372 0.04246846 0.0002127439 4033644 0.2088642 0.05317806 0.2085455
0.1343034 0.04587523 0.0001580566 4143751 0.2078001 0.05652284 0.2095292
0.1343034 0.04587523 0.0001580566 4253838 0.2078001 0.05652284 0.2095292
0.1335508 0.04936295 0.0001438558 4363950 0.206744 0.06001662 0.2105473
0.1324516 0.05290306 5.865097E-05 4484050 0.2056646 0.06351756 0.2115694
0.1314383 0.05626969 -2.267957E-05 4594145 0.2045144 0.0670644 0.2126004
0.1314383 0.05626969 -2.267957E-05 4704249 0.2045144 0.0670644 0.2126004
0.1301169 0.05971493 -0.0001222193 4814348 0.2032748 0.07068896 0.2137355
0.1288954 0.06293643 -0.0002341717 4934457 0.2020203 0.07438182 0.2147985
0.1288954 0.06293643 -0.0002341717 5044552 0.2020203 0.07438182 0.2147985
0.1270916 0.06605341 -0.000457406 5154655 0.2006521 0.07804321 0.2158995
0.1254609 0.06953295 -0.0006246418 5264751 0.1993274 0.08177255 0.2170085
0.1254609 0.06953295 -0.0006246418 5384859 0.1993274 0.08177255 0.2170085
0.1235938 0.07292078 -0.0008408427 5484966 0.1978794 0.0853219 0.2181767
0.1216327 0.07649166 -0.001075387 5595049 0.196325 0.08881771 0.2194154
0.1216327 0.07649166 -0.001075387 5705156 0.196325 0.08881771 0.2194154
0.1196472 0.07995286 -0.00111492 5825277 0.1947803 0.09235023 0.2208576
0.1175341 0.08316851 -0.001127705 5945369 0.1930366 0.09582137 0.2224526
0.1175341 0.08316851 -0.001127705 6045455 0.1930366 0.09582137 0.2224526
0.1151831 0.08609706 -0.0009812117 6155559 0.1912328 0.09938048 0.2242489
0.1127803 0.08923828 -0.0008077919 6285676 0.1894244 0.1029725 0.2260652
0.1127803 0.08923828 -0.0008077919 6385937 0.1894244 0.1029725 0.2260652
0.1103 0.0923048 -0.0006039441 6495862 0.1876637 0.1063547 0.2278612
0.1077376 0.09558119 -0.0004233569 6625979 0.1857861 0.109694 0.2297041
0.1077376 0.09558119 -0.0004233569 6716060 0.1857861 0.109694 0.2297041
0.1051686 0.09869239 -0.0003034472 6826160 0.1836984 0.1128011 0.2315843
0.1024393 0.1016946 -0.0001214147 6966294 0.1816432 0.1157347 0.233479
0.1024393 0.1016946 -0.0001214147 7056546 0.1816432 0.1157347 0.233479
0.09953225 0.1041212 0.0001932234 7166475 0.1795642 0.118551 0.2354504
0.09669141 0.1061662 0.0006641895 7276570 0.177399 0.121273 0.2375963
0.09669141 0.1061662 0.0006641895 7386665 0.177399 0.121273 0.2375963
0.09391946 0.1078266 0.001305491 7496765 0.1751355 0.124052 0.2399258
0.09118804 0.1095862 0.001905516 7616881 0.1727904 0.1267567 0.2422215
0.09118804 0.1095862 0.001905516 7736990 0.1727904 0.1267567 0.2422215
0.08833678 0.1113644 0.002585948 7837080 0.170447 0.1292029 0.2445879
0.08556784 0.112918 0.003211975 7957180 0.1681902 0.1315377 0.2467397
0.08556784 0.112918 0.003211975 8077289 0.1681902 0.1315377 0.2467397
0.0826514 0.1139663 0.003813818 8177383 0.1658351 0.1337924 0.2487822
0.07979652 0.1149121 0.004306257 8287482 0.1634557 0.1359234 0.25063
0.07979652 0.1149121 0.004306257 8397582 0.1634557 0.1359234 0.25063
0.07699049 0.1158484 0.004489854 8507677 0.1610636 0.1379081 0.2520232
0.07412982 0.116813 0.004561916 8617785 0.1588243 0.1397201 0.2530978
0.07412982 0.116813 0.004561916 8727896 0.1588243 0.1397201 0.2530978
0.07131283 0.117535 0.004476622 8847988 0.1565709 0.1411503 0.2539258
0.06866457 0.1181925 0.004135489 8958088 0.1542517 0.1424343 0.2544402
0.06866457 0.1181925 0.004135489 9068183 0.1542517 0.1424343 0.2544402
0.06591852 0.1183718 0.003793076 9198300 0.1520094 0.1436393 0.2547178
0.06320109 0.1186213 0.003249824 9288382 0.1496747 0.1446923 0.2547665
0.06320109 0.1186213 0.003249824 9408494 0.1496747 0.1446923 0.2547665
0.06045407 0.1189577 0.002590895 9518589 0.1472392 0.1454911 0.254727
0.05761128 0.119214 0.001953512 9628689 0.1447144 0.1460769 0.2547172
0.05761128 0.119214 0.001953512 9738788 0.1447144 0.1460769 0.2547172
0.05505122 0.1190405 0.001403734 9848896 0.1421183 0.1464749 0.2548784
0.05252478 0.1187871 0.001122281 9968992 0.1394715 0.1467377 0.255431
0.05252478 0.1187871 0.001122281 10079103 0.1394715 0.1467377 0.255431
0.05012726 0.1183703 0.0009892285 10189203 0.1367315 0.1468921 0.2562565
0.04749095 0.1179318 0.001091555 10309303 0.1338908 0.1470415 0.2573277
0.04488287 0.1174577 0.001206473 10409393 0.1310174 0.1472857 0.2583615
0.04488287 0.1174577 0.001206473 10519501 0.1310174 0.1472857 0.2583615
0.04203063 0.1169579 0.001415774 10639601 0.128156 0.1475191 0.2593323
0.04203063 0.1169579 0.001415774 10749704 0.128156 0.1475191 0.2593323
0.03927098 0.1162837 0.001680329 10869825 0.1252557 0.1475708 0.2603884
0.03686773 0.1159914 0.00172317 10989946 0.1223111 0.1476467 0.2613982
0.03445034 0.115665 0.001906425 11079998 0.1194278 0.1477568 0.2624745
0.03445034 0.115665 0.001906425 11200115 0.1194278 0.1477568 0.2624745
0.03211502 0.1155587 0.002096251 11310206 0.1165241 0.1479921 0.2635954
0.03211502 0.1155587 0.002096251 11420306 0.1165241 0.1479921 0.2635954
0.02982481 0.1156563 0.00216426 11530405 0.1135697 0.1483383 0.2645943
0.02767337 0.1160166 0.001915023 11650534 0.1105123 0.1487413 0.2653382
0.02527571 0.1166258 0.001681492 11750604 0.1074755 0.1492674 0.2659449
0.02527571 0.1166258 0.001681492 11870712 0.1074755 0.1492674 0.2659449
0.02256924 0.1171886 0.001388118 11980819 0.104286 0.1498495 0.2663344
0.02006851 0.1178828 0.0008309633 12090911 0.1009871 0.1506346 0.26651
0.02006851 0.1178828 0.0008309633 12211019 0.1009871 0.1506346 0.26651
0.01742572 0.1185534 0.0004740804 12311118 0.09775997 0.1513996 0.2667653
0.0150655 0.1195921 -0.0001273602 12451236 0.09444479 0.1521107 0.2670119
0.0150655 0.1195921 -0.0001273602 12541317 0.09444479 0.1521107 0.2670119
0.01273058 0.1205732 -0.0006406009 12651425 0.09123707 0.1526961 0.2672918
0.01017817 0.1215302 -0.001092792 12791547 0.08795261 0.1532398 0.2675358
0.01017817 0.1215302 -0.001092792 12871615 0.08795261 0.1532398 0.2675358
0.007660525 0.1221317 -0.001561597 12991724 0.0847188 0.153821 0.2675927
0.005063714 0.1227941 -0.001924068 13101823 0.08162541 0.1545492 0.2675749
0.005063714 0.1227941 -0.001924068 13211922 0.08162541 0.1545492 0.2675749
0.002626533 0.1234127 -0.00237228 13322030 0.07849268 0.155158 0.2675579
0.0003873113 0.124197 -0.002956331 13432125 0.07537774 0.1555887 0.2675486
0.0003873113 0.124197 -0.002956331 13562239 0.07537774 0.1555887 0.2675486
-0.001907158 0.1250158 -0.00352934 13662333 0.07230145 0.1559946 0.2674776
-0.004388649 0.125688 -0.004059225 13782441 0.06908009 0.1563318 0.2673774
-0.004388649 0.125688 -0.004059225 13882532 0.06908009 0.1563318 0.2673774
-0.006878788 0.1257582 -0.004440412 13992635 0.06575293 0.1566212 0.2673244
-0.009397249 0.1254931 -0.004656777 14102734 0.06243933 0.1568942 0.2673104
-0.009397249 0.1254931 -0.004656777 14213012 0.06243933 0.1568942 0.2673104
-0.01195134 0.124683 -0.004513025 14342943 0.05921574 0.1569525 0.2675099
-0.01425624 0.1237096 -0.004232079 14443033 0.05602918 0.1568136 0.2679749
-0.01425624 0.1237096 -0.004232079 14553133 0.05602918 0.1568136 0.2679749
-0.01674692 0.1226734 -0.003768981 14663240 0.0526817 0.1566226 0.2685718
-0.01917751 0.12154 -0.003240123 14773335 0.04925526 0.1564593 0.2692345
-0.01917751 0.12154 -0.003240123 14883443 0.04925526 0.1564593 0.2692345
-0.02170953 0.1201771 -0.002487138 15023557 0.04575334 0.1561838 0.2700333
-0.02432093 0.1186101 -0.001463518 15113639 0.0423703 0.1556361 0.2709754
-0.02432093 0.1186101 -0.001463518 15223746 0.0423703 0.1556361 0.2709754
-0.02672763 0.1170193 -0.0004026145 15333849 0.03899513 0.1550028 0.2720445
-0.02890098 0.1154867 0.0005251318 15453946 0.03550861 0.154406 0.273126
-0.02890098 0.1154867 0.0005251318 15574054 0.03550861 0.154406 0.273126
-0.03112838 0.1136529 0.00164026 15674144 0.03189097 0.1541588 0.2741698
-0.03326982 0.1117551 0.002717137 15784244 0.02841605 0.1537831 0.2751041
-0.03326982 0.1117551 0.002717137 15894343 0.02841605 0.1537831 0.2751041
-0.03545084 0.1105611 0.003593013 16004451 0.02501876 0.1531169 0.2760123
-0.03766484 0.1092694 0.004374564 16124555 0.02168251 0.1521875 0.2767569
-0.03766484 0.1092694 0.004374564 16234650 0.02168251 0.1521875 0.2767569
-0.03999165 0.1076971 0.00515832 16344754 0.01839338 0.151347 0.2772173
-0.04218367 0.1065212 0.005675778 16454849 0.01518778 0.1503804 0.2775735
-0.04218367 0.1065212 0.005675778 16574965 0.01518778 0.1503804 0.2775735
-0.04432431 0.1049304 0.006209955 16685065 0.01202617 0.1494758 0.277758
-0.04625072 0.1029906 0.006814659 16795156 0.009050561 0.1484923 0.277953
-0.04625072 0.1029906 0.006814659 16905255 0.009050561 0.1484923 0.277953
-0.04834479 0.1016565 0.007271975 17015359 0.006140544 0.1471846 0.2781083
-0.05017538 0.1000697 0.00761728 17135463 0.003310188 0.1456573 0.2782627
-0.05017538 0.1000697 0.00761728 17235562 0.003310188 0.1456573 0.2782627
-0.05190183 0.09895486 0.007810563 17345653 0.0006106044 0.1442466 0.2783759
-0.05355586 0.09706908 0.008160323 17475778 -0.002055302 0.1425433 0.2784916
-0.05355586 0.09706908 0.008160323 17585870 -0.002055302 0.1425433 0.2784916
-0.05498612 0.09563047 0.008189291 17695973 -0.004504487 0.1409464 0.2784598
-0.05639492 0.0942286 0.008257642 17826086 -0.006803796 0.1393146 0.2784244
-0.05778793 0.09262563 0.00837709 17926177 -0.009169801 0.1376021 0.2784162
-0.05778793 0.09262563 0.00837709 18036280 -0.009169801 0.1376021 0.2784162
-0.05909293 0.09148782 0.008235365 18166393 -0.01131318 0.1360872 0.2782072
-0.06032231 0.08971311 0.008431733 18266484 -0.01336093 0.1343236 0.2781991
-0.06032231 0.08971311 0.008431733 18386592 -0.01336093 0.1343236 0.2781991
-0.06143008 0.08827205 0.00839816 18516710 -0.01539682 0.1326566 0.278123
-0.06216477 0.08672286 0.008264169 18616800 -0.01732521 0.1308722 0.2781845
-0.06216477 0.08672286 0.008264169 18867026 -0.01732521 0.1308722 0.2781845
-0.06365615 0.0823817 0.008962467 19067214 -0.02106993 0.1269326 0.2788313
-0.06426267 0.08089221 0.008905739 19287409 -0.02273358 0.1251011 0.2789614
-0.06512183 0.0787718 0.009172365 19527622 -0.02434043 0.122985 0.2790577
-0.06655853 0.07502055 0.009239286 19737812 -0.02682824 0.1186944 0.2789401
-0.0671538 0.07268472 0.00918214 19968177 -0.02792118 0.1163922 0.2787349
-0.06767483 0.07061833 0.008924469 20198235 -0.02871601 0.1141746 0.2783669
-0.0688431 0.06638856 0.008069828 20408421 -0.03000439 0.1090174 0.2773276
-0.06923589 0.06420478 0.007438481 20628615 -0.03048013 0.1061888 0.2767742
-0.06957663 0.06191597 0.006761983 20858827 -0.03084825 0.1033974 0.2761483
-0.07050046 0.05668699 0.005539358 21079030 -0.03124137 0.09778617 0.2745602
-0.07096791 0.05431282 0.004756376 21329252 -0.03137274 0.09483158 0.2737227
-0.07235727 0.0492957 0.003639013 21519419 -0.03189359 0.08889174 0.2721287
-0.07274114 0.04662006 0.00302881 21759636 -0.03218831 0.0860238 0.2714573
-0.07318738 0.04412356 0.002565578 21989844 -0.03250201 0.08332633 0.2708794
-0.07418125 0.0384542 0.002229944 22200034 -0.03313313 0.07772921 0.2700107
-0.07446107 0.03521664 0.00217855 22430241 -0.03342245 0.07486653 0.2697234
-0.07451907 0.03236359 0.001829594 22660449 -0.03369577 0.07215332 0.2694252
-0.07471763 0.0270189 0.001271054 22870639 -0.03422449 0.0663458 0.2691065
-0.07484489 0.02434952 0.001185805 23090837 -0.03440161 0.06334805 0.2690878
-0.0747439 0.02182372 0.0008262694 23311048 -0.03455187 0.06045222 0.2690224
-0.07452331 0.01584182 0.0007621944 23541244 -0.03474767 0.05476867 0.2690899
-0.0745297 0.01345169 0.0003756434 23781465 -0.03462289 0.05226849 0.2687775
-0.07457703 0.01095789 5.111098E-05 23981641 -0.03459273 0.04960525 0.2685315
-0.07448248 0.008825651 -0.0006786585 24211849 -0.03458728 0.04706728 0.2681516
-0.07433037 0.004299333 -0.001767099 24452066 -0.03465713 0.04245543 0.267474
-0.07428094 0.002347584 -0.002598643 24662255 -0.03470302 0.04035448 0.2669335
-0.07496132 -0.00151783 -0.003588706 24902472 -0.03469837 0.03669762 0.2656725
-0.07508188 -0.003118144 -0.004471809 25122671 -0.03464637 0.03510665 0.2649192
-0.07530872 -0.005239305 -0.004890472 25332865 -0.0346816 0.03337502 0.2643656
-0.07510247 -0.008497516 -0.006591573 25553059 -0.03468329 0.03055524 0.2631422
-0.07513436 -0.009967099 -0.007459134 25793284 -0.03466938 0.02925538 0.2624407
-0.07581952 -0.01150569 -0.00777702 26003466 -0.03460107 0.0278542 0.261715
-0.07660285 -0.01432381 -0.008594692 26243683 -0.03443149 0.02507853 0.2605807
-0.07674156 -0.01581894 -0.008738384 26443867 -0.03445847 0.02393484 0.2603129
-0.07665993 -0.01747747 -0.00900647 26674071 -0.03440581 0.02289795 0.2600049
-0.07711925 -0.01999392 -0.009227112 26904283 -0.0343001 0.0207194 0.2594556
-0.07735263 -0.02109138 -0.009164453 27114472 -0.0343167 0.01957487 0.2593813
-0.07730769 -0.02235513 -0.009253919 27354689 -0.03427435 0.0185343 0.259293
-0.07703158 -0.02548579 -0.009133637 27564879 -0.03426356 0.016047 0.2594225
-0.07690208 -0.02665018 -0.00915283 27795083 -0.03406931 0.01482236 0.2594832
-0.07687818 -0.02866334 -0.008843765 28025290 -0.03394572 0.0132606 0.2595798
-0.07647747 -0.03261694 -0.008424252 28235480 -0.03337032 0.009925598 0.2598611
-0.07597549 -0.03519225 -0.008345202 28455679 -0.03298587 0.007952685 0.2600054
-0.07589068 -0.03760496 -0.007865593 28686036 -0.03269146 0.005845184 0.26025
-0.07533885 -0.04255104 -0.007450834 28906089 -0.03188715 0.001119013 0.2606866
-0.07525119 -0.04486706 -0.006996289 29136293 -0.03137381 -0.001171713 0.2609269
-0.07505657 -0.04728832 -0.006483003 29356492 -0.03086222 -0.003365521 0.2612093
-0.07395726 -0.05225576 -0.005897641 29576690 -0.0296808 -0.00754643 0.2618133
-0.07354871 -0.05464129 -0.005385011 29806906 -0.02906309 -0.00974584 0.2622074
-0.07320021 -0.05681073 -0.004837021 30027105 -0.02842472 -0.01182366 0.2625971
-0.07200006 -0.06078511 -0.004386425 30247296 -0.02693326 -0.01598311 0.2633669
-0.07154223 -0.0626192 -0.003631592 30477503 -0.02600197 -0.01793504 0.2639206
-0.07047106 -0.06487798 -0.003239766 30697702 -0.02513624 -0.0200336 0.2646132
-0.06827517 -0.06893196 -0.002676636 30927910 -0.02299045 -0.02410484 0.2658611
-0.06729455 -0.07112408 -0.002013862 31148109 -0.02192939 -0.02614546 0.2665757
-0.06449768 -0.07460988 -0.00177224 31368319 -0.01980988 -0.03026366 0.2682278
-0.06285179 -0.07622872 -0.001799628 31618533 -0.01854475 -0.03226757 0.2690724
-0.06132421 -0.07803252 -0.001715273 31818718 -0.01731394 -0.0342381 0.2698308
-0.05995477 -0.07967186 -0.001589745 32038912 -0.01588218 -0.03601492 0.2704223
-0.05698533 -0.08355749 -0.001761466 32259111 -0.0132593 -0.03977168 0.2714064
-0.05605463 -0.0853996 -0.001598403 32479314 -0.01207681 -0.04162216 0.2717445
-0.05494189 -0.08719162 -0.001644909 32709514 -0.01090492 -0.04343677 0.2720705
-0.05290349 -0.09061775 -0.00186345 32929720 -0.00867684 -0.04668188 0.272465
-0.05170722 -0.09218618 -0.002195105 33159924 -0.007612362 -0.04825223 0.2726701
-0.05010758 -0.09521368 -0.002301782 33400149 -0.005646869 -0.05139172 0.273008
-0.04951929 -0.09704018 -0.002149731 33610326 -0.004748239 -0.05307972 0.2731357
-0.04881196 -0.0987411 -0.002247319 33830712 -0.003877892 -0.05473972 0.2732169
-0.04702067 -0.1023097 -0.002903983 34060887 -0.002093717 -0.05796218 0.2732087
-0.04644221 -0.1040805 -0.00287658 34270931 -0.001313522 -0.05973649 0.2733272
-0.04555284 -0.1058102 -0.003201857 34501134 -0.0004244594 -0.0613817 0.2733422
-0.04363716 -0.1091907 -0.003998846 34721722 0.00159578 -0.06446815 0.2732234
-0.04262739 -0.1106902 -0.004557073 34941532 0.002687916 -0.06579185 0.2730453
-0.04161406 -0.1121756 -0.004994631 35181931 0.003967151 -0.0669477 0.2728266
-0.03949158 -0.1151904 -0.005995929 35391946 0.006364926 -0.06922984 0.2723739
-0.0384651 -0.1166521 -0.006604463 35622146 0.007605835 -0.07039583 0.2720559
-0.03747494 -0.1178773 -0.007127881 35862363 0.008828773 -0.07146597 0.271813
-0.0352754 -0.1203419 -0.008134738 36082566 0.01126487 -0.07333302 0.2713609
-0.03403702 -0.1215322 -0.008872226 36282746 0.01235793 -0.07421339 0.2710801
-0.03293459 -0.1228821 -0.009554371 36542977 0.01363288 -0.07503247 0.2706261
-0.03083296 -0.1254912 -0.01033202 36733153 0.01601089 -0.07668459 0.2701172
-0.02975189 -0.1269833 -0.01062396 36963360 0.01705457 -0.07759547 0.2699525
-0.02850639 -0.128177 -0.01125641 37183559 0.01829178 -0.07832718 0.2696009
-0.0265993 -0.1305792 -0.01200233 37413763 0.0203767 -0.0802989 0.2692229
-0.02539465 -0.1315846 -0.01237993 37643971 0.02158604 -0.08108759 0.2690756
-0.02324364 -0.1342056 -0.01245689 37854168 0.02367462 -0.08289242 0.2690998
-0.02224673 -0.1353653 -0.01257026 38104394 0.02454676 -0.08398986 0.269181
-0.02157284 -0.1360471 -0.01209866 38424683 0.02559621 -0.08500564 0.2695514
-0.01912528 -0.1380978 -0.01217824 38654903 0.0274714 -0.0870527 0.2699705
-0.01714139 -0.1397241 -0.0116186 38855072 0.02929441 -0.08893609 0.2706786
-0.0158659 -0.1403759 -0.01166825 39095280 0.03028543 -0.08969545 0.2708831
-0.01526006 -0.1408994 -0.01114288 39305482 0.03126756 -0.09052062 0.2712522
-0.01406524 -0.1418829 -0.01101655 39545687 0.03210769 -0.09155607 0.2715738
-0.01225881 -0.1431653 -0.01044427 39765885 0.03385843 -0.09322882 0.2722281
-0.01141992 -0.1437324 -0.01017763 39976075 0.03480549 -0.09408332 0.2725123
-0.009296251 -0.1453508 -0.0100338 40206283 0.0365401 -0.09601188 0.2729591
-0.007953173 -0.1461708 -0.01011856 40436491 0.03739963 -0.09701681 0.2731815
-0.006762369 -0.1470146 -0.01014444 40776798 0.03844188 -0.09789968 0.2732694
-0.004584041 -0.1491357 -0.01004368 40976982 0.0404358 -0.09991431 0.2734381
-0.002141423 -0.1512278 -0.01011096 41217195 0.04263498 -0.1018094 0.2734514
-0.000533236 -0.152481 -0.01047711 41427389 0.04383252 -0.1027836 0.2732539
0.000806313 -0.1535306 -0.01064515 41647584 0.0451865 -0.1036983 0.2730798
0.003851826 -0.1556821 -0.01130669 41877795 0.04766027 -0.1056709 0.2726845
0.005792978 -0.1566996 -0.01178673 42228111 0.04900364 -0.1064222 0.2723834
0.008822904 -0.1588644 -0.01236144 42438305 0.05178387 -0.1079113 0.2716951
0.01024829 -0.1596427 -0.01265289 42668505 0.05316988 -0.1086334 0.2713808
0.01329194 -0.1611687 -0.01298167 42878695 0.05591885 -0.1097254 0.2708531
0.01493546 -0.1618339 -0.01324582 43128920 0.05728219 -0.1102529 0.2705462
0.01618897 -0.1622391 -0.01328962 43329101 0.05864338 -0.1107727 0.2703677
0.0191427 -0.1631023 -0.0134728 43559309 0.06128261 -0.1114318 0.2699022
0.02093427 -0.163367 -0.01369664 43779503 0.06250659 -0.1117698 0.2696867
0.02213968 -0.1633971 -0.01369591 44009715 0.06372259 -0.1120734 0.2695696
0.02506673 -0.1636804 -0.0136746 44239923 0.06595529 -0.1126391 0.2693987
0.02611957 -0.1636729 -0.01347829 44450121 0.06710023 -0.1127288 0.2693476
0.0274734 -0.1636785 -0.0132709 44670319 0.06821755 -0.1128619 0.2693573
0.02994812 -0.1635669 -0.01300673 44920720 0.07033683 -0.1132107 0.2692963
0.0313444 -0.1635425 -0.01289563 45120718 0.07136095 -0.1133816 0.2692561
0.03236774 -0.1637542 -0.01259479 45360935 0.07247693 -0.1135464 0.2692158
0.03482776 -0.1640031 -0.01253904 45561119 0.07466681 -0.1139286 0.2688175
0.0360954 -0.1644418 -0.01264203 45791327 0.07567388 -0.1143618 0.2685247
0.03770936 -0.1647877 -0.01286244 46031540 0.07676039 -0.114861 0.268173
0.03986204 -0.1660167 -0.01308861 46241725 0.07893423 -0.1157683 0.2673653
0.04083973 -0.1666424 -0.01327521 46461932 0.08010522 -0.1161178 0.2668309
0.04198566 -0.1674894 -0.01357667 46692140 0.08115966 -0.1165802 0.2662254
0.04439561 -0.1688716 -0.01446342 46912335 0.08340865 -0.1172355 0.2647387
0.04554662 -0.1696042 -0.01493119 47152551 0.08449347 -0.1175231 0.2639545
0.04804437 -0.1711126 -0.01595156 47362741 0.08653346 -0.1181824 0.262358
0.04892405 -0.1718713 -0.01646391 47592949 0.08763653 -0.1183429 0.2614668
0.05005616 -0.1727886 -0.01694781 47803155 0.08863739 -0.1186867 0.26064
0.05121036 -0.1733278 -0.01747699 48023337 0.08969725 -0.1188543 0.2597944
0.05359622 -0.1743385 -0.0182285 48273563 0.09177057 -0.1190665 0.2583105
0.05471071 -0.1745428 -0.01856279 48473748 0.09271666 -0.1189902 0.2576424
0.05618572 -0.174418 -0.01895261 48703951 0.09382687 -0.1187656 0.2568953
0.05878706 -0.1740397 -0.01943383 48944168 0.0958396 -0.1183381 0.2557103
0.06011083 -0.1735912 -0.01953322 49144361 0.09690488 -0.1180038 0.255216
0.06109709 -0.1733054 -0.01946189 49374557 0.09792653 -0.1176385 0.2548317
0.06345778 -0.1721383 -0.01902196 49594763 0.09998089 -0.1169095 0.2543783
0.06462106 -0.171339 -0.01861611 49814962 0.1009024 -0.1167166 0.2544142
0.06592625 -0.1703138 -0.01824166 50055171 0.1018437 -0.1165726 0.2544628
0.06808108 -0.1679752 -0.01692717 50265369 0.1038331 -0.1161931 0.2550174
0.06925249 -0.1666651 -0.01612383 50485559 0.1048388 -0.115907 0.2553923
0.07156345 -0.1640223 -0.01459946 50735785 0.1068631 -0.1153691 0.2560702
0.07264794 -0.1627408 -0.01389976 50935974 0.1078569 -0.1151675 0.2563737
0.07383362 -0.1617214 -0.01317231 51186191 0.1088964 -0.1149669 0.2566021
0.07579184 -0.1601787 -0.01189128 51386372 0.1111397 -0.1144899 0.2567775
0.07673307 -0.1594696 -0.01147105 51606579 0.1122419 -0.1142449 0.2566819
0.07803985 -0.1586813 -0.01110545 51846788 0.1133532 -0.1140348 0.2564982
0.08057144 -0.157474 -0.01056559 52167077 0.1155882 -0.1135817 0.2558658
0.08310088 -0.1565048 -0.01021442 52417302 0.1178536 -0.1130152 0.2549512
0.08420719 -0.1562052 -0.01008119 52727582 0.1190285 -0.1126976 0.2544136
0.08691067 -0.1553583 -0.009985521 52957790 0.1214282 -0.1122608 0.2531603
0.0885982 -0.1546077 -0.009819835 53308110 0.1226526 -0.1120469 0.2525949
0.09249412 -0.1529221 -0.008976519 53498278 0.1261403 -0.1111331 0.2512346
0.09383465 -0.1522035 -0.008527979 53728486 0.1273511 -0.1107157 0.2508674
0.09532683 -0.1512856 -0.008052573 54068793 0.1285219 -0.1104238 0.2505564
0.09791439 -0.149513 -0.00694634 54309010 0.1306711 -0.1100564 0.2502314
0.09996662 -0.1477266 -0.005315557 54509194 0.1326974 -0.1096932 0.2504756
0.1008613 -0.1469705 -0.004478842 54759420 0.1336853 -0.109674 0.2506614
0.101563 -0.1461024 -0.003831208 55089710 0.1346124 -0.1096735 0.2508175
0.1026833 -0.1446017 -0.002100497 55289907 0.1363851 -0.1096599 0.2515138
0.1031709 -0.1439543 -0.00112626 55530306 0.1371825 -0.1096561 0.2519702
0.1039597 -0.1421816 0.0007129312 55850591 0.1387125 -0.1097647 0.2530363
0.1044873 -0.1408451 0.002677321 56070607 0.1398724 -0.1100398 0.2543437
0.1046353 -0.1401463 0.003515393 56300807 0.1404618 -0.1101131 0.2549241
0.1047635 -0.1396166 0.004261702 56541024 0.1409582 -0.1102459 0.2554452
0.1050676 -0.1387141 0.005659401 56751214 0.1419657 -0.1102638 0.2562912
0.1051451 -0.1383058 0.006075621 56971412 0.1424623 -0.1102204 0.2565115
0.1056226 -0.1377191 0.006505325 57191615 0.1429068 -0.1103512 0.2566871
0.1062083 -0.1372627 0.007169232 57441837 0.1436848 -0.1101038 0.2567569
0.1066407 -0.1369144 0.007290408 57752117 0.1441206 -0.1098117 0.2565501
0.1075325 -0.1361255 0.007136151 58002343 0.1449798 -0.1092508 0.2558601
0.1086948 -0.1356278 0.007035732 58202527 0.1457788 -0.1085644 0.2549999
0.1094433 -0.1352779 0.006871819 58542834 0.1462383 -0.1081349 0.2543959
0.110791 -0.1347025 0.006304085 58793064 0.1473609 -0.1071987 0.2529507
0.1113914 -0.1345501 0.005937546 59103336 0.14786 -0.1069121 0.252225
0.1133131 -0.134303 0.005210862 59443643 0.1488206 -0.1062763 0.2504325
0.1150094 -0.1344414 0.004299238 59773941 0.1500844 -0.1056576 0.2483999
0.1170724 -0.1346295 0.003376946 59994140 0.1512643 -0.1052549 0.2462464
0.1191214 -0.1348592 0.002315864 60224352 0.1525687 -0.1045233 0.2438504
0.1202945 -0.1349803 0.001747578 60554654 0.1532433 -0.1042094 0.2425527
0.1223876 -0.1354377 0.0003948361 60904962 0.1545104 -0.1038462 0.2399473
0.1246888 -0.1359478 -0.0008271635 61255465 0.1558665 -0.1032593 0.2372259
0.1268728 -0.1365289 -0.001942277 61595585 0.157095 -0.1028931 0.2347038
0.1292626 -0.1367013 -0.002801687 61885867 0.1582789 -0.1025279 0.232361
0.1317196 -0.1368531 -0.003264546 62126064 0.159689 -0.1020834 0.2301497
0.1329323 -0.1366542 -0.003442168 62456362 0.1604336 -0.1019356 0.229149
0.135207 -0.1360243 -0.003654987 62706592 0.1618364 -0.1017098 0.2274053
0.1376972 -0.1347341 -0.003514051 63026877 0.1635309 -0.1009923 0.2256944
0.1400299 -0.1333153 -0.003316954 63367184 0.1653724 -0.1001444 0.2240187
0.1426086 -0.1316434 -0.002769381 63697482 0.1674239 -0.09876215 0.2222679
0.1448772 -0.1301977 -0.002725452 64017771 0.1693659 -0.09760499 0.2203501
0.1475115 -0.1287363 -0.002954602 64348073 0.1714187 -0.09644867 0.2179585
0.1501717 -0.1271406 -0.003102869 64688376 0.173213 -0.09517276 0.2156636
0.1528198 -0.1254675 -0.003261149 65018678 0.1749625 -0.09356737 0.2132903
0.1550525 -0.1235737 -0.003481224 65358990 0.1765924 -0.09206545 0.2112149
0.1572582 -0.121328 -0.003150105 65689292 0.178046 -0.09043729 0.2096144
0.158639 -0.1190806 -0.002739295 66029777 0.1794492 -0.08888412 0.2086097
0.1597126 -0.1164567 -0.002082586 66380081 0.1807865 -0.08720708 0.2080366
0.1604121 -0.1131351 -0.001055598 66700204 0.1819655 -0.08532238 0.2081168
0.160441 -0.1098366 -3.881752E-05 67050508 0.1830567 -0.08309281 0.2085959
0.160676 -0.1053618 0.00134933 67390815 0.183948 -0.08052349 0.2094469
0.160637 -0.1009244 0.002893507 67731122 0.1849419 -0.07746458 0.2104595
0.1604395 -0.09643929 0.004204988 68061420 0.1858864 -0.07412744 0.2114069
0.1603498 -0.0925063 0.005762964 68401727 0.186918 -0.07081556 0.2123348
0.1605658 -0.08856466 0.00717774 68742051 0.1880707 -0.06804097 0.2130181
0.1609182 -0.08534788 0.008479834 69072332 0.1891689 -0.06572187 0.2134937
0.1614148 -0.08232209 0.009622321 69402635 0.1904736 -0.06344914 0.213649
0.1617113 -0.07999401 0.01022057 69732937 0.1914721 -0.06158161 0.2136082
0.1625039 -0.07760926 0.01094866 70043213 0.1925622 -0.05976689 0.2132845
0.1629301 -0.076009 0.01108682 70383520 0.1935354 -0.05838192 0.2127659
0.1637307 -0.07427318 0.01113763 70723823 0.1943905 -0.05672288 0.211925
0.1647205 -0.07248663 0.0109251 71064138 0.1952468 -0.05530429 0.2107945
0.1651675 -0.07124524 0.01027301 71394432 0.1959171 -0.05351866 0.2096414
0.1660429 -0.06892847 0.009401739 71754753 0.1963522 -0.05168355 0.2082789
0.1667953 -0.06684301 0.008757442 72095060 0.1966792 -0.04968167 0.2071431
0.1672663 -0.06469058 0.008080482 72435371 0.1967727 -0.04728508 0.2062265
0.1676785 -0.0622683 0.007307857 72755664 0.196706 -0.04510546 0.2054203
0.1680132 -0.05993515 0.006676257 73095963 0.1965914 -0.04281283 0.2047612
0.1682677 -0.05763582 0.005930096 73436279 0.1964715 -0.040622 0.2040799
0.1685861 -0.05546769 0.005381972 73776578 0.1962048 -0.03854382 0.2035604
0.1689319 -0.05308642 0.004982874 74096867 0.1959672 -0.0365218 0.203162
0.168923 -0.05051856 0.004489318 74417164 0.1957419 -0.03432727 0.2029385
0.1688725 -0.04794577 0.004101396 74747462 0.195533 -0.03217578 0.2028222
0.1686212 -0.04539729 0.003796205 75087761 0.1952872 -0.02998614 0.2029175
0.1681511 -0.04229102 0.003426924 75418067 0.1951281 -0.02798999 0.2031664
0.1673425 -0.03939248 0.003031507 75748353 0.1950323 -0.02584076 0.2035456
0.1665241 -0.03623609 0.002839521 76098673 0.1949666 -0.02372098 0.2040994
0.1656434 -0.03264548 0.002867192 76418962 0.1950838 -0.02188731 0.2048483
0.1645483 -0.02984633 0.003030151 76759269 0.1950108 -0.02028299 0.2058664
0.1633689 -0.02717747 0.003499448 77099581 0.1950164 -0.01893497 0.2071618
0.1621522 -0.02488987 0.004266068 77439884 0.1949901 -0.01764393 0.2087196
0.1609046 -0.02233765 0.005231097 77760181 0.1949275 -0.01643181 0.2104998
0.159791 -0.01990362 0.006543025 78110663 0.195069 -0.01522231 0.2123909
0.1585995 -0.01801983 0.007656753 78450804 0.1951472 -0.01410556 0.214164
0.157487 -0.01644463 0.008423403 78791123 0.1952393 -0.01317859 0.2155656
0.1564682 -0.0148691 0.009006292 79141423 0.1955842 -0.01212621 0.2166245
0.1558065 -0.01302445 0.009154752 79451699 0.1957902 -0.01099301 0.2171196
0.1555751 -0.01105427 0.009315312 79792006 0.1958885 -0.009660248 0.2173857
0.1552671 -0.009694353 0.009416297 80132313 0.1959407 -0.008133058 0.2176521
0.1546496 -0.007924567 0.009026691 80462611 0.1959968 -0.006840948 0.2176764
0.1542576 -0.006523614 0.008900687 80782909 0.1960242 -0.005503898 0.2177987
0.153326 -0.004961547 0.008394167 81113203 0.1958009 -0.004474406 0.2180206
0.152169 -0.004409282 0.007748291 81453506 0.1957339 -0.003487353 0.2181522
0.1511585 -0.003857291 0.007144257 81793817 0.1954181 -0.00311697 0.2183349
0.150329 -0.003052384 0.006626591 82124111 0.1951661 -0.002674107 0.2184486
0.1498581 -0.002607786 0.00618194 82464422 0.1948798 -0.002581005 0.2184317
0.1496396 -0.002347715 0.005909026 82804903 0.1945602 -0.002429967 0.2184489
0.1494238 -0.002342161 0.005574644 83145036 0.194395 -0.002069955 0.2183281
0.1491293 -0.002034618 0.005296126 83515387 0.1942666 -0.001891141 0.2182873
0.1477978 -0.002383911 0.004573405 83825646 0.1941919 -0.001884346 0.2183515
0.1466832 -0.002716292 0.004005551 84155944 0.1941888 -0.002362494 0.2183862
0.145869 -0.0032244 0.003970921 84486242 0.1939618 -0.002591257 0.2188945
0.1452857 -0.003478304 0.004637733 84836559 0.1938454 -0.002625947 0.2199276
0.1447912 -0.003597959 0.005618617 85186879 0.1936672 -0.003050809 0.2212638
0.1445482 -0.003947073 0.007330224 85477137 0.1934929 -0.003468399 0.2231863
