0.1532378 0.001830661 -0.006329886 0 0.08659574 -0.02921474 0.1157409
0.1532378 0.001830661 -0.006329886 110096 0.08659574 -0.02921474 0.1157409
0.151057 0.002082655 -0.0065392 220203 0.08587792 -0.0288524 0.1163467
0.1485309 0.002630152 -0.006632343 340316 0.084273 -0.02863955 0.1166534
0.1485309 0.002630152 -0.006632343 450407 0.084273 -0.02863955 0.1166534
0.145025 0.002807477 -0.006756042 560518 0.0821842 -0.02870442 0.1171967
0.1403027 0.003476405 -0.006959034 670602 0.07917546 -0.02894052 0.1176156
0.1340117 0.004251442 -0.007283906 790710 0.07526514 -0.02958397 0.1180567
0.1340117 0.004251442 -0.007283906 900809 0.07526514 -0.02958397 0.1180567
0.1286547 0.004436816 -0.007008843 1000928 0.07003215 -0.02991359 0.1182497
0.1219028 0.004579406 -0.006919084 1121008 0.06378208 -0.03018723 0.1184584
0.1219028 0.004579406 -0.006919084 1241116 0.06378208 -0.03018723 0.1184584
0.1136865 0.00479226 -0.006989941 1341211 0.05644734 -0.03035465 0.1186867
0.1051971 0.005090414 -0.006798558 1451306 0.04857345 -0.03069591 0.1189765
0.1051971 0.005090414 -0.006798558 1571427 0.04857345 -0.03069591 0.1189765
0.09546307 0.004568208 -0.00703032 1681518 0.03998961 -0.03173959 0.1191073
0.08461285 0.00475398 -0.007114989 1801634 0.0304302 -0.03275415 0.1192323
0.08461285 0.00475398 -0.007114989 1901713 0.0304302 -0.03275415 0.1192323
0.07286098 0.005485771 -0.007164047 2011820 0.01999104 -0.03353097 0.1192824
0.06091953 0.005862126 -0.007181923 2131920 0.008773109 -0.03411957 0.1192636
0.06091953 0.005862126 -0.007181923 2242024 0.008773109 -0.03411957 0.1192636
0.04870711 0.005847043 -0.006762946 2342155 -0.002305149 -0.03524746 0.1197884
0.03585879 0.005885464 -0.006724156 2462218 -0.01416615 -0.03595351 0.1199772
0.03585879 0.005885464 -0.006724156 2572504 -0.01416615 -0.03595351 0.1199772
0.02213214 0.005158866 -0.007081024 2682425 -0.02621156 -0.03711056 0.1201292
0.009091983 0.005129045 -0.006939367 2792520 -0.03793874 -0.0381869 0.1204109
0.009091983 0.005129045 -0.006939367 2912629 -0.03793874 -0.0381869 0.1204109
-0.004427289 0.00528753 -0.006964141 3022728 -0.04977022 -0.0391508 0.1206113
-0.0174742 0.005891087 -0.007032376 3132824 -0.0618256 -0.03980773 0.1204463
-0.0174742 0.005891087 -0.007032376 3242939 -0.0618256 -0.03980773 0.1204463
-0.03094495 0.00609443 -0.007058304 3353043 -0.07387923 -0.040564 0.1205578
-0.04456425 0.006322206 -0.007024142 3463122 -0.08591969 -0.04121139 0.1207903
-0.04456425 0.006322206 -0.007024142 3583230 -0.08591969 -0.04121139 0.1207903
-0.05824169 0.006512992 -0.006977181 3693475 -0.0978035 -0.0417467 0.1211326
-0.07119877 0.006518222 -0.006932917 3803433 -0.1092727 -0.04238211 0.1213846
-0.07119877 0.006518222 -0.006932917 3913528 -0.1092727 -0.04238211 0.1213846
-0.08328695 0.006427904 -0.006834209 4023631 -0.1201444 -0.04312629 0.1215876
-0.09428728 0.007210169 -0.006849452 4133727 -0.1306688 -0.04346247 0.1212712
-0.09428728 0.007210169 -0.006849452 4243826 -0.1306688 -0.04346247 0.1212712
-0.1053916 0.006719782 -0.006881461 4363939 -0.1409513 -0.04398996 0.1214551
-0.1160483 0.006749032 -0.007036824 4474038 -0.1504435 -0.04434193 0.1214658
-0.1160483 0.006749032 -0.007036824 4584133 -0.1504435 -0.04434193 0.1214658
-0.124847 0.006641036 -0.006992295 4694253 -0.1590158 -0.04463689 0.1214963
-0.1324182 0.006447338 -0.006901251 4804332 -0.166478 -0.04485403 0.1216069
-0.1324182 0.006447338 -0.006901251 4914431 -0.166478 -0.04485403 0.1216069
-0.1387251 0.006678849 -0.00671394 5024555 -0.17258 -0.04503354 0.1216836
-0.1440806 0.006212344 -0.00669732 5144643 -0.1776682 -0.0455206 0.1217621
-0.1440806 0.006212344 -0.00669732 5254755 -0.1776682 -0.0455206 0.1217621
-0.1481977 0.005489541 -0.006571896 5364838 -0.1816774 -0.04634304 0.1218755
-0.1515714 0.004693201 -0.006096641 5494959 -0.1850308 -0.0478492 0.1220674
-0.1515714 0.004693201 -0.006096641 5585036 -0.1850308 -0.0478492 0.1220674
-0.1536991 0.004206482 -0.004559867 5695136 -0.1880485 -0.05012894 0.1226173
-0.1552223 0.00304293 -0.002466897 5805235 -0.1907732 -0.0528636 0.1236951
-0.1552223 0.00304293 -0.002466897 5925348 -0.1907732 -0.0528636 0.1236951
-0.1564022 0.001789891 0.0003369871 6045456 -0.1932724 -0.05614265 0.1251995
-0.1568629 0.0004962296 0.003875181 6145542 -0.1951877 -0.05996519 0.1270899
-0.1568629 0.0004962296 0.003875181 6285673 -0.1951877 -0.05996519 0.1270899
-0.1566035 -0.001203168 0.008086598 6365745 -0.1964845 -0.0643091 0.1294678
-0.1557971 -0.003270558 0.01291926 6475840 -0.1973639 -0.06923426 0.1321973
