0.05743594 0.003784838 -0.01255753 0 0.005872108 -0.08488803 0.08635926
0.05743594 0.003784838 -0.01255753 110099 0.005872108 -0.08488803 0.08635926
0.05431671 0.004921969 -0.0120043 230211 0.003437121 -0.08557907 0.08560238
0.04884056 0.004709856 -0.0124743 340307 -0.0001359869 -0.08609264 0.08582344
0.04884056 0.004709856 -0.0124743 450406 -0.0001359869 -0.08609264 0.08582344
0.04231147 0.004440286 -0.01226242 560505 -0.004544716 -0.08683005 0.08663382
0.03415261 0.004145446 -0.0120244 690627 -0.0102535 -0.08761813 0.08754359
0.03415261 0.004145446 -0.0120244 780882 -0.0102535 -0.08761813 0.08754359
0.02422405 0.00385404 -0.01214889 890799 -0.01717744 -0.08849331 0.08817124
0.01364952 0.003616698 -0.01204311 1010912 -0.02525313 -0.08942564 0.08863434
0.01364952 0.003616698 -0.01204311 1121011 -0.02525313 -0.08942564 0.08863434
0.001282257 0.003334161 -0.01212818 1231107 -0.03441892 -0.09068946 0.08882342
-0.01171331 0.002757097 -0.0123252 1341210 -0.04409334 -0.09220005 0.08887225
-0.01171331 0.002757097 -0.0123252 1461318 -0.04409334 -0.09220005 0.08887225
-0.02095305 0.001955268 -0.0120333 1561409 -0.05219056 -0.09355164 0.08900576
-0.03385597 0.002102739 -0.01219493 1671516 -0.06185106 -0.09459388 0.08866274
-0.03385597 0.002102739 -0.01219493 1801625 -0.06185106 -0.09459388 0.08866274
-0.04283689 0.001592995 -0.0124135 1901712 -0.06964474 -0.09561899 0.08827118
-0.05008095 0.001385097 -0.01211668 2011807 -0.07599314 -0.09636568 0.08828043
-0.05008095 0.001385097 -0.01211668 2131936 -0.07599314 -0.09636568 0.08828043
-0.05478516 0.0004854679 -0.0120925 2232006 -0.08066639 -0.09712742 0.08844667
-0.05851524 -0.0004395324 -0.01167395 2342105 -0.08434886 -0.09777647 0.08914461
-0.05851524 -0.0004395324 -0.01167395 2482236 -0.08434886 -0.09777647 0.08914461
-0.05981616 -0.001475497 -0.01046572 2572333 -0.08731476 -0.09860905 0.0901083
-0.05964009 -0.001497754 -0.006362156 2682420 -0.08995833 -0.1010205 0.09101482
-0.05964009 -0.001497754 -0.006362156 2792516 -0.08995833 -0.1010205 0.09101482
-0.06055968 -0.002165048 -0.00133169 2902615 -0.09209528 -0.1041058 0.09311318
