0.3092282 -0.0001102503 -0.005077027 0 0.2599843 0.03891141 0.1228236
0.3092282 -0.0001102503 -0.005077027 100074 0.2599843 0.03891141 0.1228236
0.3069324 -6.149754E-05 -0.005240287 210181 0.2584718 0.03910961 0.1229136
0.3036593 0.000507938 -0.005312687 320289 0.256438 0.0395465 0.1233434
0.3036593 0.000507938 -0.005312687 430388 0.256438 0.0395465 0.1233434
0.2995943 0.001246682 -0.005370873 550553 0.2537007 0.04032711 0.1237521
0.2948291 0.001981239 -0.005294831 660580 0.2499673 0.04100307 0.1242079
0.2948291 0.001981239 -0.005294831 770675 0.2499673 0.04100307 0.1242079
0.289402 0.002792085 -0.005476862 880790 0.245366 0.04155361 0.124387
0.2829162 0.004106672 -0.005566122 1000903 0.2396623 0.04240328 0.1246978
0.2829162 0.004106672 -0.005566122 1120999 0.2396623 0.04240328 0.1246978
0.2757415 0.00579629 -0.00586416 1221450 0.23344 0.04333907 0.1249309
0.2670811 0.006581464 -0.005795228 1321196 0.2262395 0.04431996 0.125407
0.2670811 0.006581464 -0.005795228 1461298 0.2262395 0.04431996 0.125407
0.2573133 0.007286735 -0.005785258 1551396 0.2182319 0.04557521 0.1257931
0.246204 0.007429564 -0.005816841 1661487 0.2093378 0.04679531 0.1260826
0.246204 0.007429564 -0.005816841 1781591 0.2093378 0.04679531 0.1260826
0.23313 0.008049236 -0.006009258 1911721 0.1987554 0.04817759 0.1263325
0.2203757 0.008312602 -0.006020244 1991785 0.1883165 0.04971175 0.1265111
0.2203757 0.008312602 -0.006020244 2111893 0.1883165 0.04971175 0.1265111
0.2064433 0.008940799 -0.005917774 2221993 0.1764987 0.05111799 0.1268627
0.1914177 0.009472484 -0.005885817 2332088 0.1638419 0.05251888 0.1271285
0.1914177 0.009472484 -0.005885817 2442195 0.1638419 0.05251888 0.1271285
0.1757582 0.009646631 -0.005924466 2552291 0.15036 0.05371568 0.1271886
0.1595148 0.009729586 -0.005892591 2672419 0.1359404 0.05470545 0.1272527
0.1595148 0.009729586 -0.005892591 2782494 0.1359404 0.05470545 0.1272527
0.143202 0.01043962 -0.005713454 2892590 0.1210518 0.055639 0.1276006
0.1253933 0.01128363 -0.005778242 3002750 0.1056011 0.05648825 0.1279044
0.1253933 0.01128363 -0.005778242 3112801 0.1056011 0.05648825 0.1279044
0.1069752 0.01154868 -0.00567536 3222896 0.08973137 0.05700606 0.1282743
0.08720253 0.01113244 -0.005528655 3353321 0.07312462 0.05734468 0.1285328
0.08720253 0.01113244 -0.005528655 3453096 0.07312462 0.05734468 0.1285328
0.06692289 0.01032627 -0.005568737 3553186 0.05627522 0.05705364 0.1286305
0.04534008 0.009274115 -0.005444151 3673302 0.0387187 0.05609867 0.12898
0.04534008 0.009274115 -0.005444151 3793605 0.0387187 0.05609867 0.12898
0.02408679 0.00894331 -0.005331606 3893501 0.02113298 0.05526958 0.1293955
0.002218394 0.00835958 -0.005052886 4003600 0.003490016 0.05444885 0.1297818
0.002218394 0.00835958 -0.005052886 4123721 0.003490016 0.05444885 0.1297818
-0.01988948 0.007740208 -0.004821469 4233816 -0.01421635 0.05358235 0.1299841
-0.0424393 0.007288428 -0.00471582 4353925 -0.03237245 0.05274674 0.1299632
-0.06515246 0.006949583 -0.004642694 4474021 -0.05046919 0.05193677 0.1297701
-0.06515246 0.006949583 -0.004642694 4564114 -0.05046919 0.05193677 0.1297701
-0.08752609 0.006870236 -0.004571769 4674206 -0.06839062 0.05110984 0.1295287
-0.08752609 0.006870236 -0.004571769 4784305 -0.06839062 0.05110984 0.1295287
-0.1097042 0.006705067 -0.004507023 4894396 -0.08612169 0.05008398 0.1291656
-0.1317457 0.006166913 -0.004319108 5014521 -0.1034897 0.04891129 0.1286499
-0.1317457 0.006166913 -0.004319108 5124604 -0.1034897 0.04891129 0.1286499
-0.1535906 0.005927912 -0.004217545 5234711 -0.1204254 0.04790775 0.1278582
-0.1753981 0.005203573 -0.004089303 5344811 -0.1370514 0.04667787 0.1267375
-0.1753981 0.005203573 -0.004089303 5454910 -0.1370514 0.04667787 0.1267375
-0.1970005 0.005657596 -0.004231056 5575027 -0.1531183 0.04567008 0.125305
-0.2187121 0.007156265 -0.004395288 5685130 -0.1687368 0.04475551 0.1236477
-0.2187121 0.007156265 -0.004395288 5795225 -0.1687368 0.04475551 0.1236477
-0.2392644 0.00726511 -0.00418506 5925347 -0.1835522 0.04310952 0.1219798
-0.258435 0.007369304 -0.003875334 6015416 -0.1973624 0.04160088 0.1202398
-0.258435 0.007369304 -0.003875334 6125511 -0.1973624 0.04160088 0.1202398
-0.2750058 0.005705078 -0.003580342 6235627 -0.210064 0.03969169 0.1186232
-0.2910003 0.004470374 -0.00276718 6355723 -0.2219744 0.03799421 0.117307
-0.2910003 0.004470374 -0.00276718 6465822 -0.2219744 0.03799421 0.117307
-0.3021014 0.006088934 -0.003072883 6575914 -0.2313008 0.0375316 0.1165301
-0.3098375 0.006708931 -0.003273948 6686029 -0.2387198 0.03694013 0.1164532
-0.314612 0.007182284 -0.003349704 6806142 -0.2442698 0.03648964 0.1170633
-0.314612 0.007182284 -0.003349704 6916241 -0.2442698 0.03648964 0.1170633
-0.3171979 0.007848573 -0.002868816 7026328 -0.2478843 0.03638325 0.1183237
-0.3171979 0.007848573 -0.002868816 7136424 -0.2478843 0.03638325 0.1183237
-0.3189389 0.007204062 -0.0003300262 7246527 -0.2495553 0.03653109 0.1206331
-0.3191189 0.006411445 0.003029603 7376640 -0.2500741 0.03689655 0.1239002
-0.3191189 0.006411445 0.003029603 7466722 -0.2500741 0.03689655 0.1239002
-0.317766 0.006353362 0.007118156 7586842 -0.2495888 0.03793137 0.1282005
-0.3168384 0.007525607 0.01202306 7716947 -0.2490759 0.03949635 0.1332351
-0.3153626 0.008216666 0.01719454 7807033 -0.2487942 0.0413519 0.138755
-0.3153626 0.008216666 0.01719454 7917128 -0.2487942 0.0413519 0.138755
