0.1635847 0.01793413 -0.004968445 0 0.1470931 0.01028142 0.136367
0.1627519 0.02298434 -0.005055068 110116 0.1458797 0.01386209 0.1361482
0.1618024 0.02864145 -0.005250929 220207 0.1444683 0.01842442 0.1358213
0.160618 0.03536323 -0.005296004 350316 0.1431392 0.02412956 0.1356811
0.160618 0.03536323 -0.005296004 440398 0.1431392 0.02412956 0.1356811
0.1588329 0.04284181 -0.00538639 550501 0.1418067 0.03061287 0.1355633
0.1588329 0.04284181 -0.00538639 660596 0.1418067 0.03061287 0.1355633
0.1563608 0.05152239 -0.005363113 780709 0.1403431 0.03790827 0.1355778
0.1528951 0.06088747 -0.005382127 890812 0.1383904 0.04569652 0.1355614
0.1528951 0.06088747 -0.005382127 1000903 0.1383904 0.04569652 0.1355614
0.1485713 0.07022465 -0.005454821 1111019 0.1358158 0.05373351 0.1355118
0.1433257 0.07987152 -0.00545577 1231127 0.1324735 0.0619503 0.1354957
0.1374388 0.08942264 -0.005577847 1341215 0.1283497 0.07021937 0.1353295
0.1374388 0.08942264 -0.005577847 1451322 0.1283497 0.07021937 0.1353295
0.1295117 0.09862976 -0.005718966 1561997 0.1230666 0.0781403 0.1351529
0.1295117 0.09862976 -0.005718966 1671513 0.1230666 0.0781403 0.1351529
0.1203624 0.1085155 -0.005813449 1791621 0.1167595 0.085669 0.134797
0.1111693 0.1163468 -0.005639796 1901733 0.1092362 0.0924628 0.1348311
0.1000911 0.1242662 -0.005684968 2001811 0.1010103 0.09889978 0.1345361
0.1000911 0.1242662 -0.005684968 2141949 0.1010103 0.09889978 0.1345361
0.0892878 0.1306041 -0.005675167 2232031 0.0924999 0.1043646 0.1343513
0.07732771 0.1361981 -0.005718221 2352123 0.08373335 0.1092804 0.1340697
0.07732771 0.1361981 -0.005718221 2462234 0.08373335 0.1092804 0.1340697
0.06557773 0.1408677 -0.00562558 2572346 0.07487788 0.1135479 0.1339215
0.05379146 0.144534 -0.005482984 2683008 0.06584738 0.1169915 0.1338092
0.05379146 0.144534 -0.005482984 2792532 0.06584738 0.1169915 0.1338092
0.04177336 0.1474237 -0.005332942 2902620 0.05684592 0.1196725 0.1336236
0.02985508 0.1492633 -0.005260757 3012723 0.04758954 0.1214311 0.133365
0.02985508 0.1492633 -0.005260757 3122822 0.04758954 0.1214311 0.133365
0.01823057 0.1502436 -0.005208383 3232922 0.03828744 0.1224568 0.1331096
0.006703294 0.149877 -0.005159748 3353022 0.02908817 0.1226889 0.1329198
0.006703294 0.149877 -0.005159748 3463125 0.02908817 0.1226889 0.1329198
-0.004641455 0.14845 -0.005089634 3593239 0.02030594 0.1222748 0.1327462
-0.01542402 0.1458333 -0.005081675 3683336 0.0117172 0.1210154 0.1325906
-0.01542402 0.1458333 -0.005081675 3803457 0.0117172 0.1210154 0.1325906
-0.02568478 0.1421566 -0.005104358 3903527 0.00336019 0.118919 0.1324553
-0.03562643 0.1375421 -0.005125544 4023647 -0.004561573 0.1160467 0.1322759
-0.03562643 0.1375421 -0.005125544 4134075 -0.004561573 0.1160467 0.1322759
-0.04502213 0.1318209 -0.005189931 4243830 -0.01208725 0.1123778 0.1320817
-0.05412129 0.1249841 -0.005257052 4353941 -0.01923989 0.1079012 0.1318477
-0.05412129 0.1249841 -0.005257052 4464041 -0.01923989 0.1079012 0.1318477
-0.06298094 0.1169383 -0.005352125 4574140 -0.02617649 0.102485 0.1315521
-0.07131471 0.1076245 -0.00549472 4684227 -0.03279462 0.09614972 0.1312195
-0.07131471 0.1076245 -0.00549472 4804352 -0.03279462 0.09614972 0.1312195
-0.07932061 0.09766629 -0.005641173 4914439 -0.03925073 0.08902246 0.1308357
-0.08684808 0.08739793 -0.005727742 5024539 -0.04541259 0.08124694 0.1304762
-0.08684808 0.08739793 -0.005727742 5134638 -0.04541259 0.08124694 0.1304762
-0.09391678 0.07627174 -0.005825702 5254787 -0.0513037 0.072731 0.1301075
-0.1011602 0.06648657 -0.005821375 5384868 -0.05700498 0.06408969 0.1296438
-0.1011602 0.06648657 -0.005821375 5474945 -0.05700498 0.06408969 0.1296438
-0.106432 0.05481992 -0.005945174 5585044 -0.06228697 0.05436436 0.1295438
-0.1124533 0.04223366 -0.005976297 5695156 -0.06777643 0.04385626 0.1293292
-0.1124533 0.04223366 -0.005976297 5815268 -0.06777643 0.04385626 0.1293292
-0.1162744 0.02992507 -0.006049449 5915338 -0.071692 0.03350924 0.1292495
-0.1192408 0.01746452 -0.006068876 6035459 -0.07478357 0.0230244 0.1292045
-0.1192408 0.01746452 -0.006068876 6155555 -0.07478357 0.0230244 0.1292045
-0.1207213 0.004883646 -0.005991319 6255650 -0.0771103 0.01264007 0.1294493
-0.1208319 -0.008107891 -0.005710313 6365749 -0.07860949 0.002406086 0.1299841
-0.1208319 -0.008107891 -0.005710313 6475844 -0.07860949 0.002406086 0.1299841
-0.119846 -0.01981287 -0.00561591 6585939 -0.07918838 -0.007628027 0.1304162
-0.1158912 -0.02986504 -0.005831138 6696395 -0.07780757 -0.01679661 0.1308623
-0.1158912 -0.02986504 -0.005831138 6816151 -0.07780757 -0.01679661 0.1308623
-0.1118735 -0.0399347 -0.00583693 6926255 -0.0757538 -0.02582 0.1312849
-0.1065971 -0.04900674 -0.005910068 7036686 -0.07247656 -0.03402166 0.1316307
-0.1065971 -0.04900674 -0.005910068 7156462 -0.07247656 -0.03402166 0.1316307
-0.1006128 -0.05736157 -0.005900347 7256565 -0.06805038 -0.04135359 0.1319027
-0.09346264 -0.0650655 -0.005898372 7366948 -0.06279299 -0.04777434 0.1321836
-0.09346264 -0.0650655 -0.005898372 7486761 -0.06279299 -0.04777434 0.1321836
-0.08476009 -0.07208487 -0.005941869 7596872 -0.05700482 -0.05350785 0.1325889
-0.07526769 -0.07832454 -0.005957898 7707162 -0.05080611 -0.05888363 0.1330742
-0.07526769 -0.07832454 -0.005957898 7817059 -0.05080611 -0.05888363 0.1330742
-0.06478904 -0.08378541 -0.00575107 7927170 -0.0438594 -0.06349124 0.1337349
-0.05416433 -0.0885032 -0.005447445 8037257 -0.03608152 -0.06722191 0.1342893
-0.05416433 -0.0885032 -0.005447445 8167371 -0.03608152 -0.06722191 0.1342893
-0.04423734 -0.0910577 -0.00568188 8267631 -0.02782666 -0.06979504 0.1342639
-0.03239545 -0.0937966 -0.005727268 8377568 -0.01924228 -0.07168433 0.1344308
-0.03239545 -0.0937966 -0.005727268 8487676 -0.01924228 -0.07168433 0.1344308
-0.0200125 -0.0965214 -0.005385005 8607780 -0.01040887 -0.07326432 0.1348759
-0.008615864 -0.09722465 -0.005669809 8707862 -0.001120886 -0.07394183 0.1347153
-0.008615864 -0.09722465 -0.005669809 8817962 -0.001120886 -0.07394183 0.1347153
0.005031225 -0.09717399 -0.005658069 8958084 0.008857478 -0.07348137 0.1348064
0.01735945 -0.09676349 -0.005648483 9048166 0.01930461 -0.07221962 0.1347084
0.01735945 -0.09676349 -0.005648483 9158265 0.01930461 -0.07221962 0.1347084
0.03136057 -0.09605677 -0.005350321 9268376 0.03006581 -0.07029984 0.1347966
0.04166821 -0.09460461 -0.006094157 9378476 0.04055495 -0.06887514 0.1340593
0.04166821 -0.09460461 -0.006094157 9498572 0.04055495 -0.06887514 0.1340593
0.05436047 -0.09242381 -0.006140537 9598995 0.05121906 -0.06613805 0.1338789
0.06780659 -0.08933752 -0.005932795 9718775 0.06209648 -0.06250826 0.1339022
0.06780659 -0.08933752 -0.005932795 9828870 0.06209648 -0.06250826 0.1339022
0.08014167 -0.08539175 -0.005952779 9938965 0.07271333 -0.05827268 0.1337455
0.09159211 -0.08031413 -0.006108218 10059102 0.08318549 -0.05341683 0.1335775
0.09159211 -0.08031413 -0.006108218 10159318 0.08318549 -0.05341683 0.1335775
0.1035571 -0.07412759 -0.006139549 10269280 0.09327561 -0.04798843 0.1335647
0.1155052 -0.06700765 -0.00605175 10389388 0.103075 -0.04182134 0.1336529
0.1155052 -0.06700765 -0.00605175 10499479 0.103075 -0.04182134 0.1336529
0.1258991 -0.05980289 -0.006087268 10609927 0.112447 -0.03525084 0.1336356
0.1353504 -0.05175214 -0.006210953 10729679 0.1214984 -0.02800257 0.1336115
0.1353504 -0.05175214 -0.006210953 10829794 0.1214984 -0.02800257 0.1336115
0.1436416 -0.04262203 -0.006283537 10949898 0.129972 -0.02027143 0.1337873
0.1504984 -0.03358887 -0.006342384 11059997 0.1375384 -0.01264377 0.1340128
0.1504984 -0.03358887 -0.006342384 11170088 0.1375384 -0.01264377 0.1340128
0.156934 -0.0234834 -0.006050513 11280204 0.1443371 -0.004535771 0.1346212
0.1609021 -0.01286692 -0.006199986 11390607 0.1502164 0.003415228 0.1349629
0.1641774 -0.001956143 -0.006026741 11510383 0.1555732 0.01136089 0.1355885
0.1641774 -0.001956143 -0.006026741 11620487 0.1555732 0.01136089 0.1355885
0.1652716 0.008652451 -0.005962778 11720606 0.1602609 0.01857932 0.1361027
0.1652716 0.008652451 -0.005962778 11840900 0.1602609 0.01857932 0.1361027
0.1641667 0.01853745 -0.005862659 11950785 0.1642374 0.02489681 0.1364953
0.163042 0.02813055 -0.00575119 12060888 0.1675548 0.0307469 0.1366533
0.1611827 0.03669309 -0.005525589 12170984 0.1699006 0.03551801 0.1367026
0.1611827 0.03669309 -0.005525589 12281099 0.1699006 0.03551801 0.1367026
0.159788 0.04380817 -0.00423216 12401187 0.1717716 0.03963701 0.1377017
0.1613059 0.05132798 -0.001571481 12511295 0.1744287 0.04346705 0.1401051
0.1613059 0.05132798 -0.001571481 12621406 0.1744287 0.04346705 0.1401051
