0.1573395 0.001467547 -0.004951166 0 0.090647 0.03349255 0.1168386
0.1573395 0.001467547 -0.004951166 120299 0.090647 0.03349255 0.1168386
0.1588715 0.00485581 -0.004471745 220191 0.0906178 0.03543061 0.1168248
0.1583501 0.01013575 -0.004772726 330298 0.08979493 0.03803309 0.1169982
0.1583501 0.01013575 -0.004772726 440385 0.08979493 0.03803309 0.1169982
0.1581956 0.01708473 -0.004567218 560506 0.08883888 0.04104341 0.1175879
0.1566795 0.02470571 -0.00447653 670609 0.08739136 0.044974 0.1183835
0.1566795 0.02470571 -0.00447653 780692 0.08739136 0.044974 0.1183835
0.1534623 0.03305843 -0.004900496 890804 0.08504555 0.0495117 0.1190135
0.1494385 0.04207496 -0.005369006 1000899 0.08205245 0.05462713 0.1195622
0.1494385 0.04207496 -0.005369006 1121016 0.08205245 0.05462713 0.1195622
0.1460007 0.05242644 -0.005308731 1241116 0.07850751 0.06013194 0.1199571
0.1407812 0.06279272 -0.005628388 1331197 0.0739974 0.06610712 0.1202095
0.1407812 0.06279272 -0.005628388 1451298 0.0739974 0.06610712 0.1202095
0.1347539 0.07300162 -0.005873127 1561437 0.06874371 0.07233087 0.120414
0.1280942 0.08292493 -0.006101514 1671500 0.0627947 0.07846758 0.1204779
0.1280942 0.08292493 -0.006101514 1781600 0.0627947 0.07846758 0.1204779
0.1201735 0.09257039 -0.006572426 1901704 0.05612931 0.08449331 0.1204683
0.1110665 0.1015437 -0.006995047 2031825 0.04901204 0.09016445 0.1207782
0.1110665 0.1015437 -0.006995047 2121919 0.04901204 0.09016445 0.1207782
0.1017667 0.1103206 -0.007180246 2232006 0.0416603 0.09553164 0.1211737
0.0922868 0.1185888 -0.007219614 2342101 0.03396975 0.1004337 0.1215272
0.0922868 0.1185888 -0.007219614 2452201 0.03396975 0.1004337 0.1215272
0.08246017 0.126274 -0.007210814 2572321 0.02606079 0.104818 0.1218821
0.07224442 0.1329348 -0.007201892 2672404 0.01791399 0.1085877 0.1222649
0.06191016 0.138362 -0.007166297 2792532 0.009602631 0.1117618 0.1226897
0.06191016 0.138362 -0.007166297 2902611 0.009602631 0.1117618 0.1226897
0.05160202 0.1428642 -0.006992962 3012711 0.001275955 0.1143962 0.1232495
0.05160202 0.1428642 -0.006992962 3122806 0.001275955 0.1143962 0.1232495
0.03888984 0.1460064 -0.007426318 3232917 -0.008245367 0.1162637 0.123722
0.02745614 0.1484562 -0.00744266 3343009 -0.01708025 0.117585 0.1243516
0.01692359 0.1500534 -0.00724936 3483164 -0.02533656 0.1180985 0.1250352
0.01692359 0.1500534 -0.00724936 3573216 -0.02533656 0.1180985 0.1250352
0.005977852 0.1514436 -0.00699523 3683308 -0.03367677 0.1182751 0.1257963
-0.003777251 0.1518617 -0.006633109 3793415 -0.04124623 0.117688 0.1265378
-0.003777251 0.1518617 -0.006633109 3903527 -0.04124623 0.117688 0.1265378
-0.01446594 0.151253 -0.006425756 4013614 -0.04928759 0.1165438 0.1273239
-0.01446594 0.151253 -0.006425756 4123709 -0.04928759 0.1165438 0.1273239
-0.02468089 0.1500075 -0.006204469 4253831 -0.05688937 0.1148349 0.1280779
-0.03497793 0.1480572 -0.006040011 4353921 -0.0644512 0.1125837 0.1287902
-0.04537935 0.1454296 -0.00597399 4464020 -0.07191022 0.1098842 0.1294471
-0.04537935 0.1454296 -0.00597399 4574120 -0.07191022 0.1098842 0.1294471
-0.05547074 0.1417796 -0.005925484 4694224 -0.07904737 0.1066412 0.1301468
-0.06606952 0.1375518 -0.005861655 4794318 -0.08618256 0.1030182 0.1309197
-0.06606952 0.1375518 -0.005861655 4914427 -0.08618256 0.1030182 0.1309197
-0.07532283 0.1327014 -0.005791532 5024534 -0.09307002 0.09904554 0.1315349
-0.08427409 0.1268288 -0.00576842 5134638 -0.09960542 0.09447174 0.1321599
-0.08427409 0.1268288 -0.00576842 5254742 -0.09960542 0.09447174 0.1321599
-0.09282742 0.1205317 -0.005753996 5354832 -0.1058291 0.08951647 0.1327207
-0.1011706 0.1135177 -0.005751348 5464915 -0.1116029 0.08410301 0.1332889
-0.1011706 0.1135177 -0.005751348 5575035 -0.1116029 0.08410301 0.1332889
-0.1086705 0.1063945 -0.005573191 5695131 -0.117004 0.07818986 0.1338588
-0.1154648 0.09817466 -0.005643947 5805243 -0.12182 0.07172223 0.134235
-0.1154648 0.09817466 -0.005643947 5915326 -0.12182 0.07172223 0.134235
-0.121564 0.08927654 -0.005740606 6025438 -0.1260291 0.06477633 0.1345664
-0.1274596 0.0803696 -0.005789561 6145538 -0.1298144 0.05758363 0.1348571
-0.1274596 0.0803696 -0.005789561 6255653 -0.1298144 0.05758363 0.1348571
-0.133278 0.07116138 -0.005729746 6355723 -0.1332292 0.05036887 0.1352451
-0.1382133 0.06162077 -0.005727357 6475848 -0.1363259 0.04305513 0.1355454
-0.1382133 0.06162077 -0.005727357 6585927 -0.1363259 0.04305513 0.1355454
-0.1428382 0.051837 -0.005648782 6696035 -0.1392301 0.03570072 0.1358887
-0.1468291 0.04176211 -0.005567308 6816139 -0.1417055 0.02811641 0.1361852
-0.1468291 0.04176211 -0.005567308 6926238 -0.1417055 0.02811641 0.1361852
-0.1504632 0.03112773 -0.005457656 7036532 -0.1436786 0.02036716 0.1364734
-0.153438 0.02091036 -0.005377672 7146502 -0.1451972 0.01274944 0.1366495
-0.153438 0.02091036 -0.005377672 7266553 -0.1451972 0.01274944 0.1366495
-0.1557731 0.009982829 -0.005225057 7366648 -0.1462712 0.004994445 0.1368702
-0.1569104 -0.001424595 -0.005077544 7476739 -0.1468096 -0.002798304 0.1370573
-0.1569104 -0.001424595 -0.005077544 7596852 -0.1468096 -0.002798304 0.1370573
-0.1573187 -0.01247619 -0.004901277 7707105 -0.1467598 -0.01064274 0.1371951
-0.1569235 -0.02400794 -0.00473789 7817058 -0.1460359 -0.01860855 0.1372429
-0.1569235 -0.02400794 -0.00473789 7927146 -0.1460359 -0.01860855 0.1372429
-0.1561067 -0.03558331 -0.004543452 8037245 -0.1449185 -0.02670054 0.1372386
-0.1546323 -0.04721688 -0.004309427 8157361 -0.1433655 -0.03481026 0.1372016
-0.1546323 -0.04721688 -0.004309427 8267449 -0.1433655 -0.03481026 0.1372016
-0.1520094 -0.05902704 -0.004074624 8367539 -0.1413202 -0.04289522 0.1371052
-0.148983 -0.07030749 -0.003845179 8487659 -0.138796 -0.05098556 0.1369707
-0.148983 -0.07030749 -0.003845179 8617769 -0.138796 -0.05098556 0.1369707
-0.145348 -0.0813165 -0.003641137 8707858 -0.1358497 -0.05883516 0.1367534
-0.1414156 -0.09195498 -0.003384844 8817958 -0.1325055 -0.06643856 0.1365286
-0.1414156 -0.09195498 -0.003384844 8938066 -0.1325055 -0.06643856 0.1365286
-0.1367083 -0.1015807 -0.003270236 9048169 -0.1288138 -0.0735608 0.1362246
-0.1318936 -0.1100892 -0.003373136 9158265 -0.1247828 -0.08013362 0.1357611
-0.1318936 -0.1100892 -0.003373136 9268356 -0.1247828 -0.08013362 0.1357611
-0.1262355 -0.1186875 -0.00315445 9378455 -0.1201022 -0.08633859 0.1354896
-0.1196143 -0.126536 -0.003148508 9498572 -0.114998 -0.09204078 0.1350362
-0.1196143 -0.126536 -0.003148508 9598650 -0.114998 -0.09204078 0.1350362
-0.1127563 -0.1336423 -0.003223084 9708765 -0.1095013 -0.09722257 0.1345058
-0.1050484 -0.140144 -0.003428109 9828874 -0.1034933 -0.1018644 0.1338253
-0.1050484 -0.140144 -0.003428109 9938965 -0.1034933 -0.1018644 0.1338253
-0.09690879 -0.1461781 -0.00350551 10069095 -0.09704123 -0.1060213 0.1332192
-0.08852369 -0.1516488 -0.003459928 10159172 -0.09011886 -0.1098518 0.1327631
-0.08852369 -0.1516488 -0.003459928 10279264 -0.09011886 -0.1098518 0.1327631
-0.07920875 -0.1564945 -0.003474267 10409398 -0.082722 -0.1132047 0.1322456
-0.06936165 -0.1609465 -0.003429464 10489474 -0.07478187 -0.116314 0.1317918
-0.06936165 -0.1609465 -0.003429464 10609566 -0.07478187 -0.116314 0.1317918
-0.05872635 -0.1652086 -0.003246614 10719678 -0.06676823 -0.119144 0.1313625
-0.04775736 -0.1689293 -0.002851412 10829773 -0.05853713 -0.1214559 0.1310751
-0.04775736 -0.1689293 -0.002851412 10939864 -0.05853713 -0.1214559 0.1310751
-0.0378358 -0.1716079 -0.002773649 11049972 -0.05043766 -0.1232474 0.1306756
-0.02740006 -0.1733278 -0.002872475 11170076 -0.04209353 -0.124546 0.130209
-0.02740006 -0.1733278 -0.002872475 11280167 -0.04209353 -0.124546 0.130209
-0.01747298 -0.1746037 -0.003030656 11390283 -0.03383432 -0.125446 0.1297175
-0.007350417 -0.1754362 -0.003218418 11510387 -0.02565123 -0.1259623 0.1291586
-0.007350417 -0.1754362 -0.003218418 11620479 -0.02565123 -0.1259623 0.1291586
0.001655925 -0.1750945 -0.003841425 11730586 -0.01798791 -0.1258621 0.1284331
0.01241886 -0.1757045 -0.003576946 11840677 -0.009446338 -0.1256429 0.1280361
0.01241886 -0.1757045 -0.003576946 11950777 -0.009446338 -0.1256429 0.1280361
0.02198004 -0.1751206 -0.003692832 12060888 -0.00151222 -0.1249237 0.1275879
0.03176851 -0.1742345 -0.003598251 12170987 0.006454126 -0.1237316 0.1272256
0.03176851 -0.1742345 -0.003598251 12281071 0.006454126 -0.1237316 0.1272256
0.04092019 -0.1726853 -0.003600811 12391178 0.01406136 -0.1221031 0.126884
0.04998164 -0.1705423 -0.003537262 12511291 0.02149088 -0.1199873 0.1266115
0.04998164 -0.1705423 -0.003537262 12621382 0.02149088 -0.1199873 0.1266115
0.06145646 -0.1680715 -0.002906683 12721468 0.02967042 -0.1176649 0.1265347
0.06924472 -0.1642067 -0.003188054 12841589 0.03620045 -0.1144671 0.1261962
0.07726407 -0.1595941 -0.003497688 12971698 0.04261696 -0.110877 0.1258563
0.07726407 -0.1595941 -0.003497688 13061783 0.04261696 -0.110877 0.1258563
0.08588063 -0.1544244 -0.003708385 13181908 0.04919083 -0.1071201 0.1256067
0.08588063 -0.1544244 -0.003708385 13312017 0.04919083 -0.1071201 0.1256067
0.09431402 -0.1483047 -0.003965846 13402090 0.05544315 -0.1028934 0.1253907
0.1043292 -0.1406015 -0.004400505 13512194 0.06153719 -0.09843688 0.1248172
0.1114489 -0.1338432 -0.004475205 13652320 0.06712888 -0.09331093 0.1247499
0.1114489 -0.1338432 -0.004475205 13732392 0.06712888 -0.09331093 0.1247499
0.1172313 -0.1269828 -0.004410246 13842480 0.07231005 -0.08765138 0.1249782
0.1248748 -0.1182825 -0.004705586 13952579 0.07732607 -0.08166147 0.1245394
0.1248748 -0.1182825 -0.004705586 14072696 0.07732607 -0.08166147 0.1245394
0.1293994 -0.1095405 -0.005209397 14182795 0.08148336 -0.07481106 0.1244215
0.1368972 -0.09914961 -0.005480191 14292890 0.08568652 -0.06808951 0.1238217
0.1368972 -0.09914961 -0.005480191 14413003 0.08568652 -0.06808951 0.1238217
0.1412829 -0.08948433 -0.005648364 14513089 0.08923267 -0.06098877 0.1239086
0.1412829 -0.08948433 -0.005648364 14623192 0.08923267 -0.06098877 0.1239086
0.1462591 -0.07928479 -0.005618128 14763327 0.09273984 -0.05358058 0.1239242
0.1495109 -0.06908351 -0.005753704 14853404 0.09553693 -0.04586113 0.1240684
0.1527429 -0.05882058 -0.005607483 14963495 0.09817267 -0.03797974 0.1243694
0.1527429 -0.05882058 -0.005607483 15073591 0.09817267 -0.03797974 0.1243694
0.1551363 -0.04759675 -0.005817597 15183706 0.1000875 -0.02999579 0.1244363
0.1560478 -0.03617537 -0.006195593 15293806 0.1013798 -0.02187166 0.1246213
0.1560478 -0.03617537 -0.006195593 15403893 0.1013798 -0.02187166 0.1246213
0.1567934 -0.02510239 -0.006319598 15524001 0.1022388 -0.0140824 0.1248619
0.1566877 -0.0140039 -0.006521028 15634113 0.1026008 -0.006561035 0.1251051
0.1566877 -0.0140039 -0.006521028 15744208 0.1026008 -0.006561035 0.1251051
0.1559125 -0.003447754 -0.006591163 15854311 0.1025454 0.0006595175 0.1254744
0.1547085 0.006656196 -0.006539008 15964399 0.1020209 0.00734465 0.1258611
0.1547085 0.006656196 -0.006539008 16074502 0.1020209 0.00734465 0.1258611
0.1523995 0.01590476 -0.006400766 16194614 0.100817 0.01331132 0.1264102
0.1494257 0.02503846 -0.005640888 16304714 0.09861345 0.01878416 0.127345
0.1494257 0.02503846 -0.005640888 16414817 0.09861345 0.01878416 0.127345
0.147188 0.03224624 -0.003541846 16524900 0.09589083 0.02355554 0.1291206
0.1451823 0.0382816 -0.000365802 16645013 0.09292464 0.02732973 0.1317532
0.1451823 0.0382816 -0.000365802 16755149 0.09292464 0.02732973 0.1317532
0.1407998 0.0435156 0.003463422 16865207 0.08839449 0.03034672 0.1353213
0.1359237 0.04704461 0.008375537 16985332 0.08326413 0.03202315 0.1399338
0.1359237 0.04704461 0.008375537 17085406 0.08326413 0.03202315 0.1399338
0.1329609 0.0488553 0.01511408 17195510 0.07871272 0.03213968 0.1458197
0.1303139 0.04860741 0.02287739 17315626 0.07402329 0.03054006 0.1525353
