0.06496728 -0.002388525 -0.02126788 0 0.01651173 0.04620106 0.1036215
0.06496037 -0.001588571 -0.02304845 100090 0.01719924 0.04655162 0.1022817
0.06496037 -0.001588571 -0.02304845 220190 0.01719924 0.04655162 0.1022817
0.06351478 0.0001919381 -0.0253539 330326 0.01746869 0.04760114 0.1008934
0.0588791 0.002675008 -0.02822172 440389 0.0170819 0.04917378 0.09982942
0.0588791 0.002675008 -0.02822172 550492 0.0170819 0.04917378 0.09982942
0.05461724 0.0111017 -0.03284661 660592 0.01706328 0.05331788 0.09797285
0.04581174 0.01254518 -0.03506033 780700 0.01468805 0.05513183 0.09731768
0.03527401 0.0130872 -0.03678994 880795 0.01126631 0.05679923 0.09669839
0.03527401 0.0130872 -0.03678994 1000903 0.01126631 0.05679923 0.09669839
0.02310853 0.0126289 -0.03832935 1100993 0.007077015 0.05800581 0.09579812
0.0119561 0.01194717 -0.03972196 1221094 0.002460472 0.05857703 0.09459756
0.0119561 0.01194717 -0.03972196 1331189 0.002460472 0.05857703 0.09459756
0.002103907 0.01353898 -0.0415154 1441296 -0.002871415 0.05911956 0.09340642
-0.007179921 0.01481586 -0.04352146 1561401 -0.008041759 0.05964927 0.09173928
-0.007179921 0.01481586 -0.04352146 1671496 -0.008041759 0.05964927 0.09173928
-0.01792615 0.01497781 -0.04423427 1781603 -0.01350402 0.05961437 0.091022
-0.02549361 0.01642176 -0.04569417 1891699 -0.01778159 0.06059132 0.08956788
-0.02549361 0.01642176 -0.04569417 2001806 -0.01778159 0.06059132 0.08956788
-0.03211937 0.01782977 -0.04679256 2111893 -0.02184059 0.06131123 0.0885217
-0.03677483 0.01956036 -0.04780525 2221993 -0.02516063 0.06192298 0.08775567
-0.03677483 0.01956036 -0.04780525 2342113 -0.02516063 0.06192298 0.08775567
-0.03939718 0.02006933 -0.04857087 2442208 -0.02774347 0.06230779 0.08702539
-0.04159253 0.02183359 -0.04858625 2562320 -0.03037764 0.06273101 0.0874574
-0.04159253 0.02183359 -0.04858625 2672415 -0.03037764 0.06273101 0.0874574
-0.0428568 0.02268082 -0.04794126 2782515 -0.03259395 0.06308882 0.08832358
-0.0430291 0.02245617 -0.04659789 2892618 -0.03435348 0.06332792 0.08963893
-0.0430291 0.02245617 -0.04659789 3012718 -0.03435348 0.06332792 0.08963893
-0.04227493 0.02295833 -0.04482817 3112797 -0.03601439 0.06372882 0.09157132
-0.04040053 0.02194088 -0.04225349 3232917 -0.03752605 0.06379006 0.09393249
-0.04040053 0.02194088 -0.04225349 3343016 -0.03752605 0.06379006 0.09393249
