0.04451014 0.004969467 -0.01122182 0 -0.01761384 -0.03454145 0.1107853
0.04451014 0.004969467 -0.01122182 120096 -0.01761384 -0.03454145 0.1107853
0.04327817 0.005165822 -0.01117658 230216 -0.01870598 -0.03455296 0.1108342
0.04145302 0.006277496 -0.01074832 340311 -0.02021117 -0.0343101 0.1111386
0.04145302 0.006277496 -0.01074832 450394 -0.02021117 -0.0343101 0.1111386
0.03878589 0.006408285 -0.01084089 560514 -0.02231101 -0.03422817 0.1113151
0.03552748 0.006879234 -0.01091688 670605 -0.02503277 -0.0341081 0.111389
0.03552748 0.006879234 -0.01091688 780705 -0.02503277 -0.0341081 0.111389
0.03134425 0.007400034 -0.01108485 900801 -0.02849988 -0.03396296 0.1114468
0.02520062 0.008028101 -0.01142382 1010900 -0.03287671 -0.03389382 0.1117663
0.02520062 0.008028101 -0.01142382 1121004 -0.03287671 -0.03389382 0.1117663
0.01859005 0.00898148 -0.01158338 1231107 -0.03819562 -0.03358227 0.1119883
0.008784491 0.009616705 -0.01203542 1361220 -0.04456333 -0.03369397 0.1128022
0.008784491 0.009616705 -0.01203542 1451298 -0.04456333 -0.03369397 0.1128022
-0.001303951 0.01078507 -0.01232785 1561417 -0.05202398 -0.03333348 0.1133196
-0.01115642 0.01256145 -0.01248079 1691514 -0.06038138 -0.0325674 0.1134022
-0.01115642 0.01256145 -0.01248079 1781596 -0.06038138 -0.0325674 0.1134022
-0.02114487 0.01312262 -0.01272481 1901708 -0.06930009 -0.03187289 0.1136188
-0.03000808 0.0144407 -0.01276117 2011816 -0.07851985 -0.03091302 0.1133177
-0.03000808 0.0144407 -0.01276117 2121907 -0.07851985 -0.03091302 0.1133177
-0.04016376 0.01517668 -0.01318162 2242015 -0.08780523 -0.0302455 0.1132041
-0.04984462 0.01522931 -0.01367443 2362119 -0.09672087 -0.02979078 0.1131406
-0.04984462 0.01522931 -0.01367443 2462222 -0.09672087 -0.02979078 0.1131406
-0.05836117 0.01663175 -0.01392453 2572313 -0.1052867 -0.02931958 0.1125377
-0.06677165 0.01651855 -0.01448732 2702431 -0.1129731 -0.02922948 0.1123148
-0.06677165 0.01651855 -0.01448732 2792520 -0.1129731 -0.02922948 0.1123148
-0.07452487 0.01616171 -0.01533824 2902615 -0.1197646 -0.0292513 0.1119302
-0.08143651 0.01602431 -0.01624309 3032729 -0.1256404 -0.02930536 0.1114185
-0.08630439 0.01549603 -0.01658832 3132856 -0.1302525 -0.02969797 0.1112096
-0.08630439 0.01549603 -0.01658832 3242910 -0.1302525 -0.02969797 0.1112096
-0.09018516 0.01523323 -0.01672989 3363023 -0.1339906 -0.03013982 0.1110536
-0.09018516 0.01523323 -0.01672989 3463109 -0.1339906 -0.03013982 0.1110536
-0.0934827 0.01490381 -0.01656657 3573216 -0.1368756 -0.03086724 0.1112157
-0.0947445 0.01446128 -0.0157836 3693325 -0.1384349 -0.03186022 0.1116986
-0.09553655 0.01405695 -0.01464968 3803432 -0.1393705 -0.03302978 0.1125024
-0.09553655 0.01405695 -0.01464968 3903519 -0.1393705 -0.03302978 0.1125024
-0.09460419 0.01344617 -0.01255416 4033628 -0.1393983 -0.03461553 0.1138966
-0.09354132 0.01287051 -0.01005005 4133722 -0.1391329 -0.03644235 0.1156317
