0.05031144 0.01189703 -0.008754843 0 -0.009087493 0.004231301 0.1205481
0.05031144 0.01189703 -0.008754843 100090 -0.009087493 0.004231301 0.1205481
0.05126438 0.01319673 -0.00811207 220198 -0.006379411 0.003618889 0.121856
0.05196201 0.01572941 -0.007607222 340311 -0.003944925 0.002501064 0.1227986
0.05196201 0.01572941 -0.007607222 440397 -0.003944925 0.002501064 0.1227986
0.0517496 0.01850869 -0.00749536 560505 -0.002252332 0.001935879 0.1233304
0.05140338 0.02144243 -0.007368069 690622 -0.001076396 0.002340734 0.1237321
0.05140338 0.02144243 -0.007368069 780703 -0.001076396 0.002340734 0.1237321
0.05052662 0.02465506 -0.007322031 890807 -0.0006020864 0.003469236 0.1239916
0.04950709 0.02814571 -0.007170388 1000914 -0.0006560278 0.004896777 0.1241666
0.04950709 0.02814571 -0.007170388 1111001 -0.0006560278 0.004896777 0.1241666
0.047606 0.03205623 -0.006996578 1221108 -0.0008716419 0.006089292 0.124464
0.04518935 0.03589169 -0.006853801 1331204 -0.0009775256 0.007149911 0.1248609
0.04518935 0.03589169 -0.006853801 1451312 -0.0009775256 0.007149911 0.1248609
0.04214892 0.03982948 -0.006699643 1561419 -0.001300833 0.008216972 0.1252815
0.03921384 0.04332633 -0.006586795 1661497 -0.001980128 0.009695753 0.1256187
0.03602293 0.04654543 -0.006419492 1781601 -0.00326606 0.01163356 0.1260335
0.03602293 0.04654543 -0.006419492 1891705 -0.00326606 0.01163356 0.1260335
0.03239966 0.04917037 -0.006530012 2001808 -0.004793861 0.01344789 0.1263112
0.02819366 0.05191835 -0.006545955 2151939 -0.006502002 0.01503669 0.1266539
0.02819366 0.05191835 -0.006545955 2222010 -0.006502002 0.01503669 0.1266539
0.02353378 0.05413254 -0.006526241 2342119 -0.008783289 0.0163088 0.1270073
0.01897875 0.05632158 -0.006504193 2452210 -0.01161577 0.01773323 0.1272163
0.01897875 0.05632158 -0.006504193 2562309 -0.01161577 0.01773323 0.1272163
0.01428543 0.05817825 -0.006402028 2682417 -0.01508777 0.01889259 0.1273892
0.009052182 0.05963772 -0.006569707 2792521 -0.01913344 0.02014531 0.127416
0.009052182 0.05963772 -0.006569707 2902616 -0.01913344 0.02014531 0.127416
0.004145046 0.06064571 -0.006608892 3012715 -0.02306353 0.02121533 0.1275969
0.004145046 0.06064571 -0.006608892 3122822 -0.02306353 0.02121533 0.1275969
-0.000724084 0.06143549 -0.006607146 3232913 -0.02676253 0.02214538 0.1278716
-0.005573725 0.06182088 -0.006601023 3343013 -0.03005339 0.0228587 0.1282654
-0.005573725 0.06182088 -0.006601023 3453116 -0.03005339 0.0228587 0.1282654
-0.008521402 0.06154119 -0.0060035 3563211 -0.03254795 0.02294883 0.1290506
-0.0129366 0.06119297 -0.006045885 3683315 -0.03511298 0.02258686 0.1293204
-0.01734162 0.06098161 -0.005923727 3793419 -0.03800708 0.02189095 0.1295425
-0.01734162 0.06098161 -0.005923727 3903518 -0.03800708 0.02189095 0.1295425
-0.02164223 0.06038022 -0.005941704 4013617 -0.04145148 0.02124371 0.1296392
-0.02566631 0.05937617 -0.005947778 4123712 -0.04548372 0.02082527 0.1297996
-0.02566631 0.05937617 -0.005947778 4233819 -0.04548372 0.02082527 0.1297996
-0.02967947 0.05795705 -0.005987225 4373942 -0.04957959 0.0206457 0.130094
-0.03375046 0.0558836 -0.006076694 4464027 -0.05313509 0.02021127 0.1305175
-0.03375046 0.0558836 -0.006076694 4574122 -0.05313509 0.02021127 0.1305175
-0.03748047 0.05351349 -0.00614573 4684221 -0.05614805 0.01920028 0.1308957
-0.04056538 0.05084474 -0.006245762 4804330 -0.05885862 0.01782061 0.1311624
-0.04056538 0.05084474 -0.006245762 4914429 -0.05885862 0.01782061 0.1311624
-0.04341675 0.04793379 -0.006300034 5014523 -0.06162593 0.01625479 0.1314356
-0.04587906 0.04452846 -0.006385599 5154645 -0.06434102 0.01470728 0.1317306
-0.04587906 0.04452846 -0.006385599 5244726 -0.06434102 0.01470728 0.1317306
-0.04897532 0.04121901 -0.006627708 5354826 -0.06698234 0.01289088 0.1318624
-0.05080439 0.03704992 -0.006805863 5464925 -0.06963892 0.01069063 0.1319626
-0.05080439 0.03704992 -0.006805863 5575028 -0.06963892 0.01069063 0.1319626
-0.0525605 0.03260286 -0.007006838 5685123 -0.07234832 0.008387172 0.1320194
-0.05388236 0.02762404 -0.00722874 5795223 -0.07465708 0.005800415 0.1320493
-0.05388236 0.02762404 -0.00722874 5915331 -0.07465708 0.005800415 0.1320493
-0.05506613 0.0227202 -0.007277473 6015421 -0.07626653 0.002727039 0.1322111
-0.05614917 0.01782117 -0.007362351 6135529 -0.07728051 -0.0008109527 0.132325
-0.05614917 0.01782117 -0.007362351 6265647 -0.07728051 -0.0008109527 0.132325
-0.05675678 0.01292781 -0.007473803 6365745 -0.07801841 -0.004506617 0.1323483
-0.05682067 0.007679135 -0.007502619 6475836 -0.07883961 -0.008257266 0.1323811
-0.05682067 0.007679135 -0.007502619 6606241 -0.07883961 -0.008257266 0.1323811
-0.05634433 0.002309299 -0.007564262 6696047 -0.07926799 -0.01186451 0.1323638
-0.05618591 -0.002760903 -0.007607422 6816143 -0.0792092 -0.01553385 0.1324391
-0.05618591 -0.002760903 -0.007607422 6916237 -0.0792092 -0.01553385 0.1324391
-0.05584266 -0.007696559 -0.00768496 7036341 -0.07850022 -0.0195742 0.1324999
-0.05481958 -0.01231797 -0.007693984 7146440 -0.07727879 -0.02374741 0.1325601
-0.05481958 -0.01231797 -0.007693984 7256544 -0.07727879 -0.02374741 0.1325601
-0.05379284 -0.0165639 -0.007704529 7376648 -0.07614963 -0.02783798 0.1325785
-0.05173583 -0.02056043 -0.007723795 7486747 -0.07495306 -0.03159617 0.1324383
-0.05173583 -0.02056043 -0.007723795 7586837 -0.07495306 -0.03159617 0.1324383
-0.04890214 -0.02487613 -0.007737175 7727154 -0.07375649 -0.03478996 0.1322279
-0.04617059 -0.02942904 -0.007815152 7817049 -0.07232074 -0.03744012 0.1320356
-0.04617059 -0.02942904 -0.007815152 7917135 -0.07232074 -0.03744012 0.1320356
-0.04311595 -0.03293918 -0.007916797 8037243 -0.07004211 -0.0400359 0.1318361
-0.04054345 -0.03571346 -0.007990714 8157355 -0.06715396 -0.04288887 0.1318186
-0.04054345 -0.03571346 -0.007990714 8257450 -0.06715396 -0.04288887 0.1318186
-0.03744958 -0.03823959 -0.007920947 8377550 -0.06377607 -0.04575343 0.1319243
-0.03377411 -0.04050258 -0.007899506 8487657 -0.06042694 -0.04805566 0.1318818
-0.03377411 -0.04050258 -0.007899506 8597752 -0.06042694 -0.04805566 0.1318818
-0.02966969 -0.04265145 -0.007870026 8717861 -0.05723859 -0.04967496 0.1317612
-0.02527954 -0.04498439 -0.007964197 8837965 -0.05406208 -0.05097949 0.1314699
-0.02527954 -0.04498439 -0.007964197 8928050 -0.05406208 -0.05097949 0.1314699
-0.02061821 -0.04727524 -0.007938931 9038149 -0.05068717 -0.05221151 0.131265
-0.01619647 -0.048211 -0.008081954 9148244 -0.0470975 -0.05305796 0.1309428
-0.01619647 -0.048211 -0.008081954 9268353 -0.0470975 -0.05305796 0.1309428
-0.01201445 -0.04949584 -0.0080856 9378456 -0.04307816 -0.05402887 0.1309135
-0.007985891 -0.04962842 -0.008188571 9488551 -0.03908415 -0.0544039 0.1307947
-0.007985891 -0.04962842 -0.008188571 9598650 -0.03908415 -0.0544039 0.1307947
-0.003546471 -0.05050607 -0.008202374 9708745 -0.03516502 -0.05472519 0.1306815
0.0008844559 -0.05019246 -0.008330476 9818849 -0.03161781 -0.05442458 0.1303489
0.0008844559 -0.05019246 -0.008330476 9938957 -0.03161781 -0.05442458 0.1303489
0.005952827 -0.05034113 -0.00825901 10049056 -0.02793152 -0.05409985 0.1301027
0.01042698 -0.0499134 -0.008274459 10159168 -0.02405559 -0.05353168 0.1299432
0.01042698 -0.0499134 -0.008274459 10269255 -0.02405559 -0.05353168 0.1299432
0.01433414 -0.04800404 -0.008396509 10389367 -0.02011333 -0.05270839 0.1297971
0.0186048 -0.04642544 -0.008322334 10489453 -0.01606318 -0.05199947 0.1297838
0.0186048 -0.04642544 -0.008322334 10599552 -0.01606318 -0.05199947 0.1297838
0.02273089 -0.04454715 -0.008224667 10719677 -0.01212064 -0.05097302 0.1297983
0.02670002 -0.04265055 -0.008210381 10829760 -0.00841937 -0.04951333 0.1297236
0.02670002 -0.04265055 -0.008210381 10939859 -0.00841937 -0.04951333 0.1297236
0.03063288 -0.04044386 -0.008149456 11059967 -0.004957009 -0.04773173 0.129642
0.03428644 -0.03734887 -0.008199017 11170062 -0.001849606 -0.0455892 0.1293966
0.03428644 -0.03734887 -0.008199017 11270157 -0.001849606 -0.0455892 0.1293966
0.03772642 -0.03501038 -0.008074238 11380260 0.000969844 -0.04326281 0.1293561
0.04068472 -0.03214126 -0.008138186 11500364 0.003651371 -0.04047309 0.1292131
0.04068472 -0.03214126 -0.008138186 11620472 0.003651371 -0.04047309 0.1292131
0.04325476 -0.02823273 -0.008105763 11720567 0.006146058 -0.03774148 0.1291487
0.04554562 -0.02428268 -0.00807688 11830662 0.008394507 -0.03490777 0.1290841
0.04554562 -0.02428268 -0.00807688 11950774 0.008394507 -0.03490777 0.1290841
0.04764035 -0.02015669 -0.008076509 12060890 0.01042908 -0.03197272 0.1289708
0.04960855 -0.01591694 -0.008071424 12190995 0.01221346 -0.02884305 0.1288255
0.04960855 -0.01591694 -0.008071424 12281068 0.01221346 -0.02884305 0.1288255
0.0514545 -0.01157435 -0.008046562 12391167 0.01361593 -0.02558782 0.1286213
0.05300368 -0.00705661 -0.00790603 12501266 0.01461127 -0.02235242 0.1284696
0.05364774 -0.002000434 -0.007860659 12621374 0.01530953 -0.01915524 0.1283089
0.05364774 -0.002000434 -0.007860659 12731474 0.01530953 -0.01915524 0.1283089
0.05380432 0.003267511 -0.007765515 12841573 0.0158567 -0.01637653 0.1281769
0.05380432 0.003267511 -0.007765515 12951672 0.0158567 -0.01637653 0.1281769
0.05338926 0.008858663 -0.007605325 13061771 0.01604215 -0.01396394 0.1280065
0.05253527 0.01454717 -0.007460783 13171883 0.01565749 -0.01170752 0.1276575
0.05180334 0.02004916 -0.007191169 13301988 0.01489811 -0.00968525 0.1271968
0.05180334 0.02004916 -0.007191169 13402082 0.01489811 -0.00968525 0.1271968
0.05124634 0.02551572 -0.006702445 13512181 0.01385447 -0.007789925 0.1267098
0.048936 0.03080154 -0.006390099 13632294 0.01228602 -0.006608032 0.1261375
0.048936 0.03080154 -0.006390099 13732380 0.01228602 -0.006608032 0.1261375
0.04599277 0.0356151 -0.005549294 13842475 0.01032117 -0.006152957 0.1259391
0.04599277 0.0356151 -0.005549294 13952574 0.01032117 -0.006152957 0.1259391
0.04303151 0.03963964 -0.003645003 14072682 0.007141107 -0.006007345 0.1264875
0.04049645 0.04219991 -0.001230699 14182782 0.003068246 -0.005805591 0.1276136
0.03798096 0.04409266 0.002237456 14292897 -0.002099162 -0.00573742 0.1295826
0.03798096 0.04409266 0.002237456 14402980 -0.002099162 -0.00573742 0.1295826
