0.04633501 0.002253414 -0.00903958 0 -0.02732667 -0.01012057 0.1123156
0.04633501 0.002253414 -0.00903958 130121 -0.02732667 -0.01012057 0.1123156
0.04589818 0.003644987 -0.009306553 230207 -0.02720153 -0.009605733 0.1122956
0.04573995 0.005467693 -0.009453852 340311 -0.02701839 -0.008666619 0.1122535
0.04537481 0.007734234 -0.009503308 480445 -0.02707198 -0.007327008 0.1122788
0.04537481 0.007734234 -0.009503308 560509 -0.02707198 -0.007327008 0.1122788
0.04497292 0.01074363 -0.009425342 680613 -0.02726157 -0.005690974 0.1123052
0.04497292 0.01074363 -0.009425342 790717 -0.02726157 -0.005690974 0.1123052
0.0443163 0.01373471 -0.009294829 900812 -0.02769474 -0.00377649 0.112418
0.04375202 0.01722622 -0.009035748 1010915 -0.02801027 -0.001532027 0.1126382
0.04375202 0.01722622 -0.009035748 1121018 -0.02801027 -0.001532027 0.1126382
0.04244637 0.02042429 -0.009128695 1231113 -0.02865263 0.0005558825 0.1127583
0.041066 0.02353694 -0.009201638 1361227 -0.02931489 0.00259044 0.1129213
0.041066 0.02353694 -0.009201638 1461321 -0.02931489 0.00259044 0.1129213
0.03977812 0.02650588 -0.009256311 1571416 -0.03009674 0.00473483 0.1130129
0.03912515 0.02947012 -0.008866316 1681515 -0.03072521 0.006917991 0.1132753
0.03912515 0.02947012 -0.008866316 1791619 -0.03072521 0.006917991 0.1132753
0.03799053 0.03221513 -0.008625615 1901714 -0.03163566 0.009000461 0.1135198
0.03585687 0.03342392 -0.009007456 2021826 -0.03300597 0.01012455 0.1135539
0.03585687 0.03342392 -0.009007456 2131925 -0.03300597 0.01012455 0.1135539
0.03403193 0.03602325 -0.008780166 2232011 -0.0343355 0.01154673 0.1138291
0.03161586 0.03775096 -0.008848689 2362137 -0.03593534 0.01233265 0.1140211
0.03161586 0.03775096 -0.008848689 2462223 -0.03593534 0.01233265 0.1140211
0.02863396 0.03969697 -0.00888276 2572318 -0.03783167 0.01305669 0.1143198
0.02552392 0.04140785 -0.008885982 2692426 -0.04001839 0.01374235 0.114585
0.02552392 0.04140785 -0.008885982 2802526 -0.04001839 0.01374235 0.114585
0.02223768 0.04306444 -0.008756617 2902620 -0.04253875 0.01442241 0.1148957
0.01851181 0.04432799 -0.008826159 3012715 -0.04540958 0.01479496 0.1150613
0.01851181 0.04432799 -0.008826159 3132827 -0.04540958 0.01479496 0.1150613
0.01500341 0.04555734 -0.008710235 3242926 -0.04826061 0.01512465 0.1152969
0.01116304 0.04672148 -0.008684237 3353026 -0.05116237 0.01545257 0.1155898
0.007047436 0.04796425 -0.008580113 3463129 -0.05414338 0.01543745 0.1159347
0.007047436 0.04796425 -0.008580113 3583233 -0.05414338 0.01543745 0.1159347
0.002920457 0.04908736 -0.008480192 3693332 -0.05716418 0.01519717 0.1162096
-0.001547888 0.04953701 -0.008540873 3813437 -0.06052564 0.01474958 0.1164299
-0.001547888 0.04953701 -0.008540873 3913527 -0.06052564 0.01474958 0.1164299
-0.006087034 0.04987581 -0.008654329 4033639 -0.0640258 0.01428332 0.1165756
-0.01021981 0.04971758 -0.008650742 4133733 -0.06751415 0.01368847 0.1167507
-0.01021981 0.04971758 -0.008650742 4273852 -0.06751415 0.01368847 0.1167507
-0.01419203 0.04949899 -0.00861467 4363937 -0.07086005 0.01301981 0.1169411
-0.01840918 0.04898489 -0.008631394 4474036 -0.07406246 0.01204077 0.1172419
-0.01840918 0.04898489 -0.008631394 4584135 -0.07406246 0.01204077 0.1172419
-0.02240006 0.0484155 -0.008513283 4704243 -0.0771599 0.01091275 0.1175865
-0.02655963 0.04739179 -0.008471714 4814351 -0.08029266 0.009503965 0.1179542
-0.02655963 0.04739179 -0.008471714 4924442 -0.08029266 0.009503965 0.1179542
-0.03002305 0.04592812 -0.008375241 5034537 -0.08324563 0.007919242 0.1182301
-0.03323581 0.04404995 -0.00830386 5144640 -0.08602466 0.006161233 0.1185189
-0.03323581 0.04404995 -0.00830386 5254736 -0.08602466 0.006161233 0.1185189
-0.03641776 0.04198061 -0.008271447 5364839 -0.08858326 0.00430729 0.118873
-0.03981717 0.03968029 -0.008233374 5474934 -0.09104629 0.002142911 0.1193314
-0.03981717 0.03968029 -0.008233374 5595042 -0.09104629 0.002142911 0.1193314
-0.04325435 0.03677837 -0.008218471 5695132 -0.0936223 -0.000358631 0.1198056
-0.04714644 0.03409424 -0.007923112 5815245 -0.09617838 -0.00326357 0.1205546
-0.04714644 0.03409424 -0.007923112 5925340 -0.09617838 -0.00326357 0.1205546
-0.04977721 0.03057086 -0.007937034 6055457 -0.09836116 -0.006121854 0.120902
-0.05213623 0.02693509 -0.00793822 6145538 -0.1001612 -0.008784464 0.1213829
-0.05213623 0.02693509 -0.00793822 6265651 -0.1001612 -0.008784464 0.1213829
-0.05410157 0.02313052 -0.007857066 6365745 -0.1017485 -0.01161874 0.1218676
-0.05575565 0.01897202 -0.007861517 6485845 -0.103079 -0.01467547 0.1222715
-0.05575565 0.01897202 -0.007861517 6595944 -0.103079 -0.01467547 0.1222715
-0.05729458 0.01472266 -0.007855612 6706043 -0.1042722 -0.01805587 0.1226239
-0.05868252 0.0101947 -0.007875476 6826152 -0.1053472 -0.02157783 0.1229647
-0.05868252 0.0101947 -0.007875476 6926242 -0.1053472 -0.02157783 0.1229647
-0.05996409 0.005677703 -0.007744927 7046354 -0.1062348 -0.02519217 0.1234508
-0.06109885 0.0005303561 -0.007750073 7156449 -0.1070627 -0.02913459 0.1238309
-0.06109885 0.0005303561 -0.007750073 7266565 -0.1070627 -0.02913459 0.1238309
-0.06198169 -0.00404356 -0.007638766 7376648 -0.1078042 -0.03289583 0.1241721
-0.06276922 -0.008917885 -0.007667071 7486747 -0.1084619 -0.03670033 0.1244183
-0.06276922 -0.008917885 -0.007667071 7606859 -0.1084619 -0.03670033 0.1244183
-0.063108 -0.01374539 -0.00762016 7716959 -0.1088361 -0.04037112 0.124691
-0.06334252 -0.01858299 -0.007574205 7837071 -0.1090086 -0.04396697 0.1250022
-0.06334252 -0.01858299 -0.007574205 7937157 -0.1090086 -0.04396697 0.1250022
-0.06283741 -0.02342993 -0.007496642 8047256 -0.1087855 -0.04748004 0.1252309
-0.06201246 -0.02799639 -0.007472482 8157351 -0.1083011 -0.05090071 0.1253394
-0.06201246 -0.02799639 -0.007472482 8267451 -0.1083011 -0.05090071 0.1253394
-0.061042 -0.03245468 -0.007502798 8387559 -0.1076249 -0.05411255 0.1254153
-0.0593988 -0.03678376 -0.007530945 8507667 -0.106489 -0.0570968 0.1254206
-0.0593988 -0.03678376 -0.007530945 8597752 -0.106489 -0.0570968 0.1254206
-0.05735175 -0.04106818 -0.007541988 8707852 -0.1050125 -0.05974359 0.1254465
-0.05501848 -0.0452911 -0.007494291 8847974 -0.1031282 -0.06230691 0.1255552
-0.05501848 -0.0452911 -0.007494291 8938055 -0.1031282 -0.06230691 0.1255552
-0.05223195 -0.04947216 -0.007491156 9048154 -0.1007869 -0.06483565 0.1255976
-0.04930421 -0.0536372 -0.007565675 9158262 -0.09815741 -0.06748331 0.1255805
-0.04930421 -0.0536372 -0.007565675 9288371 -0.09815741 -0.06748331 0.1255805
-0.0457168 -0.0572467 -0.007584448 9388461 -0.09526725 -0.06970257 0.1254413
-0.04186838 -0.06037575 -0.007516744 9498568 -0.09212622 -0.07172887 0.1253422
-0.04186838 -0.06037575 -0.007516744 9618672 -0.09212622 -0.07172887 0.1253422
-0.03798796 -0.06301203 -0.007628846 9718759 -0.08879213 -0.0734209 0.1250996
-0.0335578 -0.06550866 -0.007579329 9828858 -0.08540087 -0.07482011 0.1248285
-0.0335578 -0.06550866 -0.007579329 9939160 -0.08540087 -0.07482011 0.1248285
-0.0290165 -0.06756988 -0.007543351 10059065 -0.08188682 -0.07587966 0.1245245
-0.02469118 -0.06910438 -0.007594949 10169181 -0.07839817 -0.07667959 0.1241792
-0.02469118 -0.06910438 -0.007594949 10279268 -0.07839817 -0.07667959 0.1241792
-0.0201428 -0.07039564 -0.007692406 10399372 -0.07457615 -0.07739112 0.1238154
-0.01594506 -0.07112797 -0.00775801 10509471 -0.07095147 -0.07790229 0.1235228
-0.01594506 -0.07112797 -0.00775801 10619570 -0.07095147 -0.07790229 0.1235228
-0.01171697 -0.07127547 -0.007899389 10729670 -0.06731619 -0.07794793 0.1231367
-0.007167093 -0.07097583 -0.007841629 10839769 -0.0639049 -0.07742883 0.1227165
-0.007167093 -0.07097583 -0.007841629 10949872 -0.0639049 -0.07742883 0.1227165
-0.002611096 -0.07064264 -0.007921875 11059979 -0.06039834 -0.07673597 0.1221925
0.001625187 -0.06978815 -0.007983675 11190085 -0.05693348 -0.07576647 0.1217907
0.001625187 -0.06978815 -0.007983675 11290179 -0.05693348 -0.07576647 0.1217907
0.005799374 -0.06874767 -0.008108965 11420292 -0.0532803 -0.07479443 0.1214259
0.01008633 -0.06761149 -0.008232614 11510373 -0.04952213 -0.07353287 0.1210655
0.01008633 -0.06761149 -0.008232614 11620480 -0.04952213 -0.07353287 0.1210655
0.01490123 -0.06607349 -0.008199863 11740593 -0.04558045 -0.07209603 0.1206874
0.01922115 -0.0640622 -0.008299692 11850680 -0.04179573 -0.07024217 0.1203276
0.01922115 -0.0640622 -0.008299692 11960779 -0.04179573 -0.07024217 0.1203276
0.02370951 -0.06226905 -0.008287301 12060869 -0.03803949 -0.06839523 0.1199928
0.02775469 -0.05983539 -0.008329224 12190987 -0.03444774 -0.06620214 0.1197199
0.02775469 -0.05983539 -0.008329224 12291081 -0.03444774 -0.06620214 0.1197199
0.03117838 -0.05744848 -0.008535594 12401176 -0.03130459 -0.06415033 0.1193597
0.03466073 -0.05431126 -0.008529043 12511275 -0.0283284 -0.06175076 0.1190768
0.03466073 -0.05431126 -0.008529043 12631387 -0.0283284 -0.06175076 0.1190768
0.03771033 -0.05145105 -0.008701589 12741483 -0.02561376 -0.05928282 0.1187149
0.04096142 -0.04827115 -0.008632188 12851586 -0.02298359 -0.05662462 0.1184406
0.04096142 -0.04827115 -0.008632188 12961681 -0.02298359 -0.05662462 0.1184406
0.04354513 -0.04489804 -0.008670379 13071780 -0.02064659 -0.05368346 0.1182488
0.04609751 -0.0414142 -0.008715072 13181888 -0.01837317 -0.05098939 0.1180054
0.04609751 -0.0414142 -0.008715072 13291979 -0.01837317 -0.05098939 0.1180054
0.04822357 -0.03806072 -0.008952715 13402078 -0.01645582 -0.04830343 0.1176092
0.04994063 -0.03426447 -0.009080504 13522186 -0.01472992 -0.04529336 0.1174198
0.04994063 -0.03426447 -0.009080504 13632290 -0.01472992 -0.04529336 0.1174198
0.05190606 -0.03008205 -0.009001846 13742409 -0.0130962 -0.04211752 0.1172364
0.05333328 -0.02602378 -0.009035234 13852484 -0.01178174 -0.03884575 0.1170674
0.05333328 -0.02602378 -0.009035234 13972596 -0.01178174 -0.03884575 0.1170674
0.05386463 -0.02138484 -0.009224517 14082699 -0.01090584 -0.0353758 0.1169312
0.05407796 -0.01654 -0.009357893 14192795 -0.01031214 -0.03214302 0.1168035
0.05417734 -0.01122576 -0.009387182 14302890 -0.009790394 -0.02872417 0.1167404
0.05417734 -0.01122576 -0.009387182 14412993 -0.009790394 -0.02872417 0.1167404
0.05385324 -0.006092848 -0.00934994 14523348 -0.009592663 -0.02500973 0.1168365
0.05377848 -0.001089146 -0.009208607 14643201 -0.009389898 -0.02132923 0.1169117
0.05377848 -0.001089146 -0.009208607 14743287 -0.009389898 -0.02132923 0.1169117
0.05309227 0.003950043 -0.009086122 14863399 -0.009457318 -0.01766693 0.1171141
0.05208414 0.008774092 -0.008986821 15003529 -0.009753372 -0.01425418 0.1173146
0.05208414 0.008774092 -0.008986821 15083602 -0.009753372 -0.01425418 0.1173146
0.0506847 0.01295442 -0.008921692 15193693 -0.01031124 -0.01107011 0.1176032
0.04888867 0.01644222 -0.00887625 15303796 -0.01123495 -0.007879131 0.118009
0.04888867 0.01644222 -0.00887625 15423904 -0.01123495 -0.007879131 0.118009
0.04675999 0.0192531 -0.008861507 15534003 -0.01219238 -0.004970378 0.1185907
0.0441535 0.02164583 -0.008615992 15644115 -0.01330766 -0.002538135 0.119523
0.0441535 0.02164583 -0.008615992 15754198 -0.01330766 -0.002538135 0.119523
0.04348603 0.02491299 -0.006379666 15864297 -0.01510128 -0.0001461536 0.1210794
0.04228501 0.02645528 -0.003668026 15974408 -0.01805113 0.001043353 0.1229022
0.04228501 0.02645528 -0.003668026 16084495 -0.01805113 0.001043353 0.1229022
0.04045159 0.02805092 -0.0006798918 16204608 -0.02092289 0.001915945 0.1252422
