0.05582777 0.0003735129 -0.007047731 0 0.01057228 0.05119678 0.1181528
0.05567458 0.0002240747 -0.006963748 100094 0.009943349 0.04887464 0.1189251
0.05597562 0.0004600837 -0.006859191 210189 0.008977127 0.046563 0.1195208
0.05597562 0.0004600837 -0.006859191 340307 0.008977127 0.046563 0.1195208
0.05578003 0.0005378476 -0.006841986 440401 0.007733155 0.04464198 0.1198567
0.05583033 0.0005171124 -0.00653581 550496 0.006249073 0.04323563 0.1200465
0.05583033 0.0005171124 -0.00653581 670604 0.006249073 0.04323563 0.1200465
0.05474532 0.0006186577 -0.006514107 770694 0.005432541 0.04257276 0.1204282
0.05225882 0.000363447 -0.006914111 900820 0.006006431 0.04277461 0.1210244
0.05225882 0.000363447 -0.006914111 990889 0.006006431 0.04277461 0.1210244
0.0490293 -1.382015E-05 -0.007339197 1111009 0.006866769 0.04352337 0.1216301
0.04631468 -0.0002306566 -0.007564055 1221100 0.00688531 0.04424836 0.1219473
0.04631468 -0.0002306566 -0.007564055 1341213 0.00688531 0.04424836 0.1219473
0.04393911 -8.977821E-05 -0.007743083 1441299 0.005896599 0.04473789 0.1220625
0.04153892 5.966358E-05 -0.007838145 1561415 0.004730088 0.04486689 0.1223297
0.04153892 5.966358E-05 -0.007838145 1661497 0.004730088 0.04486689 0.1223297
0.03881744 0.000423715 -0.007970108 1781606 0.003664147 0.04488552 0.1227725
0.03594924 0.0005508452 -0.008073431 1891705 0.002770255 0.04482771 0.1232466
0.03594924 0.0005508452 -0.008073431 2011837 0.002770255 0.04482771 0.1232466
0.03246101 0.0005007713 -0.008151037 2111923 0.001755486 0.04463569 0.1238168
0.02911463 0.000539222 -0.008234932 2222015 9.059058E-05 0.04410645 0.1243009
0.02911463 0.000539222 -0.008234932 2342119 9.059058E-05 0.04410645 0.1243009
0.02649022 0.0007430649 -0.008159889 2442205 -0.002521483 0.04328268 0.124712
0.02365372 0.0007593115 -0.008156507 2562325 -0.005200688 0.04246362 0.1250141
0.02365372 0.0007593115 -0.008156507 2672412 -0.005200688 0.04246362 0.1250141
0.02069258 0.0005805765 -0.008176511 2792622 -0.00754874 0.04202459 0.1252066
0.01767541 0.0005460784 -0.008257519 2902632 -0.009580064 0.04200564 0.1253257
0.01767541 0.0005460784 -0.008257519 3002710 -0.009580064 0.04200564 0.1253257
0.01473503 0.0004574191 -0.008243915 3122814 -0.01149005 0.04234024 0.1254136
0.01170756 0.0005468157 -0.008334084 3232918 -0.01343584 0.04286167 0.1253951
0.01170756 0.0005468157 -0.008334084 3343017 -0.01343584 0.04286167 0.1253951
0.008881431 0.000495318 -0.008477768 3463125 -0.01543227 0.04329922 0.1252492
0.005994042 0.0004246463 -0.008477817 3563211 -0.01746172 0.04388944 0.1251892
0.005994042 0.0004246463 -0.008477817 3683319 -0.01746172 0.04388944 0.1251892
0.003319024 0.0001877295 -0.008572655 3793419 -0.01933813 0.04439032 0.1249901
0.0007084114 3.954805E-05 -0.008605433 3903522 -0.02124745 0.04477153 0.1248982
0.0007084114 3.954805E-05 -0.008605433 4013617 -0.02124745 0.04477153 0.1248982
-0.001661612 -1.486846E-05 -0.008600875 4123716 -0.02305327 0.04507249 0.1248748
-0.0043591 -5.322564E-05 -0.008710257 4243820 -0.02477196 0.045281 0.1248351
-0.0043591 -5.322564E-05 -0.008710257 4343915 -0.02477196 0.045281 0.1248351
-0.006404474 -0.0001256223 -0.008662215 4464035 -0.02649791 0.04532637 0.1248916
-0.008637533 -0.0001662882 -0.008679816 4574122 -0.02804922 0.04544301 0.1249212
-0.008637533 -0.0001662882 -0.008679816 4694230 -0.02804922 0.04544301 0.1249212
-0.01104583 -0.0001470545 -0.008826652 4794321 -0.02948749 0.04557514 0.1248731
-0.01301154 -0.0003957484 -0.008840141 4914433 -0.0306956 0.04563382 0.1248565
-0.01301154 -0.0003957484 -0.008840141 5014519 -0.0306956 0.04563382 0.1248565
-0.01480792 -0.0003746198 -0.008842559 5124618 -0.03195993 0.04565871 0.1249221
-0.01637136 -0.0003671928 -0.008868504 5254736 -0.03306971 0.0455145 0.1250056
-0.01637136 -0.0003671928 -0.008868504 5354826 -0.03306971 0.0455145 0.1250056
-0.01826896 -0.0005492328 -0.008893647 5464925 -0.03392548 0.04520346 0.1251504
-0.02030307 -0.000684599 -0.008972177 5575028 -0.03459476 0.04481455 0.1253104
-0.02030307 -0.000684599 -0.008972177 5685132 -0.03459476 0.04481455 0.1253104
-0.02188861 -0.0007782895 -0.008986061 5805232 -0.03535045 0.04439075 0.1254936
-0.02311638 -0.0008874026 -0.008979757 5915331 -0.03632707 0.04399054 0.1256222
-0.02311638 -0.0008874026 -0.008979757 6035443 -0.03632707 0.04399054 0.1256222
-0.0241006 -0.0008234822 -0.00896614 6145542 -0.03727335 0.04380569 0.1257223
-0.02514304 -0.0008408013 -0.008949521 6245633 -0.038074 0.04385864 0.125739
-0.02514304 -0.0008408013 -0.008949521 6365737 -0.038074 0.04385864 0.125739
-0.02643168 -0.0007872889 -0.009012536 6465827 -0.03843045 0.04409106 0.1257028
-0.02815528 -0.0007733133 -0.009152223 6585935 -0.03850789 0.04434019 0.1256211
-0.02946956 -0.0008027088 -0.009213873 6706044 -0.0387201 0.04459083 0.1255455
-0.02946956 -0.0008027088 -0.009213873 6806130 -0.0387201 0.04459083 0.1255455
-0.03018265 -0.0007048597 -0.009323249 6926242 -0.03935812 0.04516074 0.1252813
-0.02935373 -0.0007229071 -0.009110037 7046350 -0.04021714 0.04630263 0.1249676
-0.02935373 -0.0007229071 -0.009110037 7136431 -0.04021714 0.04630263 0.1249676
-0.02976834 -0.0006857053 -0.00925105 7256540 -0.03956087 0.04794708 0.1243349
-0.02965269 -0.0009517216 -0.008762185 7386657 -0.03878242 0.05083967 0.1236785
-0.02965269 -0.0009517216 -0.008762185 7476738 -0.03878242 0.05083967 0.1236785
-0.02822044 -0.001155421 -0.006146329 7586837 -0.03908807 0.05672863 0.1236133
-0.02677261 -0.0003851519 -0.00203253 7696949 -0.04041627 0.06555768 0.1235527
-0.02677261 -0.0003851519 -0.00203253 7817045 -0.04041627 0.06555768 0.1235527
-0.02555847 0.0005636255 0.003501177 7927144 -0.04258228 0.07403781 0.124406
