0.1414731 0.004000015 0.01281214 0 0.06861909 -0.03356547 0.129377
0.1417961 0.002848844 0.01020386 110104 0.06977309 -0.03391534 0.1275381
0.1421438 0.0015182 0.007745126 220195 0.07072562 -0.03451345 0.1256748
0.1421438 0.0015182 0.007745126 330298 0.07072562 -0.03451345 0.1256748
0.1425476 0.0004295608 0.005584538 440393 0.07144117 -0.03494957 0.1238995
0.1437985 6.178964E-05 0.004351897 550492 0.07248078 -0.03509069 0.1226072
0.1437985 6.178964E-05 0.004351897 660592 0.07248078 -0.03509069 0.1226072
0.1437445 -0.0008091283 0.002208536 780700 0.07337781 -0.03525458 0.1212391
0.1434454 -0.001274176 0.0002460485 890799 0.07427162 -0.0353926 0.1200675
0.1434454 -0.001274176 0.0002460485 1000902 0.07427162 -0.0353926 0.1200675
0.1433977 -0.00121631 -0.001317687 1111002 0.07490575 -0.03536109 0.1188873
0.1431106 -0.001357471 -0.002824161 1221097 0.07512787 -0.03521072 0.1177518
0.142973 -0.0007824951 -0.004082859 1341209 0.07536405 -0.03431153 0.1167934
0.142973 -0.0007824951 -0.004082859 1451304 0.07536405 -0.03431153 0.1167934
0.143169 -0.00138082 -0.00562973 1561404 0.07546633 -0.03341384 0.1155993
0.1434406 -0.001404417 -0.006895153 1671511 0.07565889 -0.03235932 0.1145695
0.1434406 -0.001404417 -0.006895153 1781602 0.07565889 -0.03235932 0.1145695
0.1439218 -0.001392337 -0.007991865 1891705 0.07632671 -0.03175104 0.113727
0.1430037 -0.00152026 -0.009170523 2011972 0.07708485 -0.03138065 0.1135866
0.1430037 -0.00152026 -0.009170523 2111900 0.07708485 -0.03138065 0.1135866
0.1424345 -0.001928486 -0.009635849 2232012 0.07678083 -0.03067101 0.1135295
0.1428661 -0.002640492 -0.009705482 2342111 0.07659563 -0.0293189 0.1135939
0.1428661 -0.002640492 -0.009705482 2472224 0.07659563 -0.0293189 0.1135939
0.1445853 -0.003252958 -0.009078423 2562306 0.07755663 -0.0278375 0.1142463
0.1444259 -0.00390724 -0.009191917 2672409 0.07799445 -0.02695748 0.1147508
0.1444259 -0.00390724 -0.009191917 2782508 0.07799445 -0.02695748 0.1147508
0.1443388 -0.003940983 -0.009224177 2902612 0.07898253 -0.02649072 0.1153804
0.1442761 -0.003822671 -0.009145057 3012716 0.0804246 -0.02660223 0.1161958
0.1442761 -0.003822671 -0.009145057 3122811 0.0804246 -0.02660223 0.1161958
0.1419408 -0.003023966 -0.009676061 3242923 0.08070854 -0.027084 0.1167279
0.1412632 -0.002705849 -0.009467985 3343017 0.08163337 -0.02766589 0.1175262
0.1412632 -0.002705849 -0.009467985 3453112 0.08163337 -0.02766589 0.1175262
0.1398621 -0.002806851 -0.00944746 3563208 0.08171791 -0.02803893 0.1181803
0.138656 -0.003246713 -0.009396519 3683316 0.08121177 -0.02810269 0.1186213
0.138656 -0.003246713 -0.009396519 3793419 0.08121177 -0.02810269 0.1186213
0.137002 -0.003433119 -0.009328196 3903518 0.0801229 -0.02801901 0.1189938
0.1351771 -0.003770123 -0.009353 4013613 0.07865643 -0.02802532 0.1191901
0.1351771 -0.003770123 -0.009353 4133722 0.07865643 -0.02802532 0.1191901
0.1332439 -0.003768157 -0.009159231 4233816 0.07711239 -0.02812989 0.1195342
0.1305889 -0.003444892 -0.009179517 4353920 0.07541771 -0.02841372 0.1198125
0.1305889 -0.003444892 -0.009179517 4464019 0.07541771 -0.02841372 0.1198125
0.1280033 -0.003091258 -0.009019859 4574123 0.07364656 -0.02892694 0.1201471
0.1247032 -0.002400926 -0.008992245 4694227 0.0717572 -0.02931003 0.120541
0.1247032 -0.002400926 -0.008992245 4794321 0.0717572 -0.02931003 0.120541
0.1216109 -0.001881695 -0.008865807 4914433 0.06973148 -0.02967166 0.1209128
0.1182053 -0.001290353 -0.008825833 5024529 0.06728958 -0.02972818 0.1211938
0.1182053 -0.001290353 -0.008825833 5134624 0.06728958 -0.02972818 0.1211938
0.1170126 -0.0005153181 -0.007927372 5244723 0.06539788 -0.02968485 0.1216539
0.1110902 -0.001301409 -0.00889235 5374840 0.06145455 -0.02973473 0.1216223
0.1110902 -0.001301409 -0.00889235 5464921 0.06145455 -0.02973473 0.1216223
0.1075224 -0.001311582 -0.008856137 5575021 0.05840605 -0.02960523 0.1218852
0.1035588 -0.00110769 -0.008833095 5695133 0.0552604 -0.02955001 0.1221804
0.1035588 -0.00110769 -0.008833095 5805232 0.0552604 -0.02955001 0.1221804
0.09949375 -0.0004435623 -0.00871355 5915327 0.05202609 -0.0294594 0.1224777
0.09528385 -8.464051E-06 -0.008644212 6025427 0.04863562 -0.0295326 0.1227274
0.09528385 -8.464051E-06 -0.008644212 6135526 0.04863562 -0.0295326 0.1227274
0.09307332 -0.002191223 -0.008432603 6245625 0.04597861 -0.03041902 0.1230646
0.08837646 -0.002009217 -0.008456144 6355732 0.0422316 -0.0304135 0.1233395
0.08837646 -0.002009217 -0.008456144 6465832 0.0422316 -0.0304135 0.1233395
0.08372958 -0.001496632 -0.008441415 6585936 0.03833632 -0.03031486 0.1235253
0.07861852 -0.0008673557 -0.008414911 6696031 0.0341478 -0.03003566 0.1237887
0.07861852 -0.0008673557 -0.008414911 6816151 0.0341478 -0.03003566 0.1237887
0.07380991 -0.0001923336 -0.008310379 6916233 0.02993293 -0.02992407 0.1239661
0.0685022 0.0003708413 -0.008234636 7036342 0.02551116 -0.02971662 0.1242522
0.0685022 0.0003708413 -0.008234636 7156462 0.02551116 -0.02971662 0.1242522
0.06351645 0.0003788109 -0.008190354 7256548 0.02115334 -0.02962508 0.1245175
0.05799105 0.0005163365 -0.008070512 7366651 0.01664233 -0.02938157 0.1249807
0.05277337 0.0001698184 -0.008072318 7506762 0.01226918 -0.02941975 0.1253072
0.05277337 0.0001698184 -0.008072318 7596843 0.01226918 -0.02941975 0.1253072
0.04758824 -4.21677E-05 -0.007977571 7706942 0.00778519 -0.02958676 0.1256229
0.04758824 -4.21677E-05 -0.007977571 7817057 0.00778519 -0.02958676 0.1256229
0.04154134 0.0001661816 -0.007888491 7927140 0.00303223 -0.02985099 0.1259856
0.03649477 2.944478E-05 -0.007665814 8037240 -0.001328617 -0.03033906 0.1263244
0.03649477 2.944478E-05 -0.007665814 8147343 -0.001328617 -0.03033906 0.1263244
0.03025976 0.0002995663 -0.007556994 8267451 -0.006312496 -0.03051329 0.1266789
0.02377861 0.0001767004 -0.007549682 8367537 -0.0113886 -0.03083051 0.1270165
0.02377861 0.0001767004 -0.007549682 8487654 -0.0113886 -0.03083051 0.1270165
0.01708836 0.000423575 -0.007444441 8597749 -0.01677571 -0.03095276 0.1273702
0.01045578 0.0001800732 -0.007492812 8707844 -0.02233497 -0.03131961 0.1275582
0.01045578 0.0001800732 -0.007492812 8817951 -0.02233497 -0.03131961 0.1275582
0.003489388 0.0002970526 -0.007441697 8928046 -0.02789926 -0.03147786 0.1278777
-0.003445155 0.0003243172 -0.007298694 9038142 -0.03334695 -0.03181183 0.128272
-0.003445155 0.0003243172 -0.007298694 9158250 -0.03334695 -0.03181183 0.128272
-0.01075693 0.0001185689 -0.007252698 9268349 -0.03890939 -0.0321212 0.1286674
-0.01761937 -0.0004709749 -0.00718071 9378456 -0.04468934 -0.03262643 0.1289791
-0.01761937 -0.0004709749 -0.00718071 9488556 -0.04468934 -0.03262643 0.1289791
-0.02499729 -0.0009138517 -0.007136456 9628682 -0.05056613 -0.03302056 0.1293246
-0.03216204 -0.001488605 -0.007089749 9718759 -0.056318 -0.03345783 0.1296608
-0.03216204 -0.001488605 -0.007089749 9828854 -0.056318 -0.03345783 0.1296608
-0.03924862 -0.001851878 -0.006997471 9948967 -0.06202399 -0.03387573 0.129977
-0.04672059 -0.002050616 -0.006938234 10049057 -0.06778419 -0.03434141 0.1302473
-0.04672059 -0.002050616 -0.006938234 10169161 -0.06778419 -0.03434141 0.1302473
-0.05380175 -0.002159308 -0.006823704 10289269 -0.07362188 -0.03471412 0.1304847
-0.06113877 -0.002544511 -0.006823069 10389359 -0.07944504 -0.03503946 0.1307095
-0.06113877 -0.002544511 -0.006823069 10499463 -0.07944504 -0.03503946 0.1307095
-0.06809472 -0.00285509 -0.006824162 10609562 -0.08511596 -0.03521284 0.1309056
-0.07516041 -0.003373132 -0.006849818 10719657 -0.09053647 -0.03525931 0.1311831
-0.07516041 -0.003373132 -0.006849818 10829760 -0.09053647 -0.03525931 0.1311831
-0.0817517 -0.003896458 -0.006796393 10939860 -0.09567937 -0.03527575 0.1315062
-0.088205 -0.004246585 -0.006644011 11079982 -0.100694 -0.03515013 0.1319029
-0.088205 -0.004246585 -0.006644011 11170063 -0.100694 -0.03515013 0.1319029
-0.09469835 -0.004573666 -0.006505577 11280162 -0.1056457 -0.03531234 0.1322083
-0.1007027 -0.004971796 -0.006485206 11410279 -0.1104142 -0.03555078 0.1323559
-0.1007027 -0.004971796 -0.006485206 11500365 -0.1104142 -0.03555078 0.1323559
-0.1066446 -0.005502176 -0.006515004 11610464 -0.1150719 -0.03582294 0.1324666
-0.1126385 -0.005865832 -0.006401917 11720563 -0.119521 -0.03596274 0.1327133
-0.1183192 -0.006353959 -0.006261918 11840667 -0.1239298 -0.03630979 0.1329409
-0.1183192 -0.006353959 -0.006261918 11940762 -0.1239298 -0.03630979 0.1329409
-0.1237863 -0.006639138 -0.006065619 12050865 -0.1281764 -0.03653007 0.1331949
-0.1294454 -0.00706809 -0.006029916 12170965 -0.1323733 -0.03683497 0.1332956
-0.1294454 -0.00706809 -0.006029916 12281064 -0.1323733 -0.03683497 0.1332956
-0.1349207 -0.007276518 -0.005956316 12391163 -0.1364261 -0.03710188 0.1333793
-0.1349207 -0.007276518 -0.005956316 12501263 -0.1364261 -0.03710188 0.1333793
-0.1402606 -0.007409222 -0.00589094 12621371 -0.1403993 -0.03732425 0.1334336
-0.1456858 -0.007775935 -0.005910987 12731470 -0.1442313 -0.03744447 0.1334587
-0.150549 -0.007453956 -0.005733639 12841573 -0.1477975 -0.03736953 0.1335636
-0.150549 -0.007453956 -0.005733639 12951669 -0.1477975 -0.03736953 0.1335636
-0.1552058 -0.007778713 -0.005765662 13061768 -0.151249 -0.03753744 0.1335362
-0.1590944 -0.008107835 -0.005862791 13181876 -0.1545058 -0.03749763 0.133498
-0.1590944 -0.008107835 -0.005862791 13291975 -0.1545058 -0.03749763 0.133498
-0.1634902 -0.008556022 -0.005782736 13402087 -0.157364 -0.03739956 0.133633
-0.1682624 -0.009028775 -0.005651972 13512178 -0.1598666 -0.03718879 0.1337854
-0.1682624 -0.009028775 -0.005651972 13622281 -0.1598666 -0.03718879 0.1337854
-0.1722059 -0.009527414 -0.005515418 13732372 -0.1624267 -0.03698235 0.1339723
-0.1751253 -0.0103074 -0.005278177 13872503 -0.1649746 -0.03695097 0.1343403
-0.1751253 -0.0103074 -0.005278177 13952571 -0.1649746 -0.03695097 0.1343403
-0.177294 -0.01045616 -0.004501888 14072683 -0.1672692 -0.03714426 0.1351172
-0.1782565 -0.01088214 -0.003274781 14182786 -0.1692889 -0.03798104 0.1363371
-0.1782565 -0.01088214 -0.003274781 14302894 -0.1692889 -0.03798104 0.1363371
-0.1789495 -0.01073544 -0.001337958 14412990 -0.1707479 -0.03879789 0.1381306
-0.1784347 -0.01025919 0.001124832 14513076 -0.1712163 -0.03961572 0.1403812
-0.1784347 -0.01025919 0.001124832 14623175 -0.1712163 -0.03961572 0.1403812
