0.3040078 0.003003769 -0.0114298 0 0.2416269 -0.02573221 0.1134266
0.3031473 0.002505665 -0.01155439 100090 0.2405636 -0.02532873 0.1134047
0.3031473 0.002505665 -0.01155439 220199 0.2405636 -0.02532873 0.1134047
0.3017977 0.00187749 -0.01153299 330298 0.2394997 -0.02502472 0.1137726
0.299792 0.001457481 -0.01162137 440397 0.2379123 -0.02507761 0.1139694
0.299792 0.001457481 -0.01162137 550496 0.2379123 -0.02507761 0.1139694
0.2976266 0.001156637 -0.01158368 670625 0.2360265 -0.0252933 0.1141624
0.2950369 0.0009857046 -0.01157901 780704 0.2339497 -0.02570917 0.1143653
0.2950369 0.0009857046 -0.01157901 890904 0.2339497 -0.02570917 0.1143653
0.2921811 0.0009018963 -0.01156453 1020928 0.2316844 -0.02616777 0.1145847
0.2890296 0.0009383901 -0.01152851 1111006 0.2292269 -0.02664348 0.1148405
0.2890296 0.0009383901 -0.01152851 1221105 0.2292269 -0.02664348 0.1148405
0.2854987 0.0007948035 -0.01149967 1331200 0.226368 -0.02721511 0.1150912
0.2817822 0.0008797809 -0.01149628 1451308 0.2230889 -0.02763748 0.1151848
0.2817822 0.0008797809 -0.01149628 1561407 0.2230889 -0.02763748 0.1151848
0.2778087 0.0008237536 -0.01144204 1661498 0.2195004 -0.02791346 0.1153671
0.2734194 0.0008196321 -0.01143072 1781606 0.2157562 -0.02811285 0.1156288
0.2734194 0.0008196321 -0.01143072 1891705 0.2157562 -0.02811285 0.1156288
0.2688636 0.0009185097 -0.01135553 2001808 0.2118258 -0.02830177 0.1159202
0.2642824 0.0009360152 -0.01128801 2121917 0.2075835 -0.02852283 0.1160841
0.2642824 0.0009360152 -0.01128801 2242025 0.2075835 -0.02852283 0.1160841
0.2594017 0.0008773014 -0.01129792 2342115 0.2031268 -0.02883293 0.1162038
0.2543656 0.0009050026 -0.01121596 2472228 0.1983884 -0.02900177 0.1163708
0.2543656 0.0009050026 -0.01121596 2562309 0.1983884 -0.02900177 0.1163708
0.2489641 0.0009680164 -0.01113504 2672409 0.1934362 -0.02899518 0.1166346
0.2437107 0.001602077 -0.01052248 2782508 0.1884605 -0.02887341 0.1172464
0.2437107 0.001602077 -0.01052248 2902620 0.1884605 -0.02887341 0.1172464
0.2385713 0.002195853 -0.01008642 3002710 0.1835409 -0.02870963 0.1176741
0.2327575 0.002359258 -0.01002024 3112806 0.1782136 -0.02867162 0.1179184
0.2327575 0.002359258 -0.01002024 3242927 0.1782136 -0.02867162 0.1179184
0.2267616 0.002449845 -0.009994343 3343013 0.1727812 -0.0285729 0.118185
0.2204463 0.002680695 -0.009907082 3463121 0.1671457 -0.02847589 0.1185241
0.2204463 0.002680695 -0.009907082 3573225 0.1671457 -0.02847589 0.1185241
0.2138626 0.002930667 -0.009909187 3683320 0.1615895 -0.02865299 0.1188396
0.2070041 0.003279945 -0.009817571 3783410 0.1556426 -0.02923119 0.1190671
0.2070041 0.003279945 -0.009817571 3903555 0.1556426 -0.02923119 0.1190671
0.2004674 0.003569194 -0.009694842 4013621 0.1496719 -0.02981987 0.1191897
0.1937505 0.003589568 -0.00974396 4123721 0.1436273 -0.03040985 0.1192442
0.1937505 0.003589568 -0.00974396 4243825 0.1436273 -0.03040985 0.1192442
0.187062 0.003740358 -0.009683936 4353932 0.1376483 -0.03078107 0.1194393
0.180081 0.003768889 -0.009619666 4464048 0.1316002 -0.03105767 0.119775
0.1729409 0.00378609 -0.009561865 4594145 0.1254908 -0.03125482 0.1201565
0.1729409 0.00378609 -0.009561865 4674213 0.1254908 -0.03125482 0.1201565
0.1656422 0.003715955 -0.009537536 4804346 0.1190879 -0.03154109 0.1204466
0.1656422 0.003715955 -0.009537536 4904432 0.1190879 -0.03154109 0.1204466
0.1582601 0.003687524 -0.009517191 5024528 0.1125713 -0.03191568 0.1206795
0.1510183 0.003481969 -0.00942289 5124619 0.1060555 -0.03241066 0.120947
0.1510183 0.003481969 -0.00942289 5244731 0.1060555 -0.03241066 0.120947
0.1436553 0.003148459 -0.009314971 5364839 0.09984187 -0.03294788 0.1213896
0.1361618 0.002709854 -0.009257969 5464929 0.09339613 -0.03361489 0.12173
0.1361618 0.002709854 -0.009257969 5585034 0.09339613 -0.03361489 0.12173
0.1287037 0.002128689 -0.009184985 5685140 0.08682871 -0.03426655 0.1220709
0.1212283 0.001724412 -0.009057121 5795231 0.08040829 -0.03497499 0.1224462
0.1212283 0.001724412 -0.009057121 5915335 0.08040829 -0.03497499 0.1224462
0.1135024 0.001569039 -0.008912722 6025430 0.07394105 -0.03568132 0.1228201
0.1048933 0.001128033 -0.008867352 6135530 0.06711034 -0.03628541 0.1233405
0.1048933 0.001128033 -0.008867352 6245633 0.06711034 -0.03628541 0.1233405
0.0963781 0.001060708 -0.008714833 6365737 0.06024655 -0.03684898 0.1238129
0.08859004 0.000626464 -0.00866163 6465835 0.0532063 -0.03744785 0.1240206
0.08859004 0.000626464 -0.00866163 6585948 0.0532063 -0.03744785 0.1240206
0.08051512 0.0003181881 -0.008570548 6696047 0.04613067 -0.03790021 0.1243328
0.07203034 -0.0001379771 -0.008557134 6846174 0.03903569 -0.03836805 0.1246947
0.07203034 -0.0001379771 -0.008557134 6916237 0.03903569 -0.03836805 0.1246947
0.06322294 -0.0007473353 -0.008577839 7026345 0.03196271 -0.03874952 0.1251565
0.05458249 -0.001962424 -0.008662548 7136452 0.02492266 -0.03943106 0.1255859
0.0458866 -0.002623448 -0.008552993 7256544 0.01747549 -0.0400067 0.125989
0.0458866 -0.002623448 -0.008552993 7366651 0.01747549 -0.0400067 0.125989
0.03709749 -0.002643545 -0.008383433 7486747 0.0100003 -0.04047493 0.1263042
0.03709749 -0.002643545 -0.008383433 7586858 0.0100003 -0.04047493 0.1263042
0.02790685 -0.00297766 -0.008235848 7696937 0.002395916 -0.04092262 0.1267294
0.01915429 -0.003533016 -0.008101611 7807036 -0.005002538 -0.04133535 0.1271525
0.01003072 -0.00410954 -0.008060647 7927148 -0.01250229 -0.04190651 0.127475
0.01003072 -0.00410954 -0.008060647 8037256 -0.01250229 -0.04190651 0.127475
0.0009429755 -0.004495415 -0.00799659 8147347 -0.01998872 -0.04260231 0.1277089
-0.008084678 -0.004820111 -0.00788587 8257458 -0.02738287 -0.04324057 0.1279732
-0.008084678 -0.004820111 -0.00788587 8367545 -0.02738287 -0.04324057 0.1279732
-0.01680996 -0.005453924 -0.007866384 8487649 -0.03479031 -0.04367353 0.12823
-0.01680996 -0.005453924 -0.007866384 8587744 -0.03479031 -0.04367353 0.12823
-0.02567826 -0.006230569 -0.007871528 8707864 -0.04220303 -0.04395592 0.1285468
-0.03435132 -0.006995485 -0.007824832 8817947 -0.04957172 -0.04430319 0.1288599
-0.04317688 -0.007506253 -0.007798185 8928050 -0.05694374 -0.04479559 0.1290456
-0.04317688 -0.007506253 -0.007798185 9038146 -0.05694374 -0.04479559 0.1290456
-0.05218516 -0.007805875 -0.007692962 9158254 -0.06419817 -0.04523007 0.1292791
-0.06095225 -0.008030544 -0.007578882 9258344 -0.07152913 -0.04535454 0.1295389
-0.06095225 -0.008030544 -0.007578882 9368443 -0.07152913 -0.04535454 0.1295389
-0.06970626 -0.008294993 -0.007449416 9488555 -0.07907209 -0.04516916 0.129878
-0.07821088 -0.008570737 -0.00737441 9598655 -0.08685394 -0.04496144 0.1301292
-0.07821088 -0.008570737 -0.00737441 9708762 -0.08685394 -0.04496144 0.1301292
-0.08680317 -0.008722963 -0.007341975 9848880 -0.09439609 -0.04494389 0.1302685
-0.09603778 -0.008625478 -0.007164297 9938965 -0.1015236 -0.04519556 0.1304539
-0.09603778 -0.008625478 -0.007164297 10039064 -0.1015236 -0.04519556 0.1304539
-0.1050636 -0.008672388 -0.006973111 10149159 -0.1087787 -0.04540677 0.1306605
-0.1138184 -0.008737871 -0.00682312 10279268 -0.1160845 -0.04516837 0.1309227
-0.1138184 -0.008737871 -0.00682312 10379366 -0.1160845 -0.04516837 0.1309227
-0.122404 -0.009049256 -0.006730519 10499462 -0.1235044 -0.04489639 0.1311826
-0.1311892 -0.009340523 -0.006632587 10599553 -0.1308706 -0.04476067 0.1313948
-0.1311892 -0.009340523 -0.006632587 10729678 -0.1308706 -0.04476067 0.1313948
-0.1394511 -0.00959626 -0.00678348 10829768 -0.1380099 -0.04465893 0.131328
-0.1491402 -0.009842179 -0.006716718 10939872 -0.1449883 -0.04465547 0.1314029
-0.1491402 -0.009842179 -0.006716718 11050562 -0.1449883 -0.04465547 0.1314029
-0.1587808 -0.01020563 -0.006618943 11160082 -0.1522628 -0.04466376 0.1314984
-0.1680783 -0.01063754 -0.006485635 11280182 -0.1599407 -0.04453298 0.131685
-0.1680783 -0.01063754 -0.006485635 11380256 -0.1599407 -0.04453298 0.131685
-0.1773684 -0.01111696 -0.00630466 11500369 -0.1675963 -0.04425036 0.1319449
-0.1863328 -0.01174808 -0.006239913 11610476 -0.1751263 -0.04422084 0.1320575
-0.1863328 -0.01174808 -0.006239913 11720575 -0.1751263 -0.04422084 0.1320575
-0.1953262 -0.01212694 -0.006131146 11830662 -0.1826671 -0.04402287 0.1321752
-0.2042582 -0.01317244 -0.00604213 11940765 -0.1903901 -0.04395064 0.1324014
-0.2042582 -0.01317244 -0.00604213 12050861 -0.1903901 -0.04395064 0.1324014
-0.2128622 -0.01400485 -0.005949051 12160960 -0.1982542 -0.04388362 0.1326154
-0.2215103 -0.01464635 -0.005895587 12281068 -0.2058256 -0.0437935 0.132707
-0.2215103 -0.01464635 -0.005895587 12401176 -0.2058256 -0.0437935 0.132707
-0.2303486 -0.01514512 -0.005857996 12511276 -0.2130351 -0.04392669 0.1326271
-0.2390336 -0.01539807 -0.005824222 12611370 -0.2198144 -0.04389344 0.1324685
-0.2390336 -0.01539807 -0.005824222 12721485 -0.2198144 -0.04389344 0.1324685
-0.2476 -0.01582178 -0.005698389 12841577 -0.2266039 -0.04365691 0.1324704
-0.255705 -0.01639652 -0.005659708 12961681 -0.2335282 -0.04341038 0.1324876
-0.255705 -0.01639652 -0.005659708 13061772 -0.2335282 -0.04341038 0.1324876
-0.2634083 -0.01683534 -0.00570225 13171871 -0.2403105 -0.04317966 0.1324234
-0.2715797 -0.01716802 -0.005683021 13281970 -0.247015 -0.04301593 0.1322833
-0.2715797 -0.01716802 -0.005683021 13392268 -0.247015 -0.04301593 0.1322833
-0.2805543 -0.0172651 -0.005323078 13502173 -0.2535305 -0.04265182 0.1322686
-0.2887155 -0.0171989 -0.005165124 13622277 -0.2601296 -0.04222012 0.1321776
-0.2887155 -0.0171989 -0.005165124 13732384 -0.2601296 -0.04222012 0.1321776
-0.2964946 -0.01738754 -0.005001153 13842475 -0.2669841 -0.04170514 0.1322724
-0.3041087 -0.01733884 -0.004900976 13952574 -0.273859 -0.04109478 0.13231
-0.3041087 -0.01733884 -0.004900976 14072695 -0.273859 -0.04109478 0.13231
-0.3117281 -0.01740978 -0.004809374 14172773 -0.2805188 -0.04061229 0.1322813
-0.3192515 -0.01732552 -0.004720807 14292885 -0.2868882 -0.04016968 0.1321624
-0.3192515 -0.01732552 -0.004720807 14402984 -0.2868882 -0.04016968 0.1321624
-0.3270285 -0.01748773 -0.004601358 14513080 -0.2928289 -0.03969792 0.1319393
-0.3341766 -0.01756456 -0.004555944 14633192 -0.2986653 -0.03931752 0.1317232
-0.3341766 -0.01756456 -0.004555944 14733278 -0.2986653 -0.03931752 0.1317232
-0.3409722 -0.01756909 -0.004547491 14843381 -0.3045556 -0.03895842 0.1315501
-0.347442 -0.01740645 -0.004500273 14963502 -0.3101181 -0.03836 0.1314193
-0.347442 -0.01740645 -0.004500273 15073589 -0.3101181 -0.03836 0.1314193
-0.353533 -0.01727016 -0.004494292 15183684 -0.3154215 -0.03773269 0.1312814
-0.3597856 -0.01740013 -0.004397079 15293787 -0.3203641 -0.0371406 0.1311112
-0.3597856 -0.01740013 -0.004397079 15413895 -0.3203641 -0.0371406 0.1311112
-0.3653236 -0.01717194 -0.004309857 15513986 -0.3248959 -0.03658334 0.1309493
-0.3707177 -0.01731224 -0.004192903 15634090 -0.329206 -0.03621046 0.1308103
-0.3707177 -0.01731224 -0.004192903 15744193 -0.329206 -0.03621046 0.1308103
-0.3754541 -0.01709707 -0.004093305 15854300 -0.3331623 -0.03563749 0.1307173
-0.3802319 -0.01753813 -0.004016874 15964392 -0.3369142 -0.03516714 0.1305901
-0.3850187 -0.01788828 -0.003855895 16114523 -0.3405269 -0.03439055 0.1305108
-0.3850187 -0.01788828 -0.003855895 16184586 -0.3405269 -0.03439055 0.1305108
-0.3896672 -0.01851096 -0.003750736 16294685 -0.3439768 -0.03384688 0.1303516
-0.3940034 -0.01908324 -0.003657077 16434812 -0.3474714 -0.03358706 0.1302483
-0.3940034 -0.01908324 -0.003657077 16524897 -0.3474714 -0.03358706 0.1302483
-0.3976333 -0.01940283 -0.003610365 16645001 -0.3509062 -0.03331804 0.1302895
-0.3976333 -0.01940283 -0.003610365 16745091 -0.3509062 -0.03331804 0.1302895
-0.400779 -0.02004136 -0.003224601 16855194 -0.3539478 -0.03344535 0.1306911
-0.4031126 -0.02000303 -0.002193481 16965290 -0.3562563 -0.03385593 0.1316677
-0.4031126 -0.02000303 -0.002193481 17075393 -0.3562563 -0.03385593 0.1316677
-0.4045237 -0.01959121 -0.0004128983 17195497 -0.3578646 -0.03468847 0.1333826
-0.4049208 -0.01866534 0.00216228 17305596 -0.3585847 -0.0355335 0.1358585
-0.4049208 -0.01866534 0.00216228 17415700 -0.3585847 -0.0355335 0.1358585
-0.4040858 -0.01734277 0.005228887 17525795 -0.3582567 -0.03645162 0.1387983
-0.4026091 -0.01571628 0.008716978 17635971 -0.3569697 -0.03718217 0.141993
-0.4026091 -0.01571628 0.008716978 17756002 -0.3569697 -0.03718217 0.141993
-0.4001323 -0.01438386 0.01225141 17866105 -0.3548714 -0.03789353 0.1453115
-0.3972768 -0.01338842 0.0161525 17976205 -0.3523086 -0.03869908 0.1489812
-0.3934262 -0.01232471 0.02019311 18086300 -0.3493318 -0.03951526 0.1529433
-0.3934262 -0.01232471 0.02019311 18216417 -0.3493318 -0.03951526 0.1529433
-0.3889477 -0.01171474 0.02443556 18306498 -0.3460119 -0.0405223 0.1572244
