0.3070251 0.002130596 -0.005290359 0 0.2163616 0.03287899 0.1002601
0.3075543 0.002469556 -0.005062365 100070 0.2174003 0.03312009 0.100952
0.3075543 0.002469556 -0.005062365 210169 0.2174003 0.03312009 0.100952
0.3076443 0.003832629 -0.005610204 330277 0.2179947 0.03284105 0.1012902
0.3081075 0.004950762 -0.00577299 430392 0.2188286 0.03251228 0.1018183
0.3081075 0.004950762 -0.00577299 540467 0.2188286 0.03251228 0.1018183
0.3083027 0.006207297 -0.006167692 660575 0.2196538 0.03264827 0.1022227
0.3084658 0.007710387 -0.006563585 780687 0.2203383 0.03284613 0.10256
0.3084658 0.007710387 -0.006563585 880789 0.2203383 0.03284613 0.10256
0.308804 0.01006159 -0.006970843 990881 0.2208519 0.03349601 0.1026717
0.3090031 0.01293762 -0.007311445 1110985 0.2211772 0.03468152 0.1027797
0.3090031 0.01293762 -0.007311445 1211075 0.2211772 0.03468152 0.1027797
0.3093155 0.01670266 -0.007456894 1321174 0.2213805 0.03661835 0.1028927
0.3092928 0.02136645 -0.007628852 1451291 0.2212809 0.03942518 0.1029787
0.3092928 0.02136645 -0.007628852 1551378 0.2212809 0.03942518 0.1029787
0.3094006 0.02685505 -0.007571492 1671486 0.2209594 0.04306656 0.1029797
0.3093613 0.03309894 -0.007586183 1791598 0.2204156 0.04752892 0.1028071
0.3093613 0.03309894 -0.007586183 1881679 0.2204156 0.04752892 0.1028071
0.3091993 0.03984208 -0.00752345 1991783 0.2196457 0.05252253 0.1025929
0.3083849 0.04720172 -0.007724369 2111883 0.2186899 0.05788104 0.1024891
0.3083849 0.04720172 -0.007724369 2231995 0.2186899 0.05788104 0.1024891
0.307992 0.05573271 -0.00756822 2332093 0.2178082 0.06373458 0.1024731
0.3071798 0.06444635 -0.00745037 2442193 0.2168013 0.07007252 0.1025782
0.3071798 0.06444635 -0.00745037 2562293 0.2168013 0.07007252 0.1025782
0.3062055 0.07351615 -0.007260293 2672392 0.2157857 0.07705366 0.1028214
0.3047462 0.0827467 -0.00727053 2782495 0.2145081 0.08449298 0.1030032
0.3047462 0.0827467 -0.00727053 2892594 0.2145081 0.08449298 0.1030032
0.3031618 0.09241362 -0.007197561 3002685 0.2131395 0.09217433 0.1032659
0.3015549 0.1023896 -0.006821968 3122802 0.211841 0.099945 0.1038653
0.3015549 0.1023896 -0.006821968 3222884 0.211841 0.099945 0.1038653
0.2989585 0.1126377 -0.006757588 3342996 0.2101954 0.1078483 0.1046176
0.2957877 0.1230921 -0.007035825 3453095 0.2081922 0.1158685 0.1051297
0.2957877 0.1230921 -0.007035825 3563191 0.2081922 0.1158685 0.1051297
0.2920296 0.1337703 -0.007266399 3673306 0.2058531 0.12417 0.1058163
0.2885205 0.1445222 -0.006994607 3783405 0.2033523 0.1327623 0.1066466
0.2834482 0.1548023 -0.007402365 3913506 0.2000201 0.1412325 0.1073227
0.2834482 0.1548023 -0.007402365 4013601 0.2000201 0.1412325 0.1073227
0.2794297 0.1652107 -0.006718018 4123696 0.1966822 0.1496473 0.1082466
0.273131 0.1757895 -0.007045319 4253817 0.1922631 0.1581776 0.1089566
0.273131 0.1757895 -0.007045319 4343906 0.1922631 0.1581776 0.1089566
0.2669635 0.1865536 -0.006997838 4464015 0.1872843 0.166614 0.109449
0.2669635 0.1865536 -0.006997838 4564097 0.1872843 0.166614 0.109449
0.2602203 0.1967248 -0.006963579 4674208 0.1817828 0.1749613 0.1099986
0.2524871 0.2065965 -0.007259743 4794304 0.1757726 0.1831043 0.1105081
0.2524871 0.2065965 -0.007259743 4904412 0.1757726 0.1831043 0.1105081
0.2447348 0.2167568 -0.007291792 5014503 0.1693736 0.1910583 0.1108882
0.236212 0.2263574 -0.007463258 5134611 0.1627272 0.1986526 0.1114429
0.236212 0.2263574 -0.007463258 5234705 0.1627272 0.1986526 0.1114429
0.2267435 0.2354051 -0.007836075 5344808 0.1556379 0.2059215 0.1120845
0.2178143 0.2443874 -0.007844282 5454900 0.1484032 0.2129691 0.1125767
0.2178143 0.2443874 -0.007844282 5575008 0.1484032 0.2129691 0.1125767
0.2080256 0.2528534 -0.008004989 5685107 0.1407352 0.2196318 0.1131337
0.1984821 0.2609311 -0.007965518 5795202 0.1329925 0.2261092 0.1137094
0.1984821 0.2609311 -0.007965518 5905301 0.1329925 0.2261092 0.1137094
0.1884114 0.2687297 -0.007844806 6025410 0.1249365 0.2322302 0.1144048
0.1777599 0.2763073 -0.00766977 6135513 0.116525 0.238052 0.1151841
0.1672151 0.2820018 -0.008124022 6245628 0.1081632 0.2433366 0.1156666
0.1672151 0.2820018 -0.008124022 6355707 0.1081632 0.2433366 0.1156666
0.1564247 0.2875079 -0.008444147 6465811 0.09943107 0.2483181 0.1161437
0.1462841 0.2927882 -0.008270531 6575906 0.09082416 0.2528796 0.1167804
0.1462841 0.2927882 -0.008270531 6686005 0.09082416 0.2528796 0.1167804
0.1354666 0.2982754 -0.007894861 6806138 0.08186919 0.2571027 0.1175578
0.1354666 0.2982754 -0.007894861 6916212 0.08186919 0.2571027 0.1175578
0.1242568 0.3027461 -0.007914993 7026316 0.0729285 0.2605855 0.1181569
0.1128814 0.3066791 -0.007934451 7136411 0.06371748 0.2636496 0.1187053
0.1128814 0.3066791 -0.007934451 7246514 0.06371748 0.2636496 0.1187053
0.101441 0.3103107 -0.007809351 7366618 0.0543213 0.2664544 0.1193228
0.08984925 0.3130715 -0.007804374 7466713 0.04477505 0.2688137 0.119929
0.07804377 0.3153277 -0.007736952 7586817 0.03502672 0.270643 0.1205559
0.07804377 0.3153277 -0.007736952 7706925 0.03502672 0.270643 0.1205559
0.06554846 0.3182823 -0.007494062 7807019 0.02494981 0.2726391 0.1212486
0.05345908 0.3208433 -0.007047806 7917118 0.01482114 0.2741041 0.1219049
0.05345908 0.3208433 -0.007047806 8047236 0.01482114 0.2741041 0.1219049
0.04125021 0.3232513 -0.006523741 8137313 0.004428399 0.2752319 0.1224899
0.02889086 0.3253719 -0.005913147 8257421 -0.006129366 0.2759236 0.1230623
0.02889086 0.3253719 -0.005913147 8367520 -0.006129366 0.2759236 0.1230623
0.0163736 0.326757 -0.005441057 8477620 -0.0167722 0.2760886 0.1235563
0.003502453 0.3269316 -0.005348546 8587723 -0.0275357 0.2756048 0.1239126
0.003502453 0.3269316 -0.005348546 8707827 -0.0275357 0.2756048 0.1239126
-0.009997941 0.3231088 -0.006732748 8817930 -0.03845832 0.2733875 0.1237434
-0.02280776 0.3240712 -0.005886991 8928046 -0.04925505 0.272781 0.1244053
-0.02280776 0.3240712 -0.005886991 9038137 -0.04925505 0.272781 0.1244053
-0.03578794 0.3220568 -0.006136307 9148232 -0.06029489 0.2710082 0.1246294
-0.04839283 0.3199658 -0.006170435 9258331 -0.07124317 0.2690938 0.1249636
-0.04839283 0.3199658 -0.006170435 9368422 -0.07124317 0.2690938 0.1249636
-0.06098468 0.3179222 -0.006069257 9478526 -0.0821927 0.2670411 0.1253369
-0.07413594 0.3153774 -0.006090994 9598630 -0.09328737 0.2646586 0.1256932
-0.07413594 0.3153774 -0.006090994 9698720 -0.09328737 0.2646586 0.1256932
-0.08732243 0.3123516 -0.006065566 9818828 -0.1042504 0.2618548 0.1261076
-0.1004203 0.309004 -0.00607902 9928932 -0.1150757 0.2586827 0.1264322
-0.1004203 0.309004 -0.00607902 10039035 -0.1150757 0.2586827 0.1264322
-0.1130944 0.3050954 -0.005975812 10149126 -0.1256338 0.2550414 0.1268534
-0.1253198 0.3005072 -0.005886827 10269254 -0.135885 0.2508757 0.1272722
-0.1253198 0.3005072 -0.005886827 10379337 -0.135885 0.2508757 0.1272722
-0.1370208 0.2954792 -0.005830317 10489437 -0.1458699 0.2462864 0.1276163
-0.1486872 0.2898487 -0.005713932 10599540 -0.1556316 0.2411996 0.1280443
-0.1486872 0.2898487 -0.005713932 10709635 -0.1556316 0.2411996 0.1280443
-0.1600777 0.2835909 -0.005706018 10819734 -0.1651745 0.2355702 0.1283621
-0.171221 0.2772884 -0.005630859 10929838 -0.1746388 0.2295863 0.1286042
-0.171221 0.2772884 -0.005630859 11049938 -0.1746388 0.2295863 0.1286042
-0.1819715 0.2706988 -0.005533395 11150028 -0.184014 0.2233612 0.1288587
-0.1927551 0.263017 -0.00553487 11270136 -0.1933967 0.2164175 0.1291289
-0.1927551 0.263017 -0.00553487 11380235 -0.1933967 0.2164175 0.1291289
-0.2030853 0.2552832 -0.005488233 11520362 -0.2025511 0.2091472 0.1293354
-0.2130143 0.2463661 -0.00559766 11600434 -0.2113785 0.2011215 0.1295189
-0.2130143 0.2463661 -0.00559766 11720542 -0.2113785 0.2011215 0.1295189
-0.2224154 0.2374966 -0.005562475 11820640 -0.2197597 0.1928762 0.1297453
-0.2310523 0.2281902 -0.005467051 11940749 -0.2276336 0.1843473 0.1300776
-0.2310523 0.2281902 -0.005467051 12050844 -0.2276336 0.1843473 0.1300776
-0.2390101 0.2181463 -0.005386153 12160947 -0.2351504 0.175447 0.1305113
-0.2465659 0.207642 -0.005302765 12271038 -0.2420976 0.1661717 0.1309561
-0.2465659 0.207642 -0.005302765 12391155 -0.2420976 0.1661717 0.1309561
-0.2532227 0.1968868 -0.005225393 12491241 -0.2483574 0.1566142 0.1313787
-0.2596337 0.1872252 -0.004719215 12611345 -0.2545435 0.1470865 0.1319161
-0.2596337 0.1872252 -0.004719215 12721444 -0.2545435 0.1470865 0.1319161
-0.2661403 0.1758812 -0.004594865 12831556 -0.2605776 0.1366869 0.132296
-0.272191 0.1636866 -0.004514911 12951656 -0.2662515 0.1258181 0.1327328
-0.272191 0.1636866 -0.004514911 13051746 -0.2662515 0.1258181 0.1327328
-0.2775782 0.1511171 -0.004472743 13171854 -0.271459 0.1145631 0.1331231
-0.2825721 0.1381683 -0.0045155 13281953 -0.2759774 0.103085 0.1334407
-0.2825721 0.1381683 -0.0045155 13392065 -0.2759774 0.103085 0.1334407
-0.2873444 0.1244818 -0.00458304 13512157 -0.2801966 0.09117594 0.1337855
-0.2912056 0.1105112 -0.004713765 13612251 -0.2838933 0.07911682 0.1340924
-0.2912056 0.1105112 -0.004713765 13732355 -0.2838933 0.07911682 0.1340924
-0.2939894 0.09703097 -0.004790992 13842454 -0.2869399 0.0671244 0.1343569
-0.2962017 0.08317807 -0.004894238 13952554 -0.2895527 0.05527604 0.1346891
-0.2962017 0.08317807 -0.004894238 14062653 -0.2895527 0.05527604 0.1346891
-0.2995209 0.0679345 -0.005063071 14172756 -0.2918694 0.04330549 0.1350836
-0.301532 0.05333873 -0.005086186 14292864 -0.2934486 0.03164748 0.135521
-0.301532 0.05333873 -0.005086186 14423148 -0.2934486 0.03164748 0.135521
-0.3032758 0.03908239 -0.005062029 14513075 -0.2951702 0.01955496 0.1358607
-0.3045534 0.02485553 -0.005042203 14623170 -0.2969934 0.007133962 0.1361493
-0.3045534 0.02485553 -0.005042203 14733269 -0.2969934 0.007133962 0.1361493
-0.3053112 0.01132035 -0.004869693 14853365 -0.2987822 -0.005041328 0.1365372
-0.305775 -0.003473808 -0.004807302 14973478 -0.2999977 -0.01686853 0.136944
-0.305775 -0.003473808 -0.004807302 15063567 -0.2999977 -0.01686853 0.136944
-0.3062616 -0.01766962 -0.004646343 15173658 -0.300869 -0.02825709 0.1373574
-0.3062079 -0.03045423 -0.004321622 15293766 -0.3011502 -0.03922676 0.1378181
-0.3062079 -0.03045423 -0.004321622 15403870 -0.3011502 -0.03922676 0.1378181
-0.3058649 -0.04420555 -0.00427383 15523974 -0.3013157 -0.05058968 0.1380103
-0.3046175 -0.05796523 -0.004262476 15634073 -0.3010375 -0.06201657 0.1381349
-0.3046175 -0.05796523 -0.004262476 15734159 -0.3010375 -0.06201657 0.1381349
-0.3031085 -0.07158498 -0.004219779 15844263 -0.3005927 -0.07331625 0.1382474
-0.3002096 -0.08505503 -0.004173208 15964367 -0.2990531 -0.08451521 0.138321
-0.3002096 -0.08505503 -0.004173208 16074466 -0.2990531 -0.08451521 0.138321
-0.2975611 -0.09796727 -0.004140444 16194586 -0.2968518 -0.09540366 0.1383347
-0.2943115 -0.1108426 -0.004032705 16294668 -0.2944012 -0.1060061 0.1383851
-0.2906117 -0.1246243 -0.003753718 16414777 -0.2919734 -0.1165604 0.1385114
-0.2906117 -0.1246243 -0.003753718 16514863 -0.2919734 -0.1165604 0.1385114
-0.2866387 -0.1367841 -0.003625891 16624962 -0.2894991 -0.126464 0.1384711
-0.2866387 -0.1367841 -0.003625891 16745078 -0.2894991 -0.126464 0.1384711
-0.281858 -0.1486319 -0.003530391 16875192 -0.2864071 -0.1362952 0.1383616
-0.2772653 -0.1608148 -0.003465951 16965269 -0.2827834 -0.1459246 0.1381464
-0.2726321 -0.1724812 -0.003409263 17075372 -0.279004 -0.1555584 0.1379387
-0.2726321 -0.1724812 -0.003409263 17185471 -0.279004 -0.1555584 0.1379387
-0.2679116 -0.1837104 -0.003333952 17305580 -0.2751945 -0.1649375 0.1377361
-0.2629265 -0.1944103 -0.003359934 17415675 -0.2714341 -0.1740583 0.1374224
-0.2629265 -0.1944103 -0.003359934 17525778 -0.2714341 -0.1740583 0.1374224
-0.2576652 -0.2046418 -0.003357426 17645886 -0.2676319 -0.1828161 0.137108
-0.2528107 -0.2153141 -0.002962465 17745976 -0.2635563 -0.1912337 0.1370765
-0.2528107 -0.2153141 -0.002962465 17856072 -0.2635563 -0.1912337 0.1370765
-0.2469759 -0.2244751 -0.002996546 17976184 -0.2589113 -0.1993838 0.1367683
-0.2409066 -0.232786 -0.003291757 18076270 -0.2541263 -0.2070705 0.1362439
-0.2409066 -0.232786 -0.003291757 18196378 -0.2541263 -0.2070705 0.1362439
-0.2350768 -0.2411941 -0.003225407 18306490 -0.2492871 -0.2141475 0.1359608
-0.2290698 -0.2492336 -0.003166449 18426598 -0.2444038 -0.2207542 0.1356141
-0.2290698 -0.2492336 -0.003166449 18536689 -0.2444038 -0.2207542 0.1356141
-0.2231231 -0.2566742 -0.002790404 18646784 -0.2395076 -0.2267911 0.1355743
-0.2165154 -0.2629906 -0.002739136 18746887 -0.2342707 -0.2324502 0.1353125
-0.2165154 -0.2629906 -0.002739136 18856978 -0.2342707 -0.2324502 0.1353125
-0.2094779 -0.2690897 -0.002704304 18987204 -0.2285291 -0.2376395 0.1349698
-0.2017826 -0.2757614 -0.002417133 19087181 -0.2221572 -0.2426968 0.1346881
-0.2017826 -0.2757614 -0.002417133 19197280 -0.2221572 -0.2426968 0.1346881
-0.193969 -0.281159 -0.002355864 19327402 -0.2155656 -0.2470127 0.1342965
-0.1859538 -0.2857691 -0.002404392 19417491 -0.2088462 -0.2508482 0.1338406
-0.1859538 -0.2857691 -0.002404392 19537591 -0.2088462 -0.2508482 0.1338406
-0.1775148 -0.2900341 -0.002431874 19667708 -0.2019643 -0.2545281 0.1333907
-0.1692355 -0.2947541 -0.002275506 19757789 -0.194904 -0.2578905 0.1329593
-0.1692355 -0.2947541 -0.002275506 19867889 -0.194904 -0.2578905 0.1329593
-0.1598779 -0.2985347 -0.002495899 20008011 -0.1874174 -0.261039 0.1321959
-0.1506113 -0.3031873 -0.002161361 20088083 -0.1795413 -0.2639315 0.1317351
-0.1506113 -0.3031873 -0.002161361 20198182 -0.1795413 -0.2639315 0.1317351
-0.1406351 -0.3066642 -0.002410361 20338361 -0.1712511 -0.2666572 0.1308876
-0.1302609 -0.3105024 -0.00236006 20428402 -0.162602 -0.2693765 0.1301879
-0.1302609 -0.3105024 -0.00236006 20538505 -0.162602 -0.2693765 0.1301879
-0.1205829 -0.3143246 -0.002153898 20648604 -0.1541109 -0.271882 0.1296821
-0.1133163 -0.3170716 -0.003016478 20768696 -0.1466465 -0.2740363 0.1286775
-0.1133163 -0.3170716 -0.003016478 20878800 -0.1466465 -0.2740363 0.1286775
-0.1028806 -0.3198744 -0.0031591 20988895 -0.1380058 -0.2762655 0.127878
-0.09259361 -0.3227419 -0.003128277 21099002 -0.1291389 -0.2782135 0.1272094
-0.09259361 -0.3227419 -0.003128277 21209093 -0.1291389 -0.2782135 0.1272094
-0.08160611 -0.3249142 -0.003337893 21319201 -0.1200618 -0.2801529 0.1263688
-0.07142196 -0.3274088 -0.00316922 21449314 -0.1109191 -0.2818291 0.1259381
-0.07142196 -0.3274088 -0.00316922 21539391 -0.1109191 -0.2818291 0.1259381
-0.07262704 -0.3219262 -0.01017779 21659503 -0.1066759 -0.2819407 0.1222914
-0.06182922 -0.3227561 -0.0109178 21769599 -0.09725829 -0.2830417 0.1212707
-0.06182922 -0.3227561 -0.0109178 21879702 -0.09725829 -0.2830417 0.1212707
-0.04958025 -0.3231398 -0.01165039 21989797 -0.08761626 -0.2841252 0.120021
-0.03767985 -0.323786 -0.01212197 22099896 -0.07784466 -0.2850174 0.1189887
-0.03767985 -0.323786 -0.01212197 22220008 -0.07784466 -0.2850174 0.1189887
-0.009083071 -0.3334552 -0.002692977 22320095 -0.06161314 -0.2886653 0.1219693
0.001844911 -0.3347648 -0.002769195 22450220 -0.05180792 -0.2893569 0.1211894
0.001844911 -0.3347648 -0.002769195 22550302 -0.05180792 -0.2893569 0.1211894
0.01175601 -0.335779 -0.002744013 22660405 -0.04233205 -0.2894592 0.1206869
0.02282899 -0.336089 -0.002749962 22770505 -0.03275467 -0.2893457 0.1198541
0.02282899 -0.336089 -0.002749962 22890609 -0.03275467 -0.2893457 0.1198541
0.03371689 -0.3362342 -0.002682098 22990699 -0.02288296 -0.2888381 0.1192043
0.0442024 -0.3360633 -0.002709024 23130829 -0.01282974 -0.2881937 0.1187903
0.0442024 -0.3360633 -0.002709024 23220910 -0.01282974 -0.2881937 0.1187903
0.05477776 -0.3353702 -0.002721136 23331014 -0.002783635 -0.2873909 0.1184849
0.06517401 -0.3344948 -0.002772583 23471132 0.007168304 -0.2864666 0.1182021
0.06517401 -0.3344948 -0.002772583 23551204 0.007168304 -0.2864666 0.1182021
0.07531203 -0.3334453 -0.002862623 23661303 0.01682282 -0.2852621 0.1178173
0.08569983 -0.3317976 -0.003041889 23801438 0.02624238 -0.2838033 0.1172394
0.08569983 -0.3317976 -0.003041889 23891519 0.02624238 -0.2838033 0.1172394
0.09537881 -0.3303812 -0.00311203 24001610 0.03537974 -0.2822148 0.1168311
0.1065317 -0.3281783 -0.003090894 24141740 0.04466809 -0.2806472 0.1161565
0.1065317 -0.3281783 -0.003090894 24231822 0.04466809 -0.2806472 0.1161565
0.1161851 -0.325658 -0.003464195 24351926 0.05346121 -0.2785142 0.1154871
0.1256985 -0.323463 -0.003539118 24452016 0.06231757 -0.2761338 0.1149895
0.1256985 -0.323463 -0.003539118 24562127 0.06231757 -0.2761338 0.1149895
0.1358423 -0.3202869 -0.003575784 24672214 0.07094642 -0.2735012 0.1143473
0.1451279 -0.3171828 -0.003736298 24782318 0.079301 -0.2706042 0.113752
0.1451279 -0.3171828 -0.003736298 24892417 0.079301 -0.2706042 0.113752
0.1543845 -0.3136724 -0.003782648 25012545 0.08760472 -0.2673527 0.1132694
0.1631424 -0.3101039 -0.00381837 25122620 0.09576062 -0.2638678 0.1129214
0.1631424 -0.3101039 -0.00381837 25232736 0.09576062 -0.2638678 0.1129214
0.1715197 -0.3062103 -0.003952835 25342823 0.1037242 -0.2601116 0.1126015
0.1823252 -0.3010967 -0.003728371 25452922 0.111848 -0.2563036 0.1117393
0.1894787 -0.2967084 -0.004016133 25593052 0.1194793 -0.2514796 0.1115722
0.1894787 -0.2967084 -0.004016133 25673116 0.1194793 -0.2514796 0.1115722
0.196841 -0.2925622 -0.004168706 25793225 0.1270692 -0.2465458 0.1112463
0.2050984 -0.2880387 -0.004142391 25923358 0.1346615 -0.2414765 0.1106481
0.2050984 -0.2880387 -0.004142391 26013423 0.1346615 -0.2414765 0.1106481
0.2121282 -0.2834415 -0.004578736 26133548 0.1420407 -0.2359327 0.1100375
0.2212583 -0.2768866 -0.004532596 26253640 0.1494626 -0.2307022 0.1095665
0.2212583 -0.2768866 -0.004532596 26343721 0.1494626 -0.2307022 0.1095665
0.2293755 -0.27006 -0.004744858 26463837 0.1564683 -0.2253225 0.109226
0.2293755 -0.27006 -0.004744858 26563923 0.1564683 -0.2253225 0.109226
0.2363095 -0.2631144 -0.005180052 26684267 0.1630731 -0.21931 0.108942
0.244435 -0.2557135 -0.005103886 26794131 0.169651 -0.21315 0.1084828
0.2511271 -0.2481697 -0.005434877 26904234 0.1759111 -0.2062529 0.108107
0.2511271 -0.2481697 -0.005434877 27014325 0.1759111 -0.2062529 0.108107
0.2580501 -0.2401916 -0.005593545 27124424 0.1820031 -0.1991762 0.1077238
0.2649336 -0.2312422 -0.005690446 27234524 0.1878108 -0.1917552 0.1074426
0.2649336 -0.2312422 -0.005690446 27354656 0.1878108 -0.1917552 0.1074426
0.2711307 -0.2221575 -0.005702504 27464747 0.1932963 -0.1841481 0.1074493
0.2767315 -0.2123176 -0.005981795 27574830 0.1983742 -0.1761035 0.1073977
0.2767315 -0.2123176 -0.005981795 27714961 0.1983742 -0.1761035 0.1073977
0.2828684 -0.2020263 -0.005986963 27795041 0.2032972 -0.1680776 0.1072479
0.2892589 -0.1918498 -0.005622314 27915141 0.2081469 -0.1596398 0.1070258
0.2892589 -0.1918498 -0.005622314 28025236 0.2081469 -0.1596398 0.1070258
0.2943588 -0.1815197 -0.005522792 28135352 0.2124456 -0.1507837 0.1069574
0.2990432 -0.170891 -0.005613096 28245435 0.2164856 -0.1416947 0.106806
0.2990432 -0.170891 -0.005613096 28355538 0.2164856 -0.1416947 0.106806
0.303133 -0.1598344 -0.005969768 28475642 0.2200395 -0.1324006 0.1064984
0.303133 -0.1598344 -0.005969768 28575732 0.2200395 -0.1324006 0.1064984
0.3073352 -0.1484348 -0.005930229 28685832 0.2233947 -0.1228145 0.1063366
0.3157061 -0.1395701 -0.001454753 28805948 0.2280438 -0.1138783 0.1079139
0.3191884 -0.1272747 -0.001456965 28916063 0.2309151 -0.1036737 0.1078914
0.3191884 -0.1272747 -0.001456965 29036167 0.2309151 -0.1036737 0.1078914
0.3217494 -0.1153673 -0.00168261 29136241 0.2331621 -0.09363284 0.1077986
0.3238255 -0.1040252 -0.001840036 29256346 0.2351512 -0.08344427 0.1077936
0.3238255 -0.1040252 -0.001840036 29366445 0.2351512 -0.08344427 0.1077936
0.321626 -0.08981551 -0.005703187 29476544 0.2354155 -0.07268128 0.1064593
0.3229421 -0.07767229 -0.005826029 29596660 0.2367678 -0.06264669 0.1066659
0.3229421 -0.07767229 -0.005826029 29696743 0.2367678 -0.06264669 0.1066659
0.3238742 -0.06558191 -0.005928664 29806846 0.2376916 -0.05281963 0.1068363
0.3245885 -0.05331331 -0.005930866 29926954 0.2383116 -0.0429942 0.1070118
0.3245885 -0.05331331 -0.005930866 30037094 0.2383116 -0.0429942 0.1070118
0.3249078 -0.04132543 -0.005930339 30147161 0.2386172 -0.03320916 0.1071815
0.3246368 -0.02939243 -0.006072156 30257252 0.2385862 -0.02350392 0.1073601
0.3246368 -0.02939243 -0.006072156 30367355 0.2385862 -0.02350392 0.1073601
0.3240587 -0.01777057 -0.006128397 30477450 0.2383245 -0.01405714 0.107635
0.3229269 -0.005971599 -0.006296673 30587549 0.2376749 -0.004616643 0.1078808
0.3229269 -0.005971599 -0.006296673 30697657 0.2376749 -0.004616643 0.1078808
0.3218111 0.005246704 -0.006306871 30817753 0.2367841 0.004563375 0.1080443
0.3206781 0.01615291 -0.006181862 30927856 0.2356518 0.0135675 0.1081426
0.3206781 0.01615291 -0.006181862 31037951 0.2356518 0.0135675 0.1081426
0.3189861 0.02665188 -0.006197493 31148055 0.2341639 0.02241305 0.1082292
0.316481 0.03621031 -0.006351649 31268167 0.2322924 0.03080234 0.1084929
0.316481 0.03621031 -0.006351649 31368249 0.2322924 0.03080234 0.1084929
0.3141971 0.0458643 -0.00633163 31488357 0.230371 0.03843308 0.1086649
0.3105793 0.05483802 -0.006398594 31598477 0.2276144 0.0456016 0.1090906
0.3105793 0.05483802 -0.006398594 31708556 0.2276144 0.0456016 0.1090906
0.3061678 0.06314651 -0.005547311 31838677 0.2231086 0.05220869 0.1097253
0.3026508 0.07183255 -0.002250501 31928754 0.2169414 0.05856434 0.1108163
0.3026508 0.07183255 -0.002250501 32038849 0.2169414 0.05856434 0.1108163
0.2989293 0.0798167 0.003145814 32178988 0.2095673 0.0642238 0.1130437
0.2946957 0.08641747 0.01039724 32269065 0.201751 0.06848264 0.1169142
