0.310828 0.005632275 -0.005194484 0 0.2287453 -0.005221531 0.1107834
0.309987 0.005251423 -0.005166135 100098 0.2282497 -0.005646749 0.1110513
0.309987 0.005251423 -0.005166135 210194 0.2282497 -0.005646749 0.1110513
0.308508 0.004728423 -0.005084767 320289 0.2272934 -0.005840291 0.1115288
0.3058871 0.003850273 -0.005251873 440409 0.2254266 -0.006361844 0.1119149
0.3058871 0.003850273 -0.005251873 550492 0.2254266 -0.006361844 0.1119149
0.3028466 0.003384049 -0.005210738 660591 0.2229629 -0.006879221 0.1123456
0.2986228 0.003108588 -0.00538138 770699 0.2194853 -0.00749442 0.1126486
0.2986228 0.003108588 -0.00538138 880798 0.2194853 -0.00749442 0.1126486
0.2934887 0.002233738 -0.005580005 1000902 0.2151632 -0.008288935 0.1129975
0.2880316 0.002528251 -0.005535016 1110997 0.2103958 -0.008816914 0.1134196
0.2880316 0.002528251 -0.005535016 1221105 0.2103958 -0.008816914 0.1134196
0.2809427 0.002598026 -0.005715945 1351214 0.2043901 -0.009366713 0.1138783
0.2728075 0.00293684 -0.005826292 1441295 0.1974108 -0.009899408 0.1144102
0.2728075 0.00293684 -0.005826292 1551394 0.1974108 -0.009899408 0.1144102
0.2633696 0.002958812 -0.005958123 1661501 0.1891946 -0.01052631 0.1149653
0.2535067 0.003718909 -0.006018999 1771593 0.1802805 -0.01101988 0.1153356
0.2535067 0.003718909 -0.006018999 1891705 0.1802805 -0.01101988 0.1153356
0.2427312 0.004362044 -0.006189274 2001808 0.1704137 -0.01147023 0.1155718
0.2319355 0.004994641 -0.005881628 2111903 0.1601018 -0.0118197 0.1160341
0.2319355 0.004994641 -0.005881628 2222003 0.1601018 -0.0118197 0.1160341
0.2195655 0.0060171 -0.005978975 2332098 0.1488767 -0.01230214 0.1163883
0.2057345 0.006326037 -0.006056883 2452214 0.1368935 -0.01280565 0.117236
0.2057345 0.006326037 -0.006056883 2552304 0.1368935 -0.01280565 0.117236
0.1911317 0.00752781 -0.006101541 2662399 0.1244684 -0.01306459 0.118149
0.1762145 0.008348209 -0.005988677 2782504 0.1116151 -0.01314561 0.1191959
0.1762145 0.008348209 -0.005988677 2892607 0.1116151 -0.01314561 0.1191959
0.1607261 0.009331066 -0.005890937 3002710 0.0981812 -0.01321782 0.1201484
0.144712 0.01038519 -0.005654659 3142832 0.08441363 -0.01312347 0.1213008
0.144712 0.01038519 -0.005654659 3222909 0.08441363 -0.01312347 0.1213008
0.1281056 0.01127707 -0.005620128 3343009 0.07044404 -0.01321337 0.1223705
0.1112516 0.01197444 -0.005508378 3443107 0.05625085 -0.01317088 0.1235221
0.1112516 0.01197444 -0.005508378 3573216 0.05625085 -0.01317088 0.1235221
0.09372234 0.01260223 -0.00546659 3673310 0.04189077 -0.01315183 0.1247504
0.07587462 0.01314986 -0.005443512 3813453 0.02717632 -0.01313732 0.1258717
0.07587462 0.01314986 -0.005443512 3893509 0.02717632 -0.01313732 0.1258717
0.05793666 0.01372752 -0.005326279 4003608 0.01224891 -0.01327431 0.1269226
0.03968159 0.01388114 -0.00531724 4113971 -0.003023683 -0.01350492 0.1278462
0.03968159 0.01388114 -0.00531724 4233816 -0.003023683 -0.01350492 0.1278462
0.02107214 0.01381891 -0.00543385 4343911 -0.01862483 -0.01381264 0.1286068
0.002105199 0.01364457 -0.005528803 4454006 -0.03425388 -0.01427298 0.1293966
0.002105199 0.01364457 -0.005528803 4574118 -0.03425388 -0.01427298 0.1293966
-0.01744413 0.0134199 -0.005796837 4674208 -0.04987027 -0.01478327 0.1300684
-0.03686915 0.01288637 -0.005871759 4784308 -0.06529517 -0.01536084 0.1308773
-0.03686915 0.01288637 -0.005871759 4904432 -0.06529517 -0.01536084 0.1308773
-0.05603433 0.01233602 -0.005816724 5014519 -0.08045015 -0.01577379 0.1317331
-0.07472656 0.01081732 -0.005864146 5124627 -0.09535871 -0.01656223 0.1324504
-0.07472656 0.01081732 -0.005864146 5234714 -0.09535871 -0.01656223 0.1324504
-0.09289916 0.01032041 -0.005759752 5344829 -0.1099479 -0.01704944 0.133044
-0.1108073 0.009183107 -0.005773829 5464925 -0.1245376 -0.01789825 0.1334538
-0.1283986 0.008414502 -0.005684243 5585033 -0.1387285 -0.01853802 0.1338618
-0.1283986 0.008414502 -0.005684243 5675127 -0.1387285 -0.01853802 0.1338618
-0.1453156 0.006975451 -0.005674869 5795219 -0.1524256 -0.0191554 0.1342282
-0.1453156 0.006975451 -0.005674869 5905322 -0.1524256 -0.0191554 0.1342282
-0.1614033 0.006456588 -0.005616779 6025426 -0.1654333 -0.01937122 0.1344651
-0.1769315 0.005419556 -0.005630386 6135525 -0.1781092 -0.0197115 0.1346311
-0.1905825 0.00522951 -0.005578505 6245629 -0.1899921 -0.01968123 0.134726
-0.1905825 0.00522951 -0.005578505 6355724 -0.1899921 -0.01968123 0.134726
-0.2042996 0.004379648 -0.005695961 6465843 -0.2015597 -0.02000294 0.1346758
-0.2042996 0.004379648 -0.005695961 6575922 -0.2015597 -0.02000294 0.1346758
-0.2160556 0.004793261 -0.005567355 6706040 -0.2119221 -0.01973335 0.1347452
-0.2267824 0.00429104 -0.005602549 6796121 -0.2211849 -0.01969963 0.1347519
-0.2372006 0.0042346 -0.00545005 6906220 -0.2296997 -0.01925224 0.1349007
-0.2372006 0.0042346 -0.00545005 7026332 -0.2296997 -0.01925224 0.1349007
-0.2465915 0.003839235 -0.005303338 7146436 -0.2376745 -0.01885513 0.135095
-0.2465915 0.003839235 -0.005303338 7246531 -0.2376745 -0.01885513 0.135095
-0.2552822 0.003405606 -0.005143689 7356622 -0.2450583 -0.01840798 0.1353051
-0.2619506 0.003205698 -0.004994928 7466725 -0.2514635 -0.01792531 0.1355388
-0.2688556 0.002448592 -0.004833918 7586854 -0.2575426 -0.01768275 0.1357825
-0.2688556 0.002448592 -0.004833918 7696937 -0.2575426 -0.01768275 0.1357825
-0.2746043 0.001556035 -0.004707691 7807036 -0.2629726 -0.01763305 0.1360145
-0.2786481 0.001300487 -0.004620275 7917135 -0.2674762 -0.01737413 0.1362083
-0.2786481 0.001300487 -0.004620275 8027230 -0.2674762 -0.01737413 0.1362083
-0.281999 0.001023916 -0.004533668 8147355 -0.2715075 -0.01709295 0.13642
-0.2837477 0.0005944289 -0.004465159 8257442 -0.274346 -0.01680255 0.136656
-0.2837477 0.0005944289 -0.004465159 8357528 -0.274346 -0.01680255 0.136656
-0.285665 -0.0004050615 -0.004041641 8467635 -0.2769825 -0.01696557 0.1372262
-0.2844687 0.0008556953 -0.002039983 8587739 -0.2787431 -0.01780116 0.1391173
-0.2844687 0.0008556953 -0.002039983 8697839 -0.2787431 -0.01780116 0.1391173
-0.2842449 0.002482968 0.001650036 8807938 -0.2802006 -0.01876848 0.1424984
