0.06011881 0.008170659 -0.008115165 0 0.07496826 0.000187207 0.133384
0.06011881 0.008170659 -0.008115165 110087 0.07496826 0.000187207 0.133384
0.05901396 0.01044802 -0.008228374 240204 0.07464322 0.001991864 0.1331593
0.05716366 0.0136674 -0.00789206 320276 0.07392635 0.004228332 0.1333034
0.05716366 0.0136674 -0.00789206 440392 0.07392635 0.004228332 0.1333034
0.0562587 0.01694946 -0.007863578 570506 0.07295422 0.006908488 0.1332984
0.05482193 0.02084599 -0.007624071 670596 0.07160681 0.009830114 0.1334545
0.05482193 0.02084599 -0.007624071 780703 0.07160681 0.009830114 0.1334545
0.05313112 0.02486457 -0.0074457 910808 0.07003462 0.01281762 0.1335344
0.05073416 0.02874861 -0.007214978 1000902 0.06815933 0.01583724 0.1336251
0.05073416 0.02874861 -0.007214978 1110993 0.06815933 0.01583724 0.1336251
0.04825841 0.0323066 -0.007317611 1241110 0.06577516 0.01881796 0.1334569
0.04427738 0.03566715 -0.006899756 1331187 0.06289148 0.02158097 0.1336753
0.04427738 0.03566715 -0.006899756 1451299 0.06289148 0.02158097 0.1336753
0.04020527 0.03890799 -0.006731092 1581413 0.0596031 0.02426126 0.1336806
0.03603177 0.04132181 -0.006703237 1671498 0.05597455 0.02667674 0.1336323
0.03603177 0.04132181 -0.006703237 1781597 0.05597455 0.02667674 0.1336323
0.03152278 0.04363941 -0.006624886 1891700 0.05235242 0.02897716 0.13358
0.02671494 0.04545828 -0.006597119 2011809 0.04873923 0.03110298 0.1334568
0.02671494 0.04545828 -0.006597119 2121904 0.04873923 0.03110298 0.1334568
0.02161964 0.0466271 -0.006598638 2252017 0.04523226 0.0329753 0.1332667
0.01647574 0.04773287 -0.006535484 2342102 0.04148742 0.03469442 0.1331451
0.01647574 0.04773287 -0.006535484 2452210 0.04148742 0.03469442 0.1331451
0.01141926 0.0482978 -0.00646738 2592324 0.03744505 0.03596041 0.1330916
0.006655866 0.04840086 -0.00651539 2672400 0.03326422 0.03691129 0.1330061
0.006655866 0.04840086 -0.00651539 2782507 0.03326422 0.03691129 0.1330061
0.001420613 0.04811278 -0.006500822 2922621 0.02891446 0.0375699 0.1329237
-0.004285679 0.04687096 -0.006503015 3012703 0.02467538 0.03784713 0.1327309
-0.004285679 0.04687096 -0.006503015 3122810 0.02467538 0.03784713 0.1327309
-0.01023581 0.04465017 -0.006601418 3222900 0.02022775 0.03751512 0.1324213
-0.01564822 0.04307019 -0.006675106 3353009 0.01571037 0.03692814 0.1321959
-0.01564822 0.04307019 -0.006675106 3463117 0.01571037 0.03692814 0.1321959
-0.02085824 0.04162291 -0.00673457 3573212 0.01114261 0.03604375 0.1320136
-0.02558817 0.04014925 -0.0068766 3683311 0.006888644 0.03501774 0.1317783
-0.02558817 0.04014925 -0.0068766 3793410 0.006888644 0.03501774 0.1317783
-0.03006717 0.03815533 -0.006967347 3903505 0.002720006 0.03375544 0.1316396
-0.03418339 0.03574578 -0.006984556 4023614 -0.001025002 0.03226822 0.1315603
-0.03418339 0.03574578 -0.006984556 4123708 -0.001025002 0.03226822 0.1315603
-0.03802523 0.03371422 -0.007029347 4233803 -0.004565699 0.03064627 0.1314528
-0.04140002 0.03093399 -0.007045839 4353911 -0.007907862 0.0284903 0.1314408
-0.04140002 0.03093399 -0.007045839 4464015 -0.007907862 0.0284903 0.1314408
-0.04439576 0.02818856 -0.007082433 4574114 -0.01095383 0.02629102 0.1314249
-0.04769055 0.02479111 -0.006779721 4684209 -0.01393638 0.02363464 0.1316601
-0.04769055 0.02479111 -0.006779721 4794308 -0.01393638 0.02363464 0.1316601
-0.05014546 0.02143015 -0.006665403 4904407 -0.01656431 0.02077023 0.1318197
-0.05211113 0.01785818 -0.006510823 5024516 -0.01893843 0.01765648 0.1320741
-0.05211113 0.01785818 -0.006510823 5134631 -0.01893843 0.01765648 0.1320741
-0.05382718 0.01457166 -0.006334378 5244714 -0.02088706 0.01447281 0.1323061
-0.05492424 0.01075224 -0.006213117 5364822 -0.02228908 0.0111248 0.132499
-0.05492424 0.01075224 -0.006213117 5464917 -0.02228908 0.0111248 0.132499
-0.05573087 0.006928724 -0.006036491 5585021 -0.02316712 0.007887893 0.1326896
-0.05631244 0.00321255 -0.005906293 5705129 -0.02371754 0.00450489 0.1328098
-0.05624233 -0.0007111875 -0.005856396 5805223 -0.02399131 0.001036595 0.1329351
-0.05624233 -0.0007111875 -0.005856396 5915318 -0.02399131 0.001036595 0.1329351
-0.05596982 -0.004940082 -0.005765775 6025418 -0.02418503 -0.002506261 0.1331229
-0.0555413 -0.00923574 -0.005692519 6145530 -0.02422006 -0.006249475 0.1332906
-0.0555413 -0.00923574 -0.005692519 6255637 -0.02422006 -0.006249475 0.1332906
-0.05493022 -0.01343637 -0.005624078 6355715 -0.02418494 -0.01007136 0.133479
-0.05423786 -0.01836047 -0.005619647 6475832 -0.02418103 -0.01419718 0.1336122
-0.05423786 -0.01836047 -0.005619647 6575918 -0.02418103 -0.01419718 0.1336122
-0.05308484 -0.02281961 -0.005629965 6696022 -0.02401134 -0.01828218 0.1337988
-0.05225654 -0.02729063 -0.005671867 6806125 -0.02386768 -0.02250427 0.1338896
-0.05225654 -0.02729063 -0.005671867 6926230 -0.02386768 -0.02250427 0.1338896
-0.05069362 -0.03186972 -0.005802989 7036333 -0.02333711 -0.02694014 0.1339596
-0.04850423 -0.03644801 -0.006012096 7146428 -0.02259832 -0.03131825 0.1340194
-0.04850423 -0.03644801 -0.006012096 7256531 -0.02259832 -0.03131825 0.1340194
-0.04661725 -0.04067438 -0.006167779 7366635 -0.02175188 -0.03544684 0.1340486
-0.04422222 -0.04405856 -0.006341753 7486739 -0.02018966 -0.03896879 0.1340248
-0.04422222 -0.04405856 -0.006341753 7586829 -0.02018966 -0.03896879 0.1340248
-0.04178673 -0.04720649 -0.006542824 7696924 -0.01838873 -0.04214517 0.133932
-0.03908489 -0.04982497 -0.006852582 7817036 -0.01616685 -0.04513342 0.1337142
-0.03908489 -0.04982497 -0.006852582 7927136 -0.01616685 -0.04513342 0.1337142
-0.0354852 -0.05205203 -0.007069643 8027226 -0.01351158 -0.04776 0.1336606
-0.03221127 -0.05438872 -0.007227958 8147334 -0.01088425 -0.05038362 0.1336101
-0.03221127 -0.05438872 -0.007227958 8257429 -0.01088425 -0.05038362 0.1336101
-0.02826723 -0.05653672 -0.007400968 8367537 -0.008046762 -0.05277494 0.133607
-0.02423074 -0.05815124 -0.007420024 8497666 -0.005041456 -0.05490861 0.1337448
-0.02423074 -0.05815124 -0.007420024 8597736 -0.005041456 -0.05490861 0.1337448
-0.02081434 -0.06028453 -0.007375111 8707839 -0.002316031 -0.05701769 0.1338813
-0.01668717 -0.06172914 -0.007338509 8817938 0.0005824941 -0.05885936 0.1340821
-0.01668717 -0.06172914 -0.007338509 8928042 0.0005824941 -0.05885936 0.1340821
-0.01253595 -0.06289661 -0.007193998 9038133 0.003602019 -0.06044881 0.1343681
-0.007436618 -0.06354805 -0.007110846 9158245 0.007245949 -0.06158444 0.1346171
-0.007436618 -0.06354805 -0.007110846 9268344 0.007245949 -0.06158444 0.1346171
-0.003073642 -0.0638786 -0.006933127 9378444 0.010913 -0.06253418 0.1348725
0.0006929018 -0.06416927 -0.006836245 9488547 0.01472898 -0.06328695 0.1349681
0.0006929018 -0.06416927 -0.006836245 9598642 0.01472898 -0.06328695 0.1349681
0.004666489 -0.06406328 -0.006730079 9708749 0.01855463 -0.06364314 0.1350909
0.00890574 -0.06319968 -0.006567825 9848867 0.02231035 -0.0637277 0.1352993
0.00890574 -0.06319968 -0.006567825 9938949 0.02231035 -0.0637277 0.1352993
0.01404363 -0.06135737 -0.006612165 10049048 0.02645876 -0.06327516 0.135333
0.01946425 -0.0596046 -0.006822148 10159147 0.03085554 -0.06240039 0.1351943
0.01946425 -0.0596046 -0.006822148 10269242 0.03085554 -0.06240039 0.1351943
0.02447324 -0.0574319 -0.006914873 10379346 0.03524289 -0.0610952 0.1351303
0.02954884 -0.05476074 -0.006995071 10489441 0.03938076 -0.05936758 0.1350907
0.02954884 -0.05476074 -0.006995071 10609553 0.03938076 -0.05936758 0.1350907
0.03379687 -0.05173128 -0.007080398 10719664 0.04292659 -0.05748102 0.1350106
0.03803877 -0.04828266 -0.007134647 10829756 0.04613217 -0.0554426 0.1349551
0.03803877 -0.04828266 -0.007134647 10949860 0.04613217 -0.0554426 0.1349551
0.04207079 -0.04444673 -0.007198541 11049958 0.04934034 -0.05292181 0.1348633
0.04495212 -0.04066813 -0.007267848 11170070 0.05236983 -0.05007523 0.1347277
0.04495212 -0.04066813 -0.007267848 11270148 0.05236983 -0.05007523 0.1347277
0.04758369 -0.03664314 -0.007325639 11390257 0.05517651 -0.04698334 0.1345958
0.05043025 -0.03207181 -0.007484305 11500352 0.05772046 -0.04363377 0.1343587
0.05043025 -0.03207181 -0.007484305 11610658 0.05772046 -0.04363377 0.1343587
0.05313496 -0.02714655 -0.007701218 11730563 0.05996161 -0.04000118 0.1340535
0.05516011 -0.02267958 -0.007740519 11840663 0.06185745 -0.03622709 0.1339559
0.05516011 -0.02267958 -0.007740519 11950762 0.06185745 -0.03622709 0.1339559
0.05660414 -0.01800592 -0.007924619 12050852 0.06355621 -0.03215303 0.1337009
0.05791217 -0.0135332 -0.008138054 12170960 0.06518798 -0.02791047 0.133448
0.05791217 -0.0135332 -0.008138054 12281055 0.06518798 -0.02791047 0.133448
0.05890783 -0.008830936 -0.008290217 12391155 0.06652616 -0.02389083 0.1332068
0.05895802 -0.004776107 -0.008417733 12501262 0.0674414 -0.0201007 0.1330016
0.05871166 -0.0003616086 -0.008439111 12641388 0.06800608 -0.01636094 0.1328545
0.05871166 -0.0003616086 -0.008439111 12721464 0.06800608 -0.01636094 0.1328545
0.05841886 0.003693642 -0.008358836 12841565 0.06846807 -0.01288867 0.1328158
0.05841886 0.003693642 -0.008358836 12971690 0.06846807 -0.01288867 0.1328158
0.05834647 0.007431238 -0.00822968 13061771 0.06891306 -0.009519974 0.1328634
0.05810172 0.01064711 -0.008050931 13171870 0.06930176 -0.006427544 0.1329784
0.05810172 0.01064711 -0.008050931 13281970 0.06930176 -0.006427544 0.1329784
0.05804851 0.01404101 -0.007856683 13402070 0.06967143 -0.003401184 0.1330934
0.05782072 0.01692563 -0.007527389 13502156 0.07001726 -0.0005854626 0.1333657
0.05782072 0.01692563 -0.007527389 13622264 0.07001726 -0.0005854626 0.1333657
0.05757349 0.01972931 -0.006599003 13732363 0.07036029 0.001629964 0.1341674
0.05759048 0.02284135 -0.004709475 13842475 0.07062098 0.003292511 0.1358405
0.05759048 0.02284135 -0.004709475 13952566 0.07062098 0.003292511 0.1358405
0.05764832 0.02551995 -0.00193844 14062669 0.07084372 0.004417252 0.1383712
0.05754339 0.02814475 0.001785307 14172760 0.07125406 0.00478925 0.1416881
