0.1955338 0.01026381 0.07238651 0 0.1823363 0.0225667 0.2137397
0.2055305 0.006856804 0.06633288 100087 0.1957879 0.02018875 0.207873
0.2151457 0.005199196 0.06055303 220195 0.2058671 0.01747331 0.2022199
0.2233913 0.004820295 0.05459056 350312 0.2133953 0.01366322 0.1964642
0.2233913 0.004820295 0.05459056 440393 0.2133953 0.01366322 0.1964642
0.2300027 0.004285354 0.04861613 550505 0.2200164 0.009527877 0.1906691
0.2354202 0.003722531 0.04279588 660596 0.2266231 0.006201191 0.1850025
0.2354202 0.003722531 0.04279588 780708 0.2266231 0.006201191 0.1850025
0.23931 0.002345136 0.03707929 890803 0.2332855 0.004183358 0.17944
0.23931 0.002345136 0.03707929 1000902 0.2332855 0.004183358 0.17944
0.2441778 0.002052005 0.0328796 1111006 0.2394184 0.003418895 0.1752936
0.249367 0.001369839 0.0294387 1221101 0.2445606 0.003310768 0.1718444
0.2544263 0.0009870981 0.02627409 1351222 0.248952 0.003352259 0.1686492
0.2544263 0.0009870981 0.02627409 1441295 0.248952 0.003352259 0.1686492
0.2592713 0.0007128312 0.02321172 1551407 0.2530545 0.003568893 0.1655474
0.2637704 0.001002368 0.02030377 1691525 0.2568725 0.00427207 0.1625992
0.2637704 0.001002368 0.02030377 1781606 0.2568725 0.00427207 0.1625992
0.2682281 0.0008950066 0.01784344 1891705 0.2603767 0.005320999 0.1600581
0.2682281 0.0008950066 0.01784344 2001804 0.2603767 0.005320999 0.1600581
0.2721414 0.0002955076 0.01572186 2111912 0.263404 0.006576815 0.157815
0.2746326 -0.0005287312 0.0134152 2221999 0.2662042 0.007541121 0.1554366
0.2760173 -0.00120866 0.01074229 2332102 0.2686626 0.007695462 0.1527736
0.2760173 -0.00120866 0.01074229 2452218 0.2686626 0.007695462 0.1527736
0.2770714 -0.001058452 0.007944769 2562306 0.2704276 0.007504059 0.150032
0.2778188 -0.0007658422 0.005025518 2672409 0.2714429 0.007325987 0.1471526
0.2778188 -0.0007658422 0.005025518 2782508 0.2714429 0.007325987 0.1471526
0.2789228 -0.0003542549 0.002284094 2902620 0.2720798 0.007303068 0.1444136
0.2796634 -9.170591E-05 -0.0005230675 3012715 0.2724254 0.007323095 0.1415997
0.2796634 -9.170591E-05 -0.0005230675 3122811 0.2724254 0.007323095 0.1415997
0.2805335 4.968853E-05 -0.003191381 3232914 0.272592 0.00743746 0.1388952
0.2818797 0.0001000526 -0.005097922 3343009 0.2723084 0.007489202 0.1368881
0.2818797 0.0001000526 -0.005097922 3463259 0.2723084 0.007489202 0.1368881
0.2811014 0.0001383618 -0.005088213 3583230 0.2729104 0.007725073 0.1369738
0.2813942 -0.0007932559 -0.005051076 3683324 0.2731747 0.008639605 0.1368986
0.2813942 -0.0007932559 -0.005051076 3793419 0.2731747 0.008639605 0.1368986
0.2818796 -0.0003754084 -0.005028881 3903514 0.2736924 0.009689692 0.1368793
0.2819639 -0.0007360097 -0.005076901 4013626 0.2742113 0.01076714 0.1367463
0.2819639 -0.0007360097 -0.005076901 4123717 0.2742113 0.01076714 0.1367463
0.2820526 -0.0006033687 -0.005134561 4233816 0.2745555 0.01173496 0.1366322
0.2822269 -0.0005536797 -0.005211631 4343911 0.2747259 0.01230598 0.1365086
0.2822269 -0.0005536797 -0.005211631 4464023 0.2747259 0.01230598 0.1365086
0.2822765 -0.0005175047 -0.005254641 4574119 0.2746415 0.01247127 0.1364466
0.2822455 -0.0005767113 -0.005304576 4684226 0.2744108 0.01230653 0.1363955
0.2822455 -0.0005767113 -0.005304576 4814335 0.2744108 0.01230653 0.1363955
0.2819026 -0.0007244859 -0.005363372 4904420 0.2736375 0.01176227 0.1363477
0.2816246 -0.0007470714 -0.0054808 5024525 0.2726077 0.01125894 0.136226
0.2816246 -0.0007470714 -0.0054808 5134628 0.2726077 0.01125894 0.136226
0.2816609 -0.0004620572 -0.005605103 5244743 0.2713239 0.01110527 0.136048
0.2799005 -0.001759847 -0.005697913 5354822 0.2706546 0.01127504 0.1359031
0.2799005 -0.001759847 -0.005697913 5474955 0.2706546 0.01127504 0.1359031
0.2773652 -0.002141445 -0.005668291 5595039 0.2704409 0.01161417 0.1359971
0.2743332 -0.002777299 -0.005672737 5695149 0.2692955 0.0116244 0.1360081
0.2743332 -0.002777299 -0.005672737 5805228 0.2692955 0.0116244 0.1360081
0.2703926 -0.003471063 -0.005703705 5915348 0.2672561 0.01155493 0.1359672
0.2661779 -0.004237582 -0.005727048 6045449 0.2647059 0.01142681 0.1359017
0.2661779 -0.004237582 -0.005727048 6135530 0.2647059 0.01142681 0.1359017
0.2618091 -0.004977053 -0.005708398 6245629 0.2615638 0.01160593 0.1358232
0.2566328 -0.005306196 -0.00568844 6365741 0.2576935 0.01190906 0.1357639
0.2566328 -0.005306196 -0.00568844 6475841 0.2576935 0.01190906 0.1357639
0.2510751 -0.005656492 -0.005695539 6585936 0.253386 0.01207384 0.1356782
0.2446503 -0.005944062 -0.005644282 6696031 0.2483203 0.01187648 0.1356894
0.2446503 -0.005944062 -0.005644282 6806503 0.2483203 0.01187648 0.1356894
0.2378442 -0.005476621 -0.005534187 6916241 0.242518 0.0115341 0.1358697
0.2305939 -0.005285299 -0.005463497 7036342 0.2360808 0.01114839 0.1359794
0.2305939 -0.005285299 -0.005463497 7146445 0.2360808 0.01114839 0.1359794
0.222742 -0.005158955 -0.005390607 7266545 0.2292312 0.01060457 0.1360861
0.2143605 -0.004798145 -0.00534714 7366635 0.2217794 0.009929829 0.1361955
0.2143605 -0.004798145 -0.00534714 7486748 0.2217794 0.009929829 0.1361955
0.2052462 -0.004130637 -0.005380876 7596855 0.2135394 0.009523576 0.1362208
0.1954844 -0.004704298 -0.005406137 7706946 0.2045739 0.008908191 0.1361507
0.1954844 -0.004704298 -0.005406137 7817045 0.2045739 0.008908191 0.1361507
0.185791 -0.004549382 -0.005496491 7927153 0.195168 0.008332001 0.13611
0.1753554 -0.00495974 -0.005518788 8037240 0.185377 0.007341638 0.1360951
0.1753554 -0.00495974 -0.005518788 8147339 0.185377 0.007341638 0.1360951
0.1643544 -0.004874653 -0.005633287 8257438 0.1752898 0.00655432 0.1359861
0.1531758 -0.005125834 -0.005652064 8387555 0.1649874 0.005710456 0.1359435
0.1531758 -0.005125834 -0.005652064 8477641 0.1649874 0.005710456 0.1359435
0.1413902 -0.005659691 -0.005674445 8597749 0.1546898 0.004851251 0.1358137
0.129444 -0.005697872 -0.00568203 8707844 0.14408 0.004041781 0.1357293
0.129444 -0.005697872 -0.00568203 8817947 0.14408 0.004041781 0.1357293
0.1175939 -0.005858262 -0.005684863 8928046 0.1331798 0.00336677 0.1356595
0.1056579 -0.00536814 -0.005828104 9058164 0.1223041 0.002797337 0.1354605
0.1056579 -0.00536814 -0.005828104 9158254 0.1223041 0.002797337 0.1354605
0.09382344 -0.005226511 -0.005868921 9268349 0.1113558 0.002177845 0.1353545
0.08163591 -0.004462654 -0.005952286 9398483 0.1002668 0.00188844 0.1351817
0.08163591 -0.004462654 -0.005952286 9488552 0.1002668 0.00188844 0.1351817
0.06963143 -0.003871243 -0.005970671 9598651 0.0892532 0.001875818 0.1350549
0.05695489 -0.002961048 -0.006001279 9708746 0.07846919 0.002010917 0.1347775
0.05695489 -0.002961048 -0.006001279 9818857 0.07846919 0.002010917 0.1347775
0.04523598 -0.001978234 -0.006071338 9928957 0.06781221 0.002178741 0.1345675
0.03409194 -0.0007419156 -0.006238882 10039056 0.05692198 0.002521732 0.1343825
0.03409194 -0.0007419156 -0.006238882 10159156 0.05692198 0.002521732 0.1343825
0.02312015 0.0005725368 -0.006462097 10269255 0.04631955 0.003104581 0.134114
0.01141617 0.001727018 -0.006528749 10379354 0.0356958 0.003907488 0.1338707
0.01141617 0.001727018 -0.006528749 10489458 0.0356958 0.003907488 0.1338707
-0.0002067806 0.00246402 -0.006540888 10599553 0.02537256 0.004610382 0.1336281
-0.01165623 0.00293531 -0.006601476 10709648 0.01495946 0.0051415 0.1333735
-0.02339784 0.003557367 -0.006468215 10829764 0.004385243 0.00566755 0.1332812
-0.02339784 0.003557367 -0.006468215 10939868 0.004385243 0.00566755 0.1332812
-0.03432468 0.004170741 -0.006628715 11049955 -0.006189225 0.006361468 0.133049
-0.03432468 0.004170741 -0.006628715 11160058 -0.006189225 0.006361468 0.133049
-0.04569533 0.004920036 -0.006624633 11280166 -0.01686488 0.006646763 0.1329177
-0.0569225 0.005367233 -0.006615933 11390265 -0.02774868 0.006465073 0.1328614
-0.06818417 0.005712225 -0.00661277 11500361 -0.03805344 0.006301819 0.1326641
-0.06818417 0.005712225 -0.00661277 11610472 -0.03805344 0.006301819 0.1326641
-0.0794821 0.006003376 -0.006607501 11730584 -0.04790189 0.006444791 0.1323484
-0.09038103 0.006583542 -0.006721703 11840671 -0.05750158 0.006685765 0.1319332
-0.09038103 0.006583542 -0.006721703 11940770 -0.05750158 0.006685765 0.1319332
-0.1004399 0.007388685 -0.006797103 12060870 -0.06725473 0.006685159 0.1317832
-0.1095202 0.008187771 -0.007012986 12170969 -0.07690911 0.006305713 0.1316925
-0.1095202 0.008187771 -0.007012986 12281064 -0.07690911 0.006305713 0.1316925
-0.1198928 0.009232578 -0.006965667 12391167 -0.08691566 0.006204457 0.131633
-0.1301614 0.009662107 -0.007075625 12501267 -0.09602212 0.006019277 0.1312266
-0.1301614 0.009662107 -0.007075625 12621375 -0.09602212 0.006019277 0.1312266
-0.1410058 0.00969058 -0.007098552 12731474 -0.1046933 0.005875277 0.1306443
-0.1514626 0.01007134 -0.00706947 12841577 -0.1136515 0.005579601 0.1302491
-0.1514626 0.01007134 -0.00706947 12951677 -0.1136515 0.005579601 0.1302491
-0.1604559 0.01022044 -0.007161543 13061780 -0.1231079 0.005319257 0.1302697
-0.1687299 0.01019856 -0.007348331 13171871 -0.1322334 0.005135607 0.1303057
-0.1687299 0.01019856 -0.007348331 13291979 -0.1322334 0.005135607 0.1303057
-0.1778742 0.009433454 -0.007436439 13392078 -0.1404759 0.004943422 0.1299952
-0.186256 0.009109476 -0.007574636 13512182 -0.1477665 0.004606477 0.129555
-0.186256 0.009109476 -0.007574636 13622285 -0.1477665 0.004606477 0.129555
-0.1950348 0.008718977 -0.007571976 13732376 -0.1549981 0.004046145 0.1291083
-0.2029208 0.008077695 -0.007546164 13842475 -0.1629036 0.003283379 0.1291355
-0.2029208 0.008077695 -0.007546164 13952583 -0.1629036 0.003283379 0.1291355
-0.2094557 0.007511601 -0.007742684 14062682 -0.170887 0.002758603 0.1293562
-0.2150329 0.006908807 -0.00786659 14192799 -0.1783362 0.002288825 0.1297498
-0.2150329 0.006908807 -0.00786659 14292877 -0.1783362 0.002288825 0.1297498
-0.2217962 0.006243921 -0.007934553 14402981 -0.1847441 0.001784526 0.1295918
-0.2290523 0.006154476 -0.007905894 14513084 -0.1901223 0.001358545 0.1290894
-0.2290523 0.006154476 -0.007905894 14643205 -0.1901223 0.001358545 0.1290894
-0.2364498 0.006291456 -0.007792615 14733286 -0.1957518 0.0007816525 0.1286609
-0.2426375 0.006398812 -0.007976982 14853391 -0.202156 0.0004961636 0.1285245
-0.2426375 0.006398812 -0.007976982 14953473 -0.202156 0.0004961636 0.1285245
-0.2469537 0.006734429 -0.008057711 15073585 -0.2087589 0.0003653792 0.1290804
-0.2508761 0.007072252 -0.008150844 15183684 -0.2143003 0.0004367536 0.1294153
-0.2508761 0.007072252 -0.008150844 15293779 -0.2143003 0.0004367536 0.1294153
-0.255513 0.00724433 -0.008195258 15403887 -0.2184328 0.0006032022 0.1292354
-0.2606522 0.007163353 -0.008004309 15524003 -0.2215706 0.0006691173 0.1288778
-0.2606522 0.007163353 -0.008004309 15634090 -0.2215706 0.0006691173 0.1288778
-0.2649668 0.007377434 -0.008067713 15744185 -0.2247974 0.0008551634 0.1284978
-0.2671584 0.007505821 -0.008033157 15854284 -0.22893 0.001114657 0.1290945
-0.2671584 0.007505821 -0.008033157 15964384 -0.22893 0.001114657 0.1290945
-0.2665572 0.007676566 -0.008146374 16074483 -0.2332338 0.00139765 0.1302602
-0.2666785 0.007843282 -0.008116198 16194599 -0.2357449 0.001840321 0.1308562
-0.2666785 0.007843282 -0.008116198 16294693 -0.2357449 0.001840321 0.1308562
-0.2666542 0.00802615 -0.008078536 16414794 -0.2358033 0.002618233 0.1309367
-0.2678135 0.00781879 -0.007854611 16524901 -0.2343905 0.003685524 0.1306086
-0.2678135 0.00781879 -0.007854611 16634988 -0.2343905 0.003685524 0.1306086
-0.2692182 0.007284131 -0.006446429 16745087 -0.2337045 0.005112813 0.1315402
-0.2692174 0.006690288 -0.003842331 16865200 -0.234376 0.007238669 0.1343316
-0.2692174 0.006690288 -0.003842331 16965286 -0.234376 0.007238669 0.1343316
-0.2682982 0.005468914 0.0006327266 17085394 -0.2355813 0.009871283 0.1392563
