0.1481077 -0.002897983 -0.000992137 0 0.1332292 0.01641973 0.1394062
0.1481077 -0.002897983 -0.000992137 120113 0.1332292 0.01641973 0.1394062
0.1480744 -0.002679234 -0.0008363901 220219 0.1331341 0.01647299 0.1395781
0.1478818 -0.002680426 -0.0006412445 350340 0.1330143 0.01655357 0.1397698
0.1478818 -0.002680426 -0.0006412445 450406 0.1330143 0.01655357 0.1397698
0.1474794 -0.002533382 -0.0004860341 570515 0.1328059 0.01660382 0.1399586
0.1468313 -0.002336209 -0.0004422248 670605 0.1324932 0.01654988 0.1400711
0.1468313 -0.002336209 -0.0004422248 780785 0.1324932 0.01654988 0.1400711
0.145837 -0.002041703 -0.0004365625 890811 0.1321685 0.01648619 0.1401911
0.1442034 -0.001697128 -0.0004353109 1010912 0.1318262 0.01650282 0.1403547
0.1442034 -0.001697128 -0.0004353109 1121027 0.1318262 0.01650282 0.1403547
0.1417916 -0.001357381 -0.0004970616 1231114 0.1314883 0.01652347 0.1405007
0.1391443 -0.0009845536 -0.0004049728 1351226 0.1309839 0.01655795 0.1407755
0.1391443 -0.0009845536 -0.0004049728 1461321 0.1309839 0.01655795 0.1407755
0.1363422 -0.0004397667 -0.0002938701 1571425 0.1301243 0.01678839 0.1410241
0.1333758 -0.0003547103 -0.0004562335 1691529 0.1290473 0.0169078 0.140928
0.1333758 -0.0003547103 -0.0004562335 1791615 0.1290473 0.0169078 0.140928
0.1301171 -4.220258E-05 -0.0006484588 1901722 0.1275669 0.01740994 0.1407558
0.1264572 6.294074E-05 -0.0009414757 2011814 0.1257783 0.01786544 0.1404405
0.1264572 6.294074E-05 -0.0009414757 2131934 0.1257783 0.01786544 0.1404405
0.122557 0.0004789818 -0.001322827 2242025 0.1236588 0.01816832 0.1400707
0.118179 0.0008033511 -0.00175353 2352136 0.1211949 0.01820626 0.1396476
0.118179 0.0008033511 -0.00175353 2462219 0.1211949 0.01820626 0.1396476
0.1136658 0.00106746 -0.002080462 2572319 0.1182954 0.01814067 0.1393173
0.1091598 0.001398565 -0.002387665 2682418 0.1149956 0.01829412 0.1389867
0.1091598 0.001398565 -0.002387665 2792655 0.1149956 0.01829412 0.1389867
0.1043087 0.001604619 -0.002626263 2912885 0.1114354 0.01859086 0.1386781
0.09926888 0.002009097 -0.00290879 3022725 0.1077566 0.01888626 0.1383335
0.09926888 0.002009097 -0.00290879 3132824 0.1077566 0.01888626 0.1383335
0.09411202 0.002260987 -0.003174448 3242927 0.1040053 0.01913911 0.1379762
0.08879121 0.002643948 -0.003371323 3363035 0.1000868 0.01941532 0.1376867
0.08879121 0.002643948 -0.003371323 3463134 0.1000868 0.01941532 0.1376867
0.08328359 0.002900249 -0.003432299 3583246 0.09597065 0.01962924 0.1375125
0.07743005 0.003226049 -0.003419187 3683324 0.09158649 0.02002278 0.1373775
0.07183551 0.003631719 -0.003313985 3823446 0.08728699 0.02052605 0.1373348
0.07183551 0.003631719 -0.003313985 3903522 0.08728699 0.02052605 0.1373348
0.06646638 0.003894875 -0.003045467 4023627 0.08314633 0.02103022 0.1374338
0.06646638 0.003894875 -0.003045467 4133726 0.08314633 0.02103022 0.1374338
0.061074 0.004416536 -0.002578167 4243833 0.07903708 0.02167434 0.1377278
0.05562862 0.004266512 -0.001700072 4353953 0.07481077 0.02232221 0.1383438
0.05562862 0.004266512 -0.001700072 4474037 0.07481077 0.02232221 0.1383438
0.0500011 0.004039181 -0.0005913671 4604174 0.07041711 0.02295399 0.1391643
0.04421762 0.003639474 0.0005968506 4694231 0.06583547 0.02321524 0.1400806
0.03844447 0.00375624 0.001754432 4804330 0.06119508 0.02332938 0.1410582
0.03844447 0.00375624 0.001754432 4914429 0.06119508 0.02332938 0.1410582
0.03267482 0.003635125 0.002992658 5034538 0.05649082 0.02328557 0.1421074
0.02702865 0.003621119 0.004232255 5144645 0.05179585 0.02327705 0.14318
0.02702865 0.003621119 0.004232255 5254748 0.05179585 0.02327705 0.14318
0.02125506 0.00366934 0.005624142 5364839 0.0470372 0.02335767 0.1443826
0.02125506 0.00366934 0.005624142 5484944 0.0470372 0.02335767 0.1443826
0.01545084 0.003480932 0.007228399 5585034 0.04212447 0.0234466 0.1457786
0.00932502 0.003357015 0.009016896 5705142 0.03704579 0.02362845 0.1473168
0.003287981 0.003321432 0.010865 5815257 0.03195797 0.02390284 0.1489254
0.003287981 0.003321432 0.010865 5925361 0.03195797 0.02390284 0.1489254
-0.002850027 0.003363395 0.01262768 6045465 0.0266489 0.0241882 0.1504768
-0.008708663 0.00337025 0.01432159 6155548 0.02129631 0.02437652 0.1520339
-0.008708663 0.00337025 0.01432159 6255642 0.02129631 0.02437652 0.1520339
-0.01455707 0.002873805 0.01594593 6385759 0.01576256 0.02459483 0.1534784
-0.02031751 0.003041414 0.01754256 6475841 0.01035537 0.0248378 0.1549847
-0.02031751 0.003041414 0.01754256 6595945 0.01035537 0.0248378 0.1549847
-0.02605562 0.003340571 0.01906886 6706056 0.004953019 0.0250331 0.1564521
-0.03301709 0.001755209 0.02065487 6816159 -0.0006872179 0.02536319 0.1574163
-0.03301709 0.001755209 0.02065487 6926247 -0.0006872179 0.02536319 0.1574163
-0.03875107 0.001699658 0.02211387 7046375 -0.006167626 0.02577274 0.158734
-0.04440606 0.001733217 0.02353819 7146445 -0.01157871 0.02622797 0.1600249
-0.04440606 0.001733217 0.02353819 7266569 -0.01157871 0.02622797 0.1600249
-0.04998077 0.001791094 0.02492632 7366639 -0.01704925 0.02672829 0.1613078
-0.05543067 0.001787638 0.0262437 7496757 -0.02246329 0.02713584 0.1625407
-0.05543067 0.001787638 0.0262437 7596847 -0.02246329 0.02713584 0.1625407
-0.06091054 0.001978553 0.02749933 7706958 -0.02782827 0.02751731 0.1637329
-0.06626955 0.00174556 0.02870311 7827066 -0.03307754 0.02777409 0.1648172
-0.06626955 0.00174556 0.02870311 7937170 -0.03307754 0.02777409 0.1648172
-0.07063209 0.002945223 0.0296898 8047253 -0.03808519 0.02800506 0.1661412
-0.07571252 0.002969185 0.03067506 8177370 -0.04318323 0.02817055 0.1671045
-0.07571252 0.002969185 0.03067506 8267467 -0.04318323 0.02817055 0.1671045
-0.08056357 0.002913694 0.03171147 8377567 -0.04818797 0.02848234 0.168109
-0.08552824 0.002635162 0.03293253 8487670 -0.0530146 0.02890849 0.1691633
-0.08552824 0.002635162 0.03293253 8607762 -0.0530146 0.02890849 0.1691633
-0.09054989 0.002350492 0.03413356 8707856 -0.05774098 0.02926093 0.1701691
-0.09531055 0.002170546 0.03516997 8827960 -0.06235778 0.02957677 0.1710716
-0.09531055 0.002170546 0.03516997 8938084 -0.06235778 0.02957677 0.1710716
-0.1000945 0.002072558 0.03609038 9048163 -0.06690695 0.02981484 0.1718666
-0.1045837 0.002075956 0.03690756 9158274 -0.07123585 0.03006744 0.1725933
-0.1045837 0.002075956 0.03690756 9278366 -0.07123585 0.03006744 0.1725933
-0.1088834 0.002118991 0.03775037 9378473 -0.07547073 0.03040144 0.1733599
-0.1129273 0.002047765 0.03866768 9488568 -0.07955207 0.03090248 0.1741658
-0.1165354 0.001620102 0.03970731 9638695 -0.08348288 0.03149348 0.1750637
-0.1165354 0.001620102 0.03970731 9718767 -0.08348288 0.03149348 0.1750637
-0.1195596 0.001509417 0.04064608 9828980 -0.08731301 0.03230527 0.1759902
-0.1195596 0.001509417 0.04064608 9969139 -0.08731301 0.03230527 0.1759902
-0.121823 0.001177241 0.04156769 10059066 -0.09093373 0.03310829 0.1769653
-0.1236392 0.001106431 0.04251957 10169189 -0.09424756 0.03392399 0.1780386
-0.1236392 0.001106431 0.04251957 10289294 -0.09424756 0.03392399 0.1780386
-0.1250443 0.001152804 0.04352856 10389363 -0.09729661 0.03465435 0.1792266
-0.1261622 0.00142627 0.04482854 10499479 -0.1003055 0.0355852 0.1807361
-0.1261622 0.00142627 0.04482854 10609566 -0.1003055 0.0355852 0.1807361
-0.1267248 0.001458278 0.0466342 10719665 -0.1033979 0.03690404 0.1826699
