0.05196438 0.003792756 -0.00461787 0 0.0339155 -0.005575284 0.1364237
0.05196438 0.003792756 -0.00461787 109998 0.0339155 -0.005575284 0.1364237
0.05198691 0.005367025 -0.005680799 220097 0.03426729 -0.004488572 0.1353693
0.0519294 0.007090973 -0.006686508 330196 0.0343226 -0.003215388 0.1343455
0.0519294 0.007090973 -0.006686508 450329 0.0343226 -0.003215388 0.1343455
0.05215434 0.009259665 -0.007576345 550399 0.03428291 -0.001736031 0.1333703
0.05211626 0.01201411 -0.008229194 670503 0.03411363 -0.0003349344 0.1325886
0.05211626 0.01201411 -0.008229194 780602 0.03411363 -0.0003349344 0.1325886
0.05176817 0.01527982 -0.008684991 890713 0.03372626 0.001205875 0.1319659
0.05070381 0.01849543 -0.009061215 1000813 0.03311317 0.003199293 0.1315192
0.05070381 0.01849543 -0.009061215 1120925 0.03311317 0.003199293 0.1315192
0.0490468 0.02187982 -0.009544489 1231008 0.03230213 0.005734427 0.1310443
0.04696374 0.02537923 -0.009932932 1341119 0.03109073 0.00847183 0.1306673
0.04696374 0.02537923 -0.009932932 1481233 0.03109073 0.00847183 0.1306673
0.04444526 0.02916467 -0.01031804 1561318 0.02948474 0.0114593 0.1302841
0.04160254 0.03311311 -0.01050019 1671417 0.02754037 0.01459418 0.1300899
0.04160254 0.03311311 -0.01050019 1811535 0.02754037 0.01459418 0.1300899
0.03802006 0.03701269 -0.01067811 1891603 0.0250799 0.01781057 0.129928
0.03443991 0.04072969 -0.01079088 2011715 0.02226644 0.02111075 0.1298262
0.03443991 0.04072969 -0.01079088 2112033 0.02226644 0.02111075 0.1298262
0.03071301 0.04458912 -0.01090633 2231918 0.01891362 0.02461464 0.1296925
0.02709489 0.04863504 -0.01086592 2342021 0.01509749 0.0281174 0.1296379
0.02709489 0.04863504 -0.01086592 2452116 0.01509749 0.0281174 0.1296379
0.02307808 0.05261235 -0.01091515 2572217 0.01084399 0.03143499 0.1294703
0.01815944 0.05648145 -0.01079576 2672315 0.006507393 0.03462271 0.1295348
0.01815944 0.05648145 -0.01079576 2792419 0.006507393 0.03462271 0.1295348
0.01325464 0.05994518 -0.01065802 2902526 0.002040026 0.03770007 0.1296475
0.008343516 0.06295167 -0.01060372 3012618 -0.002501668 0.04068531 0.1297275
0.008343516 0.06295167 -0.01060372 3122733 -0.002501668 0.04068531 0.1297275
0.002432465 0.06559951 -0.01040559 3252854 -0.006959558 0.04341741 0.1300436
-0.003030537 0.06772357 -0.01065307 3343000 -0.01152247 0.045779 0.1298908
-0.003030537 0.06772357 -0.01065307 3463023 -0.01152247 0.045779 0.1298908
-0.00819951 0.06929103 -0.01119875 3593153 -0.01597816 0.04772751 0.1294453
-0.01354202 0.07051472 -0.01177411 3683234 -0.02025914 0.04933302 0.1289826
-0.01354202 0.07051472 -0.01177411 3793321 -0.02025914 0.04933302 0.1289826
-0.01900502 0.07140452 -0.01245748 3903420 -0.02450156 0.05053888 0.1283994
-0.02461072 0.07160309 -0.01323902 4023549 -0.02881726 0.05138538 0.1277567
-0.02461072 0.07160309 -0.01323902 4133624 -0.02881726 0.05138538 0.1277567
-0.02998438 0.07139516 -0.01396798 4243723 -0.03331729 0.05185757 0.1271469
-0.03539478 0.07068638 -0.01464795 4363851 -0.038114 0.05188863 0.1265806
-0.03539478 0.07068638 -0.01464795 4463946 -0.038114 0.05188863 0.1265806
-0.04061939 0.06980338 -0.01516508 4584034 -0.04308345 0.0516647 0.1261543
-0.04568743 0.06817447 -0.01578247 4694149 -0.0480174 0.05103259 0.1256635
-0.04568743 0.06817447 -0.01578247 4804240 -0.0480174 0.05103259 0.1256635
-0.05058448 0.066027 -0.01638668 4914344 -0.05271365 0.05007218 0.1252013
-0.05574943 0.06353527 -0.01683526 5024447 -0.05742942 0.048676 0.1248779
-0.05574943 0.06353527 -0.01683526 5134526 -0.05742942 0.048676 0.1248779
-0.0605772 0.0603609 -0.01715969 5244641 -0.06200318 0.04672848 0.1246796
-0.06501703 0.05681888 -0.01732706 5354740 -0.06656812 0.04424922 0.124609
-0.06501703 0.05681888 -0.01732706 5474836 -0.06656812 0.04424922 0.124609
-0.0691493 0.05319918 -0.0175659 5584948 -0.07098268 0.04155736 0.1244459
-0.07305901 0.04921126 -0.01807451 5695104 -0.07493778 0.03875168 0.1240287
-0.07305901 0.04921126 -0.01807451 5805134 -0.07493778 0.03875168 0.1240287
-0.07720689 0.04498824 -0.01881825 5915233 -0.07850747 0.03583633 0.1233816
-0.08056156 0.04032219 -0.01963508 6025341 -0.08168463 0.0326304 0.1226528
-0.08056156 0.04032219 -0.01963508 6145445 -0.08168463 0.0326304 0.1226528
-0.08316027 0.03550651 -0.02035081 6255536 -0.08463608 0.02911444 0.1219981
-0.0853288 0.03041838 -0.02075117 6365639 -0.08730672 0.02517684 0.1216386
-0.0853288 0.03041838 -0.02075117 6475751 -0.08730672 0.02517684 0.1216386
-0.08682637 0.02537896 -0.02116084 6585854 -0.08930479 0.02090248 0.1212473
-0.0879565 0.02023188 -0.02150827 6705946 -0.09069382 0.01647427 0.1209159
-0.0879565 0.02023188 -0.02150827 6806052 -0.09069382 0.01647427 0.1209159
-0.08857043 0.01496896 -0.0218417 6926144 -0.09156226 0.01196539 0.1205952
-0.08849271 0.009435472 -0.02210617 7036264 -0.09204833 0.0073049 0.1203335
-0.08849271 0.009435472 -0.02210617 7146343 -0.09204833 0.0073049 0.1203335
-0.08738647 0.003835272 -0.02229905 7266471 -0.09193526 0.002705657 0.1201238
-0.08579893 -0.001902731 -0.02241713 7366537 -0.09127007 -0.001862234 0.1199778
-0.08579893 -0.001902731 -0.02241713 7476645 -0.09127007 -0.001862234 0.1199778
-0.08404444 -0.007450671 -0.02253896 7596769 -0.08967088 -0.006423539 0.1198462
-0.0820403 -0.01250346 -0.02257234 7706848 -0.0873165 -0.01099024 0.1198219
-0.0820403 -0.01250346 -0.02257234 7816947 -0.0873165 -0.01099024 0.1198219
-0.07950647 -0.01759639 -0.02239138 7927067 -0.08473037 -0.01549066 0.1199972
-0.07579004 -0.02276114 -0.0219965 8047171 -0.08195381 -0.01974059 0.1203381
-0.07579004 -0.02276114 -0.0219965 8147245 -0.08195381 -0.01974059 0.1203381
-0.07153162 -0.02770473 -0.0215137 8257360 -0.07891874 -0.02362174 0.1207361
-0.06671759 -0.0322764 -0.02112735 8367504 -0.07528921 -0.02715725 0.1210224
-0.06214791 -0.03634445 -0.02080959 8487552 -0.07085439 -0.03054175 0.1213058
-0.06214791 -0.03634445 -0.02080959 8597647 -0.07085439 -0.03054175 0.1213058
-0.05756405 -0.03967883 -0.02041072 8707754 -0.06579038 -0.03383369 0.1217315
-0.05280652 -0.04243596 -0.01976818 8817845 -0.06061991 -0.03690803 0.12241
-0.05280652 -0.04243596 -0.01976818 8928054 -0.06061991 -0.03690803 0.12241
-0.04702785 -0.04503023 -0.018897 9048057 -0.05559292 -0.03951872 0.1232385
-0.0409196 -0.04756863 -0.01795519 9158160 -0.05053073 -0.04159129 0.1240946
-0.0409196 -0.04756863 -0.01795519 9268267 -0.05053073 -0.04159129 0.1240946
-0.03468367 -0.04981809 -0.01705027 9378354 -0.04550499 -0.04328335 0.1248879
-0.02833218 -0.05165859 -0.01631952 9488450 -0.0402154 -0.04465557 0.1255114
-0.02833218 -0.05165859 -0.01631952 9598565 -0.0402154 -0.04465557 0.1255114
-0.0225032 -0.05284188 -0.01570875 9708652 -0.03461 -0.04586637 0.1261046
-0.01707203 -0.05331783 -0.01525945 9828777 -0.02897006 -0.0468266 0.1265945
-0.01707203 -0.05331783 -0.01525945 9938855 -0.02897006 -0.0468266 0.1265945
-0.01134021 -0.05339894 -0.01475317 10048975 -0.02365274 -0.04731602 0.1270835
-0.005631038 -0.0532789 -0.01420612 10159244 -0.01872641 -0.04727826 0.1275639
-0.005631038 -0.0532789 -0.01420612 10269169 -0.01872641 -0.04727826 0.1275639
-0.0001675586 -0.05274255 -0.01372946 10389261 -0.01418433 -0.04665179 0.1279486
0.004925121 -0.05155096 -0.01344711 10499381 -0.009938604 -0.04570786 0.1281551
0.004925121 -0.05155096 -0.01344711 10609480 -0.009938604 -0.04570786 0.1281551
0.009489703 -0.04987029 -0.01321865 10719567 -0.005934664 -0.04457859 0.1283452
0.01381849 -0.04768261 -0.01290441 10839684 -0.002352842 -0.04315156 0.1286025
0.01381849 -0.04768261 -0.01290441 10939770 -0.002352842 -0.04315156 0.1286025
0.01796209 -0.04488469 -0.01247013 11059866 0.0007306246 -0.04137648 0.1289407
0.02206652 -0.04164991 -0.01194132 11159960 0.003382852 -0.03925482 0.1293082
0.02206652 -0.04164991 -0.01194132 11280064 0.003382852 -0.03925482 0.1293082
0.02574162 -0.03831045 -0.01157612 11390172 0.005761971 -0.0367272 0.1295074
0.02913611 -0.03487812 -0.01143492 11510276 0.008040418 -0.03373308 0.1294902
0.02913611 -0.03487812 -0.01143492 11610374 0.008040418 -0.03373308 0.1294902
0.03203063 -0.03112413 -0.01139892 11730478 0.01012747 -0.0305892 0.1294067
0.03475194 -0.02703232 -0.01138455 11840573 0.01211034 -0.02743987 0.1293046
0.03475194 -0.02703232 -0.01138455 11950669 0.01211034 -0.02743987 0.1293046
0.03736274 -0.02280562 -0.01127404 12070781 0.01382916 -0.02418841 0.1292624
0.04003797 -0.01835664 -0.01106447 12170867 0.01527076 -0.02080639 0.1292453
0.04003797 -0.01835664 -0.01106447 12280966 0.01527076 -0.02080639 0.1292453
0.0422741 -0.01362262 -0.01088601 12401079 0.01663213 -0.01741625 0.1292366
0.04375862 -0.008570003 -0.01088107 12511186 0.01787113 -0.01406361 0.12914
0.04375862 -0.008570003 -0.01088107 12611272 0.01787113 -0.01406361 0.12914
0.04479055 -0.003501333 -0.01096594 12731388 0.0190153 -0.01053052 0.1290072
0.04595201 0.001339804 -0.01105612 12841484 0.01994138 -0.006854727 0.12881
0.04595201 0.001339804 -0.01105612 12951587 0.01994138 -0.006854727 0.12881
0.04682456 0.006098764 -0.01106501 13071679 0.02044963 -0.003224418 0.1286622
0.04751299 0.01099098 -0.01104069 13191803 0.02069448 0.000247195 0.1285
0.04751299 0.01099098 -0.01104069 13291881 0.02069448 0.000247195 0.1285
0.04759149 0.01617464 -0.01119667 13401976 0.02094703 0.003636792 0.1282276
0.04666649 0.02124651 -0.01163226 13512080 0.02125465 0.006948127 0.1278527
0.04666649 0.02124651 -0.01163226 13622179 0.02125465 0.006948127 0.1278527
0.04509543 0.02621816 -0.01219189 13742291 0.02121501 0.01030703 0.1273889
0.04355739 0.03070389 -0.0127027 13842373 0.02055602 0.01372306 0.1268997
0.04355739 0.03070389 -0.0127027 13952481 0.02055602 0.01372306 0.1268997
0.04178577 0.03471119 -0.01305216 14072589 0.01915895 0.01713781 0.1265381
0.04025458 0.03801627 -0.0133031 14182680 0.01748871 0.02024503 0.1262395
0.04025458 0.03801627 -0.0133031 14292783 0.01748871 0.02024503 0.1262395
0.03831737 0.04093865 -0.01353138 14412892 0.01560318 0.02304194 0.1260036
0.03683649 0.04314595 -0.01345401 14512978 0.01386129 0.02535121 0.1260513
0.03683649 0.04314595 -0.01345401 14653124 0.01386129 0.02535121 0.1260513
