0.3013586 -0.001863241 0.0007326487 0 0.313862 0.002870917 0.1426041
0.3016866 -0.001882434 0.0006490867 80069 0.3140756 0.003006816 0.1425253
0.3019544 -0.001901507 0.0003621947 190168 0.3143254 0.003196359 0.1422326
0.3019544 -0.001901507 0.0003621947 300267 0.3143254 0.003196359 0.1422326
0.3021562 -0.001683354 -0.0001081455 430388 0.314564 0.00352478 0.1417551
0.3021685 -0.001438856 -0.0007049277 530491 0.3146676 0.003946304 0.1411436
0.3021685 -0.001438856 -0.0007049277 640586 0.3146676 0.003946304 0.1411436
0.3016896 -0.0013448 -0.001324389 750908 0.3145898 0.004385829 0.1404747
0.3018132 -0.001061201 -0.00199123 870781 0.3145694 0.004936814 0.1398099
0.3018132 -0.001061201 -0.00199123 980884 0.3145694 0.004936814 0.1398099
0.301467 -0.000266552 -0.002541416 1090984 0.3142913 0.005723953 0.1392539
0.3013805 0.0004829168 -0.002997404 1201115 0.3139766 0.006475329 0.1388182
0.3013805 0.0004829168 -0.002997404 1311178 0.3139766 0.006475329 0.1388182
0.3011748 0.001597643 -0.003403886 1421277 0.3135487 0.007434011 0.1384378
0.3010361 0.002907634 -0.003632188 1531377 0.3131135 0.008411169 0.1382484
0.3010361 0.002907634 -0.003632188 1651485 0.3131135 0.008411169 0.1382484
0.3006494 0.004698515 -0.003796157 1761588 0.3125994 0.009616494 0.1381167
0.3002682 0.006874919 -0.003954053 1871687 0.3121668 0.01117742 0.1379831
0.3002682 0.006874919 -0.003954053 1981791 0.3121668 0.01117742 0.1379831
0.3002155 0.009124994 -0.004173959 2091894 0.3117872 0.01281369 0.1378075
0.2999886 0.01148057 -0.004269511 2201981 0.3113078 0.01462066 0.1377455
0.2999886 0.01148057 -0.004269511 2322089 0.3113078 0.01462066 0.1377455
0.2993614 0.0146085 -0.004350434 2432188 0.3106692 0.01692367 0.1376813
0.2982029 0.01839197 -0.004367525 2552301 0.3098311 0.01964128 0.1376517
0.2982029 0.01839197 -0.004367525 2662396 0.3098311 0.01964128 0.1376517
0.2969786 0.02209663 -0.004457272 2762729 0.3086413 0.02255762 0.1375639
0.2958729 0.02629459 -0.004424927 2872593 0.3072363 0.02592587 0.1376208
0.2958729 0.02629459 -0.004424927 2992702 0.3072363 0.02592587 0.1376208
0.2943586 0.03078675 -0.004435281 3102797 0.3054678 0.02967989 0.1376267
0.293085 0.03528595 -0.004575563 3212896 0.3033507 0.0336957 0.1375453
0.293085 0.03528595 -0.004575563 3323007 0.3033507 0.0336957 0.1375453
0.291755 0.04041898 -0.004500364 3433090 0.3010399 0.0380801 0.1376776
0.2899086 0.04604125 -0.004439521 3543198 0.2985678 0.04260242 0.1377556
0.2899086 0.04604125 -0.004439521 3673307 0.2985678 0.04260242 0.1377556
0.2879893 0.05206633 -0.004401225 3763404 0.2962837 0.04729116 0.137777
0.285927 0.05861759 -0.004417988 3883508 0.29417 0.05220568 0.1376988
0.285927 0.05861759 -0.004417988 3993600 0.29417 0.05220568 0.1376988
0.2833047 0.0649724 -0.004644731 4103695 0.2918882 0.0572418 0.1373863
0.2808912 0.07179773 -0.004925181 4213810 0.2893142 0.06272304 0.1370359
0.2808912 0.07179773 -0.004925181 4323897 0.2893142 0.06272304 0.1370359
0.2781879 0.07877851 -0.005335169 4433996 0.2860815 0.06858909 0.1365807
0.2757603 0.08586085 -0.005695592 4544108 0.2825978 0.07470238 0.1362022
0.2757603 0.08586085 -0.005695592 4664200 0.2825978 0.07470238 0.1362022
0.272647 0.0930624 -0.006185948 4774303 0.2790247 0.08087981 0.135649
0.2691885 0.1009619 -0.006681051 4884415 0.2755648 0.08721602 0.135011
0.2691885 0.1009619 -0.006681051 4994514 0.2755648 0.08721602 0.135011
0.2655483 0.1085395 -0.007284608 5124635 0.2718894 0.0936352 0.1342919
0.26245 0.1163731 -0.007814046 5224729 0.2678726 0.100459 0.1336907
0.26245 0.1163731 -0.007814046 5334812 0.2678726 0.100459 0.1336907
0.2594805 0.1237749 -0.008323319 5464921 0.2634279 0.1073252 0.133169
0.2562986 0.1312335 -0.008802713 5555003 0.2591332 0.1141222 0.1326378
0.2562986 0.1312335 -0.008802713 5675111 0.2591332 0.1141222 0.1326378
0.2524606 0.1388371 -0.009272144 5775258 0.2552111 0.1206859 0.1320404
0.2480068 0.1463501 -0.009876811 5895475 0.2515516 0.1270021 0.1312591
0.2480068 0.1463501 -0.009876811 6005421 0.2515516 0.1270021 0.1312591
0.2424805 0.1540602 -0.01061318 6115516 0.2477523 0.1334934 0.1302962
0.2372634 0.1612557 -0.01154697 6225684 0.2433055 0.1400329 0.1292342
0.2372634 0.1612557 -0.01154697 6335714 0.2433055 0.1400329 0.1292342
0.2323295 0.1675051 -0.0128246 6445814 0.2380448 0.1464225 0.1279913
0.2238203 0.1729596 -0.01461663 6565922 0.2318107 0.1525038 0.126181
0.2238203 0.1729596 -0.01461663 6676013 0.2318107 0.1525038 0.126181
0.2165468 0.1785493 -0.01640676 6786116 0.2269243 0.1582737 0.1242611
0.2101768 0.1846459 -0.01799422 6916233 0.2229985 0.1638325 0.1223933
0.2101768 0.1846459 -0.01799422 7006323 0.2229985 0.1638325 0.1223933
0.2032484 0.190444 -0.01958218 7116418 0.2186265 0.1691579 0.1204773
0.196718 0.1952152 -0.02121374 7226521 0.2132156 0.1740541 0.1187373
0.196718 0.1952152 -0.02121374 7346625 0.2132156 0.1740541 0.1187373
0.1910897 0.2005851 -0.02257019 7456769 0.20729 0.1790549 0.1173592
0.1854693 0.2055393 -0.0236729 7566816 0.2012923 0.1836213 0.1162395
0.1854693 0.2055393 -0.0236729 7676919 0.2012923 0.1836213 0.1162395
0.1793588 0.2103044 -0.02462379 7787030 0.195759 0.1878742 0.1151409
0.1725994 0.2151939 -0.02537998 7897122 0.1905812 0.1918842 0.1140459
0.1725994 0.2151939 -0.02537998 8017246 0.1905812 0.1918842 0.1140459
0.1656643 0.219985 -0.0259701 8157368 0.1852121 0.1956587 0.1130708
0.1560096 0.2269727 -0.02460132 8227419 0.1774801 0.2000972 0.1136845
0.1560096 0.2269727 -0.02460132 8347523 0.1774801 0.2000972 0.1136845
0.1502305 0.2336364 -0.02386424 8457663 0.1710728 0.204538 0.1140674
0.1424619 0.2364327 -0.02517451 8567718 0.1643116 0.2073615 0.1126068
0.1424619 0.2364327 -0.02517451 8687846 0.1643116 0.2073615 0.1126068
0.1349953 0.2417358 -0.02488736 8787949 0.1579175 0.2110448 0.1123675
0.1267413 0.2455302 -0.02509522 8908049 0.1509228 0.2139372 0.1117382
0.1267413 0.2455302 -0.02509522 9018144 0.1509228 0.2139372 0.1117382
0.1193999 0.2495576 -0.02504064 9128308 0.1436186 0.2166849 0.1114844
0.1116819 0.2529858 -0.0248901 9258369 0.1358769 0.219226 0.1114225
0.1116819 0.2529858 -0.0248901 9348425 0.1358769 0.219226 0.1114225
0.1034129 0.2559351 -0.02452891 9468530 0.1282118 0.2215277 0.111513
0.09512306 0.2589335 -0.0240433 9598651 0.1211474 0.2236398 0.1115419
0.09512306 0.2589335 -0.0240433 9698741 0.1211474 0.2236398 0.1115419
0.0863585 0.2615794 -0.02338278 9798831 0.1141881 0.2256008 0.1116628
0.07818121 0.2640228 -0.022691 9908931 0.1069668 0.2272993 0.1119531
0.07818121 0.2640228 -0.022691 10029039 0.1069668 0.2272993 0.1119531
0.07015426 0.2660043 -0.02190878 10139134 0.0994771 0.2286676 0.1124504
0.0624215 0.2675879 -0.02118554 10249233 0.091874 0.2298291 0.1130273
0.0624215 0.2675879 -0.02118554 10359353 0.091874 0.2298291 0.1130273
0.05408734 0.2690213 -0.0201881 10479441 0.08460533 0.2307578 0.1136432
0.04540187 0.2702756 -0.01908008 10579535 0.0779094 0.2314447 0.1141178
0.03652561 0.2714072 -0.01773279 10699651 0.07138633 0.2320023 0.1146992
0.03652561 0.2714072 -0.01773279 10799786 0.07138633 0.2320023 0.1146992
0.02801425 0.2721121 -0.01645209 10919862 0.06448721 0.2322656 0.1154123
0.01942939 0.2729385 -0.01491278 11029941 0.05705785 0.2322129 0.1163571
0.01942939 0.2729385 -0.01491278 11150065 0.05705785 0.2322129 0.1163571
0.01087952 0.2733029 -0.01332174 11250151 0.04933237 0.2318567 0.1174828
0.002610567 0.2737806 -0.01153003 11360461 0.04186773 0.2313107 0.1187061
0.002610567 0.2737806 -0.01153003 11470338 0.04186773 0.2313107 0.1187061
-0.005780813 0.2740421 -0.00953385 11590446 0.03464042 0.2304653 0.1199784
-0.01397443 0.2743729 -0.007159958 11700545 0.02746379 0.2292536 0.1215
-0.01397443 0.2743729 -0.007159958 11820653 0.02746379 0.2292536 0.1215
-0.02224093 0.2743404 -0.004660918 11920744 0.01985954 0.2275991 0.1232025
-0.03007436 0.2739742 -0.002285474 12030855 0.01214015 0.2257992 0.1250069
-0.03007436 0.2739742 -0.002285474 12150963 0.01214015 0.2257992 0.1250069
-0.03753888 0.2732449 -0.00030298 12251041 0.00460904 0.223956 0.1265844
-0.04525494 0.2721373 0.001496163 12371166 -0.002502331 0.2220746 0.1278773
-0.04525494 0.2721373 0.001496163 12501267 -0.002502331 0.2220746 0.1278773
-0.05286157 0.2708653 0.003176894 12591352 -0.009074638 0.2201774 0.1289532
-0.0604983 0.2693121 0.004941843 12701447 -0.0154239 0.2180036 0.1300097
-0.0604983 0.2693121 0.004941843 12841578 -0.0154239 0.2180036 0.1300097
-0.06801349 0.267836 0.006878207 12931655 -0.02183689 0.2156062 0.1311602
-0.0752815 0.2659484 0.008762674 13051763 -0.0283959 0.2127937 0.1323853
-0.0752815 0.2659484 0.008762674 13151857 -0.0283959 0.2127937 0.1323853
-0.08301669 0.2637265 0.01076814 13261952 -0.03518559 0.2096783 0.1336389
-0.09103703 0.2608688 0.0127993 13372052 -0.04178334 0.2061771 0.1348204
-0.09103703 0.2608688 0.0127993 13492156 -0.04178334 0.2061771 0.1348204
-0.09947532 0.2574022 0.01498337 13602255 -0.0483054 0.2023948 0.1360704
-0.1074176 0.2538123 0.01685232 13712374 -0.05460967 0.1986455 0.137161
-0.1074176 0.2538123 0.01685232 13822453 -0.05460967 0.1986455 0.137161
-0.1153792 0.249594 0.01852945 13942586 -0.06106569 0.1945626 0.1382284
-0.1226034 0.245342 0.01998172 14042672 -0.06744827 0.1902605 0.1392721
-0.1226034 0.245342 0.01998172 14152779 -0.06744827 0.1902605 0.1392721
-0.1294622 0.2407368 0.02133082 14272884 -0.073699 0.1856451 0.1403334
-0.1360817 0.2355701 0.02233232 14372978 -0.07965983 0.1808496 0.1411957
-0.1360817 0.2355701 0.02233232 14493066 -0.07965983 0.1808496 0.1411957
-0.1424155 0.2301092 0.02298705 14623179 -0.08528305 0.1759213 0.141755
-0.1488888 0.2239733 0.02324806 14713819 -0.09087897 0.1706556 0.1419845
-0.1488888 0.2239733 0.02324806 14833368 -0.09087897 0.1706556 0.1419845
-0.1551975 0.2170855 0.02292908 14963498 -0.09658016 0.1648887 0.141865
-0.1618364 0.2094982 0.02240553 15043554 -0.1023759 0.1586279 0.1414976
-0.1618364 0.2094982 0.02240553 15163666 -0.1023759 0.1586279 0.1414976
-0.1685045 0.2011904 0.02155122 15273765 -0.1080448 0.1519474 0.1408241
-0.1750456 0.1923656 0.02042453 15383873 -0.1135905 0.1449519 0.1399296
-0.1750456 0.1923656 0.02042453 15503969 -0.1135905 0.1449519 0.1399296
-0.1817728 0.1833551 0.01942364 15614084 -0.1192652 0.1373821 0.1389458
-0.1886127 0.1740779 0.01828986 15724179 -0.1251898 0.1294256 0.1378305
-0.1886127 0.1740779 0.01828986 15834271 -0.1251898 0.1294256 0.1378305
-0.1945666 0.1645966 0.01668273 15954480 -0.130934 0.12121 0.1365774
-0.2003703 0.1546687 0.01466595 16054465 -0.1366741 0.1127075 0.1350333
-0.2003703 0.1546687 0.01466595 16174577 -0.1366741 0.1127075 0.1350333
-0.2060246 0.1444906 0.01255799 16274667 -0.1419991 0.1041182 0.1332934
-0.2115436 0.1341249 0.01031858 16394776 -0.1471186 0.0951556 0.1313023
-0.2115436 0.1341249 0.01031858 16504887 -0.1471186 0.0951556 0.1313023
-0.2172088 0.1232445 0.0080556 16614998 -0.1522608 0.0858351 0.1292519
-0.2224473 0.1120626 0.005471945 16745091 -0.1573232 0.0762521 0.1270561
-0.2224473 0.1120626 0.005471945 16835169 -0.1573232 0.0762521 0.1270561
-0.2265328 0.1018641 0.002776179 16945268 -0.1620983 0.0667485 0.1249292
-0.2313521 0.09052885 0.0002322528 17085398 -0.1667846 0.05711532 0.1227917
-0.2313521 0.09052885 0.0002322528 17175487 -0.1667846 0.05711532 0.1227917
-0.2362426 0.07867754 -0.002111384 17285587 -0.1711185 0.04734051 0.1207019
-0.2411687 0.06673026 -0.003805339 17395674 -0.1750657 0.0374074 0.1189823
-0.2411687 0.06673026 -0.003805339 17505785 -0.1750657 0.0374074 0.1189823
-0.2460452 0.05483413 -0.005236046 17615888 -0.1791178 0.02707529 0.1174686
-0.2504221 0.04307449 -0.006630853 17725988 -0.1831238 0.0165987 0.1161544
-0.2504221 0.04307449 -0.006630853 17846092 -0.1831238 0.0165987 0.1161544
-0.2549217 0.03134203 -0.007599824 17946182 -0.1870665 0.006009698 0.1151201
-0.2589497 0.01944745 -0.008717668 18066282 -0.1905266 -0.004408002 0.113983
-0.2626643 0.007847667 -0.009506234 18196399 -0.1934357 -0.01453841 0.1130193
-0.2626643 0.007847667 -0.009506234 18286476 -0.1934357 -0.01453841 0.1130193
-0.265149 -0.003244638 -0.01081863 18396588 -0.1963381 -0.02481222 0.1120885
-0.265149 -0.003244638 -0.01081863 18506675 -0.1963381 -0.02481222 0.1120885
-0.2680842 -0.01489568 -0.01169438 18626783 -0.1989935 -0.03512299 0.1112836
-0.2698348 -0.02573979 -0.01294817 18736882 -0.2013935 -0.04530203 0.1104997
-0.2698348 -0.02573979 -0.01294817 18846994 -0.2013935 -0.04530203 0.1104997
-0.2723176 -0.03727472 -0.01348058 18957101 -0.2035105 -0.05559027 0.1099551
-0.2741516 -0.04842842 -0.01412209 19077189 -0.2053857 -0.06589818 0.1094591
-0.2741516 -0.04842842 -0.01412209 19177295 -0.2053857 -0.06589818 0.1094591
-0.2759821 -0.05977333 -0.01449543 19307405 -0.207077 -0.07625902 0.1091434
-0.277735 -0.07152832 -0.01462752 19407495 -0.2085002 -0.08689308 0.1089715
-0.277735 -0.07152832 -0.01462752 19517594 -0.2085002 -0.08689308 0.1089715
-0.2785846 -0.08288848 -0.01481815 19627689 -0.2095506 -0.09746814 0.1089881
-0.280161 -0.09407091 -0.0145566 19737788 -0.210841 -0.108224 0.1091393
-0.280161 -0.09407091 -0.0145566 19857901 -0.210841 -0.108224 0.1091393
-0.2808937 -0.1053764 -0.01467918 19967992 -0.2115276 -0.1187605 0.1090765
-0.2811264 -0.1169447 -0.01518234 20078091 -0.2119737 -0.1290705 0.1088221
-0.2811264 -0.1169447 -0.01518234 20188190 -0.2119737 -0.1290705 0.1088221
-0.2804956 -0.128938 -0.01595448 20298290 -0.2119152 -0.1391991 0.1085352
-0.2790755 -0.1402268 -0.01675072 20408401 -0.2114193 -0.1492245 0.108341
-0.2790755 -0.1402268 -0.01675072 20528505 -0.2114193 -0.1492245 0.108341
-0.2774605 -0.1519003 -0.01749298 20628595 -0.210655 -0.1595944 0.1081417
-0.2761025 -0.1631745 -0.0180721 20748699 -0.2097372 -0.169485 0.1078726
-0.2761025 -0.1631745 -0.0180721 20858795 -0.2097372 -0.169485 0.1078726
-0.2741668 -0.1745299 -0.01858169 20968894 -0.2082634 -0.1793209 0.1076722
-0.2715113 -0.1846532 -0.0195384 21078993 -0.2064388 -0.1887115 0.1071713
-0.2695711 -0.1971081 -0.01995471 21199101 -0.2046987 -0.199211 0.1069051
-0.2695711 -0.1971081 -0.01995471 21309205 -0.2046987 -0.199211 0.1069051
-0.2669206 -0.2095243 -0.02016739 21419324 -0.2025374 -0.2102482 0.1069567
-0.2669206 -0.2095243 -0.02016739 21529403 -0.2025374 -0.2102482 0.1069567
-0.2640094 -0.2207558 -0.02000977 21639518 -0.1999065 -0.2208089 0.1072579
-0.2609849 -0.2323438 -0.01976798 21749602 -0.1970362 -0.2311674 0.1075719
-0.2565915 -0.2438051 -0.02031684 21859717 -0.1936207 -0.2409856 0.1074837
-0.2565915 -0.2438051 -0.02031684 21969966 -0.1936207 -0.2409856 0.1074837
-0.2520497 -0.2552379 -0.02098791 22079923 -0.1900185 -0.2503642 0.1072097
-0.2520497 -0.2552379 -0.02098791 22200007 -0.1900185 -0.2503642 0.1072097
-0.2479433 -0.2664465 -0.02114036 22320116 -0.1865599 -0.2594007 0.1072679
-0.2431681 -0.2768031 -0.02126515 22420210 -0.1826456 -0.2682508 0.1074599
-0.2431681 -0.2768031 -0.02126515 22530309 -0.1826456 -0.2682508 0.1074599
-0.2380268 -0.2869518 -0.02137338 22650434 -0.1785585 -0.2771027 0.1077497
-0.2322206 -0.2962612 -0.02167732 22760513 -0.174254 -0.2853336 0.1080405
-0.2263764 -0.3051507 -0.02183869 22870612 -0.1697737 -0.2928023 0.1083531
-0.2263764 -0.3051507 -0.02183869 22980715 -0.1697737 -0.2928023 0.1083531
-0.2203876 -0.313966 -0.02184832 23090806 -0.1651834 -0.2997211 0.1087496
-0.2144785 -0.3223428 -0.02158845 23200909 -0.1605563 -0.3066192 0.109375
-0.2144785 -0.3223428 -0.02158845 23321022 -0.1605563 -0.3066192 0.109375
-0.2079295 -0.3303571 -0.02151772 23421116 -0.155807 -0.3136982 0.1100573
-0.2013052 -0.3380491 -0.02158568 23541216 -0.1510874 -0.3203435 0.110592
-0.2013052 -0.3380491 -0.02158568 23651323 -0.1510874 -0.3203435 0.110592
-0.1949764 -0.3453383 -0.02127151 23761419 -0.1463505 -0.3264375 0.1113352
-0.1886217 -0.3529691 -0.02051391 23871530 -0.1414914 -0.3328085 0.1124467
-0.1886217 -0.3529691 -0.02051391 23981625 -0.1414914 -0.3328085 0.1124467
-0.181703 -0.3599272 -0.02009154 24091716 -0.1365329 -0.3389758 0.1134261
-0.174513 -0.3667207 -0.01980306 24201816 -0.1316316 -0.3448092 0.1143138
-0.174513 -0.3667207 -0.01980306 24321932 -0.1316316 -0.3448092 0.1143138
-0.1671267 -0.3717148 -0.01979565 24432039 -0.1266499 -0.3495589 0.1150264
-0.1607371 -0.3778625 -0.01922682 24542114 -0.1217975 -0.3544555 0.1158364
-0.1607371 -0.3778625 -0.01922682 24652221 -0.1217975 -0.3544555 0.1158364
-0.153866 -0.3813974 -0.01927961 24762612 -0.1169593 -0.3583122 0.1164083
-0.1462446 -0.3873305 -0.0192479 24882429 -0.1118383 -0.3628142 0.1168455
-0.1462446 -0.3873305 -0.0192479 24992528 -0.1118383 -0.3628142 0.1168455
-0.1382467 -0.3907372 -0.01994869 25102631 -0.1065946 -0.3658803 0.11675
-0.1303061 -0.3939444 -0.02091035 25232737 -0.1014793 -0.368342 0.1162749
-0.1303061 -0.3939444 -0.02091035 25322818 -0.1014793 -0.368342 0.1162749
-0.1221053 -0.3973807 -0.02207226 25442926 -0.0963496 -0.3702993 0.1154395
-0.1139243 -0.3993949 -0.02319057 25573051 -0.09090341 -0.3716813 0.1146798
-0.1139243 -0.3993949 -0.02319057 25663128 -0.09090341 -0.3716813 0.1146798
-0.1057224 -0.400165 -0.02403518 25783237 -0.08543194 -0.3730025 0.1143727
-0.09689593 -0.4004287 -0.02525288 25893332 -0.07976318 -0.3743639 0.1137915
-0.09689593 -0.4004287 -0.02525288 26003431 -0.07976318 -0.3743639 0.1137915
-0.08816325 -0.4008441 -0.02667801 26113530 -0.07411552 -0.3746372 0.1126852
-0.07867365 -0.4016935 -0.02823433 26223630 -0.06820966 -0.3742181 0.1111997
-0.07867365 -0.4016935 -0.02823433 26333733 -0.06820966 -0.3742181 0.1111997
-0.06873869 -0.4016962 -0.02956867 26443828 -0.06213797 -0.3735899 0.109976
-0.05988079 -0.4001215 -0.03045163 26553927 -0.05608816 -0.373232 0.109437
-0.05988079 -0.4001215 -0.03045163 26664265 -0.05608816 -0.373232 0.109437
-0.05082613 -0.3982531 -0.03131031 26784143 -0.04999543 -0.3726401 0.1088665
-0.04149216 -0.3957506 -0.03286852 26894246 -0.04375864 -0.3710144 0.1074498
-0.04149216 -0.3957506 -0.03286852 26994592 -0.04375864 -0.3710144 0.1074498
-0.03253632 -0.3947037 -0.03434737 27114432 -0.03753866 -0.3690531 0.1057357
-0.02257728 -0.3930711 -0.03600685 27224548 -0.03098429 -0.3665966 0.1037596
-0.02257728 -0.3930711 -0.03600685 27334631 -0.03098429 -0.3665966 0.1037596
-0.01256412 -0.3905389 -0.03761623 27474773 -0.02416504 -0.3637286 0.1018573
-0.001818353 -0.3881195 -0.03901254 27554878 -0.01697749 -0.3606745 0.09999546
-0.001818353 -0.3881195 -0.03901254 27674942 -0.01697749 -0.3606745 0.09999546
0.008638686 -0.3859895 -0.0399949 27785049 -0.00974322 -0.3576488 0.09844339
0.01813603 -0.3837206 -0.04097848 27895136 -0.002732522 -0.3546644 0.09695807
0.01813603 -0.3837206 -0.04097848 28005239 -0.002732522 -0.3546644 0.09695807
0.02741916 -0.3808743 -0.04210577 28125351 0.004025453 -0.3516115 0.09538123
0.03605659 -0.3774768 -0.04357588 28235443 0.01075231 -0.3481865 0.09356645
0.03605659 -0.3774768 -0.04357588 28345546 0.01075231 -0.3481865 0.09356645
0.04477895 -0.3750738 -0.04471224 28455653 0.01779222 -0.3446466 0.09186063
0.05459983 -0.3726023 -0.04528679 28565744 0.02526009 -0.3411504 0.09056682
0.05459983 -0.3726023 -0.04528679 28675839 0.02526009 -0.3411504 0.09056682
0.06420428 -0.3688315 -0.04611894 28795948 0.03231513 -0.3378754 0.08927328
0.07380319 -0.3652217 -0.04678123 28896038 0.03937673 -0.3345625 0.08805601
0.07380319 -0.3652217 -0.04678123 29016150 0.03937673 -0.3345625 0.08805601
0.08276255 -0.3616266 -0.04763195 29116244 0.04624241 -0.3308591 0.08662856
0.09178198 -0.3575075 -0.0483501 29236357 0.05324697 -0.3266853 0.08533347
0.09178198 -0.3575075 -0.0483501 29346456 0.05324697 -0.3266853 0.08533347
0.09961463 -0.3533556 -0.04887875 29456547 0.05990445 -0.3223778 0.08442438
0.1076388 -0.3486484 -0.04949034 29566650 0.06645929 -0.3181772 0.08348335
0.1076388 -0.3486484 -0.04949034 29686755 0.06645929 -0.3181772 0.08348335
0.115771 -0.3442012 -0.04984157 29796866 0.07303672 -0.3137541 0.08264617
0.1233715 -0.3394837 -0.05013763 29906949 0.07955276 -0.3087195 0.08192194
0.1233715 -0.3394837 -0.05013763 30017048 0.07955276 -0.3087195 0.08192194
0.130419 -0.3343773 -0.05051106 30137156 0.08586179 -0.3033552 0.08124075
0.137746 -0.3289229 -0.05070145 30237247 0.09207135 -0.2979639 0.08068202
0.137746 -0.3289229 -0.05070145 30347354 0.09207135 -0.2979639 0.08068202
0.1443149 -0.3226857 -0.05105972 30467458 0.09774589 -0.292487 0.08018668
0.1510234 -0.3164419 -0.05112991 30577557 0.1032109 -0.2868695 0.07981165
0.1510234 -0.3164419 -0.05112991 30687661 0.1032109 -0.2868695 0.07981165
0.1571419 -0.3102423 -0.05125076 30797760 0.1085498 -0.2809762 0.07947241
0.1630664 -0.303869 -0.0511715 30907871 0.1137149 -0.2749175 0.07933705
0.1690438 -0.2968084 -0.05102288 31017958 0.1188047 -0.268411 0.07926862
0.1690438 -0.2968084 -0.05102288 31128049 0.1188047 -0.268411 0.07926862
0.1741412 -0.2898821 -0.05088392 31238149 0.1235171 -0.2619187 0.07935242
0.1790999 -0.2825747 -0.05076196 31358257 0.1280023 -0.2552942 0.07943429
0.1790999 -0.2825747 -0.05076196 31468360 0.1280023 -0.2552942 0.07943429
0.184494 -0.2752423 -0.05043661 31578455 0.1324055 -0.2487648 0.07953252
0.1887924 -0.2673874 -0.05039987 31688559 0.1362895 -0.2420019 0.07962038
0.1887924 -0.2673874 -0.05039987 31818676 0.1362895 -0.2420019 0.07962038
0.193372 -0.2600919 -0.0500266 31918774 0.1402493 -0.2353275 0.07986163
0.1969043 -0.2524242 -0.0499585 32028861 0.143904 -0.2283274 0.08010517
0.1969043 -0.2524242 -0.0499585 32158979 0.143904 -0.2283274 0.08010517
0.2005976 -0.2444601 -0.04979394 32249064 0.1474572 -0.221374 0.08039586
0.2046734 -0.2367684 -0.04948726 32359159 0.1508459 -0.2144685 0.08055724
0.2046734 -0.2367684 -0.04948726 32499285 0.1508459 -0.2144685 0.08055724
0.2083282 -0.229309 -0.04924789 32579361 0.1540027 -0.2075133 0.08067493
0.2120283 -0.2218713 -0.04898988 32699466 0.1571253 -0.200574 0.08077274
0.2120283 -0.2218713 -0.04898988 32809569 0.1571253 -0.200574 0.08077274
0.2157915 -0.2145114 -0.04868682 32919684 0.1601377 -0.1936313 0.08082347
0.2190523 -0.2072866 -0.04847343 33039776 0.1629286 -0.1868674 0.08090751
0.2190523 -0.2072866 -0.04847343 33139863 0.1629286 -0.1868674 0.08090751
0.2222325 -0.2001735 -0.04839995 33249974 0.1656593 -0.1801764 0.08085112
0.225021 -0.1931119 -0.04841059 33360081 0.1683409 -0.1735259 0.08085658
0.225021 -0.1931119 -0.04841059 33480198 0.1683409 -0.1735259 0.08085658
0.2279729 -0.1862614 -0.04852912 33590285 0.1710899 -0.1668537 0.0806758
0.2307929 -0.1795368 -0.04854295 33700384 0.1734425 -0.1604258 0.08049946
0.2307929 -0.1795368 -0.04854295 33820476 0.1734425 -0.1604258 0.08049946
0.2336565 -0.1727443 -0.0484181 33930575 0.1755115 -0.1540586 0.08033065
0.236369 -0.1657028 -0.04820658 34040678 0.1776173 -0.1476648 0.08035903
0.236369 -0.1657028 -0.04820658 34150790 0.1776173 -0.1476648 0.08035903
0.2384544 -0.1587642 -0.04821707 34260873 0.1797761 -0.1413225 0.08046427
0.2405797 -0.1522108 -0.0481637 34370972 0.1819099 -0.1350549 0.08055993
0.2405797 -0.1522108 -0.0481637 34481092 0.1819099 -0.1350549 0.08055993
0.2429584 -0.1452194 -0.04778642 34601184 0.1837482 -0.1288394 0.08079081
0.2453567 -0.1381922 -0.04723367 34701270 0.1852276 -0.1227005 0.08102676
0.2453567 -0.1381922 -0.04723367 34821378 0.1852276 -0.1227005 0.08102676
0.2481588 -0.1310091 -0.04655573 34931493 0.1869199 -0.1165051 0.08129453
0.2503235 -0.1240821 -0.04628053 35041576 0.1888056 -0.1101382 0.08149802
0.2503235 -0.1240821 -0.04628053 35161685 0.1888056 -0.1101382 0.08149802
0.2521528 -0.1174324 -0.04613904 35261783 0.1908469 -0.1037631 0.08177104
0.2542743 -0.1110919 -0.04582966 35391896 0.1928904 -0.09759033 0.08206081
0.2542743 -0.1110919 -0.04582966 35491999 0.1928904 -0.09759033 0.08206081
0.2572388 -0.1044147 -0.04508365 35602082 0.1948054 -0.09169495 0.0823782
0.259306 -0.09786367 -0.04446638 35712181 0.1963999 -0.08585262 0.08283173
0.259306 -0.09786367 -0.04446638 35832301 0.1963999 -0.08585262 0.08283173
0.2609018 -0.09149086 -0.04388988 35932391 0.1983209 -0.07989359 0.08360671
0.26254 -0.08517992 -0.0431689 36042491 0.2002397 -0.07406843 0.08450823
0.26254 -0.08517992 -0.0431689 36162591 0.2002397 -0.07406843 0.08450823
0.2647145 -0.07861936 -0.04211618 36272702 0.2020373 -0.06835818 0.08544763
0.26674 -0.07241726 -0.04109734 36382939 0.2039825 -0.06282043 0.0864787
0.26674 -0.07241726 -0.04109734 36492901 0.2039825 -0.06282043 0.0864787
0.2682931 -0.06651878 -0.04022387 36613017 0.2060089 -0.05752623 0.08762782
0.2694983 -0.06057775 -0.03928992 36723112 0.2077904 -0.05237091 0.08889364
0.2694983 -0.06057775 -0.03928992 36833195 0.2077904 -0.05237091 0.08889364
0.2705615 -0.05473471 -0.03814802 36953303 0.2089602 -0.04759943 0.09015092
0.271397 -0.04874361 -0.03662539 37053394 0.2096274 -0.04293263 0.09165948
0.271397 -0.04874361 -0.03662539 37173502 0.2096274 -0.04293263 0.09165948
0.2722352 -0.0427103 -0.03507789 37273596 0.2103432 -0.03850496 0.09321063
0.2725692 -0.03713751 -0.03377845 37393700 0.2112032 -0.03419507 0.09479757
0.2725692 -0.03713751 -0.03377845 37503795 0.2112032 -0.03419507 0.09479757
0.2725531 -0.03163123 -0.03260467 37613915 0.2123373 -0.02995872 0.09653675
0.2725412 -0.02611303 -0.03124881 37723994 0.2130189 -0.02581227 0.09822416
0.2725412 -0.02611303 -0.03124881 37834130 0.2130189 -0.02581227 0.09822416
0.2730125 -0.02082014 -0.02944769 37944196 0.2129396 -0.02186084 0.0997669
0.2736254 -0.01570475 -0.02750269 38054308 0.2127733 -0.01802325 0.1013301
0.2736254 -0.01570475 -0.02750269 38174404 0.2127733 -0.01802325 0.1013301
0.2737585 -0.01075053 -0.02576074 38274502 0.2129803 -0.0141983 0.1030817
0.2736468 -0.005895138 -0.02431454 38394622 0.2137533 -0.01051939 0.1049048
0.2736468 -0.005895138 -0.02431454 38504718 0.2137533 -0.01051939 0.1049048
0.2733731 -0.0009630919 -0.02278246 38624814 0.2144598 -0.007021427 0.1068276
0.2733659 0.004176855 -0.02080494 38734905 0.2143971 -0.00372839 0.1086804
0.2733659 0.004176855 -0.02080494 38845008 0.2143971 -0.00372839 0.1086804
0.2736532 0.009344339 -0.01843894 38945115 0.2139795 -0.0005155802 0.1105885
0.2740519 0.01409376 -0.01606373 39065203 0.2138763 0.002651572 0.1125995
0.2740519 0.01409376 -0.01606373 39175326 0.2138763 0.002651572 0.1125995
0.2742057 0.01870918 -0.01384523 39285401 0.2140689 0.005616546 0.1146787
0.2746552 0.02340233 -0.01153218 39395504 0.2143756 0.008474469 0.1167245
0.2746552 0.02340233 -0.01153218 39505599 0.2143756 0.008474469 0.1167245
0.2755165 0.02777159 -0.009020596 39635733 0.214486 0.01106358 0.1186601
0.2768657 0.03211486 -0.006338599 39735807 0.2145796 0.01374269 0.1205044
0.2768657 0.03211486 -0.006338599 39845910 0.2145796 0.01374269 0.1205044
0.2784023 0.03598917 -0.004003568 39976031 0.215126 0.01628649 0.1221478
0.2797853 0.03971517 -0.002074689 40076114 0.2163339 0.01887882 0.1238062
0.2797853 0.03971517 -0.002074689 40176204 0.2163339 0.01887882 0.1238062
0.2810231 0.04333532 -0.0004676193 40286307 0.2179916 0.02118695 0.1254002
0.2819646 0.04717898 0.001227343 40406654 0.2196052 0.02320027 0.1270946
0.2819646 0.04717898 0.001227343 40516510 0.2196052 0.02320027 0.1270946
0.2828403 0.05145562 0.003239253 40636643 0.2209954 0.02490556 0.128844
0.2833439 0.05595744 0.005431252 40736709 0.2222638 0.0264138 0.1307414
0.2833439 0.05595744 0.005431252 40846812 0.2222638 0.0264138 0.1307414
0.2837237 0.0604775 0.007731665 40966920 0.2237124 0.02768242 0.1327492
0.2840614 0.06512022 0.01020592 41077040 0.2252619 0.02869642 0.134794
