0.032764 -0.003763454 0.002007203 0 0.01356059 -0.01718665 0.1425679
0.03059326 -0.002869622 0.001820007 110075 0.01164191 -0.01730217 0.1423148
0.03059326 -0.002869622 0.001820007 220158 0.01164191 -0.01730217 0.1423148
0.0284525 -0.002321617 0.001661333 330269 0.01004498 -0.01678766 0.142225
0.02615265 -0.001732127 0.001484041 440373 0.008780889 -0.01601888 0.1421978
0.02615265 -0.001732127 0.001484041 560481 0.008780889 -0.01601888 0.1421978
0.02391503 -0.001006857 0.001231908 670568 0.007561617 -0.01519455 0.1420777
0.0216919 -0.0003140126 0.0009064328 780667 0.006230943 -0.01441909 0.1418612
0.0216919 -0.0003140126 0.0009064328 900873 0.006230943 -0.01441909 0.1418612
0.01949416 0.0006598083 0.0005381844 1000866 0.004686467 -0.0137129 0.1415361
0.01695065 0.001544818 4.213608E-05 1110965 0.002936832 -0.01311387 0.1410917
0.01695065 0.001544818 4.213608E-05 1221263 0.002936832 -0.01311387 0.1410917
0.01434157 0.001934275 -0.0006307629 1341180 0.001123182 -0.01261343 0.1405071
0.01143191 0.002377257 -0.001286507 1461280 -0.0008054451 -0.01195694 0.1399616
0.01143191 0.002377257 -0.001286507 1561383 -0.0008054451 -0.01195694 0.1399616
0.008491259 0.003019676 -0.002022402 1681479 -0.002808161 -0.01133324 0.1393019
0.005675416 0.004033432 -0.002703849 1781577 -0.004920669 -0.01069845 0.138636
0.005675416 0.004033432 -0.002703849 1901681 -0.004920669 -0.01069845 0.138636
0.002553802 0.004883752 -0.003517791 2011773 -0.007228918 -0.0101514 0.1378487
-0.0006413051 0.005728113 -0.004439055 2121872 -0.00950224 -0.009533775 0.1369639
-0.0006413051 0.005728113 -0.004439055 2231975 -0.00950224 -0.009533775 0.1369639
-0.003794927 0.006590473 -0.005317447 2342090 -0.01166064 -0.008718264 0.1361393
-0.006711859 0.007469164 -0.006100439 2452178 -0.01373459 -0.007769478 0.1354083
-0.006711859 0.007469164 -0.006100439 2572282 -0.01373459 -0.007769478 0.1354083
-0.009882171 0.00816928 -0.006896675 2672372 -0.01581622 -0.006758582 0.134695
-0.01312943 0.00853871 -0.0075997 2792500 -0.01787794 -0.005739701 0.1341036
-0.01645806 0.008837926 -0.008302695 2922768 -0.02014644 -0.004847538 0.1334907
-0.01645806 0.008837926 -0.008302695 3012679 -0.02014644 -0.004847538 0.1334907
-0.01965125 0.009365785 -0.00901927 3122782 -0.02263004 -0.00424267 0.1327982
-0.01965125 0.009365785 -0.00901927 3232877 -0.02263004 -0.00424267 0.1327982
-0.02297052 0.009639848 -0.009837984 3353062 -0.02524901 -0.003842246 0.1320045
-0.02592273 0.01018213 -0.01062005 3463093 -0.02780146 -0.003432523 0.1312156
-0.02592273 0.01018213 -0.01062005 3573192 -0.02780146 -0.003432523 0.1312156
-0.02910723 0.01036536 -0.01142362 3683567 -0.0301351 -0.002974759 0.1304469
-0.03210445 0.01050888 -0.01206954 3803395 -0.03221328 -0.002555858 0.1298302
-0.03210445 0.01050888 -0.01206954 3913503 -0.03221328 -0.002555858 0.1298302
-0.03499236 0.01074253 -0.01265871 4023598 -0.03428454 -0.002164255 0.1292538
-0.03761359 0.01083313 -0.01306108 4133685 -0.03642244 -0.001876841 0.128866
-0.03761359 0.01083313 -0.01306108 4243796 -0.03642244 -0.001876841 0.128866
-0.03946664 0.01073348 -0.01316226 4383910 -0.03840775 -0.001430641 0.1288137
-0.0410551 0.01051616 -0.01300447 4464003 -0.04027159 -0.0007850031 0.1290445
-0.0410551 0.01051616 -0.01300447 4584091 -0.04027159 -0.0007850031 0.1290445
-0.04242035 0.01000403 -0.01253138 4684197 -0.04191727 0.0001199148 0.1296245
-0.04351755 0.00930964 -0.01180482 4814306 -0.04349107 0.001080742 0.1304574
