0.3229205 -0.005243421 -0.03308166 0 0.2386847 -0.008452773 0.08181079
0.3232021 -0.00497961 -0.03305557 100224 0.2392104 -0.007947683 0.08202188
0.3238803 -0.004324675 -0.03279771 220194 0.2400296 -0.00726378 0.08238329
0.3238803 -0.004324675 -0.03279771 330293 0.2400296 -0.00726378 0.08238329
0.3243107 -0.003841639 -0.03279446 440413 0.2407873 -0.00639534 0.08263333
0.3249416 -0.002783895 -0.03263837 560505 0.2415761 -0.005168796 0.0829071
0.3249416 -0.002783895 -0.03263837 670620 0.2415761 -0.005168796 0.0829071
0.3251821 -0.001492023 -0.03305678 770690 0.2423745 -0.00382781 0.08289017
0.3255425 0.0004876852 -0.03343204 880798 0.2430738 -0.002178311 0.08274908
0.3255425 0.0004876852 -0.03343204 1000898 0.2430738 -0.002178311 0.08274908
0.3259581 0.003070831 -0.03364957 1111013 0.2435787 -1.621246E-05 0.08258452
0.3261856 0.006419778 -0.03393938 1221100 0.2439632 0.002573133 0.0823832
0.3261856 0.006419778 -0.03393938 1331487 0.2439632 0.002573133 0.0823832
0.3263921 0.010952 -0.03362574 1451304 0.2440708 0.005905747 0.08258088
0.3261896 0.01612449 -0.03322667 1561411 0.2438149 0.009885192 0.08288424
0.3261896 0.01612449 -0.03322667 1671506 0.2438149 0.009885192 0.08288424
0.325828 0.0220145 -0.03218074 1781621 0.2431647 0.01450956 0.08364968
0.3248854 0.02854073 -0.03117986 1891700 0.2422285 0.01962101 0.08455487
0.3248854 0.02854073 -0.03117986 2011821 0.2422285 0.01962101 0.08455487
0.3229822 0.03566027 -0.03049926 2121908 0.2409479 0.0252701 0.08555533
0.3206884 0.04325366 -0.02987027 2222002 0.2392238 0.03129351 0.08643411
0.3206884 0.04325366 -0.02987027 2332101 0.2392238 0.03129351 0.08643411
0.3177693 0.0511955 -0.02944843 2472244 0.2371656 0.0375576 0.08727039
0.3143135 0.05971169 -0.02933816 2562317 0.2347234 0.04416823 0.0878372
0.3101583 0.0684036 -0.02945112 2672416 0.2316401 0.05103576 0.08819027
0.3101583 0.0684036 -0.02945112 2782515 0.2316401 0.05103576 0.08819027
0.3052872 0.07740366 -0.02977809 2902620 0.227875 0.05812311 0.08829753
0.2997882 0.08638287 -0.0301888 3012723 0.2234918 0.06525385 0.08829607
0.2997882 0.08638287 -0.0301888 3112817 0.2234918 0.06525385 0.08829607
0.2939014 0.09568417 -0.03050241 3232929 0.2185937 0.07270539 0.08827038
0.2880173 0.1048257 -0.03036385 3343008 0.2134277 0.08027995 0.08854844
0.2880173 0.1048257 -0.03036385 3453112 0.2134277 0.08027995 0.08854844
0.2817866 0.114437 -0.0301048 3573589 0.2080272 0.08810318 0.08894284
0.2752023 0.1244779 -0.02942422 3683315 0.2022818 0.09604752 0.08965798
0.2752023 0.1244779 -0.02942422 3793418 0.2022818 0.09604752 0.08965798
0.2682278 0.1343597 -0.02859559 3913527 0.1961753 0.1038722 0.09050606
0.2603206 0.1434444 -0.02805641 4013613 0.1894583 0.1114718 0.0913694
0.2603206 0.1434444 -0.02805641 4123732 0.1894583 0.1114718 0.0913694
0.2521824 0.1540213 -0.02708947 4233815 0.1825724 0.1196991 0.0924207
0.2521824 0.1540213 -0.02708947 4343927 0.1825724 0.1196991 0.0924207
0.2441519 0.1638072 -0.02569199 4464019 0.1756727 0.1276156 0.09391994
0.2360595 0.173687 -0.02391382 4564384 0.1687788 0.135269 0.09568388
0.2272545 0.1830078 -0.02253721 4684241 0.1616265 0.1424993 0.09728879
0.2272545 0.1830078 -0.02253721 4794328 0.1616265 0.1424993 0.09728879
0.2179139 0.1916282 -0.02147683 4914433 0.1541061 0.1493093 0.09870604
0.2084087 0.2000723 -0.02039723 5024532 0.1464469 0.1559106 0.1000882
0.2084087 0.2000723 -0.02039723 5134627 0.1464469 0.1559106 0.1000882
0.1987545 0.2080681 -0.01935606 5244726 0.1386927 0.1622242 0.1014626
0.1894907 0.2156303 -0.0180584 5354821 0.1310326 0.1682798 0.1029657
0.1894907 0.2156303 -0.0180584 5464925 0.1310326 0.1682798 0.1029657
0.1798686 0.2222899 -0.01722913 5575024 0.1232443 0.1738635 0.1042403
0.1698465 0.2294323 -0.01613738 5705145 0.1151838 0.1793836 0.1055728
0.1698465 0.2294323 -0.01613738 5795222 0.1151838 0.1793836 0.1055728
0.1595578 0.2357159 -0.01521846 5915343 0.10679 0.1843673 0.1067862
0.1490824 0.2415345 -0.0143292 6025438 0.09822332 0.1889842 0.107974
0.1490824 0.2415345 -0.0143292 6135716 0.09822332 0.1889842 0.107974
0.138276 0.2469662 -0.01363043 6245628 0.08956348 0.1933508 0.1090836
0.1274924 0.2521582 -0.01283157 6355728 0.08105754 0.1975613 0.1103319
0.1274924 0.2521582 -0.01283157 6465839 0.08105754 0.1975613 0.1103319
0.1169609 0.2572767 -0.01162794 6585951 0.07261639 0.2014841 0.1117698
0.1062985 0.2617626 -0.01064922 6696055 0.06409835 0.2049295 0.1130253
0.1062985 0.2617626 -0.01064922 6816151 0.06409835 0.2049295 0.1130253
0.09544176 0.265889 -0.009707079 6916233 0.05538272 0.2080343 0.1142056
0.08479172 0.2692395 -0.008822484 7026328 0.04663002 0.2106863 0.1153607
0.07333988 0.2727561 -0.008194203 7176467 0.0375902 0.2132511 0.1162541
0.07333988 0.2727561 -0.008194203 7256552 0.0375902 0.2132511 0.1162541
0.06268674 0.2757391 -0.007171787 7366651 0.02907824 0.2154931 0.1175164
0.06268674 0.2757391 -0.007171787 7476750 0.02907824 0.2154931 0.1175164
0.05219412 0.2785301 -0.005913028 7586837 0.02075099 0.2174696 0.1189436
0.04131866 0.2806616 -0.00512553 7696932 0.01215999 0.2191483 0.1200629
0.04131866 0.2806616 -0.00512553 7807031 0.01215999 0.2191483 0.1200629
0.03056926 0.282317 -0.004323102 7927156 0.003386966 0.2202976 0.1210601
0.01929826 0.2836714 -0.00370518 8037255 -0.005750307 0.2211618 0.121879
0.01929826 0.2836714 -0.00370518 8157355 -0.005750307 0.2211618 0.121879
0.00802845 0.2845137 -0.00316663 8257454 -0.01479397 0.2217244 0.1227019
-0.003212509 0.285311 -0.002423274 8367537 -0.0238658 0.2220439 0.1235805
-0.003212509 0.285311 -0.002423274 8487645 -0.0238658 0.2220439 0.1235805
-0.01454818 0.2854769 -0.001915225 8587747 -0.03301898 0.2220606 0.1243521
-0.0259493 0.2853912 -0.001156139 8727865 -0.04228992 0.2217501 0.1252917
-0.0259493 0.2853912 -0.001156139 8817955 -0.04228992 0.2217501 0.1252917
-0.03761521 0.2847943 -0.0003555526 8928058 -0.05193556 0.2208554 0.1261869
-0.04906413 0.2838273 0.0009700556 9038145 -0.0616938 0.2194046 0.1274471
-0.04906413 0.2838273 0.0009700556 9148240 -0.0616938 0.2194046 0.1274471
-0.06094661 0.2825147 0.002430888 9258352 -0.07140235 0.2174517 0.1287786
-0.07254121 0.280925 0.004080883 9368451 -0.08088083 0.2151321 0.1302078
-0.07254121 0.280925 0.004080883 9488559 -0.08088083 0.2151321 0.1302078
-0.08409598 0.2793057 0.005808197 9598666 -0.09042866 0.2126771 0.1316127
-0.09573355 0.2772804 0.007181301 9708770 -0.100162 0.2100819 0.1327639
-0.09573355 0.2772804 0.007181301 9818865 -0.100162 0.2100819 0.1327639
-0.1076374 0.2745483 0.007996839 9938953 -0.1100482 0.2073849 0.1336532
-0.1199395 0.2711228 0.008280753 10049052 -0.1200567 0.204448 0.13422
-0.1199395 0.2711228 0.008280753 10159155 -0.1200567 0.204448 0.13422
-0.1317484 0.2676005 0.008751318 10269250 -0.1297252 0.2012999 0.1348718
-0.1432462 0.2639401 0.009359 10379350 -0.1390986 0.1979154 0.1355723
-0.154033 0.2603825 0.01027897 10509475 -0.1481221 0.1943771 0.136432
-0.154033 0.2603825 0.01027897 10599548 -0.1481221 0.1943771 0.136432
-0.1649064 0.2563103 0.01105558 10709708 -0.1570182 0.1906713 0.1372917
-0.1649064 0.2563103 0.01105558 10829764 -0.1570182 0.1906713 0.1372917
-0.1752798 0.2516578 0.01169049 10939859 -0.1656352 0.1865608 0.1380851
-0.1852645 0.246549 0.01208108 11049970 -0.173785 0.1822573 0.1387344
-0.1852645 0.246549 0.01208108 11160053 -0.173785 0.1822573 0.1387344
-0.1948195 0.2410089 0.01219844 11280166 -0.1814056 0.1777281 0.1391703
-0.20377 0.2351859 0.01224359 11390265 -0.1887732 0.1728224 0.139492
-0.20377 0.2351859 0.01224359 11500372 -0.1887732 0.1728224 0.139492
-0.2124376 0.2290014 0.01218368 11610463 -0.1959099 0.1676197 0.1397194
-0.220885 0.2227021 0.01226668 11720558 -0.2028026 0.1621811 0.1400026
-0.220885 0.2227021 0.01226668 11840671 -0.2028026 0.1621811 0.1400026
-0.2293165 0.2162641 0.01234272 11940773 -0.2096225 0.1564904 0.1401923
-0.2378423 0.2090735 0.0121014 12050872 -0.2165238 0.1504916 0.1402417
-0.2378423 0.2090735 0.0121014 12160959 -0.2165238 0.1504916 0.1402417
-0.2461388 0.2012353 0.0117088 12301086 -0.2234733 0.1441802 0.140306
-0.2536181 0.1929797 0.01121662 12391163 -0.2300373 0.1375078 0.1403408
-0.2536181 0.1929797 0.01121662 12501266 -0.2300373 0.1375078 0.1403408
-0.2602937 0.1846527 0.01102168 12611377 -0.2360228 0.1306251 0.1406295
-0.2680615 0.1768422 0.01108847 12731486 -0.2421469 0.1233884 0.140616
-0.2680615 0.1768422 0.01108847 12831572 -0.2421469 0.1233884 0.140616
-0.2758699 0.1673374 0.01097101 12951688 -0.2482817 0.1151817 0.1406819
-0.283073 0.1577358 0.01101294 13061767 -0.254374 0.1068555 0.1409891
-0.28996 0.1475446 0.01088349 13171870 -0.2603741 0.09813011 0.1412259
-0.28996 0.1475446 0.01088349 13281974 -0.2603741 0.09813011 0.1412259
-0.2960954 0.1368508 0.0105374 13402074 -0.2658222 0.08894861 0.1412859
-0.3019093 0.1254117 0.01003616 13512177 -0.2706744 0.07932746 0.1412111
-0.3019093 0.1254117 0.01003616 13622272 -0.2706744 0.07932746 0.1412111
-0.306899 0.1137333 0.009637651 13752402 -0.2746643 0.06922793 0.1411156
-0.3113571 0.1020123 0.009475541 13842475 -0.2782878 0.05885029 0.1411939
-0.3113571 0.1020123 0.009475541 13952570 -0.2782878 0.05885029 0.1411939
-0.3157568 0.09005332 0.009279644 14062677 -0.2818089 0.04806364 0.1411533
-0.3198651 0.07676613 0.008553527 14182781 -0.285433 0.03693306 0.1409696
-0.3198651 0.07676613 0.008553527 14302886 -0.285433 0.03693306 0.1409696
-0.3241148 0.0629195 0.007698757 14392979 -0.2889188 0.02567625 0.1406665
-0.3279641 0.04980063 0.006951223 14513079 -0.2923059 0.01454079 0.1403359
-0.3279641 0.04980063 0.006951223 14623186 -0.2923059 0.01454079 0.1403359
-0.3309581 0.03639936 0.006084247 14733282 -0.2950851 0.003225923 0.1399457
-0.3335379 0.02276826 0.005181768 14853386 -0.2974196 -0.008236051 0.1394965
-0.3335379 0.02276826 0.005181768 14963481 -0.2974196 -0.008236051 0.1394965
-0.3354025 0.008688211 0.004170366 15073584 -0.2991906 -0.01988459 0.1389982
-0.3382289 -0.005723596 0.003107721 15183683 -0.300982 -0.03161132 0.1381957
-0.3382289 -0.005723596 0.003107721 15293783 -0.300982 -0.03161132 0.1381957
-0.3399116 -0.02002668 0.001977943 15403882 -0.302299 -0.04333854 0.1374331
-0.341086 -0.03400099 0.0005761384 15523990 -0.3030407 -0.05455971 0.1363559
-0.341086 -0.03400099 0.0005761384 15634102 -0.3030407 -0.05455971 0.1363559
-0.3415192 -0.04737771 -0.0008944685 15744185 -0.3036669 -0.0656358 0.1352676
-0.3428694 -0.06161785 -0.002140289 15874306 -0.3046749 -0.07694411 0.1342875
-0.3428694 -0.06161785 -0.002140289 15964719 -0.3046749 -0.07694411 0.1342875
-0.3439211 -0.07507098 -0.003257365 16084499 -0.3056014 -0.08790648 0.1333922
-0.3437812 -0.0888077 -0.004536998 16184581 -0.3059988 -0.09862411 0.1325118
-0.3437812 -0.0888077 -0.004536998 16304690 -0.3059988 -0.09862411 0.1325118
-0.3430846 -0.1015337 -0.006177294 16414793 -0.305627 -0.1089075 0.1311136
-0.3424676 -0.1148361 -0.008063158 16524888 -0.3049919 -0.1192888 0.1293486
-0.3424676 -0.1148361 -0.008063158 16645033 -0.3049919 -0.1192888 0.1293486
-0.3419256 -0.1274793 -0.009606643 16745091 -0.3046223 -0.1291819 0.1279136
-0.341247 -0.1400647 -0.01086206 16855186 -0.3045143 -0.1388453 0.1268168
-0.341247 -0.1400647 -0.01086206 16975294 -0.3045143 -0.1388453 0.1268168
-0.340696 -0.1518054 -0.01197788 17075388 -0.3044113 -0.1481949 0.1257778
-0.3396195 -0.1632391 -0.01341459 17185504 -0.3037671 -0.1571901 0.1243688
-0.3396195 -0.1632391 -0.01341459 17305596 -0.3037671 -0.1571901 0.1243688
-0.3381972 -0.1743765 -0.01486686 17435709 -0.3026368 -0.1658671 0.1228622
-0.3364494 -0.1848483 -0.01634733 17525806 -0.3012746 -0.17419 0.1213312
-0.3364494 -0.1848483 -0.01634733 17645898 -0.3012746 -0.17419 0.1213312
-0.3344227 -0.1951321 -0.01778235 17766011 -0.2996557 -0.1823667 0.1198205
-0.3317803 -0.2056017 -0.01915055 17866101 -0.2976792 -0.1903993 0.1183713
-0.3317803 -0.2056017 -0.01915055 17976196 -0.2976792 -0.1903993 0.1183713
-0.3288258 -0.2153221 -0.02030288 18086299 -0.2953959 -0.1980495 0.1171393
-0.3260023 -0.224667 -0.02135965 18196447 -0.2931531 -0.2055053 0.1159721
-0.3260023 -0.224667 -0.02135965 18316519 -0.2931531 -0.2055053 0.1159721
-0.3224515 -0.2337664 -0.02251401 18426606 -0.290593 -0.2127832 0.1147849
-0.3186971 -0.242445 -0.02361329 18536705 -0.2878524 -0.219715 0.1136391
-0.3186971 -0.242445 -0.02361329 18646813 -0.2878524 -0.219715 0.1136391
-0.3148039 -0.2511239 -0.0247071 18756948 -0.2849343 -0.2265226 0.1124382
-0.3101477 -0.2596283 -0.02587502 18877024 -0.2814491 -0.2333369 0.1112067
-0.3101477 -0.2596283 -0.02587502 18977102 -0.2814491 -0.2333369 0.1112067
-0.3052118 -0.2684376 -0.0269032 19097356 -0.2776464 -0.2401574 0.1100151
-0.2997582 -0.2765568 -0.02808042 19207306 -0.2733558 -0.2468358 0.1087619
-0.2997582 -0.2765568 -0.02808042 19317405 -0.2733558 -0.2468358 0.1087619
-0.2945301 -0.2851777 -0.02904635 19437517 -0.2690582 -0.253626 0.1075623
-0.2888423 -0.2932827 -0.03016656 19547766 -0.2647313 -0.2600621 0.1062933
-0.2888423 -0.2932827 -0.03016656 19647905 -0.2647313 -0.2600621 0.1062933
-0.2826207 -0.3017709 -0.03098859 19767827 -0.2601298 -0.2664299 0.105215
-0.2760073 -0.3098354 -0.03171216 19897944 -0.2552251 -0.272616 0.1042623
-0.2760073 -0.3098354 -0.03171216 19988009 -0.2552251 -0.272616 0.1042623
-0.269839 -0.3174684 -0.03224258 20098120 -0.2502023 -0.2786046 0.1034418
-0.2620978 -0.3246348 -0.03295736 20208451 -0.244344 -0.2843663 0.1025768
-0.2620978 -0.3246348 -0.03295736 20318307 -0.244344 -0.2843663 0.1025768
-0.2546663 -0.3318698 -0.03355339 20438435 -0.238253 -0.2900358 0.1016752
-0.2468079 -0.3387526 -0.03425603 20548530 -0.2319208 -0.2955105 0.100706
-0.2468079 -0.3387526 -0.03425603 20658618 -0.2319208 -0.2955105 0.100706
-0.2383571 -0.3456731 -0.03482564 20768733 -0.2253129 -0.3008627 0.09981508
-0.2295368 -0.3524773 -0.0353341 20878836 -0.2184187 -0.3061155 0.0989537
-0.2295368 -0.3524773 -0.0353341 20988927 -0.2184187 -0.3061155 0.0989537
-0.2207075 -0.3588681 -0.03569191 21099027 -0.2113795 -0.3110493 0.09822074
-0.2117141 -0.3647593 -0.03599287 21219135 -0.204185 -0.3157752 0.09761143
-0.2117141 -0.3647593 -0.03599287 21329222 -0.204185 -0.3157752 0.09761143
-0.2024909 -0.370393 -0.03641485 21439321 -0.1966866 -0.3202813 0.09685693
-0.1924521 -0.3758138 -0.0367663 21549420 -0.1888899 -0.3244615 0.09611142
-0.1824689 -0.3804543 -0.03730188 21679538 -0.1807542 -0.328196 0.09525899
-0.1824689 -0.3804543 -0.03730188 21779640 -0.1807542 -0.328196 0.09525899
-0.1732706 -0.385215 -0.03760707 21889727 -0.1728137 -0.3319485 0.09456221
-0.1732706 -0.385215 -0.03760707 21989821 -0.1728137 -0.3319485 0.09456221
-0.1614971 -0.389423 -0.03756547 22109974 -0.1637524 -0.3352226 0.09420509
-0.1505123 -0.3932763 -0.03745643 22220041 -0.1554285 -0.338106 0.09383834
-0.1505123 -0.3932763 -0.03745643 22330120 -0.1554285 -0.338106 0.09383834
-0.1394614 -0.397105 -0.03709993 22450228 -0.1468799 -0.340758 0.09357615
-0.1275136 -0.4011008 -0.03636943 22560344 -0.1376246 -0.343298 0.09348764
-0.1275136 -0.4011008 -0.03636943 22670431 -0.1376246 -0.343298 0.09348764
-0.1155708 -0.404354 -0.03571571 22790539 -0.1277196 -0.345494 0.09349017
-0.103614 -0.4070009 -0.0350399 22890641 -0.1177364 -0.3474846 0.09366371
-0.103614 -0.4070009 -0.0350399 23000728 -0.1177364 -0.3474846 0.09366371
-0.09130292 -0.4087005 -0.0345206 23131044 -0.1081554 -0.3489074 0.09372534
-0.07875063 -0.4110438 -0.03353957 23220923 -0.09863354 -0.3503219 0.09383298
-0.07875063 -0.4110438 -0.03353957 23331026 -0.09863354 -0.3503219 0.09383298
-0.06628247 -0.4132026 -0.03283697 23451134 -0.08872331 -0.3517215 0.09374394
-0.053714 -0.4151988 -0.03208414 23561242 -0.07826001 -0.3530108 0.0937586
-0.04133752 -0.4167957 -0.03139902 23671333 -0.06792108 -0.3541908 0.09382157
-0.04133752 -0.4167957 -0.03139902 23791449 -0.06792108 -0.3541908 0.09382157
-0.02921512 -0.4180416 -0.03077882 23891539 -0.0581267 -0.3550287 0.09371918
-0.02921512 -0.4180416 -0.03077882 24011639 -0.0581267 -0.3550287 0.09371918
-0.01690691 -0.4194807 -0.03017264 24121743 -0.04858879 -0.3556379 0.0932235
-0.004128034 -0.4203547 -0.02978851 24231842 -0.03880275 -0.3557975 0.09242558
-0.004128034 -0.4203547 -0.02978851 24341945 -0.03880275 -0.3557975 0.09242558
0.007885878 -0.4216352 -0.02957805 24452044 -0.02878422 -0.3561498 0.09155502
0.01892776 -0.4226513 -0.030057 24562131 -0.01886297 -0.3565283 0.09038325
0.03092725 -0.422017 -0.03010975 24682240 -0.009654945 -0.3560251 0.0894913
0.03092725 -0.422017 -0.03010975 24782330 -0.009654945 -0.3560251 0.0894913
0.04225374 -0.4214779 -0.03038303 24922456 -0.0006438548 -0.3552281 0.0882635
0.0532741 -0.4200336 -0.03093437 25012541 0.008281345 -0.3537689 0.08692526
0.0532741 -0.4200336 -0.03093437 25122637 0.008281345 -0.3537689 0.08692526
0.06410838 -0.4180305 -0.03135469 25232736 0.01712405 -0.3518463 0.08577081
0.07464463 -0.4150989 -0.03209171 25342835 0.02573549 -0.3494009 0.08451837
0.07464463 -0.4150989 -0.03209171 25462943 0.02573549 -0.3494009 0.08451837
0.08479417 -0.4116905 -0.03288155 25573209 0.03399729 -0.3465143 0.08321324
0.09511305 -0.4084295 -0.0333949 25683142 0.04228139 -0.3433869 0.08186364
0.09511305 -0.4084295 -0.0333949 25793245 0.04228139 -0.3433869 0.08186364
0.1052136 -0.4046921 -0.03411768 25903340 0.05071407 -0.3399893 0.08055407
0.1154505 -0.4004624 -0.0349597 26033461 0.05934476 -0.3363765 0.07928306
0.1154505 -0.4004624 -0.0349597 26134261 0.05934476 -0.3363765 0.07928306
0.1254283 -0.3962009 -0.03564817 26243651 0.06773984 -0.3325444 0.07804504
0.1348237 -0.3915998 -0.03668666 26353758 0.07580131 -0.3285125 0.07663858
0.1348237 -0.3915998 -0.03668666 26463922 0.07580131 -0.3285125 0.07663858
0.1445621 -0.3863156 -0.03758144 26573957 0.08386826 -0.3242217 0.07540908
0.153312 -0.38106 -0.03860521 26684048 0.09144139 -0.3197563 0.07417831
0.153312 -0.38106 -0.03860521 26794143 0.09144139 -0.3197563 0.07417831
0.1619481 -0.3755763 -0.03974836 26914255 0.09882282 -0.3151786 0.07282859
0.1701971 -0.3698457 -0.04096563 27024350 0.105994 -0.3103087 0.07146019
0.1701971 -0.3698457 -0.04096563 27134454 0.105994 -0.3103087 0.07146019
0.1782606 -0.3641012 -0.04226848 27244549 0.1129985 -0.3052168 0.06989092
0.1864693 -0.3581003 -0.0432492 27354656 0.1200154 -0.2997979 0.06851376
0.1864693 -0.3581003 -0.0432492 27464751 0.1200154 -0.2997979 0.06851376
0.1942704 -0.3518184 -0.04404597 27574859 0.1266322 -0.2942728 0.06739823
0.2018501 -0.3449376 -0.04494613 27694971 0.1330579 -0.2885557 0.06638659
0.2018501 -0.3449376 -0.04494613 27815075 0.1330579 -0.2885557 0.06638659
0.2084666 -0.3382925 -0.04635634 27915173 0.1392303 -0.2828737 0.06518445
0.2158422 -0.3305582 -0.04724421 28025273 0.145066 -0.2767893 0.06413747
0.2158422 -0.3305582 -0.04724421 28155374 0.145066 -0.2767893 0.06413747
0.2225097 -0.3233835 -0.0482359 28255472 0.1507091 -0.270624 0.06297276
0.2290061 -0.3157369 -0.04942949 28365567 0.1561564 -0.2640314 0.06159175
0.2290061 -0.3157369 -0.04942949 28475658 0.1561564 -0.2640314 0.06159175
0.2351953 -0.308111 -0.05058903 28585766 0.1614106 -0.2574215 0.06028319
0.2409637 -0.300105 -0.0519076 28705886 0.1662828 -0.2508759 0.05902261
0.2409637 -0.300105 -0.0519076 28815981 0.1662828 -0.2508759 0.05902261
0.2466338 -0.2920972 -0.05310635 28916067 0.1709497 -0.2442155 0.05773366
0.2516786 -0.2842306 -0.054456 29036163 0.1752306 -0.2374661 0.05633668
0.2516786 -0.2842306 -0.054456 29146279 0.1752306 -0.2374661 0.05633668
0.2570518 -0.2763121 -0.05543929 29286397 0.1798149 -0.230455 0.05518548
0.2622691 -0.2679454 -0.05660797 29366465 0.1845739 -0.2233943 0.0542293
0.2622691 -0.2679454 -0.05660797 29476572 0.1845739 -0.2233943 0.0542293
0.2682949 -0.2602452 -0.05685968 29586688 0.189689 -0.2166011 0.05369608
0.2729709 -0.2513787 -0.05799158 29706780 0.194208 -0.2092906 0.05305458
0.2729709 -0.2513787 -0.05799158 29816883 0.194208 -0.2092906 0.05305458
0.2776867 -0.2428768 -0.05897008 29926978 0.1984937 -0.2019484 0.05220355
0.2823254 -0.2344809 -0.05993544 30047095 0.2026 -0.1945375 0.05121602
0.2823254 -0.2344809 -0.05993544 30147165 0.2026 -0.1945375 0.05121602
0.2864041 -0.2256902 -0.06128803 30267273 0.2065068 -0.1868385 0.0501265
0.2903785 -0.2165649 -0.06275155 30367497 0.2103002 -0.1792222 0.04904841
0.2903785 -0.2165649 -0.06275155 30487479 0.2103002 -0.1792222 0.04904841
0.2943274 -0.2072672 -0.06404933 30597591 0.2139034 -0.1713855 0.04798074
0.2985219 -0.1974272 -0.06499255 30707686 0.2172425 -0.1630017 0.04687698
0.2985219 -0.1974272 -0.06499255 30817785 0.2172425 -0.1630017 0.04687698
0.3015829 -0.1883324 -0.06683203 30927868 0.2201678 -0.1550421 0.04528211
0.3046482 -0.1800836 -0.06774805 31068003 0.2229986 -0.1470981 0.04428564
0.3046482 -0.1800836 -0.06774805 31158088 0.2229986 -0.1470981 0.04428564
0.3084842 -0.1696481 -0.06852973 31268175 0.2258303 -0.1385844 0.04331674
0.3113263 -0.1592456 -0.06969755 31378290 0.2282898 -0.1300012 0.04235576
0.3113263 -0.1592456 -0.06969755 31488382 0.2282898 -0.1300012 0.04235576
0.3134285 -0.1488272 -0.07148369 31598477 0.2304515 -0.1212674 0.04103969
0.3157756 -0.1380421 -0.07242727 31718585 0.2322273 -0.1122193 0.04008554
0.3157756 -0.1380421 -0.07242727 31828704 0.2322273 -0.1122193 0.04008554
0.3177426 -0.1272036 -0.07361722 31938783 0.2338675 -0.1030862 0.03903075
0.319308 -0.1165643 -0.07457877 32048879 0.2351958 -0.0940975 0.03823362
0.319308 -0.1165643 -0.07457877 32158982 0.2351958 -0.0940975 0.03823362
0.3206537 -0.1054713 -0.07529322 32279102 0.2363993 -0.08492267 0.03777845
0.3218719 -0.09388852 -0.07571399 32379176 0.2374744 -0.0756402 0.03764521
0.3218719 -0.09388852 -0.07571399 32499305 0.2374744 -0.0756402 0.03764521
0.3229293 -0.08254302 -0.07582515 32599452 0.2384568 -0.06637692 0.03779392
0.3238407 -0.07096112 -0.07568048 32719495 0.239099 -0.05688846 0.03801672
0.3238407 -0.07096112 -0.07568048 32829590 0.239099 -0.05688846 0.03801672
0.3242617 -0.0593226 -0.07551359 32949698 0.2394106 -0.04738915 0.03834654
0.3240639 -0.0478543 -0.0755367 33059794 0.239363 -0.03804195 0.03863735
0.3240639 -0.0478543 -0.0755367 33159880 0.239363 -0.03804195 0.03863735
0.3237026 -0.03585863 -0.07520582 33279988 0.2390909 -0.02852976 0.0392205
0.3226485 -0.02364433 -0.07487945 33390087 0.2384673 -0.01904082 0.04000561
0.3226485 -0.02364433 -0.07487945 33500191 0.2384673 -0.01904082 0.04000561
0.3213652 -0.01122701 -0.07414351 33610286 0.2373935 -0.009549141 0.04097457
0.319407 0.001204491 -0.07348868 33730406 0.2359065 -6.258488E-05 0.04197688
0.319407 0.001204491 -0.07348868 33830484 0.2359065 -6.258488E-05 0.04197688
0.3171559 0.01356339 -0.0725807 33950596 0.2341599 0.009007812 0.04316546
0.3143957 0.02599704 -0.0715176 34060712 0.2322015 0.01784623 0.04460274
0.3143957 0.02599704 -0.0715176 34170795 0.2322015 0.01784623 0.04460274
0.3105907 0.03834093 -0.07060073 34300908 0.2297069 0.02634156 0.04610436
0.306906 0.05098605 -0.06865942 34390993 0.226727 0.03482699 0.04803015
0.3030151 0.06297767 -0.06635216 34511102 0.2234782 0.04312003 0.05020602
0.3030151 0.06297767 -0.06635216 34611192 0.2234782 0.04312003 0.05020602
0.2989302 0.07514477 -0.06348149 34731300 0.2200055 0.05113626 0.05271111
0.2989302 0.07514477 -0.06348149 34841395 0.2200055 0.05113626 0.05271111
0.2942864 0.0869453 -0.06024979 34951498 0.2161587 0.05842459 0.05546059
0.2886099 0.09823883 -0.05679778 35061602 0.2118601 0.06503582 0.05858539
0.282235 0.1092734 -0.0527098 35171701 0.207097 0.07099569 0.06216116
0.282235 0.1092734 -0.0527098 35291825 0.207097 0.07099569 0.06216116
0.2757912 0.1199387 -0.04774756 35411913 0.2019038 0.07654786 0.06611259
0.2688205 0.1297122 -0.04269417 35512004 0.1962951 0.08177328 0.0702136
0.2688205 0.1297122 -0.04269417 35622196 0.1962951 0.08177328 0.0702136
