0.1477852 -0.00321311 -0.0020472 0 0.08477308 -0.06056208 0.1121755
0.1477852 -0.00321311 -0.0020472 110095 0.08477308 -0.06056208 0.1121755
0.1477625 -0.002416196 -0.002085906 220203 0.08463433 -0.05998606 0.1119614
0.1476838 -0.00161046 -0.002160503 340311 0.08443811 -0.05930275 0.1117598
0.1476838 -0.00161046 -0.002160503 460428 0.08443811 -0.05930275 0.1117598
0.1469767 -4.619598E-05 -0.002445746 560502 0.08437101 -0.05854208 0.1114183
0.1467975 0.001124797 -0.002498313 670625 0.08429581 -0.05778748 0.111208
0.1467975 0.001124797 -0.002498313 790722 0.08429581 -0.05778748 0.111208
0.1464313 0.002423225 -0.002618333 900821 0.08406749 -0.05681056 0.1109967
0.1463462 0.003951488 -0.002563448 1010920 0.08390947 -0.05573184 0.1107759
0.1463462 0.003951488 -0.002563448 1121012 0.08390947 -0.05573184 0.1107759
0.1462016 0.005358753 -0.00248483 1231119 0.08366524 -0.05459243 0.110658
0.1459195 0.00719708 -0.002402191 1351215 0.08347396 -0.05330867 0.1104954
0.1459195 0.00719708 -0.002402191 1461327 0.08347396 -0.05330867 0.1104954
0.1454819 0.009225784 -0.00235975 1571434 0.08320054 -0.0518722 0.1103093
0.1453167 0.01123887 -0.002178557 1681526 0.08295742 -0.0503487 0.1101805
0.1453167 0.01123887 -0.002178557 1791629 0.08295742 -0.0503487 0.1101805
0.1451388 0.0133627 -0.002039988 1901728 0.08270768 -0.04868859 0.1100236
0.1447474 0.01573473 -0.002001361 2021829 0.08245268 -0.04692907 0.109797
0.1447474 0.01573473 -0.002001361 2131920 0.08245268 -0.04692907 0.109797
0.1443152 0.01795727 -0.001999313 2242035 0.08219131 -0.04519779 0.1096175
0.1439776 0.02049333 -0.001906667 2352123 0.08200724 -0.04334217 0.109408
0.1439776 0.02049333 -0.001906667 2472393 0.08200724 -0.04334217 0.109408
0.1437147 0.02305537 -0.00166094 2572333 0.08180115 -0.04148382 0.109279
0.143293 0.02566844 -0.00147102 2682417 0.08147512 -0.03947586 0.1091682
0.143293 0.02566844 -0.00147102 2802537 0.08147512 -0.03947586 0.1091682
0.1428682 0.02824765 -0.001352828 2912637 0.08109085 -0.03747362 0.1089673
0.1424558 0.03093248 -0.001106786 3032733 0.08075333 -0.03541583 0.1088794
0.1424558 0.03093248 -0.001106786 3143023 0.08075333 -0.03541583 0.1088794
0.1422031 0.03365272 -0.0007516008 3242927 0.08051594 -0.03331441 0.1088675
0.1416577 0.03643507 -0.0005346187 3363035 0.08019057 -0.03119523 0.1088006
0.1408895 0.03916508 -0.000394638 3483159 0.07980059 -0.02911073 0.1087512
0.1408895 0.03916508 -0.000394638 3583246 0.07980059 -0.02911073 0.1087512
0.1401417 0.04202121 -9.103761E-05 3693329 0.07939264 -0.02698356 0.1087857
0.1401417 0.04202121 -9.103761E-05 3803436 0.07939264 -0.02698356 0.1087857
0.1395814 0.04469281 0.0002691947 3923557 0.07903652 -0.02494103 0.1088588
0.139138 0.04721016 0.0006703181 4033656 0.07871764 -0.02294725 0.108992
0.139138 0.04721016 0.0006703181 4143743 0.07871764 -0.02294725 0.108992
0.1379897 0.04993123 0.0008413998 4253843 0.07814427 -0.02087731 0.1090585
0.1372047 0.05251783 0.001152611 4393961 0.07772473 -0.01892489 0.1091541
0.1363184 0.0551402 0.001475896 4474054 0.07722101 -0.01694435 0.1092607
0.1363184 0.0551402 0.001475896 4584157 0.07722101 -0.01694435 0.1092607
0.134977 0.05777937 0.001608402 4724259 0.07650746 -0.01500672 0.1092641
0.1337497 0.06027788 0.001733468 4814341 0.07578425 -0.01310295 0.109258
0.1337497 0.06027788 0.001733468 4924444 0.07578425 -0.01310295 0.109258
0.1327541 0.06276244 0.001957676 5034555 0.0751006 -0.01111359 0.1093107
0.1327541 0.06276244 0.001957676 5154660 0.0751006 -0.01111359 0.1093107
0.1309167 0.06517404 0.001749475 5264763 0.07403547 -0.009226146 0.1091524
0.1294575 0.06763214 0.001835674 5374850 0.07308498 -0.007327022 0.1091181
0.1280819 0.07004839 0.001994667 5484962 0.07211382 -0.005466404 0.109099
0.1280819 0.07004839 0.001994667 5595049 0.07211382 -0.005466404 0.109099
0.1262571 0.07236725 0.00186022 5715153 0.07094835 -0.003604832 0.1089837
0.1243145 0.07492584 0.001832518 5825257 0.0697644 -0.001731577 0.1088567
0.1243145 0.07492584 0.001832518 5935364 0.0697644 -0.001731577 0.1088567
0.1223816 0.07732862 0.001825671 6045472 0.06853244 9.137154E-05 0.1087879
0.1223816 0.07732862 0.001825671 6165560 0.06853244 9.137154E-05 0.1087879
0.1210195 0.0795266 0.002071694 6265662 0.06739799 0.001898823 0.1088655
0.1191728 0.08185583 0.002195254 6385771 0.06611426 0.003739414 0.1089139
0.1174288 0.08411759 0.002388279 6515892 0.06489495 0.005469618 0.108976
0.1174288 0.08411759 0.002388279 6605965 0.06489495 0.005469618 0.108976
0.1156206 0.08634514 0.002641812 6716065 0.06360308 0.00722414 0.1091327
0.1140948 0.08849221 0.002946248 6856183 0.06236584 0.008973417 0.1092812
0.1140948 0.08849221 0.002946248 6946269 0.06236584 0.008973417 0.1092812
0.112444 0.09064442 0.003325587 7056372 0.0611559 0.01065427 0.1095205
0.112444 0.09064442 0.003325587 7166471 0.0611559 0.01065427 0.1095205
0.1106691 0.09283572 0.00366007 7276571 0.05994777 0.01226204 0.1096859
0.1092831 0.09484226 0.004132248 7386674 0.05888085 0.01381391 0.1099636
0.1092831 0.09484226 0.004132248 7496773 0.05888085 0.01381391 0.1099636
0.1075991 0.09686439 0.004431116 7616870 0.05770033 0.01541573 0.1101783
0.1064353 0.09874444 0.00488771 7736982 0.05674787 0.01691776 0.1104425
0.1048208 0.1006885 0.005275591 7837089 0.05560194 0.01846057 0.110738
0.1048208 0.1006885 0.005275591 7957177 0.05560194 0.01846057 0.110738
0.1038222 0.1024201 0.005805981 8067280 0.05467577 0.01990038 0.1110741
0.1020559 0.104313 0.006037708 8167379 0.05351727 0.0213862 0.1112679
0.1020559 0.104313 0.006037708 8287479 0.05351727 0.0213862 0.1112679
0.1010572 0.106038 0.006489346 8397582 0.05270533 0.02274948 0.1115196
0.09976667 0.1075905 0.006713688 8507682 0.0518419 0.02399772 0.1116981
0.09976667 0.1075905 0.006713688 8627794 0.0518419 0.02399772 0.1116981
0.09874654 0.1092979 0.007188239 8727884 0.05106338 0.02529937 0.1119585
0.09784134 0.1108529 0.00761963 8847981 0.050289 0.0265513 0.1122058
0.09784134 0.1108529 0.00761963 8978110 0.050289 0.0265513 0.1122058
0.09654371 0.1122968 0.007789494 9078188 0.04947745 0.02771026 0.1123656
0.0955517 0.1137982 0.008198757 9188292 0.04876159 0.02885335 0.1126082
0.0955517 0.1137982 0.008198757 9308400 0.04876159 0.02885335 0.1126082
0.09444857 0.1152417 0.008474757 9418504 0.04801943 0.02998918 0.1127945
0.09342919 0.1165801 0.008735207 9518598 0.04734161 0.0310722 0.1129973
0.09342919 0.1165801 0.008735207 9628697 0.04734161 0.0310722 0.1129973
0.09228162 0.117837 0.008964936 9748794 0.04659152 0.03207105 0.11319
0.09114739 0.119204 0.009306767 9848900 0.04586134 0.03306132 0.1133974
0.09114739 0.119204 0.009306767 9958991 0.04586134 0.03306132 0.1133974
0.09012753 0.1203275 0.00960538 10079104 0.04517629 0.03394991 0.1136464
0.08869958 0.1217754 0.01001632 10189199 0.04434377 0.03491479 0.1139107
0.08869958 0.1217754 0.01001632 10299298 0.04434377 0.03491479 0.1139107
0.08749565 0.1229631 0.01042741 10409406 0.04349735 0.03579563 0.1142168
0.08603065 0.1240428 0.01059488 10529510 0.04256359 0.03662723 0.1143994
0.08603065 0.1240428 0.01059488 10639606 0.04256359 0.03662723 0.1143994
0.0849556 0.1251664 0.01105542 10749701 0.04174497 0.03743535 0.1147008
0.08342794 0.1262375 0.01132406 10859796 0.04073492 0.03820282 0.1149265
0.08342794 0.1262375 0.01132406 10979913 0.04073492 0.03820282 0.1149265
0.08189302 0.1272617 0.01153115 11080011 0.03964853 0.03899354 0.1151187
0.08045078 0.1282127 0.0117232 11220138 0.03856457 0.03975505 0.1152945
0.07876623 0.1291698 0.01188775 11310211 0.03743075 0.0404647 0.1154688
0.07876623 0.1291698 0.01188775 11420306 0.03743075 0.0404647 0.1154688
0.07746809 0.1300543 0.01219523 11530401 0.03637179 0.04118615 0.1157317
0.07746809 0.1300543 0.01219523 11650522 0.03637179 0.04118615 0.1157317
0.07576348 0.1308634 0.0122751 11760613 0.03511392 0.04189903 0.1159053
0.074158 0.1316571 0.0124502 11870729 0.03382772 0.0426088 0.116133
0.074158 0.1316571 0.0124502 11980820 0.03382772 0.0426088 0.116133
0.07234247 0.1324254 0.01256349 12090907 0.03248113 0.0432958 0.1163577
0.07044734 0.1331618 0.01266242 12211024 0.03108509 0.04393107 0.1165602
0.06884929 0.1338962 0.01296382 12321123 0.02983478 0.0445109 0.1168598
0.06884929 0.1338962 0.01296382 12431234 0.02983478 0.0445109 0.1168598
0.06710275 0.1346905 0.01327422 12541318 0.02859855 0.04505402 0.1171443
0.06533436 0.1353791 0.01351177 12661422 0.02733639 0.04557282 0.1174215
0.06533436 0.1353791 0.01351177 12761512 0.02733639 0.04557282 0.1174215
0.06352501 0.1361522 0.01380142 12871620 0.02604448 0.04610163 0.1176877
0.06352501 0.1361522 0.01380142 13011750 0.02604448 0.04610163 0.1176877
0.06168022 0.1368697 0.01398343 13111837 0.02470238 0.04667574 0.1179254
0.06006353 0.1375346 0.01423715 13221944 0.02346497 0.0471881 0.118181
0.05856482 0.1381361 0.01449183 13322034 0.02224883 0.0476765 0.1184363
0.05856482 0.1381361 0.01449183 13472170 0.02224883 0.0476765 0.1184363
0.05669455 0.1388652 0.01466619 13712387 0.02091237 0.04823965 0.1186513
0.0537485 0.1400467 0.01506012 13922576 0.01856523 0.04926735 0.1191155
0.05219264 0.1405892 0.01519178 14142771 0.01737658 0.04972559 0.119297
0.05075609 0.1412043 0.01543594 14392993 0.01628903 0.0501774 0.1195147
0.04936346 0.1417055 0.01562633 14583335 0.01520547 0.05059046 0.1197298
0.04696827 0.1426948 0.01618742 14813376 0.01327291 0.05140799 0.1202912
0.04567742 0.143196 0.0164589 15033591 0.01227873 0.05179638 0.1205593
0.0429405 0.1441365 0.01691005 15263787 0.01025909 0.05254465 0.1210692
0.04160501 0.1447141 0.01723226 15453942 0.009261784 0.05294281 0.121339
0.04033248 0.1451914 0.01749129 15574050 0.008264969 0.05332834 0.1216024
0.03907699 0.1456246 0.01767505 15674141 0.007289041 0.0537203 0.1218354
0.03907699 0.1456246 0.01767505 15804266 0.007289041 0.0537203 0.1218354
0.03772372 0.1460549 0.01783545 15894356 0.006273569 0.05406528 0.122023
0.0363653 0.1465365 0.01800592 16004455 0.005283033 0.05442577 0.1221969
0.0363653 0.1465365 0.01800592 16124547 0.005283033 0.05442577 0.1221969
0.03499833 0.1469424 0.01809583 16234655 0.004293459 0.05476337 0.1223382
0.03384631 0.1472834 0.01825157 16374773 0.003397606 0.05503624 0.122509
0.03234834 0.1476716 0.01834997 16574958 0.002391801 0.05529481 0.1226351
0.03100196 0.1481298 0.01853851 16715096 0.001401258 0.05563551 0.1228211
0.02951398 0.1484522 0.01857377 16945296 0.0002937591 0.05596548 0.1229703
0.02805881 0.1488101 0.0186536 17185521 -0.0007617585 0.05629402 0.1231352
0.02671915 0.1491414 0.01881666 17385702 -0.001828578 0.05656033 0.1233156
0.02377538 0.1498923 0.01915889 17615913 -0.003942166 0.05713063 0.1237212
0.02221518 0.1501841 0.0192676 17856126 -0.00511231 0.05738395 0.1238984
0.02087045 0.1504748 0.01952687 18056311 -0.006295314 0.05765766 0.1241846
0.01906644 0.1507326 0.01964298 18296507 -0.007681518 0.05798441 0.1244694
0.01593423 0.151243 0.02010803 18496712 -0.01029579 0.05852979 0.125096
0.01421062 0.1515273 0.02041492 18727090 -0.01154371 0.05869478 0.1254153
0.01270306 0.1517958 0.0207454 18947107 -0.01270197 0.05886751 0.1257463
0.009199427 0.152274 0.02138662 19197340 -0.01528909 0.05916863 0.1264484
0.007596528 0.1525504 0.02171808 19407518 -0.01657998 0.05937963 0.1267941
0.004352372 0.1528643 0.02233227 19617716 -0.01920222 0.05966443 0.1275237
0.002607196 0.1529426 0.02262286 19867942 -0.02049578 0.05969697 0.1278738
0.0006949322 0.1530359 0.02282474 20078123 -0.0218577 0.05975753 0.128166
-0.002804784 0.1530455 0.02328692 20308339 -0.02454742 0.05973822 0.1287727
-0.004467756 0.1529821 0.02357789 20538531 -0.02589773 0.05964952 0.1291054
-0.008184379 0.1526784 0.02385115 20748724 -0.02870088 0.05944615 0.1296484
-0.00975209 0.1525739 0.02411178 20968931 -0.02999471 0.05934554 0.1299654
-0.01145645 0.1522529 0.0242399 21209152 -0.03130046 0.05912667 0.1302587
-0.0132372 0.151816 0.02430193 21419325 -0.03265773 0.05884582 0.1305359
-0.01672751 0.1507658 0.02456771 21639524 -0.03527439 0.05810589 0.1312279
-0.01831439 0.1499838 0.0247449 21869748 -0.03648677 0.05754596 0.131662
-0.02175841 0.1488119 0.02545521 22079934 -0.03876292 0.05636233 0.1325542
-0.02320613 0.1482638 0.025869 22310145 -0.03973667 0.05577642 0.1330095
-0.0246035 0.1475766 0.02618557 22530348 -0.04080613 0.05516654 0.1334428
-0.02604918 0.1469169 0.02643912 22760540 -0.04185933 0.0546239 0.1338555
-0.02884438 0.1457246 0.02685845 22980755 -0.04391932 0.05355221 0.1344839
-0.03001349 0.1451952 0.02701155 23220955 -0.04484686 0.0531004 0.134737
-0.03276226 0.1440139 0.0271067 23431149 -0.04692175 0.05216199 0.1351298
-0.03405323 0.1433616 0.02711151 23651352 -0.0479135 0.0516935 0.1353294
-0.03507061 0.1427596 0.02720286 23871550 -0.048755 0.05122799 0.1355585
-0.03732429 0.1415492 0.02740896 24121768 -0.05048956 0.05020696 0.1359886
-0.03880468 0.1411368 0.02758355 24321953 -0.05147238 0.0498051 0.1362311
-0.03986971 0.1405467 0.02775625 24542156 -0.05235646 0.04933506 0.1365255
-0.04245364 0.1395846 0.02818765 24772367 -0.05422726 0.04844623 0.1370979
-0.04399449 0.1391092 0.0283425 25012572 -0.05522357 0.04804009 0.1373681
-0.04506283 0.1386072 0.02851954 25212765 -0.05616627 0.04767925 0.1376757
-0.04768263 0.1376989 0.02885992 25442977 -0.05803362 0.04688221 0.1381825
-0.04895647 0.137112 0.02903511 25663167 -0.05909597 0.04645556 0.1385105
-0.05012291 0.1366864 0.02925684 25883354 -0.05994956 0.04604393 0.1387723
-0.05238295 0.1356148 0.02957913 26103569 -0.06167218 0.04516142 0.1392976
-0.05346279 0.1350225 0.02965489 26333777 -0.0624659 0.04469424 0.1395003
-0.05438171 0.1343654 0.02974636 26553959 -0.06320196 0.04416138 0.1397086
-0.05631266 0.1330739 0.02991592 26784183 -0.06464141 0.04305905 0.1400713
-0.05701939 0.1324014 0.02999127 27004378 -0.06524783 0.04253178 0.1402728
-0.05806984 0.1317673 0.03008576 27244590 -0.0659975 0.04202276 0.140491
-0.06008868 0.1304991 0.03017946 27454784 -0.06751007 0.04104262 0.1408534
-0.06119615 0.1299499 0.03021436 27674987 -0.06826825 0.04061002 0.1410052
-0.06213599 0.1293804 0.03024421 27905195 -0.06894448 0.04015118 0.1411408
-0.06434144 0.1282457 0.03027329 28125393 -0.07058313 0.03920203 0.1413523
-0.06513245 0.1275985 0.03021284 28345588 -0.07126711 0.03874093 0.1414466
-0.06600735 0.1268947 0.03007816 28565791 -0.07190853 0.03823942 0.1414859
-0.06776516 0.1256133 0.030186 28796011 -0.07312977 0.03709536 0.1417299
-0.06871936 0.1249391 0.03020381 29016181 -0.07377869 0.03651732 0.1418382
-0.06942923 0.1242755 0.03022013 29246389 -0.07438318 0.03594333 0.1419302
-0.0716291 0.122842 0.03015545 29456599 -0.07587054 0.03476363 0.142095
-0.07251929 0.1219963 0.03006818 29686794 -0.07660927 0.03408748 0.1421466
-0.07385562 0.1211787 0.02993033 29927023 -0.07743476 0.033382 0.1421141
-0.07615316 0.119647 0.02971924 30127180 -0.07902451 0.03200108 0.1420412
-0.077328 0.1185017 0.02944024 30357399 -0.08001289 0.03117448 0.1420147
-0.08034997 0.1167074 0.0291236 30597628 -0.08216952 0.02971953 0.1419777
-0.08192216 0.1157838 0.02897662 30807802 -0.08343776 0.02900296 0.1419946
-0.08366205 0.1149054 0.02895597 31028013 -0.08466078 0.02822882 0.1420595
-0.08563166 0.1140154 0.02892321 31268225 -0.08612568 0.02748734 0.1421439
-0.08896813 0.1120698 0.02882226 31478423 -0.08873708 0.02592736 0.1423374
-0.09051333 0.1112193 0.02877765 31708611 -0.08993111 0.02517849 0.1423685
-0.09367968 0.1094028 0.02851651 31918800 -0.09214497 0.02366477 0.1423273
-0.09474655 0.1084487 0.02837239 32139023 -0.09298971 0.02290004 0.1423223
-0.09657753 0.107485 0.02819247 32389225 -0.094101 0.02212745 0.1422723
-0.09820078 0.1055987 0.02812048 32589406 -0.09549873 0.02052933 0.1424102
-0.09954271 0.1046587 0.02801383 32819625 -0.09639803 0.01979679 0.1424465
-0.1002655 0.103723 0.02792617 33059846 -0.09693719 0.01898318 0.142444
-0.1017177 0.1018187 0.02768508 33260015 -0.09805027 0.01736933 0.1424069
-0.1023025 0.1007428 0.02755707 33490218 -0.09868094 0.01652711 0.1424521
-0.1035821 0.09966367 0.02737125 33720455 -0.09949458 0.01567608 0.1424175
-0.1053505 0.09763365 0.02713899 33930628 -0.100705 0.01399904 0.1424209
-0.1061647 0.09659939 0.02701788 34161022 -0.1012814 0.01313454 0.142413
-0.1077018 0.09569245 0.02690816 34391052 -0.1021675 0.01231557 0.1423375
-0.108591 0.09337931 0.02662156 34611246 -0.1033228 0.0105167 0.1424329
-0.1096136 0.09230929 0.02648327 34831433 -0.1039822 0.009654817 0.1424263
-0.1110105 0.09138554 0.02638633 35071646 -0.1048398 0.008859811 0.1423936
-0.1123886 0.08911281 0.02610811 35421978 -0.1061095 0.007042346 0.142432
-0.1142022 0.08744007 0.02584672 35612133 -0.1074768 0.005625782 0.1423261
-0.1147141 0.08660716 0.02570094 35852358 -0.1079345 0.004865227 0.142228
-0.1159689 0.08511394 0.02528861 36072549 -0.1086367 0.003827868 0.1421007
-0.1166974 0.08295709 0.02485351 36282751 -0.1097237 0.002260027 0.1420952
-0.1175264 0.08237463 0.02483539 36512958 -0.1103748 0.001622019 0.142028
-0.1180264 0.08145624 0.02468507 36743170 -0.1107643 0.0008599139 0.1419785
-0.1193735 0.0794149 0.02430988 36983375 -0.1117198 -0.00082201 0.1418246
-0.1203838 0.0778324 0.02379003 37183568 -0.1122461 -0.001854839 0.1416457
-0.1210262 0.07671291 0.02350121 37403750 -0.1126255 -0.00272912 0.1415039
-0.1207689 0.07432371 0.02301199 37643975 -0.11309 -0.00456399 0.141435
-0.1219338 0.07329041 0.02270455 37844164 -0.1133718 -0.00549406 0.1411357
-0.1220451 0.07220417 0.02247834 38074372 -0.1135441 -0.006439271 0.1410076
-0.1226571 0.06972069 0.02192347 38294566 -0.1140046 -0.008477631 0.140736
-0.1232537 0.06847245 0.02166631 38524786 -0.1143211 -0.009516063 0.140596
-0.1243774 0.06610757 0.02110556 38744981 -0.1151218 -0.01145977 0.1402857
-0.124209 0.06472677 0.02079043 38965180 -0.1154844 -0.01242537 0.1402797
-0.124648 0.06365007 0.02051891 39205396 -0.1158282 -0.01332611 0.1401146
-0.1265843 0.06134218 0.01995714 39405573 -0.1169885 -0.0151524 0.1398018
-0.125951 0.0610364 0.02003477 39635773 -0.1169992 -0.01572174 0.1397608
-0.1269371 0.05984228 0.01972611 39886006 -0.1175887 -0.01660973 0.1396175
-0.1284 0.05784958 0.01929573 40076162 -0.118576 -0.01826686 0.1393625
-0.1292828 0.05678111 0.01914927 40306370 -0.1191869 -0.01914281 0.1393153
-0.1297782 0.05578655 0.01898639 40526585 -0.1195887 -0.01996392 0.139254
-0.1315514 0.05302507 0.01851077 40756792 -0.1206239 -0.02205438 0.1391339
-0.1312672 0.05222625 0.01861028 40997013 -0.1209233 -0.02284688 0.1392887
-0.1317151 0.05096668 0.01849329 41207183 -0.1212981 -0.02388508 0.1393029
-0.1328683 0.04838842 0.0182471 41427389 -0.1221308 -0.02607316 0.1392695
-0.1337272 0.04686409 0.0180405 41667598 -0.1227274 -0.02729851 0.1392229
-0.1340982 0.04553205 0.0179017 41877788 -0.1231012 -0.02845484 0.1391917
-0.1367123 0.04173917 0.01706292 42098007 -0.124485 -0.03124923 0.1388391
-0.1371674 0.04009503 0.01673849 42328202 -0.1248871 -0.03256196 0.1387073
-0.1374945 0.03803748 0.0162445 42558418 -0.1254265 -0.03398902 0.1386079
-0.1385569 0.03460222 0.01540702 42798619 -0.1262109 -0.03667492 0.1381808
-0.1389146 0.03290897 0.01501664 42988811 -0.1265353 -0.03802127 0.1379878
-0.1394515 0.03118771 0.01458537 43218998 -0.1269263 -0.03935987 0.1377617
-0.140061 0.02784473 0.01383733 43469414 -0.1274344 -0.04200632 0.1373997
-0.1402585 0.02619284 0.01348222 43659412 -0.1275969 -0.04332942 0.1372263
-0.1407274 0.02449614 0.01312375 43919821 -0.1278455 -0.0446772 0.1370405
-0.1414026 0.02137023 0.01243102 44129820 -0.1281304 -0.04733295 0.136568
-0.1402465 0.02017921 0.01218586 44360242 -0.1277864 -0.04850132 0.1364195
-0.140845 0.01794535 0.01147663 44560225 -0.1280029 -0.05006475 0.1360397
-0.1415967 0.01437324 0.01031223 44820468 -0.1283951 -0.05275745 0.135314
-0.1402185 0.01337296 0.01002197 45000626 -0.1279737 -0.05384201 0.1350759
-0.1422911 0.01109308 0.009350608 45250848 -0.128779 -0.05536098 0.1346804
-0.141438 0.008450207 0.008622427 45451028 -0.1287641 -0.05760521 0.1342501
-0.1420376 0.007090507 0.008318286 45681240 -0.129093 -0.05876249 0.1340246
-0.1441151 0.005062042 0.007802973 45921449 -0.13003 -0.06012339 0.1337344
-0.1439312 0.00233942 0.007164145 46121638 -0.1302179 -0.06231958 0.1334077
-0.1442766 0.0009663677 0.006901949 46351825 -0.1304594 -0.06335682 0.1333056
-0.1446431 -0.0004100227 0.006638335 46572024 -0.1306946 -0.06444521 0.1331737
-0.1454125 -0.002775254 0.006193401 46792243 -0.1310366 -0.06639154 0.1328921
-0.1455494 -0.003954115 0.006033571 47032456 -0.1311958 -0.06730694 0.1328667
-0.145034 -0.005261006 0.005866246 47242637 -0.1311372 -0.06826097 0.1329259
-0.1453238 -0.007528487 0.005734986 47462832 -0.1313216 -0.07013292 0.1329784
-0.1455794 -0.00867683 0.005668113 47703061 -0.1314278 -0.07108922 0.1329892
-0.1459359 -0.009934964 0.005493447 47913246 -0.1314728 -0.07204051 0.1329297
-0.14537 -0.01220435 0.005400694 48133449 -0.1312006 -0.07398504 0.1330276
-0.14503 -0.0136016 0.005251843 48383667 -0.1309952 -0.07504565 0.1330561
-0.1449367 -0.01476985 0.00519065 48583852 -0.1309105 -0.07604522 0.1330768
-0.1445195 -0.01747447 0.00484974 48834081 -0.1306012 -0.07810301 0.1330555
-0.1442405 -0.01864571 0.004785088 49034258 -0.1304937 -0.07908518 0.1330986
-0.1444636 -0.0199228 0.004643333 49254445 -0.1304796 -0.08011359 0.133048
-0.1442341 -0.02256149 0.004361136 49504670 -0.1303694 -0.0821479 0.1330603
-0.1445781 -0.02386004 0.004251079 49704855 -0.1304922 -0.08325237 0.133016
-0.1445879 -0.02526302 0.004100312 49925050 -0.1304978 -0.08433813 0.1330106
-0.1447659 -0.02799767 0.003892101 50175292 -0.1305955 -0.08655089 0.1330315
-0.1449886 -0.02944678 0.003804611 50375460 -0.1307388 -0.0876965 0.1330724
-0.1452377 -0.03098339 0.003710272 50615673 -0.1308632 -0.08889896 0.1331144
-0.1456885 -0.03390366 0.003634253 50825879 -0.1311263 -0.09122962 0.1332797
-0.1455982 -0.03521186 0.003636354 51176179 -0.1311182 -0.09233898 0.1333787
-0.1458122 -0.03817004 0.003622339 51516668 -0.1313326 -0.09459466 0.1336718
-0.1459777 -0.04074806 0.00383098 51706674 -0.1313651 -0.09673912 0.1340528
-0.1463034 -0.04204315 0.004032426 51936869 -0.1314559 -0.0977642 0.1343434
-0.1463118 -0.04422397 0.00447616 52177082 -0.1314276 -0.0996086 0.1349264
-0.146087 -0.04539317 0.004761819 52417311 -0.1312806 -0.1005275 0.1353269
-0.1455745 -0.04748768 0.005450507 52617484 -0.1308824 -0.102346 0.1361447
-0.1454275 -0.04868347 0.005785639 52827669 -0.1307133 -0.1032924 0.1365817
-0.1451551 -0.04982871 0.006125736 53077919 -0.1304791 -0.1042218 0.137016
-0.1442221 -0.05210597 0.006917846 53278088 -0.1297337 -0.1062409 0.137936
-0.1434325 -0.05350012 0.007246828 53518292 -0.1292342 -0.1073622 0.1384091
-0.1428473 -0.05470425 0.007626641 53748516 -0.1288046 -0.1084215 0.138865
-0.141129 -0.05783636 0.008146684 53958706 -0.1276325 -0.1108723 0.139719
-0.1403465 -0.05947644 0.00845108 54178901 -0.1270301 -0.1121964 0.1401687
-0.1391624 -0.06107659 0.008787648 54419117 -0.1262381 -0.1134898 0.1406666
-0.1366473 -0.0643434 0.009731923 54619298 -0.1244865 -0.1162297 0.1418916
-0.1357507 -0.06608051 0.01021715 54839493 -0.123698 -0.1176891 0.1424954
-0.1345199 -0.06780834 0.0106671 55079710 -0.1228097 -0.1190941 0.1431016
-0.1318476 -0.07102829 0.01145709 55289895 -0.1208997 -0.1218397 0.1441394
-0.1305911 -0.07253569 0.01186137 55520111 -0.1199971 -0.1231582 0.1446446
-0.1293037 -0.07406289 0.01224868 55760316 -0.1190438 -0.1244814 0.1451357
-0.12712 -0.07693405 0.0128939 55970505 -0.1173126 -0.1269285 0.1459752
-0.1262952 -0.07837922 0.01319676 56190720 -0.1166054 -0.1280853 0.1463946
-0.1253181 -0.07975823 0.01349209 56430933 -0.1159452 -0.129166 0.1468236
-0.1235915 -0.08237082 0.01393445 56631106 -0.1146876 -0.1312702 0.1474853
-0.1226491 -0.08363551 0.0140526 56881335 -0.1140136 -0.1322712 0.1477173
-0.1208896 -0.08628291 0.01408606 57101542 -0.1127112 -0.1342837 0.1480088
-0.1199602 -0.08786637 0.01397337 57301711 -0.1120644 -0.1353757 0.1480881
-0.1190021 -0.08920104 0.01389456 57551941 -0.1113428 -0.1364109 0.1481288
-0.1171073 -0.09220451 0.0135691 57872234 -0.1098474 -0.1385877 0.1481133
-0.1146088 -0.09558374 0.01300288 58112455 -0.1080143 -0.1408547 0.1479596
-0.1132 -0.09676474 0.0128832 58312619 -0.1069497 -0.1418163 0.1479296
-0.1120452 -0.09833187 0.01273803 58532814 -0.1059869 -0.1429088 0.1479507
-0.1094425 -0.1011279 0.01256978 58773051 -0.1038975 -0.144936 0.1480554
-0.1075567 -0.1023179 0.01263538 58983224 -0.1026805 -0.145832 0.1482414
-0.1063402 -0.1034275 0.01268637 59233462 -0.1017069 -0.1466988 0.1483786
-0.1036265 -0.1057494 0.01281856 59453665 -0.09957886 -0.1484932 0.1486966
-0.1021712 -0.1069461 0.01288015 59663850 -0.09852262 -0.1494176 0.1488548
-0.1010738 -0.1078476 0.01300887 59884049 -0.09753274 -0.1502278 0.1490149
-0.09867091 -0.1101418 0.01308832 60124262 -0.09565706 -0.1519623 0.1492802
-0.09743103 -0.1112986 0.01304055 60324443 -0.09469353 -0.1528282 0.1493273
-0.09604889 -0.1124218 0.01302928 60554662 -0.09370933 -0.1537265 0.1493917
-0.09399521 -0.1147316 0.01296406 60784866 -0.09198323 -0.1554803 0.1494989
-0.09306585 -0.1155769 0.012973 60995048 -0.09119416 -0.1562125 0.1495435
-0.0920179 -0.1166052 0.01293205 61255274 -0.09033629 -0.1570341 0.1495663
-0.08959675 -0.1187452 0.0129058 61555566 -0.0884485 -0.1586646 0.1496953
-0.08709333 -0.1204191 0.01291214 61895869 -0.08658161 -0.1600136 0.1497999
-0.08453926 -0.1218919 0.01294094 62226167 -0.08453473 -0.161296 0.1498846
-0.08181555 -0.1234031 0.01296697 62566474 -0.0824987 -0.1624165 0.1500207
-0.07904533 -0.1247022 0.01307761 62906781 -0.08029872 -0.1635747 0.1501674
-0.0760541 -0.1262559 0.01290877 63237063 -0.07790473 -0.1646978 0.1501132
-0.07276212 -0.1280404 0.01252994 63567361 -0.07525645 -0.1659135 0.1498823
-0.06952523 -0.1294214 0.01231313 63907688 -0.07270292 -0.1670217 0.1497263
-0.06642369 -0.1308023 0.01210013 64137872 -0.07015606 -0.1681015 0.1495814
-0.06476923 -0.1316416 0.01191025 64488208 -0.06885501 -0.1686881 0.1494497
-0.06181074 -0.1331267 0.01158704 64818490 -0.06645072 -0.1698021 0.1492084
-0.05830284 -0.1348859 0.01137116 65048864 -0.0638966 -0.1710241 0.1490991
-0.05513751 -0.1364614 0.01108715 65358994 -0.06135923 -0.1722114 0.1488895
-0.0536687 -0.1373766 0.01085117 65599215 -0.0601243 -0.1728491 0.1487144
-0.05047414 -0.1389421 0.01050315 65949519 -0.05757525 -0.1740194 0.1484358
-0.04695395 -0.1404268 0.01010807 66269800 -0.05489685 -0.1750857 0.1481006
-0.04313217 -0.1417505 0.009908212 66600110 -0.05216877 -0.1760775 0.1479163
-0.03989535 -0.1426688 0.009722801 66920411 -0.04964044 -0.1768643 0.1477154
-0.03652577 -0.1436737 0.009528508 67300742 -0.04711505 -0.1775674 0.1475333
-0.03315523 -0.1443602 0.009351165 67621019 -0.04452343 -0.1781461 0.1473205
-0.02975494 -0.1447856 0.009266065 67961500 -0.04192178 -0.1785807 0.147165
-0.02653431 -0.1455368 0.009023184 68281631 -0.03945808 -0.1790539 0.1469211
-0.02332457 -0.1460035 0.009136738 68641940 -0.036959 -0.1796097 0.1469445
-0.01988727 -0.14672 0.009182128 68932210 -0.03456464 -0.1800363 0.1469532
-0.0167567 -0.1472458 0.009229001 69162426 -0.0322348 -0.1804776 0.1469328
-0.01523789 -0.1475447 0.009216993 69502729 -0.03109616 -0.1807153 0.1468922
-0.01219765 -0.1483557 0.009218009 69843032 -0.02881687 -0.1811523 0.1468931
-0.009553718 -0.1489215 0.00922206 70163330 -0.02672395 -0.1815423 0.1468714
-0.006110339 -0.1492264 0.009521512 70503633 -0.02438947 -0.1818358 0.1470306
-0.003239001 -0.1497498 0.009397239 70833919 -0.02215745 -0.1821255 0.1468751
-0.0002212884 -0.1501919 0.009379293 71194240 -0.01975928 -0.1824473 0.1467988
0.002835722 -0.1502921 0.009316866 71524542 -0.01726292 -0.1825544 0.1466538
0.006087999 -0.1505525 0.009253297 71854848 -0.01472189 -0.1826005 0.1465345
0.009510774 -0.1502924 0.009364223 72175149 -0.01204751 -0.1824204 0.1465112
0.01252362 -0.1499711 0.009258784 72535470 -0.009391535 -0.182105 0.1463478
0.01609098 -0.1494573 0.009346827 72845750 -0.006591659 -0.1816515 0.1462967
0.01961326 -0.1487108 0.009336906 73196075 -0.003807684 -0.180958 0.14615
0.02368726 -0.1479396 0.00944918 73516355 -0.0007797728 -0.1803115 0.1460496
0.02767374 -0.1471056 0.009530513 73856667 0.002318752 -0.1796116 0.145937
0.03143418 -0.1463397 0.009435773 74196970 0.005258326 -0.1789088 0.1456721
0.03520954 -0.1457324 0.00937693 74537273 0.008126636 -0.1783065 0.1454346
0.03883387 -0.1450619 0.009232051 74857570 0.01090053 -0.1777043 0.1451013
0.04275816 -0.1444568 0.0090804 75187848 0.01370568 -0.1769989 0.1447389
0.046252 -0.1435245 0.008844954 75528167 0.01628678 -0.1761913 0.1442747
0.04978623 -0.1423776 0.00858018 75858449 0.01884753 -0.1751425 0.1437672
0.05314325 -0.1409153 0.008355596 76198760 0.02142648 -0.1740348 0.1432755
0.05833323 -0.1391369 0.007894883 76539067 0.02530751 -0.172398 0.1424655
0.06165943 -0.1374918 0.007560886 76879374 0.02790554 -0.1711702 0.1418467
0.06500915 -0.1357202 0.007067546 77209672 0.03063646 -0.1698163 0.1410908
0.0682104 -0.1338379 0.006525009 77559988 0.03319752 -0.1682703 0.1402963
0.07132342 -0.1316113 0.006086408 77910304 0.03569737 -0.1665422 0.1395662
0.07464388 -0.1293448 0.005640485 78220597 0.03817865 -0.1646025 0.1388075
0.07730895 -0.1269245 0.005027824 78560908 0.04041793 -0.1627206 0.1379336
0.07995202 -0.1245094 0.004500062 78881189 0.04253386 -0.1608264 0.1371168
0.08244278 -0.1222926 0.003722439 79241518 0.04449292 -0.1588597 0.1361192
0.08489969 -0.1195615 0.003291912 79561811 0.04635218 -0.1567547 0.1353412
0.08690332 -0.1167086 0.002728854 79902114 0.04795504 -0.1544146 0.1345148
0.08907124 -0.1138712 0.00226498 80222407 0.04962406 -0.1520916 0.1337541
0.09138304 -0.1108913 0.002028776 80562702 0.05137643 -0.1497665 0.1331563
0.0939154 -0.1079883 0.001771782 80893012 0.05328104 -0.1473052 0.1325743
0.09663171 -0.1049559 0.001652833 81223310 0.0552969 -0.1448504 0.1320603
0.09897048 -0.101562 0.001484994 81583632 0.05722248 -0.1421949 0.1315323
0.1016136 -0.09834796 0.001282559 81903912 0.05926988 -0.1394481 0.1309901
0.1041077 -0.09526748 0.001058491 82244232 0.06127792 -0.1368186 0.1304624
0.1062834 -0.09199899 0.0008125411 82584539 0.06321213 -0.134108 0.1299557
0.1086246 -0.08871467 0.0006232757 82914837 0.06515486 -0.1313906 0.1294464
0.1110375 -0.08581048 0.0004522373 83265149 0.06722476 -0.1289398 0.1290079
0.1134439 -0.08303875 0.0004252322 83615461 0.06922531 -0.1266317 0.1286853
0.1160575 -0.0804376 0.0003660718 83935774 0.07131468 -0.1243878 0.128322
0.1181016 -0.07777494 6.058421E-05 84266040 0.07320523 -0.1222164 0.1277928
0.1200773 -0.07525438 -0.0004071154 84626361 0.07508139 -0.1200876 0.1271531
0.1221307 -0.07274443 -0.0007318347 84926644 0.07686672 -0.1179625 0.1265974
0.1240124 -0.07011075 -0.0009681782 85256950 0.07859766 -0.1158896 0.1261068
0.1256998 -0.06778509 -0.00129557 85587249 0.08022767 -0.1138975 0.1256382
0.1273854 -0.06550759 -0.001534327 85977601 0.08178756 -0.1119668 0.1252277
0.1290794 -0.06322283 -0.001943933 86257854 0.08345105 -0.1100897 0.124657
0.1309064 -0.06096763 -0.002354572 86628188 0.08511064 -0.1082017 0.1240493
0.1321134 -0.05842299 -0.00298853 86928447 0.08653529 -0.1061084 0.1233246
0.1333148 -0.05572027 -0.003379346 87268754 0.08777732 -0.1038451 0.1227817
0.134423 -0.05249447 -0.003583936 87599064 0.0890184 -0.1012519 0.1223819
0.1358824 -0.04906243 -0.003594834 87959373 0.09032938 -0.09845824 0.1220683
0.1370025 -0.04555351 -0.003831516 88269673 0.0916517 -0.09557563 0.1216569
0.1385373 -0.04171485 -0.004171916 88629978 0.09316326 -0.0924117 0.121037
0.1395494 -0.03769594 -0.004787683 88950263 0.09453779 -0.08917397 0.1202332
0.1404946 -0.03327603 -0.005368857 89280565 0.09563598 -0.08550364 0.1193959
0.141315 -0.02869016 -0.005872313 89620885 0.09655418 -0.08159131 0.1186435
0.141629 -0.02367968 -0.006297772 89951187 0.09736349 -0.07754678 0.1179807
0.1420661 -0.01835305 -0.006391791 90281489 0.09805518 -0.07313102 0.1175786
0.1423815 -0.01284379 -0.006306446 90621776 0.0986919 -0.06857223 0.1173536
0.1428373 -0.007130327 -0.005817283 90992110 0.09937 -0.06389887 0.1174474
0.1432035 -0.001256051 -0.005070698 91292381 0.0999492 -0.05900091 0.1178148
0.1430477 0.005033312 -0.00422835 91622699 0.1002506 -0.05388731 0.1182584
0.1431158 0.01128214 -0.002932325 91983020 0.1005104 -0.04873032 0.1190904
0.1439943 0.01755398 -0.001003253 92323327 0.1010705 -0.0435198 0.1203796
0.1443297 0.02389329 0.001192496 92673639 0.1015806 -0.03848976 0.1219697
0.1446989 0.02931672 0.003233126 92993924 0.102066 -0.03388852 0.1236232
0.1456794 0.03425235 0.005627763 93324227 0.1028933 -0.02990598 0.1254581
0.1466994 0.03834074 0.007956063 93654513 0.1038015 -0.02661723 0.1273147
0.1469697 0.04145879 0.01018438 93994840 0.1040537 -0.02401501 0.1292543
0.1458568 0.0431549 0.01277522 94325118 0.1030507 -0.02264303 0.131706
0.1438134 0.04289657 0.0165917 94675450 0.1010011 -0.0233627 0.1352638
