0.1587704 0.005005094 -0.006224409 0 0.01229593 -0.05956839 0.1313614
0.1587704 0.005005094 -0.006224409 100074 0.01229593 -0.05956839 0.1313614
0.1594456 0.004953663 -0.005481571 220194 0.0130979 -0.05946054 0.1309894
0.1598442 0.0052647 -0.004775688 330286 0.01390189 -0.05939974 0.1307092
0.1598442 0.0052647 -0.004775688 440381 0.01390189 -0.05939974 0.1307092
0.160079 0.005866214 -0.004163027 550480 0.01474115 -0.05938767 0.1305299
0.160079 0.0067732 -0.003844723 670597 0.01540551 -0.05933808 0.1304907
0.160079 0.0067732 -0.003844723 780704 0.01540551 -0.05933808 0.1304907
0.1602115 0.007618041 -0.003395066 890808 0.01627538 -0.05927317 0.1305268
0.1597847 0.009297839 -0.003433943 1000887 0.01691066 -0.05913456 0.130837
0.1597847 0.009297839 -0.003433943 1111355 0.01691066 -0.05913456 0.130837
0.1596434 0.01046998 -0.003027081 1231107 0.01786011 -0.05907048 0.1311453
0.1586216 0.01220242 -0.002644062 1341210 0.01835276 -0.05885925 0.1316349
0.1586216 0.01220242 -0.002644062 1451314 0.01835276 -0.05885925 0.1316349
0.1574282 0.01369733 -0.002210438 1561413 0.01864409 -0.05868517 0.1321787
0.1561648 0.01502371 -0.001784921 1671492 0.01884632 -0.05861439 0.1327352
0.1561648 0.01502371 -0.001784921 1781591 0.01884632 -0.05861439 0.1327352
0.154438 0.01647223 -0.001151383 1901708 0.01896644 -0.05854894 0.1335211
0.1527683 0.01779322 -0.0004829466 2021820 0.01911743 -0.05849339 0.1343556
0.1527683 0.01779322 -0.0004829466 2122097 0.01911743 -0.05849339 0.1343556
0.151072 0.01923077 0.0001556128 2232014 0.01923646 -0.05825041 0.1353067
0.1494732 0.02047418 0.0006690025 2352110 0.01918352 -0.05794333 0.136257
0.1494732 0.02047418 0.0006690025 2462210 0.01918352 -0.05794333 0.136257
0.147793 0.0215393 0.001627088 2572317 0.01906581 -0.0574552 0.137158
0.1462708 0.02242574 0.002641469 2682412 0.01898791 -0.05695815 0.1380547
0.1462708 0.02242574 0.002641469 2792516 0.01898791 -0.05695815 0.1380547
0.1444637 0.02379418 0.003372937 2902603 0.01873305 -0.05636449 0.1389447
0.1441299 0.02404423 0.004479498 3022715 0.01909919 -0.05565868 0.1396013
0.1441299 0.02404423 0.004479498 3122818 0.01909919 -0.05565868 0.1396013
0.1429115 0.02544667 0.004859626 3242918 0.01906595 -0.05503361 0.1402443
0.1415479 0.02735166 0.004824489 3363023 0.01891109 -0.05425202 0.1409283
0.1415479 0.02735166 0.004824489 3463121 0.01891109 -0.05425202 0.1409283
0.1404482 0.02877938 0.005194038 3573212 0.01891297 -0.05352907 0.1414921
0.1390079 0.03061858 0.005529523 3683308 0.01871237 -0.05261473 0.1419551
0.1390079 0.03061858 0.005529523 3803416 0.01871237 -0.05261473 0.1419551
0.1376736 0.03252666 0.005537674 3913515 0.01843187 -0.05171313 0.1423298
0.1365554 0.0342872 0.005791157 4033624 0.01826578 -0.05064349 0.1426557
0.1365554 0.0342872 0.005791157 4133726 0.01826578 -0.05064349 0.1426557
0.1353954 0.03609903 0.006030992 4243834 0.01806147 -0.04957361 0.1428752
0.1342232 0.03812508 0.00601159 4363930 0.01787084 -0.04846717 0.1432133
0.1342232 0.03812508 0.00601159 4474021 0.01787084 -0.04846717 0.1432133
0.1332824 0.03988741 0.006218165 4584137 0.01788689 -0.047469 0.1434073
0.1322171 0.041693 0.006432652 4704245 0.0179638 -0.04656694 0.1437102
0.1322171 0.041693 0.006432652 4814336 0.0179638 -0.04656694 0.1437102
0.1311475 0.04352603 0.006494746 4924440 0.01797511 -0.04567041 0.1440326
0.1298486 0.04523159 0.006982639 5034527 0.01805717 -0.04471736 0.1446956
0.1298486 0.04523159 0.006982639 5144626 0.01805717 -0.04471736 0.1446956
0.1286094 0.04661299 0.007444277 5254738 0.01806431 -0.04395433 0.1453848
0.126906 0.04818993 0.007987112 5364825 0.01788916 -0.04313459 0.1462632
0.126906 0.04818993 0.007987112 5484937 0.01788916 -0.04313459 0.1462632
0.1251963 0.04977411 0.008589104 5595049 0.01780818 -0.04232408 0.1472202
0.1232185 0.05154881 0.009237677 5705132 0.01764286 -0.04143022 0.1482375
0.1232185 0.05154881 0.009237677 5825240 0.01764286 -0.04143022 0.1482375
0.1216632 0.05330744 0.00951834 5935356 0.0175844 -0.04051577 0.1492539
0.1196855 0.0554182 0.009864241 6035442 0.01724213 -0.0392939 0.1502979
0.1196855 0.0554182 0.009864241 6155547 0.01724213 -0.0392939 0.1502979
0.1179651 0.05723314 0.01042546 6265646 0.01690643 -0.03793729 0.1513743
0.1161901 0.05938606 0.01061685 6375737 0.01645805 -0.03647499 0.1523976
0.1161901 0.05938606 0.01061685 6485849 0.01645805 -0.03647499 0.1523976
0.1144141 0.06135814 0.01104394 6605949 0.01597957 -0.03499125 0.1533853
0.112457 0.06345963 0.01142466 6706035 0.01542823 -0.03350554 0.1543743
0.112457 0.06345963 0.01142466 6826144 0.01542823 -0.03350554 0.1543743
0.1107317 0.06554732 0.01142915 6946256 0.01480217 -0.03205042 0.155321
0.1091306 0.06721766 0.01188594 7046347 0.01434165 -0.03070248 0.1562888
0.1071685 0.06944696 0.01178966 7156442 0.01359722 -0.02932419 0.1570876
0.1071685 0.06944696 0.01178966 7276562 0.01359722 -0.02932419 0.1570876
0.105786 0.07114252 0.01200552 7376641 0.01315865 -0.02800385 0.1578546
0.1041282 0.07325488 0.01197326 7506758 0.01263611 -0.02663578 0.1585181
0.1041282 0.07325488 0.01197326 7606848 0.01263611 -0.02663578 0.1585181
0.1027107 0.07512876 0.01205622 7716952 0.012256 -0.02534167 0.1591273
0.1013301 0.07702957 0.01190707 7837056 0.01163647 -0.0239975 0.1596046
0.1013301 0.07702957 0.01190707 7937150 0.01163647 -0.0239975 0.1596046
0.09968072 0.07897835 0.01185624 8057271 0.01090573 -0.02264975 0.1601347
0.09968072 0.07897835 0.01185624 8187388 0.01090573 -0.02264975 0.1601347
0.09820187 0.08067854 0.0119223 8277462 0.01018728 -0.02133064 0.1606677
0.09679686 0.08240493 0.01182687 8387553 0.009469211 -0.02005992 0.1611503
0.09529965 0.08406252 0.01179487 8507661 0.008730918 -0.01886351 0.1616691
0.09529965 0.08406252 0.01179487 8617765 0.008730918 -0.01886351 0.1616691
0.09385661 0.08567663 0.01167636 8727864 0.007994175 -0.01776804 0.1620546
0.09223558 0.08716187 0.01183209 8837963 0.007307649 -0.01674808 0.1625433
0.09223558 0.08716187 0.01183209 8958076 0.007307649 -0.01674808 0.1625433
0.09070012 0.08875915 0.01175292 9058166 0.00657922 -0.01571221 0.162929
0.0890549 0.0902897 0.01176809 9198301 0.0057998 -0.01469449 0.163413
0.0890549 0.0902897 0.01176809 9298379 0.0057998 -0.01469449 0.163413
0.08759163 0.09158952 0.01183428 9408474 0.004939973 -0.01365976 0.16395
0.08598483 0.09288246 0.01186648 9528583 0.003937796 -0.01267044 0.164475
0.08598483 0.09288246 0.01186648 9628677 0.003937796 -0.01267044 0.164475
0.08430551 0.09413768 0.01193838 9728775 0.003075287 -0.01184897 0.1649981
0.08223553 0.09557544 0.01186311 9868902 0.002027556 -0.01111237 0.1655465
0.08223553 0.09557544 0.01186311 9958971 0.002027556 -0.01111237 0.1655465
0.08028375 0.09677756 0.01200055 10079100 0.001174003 -0.01050128 0.16606
0.07832057 0.09793197 0.01218739 10199204 0.0002722144 -0.009849647 0.1666613
0.07832057 0.09793197 0.01218739 10299282 0.0002722144 -0.009849647 0.1666613
0.07635151 0.09913544 0.01225337 10409385 -0.0007212162 -0.009180585 0.1672377
0.07473316 0.1001678 0.01228812 10539511 -0.001698762 -0.008459667 0.1678552
0.07473316 0.1001678 0.01228812 10629592 -0.001698762 -0.008459667 0.1678552
0.07288775 0.1012646 0.01227482 10739679 -0.002751261 -0.007836083 0.1683917
0.07101045 0.1025662 0.01206096 10869793 -0.003798604 -0.007187733 0.1688542
0.07101045 0.1025662 0.01206096 10969895 -0.003798604 -0.007187733 0.1688542
0.06927657 0.1036173 0.01202947 11120019 -0.004825383 -0.006572434 0.1692882
0.06728297 0.1048949 0.01196322 11340230 -0.005800396 -0.005965421 0.1696372
0.06534273 0.1062145 0.01167485 11570441 -0.006936104 -0.005343387 0.1699841
0.06187994 0.108494 0.01142006 11790628 -0.009014189 -0.004050472 0.1706518
0.06012108 0.1095898 0.01119356 12010835 -0.01011977 -0.003514179 0.1709021
0.05822472 0.1107633 0.01092839 12241042 -0.01127055 -0.002989539 0.1711086
0.05463085 0.1129593 0.01046911 12461245 -0.01346517 -0.001966336 0.171487
0.0530906 0.1138448 0.01042315 12701450 -0.01455885 -0.001354524 0.1717751
0.05124804 0.1150726 0.01008478 12901643 -0.01576564 -0.0007426824 0.171989
0.04755295 0.1170199 0.009765401 13131850 -0.01829198 0.000301293 0.1724571
0.04565641 0.1180103 0.009450525 13372067 -0.01970834 0.0007775342 0.1726924
0.04394586 0.1188074 0.009422049 13582241 -0.02083573 0.001229069 0.1728861
0.04123793 0.1202242 0.009176567 13802452 -0.02296227 0.002155445 0.1733407
0.03912344 0.1210401 0.009228334 14042672 -0.02425689 0.002565406 0.1735964
0.03747547 0.1215104 0.009386748 14242849 -0.02538058 0.002873174 0.1738396
0.03382011 0.1227071 0.009485751 14473045 -0.02779579 0.00349488 0.1744153
0.03221882 0.1231579 0.009562135 14713278 -0.02898061 0.003791414 0.1747311
0.02890482 0.1238537 0.009826228 14923459 -0.03131568 0.004165671 0.1752043
0.02714837 0.1243718 0.009804755 15143670 -0.03249216 0.004365138 0.1753939
0.02561338 0.1247748 0.009868175 15383879 -0.03353238 0.004563324 0.1755846
0.02246904 0.1256234 0.009754375 15584071 -0.03583351 0.004876576 0.1758136
0.02083067 0.1261624 0.009579092 15814271 -0.0369989 0.005038612 0.1758937
0.01951434 0.1263771 0.00964129 16034466 -0.03807527 0.005169473 0.1760396
0.01782941 0.1269759 0.009448797 16264673 -0.03914922 0.005321823 0.1760866
0.0148952 0.127807 0.009321764 16464858 -0.04121727 0.00562375 0.1761637
0.01352046 0.1281603 0.009250015 16564949 -0.04217789 0.0057173 0.1761837
0.01188512 0.1285912 0.009196684 16665039 -0.04320681 0.005816869 0.1761767
0.01188512 0.1285912 0.009196684 16805161 -0.04320681 0.005816869 0.1761767
0.01036067 0.1291224 0.00899224 16905248 -0.04426482 0.005979202 0.1762028
0.008977035 0.1295463 0.008865669 17005334 -0.04528242 0.00613629 0.176213
0.008977035 0.1295463 0.008865669 17155465 -0.04528242 0.00613629 0.176213
0.007322829 0.1299109 0.008830637 17345645 -0.046404 0.006221495 0.1761721
0.006003319 0.1301457 0.008775204 17505802 -0.04738295 0.006254307 0.1762043
0.004362916 0.1305098 0.008595362 17715987 -0.04852557 0.006248556 0.1761188
0.002805623 0.1307003 0.008703902 17936190 -0.0495607 0.006284378 0.1761275
-0.0003876294 0.1313375 0.00851281 18186412 -0.05179882 0.006346993 0.175952
-0.002207734 0.1316832 0.008382112 18396585 -0.05299667 0.006320767 0.1757892
-0.005325404 0.1323248 0.007882059 18606783 -0.05538106 0.006257645 0.1754519
-0.007150947 0.1327659 0.007595897 18857017 -0.05658698 0.006228022 0.1752131
-0.008410357 0.1330234 0.007347986 19057198 -0.05773184 0.006237529 0.1750231
-0.01181982 0.133573 0.006805763 19277392 -0.06004709 0.005926005 0.1744417
-0.01360211 0.1338634 0.006533235 19527610 -0.06125388 0.00577908 0.1740919
-0.01505269 0.1342485 0.006133705 19727811 -0.06230596 0.005709134 0.1737593
-0.01842872 0.1350297 0.005391315 19948006 -0.06474632 0.005586706 0.173075
-0.01998794 0.135297 0.005103335 20178201 -0.06580859 0.005446575 0.1726439
-0.02153534 0.1356137 0.004662693 20398404 -0.06690484 0.00527095 0.1722433
-0.02491274 0.1365192 0.003612265 20638629 -0.06908458 0.004982046 0.1712767
-0.02629087 0.1368442 0.00313881 20848810 -0.0701302 0.004838905 0.1708363
-0.02795855 0.137213 0.002594039 21079018 -0.07115155 0.004585407 0.1702805
-0.03146191 0.1380464 0.001258492 21289208 -0.0732542 0.00397434 0.1690233
-0.03280654 0.1383254 0.0006874204 21519403 -0.07422215 0.003697834 0.1684073
-0.03468808 0.1387681 -9.484589E-05 21739606 -0.07530218 0.003317914 0.1676988
-0.03845249 0.1393104 -0.001085982 21979819 -0.07731885 0.002603492 0.1662629
-0.04062192 0.1401425 -0.002041012 22180190 -0.07842878 0.002428255 0.1653604
-0.04283909 0.1408629 -0.002953485 22410223 -0.07940564 0.002132556 0.1644472
-0.04677343 0.1421319 -0.004677877 22650424 -0.08158621 0.001628718 0.1625121
-0.04862569 0.1428839 -0.005648062 22860622 -0.0826107 0.001428088 0.1615398
-0.05037301 0.1433749 -0.006521985 23090842 -0.08364424 0.001060566 0.1604989
-0.05408625 0.1438499 -0.007683694 23321037 -0.08554989 0.0002482739 0.1588228
-0.05620188 0.1442686 -0.008482367 23521226 -0.08664784 -0.0001435671 0.1579168
-0.0580044 0.1440709 -0.008584261 23771452 -0.08769187 -0.000527898 0.1573643
-0.06147739 0.143755 -0.009181589 23971811 -0.08973485 -0.001493613 0.1560539
-0.06286927 0.1433613 -0.009370163 24201832 -0.09065452 -0.002068082 0.1555021
-0.0644889 0.1428111 -0.009396136 24442057 -0.09164125 -0.002679626 0.1550184
-0.06753553 0.1418698 -0.009567767 24652243 -0.09347719 -0.00382177 0.1540592
-0.06915897 0.1409194 -0.009029537 24872429 -0.09461851 -0.004343043 0.1538134
-0.07226938 0.1400149 -0.009117797 25092644 -0.0964722 -0.005356203 0.1529416
-0.07355899 0.139237 -0.008812085 25312843 -0.09747723 -0.005867611 0.1526185
-0.07492942 0.1387643 -0.0088467 25553060 -0.09840244 -0.00635616 0.1521853
-0.07769609 0.1378342 -0.008805528 25763233 -0.1002732 -0.007223914 0.1513851
-0.07909644 0.1370115 -0.008204326 26003462 -0.101273 -0.007570963 0.1512192
-0.08060455 0.1366009 -0.008237362 26213644 -0.1021743 -0.00800551 0.1507823
-0.08341973 0.1356758 -0.008194938 26463886 -0.1039637 -0.008891056 0.1498282
-0.08476263 0.1352444 -0.008078396 26664066 -0.1047741 -0.009237359 0.1494348
-0.08661684 0.1350386 -0.008301511 26884265 -0.1057526 -0.009628068 0.1487613
-0.08968637 0.1347054 -0.008601278 27104460 -0.107737 -0.0101238 0.1476921
-0.09144039 0.134879 -0.009149924 27334647 -0.1085433 -0.01036413 0.1469906
-0.0930506 0.1348117 -0.009457082 27574884 -0.1094597 -0.01065965 0.1462329
-0.09656829 0.1351602 -0.01035014 27775061 -0.1111113 -0.01100342 0.144671
-0.09859937 0.1352824 -0.01077993 28005256 -0.1119804 -0.0112033 0.143884
-0.1004899 0.1353366 -0.01133329 28225471 -0.1129289 -0.01152365 0.1430344
-0.1037962 0.1347252 -0.01203765 28445674 -0.1147379 -0.01251353 0.1416206
-0.1052291 0.1341886 -0.01241347 28675882 -0.1157352 -0.01316152 0.1410958
-0.1070393 0.1335512 -0.01269133 28916078 -0.1167188 -0.01386125 0.1404794
-0.1101623 0.132382 -0.01321806 29126280 -0.1185435 -0.01512037 0.1393577
-0.1115674 0.1318349 -0.01351124 29346471 -0.1192953 -0.01576601 0.1387402
-0.1131895 0.131336 -0.01396456 29586688 -0.1200966 -0.01643552 0.1381101
-0.116556 0.1297846 -0.01473689 29786880 -0.1218145 -0.01813052 0.1369024
-0.1179393 0.1285916 -0.01496848 30017092 -0.1226274 -0.01924048 0.1364377
-0.1193998 0.1275156 -0.01555796 30237287 -0.1234468 -0.02043934 0.135858
-0.1224465 0.1248381 -0.0160798 30487500 -0.1249283 -0.02295346 0.1347561
-0.1240189 0.1233786 -0.0162849 30697686 -0.1256823 -0.02432059 0.1340269
-0.1256104 0.1221004 -0.01660137 30907892 -0.126206 -0.02559788 0.1333385
-0.1285395 0.1192141 -0.01680794 31148089 -0.1272224 -0.02828102 0.1318572
-0.130064 0.1177787 -0.0169149 31348273 -0.1277629 -0.02958949 0.1311356
-0.1317298 0.1160879 -0.0167762 31608520 -0.1286137 -0.03092133 0.1304903
-0.1354149 0.1128724 -0.01697169 31798696 -0.1305317 -0.03356089 0.129108
-0.1370879 0.1114005 -0.01709297 32018903 -0.1314621 -0.03470795 0.1286321
-0.1387455 0.1096385 -0.01682104 32269108 -0.1324252 -0.03595476 0.1281493
-0.1416851 0.1063131 -0.01652445 32469305 -0.1342301 -0.03840195 0.1272425
-0.1434072 0.1045518 -0.01632749 32689492 -0.1351643 -0.0396459 0.1268049
-0.1445894 0.1029395 -0.01635574 32939709 -0.1360242 -0.04090877 0.1263851
-0.147303 0.09932282 -0.01607965 33139910 -0.1376581 -0.0436254 0.1255702
-0.1489654 0.09747349 -0.01598831 33370098 -0.1383401 -0.04501776 0.1251239
-0.1496847 0.0959091 -0.01594475 33610315 -0.1388609 -0.0463825 0.1245829
-0.1518719 0.09214692 -0.0156374 33820512 -0.1402013 -0.04928683 0.1239338
-0.1529668 0.09017318 -0.01536869 34040715 -0.140874 -0.05077852 0.1236527
-0.1549843 0.08641529 -0.01495831 34280944 -0.1423579 -0.0535361 0.1233457
-0.1561802 0.08434331 -0.01486748 34491126 -0.14312 -0.05512781 0.1230385
-0.1570415 0.08245243 -0.01460515 34711324 -0.1438905 -0.05650039 0.1229631
-0.1590422 0.07872257 -0.01437593 34931507 -0.1454522 -0.05921235 0.1227406
-0.1599443 0.076948 -0.01461749 35151722 -0.1460897 -0.06052392 0.1227606
-0.1604768 0.07503191 -0.01473616 35401944 -0.1466532 -0.06202699 0.1227949
-0.1613996 0.07135847 -0.01516211 35602116 -0.1469941 -0.06508963 0.1228357
-0.1616767 0.06945861 -0.01525277 35832328 -0.1471263 -0.06668396 0.1229168
-0.1620861 0.067507 -0.0154672 36052531 -0.1472349 -0.06833617 0.1229148
-0.1626437 0.06358852 -0.01528756 36282734 -0.147693 -0.07152022 0.123174
-0.1629202 0.06174117 -0.01512246 36502925 -0.147981 -0.07294683 0.1234295
-0.1633705 0.05980799 -0.01479158 36743154 -0.1484483 -0.07440181 0.1236196
-0.163363 0.05640688 -0.01408353 36953335 -0.1491993 -0.07702904 0.1243401
-0.1636091 0.05456495 -0.01361729 37193544 -0.1496245 -0.07841997 0.1246856
-0.1636126 0.05282171 -0.01292336 37403746 -0.150098 -0.07974192 0.1251523
-0.1634986 0.0494993 -0.01223707 37613944 -0.1509676 -0.08224192 0.126157
-0.1636414 0.04766599 -0.0119644 37874316 -0.1515011 -0.08359672 0.1266207
-0.16387 0.04582773 -0.01136655 38064358 -0.1519992 -0.08494578 0.1271613
-0.1632721 0.0422375 -0.01086168 38284557 -0.1526783 -0.08782025 0.1283368
-0.1634649 0.0402257 -0.01025596 38524749 -0.1530601 -0.08938815 0.1289003
-0.1632178 0.03842235 -0.01000237 38734959 -0.1534386 -0.09082454 0.1294954
-0.1636734 0.03439326 -0.009283885 38955138 -0.1543895 -0.09378587 0.1307912
-0.1637834 0.03239913 -0.009342775 39215393 -0.1548399 -0.09523239 0.131377
-0.1646044 0.02825057 -0.009540409 39405552 -0.1557883 -0.09802675 0.1325621
-0.1647766 0.02640824 -0.01012734 39635752 -0.1560709 -0.09918337 0.1331216
-0.1657501 0.02422313 -0.0105104 39845958 -0.1563939 -0.100455 0.1336226
-0.1665107 0.02224821 -0.01095331 40086159 -0.1566607 -0.1016223 0.1340129
-0.1677655 0.01852036 -0.01253639 40316378 -0.1568654 -0.1035582 0.1348377
-0.1680284 0.01662425 -0.0133055 40526572 -0.1571428 -0.1045088 0.1353876
-0.1687046 0.01454403 -0.01386075 40746771 -0.1573669 -0.1056121 0.1358159
-0.1694858 0.01015197 -0.01512763 40996980 -0.1576341 -0.1081867 0.1365705
-0.1696886 0.007885075 -0.01600359 41187168 -0.1576408 -0.1094219 0.1370355
-0.1698994 0.005820557 -0.01651216 41427385 -0.1575862 -0.1105994 0.1375645
-0.1695188 0.00152679 -0.01801737 41687794 -0.1574171 -0.1131883 0.138474
-0.1697366 -0.0009510508 -0.01863338 41867783 -0.1571156 -0.1147615 0.1388536
-0.169447 -0.003226571 -0.01952951 42108016 -0.156509 -0.1162018 0.1393202
-0.1685807 -0.007350627 -0.02053134 42308184 -0.1552221 -0.1193449 0.1401493
-0.1683031 -0.009700572 -0.02123937 42538371 -0.1545805 -0.1209921 0.1404843
-0.1679214 -0.01172535 -0.02170202 42778600 -0.1539037 -0.1226268 0.1407227
-0.1672443 -0.01520847 -0.02214178 42988798 -0.152707 -0.1254406 0.1414683
-0.1668498 -0.01693128 -0.022442 43208977 -0.1522066 -0.1267176 0.141893
-0.1670262 -0.01880139 -0.02238271 43429175 -0.1520696 -0.128015 0.1423324
-0.1664423 -0.02210721 -0.02190207 43659383 -0.1516893 -0.1306023 0.1436728
-0.1658223 -0.02350027 -0.02159072 43889591 -0.1516568 -0.1317492 0.1444439
-0.1652634 -0.02638949 -0.02041394 44119799 -0.1520098 -0.1341128 0.1460602
-0.1638523 -0.02754302 -0.02001342 44329992 -0.1519528 -0.1352616 0.1471462
-0.1635161 -0.02929113 -0.01917785 44550187 -0.1522404 -0.136708 0.1482516
-0.1619094 -0.03220789 -0.01704867 44780407 -0.1530157 -0.1395443 0.1509101
-0.1609053 -0.03399571 -0.01620677 45000598 -0.1535655 -0.1410884 0.1523057
-0.1604232 -0.03581193 -0.0152207 45220808 -0.1540788 -0.1425994 0.1536822
-0.1586258 -0.03864277 -0.01270056 45451000 -0.1552356 -0.1456689 0.1565959
-0.1579988 -0.04040572 -0.0117771 45671199 -0.1558987 -0.1472753 0.1578307
-0.1575536 -0.0419955 -0.01064262 45891397 -0.1565936 -0.148807 0.1591184
-0.1563547 -0.0447325 -0.008663476 46131618 -0.1574982 -0.1515136 0.1617286
-0.1560862 -0.0466365 -0.008052945 46331799 -0.158149 -0.152981 0.1628185
-0.1553808 -0.04792195 -0.007179528 46572012 -0.1586529 -0.1542257 0.1641137
-0.1546759 -0.05091461 -0.006061152 46782209 -0.1596762 -0.1565568 0.1662241
-0.1543426 -0.05247257 -0.005685657 47042440 -0.1601639 -0.1576329 0.1672356
-0.1538824 -0.05399869 -0.005302504 47252626 -0.1606721 -0.1588205 0.1681533
-0.1525065 -0.05647913 -0.004497856 47482854 -0.1615474 -0.1608412 0.170139
-0.1518416 -0.05766794 -0.00398159 47683030 -0.1621921 -0.1618818 0.1710936
-0.1513217 -0.05894867 -0.003806993 47913238 -0.1626974 -0.1626411 0.1720038
-0.1496239 -0.06173617 -0.004152894 48153451 -0.1634533 -0.1640456 0.1737069
-0.1490559 -0.062999 -0.004199415 48343627 -0.1637988 -0.1646044 0.1745798
-0.1482701 -0.06412511 -0.004314631 48573818 -0.1638606 -0.1652846 0.1752964
-0.1465649 -0.06617472 -0.004390582 48814051 -0.1635925 -0.1668214 0.1767457
-0.1460222 -0.06746295 -0.004439995 49024241 -0.1635489 -0.1675521 0.1775716
-0.1453904 -0.06856596 -0.004495353 49264441 -0.1635484 -0.1681272 0.1783792
-0.1436828 -0.07086769 -0.004650235 49474631 -0.1634957 -0.1693492 0.1801739
-0.1428481 -0.07168084 -0.004367873 49694846 -0.1633495 -0.1702431 0.1809672
-0.1417076 -0.07256077 -0.004125968 49915045 -0.1632302 -0.1711258 0.1819211
-0.1395859 -0.07425415 -0.003431857 50135243 -0.1631898 -0.1726485 0.1841601
-0.1384259 -0.07537399 -0.003162891 50365447 -0.1631449 -0.1733904 0.1855269
-0.1370269 -0.07630246 -0.002830118 50605668 -0.163064 -0.1741821 0.1868542
-0.1342562 -0.07825042 -0.001948938 50815858 -0.1629242 -0.1760452 0.1895927
-0.1324211 -0.07915049 -0.001525983 51036056 -0.1628352 -0.1769187 0.1911062
-0.1295595 -0.08098347 -0.0005296469 51306296 -0.1625535 -0.1785777 0.1941868
-0.1279887 -0.0818889 -6.93053E-05 51476454 -0.1623727 -0.1795271 0.1955894
-0.1264118 -0.08268172 0.000428021 51706661 -0.1621252 -0.1803822 0.1970597
-0.1249667 -0.08330492 0.001028419 51946862 -0.1617993 -0.181164 0.1985817
-0.1223792 -0.08469538 0.002500519 52147043 -0.1614529 -0.1830547 0.2015994
-0.1206614 -0.08552448 0.00310193 52377263 -0.1612859 -0.1841075 0.203045
-0.1176886 -0.08739559 0.004328877 52617483 -0.1611478 -0.1859381 0.2062053
-0.1161412 -0.08842631 0.004780173 52817664 -0.161001 -0.1866675 0.207848
-0.1150039 -0.08954261 0.005158275 53057881 -0.1607783 -0.1873885 0.2093797
-0.1122041 -0.09164861 0.006101921 53268054 -0.1603761 -0.1887115 0.2128262
-0.1106657 -0.09275979 0.006573349 53498282 -0.1603485 -0.189415 0.2144724
-0.1094445 -0.09359939 0.007184789 53738479 -0.1603435 -0.1899299 0.2161639
-0.1066335 -0.0960606 0.007731929 54048759 -0.1603404 -0.1906793 0.2194429
-0.1043517 -0.09798598 0.008541435 54278967 -0.1601867 -0.191544 0.2224265
-0.1031201 -0.09881475 0.008971021 54509182 -0.1599706 -0.192009 0.2238754
-0.1020848 -0.09931728 0.009592503 54729389 -0.1599299 -0.1926071 0.225076
-0.09987436 -0.1002527 0.01070248 54969594 -0.1597721 -0.1935224 0.2274705
-0.09870166 -0.1008281 0.01121435 55189789 -0.1598258 -0.1937499 0.2288064
-0.09779842 -0.1014061 0.01176421 55409987 -0.15999 -0.1942776 0.2298356
-0.09586379 -0.102444 0.01291935 55620197 -0.1602527 -0.1952683 0.2319601
-0.09504361 -0.1021867 0.01397941 55860592 -0.1605467 -0.1958109 0.2329706
-0.09422 -0.1029512 0.01440518 56070600 -0.1606437 -0.1964112 0.2339016
-0.09250735 -0.1037607 0.01574163 56290802 -0.1610077 -0.1973157 0.2360637
-0.09152996 -0.1037784 0.01651751 56541020 -0.1610857 -0.1976995 0.2370842
-0.0902825 -0.1041397 0.01712069 56741205 -0.1611369 -0.1980786 0.2381271
-0.08855022 -0.1047046 0.01847933 56961391 -0.1613748 -0.1989258 0.2401477
-0.08735028 -0.105149 0.01895314 57201604 -0.1613643 -0.1992743 0.2410584
-0.08648663 -0.1054098 0.01947588 57411794 -0.1614302 -0.1995153 0.2419289
-0.08451448 -0.1062299 0.02016746 57631988 -0.1611452 -0.1998888 0.2436453
-0.08364758 -0.1069088 0.02021845 57892231 -0.1608766 -0.2001464 0.2442506
-0.08185534 -0.1074562 0.02046014 58112430 -0.1601347 -0.2004307 0.2452552
-0.08118291 -0.108056 0.02034241 58322624 -0.159835 -0.2005812 0.245591
-0.08019643 -0.1085079 0.0202809 58522804 -0.1594467 -0.2006093 0.2459925
-0.07925556 -0.1090902 0.02006523 58753016 -0.1590515 -0.2005315 0.2463184
-0.07765457 -0.1106043 0.01927447 58993233 -0.1581675 -0.2004184 0.2466832
-0.07700212 -0.1111808 0.01895422 59193401 -0.1577049 -0.2004316 0.246815
-0.07600046 -0.1122458 0.01833536 59443635 -0.1569624 -0.2004548 0.2469512
-0.0740238 -0.1142179 0.01731019 59663842 -0.1555407 -0.2006159 0.2472768
-0.07259008 -0.1151165 0.0168421 59864027 -0.1546727 -0.2005772 0.2475055
-0.07156116 -0.1160233 0.01648888 60094214 -0.1539936 -0.2006895 0.247778
-0.06893724 -0.1179538 0.0157408 60334431 -0.1522191 -0.2009573 0.2484072
-0.0677297 -0.1190813 0.01538849 60534616 -0.1513894 -0.201313 0.2486819
-0.06648158 -0.1185016 0.01584564 60784838 -0.1505257 -0.2016693 0.2490391
-0.06367717 -0.1203483 0.0154497 61115136 -0.1485242 -0.2022998 0.2499336
-0.06002541 -0.1217223 0.01548195 61455459 -0.1463516 -0.2027579 0.2510231
-0.05713229 -0.1232991 0.01563531 61655640 -0.1446396 -0.2034398 0.2521564
-0.05520326 -0.1239024 0.01600623 61885835 -0.1435388 -0.2038789 0.2529653
-0.05080072 -0.1242047 0.01746385 62126052 -0.1411976 -0.2047128 0.2548612
-0.04960938 -0.1251668 0.01783995 62486397 -0.1403279 -0.2055876 0.2557527
-0.04536173 -0.1248363 0.02019916 62666548 -0.1381103 -0.2069905 0.2580238
-0.04358399 -0.1255931 0.02087756 62886739 -0.1370802 -0.2077728 0.2590142
-0.04008886 -0.1257858 0.0228672 63136976 -0.1352001 -0.2088552 0.2611381
-0.03816995 -0.1260076 0.02396755 63337153 -0.1343738 -0.2094177 0.2621389
-0.03654652 -0.1263495 0.02489181 63547351 -0.1336144 -0.2099166 0.2630902
-0.03324718 -0.1266975 0.02655998 63817591 -0.1316582 -0.2107898 0.2647389
-0.03184095 -0.1269714 0.02709965 64137876 -0.1307193 -0.2111291 0.2653175
-0.02867874 -0.1273973 0.02798143 64338064 -0.1283225 -0.2111532 0.2665854
-0.02750338 -0.1277283 0.02820246 64568264 -0.127398 -0.2113212 0.2668994
-0.02475235 -0.1285953 0.02862617 64778458 -0.1253453 -0.2113175 0.2676194
-0.02299828 -0.1290349 0.02887709 65028675 -0.1240151 -0.2112279 0.2679778
-0.02156355 -0.1290769 0.02927528 65348969 -0.1228454 -0.2112269 0.2683588
-0.01860086 -0.1296659 0.02965401 65679275 -0.120342 -0.2111673 0.2688358
-0.01580359 -0.1307539 0.029489 65949498 -0.117982 -0.21091 0.2688473
-0.01312417 -0.1317031 0.02909873 66269791 -0.1155991 -0.2103456 0.2686608
-0.0101609 -0.1324761 0.0286928 66459959 -0.1129348 -0.2096089 0.2683068
-0.008595257 -0.1331067 0.02829745 66730211 -0.1114944 -0.2091876 0.2680143
-0.005138622 -0.1334221 0.02826282 67070510 -0.108483 -0.2087167 0.2673667
-0.001981757 -0.1347203 0.02769192 67380790 -0.1055657 -0.2083243 0.2667273
0.001610662 -0.1355071 0.02794407 67721113 -0.1026471 -0.2081955 0.2660971
0.004768366 -0.136033 0.02804419 68071429 -0.09984285 -0.207878 0.2655399
0.008457721 -0.1363557 0.02834515 68391719 -0.09666041 -0.2074699 0.264724
0.01196533 -0.1357721 0.02873172 68701982 -0.09341359 -0.2067486 0.2638314
0.01333842 -0.1359547 0.02835125 69032293 -0.09206295 -0.2064921 0.2630783
0.01692452 -0.1352484 0.02843228 69382597 -0.08875781 -0.2052214 0.2617808
0.02253846 -0.1364447 0.02780202 69712891 -0.08348197 -0.2030859 0.2602604
0.02594244 -0.1355949 0.02844623 70073224 -0.08040872 -0.2017214 0.2593611
0.02860068 -0.1345658 0.02891684 70373503 -0.07782128 -0.2010422 0.2583571
0.03019864 -0.1356519 0.0288105 70713814 -0.07660729 -0.2006757 0.2578021
0.03447665 -0.1337775 0.02971509 71054109 -0.07217973 -0.1989062 0.2567256
0.03725574 -0.1322397 0.03034703 71384411 -0.06923312 -0.1978754 0.2558092
0.03981276 -0.1313658 0.03095321 71714717 -0.06696886 -0.1963831 0.2548552
0.04214736 -0.1295773 0.03146662 72065037 -0.06486538 -0.1947051 0.2534674
0.04492017 -0.1270555 0.03267616 72385310 -0.06221074 -0.1930254 0.2521026
0.04742883 -0.126523 0.0320687 72725630 -0.05972153 -0.1920429 0.250171
0.05014065 -0.1260155 0.03160927 73065920 -0.0572587 -0.1903239 0.2482989
0.05280094 -0.1237801 0.0323175 73396243 -0.05463055 -0.189067 0.2463995
0.0554329 -0.1217002 0.03259949 73736542 -0.05174547 -0.1882043 0.2444117
0.05819434 -0.1216714 0.03179377 74086846 -0.0489684 -0.1875102 0.2423921
0.06128037 -0.1207742 0.0317068 74407151 -0.0460124 -0.1857646 0.2404768
0.06400438 -0.1196253 0.03115883 74757447 -0.04336828 -0.183888 0.2384561
0.06637762 -0.1177362 0.03095335 75067743 -0.0409081 -0.1822598 0.2365308
0.06884021 -0.1165524 0.03010623 75438061 -0.03871861 -0.1804848 0.2341269
0.07155712 -0.1148533 0.02943619 75748353 -0.03614125 -0.1782867 0.2318286
0.07449719 -0.1126311 0.02911633 76088656 -0.03339893 -0.175722 0.2293575
0.07757749 -0.1115008 0.02771221 76418950 -0.03089732 -0.1730837 0.226484
0.08080015 -0.1102457 0.02578561 76769262 -0.02840805 -0.1704024 0.2230888
0.08405207 -0.1085513 0.02360877 77099569 -0.02588368 -0.1674124 0.2196483
0.08765377 -0.1068562 0.0220383 77439880 -0.02319372 -0.164664 0.2159622
0.09128661 -0.1055291 0.0202754 77800391 -0.02078003 -0.1622158 0.2119176
0.0954791 -0.1034728 0.01864915 78110489 -0.01775044 -0.1593548 0.2076647
0.09974822 -0.1012593 0.01634309 78460805 -0.01493171 -0.1563673 0.2029509
0.1044329 -0.09949522 0.01389021 78771263 -0.01209867 -0.1531096 0.1981695
0.1086447 -0.09567545 0.01264629 79101537 -0.009176582 -0.1503875 0.1931111
0.1134321 -0.09302867 0.01076049 79431673 -0.006169707 -0.147392 0.188247
0.11811 -0.09043297 0.008178398 79792213 -0.003509134 -0.1442847 0.1834993
0.123291 -0.08746593 0.006890193 80102449 -0.000225395 -0.1413681 0.1786481
0.1278475 -0.08396158 0.005548552 80452594 0.002553165 -0.1386228 0.1738916
0.1326929 -0.08083728 0.003716022 80782905 0.005304322 -0.1358736 0.169201
0.1375531 -0.07720752 0.002177268 81113195 0.008023575 -0.1328757 0.1644611
0.141675 -0.07368096 0.001004457 81463519 0.01007913 -0.1294912 0.1605361
0.1452581 -0.06968086 0.0002848953 81783800 0.01188621 -0.1259524 0.1569391
0.1485602 -0.06605418 -0.0002071708 82114086 0.01351142 -0.1228458 0.1535236
0.1509501 -0.06154228 -0.0006407052 82444404 0.0150688 -0.1201485 0.1505405
0.1533506 -0.05678603 -0.001427501 82794720 0.01670158 -0.1172339 0.1478483
0.1557947 -0.05265967 -0.001268178 83125010 0.01817662 -0.1136961 0.1454857
0.1578514 -0.04817335 -0.001217663 83715547 0.01979128 -0.1106111 0.1433343
0.1599062 -0.03894288 -0.0007391721 84035840 0.02296846 -0.1059111 0.1403553
0.1600825 -0.0369999 -0.0004522353 84376127 0.02348897 -0.104801 0.1398526
0.1597618 -0.03329031 0.0006695539 84726617 0.02456383 -0.1030913 0.1392177
0.158721 -0.0265526 0.001265809 85056758 0.0263333 -0.1007445 0.1384569
0.1579379 -0.02244978 0.001810029 85387193 0.02725299 -0.09881943 0.1382371
0.1562248 -0.01785048 0.002389506 85717354 0.02787182 -0.09692936 0.1382523
0.1533464 -0.01205548 0.002837911 86057645 0.02844945 -0.09537317 0.1379367
0.1508232 -0.00647621 0.00373365 86377954 0.02904066 -0.09321789 0.1373083
0.1496273 -0.001712436 0.00427705 86718253 0.02932532 -0.08955301 0.1375578
0.1487409 0.003492833 0.004961923 87068565 0.02978024 -0.08535294 0.1373995
0.1477935 0.008875017 0.004947469 87388862 0.03019865 -0.08153205 0.1369752
0.1457375 0.01393086 0.005248144 87719164 0.03036896 -0.07862051 0.1366464
0.1423921 0.01898773 0.005882174 88039445 0.03044637 -0.07635702 0.1367436
0.1408112 0.02093667 0.006280497 88369731 0.03028636 -0.07529777 0.1370857
0.1370722 0.02460446 0.007165402 88710034 0.02960086 -0.07317193 0.1386072
0.1314019 0.02813069 0.00931637 89070538 0.02790177 -0.07071818 0.1413266
0.127584 0.02876778 0.01105396 89380647 0.02647537 -0.0704325 0.1432979
0.1241298 0.02786807 0.01322721 89710954 0.02494873 -0.07102974 0.1456738
