0.1525259 7.031346E-05 0.002807841 0 0.1165857 -0.02748748 0.2252243
0.1529207 0.0002733362 0.003170744 130117 0.1169243 -0.02713113 0.2250964
0.1535155 0.0005267136 0.003750086 220203 0.1173814 -0.0266402 0.2249091
0.1535155 0.0005267136 0.003750086 340311 0.1173814 -0.0266402 0.2249091
0.154097 0.001097776 0.004409701 440389 0.1177138 -0.02615117 0.224685
0.154097 0.001097776 0.004409701 560498 0.1177138 -0.02615117 0.224685
0.1545115 0.001846109 0.004858315 670593 0.1178867 -0.02562719 0.224468
0.1545805 0.002801542 0.004652128 780919 0.1178473 -0.02492946 0.2242518
0.1545818 0.004068843 0.004546627 890800 0.117837 -0.02399316 0.2241289
0.1545818 0.004068843 0.004546627 1010928 0.117837 -0.02399316 0.2241289
0.1543747 0.005589623 0.004259124 1110994 0.1176483 -0.02290695 0.2240766
0.1539677 0.007611107 0.004020423 1231103 0.1173067 -0.021571 0.2241564
0.1539677 0.007611107 0.004020423 1341222 0.1173067 -0.021571 0.2241564
0.1533996 0.00946606 0.003354684 1451314 0.1167946 -0.02007826 0.2242453
0.1525312 0.01202083 0.002704129 1561401 0.116181 -0.01832502 0.2245008
0.1525312 0.01202083 0.002704129 1671500 0.116181 -0.01832502 0.2245008
0.1515546 0.01466994 0.002040103 1791625 0.1153981 -0.01645126 0.2248258
0.1503877 0.01790831 0.001332119 1901712 0.114533 -0.01441606 0.2251812
0.1503877 0.01790831 0.001332119 2021833 0.114533 -0.01441606 0.2251812
0.1491285 0.0212768 0.0005776137 2121907 0.1135815 -0.01222958 0.2255761
0.1478745 0.02460798 -6.085634E-05 2242185 0.1126561 -0.009987168 0.2260271
0.1478745 0.02460798 -6.085634E-05 2352118 0.1126561 -0.009987168 0.2260271
0.1465543 0.02787908 -0.0006919503 2462230 0.1114775 -0.007736646 0.2265165
0.1450898 0.03108892 -0.0012988 2582326 0.1104888 -0.005465649 0.2271663
0.1450898 0.03108892 -0.0012988 2682429 0.1104888 -0.005465649 0.2271663
0.143552 0.03420268 -0.001991361 2802537 0.1094261 -0.003062241 0.2278768
0.1419884 0.03741243 -0.002422124 2912640 0.1082544 -0.0004228869 0.2287444
0.1419884 0.03741243 -0.002422124 3022732 0.1082544 -0.0004228869 0.2287444
0.139705 0.04096526 -0.003276616 3132831 0.1069261 0.002551981 0.2299804
0.1375538 0.04515254 -0.003475711 3252931 0.1055099 0.005884447 0.2313122
0.1375538 0.04515254 -0.003475711 3353018 0.1055099 0.005884447 0.2313122
0.1347515 0.05001586 -0.004089743 3473321 0.1039954 0.00964565 0.2328689
0.1318607 0.0551324 -0.004585147 3583238 0.1024173 0.01363982 0.2345007
0.1318607 0.0551324 -0.004585147 3693337 0.1024173 0.01363982 0.2345007
0.1290059 0.06045954 -0.00484927 3803424 0.1006736 0.01772375 0.2361292
0.1262284 0.06586262 -0.004882857 3923537 0.09907608 0.02187453 0.2377809
0.1262284 0.06586262 -0.004882857 4033648 0.09907608 0.02187453 0.2377809
0.1237866 0.07114144 -0.004585668 4143735 0.09766769 0.02605645 0.2393683
0.1210892 0.07622826 -0.004599243 4253843 0.09602215 0.02997706 0.2409163
0.1210892 0.07622826 -0.004599243 4363946 0.09602215 0.02997706 0.2409163
0.1183779 0.08133648 -0.00483796 4494574 0.09445275 0.03386829 0.2423128
0.1155116 0.08665849 -0.005012438 4594150 0.09302321 0.0377704 0.2437518
0.1155116 0.08665849 -0.005012438 4704245 0.09302321 0.0377704 0.2437518
0.1132454 0.09158637 -0.004767299 4824349 0.0916647 0.04170675 0.2450829
0.1107754 0.09635639 -0.004676893 4924444 0.09035903 0.04533819 0.2463956
0.1107754 0.09635639 -0.004676893 5034539 0.09035903 0.04533819 0.2463956
0.1084126 0.1008717 -0.004520312 5164653 0.08893879 0.04887367 0.2476796
0.1061186 0.105123 -0.004339933 5264755 0.08753142 0.05221794 0.2489213
0.1061186 0.105123 -0.004339933 5374854 0.08753142 0.05221794 0.2489213
0.1034521 0.1092725 -0.004243866 5484950 0.08614862 0.05529765 0.2502702
0.1013701 0.11289 -0.003973827 5605224 0.08463199 0.05833025 0.2514636
0.1013701 0.11289 -0.003973827 5705339 0.08463199 0.05833025 0.2514636
0.09908891 0.1165 -0.003629133 5825253 0.0832449 0.06119422 0.2527348
0.09675258 0.1197752 -0.003503487 5935360 0.08184198 0.06382804 0.2539437
0.09430738 0.1228881 -0.003428802 6045451 0.08041535 0.06630118 0.2551607
0.09430738 0.1228881 -0.003428802 6155547 0.08041535 0.06630118 0.2551607
0.09182756 0.1258951 -0.003392488 6285676 0.07884333 0.06856509 0.256295
0.0894758 0.1287196 -0.003483593 6385763 0.07727155 0.07065867 0.2572639
0.0894758 0.1287196 -0.003483593 6495870 0.07727155 0.07065867 0.2572639
0.08715212 0.1313501 -0.003559276 6625987 0.07577327 0.07266392 0.2582372
0.08431997 0.1338444 -0.004021272 6716053 0.07409136 0.07442309 0.2592166
0.08431997 0.1338444 -0.004021272 6826152 0.07409136 0.07442309 0.2592166
0.08224759 0.1361586 -0.004000947 6936267 0.07249622 0.07612549 0.2600315
0.08224759 0.1361586 -0.004000947 7056364 0.07249622 0.07612549 0.2600315
0.07966442 0.1384322 -0.004275963 7166459 0.07070467 0.07761873 0.2608624
0.07716022 0.1406857 -0.004517332 7276558 0.06895089 0.07910709 0.2616365
0.07716022 0.1406857 -0.004517332 7386662 0.06895089 0.07910709 0.2616365
0.07445349 0.1428222 -0.00494574 7506770 0.06697707 0.08041139 0.2623437
0.07169247 0.1448762 -0.005217955 7616870 0.06531142 0.08180816 0.2631831
0.06933375 0.1467624 -0.005517021 7726973 0.06334099 0.08309371 0.2638095
0.06933375 0.1467624 -0.005517021 7837251 0.06334099 0.08309371 0.2638095
0.06648637 0.1488232 -0.006055102 7947184 0.06121722 0.08424453 0.2643531
0.06346945 0.1507303 -0.006640807 8057263 0.05907187 0.08534218 0.2649309
0.06346945 0.1507303 -0.006640807 8167366 0.05907187 0.08534218 0.2649309
0.06051329 0.1526298 -0.007377684 8277478 0.05682518 0.08639542 0.2653398
0.05724895 0.1545223 -0.00819096 8397586 0.0543654 0.08735614 0.265723
0.05724895 0.1545223 -0.00819096 8507677 0.0543654 0.08735614 0.265723
0.05357576 0.156492 -0.00892517 8617785 0.05194232 0.08817916 0.2661048
0.05038069 0.1579989 -0.009922475 8747894 0.04933466 0.08886264 0.266275
0.05038069 0.1579989 -0.009922475 8837967 0.04933466 0.08886264 0.266275
0.04743774 0.1594371 -0.0106966 8958084 0.04682332 0.08947779 0.2664198
0.04359224 0.1606598 -0.01171987 9068183 0.04426011 0.08983508 0.2665732
0.04359224 0.1606598 -0.01171987 9188288 0.04426011 0.08983508 0.2665732
0.04037311 0.1617388 -0.01263909 9298391 0.04151468 0.09012355 0.2665879
0.03677172 0.1625663 -0.01356114 9408494 0.03877777 0.09028335 0.2666499
0.03677172 0.1625663 -0.01356114 9528599 0.03877777 0.09028335 0.2666499
0.03302493 0.1634434 -0.01427636 9628693 0.03606193 0.09042753 0.2667289
0.02912135 0.1639426 -0.01493371 9738801 0.03308308 0.09044786 0.2668793
0.02912135 0.1639426 -0.01493371 9868898 0.03308308 0.09044786 0.2668793
0.0256946 0.1643897 -0.01549846 9968992 0.03021482 0.09047331 0.266954
0.02153324 0.1645989 -0.0158713 10079087 0.02725454 0.09037197 0.2671576
0.02153324 0.1645989 -0.0158713 10199212 0.02725454 0.09037197 0.2671576
0.01767146 0.1645903 -0.01627706 10299286 0.02414306 0.09010956 0.2672489
0.01375207 0.1643493 -0.01660503 10409386 0.02101108 0.08978502 0.2673588
0.01375207 0.1643493 -0.01660503 10529494 0.02101108 0.08978502 0.2673588
0.009301954 0.1636889 -0.01671639 10639614 0.01781777 0.08925465 0.2675673
0.005430409 0.163184 -0.01689547 10749709 0.01460441 0.08876725 0.2676015
0.005430409 0.163184 -0.01689547 10879822 0.01460441 0.08876725 0.2676015
0.001422059 0.1624531 -0.01706682 10969899 0.01132448 0.08819134 0.2675979
-0.00326991 0.1615043 -0.01694056 11100025 0.008061051 0.08761273 0.2676829
-0.00326991 0.1615043 -0.01694056 11220121 0.008061051 0.08761273 0.2676829
-0.007240351 0.1606627 -0.01706856 11310207 0.00474745 0.08702804 0.2675443
-0.01145797 0.1595215 -0.01684394 11430311 0.001602411 0.0863816 0.2675449
-0.01145797 0.1595215 -0.01684394 11530413 0.001602411 0.0863816 0.2675449
-0.01552022 0.158358 -0.01679103 11640496 -0.001593679 0.08572657 0.2673823
-0.01928779 0.1572663 -0.01676819 11760609 -0.004764318 0.08508865 0.2671424
-0.01928779 0.1572663 -0.01676819 11860711 -0.004764318 0.08508865 0.2671424
-0.02336544 0.1559344 -0.01636043 11970795 -0.007797748 0.08441062 0.2670241
-0.02726713 0.1546254 -0.01621617 12090911 -0.01103559 0.08373617 0.2667198
-0.02726713 0.1546254 -0.01621617 12201010 -0.01103559 0.08373617 0.2667198
-0.03068142 0.153519 -0.01596798 12331136 -0.01398909 0.08312826 0.2664388
-0.0348175 0.1519663 -0.01549725 12421217 -0.01713973 0.08248542 0.2661736
-0.0348175 0.1519663 -0.01549725 12651425 -0.01713973 0.08248542 0.2661736
-0.04193362 0.1496212 -0.01444308 12761516 -0.02310413 0.08140709 0.2655587
-0.04193362 0.1496212 -0.01444308 12911644 -0.02310413 0.08140709 0.2655587
-0.04546826 0.1484414 -0.01396979 13131863 -0.02608609 0.08094512 0.2651525
-0.05196762 0.1463463 -0.01276906 13372075 -0.03180507 0.0801336 0.2643962
-0.0548848 0.1454931 -0.01227631 13592258 -0.03449342 0.07984121 0.2639594
-0.05872673 0.1438623 -0.01124148 13812473 -0.03744477 0.07940046 0.2635995
-0.06489003 0.1419545 -0.01013067 14032655 -0.04291961 0.0786318 0.2623449
-0.06805611 0.1408697 -0.009493023 14252870 -0.0457513 0.07818691 0.2616635
-0.07141415 0.1394311 -0.008672774 14473061 -0.0484609 0.07765557 0.2609902
-0.07757652 0.1368958 -0.007535949 14663257 -0.05371988 0.07654545 0.2593397
-0.08089878 0.135371 -0.006766677 14773340 -0.05649945 0.07587025 0.2584455
-0.08089878 0.135371 -0.006766677 14893444 -0.05649945 0.07587025 0.2584455
-0.08429159 0.1333847 -0.005783319 15003527 -0.05908206 0.0751866 0.2576809
-0.08732077 0.1314859 -0.005212083 15123660 -0.0616622 0.07425891 0.2567613
-0.09016641 0.1294834 -0.00457783 15223734 -0.06396073 0.07324921 0.2559002
-0.09016641 0.1294834 -0.00457783 15333842 -0.06396073 0.07324921 0.2559002
-0.09298573 0.1275262 -0.00383532 15443945 -0.06647256 0.07222517 0.255059
-0.09616128 0.1248773 -0.002623454 15554048 -0.06889033 0.0710841 0.2543214
-0.09616128 0.1248773 -0.002623454 15664144 -0.06889033 0.0710841 0.2543214
-0.09898841 0.122486 -0.00140363 15784252 -0.07128423 0.06994207 0.2536606
-0.1011705 0.1206409 -0.001084894 15894339 -0.07340354 0.0686682 0.2527557
-0.1011705 0.1206409 -0.001084894 16004447 -0.07340354 0.0686682 0.2527557
-0.1035367 0.1183957 -0.0003463328 16114542 -0.07557613 0.06728177 0.2519718
-0.1063355 0.1153316 0.001104116 16244668 -0.07788989 0.06577839 0.2513916
-0.1063355 0.1153316 0.001104116 16344754 -0.07788989 0.06577839 0.2513916
-0.1085937 0.1127535 0.001911089 16444832 -0.07996687 0.06425129 0.2506984
-0.1107244 0.1100697 0.002441257 16584959 -0.08188981 0.06266163 0.2499607
-0.1107244 0.1100697 0.002441257 16675056 -0.08188981 0.06266163 0.2499607
-0.1127855 0.1072451 0.003277302 16785159 -0.08378145 0.06100033 0.249388
-0.114631 0.1044346 0.00392288 16915273 -0.08556736 0.05922075 0.2488259
-0.114631 0.1044346 0.00392288 17015363 -0.08556736 0.05922075 0.2488259
-0.1163979 0.1016299 0.00458394 17125454 -0.08730227 0.05742953 0.2482986
-0.1180204 0.0989141 0.005131811 17235558 -0.08897036 0.05559988 0.2477719
-0.1180204 0.0989141 0.005131811 17345645 -0.08897036 0.05559988 0.2477719
-0.1196729 0.09620832 0.005807847 17465770 -0.09056205 0.05375854 0.2472326
-0.1212576 0.09336881 0.006445765 17575869 -0.09216991 0.0518388 0.246743
-0.1212576 0.09336881 0.006445765 17695973 -0.09216991 0.0518388 0.246743
-0.1225282 0.09070824 0.006833032 17796060 -0.0936012 0.04988227 0.2463078
-0.1240357 0.08771145 0.007470399 17906159 -0.09507797 0.04785467 0.2458538
-0.1240357 0.08771145 0.007470399 18036284 -0.09507797 0.04785467 0.2458538
-0.1253493 0.08474323 0.007842243 18146368 -0.09648025 0.0457123 0.2453914
-0.1265795 0.08168581 0.008126602 18256475 -0.09775522 0.04353042 0.2449525
-0.1265795 0.08168581 0.008126602 18376592 -0.09775522 0.04353042 0.2449525
-0.1274161 0.07902701 0.007721424 18486675 -0.09858671 0.0414666 0.2444078
-0.1284863 0.07618734 0.007782578 18586777 -0.09972894 0.03935589 0.2439268
-0.1284863 0.07618734 0.007782578 18726900 -0.09972894 0.03935589 0.2439268
-0.1296871 0.07320942 0.008299276 18826998 -0.1008673 0.03729386 0.2435648
-0.1308681 0.07039453 0.00866127 18937097 -0.1019118 0.0352974 0.2430994
-0.1319558 0.06761729 0.009267241 19077208 -0.1029686 0.03327126 0.2427911
-0.1319558 0.06761729 0.009267241 19297423 -0.1029686 0.03327126 0.2427911
-0.1331255 0.06246414 0.008668885 19507616 -0.1043273 0.02905453 0.2420225
-0.1338021 0.05942423 0.00860858 19757822 -0.1050668 0.02681334 0.2417499
-0.133849 0.05684122 0.007511258 19968020 -0.1053259 0.02457065 0.2413787
-0.1350716 0.05062911 0.007473975 20178201 -0.106537 0.0198964 0.2408877
-0.1353404 0.04817323 0.007250339 20418442 -0.1067998 0.01781223 0.2406947
-0.1359091 0.04503504 0.00728716 20638633 -0.1074839 0.01543737 0.2405041
-0.1366489 0.03887337 0.006713733 20848831 -0.1084884 0.01069559 0.2400716
-0.1372412 0.03583072 0.006823465 21079034 -0.1091142 0.008437582 0.2398678
-0.1376783 0.03314862 0.00663726 21299217 -0.1095928 0.006326594 0.239585
-0.1385392 0.02804153 0.006397426 21549459 -0.1105531 0.002366014 0.2390789
-0.139028 0.02549605 0.006363511 21749635 -0.1110989 0.0004068688 0.2388191
-0.1394275 0.02307222 0.006155491 21990010 -0.1114296 -0.001402371 0.2385268
-0.1403944 0.01833098 0.006266549 22190037 -0.1121013 -0.00494986 0.2380413
-0.1403612 0.0160603 0.005473122 22420233 -0.1121469 -0.006716244 0.2377679
-0.1406949 0.01349349 0.00527066 22640439 -0.112365 -0.008516782 0.2375307
-0.1414194 0.008877365 0.005163729 22860642 -0.1129225 -0.01218852 0.2370633
-0.1419688 0.006437822 0.005200073 23090850 -0.1133369 -0.01415297 0.2367212
-0.1423368 0.003898231 0.004727364 23331046 -0.1136014 -0.01615393 0.2362648
-0.1432538 -0.001549086 0.00453788 23541260 -0.1143061 -0.02040037 0.2356121
-0.1438244 -0.004512386 0.004606232 23761435 -0.1148521 -0.02264949 0.2352992
-0.1441184 -0.007668876 0.004088074 24011673 -0.1150848 -0.0249015 0.2349105
-0.1450563 -0.01391256 0.003939629 24201844 -0.1159517 -0.029601 0.2342769
-0.1439746 -0.01748704 0.0007143021 24422039 -0.1146247 -0.03180691 0.2335155
-0.1442782 -0.02099714 0.0005795956 24652255 -0.1150394 -0.03433051 0.2333093
-0.1420796 -0.02904829 -0.004912928 24872676 -0.112909 -0.0392813 0.2321328
-0.1422666 -0.03311197 -0.005254567 25102653 -0.113206 -0.04202708 0.2318842
-0.1425523 -0.04156102 -0.005344883 25322860 -0.1141334 -0.04766315 0.2317943
-0.1430133 -0.04596378 -0.005092323 25553068 -0.1148125 -0.05061277 0.2316629
-0.1433626 -0.0500077 -0.004947498 25793285 -0.1154795 -0.05352124 0.231531
-0.1445914 -0.05716328 -0.004264742 25993465 -0.1166877 -0.05894989 0.2310293
-0.1451687 -0.06077528 -0.003955826 26223673 -0.1174878 -0.06165036 0.230783
-0.145831 -0.06419056 -0.003424197 26463890 -0.1183414 -0.064399 0.2305839
-0.1466327 -0.07186255 -0.003191844 26664074 -0.1196868 -0.06986165 0.2301077
-0.1474292 -0.07532967 -0.002483949 26894262 -0.1205757 -0.07255453 0.2298687
-0.14795 -0.07869215 -0.002095044 27144488 -0.1212846 -0.0752373 0.2296634
-0.1486413 -0.0852952 -0.001363918 27334659 -0.1226315 -0.08039805 0.2294881
-0.1488806 -0.08849691 -0.0008885115 27564867 -0.1232514 -0.08299366 0.2295381
-0.1489145 -0.09163438 -0.0005459934 27805104 -0.1238224 -0.08541942 0.2296759
-0.1486501 -0.09730069 0.000522837 28015290 -0.1250012 -0.0903973 0.2304471
-0.1482326 -0.1001592 0.0009494275 28235493 -0.1253573 -0.09276173 0.2309965
-0.1477877 -0.1028345 0.001572341 28475705 -0.1257601 -0.09517918 0.2316824
-0.1465111 -0.1084764 0.002647832 28675882 -0.126427 -0.09996241 0.2332531
-0.1456632 -0.1110656 0.003044292 28906090 -0.1266075 -0.1021857 0.2341358
-0.1447794 -0.1136559 0.003532559 29126292 -0.1267965 -0.104405 0.2350912
-0.1430741 -0.1181571 0.004704088 29346475 -0.1271045 -0.108521 0.2370737
-0.142261 -0.1200564 0.005587623 29586708 -0.1273971 -0.1104375 0.2382065
-0.1418219 -0.1214494 0.006786123 29796898 -0.1276972 -0.1121558 0.2392268
-0.1396065 -0.1245782 0.007336512 30027097 -0.1273239 -0.1150928 0.2413148
-0.1384649 -0.1258946 0.007492721 30277323 -0.1269879 -0.1163177 0.2423186
-0.1368695 -0.1271868 0.007049441 30467487 -0.1262977 -0.1172915 0.2433361
-0.1344362 -0.1287924 0.007003814 30687685 -0.1251488 -0.1189642 0.2452661
-0.1332192 -0.1297212 0.006757125 30917909 -0.1243982 -0.1196671 0.2460668
-0.1320061 -0.1303052 0.006558731 31138112 -0.1236806 -0.1201925 0.2469021
-0.129235 -0.1321989 0.005504236 31378317 -0.1218192 -0.1210244 0.2483201
-0.1278099 -0.1331826 0.004891798 31588498 -0.1207744 -0.1213245 0.2489687
-0.1265201 -0.1341593 0.004276246 31818722 -0.1198097 -0.1216408 0.2494986
-0.1239311 -0.1360804 0.003019214 32058923 -0.1177948 -0.1222364 0.2505052
-0.1226222 -0.1368991 0.002371997 32259128 -0.1167305 -0.1224483 0.2509927
-0.1210953 -0.1381337 0.001482815 32479314 -0.1155992 -0.1227469 0.2514256
-0.118694 -0.1400267 0.0003634095 32709526 -0.1135373 -0.1233694 0.2522728
-0.1170955 -0.1411457 -0.0004872084 32929725 -0.112388 -0.1236558 0.2527324
-0.1161169 -0.1415873 -0.000771746 33169933 -0.1115648 -0.1238709 0.2531951
-0.1139186 -0.143042 -0.001700476 33380115 -0.109749 -0.1242344 0.2539463
-0.1129609 -0.1434711 -0.002110571 33630345 -0.1089298 -0.1242707 0.2542687
-0.1112024 -0.1436332 -0.002860174 33820533 -0.1074837 -0.1240818 0.254883
-0.1104335 -0.1435312 -0.003150567 34050728 -0.1067865 -0.1238583 0.2551751
-0.1094324 -0.1436734 -0.003691718 34401052 -0.106055 -0.12362 0.2554012
-0.1079001 -0.143355 -0.004447237 34611230 -0.1049262 -0.1229638 0.255805
-0.107244 -0.1431959 -0.004806861 34831425 -0.1044013 -0.1226367 0.2559452
-0.1066613 -0.1421583 -0.004976168 35091655 -0.1037288 -0.1218835 0.2562296
-0.1061973 -0.1420954 -0.005189553 35271822 -0.1034421 -0.1217515 0.2563529
-0.1059838 -0.1417444 -0.00525029 35502038 -0.1032358 -0.1215082 0.2564542
-0.1053149 -0.1410598 -0.005530268 35722245 -0.1027575 -0.1209178 0.2566688
-0.1050583 -0.1405863 -0.00555025 35952453 -0.1026213 -0.1205883 0.2568204
-0.1045578 -0.1393738 -0.005459413 36192665 -0.1023186 -0.1196925 0.2572136
-0.1042414 -0.1385839 -0.005404145 36392842 -0.1020996 -0.1190782 0.2574592
-0.1037588 -0.1377964 -0.005417392 36623058 -0.1018485 -0.1184658 0.2577483
-0.1024095 -0.1363025 -0.005484059 36873267 -0.1012378 -0.117207 0.2584976
-0.1020821 -0.135056 -0.005189613 37063455 -0.1009704 -0.1164227 0.2589537
-0.1010252 -0.1345836 -0.0052858 37283658 -0.1004789 -0.1158673 0.2594758
-0.09965447 -0.132806 -0.004988268 37513849 -0.09973657 -0.1146156 0.260527
-0.09876101 -0.1314468 -0.004848808 37754062 -0.09922695 -0.1137486 0.2611826
-0.09784587 -0.130522 -0.004699096 37994279 -0.09869793 -0.112979 0.2618242
-0.09544453 -0.1286078 -0.004680276 38184471 -0.09744772 -0.1113588 0.2631805
-0.09397583 -0.1277706 -0.004642323 38415019 -0.09674407 -0.1106467 0.2640052
-0.09245512 -0.1271553 -0.004642516 38654875 -0.09596104 -0.1099392 0.2647986
-0.08964738 -0.1253949 -0.004378647 38855056 -0.09433421 -0.1084517 0.2664953
-0.08803198 -0.1247863 -0.004350871 39105290 -0.09348041 -0.107843 0.2673313
-0.08666992 -0.1240941 -0.004177541 39325484 -0.0927009 -0.1072743 0.2681632
-0.08319248 -0.1231217 -0.004289687 39525681 -0.090633 -0.1062022 0.2697533
-0.08170625 -0.1225606 -0.004265428 39775891 -0.08979547 -0.1056166 0.2704666
-0.08047403 -0.1218653 -0.004129112 39976084 -0.0889616 -0.1050461 0.2711728
-0.07792103 -0.1206562 -0.004030019 40196290 -0.08726385 -0.1039584 0.2724393
-0.07698796 -0.1199556 -0.00391677 40446508 -0.08653441 -0.1033905 0.2729775
-0.07602953 -0.1193052 -0.003890723 40646677 -0.08588973 -0.1028425 0.2734344
-0.07440755 -0.1181968 -0.003883228 40997005 -0.08472449 -0.1018829 0.2741692
-0.07293555 -0.1173741 -0.003995776 41227204 -0.08367759 -0.1010743 0.2747068
-0.07265434 -0.1168954 -0.003955007 41427385 -0.08336133 -0.1007344 0.2748864
-0.07215147 -0.1166056 -0.004135534 41657605 -0.08300269 -0.1004242 0.2749399
-0.07205933 -0.1160329 -0.004420117 41897818 -0.08276561 -0.09992564 0.2747544
-0.07214762 -0.1159826 -0.004662916 42108012 -0.08276877 -0.09977416 0.2745023
-0.07271478 -0.1160189 -0.004976317 42348228 -0.08294436 -0.0996497 0.2739996
-0.07292369 -0.1162203 -0.005051628 42548405 -0.08302021 -0.09972981 0.2738428
-0.07301652 -0.1166943 -0.005105689 42758582 -0.08307558 -0.09997347 0.2737381
-0.07304014 -0.1173526 -0.005104691 43118920 -0.08303657 -0.1003838 0.2737141
-0.07316732 -0.1190945 -0.004475832 43349111 -0.08296621 -0.1021295 0.2742262
-0.0730538 -0.1198329 -0.004135564 43559491 -0.08287269 -0.1028102 0.2745657
-0.07263343 -0.1204091 -0.003805384 43779500 -0.08256841 -0.1034106 0.2750337
-0.07214997 -0.1216911 -0.00287959 44019729 -0.08215132 -0.1048636 0.2760613
-0.07148807 -0.1221395 -0.0024793 44219913 -0.08172637 -0.1055073 0.2767017
-0.07022125 -0.1227967 -0.002295926 44450105 -0.08110869 -0.1061425 0.2773609
-0.07542036 -0.1214318 0.001417696 44690322 -0.08274299 -0.1074973 0.2786804
-0.07498377 -0.1220705 0.001911968 44890523 -0.08234695 -0.1081927 0.2793031
-0.0756309 -0.1220452 0.002962068 45120714 -0.08235735 -0.1087929 0.2799659
-0.07430139 -0.1231296 0.003788278 45360931 -0.08125895 -0.1101671 0.2813042
-0.07266242 -0.1239321 0.003675774 45561120 -0.08028871 -0.1108224 0.281932
-0.07253746 -0.124251 0.004215568 45791335 -0.07989407 -0.1114231 0.2824838
-0.07060271 -0.125436 0.004136264 46031552 -0.07836422 -0.1123793 0.2832636
-0.06968374 -0.1258919 0.003973261 46231713 -0.07762969 -0.1127839 0.2835287
-0.06891995 -0.1267056 0.003895342 46461924 -0.07679379 -0.1132775 0.2837725
-0.06727009 -0.1277965 0.003434867 46712146 -0.07520577 -0.1139282 0.28406
-0.06638264 -0.1284355 0.003129318 46902334 -0.07423711 -0.1142704 0.2841579
-0.06530351 -0.1291269 0.002749369 47132542 -0.07331622 -0.114578 0.2842436
-0.06323345 -0.1301914 0.002156898 47392773 -0.07137212 -0.1151251 0.2845354
-0.06196713 -0.1308005 0.001822263 47582952 -0.07023644 -0.1154193 0.2847188
-0.06058291 -0.1313971 0.001489922 47813156 -0.06915101 -0.115695 0.2849264
-0.05769204 -0.13247 0.001014248 48053373 -0.06677678 -0.1162449 0.2855261
-0.05629365 -0.1328609 0.0008894056 48253553 -0.06557021 -0.1165125 0.2859052
-0.05455516 -0.1334462 0.0006831288 48473736 -0.06428117 -0.1168067 0.2862818
-0.05132135 -0.1344946 0.0002677739 48723978 -0.0616357 -0.1174023 0.2869289
-0.04980855 -0.1351325 0.0001516342 48914141 -0.06034511 -0.1177853 0.2872737
-0.04808214 -0.1358184 -4.854798E-05 49144349 -0.05901337 -0.118146 0.2875736
-0.04484682 -0.1370032 -0.0004590601 49384570 -0.05630374 -0.1188644 0.2880857
-0.043081 -0.1376486 -0.0007468611 49584738 -0.05484426 -0.1191616 0.2882661
-0.0414165 -0.1383004 -0.001013085 49814950 -0.05342487 -0.1194879 0.2884251
-0.03837682 -0.1391493 -0.001571566 50045154 -0.05067357 -0.119886 0.2886361
-0.03654997 -0.1395722 -0.001965418 50255360 -0.04915002 -0.1199728 0.2886611
-0.03504409 -0.1399938 -0.002292514 50485564 -0.04771561 -0.1200429 0.2886702
-0.03139201 -0.1406883 -0.00319007 50725780 -0.04460049 -0.1200079 0.2885163
-0.02966934 -0.1409831 -0.003645971 50935966 -0.04302636 -0.1199213 0.2883892
-0.02797375 -0.1412894 -0.004113391 51186196 -0.04141486 -0.1198261 0.2882314
-0.02427935 -0.1417104 -0.005107626 51496480 -0.03819191 -0.119496 0.2878284
-0.02155413 -0.1414132 -0.005980551 51736680 -0.03530213 -0.1189971 0.2874434
-0.01830635 -0.1424498 -0.006515592 51946886 -0.03301147 -0.1191139 0.2871747
-0.01732721 -0.1420294 -0.006872758 52177094 -0.03173882 -0.1188049 0.2870122
-0.01258517 -0.1425163 -0.007534981 52407298 -0.02797455 -0.1186681 0.2867036
-0.0110425 -0.1427512 -0.007710963 52607482 -0.02643693 -0.1186201 0.2866344
-0.007836748 -0.1429363 -0.007874206 52837690 -0.02414614 -0.1186396 0.2865691
-0.004330881 -0.1429125 -0.008049741 53047880 -0.02081811 -0.1185763 0.2865396
-0.001418417 -0.1427131 -0.008098364 53278084 -0.01870137 -0.1185069 0.286484
0.004157362 -0.1428002 -0.008084327 53528313 -0.01447499 -0.1185892 0.286315
0.00604592 -0.1425952 -0.008249372 53858616 -0.01278386 -0.1184316 0.2861014
0.01109917 -0.1425743 -0.008584723 54208928 -0.008825779 -0.1180842 0.285392
0.01635166 -0.1421744 -0.008973166 54529217 -0.004773974 -0.1174163 0.2844536
0.0204964 -0.1412061 -0.009382039 54759408 -0.001237124 -0.1164201 0.2835756
0.02335213 -0.1403158 -0.009365499 54969610 0.0009260476 -0.1157684 0.2831583
0.02935515 -0.1378711 -0.008921683 55179804 0.005371958 -0.1144514 0.2825167
0.03124156 -0.1370452 -0.00886184 55400003 0.006988347 -0.1139715 0.282233
0.03373922 -0.1365176 -0.008547187 55660233 0.008871168 -0.1136811 0.2819615
0.03747818 -0.1348435 -0.008058965 55860402 0.01210553 -0.1127943 0.2816031
0.03980275 -0.134219 -0.007638469 56090626 0.01400232 -0.1126024 0.2814094
0.04197383 -0.1334097 -0.0071325 56430929 0.01568916 -0.1122728 0.2812815
0.04703001 -0.1316587 -0.005609006 56631105 0.01952761 -0.1117045 0.2811225
0.05178443 -0.1291376 -0.003857747 56861325 0.02302237 -0.1109887 0.2810941
0.0537959 -0.1281591 -0.003300756 57081516 0.02481708 -0.1105122 0.280914
0.05570068 -0.1267829 -0.002762988 57321725 0.02639854 -0.109921 0.2807329
0.06060407 -0.123725 -0.00127016 57551928 0.03005418 -0.1087986 0.2801292
0.06280864 -0.1220311 -0.0007580966 57902544 0.03181267 -0.1079932 0.2796986
0.06751878 -0.1189776 0.0003603399 58232559 0.03526166 -0.1065872 0.2785835
0.07164861 -0.1162278 0.0009550303 58422872 0.03842038 -0.1048734 0.277178
0.07336625 -0.1148354 0.001011893 58643111 0.03987882 -0.103898 0.2764538
0.07704838 -0.112327 0.001201302 58893151 0.04283239 -0.1019811 0.2748283
0.07850527 -0.1115612 0.0008798093 59083326 0.04424065 -0.1010611 0.2739082
0.08004114 -0.1104527 0.0007641762 59313546 0.04555899 -0.1001389 0.2730768
0.08348005 -0.1078184 0.001006559 59573761 0.04839859 -0.09820822 0.2715175
0.08527944 -0.1065878 0.001213893 59894058 0.04992707 -0.09724081 0.2707317
0.08955988 -0.1038906 0.002441406 60094243 0.05332918 -0.09559476 0.2692466
0.09133475 -0.1027229 0.002628982 60324442 0.0549148 -0.09471784 0.2684121
0.0956521 -0.0995293 0.003342599 60544641 0.05827132 -0.09283919 0.2663921
0.09781452 -0.09842631 0.003370747 60764844 0.0600248 -0.09204045 0.2651246
0.1005739 -0.09704291 0.003930405 61015066 0.06198743 -0.09112838 0.2637325
0.1057391 -0.09403393 0.004168555 61215254 0.06576952 -0.08895132 0.2605453
0.1084256 -0.09212546 0.004015818 61445454 0.0676621 -0.0875285 0.2586637
0.1144471 -0.08779986 0.003980443 61685659 0.07166862 -0.0844892 0.2544625
0.1173218 -0.08546783 0.003860325 62025978 0.07340012 -0.08277339 0.2523023
0.1228227 -0.08058462 0.003024042 62366285 0.07695165 -0.07887822 0.2478374
0.1283082 -0.07536204 0.002117038 62556445 0.08018169 -0.07466057 0.2432028
0.1309852 -0.07259753 0.001605123 62796673 0.08174229 -0.07236332 0.2408842
0.1360217 -0.06632299 0.0005417317 63136985 0.08457616 -0.0674327 0.2364239
0.1408518 -0.05978576 -0.0005739331 63477280 0.08724415 -0.06220853 0.232062
0.1447382 -0.05332414 -0.001947656 63787556 0.08933562 -0.05711853 0.2283228
0.1478388 -0.04698528 -0.003384113 64137884 0.09122775 -0.05232712 0.2252394
0.1510023 -0.04101921 -0.003389299 64458177 0.09308428 -0.04794985 0.2226361
0.1541168 -0.03569035 -0.002540499 64808481 0.0951347 -0.04377734 0.2204206
0.1559875 -0.03041564 -0.002550304 65138775 0.09690547 -0.03983011 0.2189614
0.1577697 -0.02471603 -0.001384035 65479098 0.09878132 -0.03603076 0.2179421
0.1590299 -0.01868242 9.590387E-05 65809392 0.1003145 -0.03230571 0.217356
0.1601719 -0.01276408 0.002041951 66149687 0.1019446 -0.02826476 0.2170317
0.1607765 -0.007356164 0.003413245 66500020 0.1029334 -0.0248481 0.2168359
0.1610163 -0.002392475 0.004064873 66820309 0.1035921 -0.02155795 0.2167092
0.1601927 0.002141478 0.003660664 67150590 0.1033713 -0.01858874 0.2171233
0.1582953 0.007025899 0.003043428 67470879 0.1027104 -0.0157335 0.2183376
0.15481 0.01271769 0.003237352 67861240 0.1012517 -0.01318651 0.2209329
0.1492213 0.01988865 0.005594641 68151490 0.09948748 -0.01047304 0.2258621
0.1400044 0.02703374 0.01010738 68491813 0.09741393 -0.006825082 0.2352175
