0.1526644 -0.004816269 0.0009912848 0 0.01026325 -0.02697022 0.159525
0.1526644 -0.004816269 0.0009912848 120088 0.01026325 -0.02697022 0.159525
0.1529097 -0.004440626 0.000686422 230192 0.01029964 -0.02698682 0.1592813
0.1531033 -0.003855009 0.0003003776 340287 0.01026984 -0.02692861 0.1590422
0.1531033 -0.003855009 0.0003003776 450403 0.01026984 -0.02692861 0.1590422
0.1533526 -0.003105979 -0.0001651347 580504 0.01025881 -0.02683992 0.1587561
0.1535601 -0.00250706 -0.0004892498 670585 0.0102701 -0.0268379 0.1584834
0.1535601 -0.00250706 -0.0004892498 790702 0.0102701 -0.0268379 0.1584834
0.1537371 -0.001671133 -0.0009008348 900805 0.01022215 -0.02675597 0.1581824
0.153801 -0.0008207135 -0.001118675 1010904 0.01016152 -0.02649225 0.1579526
0.153801 -0.0008207135 -0.001118675 1121004 0.01016152 -0.02649225 0.1579526
0.153792 0.0004634407 -0.001525998 1231111 0.01001163 -0.02602063 0.1577714
0.1537418 0.001700918 -0.001946673 1341211 0.009813875 -0.02567468 0.1575587
0.1537418 0.001700918 -0.001946673 1461311 0.009813875 -0.02567468 0.1575587
0.1536797 0.002811454 -0.002326205 1571398 0.009631366 -0.02545954 0.1573468
0.1536624 0.004240132 -0.002894208 1681510 0.009440482 -0.02521591 0.1570756
0.1536624 0.004240132 -0.002894208 1791613 0.009440482 -0.02521591 0.1570756
0.1535417 0.005921015 -0.003039896 1901708 0.009419709 -0.02494626 0.1568041
0.1533153 0.007535435 -0.003487423 2021821 0.009176582 -0.02449248 0.1566798
0.1533153 0.007535435 -0.003487423 2131904 0.009176582 -0.02449248 0.1566798
0.1529428 0.009399101 -0.003850147 2262029 0.008892328 -0.02393089 0.1565896
0.1526465 0.01122607 -0.004334196 2352115 0.008609772 -0.02348535 0.156416
0.1526465 0.01122607 -0.004334196 2462206 0.008609772 -0.02348535 0.156416
0.1523544 0.0131663 -0.004794732 2602333 0.008374333 -0.02308695 0.1561936
0.1520581 0.01562852 -0.00540933 2692414 0.008189097 -0.02256019 0.155964
0.1520581 0.01562852 -0.00540933 2802513 0.008189097 -0.02256019 0.155964
0.1515252 0.01822479 -0.005947024 2912633 0.007895738 -0.02202914 0.155782
0.1509406 0.02093056 -0.006498218 3022708 0.007602483 -0.02138255 0.1556533
0.1509406 0.02093056 -0.006498218 3142832 0.007602483 -0.02138255 0.1556533
0.1502887 0.02373614 -0.007097721 3252916 0.007223517 -0.02061395 0.1555091
0.1495434 0.02635243 -0.007515371 3363031 0.006768212 -0.01973267 0.1553817
0.1495434 0.02635243 -0.007515371 3473114 0.006768212 -0.01973267 0.1553817
0.1484486 0.02930542 -0.007343903 3583226 0.006348372 -0.01859007 0.1553086
0.1473243 0.03205388 -0.007380426 3703322 0.005780682 -0.01732675 0.1553941
0.145721 0.03503816 -0.007220685 3813425 0.005131334 -0.01607795 0.1557774
0.145721 0.03503816 -0.007220685 3923533 0.005131334 -0.01607795 0.1557774
0.1442309 0.03778091 -0.00702624 4033628 0.004566759 -0.01495586 0.1561144
0.1426758 0.04050128 -0.00680843 4143719 0.003990471 -0.01373805 0.1565764
0.1426758 0.04050128 -0.00680843 4273991 0.003990471 -0.01373805 0.1565764
0.1410694 0.04292577 -0.006339103 4363930 0.003545672 -0.0127183 0.1571499
0.1392524 0.04543544 -0.005835608 4484027 0.00301075 -0.01167015 0.157838
0.1392524 0.04543544 -0.005835608 4594134 0.00301075 -0.01167015 0.157838
0.137304 0.04751509 -0.005139053 4714234 0.002407447 -0.01076345 0.158664
0.135228 0.05035083 -0.004647925 4814341 0.001836121 -0.009592216 0.1595532
0.135228 0.05035083 -0.004647925 4924436 0.001836121 -0.009592216 0.1595532
0.1332659 0.05255806 -0.003745198 5044549 0.001375973 -0.008510361 0.1604615
0.1312912 0.0547207 -0.002906054 5154640 0.0008869767 -0.007524321 0.1613438
0.1312912 0.0547207 -0.002906054 5264743 0.0008869767 -0.007524321 0.1613438
0.1292544 0.05705091 -0.002195343 5374830 0.0003444403 -0.006494711 0.1622448
0.1270273 0.05936503 -0.001222163 5494939 -0.0002080798 -0.005481998 0.1631859
0.1270273 0.05936503 -0.001222163 5625064 -0.0002080798 -0.005481998 0.1631859
0.1249457 0.06136285 -0.0002089292 5715138 -0.0007316768 -0.004487405 0.1641452
0.1225513 0.06370992 0.0008643568 5825237 -0.001409799 -0.003264883 0.1652253
0.1225513 0.06370992 0.0008643568 5956153 -0.001409799 -0.003264883 0.1652253
0.1205906 0.06499058 0.002087772 6045436 -0.002010256 -0.002250949 0.1663926
0.1182708 0.06689402 0.003298044 6165544 -0.002635837 -0.001201668 0.1675851
0.1182708 0.06689402 0.003298044 6285656 -0.002635837 -0.001201668 0.1675851
0.1162022 0.06830138 0.004477382 6385755 -0.003241062 -0.0002732364 0.1688019
0.1139716 0.06982245 0.005617827 6495858 -0.003934383 0.000678948 0.1701503
0.1139716 0.06982245 0.005617827 6605954 -0.003934383 0.000678948 0.1701503
0.1116452 0.07117774 0.006898507 6726054 -0.004697591 0.001555822 0.1715453
0.1094616 0.07249171 0.007941216 6826140 -0.005422324 0.002299241 0.1729013
0.1094616 0.07249171 0.007941216 6946253 -0.005422324 0.002299241 0.1729013
0.1070545 0.07386938 0.009188652 7056356 -0.006250054 0.003116868 0.1743279
0.1050253 0.07496352 0.01005755 7166463 -0.007105589 0.003908149 0.1757259
0.1050253 0.07496352 0.01005755 7276547 -0.007105589 0.003908149 0.1757259
0.1030192 0.07613187 0.01100786 7396659 -0.007889301 0.004739277 0.1770801
0.1008894 0.07735025 0.01199573 7506762 -0.008770168 0.005568467 0.1784128
0.1008894 0.07735025 0.01199573 7616862 -0.008770168 0.005568467 0.1784128
0.09888912 0.07843075 0.01259959 7726953 -0.009788215 0.006251328 0.1796705
0.0966538 0.07987812 0.01332897 7837052 -0.01086044 0.007109009 0.1808839
0.0966538 0.07987812 0.01332897 7957165 -0.01086044 0.007109009 0.1808839
0.09462152 0.08109361 0.01371646 8067260 -0.01206842 0.0079019 0.182068
0.09242006 0.08249838 0.01418465 8177364 -0.01335639 0.008783452 0.1832071
0.09242006 0.08249838 0.01418465 8287459 -0.01335639 0.008783452 0.1832071
0.09050066 0.08376823 0.01437333 8397570 -0.01462403 0.009629899 0.1842428
0.08834922 0.08512297 0.01475738 8507674 -0.01594454 0.01045799 0.1853047
0.08834922 0.08512297 0.01475738 8617769 -0.01594454 0.01045799 0.1853047
0.08623809 0.08648333 0.01491416 8737873 -0.01736468 0.01126855 0.1863144
0.08421389 0.08770924 0.01510723 8847965 -0.01877353 0.01204404 0.1872639
0.08421389 0.08770924 0.01510723 8958076 -0.01877353 0.01204404 0.1872639
0.08208939 0.0891853 0.0150691 9068163 -0.02021661 0.01275858 0.1881137
0.07987633 0.0905349 0.01533955 9178275 -0.02159336 0.01341482 0.1890508
0.07987633 0.0905349 0.01533955 9298371 -0.02159336 0.01341482 0.1890508
0.07778581 0.09176595 0.01513612 9408491 -0.02318224 0.01396247 0.1898754
0.07573781 0.09274321 0.01540975 9518582 -0.02462119 0.01449376 0.1907368
0.07573781 0.09274321 0.01540975 9628685 -0.02462119 0.01449376 0.1907368
0.07414412 0.09322336 0.01527259 9748778 -0.02624857 0.01499801 0.1915238
0.07192405 0.09443412 0.01543576 9868886 -0.02781096 0.0156272 0.1924296
0.06992067 0.09540619 0.01523314 9958967 -0.02946588 0.01608458 0.1932111
0.06992067 0.09540619 0.01523314 10089085 -0.02946588 0.01608458 0.1932111
0.06763507 0.09664807 0.01524267 10209205 -0.03109595 0.01657321 0.1939755
0.06551648 0.09766029 0.01511416 10299291 -0.03275234 0.01694583 0.1946676
0.06551648 0.09766029 0.01511416 10419419 -0.03275234 0.01694583 0.1946676
0.06334537 0.09867777 0.0151512 10539507 -0.0343982 0.01738101 0.1953972
0.06123544 0.09961239 0.01511571 10639590 -0.03611165 0.01781991 0.1960845
0.06123544 0.09961239 0.01511571 10749693 -0.03611165 0.01781991 0.1960845
0.05912131 0.1006076 0.0150553 10879815 -0.03773785 0.01819631 0.1967322
0.05697172 0.1015498 0.01494384 10989906 -0.03947383 0.01856371 0.1973787
0.05697172 0.1015498 0.01494384 11079995 -0.03947383 0.01856371 0.1973787
0.05485838 0.1024136 0.01491971 11230131 -0.04112905 0.01885238 0.1979851
0.05276657 0.1033532 0.01480085 11320196 -0.04277426 0.01916465 0.1985317
0.05276657 0.1033532 0.01480085 11430295 -0.04277426 0.01916465 0.1985317
0.05071896 0.1041974 0.01466711 11550416 -0.04447412 0.01946505 0.1990287
0.04852617 0.1050427 0.01477084 11640493 -0.04620162 0.01980531 0.1996029
0.04852617 0.1050427 0.01477084 11760613 -0.04620162 0.01980531 0.1996029
0.04641168 0.1058658 0.01474316 11880702 -0.04791651 0.02011358 0.2001331
0.04400085 0.1068949 0.01467115 12010823 -0.0497385 0.02039694 0.2006863
0.04185408 0.1076916 0.01463787 12251036 -0.05152774 0.02074244 0.2012427
0.03957913 0.1085907 0.01476018 12461250 -0.05320886 0.02100807 0.2017054
0.0373956 0.10924 0.01485024 12691433 -0.05504352 0.02125593 0.2021877
0.03284023 0.1108672 0.01516342 12881625 -0.05861947 0.02192545 0.2031823
0.03059501 0.1117132 0.01537517 12991720 -0.06030327 0.02224048 0.2035695
0.03059501 0.1117132 0.01537517 13101820 -0.06030327 0.02224048 0.2035695
0.02861567 0.1124427 0.01527672 13221912 -0.06198055 0.02253162 0.2038978
0.02678478 0.1129284 0.01535377 13322022 -0.06349608 0.02265268 0.2041842
0.02678478 0.1129284 0.01535377 13442119 -0.06349608 0.02265268 0.2041842
0.02477577 0.113608 0.01547658 13542217 -0.06496933 0.02277177 0.2044075
0.02303521 0.1141271 0.01523237 13662326 -0.06654721 0.02290603 0.2046248
0.02303521 0.1141271 0.01523237 13772417 -0.06654721 0.02290603 0.2046248
0.0210139 0.1148022 0.0152481 13892533 -0.06806263 0.0229896 0.204777
0.01918302 0.1152592 0.01522163 13992628 -0.06951749 0.02295971 0.2049137
0.01918302 0.1152592 0.01522163 14102727 -0.06951749 0.02295971 0.2049137
0.01739952 0.115808 0.01481299 14242833 -0.07107866 0.02295228 0.20494
0.01547013 0.1162405 0.01472217 14332927 -0.07261992 0.02283704 0.2049927
0.01547013 0.1162405 0.01472217 14443034 -0.07261992 0.02283704 0.2049927
0.01331855 0.1169541 0.01456271 14573131 -0.07417405 0.02277821 0.2049567
0.01123026 0.1174065 0.01450102 14673238 -0.07586777 0.02271577 0.2050292
0.01123026 0.1174065 0.01450102 14783321 -0.07586777 0.02271577 0.2050292
0.009283007 0.1177889 0.01423897 14913446 -0.07759178 0.02261331 0.2049842
0.007084926 0.1183335 0.01392761 15003536 -0.07945567 0.0225532 0.2049015
0.007084926 0.1183335 0.01392761 15113635 -0.07945567 0.0225532 0.2049015
0.004906549 0.1187304 0.01347001 15243753 -0.08142766 0.02239766 0.2048336
0.002628178 0.1192101 0.01329893 15343843 -0.08326939 0.02220943 0.2045442
0.002628178 0.1192101 0.01329893 15453930 -0.08326939 0.02220943 0.2045442
0.0002197609 0.1197394 0.01235494 15574051 -0.08545223 0.02195617 0.2043484
-0.002068102 0.1201022 0.01195523 15684146 -0.08739042 0.02167546 0.204098
-0.002068102 0.1201022 0.01195523 15784236 -0.08739042 0.02167546 0.204098
-0.00453214 0.1204275 0.01125096 15914350 -0.08949116 0.02118399 0.2036982
-0.007011853 0.1205998 0.0107076 16014432 -0.09166777 0.02065434 0.2032457
-0.007011853 0.1205998 0.0107076 16144557 -0.09166777 0.02065434 0.2032457
-0.009549071 0.1209148 0.01031837 16254665 -0.09370875 0.02024504 0.2028714
-0.01195829 0.1209148 0.009740144 16384778 -0.09588248 0.01964431 0.2024449
-0.01477239 0.1210682 0.009132922 16604985 -0.09820265 0.01902303 0.2019986
-0.01747722 0.1210015 0.008777857 16845202 -0.1003914 0.0183106 0.2016328
-0.02015956 0.1207069 0.008417785 17055367 -0.1026164 0.01742395 0.2012333
-0.02577715 0.1200746 0.007967994 17275590 -0.1071259 0.01563751 0.2003599
-0.02861242 0.1197058 0.00771524 17495785 -0.1094158 0.01475408 0.1999484
-0.03157581 0.1192479 0.007634267 17725976 -0.111756 0.01381075 0.1995255
-0.03743827 0.1179491 0.007867947 17946191 -0.1161716 0.01160833 0.1987267
-0.04040452 0.1172071 0.007974178 18166394 -0.118414 0.01045387 0.1983021
-0.04336421 0.1163846 0.008083299 18406595 -0.1207072 0.009296203 0.1978951
-0.04918899 0.1143213 0.009026662 18616788 -0.1254255 0.007044577 0.1974243
-0.0520605 0.1131153 0.009536922 18867006 -0.1277785 0.005795025 0.1971968
-0.05758056 0.1103651 0.01099794 19057178 -0.1325778 0.0032857 0.1969066
-0.06044738 0.1089055 0.01182403 19297395 -0.1350314 0.001968526 0.1968079
-0.06313929 0.1074193 0.0127968 19507592 -0.1373727 0.0006515612 0.1966922
-0.06575751 0.1057531 0.01355749 19737796 -0.1397474 -0.0008203756 0.19659
-0.07089137 0.1027494 0.01477341 19968008 -0.1443298 -0.003534533 0.1961912
-0.07322268 0.101262 0.01545206 20198212 -0.1465366 -0.004811235 0.1959948
-0.07756969 0.0981169 0.01628308 20408409 -0.1503834 -0.007803955 0.1954842
-0.07967903 0.09645461 0.01638399 20658627 -0.1521927 -0.009477712 0.1950893
-0.08161049 0.09484344 0.01655497 20858820 -0.1537766 -0.01117776 0.1946213
-0.08553884 0.09168423 0.01593536 21089028 -0.1565232 -0.014819 0.1933103
-0.087024 0.09006356 0.01565148 21299221 -0.1577044 -0.01661132 0.1926589
-0.08879951 0.0884501 0.01511371 21529417 -0.1588894 -0.01847143 0.1919053
-0.09207585 0.085242 0.01418863 21749603 -0.16111 -0.02207131 0.1904737
-0.09355532 0.08367241 0.0137365 21979827 -0.1620049 -0.023886 0.1897401
-0.09487065 0.08194675 0.01283409 22200026 -0.1627806 -0.02580206 0.188998
-0.09735843 0.07858326 0.01120983 22420217 -0.1640784 -0.02963586 0.1873946
-0.09866936 0.07696888 0.01034769 22640415 -0.1646199 -0.03152488 0.1865324
-0.09978499 0.07537533 0.009704947 22870635 -0.1651092 -0.03338743 0.1857118
-0.1019569 0.07214676 0.00816372 23100835 -0.1659827 -0.03709472 0.1840149
-0.1030326 0.07058292 0.007377177 23321046 -0.1664512 -0.03883339 0.1831614
-0.104298 0.06900058 0.006606102 23561263 -0.1669701 -0.04059364 0.1822589
-0.1063548 0.06590548 0.004901767 23761577 -0.1677859 -0.04397727 0.1804367
-0.1074776 0.06430739 0.003986984 23981618 -0.1680441 -0.04579256 0.1794618
-0.1082275 0.06267618 0.003192857 24232107 -0.1682876 -0.04759584 0.1785379
-0.1106482 0.05922057 0.00173305 24442037 -0.1692898 -0.05113984 0.1767556
-0.1119735 0.05729827 0.0008359998 24662256 -0.1699011 -0.05295111 0.175839
-0.1135501 0.05547425 0.0002695173 24902453 -0.1706364 -0.05472849 0.1749084
-0.1167156 0.05153483 -0.001336023 25102633 -0.1720138 -0.05840362 0.1728705
-0.1181246 0.04953172 -0.001990721 25332853 -0.1726266 -0.06026338 0.1719666
-0.1194718 0.04732032 -0.003216863 25573058 -0.1731656 -0.06212737 0.1708949
-0.1230005 0.04282634 -0.005135268 25773255 -0.174211 -0.06616752 0.1686432
-0.1243466 0.04052624 -0.006045982 26003446 -0.1746233 -0.06823747 0.1675555
-0.1258185 0.03819554 -0.006956235 26223657 -0.1750975 -0.07023962 0.1664934
-0.1284061 0.03300322 -0.009009078 26443864 -0.1757407 -0.07455127 0.1645387
-0.1297275 0.03035168 -0.0102161 26684061 -0.1759239 -0.07665919 0.1635359
-0.1315138 0.0271589 -0.01166922 26894262 -0.176208 -0.07898651 0.1624478
-0.1343388 0.0217844 -0.0137489 27124478 -0.1767135 -0.08306538 0.1604928
-0.1357876 0.01881804 -0.01499335 27374692 -0.1769334 -0.08514525 0.1594817
-0.1389851 0.01303543 -0.01741764 27564872 -0.1772824 -0.08905493 0.1574481
-0.1403287 0.01043902 -0.01841024 27795071 -0.1774351 -0.09074944 0.1566358
-0.1417073 0.007230842 -0.01969546 28025275 -0.1776106 -0.09267752 0.1557481
-0.1433328 0.004278546 -0.02056998 28235817 -0.1779104 -0.09446978 0.1550191
-0.1456237 -0.002236693 -0.02248654 28465676 -0.1783868 -0.09825368 0.1538434
-0.1463862 -0.005588026 -0.02358142 28705885 -0.17847 -0.1001481 0.1532786
-0.1479951 -0.01260219 -0.02565661 28906074 -0.17846 -0.1040438 0.152406
-0.1483368 -0.016503 -0.02678825 29126281 -0.1783368 -0.1061355 0.1521504
-0.1487969 -0.01972392 -0.02739207 29366493 -0.178401 -0.1079894 0.1520197
-0.1497041 -0.02691623 -0.02868433 29586684 -0.178766 -0.111582 0.1520999
-0.1499907 -0.03056403 -0.02939765 29816888 -0.1788266 -0.1134526 0.1520723
-0.1505679 -0.03448539 -0.03005388 30047099 -0.1789274 -0.1154249 0.1520959
-0.1510771 -0.04200851 -0.03185708 30247292 -0.1787007 -0.1189597 0.1519056
-0.1518103 -0.04601325 -0.03282855 30477484 -0.1786423 -0.120817 0.1515327
-0.1523776 -0.05059136 -0.03410509 30717701 -0.1783782 -0.1228363 0.1511022
-0.1538521 -0.06098507 -0.03723907 30917877 -0.1773652 -0.1273225 0.1498013
-0.1544216 -0.06569045 -0.03868728 31138100 -0.176641 -0.1295081 0.1491306
-0.1551879 -0.07107993 -0.04007123 31398335 -0.1759818 -0.132023 0.148531
-0.1565345 -0.08240685 -0.04278803 31588486 -0.1748694 -0.1367898 0.1475709
-0.1567731 -0.08849424 -0.04400095 31838712 -0.1744445 -0.1393521 0.1473004
-0.1568606 -0.09392172 -0.04489813 32058927 -0.1740701 -0.1417295 0.1472595
-0.1557701 -0.104831 -0.04633421 32269109 -0.173342 -0.1467162 0.1477976
-0.1550114 -0.1100996 -0.04679012 32479311 -0.172961 -0.1492453 0.1484103
-0.1543673 -0.1151035 -0.0469913 32729516 -0.172833 -0.1517611 0.1490731
-0.1510201 -0.1239005 -0.04695177 32929697 -0.1724274 -0.1566095 0.151291
-0.1486948 -0.1284664 -0.04684745 33159921 -0.1722221 -0.1591173 0.1526963
-0.1467929 -0.132353 -0.04643976 33410284 -0.1722002 -0.1615674 0.1541005
-0.1406557 -0.1389801 -0.04518709 33600318 -0.1719194 -0.1664642 0.1577638
-0.137502 -0.1422017 -0.04442006 33830526 -0.1717097 -0.1690826 0.1597251
-0.1343705 -0.1456777 -0.04376262 34070726 -0.1712634 -0.1716048 0.1618502
-0.1274635 -0.1518805 -0.04206113 34270915 -0.1701861 -0.1771474 0.166239
-0.1232616 -0.1546558 -0.04103752 34501139 -0.169441 -0.1799999 0.1687087
-0.119465 -0.1571729 -0.03988174 34741336 -0.1688053 -0.1827608 0.1711889
-0.1113333 -0.16101 -0.03687499 34941512 -0.1675956 -0.1882529 0.1766898
-0.1074363 -0.1621004 -0.03506391 35171732 -0.1670591 -0.1909092 0.1795065
-0.10322 -0.1629556 -0.03311408 35411949 -0.1663363 -0.1935877 0.1825112
-0.09615322 -0.1641452 -0.0290758 35612134 -0.1651792 -0.1985185 0.1884021
-0.09273766 -0.1642871 -0.02693646 35852346 -0.1646859 -0.2008136 0.1912344
-0.08925656 -0.1643474 -0.02477928 36092555 -0.1640754 -0.2030917 0.1940501
-0.08280336 -0.1652335 -0.02071428 36282731 -0.162508 -0.2077905 0.1996781
-0.0794641 -0.1655424 -0.01873185 36512930 -0.1615531 -0.2099436 0.2024089
-0.07616484 -0.1659158 -0.01690358 36753151 -0.1604502 -0.2120793 0.2049037
-0.06949772 -0.1680766 -0.01384865 36953344 -0.1579648 -0.2160669 0.2096336
-0.06668115 -0.1690606 -0.01258723 37183536 -0.1567056 -0.2177646 0.2116959
-0.0602923 -0.1714523 -0.01050325 37423752 -0.153555 -0.220798 0.2153817
-0.05688535 -0.17306 -0.00963062 37623949 -0.1517779 -0.2222422 0.2171016
-0.05348567 -0.1746531 -0.008719429 37854157 -0.1498631 -0.2238634 0.2188054
-0.04703758 -0.1774226 -0.007070571 38094358 -0.1459688 -0.2267228 0.2218064
-0.04370962 -0.1785845 -0.006244227 38304555 -0.1438453 -0.2279349 0.2232608
-0.04043202 -0.1796976 -0.005448982 38634861 -0.1417508 -0.2291265 0.2245106
-0.03387141 -0.1817342 -0.004084274 38855064 -0.1374824 -0.2309173 0.2265285
-0.03067499 -0.1821826 -0.003388718 39075259 -0.1353785 -0.2314145 0.2273112
-0.02515675 -0.1838484 -0.003471717 39325468 -0.1312405 -0.2314039 0.2276357
-0.02242855 -0.1842506 -0.003687054 39645778 -0.1291971 -0.2309582 0.2273651
-0.01713934 -0.18729 -0.005364686 39895983 -0.1250781 -0.2295296 0.226225
-0.0114967 -0.1907576 -0.007783905 40086317 -0.1203762 -0.2276504 0.2244212
-0.008024411 -0.1923087 -0.008620113 40326368 -0.1177561 -0.2268472 0.2235167
-0.004285558 -0.1934365 -0.009158432 40566601 -0.1149594 -0.2260591 0.2227383
0.003010517 -0.1961258 -0.01034814 40766777 -0.1092514 -0.22479 0.2212179
0.006886978 -0.1968261 -0.01082011 40986984 -0.1061768 -0.2239566 0.2203503
0.01023089 -0.198843 -0.01211347 41217192 -0.1034312 -0.2229313 0.2191322
0.01784974 -0.2007987 -0.01387176 41447391 -0.09767741 -0.2202615 0.2163211
0.02175705 -0.2015458 -0.01493369 41667594 -0.09470037 -0.2186082 0.2146762
0.02590151 -0.2012363 -0.01560083 41897794 -0.09155267 -0.2168149 0.2130907
0.03419415 -0.2026374 -0.01767173 42097987 -0.08529192 -0.2134047 0.2096228
0.03824628 -0.2031085 -0.01873638 42338187 -0.0823077 -0.21166 0.207722
0.04242014 -0.2028695 -0.01936041 42548393 -0.07931197 -0.2097981 0.2059596
0.05066374 -0.2029354 -0.02076095 42768588 -0.07345784 -0.2063903 0.202286
0.05472732 -0.2029205 -0.02133837 43018810 -0.07057881 -0.2048649 0.2005095
0.06267342 -0.2027915 -0.02267143 43239024 -0.06510827 -0.2016075 0.1967288
0.06659794 -0.2016743 -0.02282161 43459219 -0.06248236 -0.1997065 0.19494
0.07046396 -0.2000195 -0.02258579 43669401 -0.05979199 -0.1978912 0.1933914
0.07432151 -0.1986563 -0.02252875 43889603 -0.05702681 -0.1963285 0.1918125
0.08151496 -0.196077 -0.02249923 44109794 -0.05175433 -0.1933396 0.1889701
0.08500497 -0.1927771 -0.0216413 44360016 -0.0491187 -0.1914712 0.1876267
0.09144374 -0.186859 -0.02082722 44560197 -0.04431891 -0.1870664 0.1849191
0.09444517 -0.183948 -0.02019684 44800417 -0.04200208 -0.1850046 0.1837695
0.09741654 -0.1812068 -0.01999806 45020620 -0.03979608 -0.182763 0.1824413
0.1030851 -0.1740031 -0.01842393 45240823 -0.03533342 -0.178352 0.1799527
0.10611 -0.1707613 -0.01793864 45451013 -0.03305677 -0.1761542 0.1784438
0.1092239 -0.1679999 -0.01768561 45671215 -0.03072912 -0.1741014 0.1769193
0.1123419 -0.1650101 -0.01737271 45901419 -0.02837321 -0.172085 0.1753467
0.1188024 -0.1597369 -0.01676273 46141640 -0.02375153 -0.1675781 0.1720406
0.1218757 -0.157009 -0.01624402 46341804 -0.02146989 -0.1654098 0.1705149
0.1281278 -0.1518048 -0.0159177 46582017 -0.01712915 -0.1610551 0.1670876
0.1312535 -0.1492265 -0.01615366 46812225 -0.01500386 -0.1589888 0.1653791
0.1340711 -0.1463063 -0.01563673 47022427 -0.01292348 -0.1570337 0.1638077
0.1366626 -0.1433437 -0.01520893 47242629 -0.01103824 -0.1550386 0.1622997
0.1417847 -0.1375653 -0.01503807 47482846 -0.007555426 -0.15106 0.1591728
0.1435734 -0.1345579 -0.01394241 47693032 -0.006047488 -0.1491557 0.1580473
0.1474364 -0.1288272 -0.01332912 47933249 -0.003271669 -0.1453507 0.1555682
0.1488083 -0.1254031 -0.01261033 48273543 -0.001909673 -0.1436759 0.1547061
0.1517524 -0.1197411 -0.01163615 48493754 0.0006340295 -0.140278 0.1529414
0.1526978 -0.1165064 -0.01056851 48703948 0.001841873 -0.1385797 0.1523349
0.1545141 -0.110631 -0.009227708 48924151 0.003987506 -0.1354421 0.1512169
0.155204 -0.1080729 -0.008439124 49184370 0.004940823 -0.1338776 0.1508682
0.1560418 -0.1048725 -0.007929057 49364532 0.005993709 -0.1323037 0.1503014
0.1574263 -0.1000892 -0.006650239 49594736 0.007787511 -0.129266 0.1495671
0.1581992 -0.09790161 -0.006299362 49834969 0.008622035 -0.1277582 0.1491923
0.1587037 -0.09530337 -0.00564155 50045154 0.009495959 -0.126265 0.1489357
0.1595579 -0.09029003 -0.005270809 50255348 0.01056521 -0.1230617 0.1482676
0.1599805 -0.08838276 -0.005338937 50515575 0.01090659 -0.1215678 0.1480005
0.1602395 -0.08628782 -0.005263537 50725760 0.0112434 -0.1201011 0.1477991
0.1602695 -0.08235861 -0.005247846 50935966 0.01156566 -0.1172109 0.1477963
0.1598812 -0.08017966 -0.005371287 51166170 0.01144719 -0.1157588 0.1479675
0.159295 -0.07799559 -0.005049929 51406371 0.0114761 -0.1144914 0.148322
0.1584955 -0.07432491 -0.005342439 51606555 0.01119494 -0.1118998 0.1488225
0.1578131 -0.07225224 -0.005361214 51826754 0.01094589 -0.1105572 0.1491756
0.156984 -0.07005781 -0.005390927 52086989 0.01063763 -0.1092288 0.1495994
0.1550047 -0.06604506 -0.005265355 52267164 0.009856179 -0.1066651 0.1507459
0.1539579 -0.06399787 -0.005152687 52507368 0.009518445 -0.105553 0.1513417
0.152969 -0.06194066 -0.005211234 52737588 0.009197921 -0.1044193 0.1519697
0.1509018 -0.05838653 -0.005075604 52947778 0.008415222 -0.102264 0.1532629
0.1498381 -0.05598232 -0.004980668 53167977 0.00814791 -0.1010036 0.1538667
0.1488392 -0.05408921 -0.004873812 53408193 0.007726595 -0.09970771 0.1544502
0.1471591 -0.05061383 -0.004625857 53618367 0.007120758 -0.09733545 0.1555048
0.146376 -0.04893585 -0.004550204 53838582 0.006839693 -0.09620129 0.1560007
0.1456951 -0.04720849 -0.004378974 54088799 0.006668196 -0.09509341 0.1563963
0.1445558 -0.0440031 -0.0042153 54278979 0.006349847 -0.09292855 0.1570701
0.1439689 -0.04199895 -0.00418216 54529189 0.006230488 -0.09155276 0.1574555
0.1429692 -0.03892253 -0.003670707 54849490 0.006093204 -0.08941688 0.1580537
0.1426908 -0.03733044 -0.003431812 55069685 0.006222755 -0.08836558 0.1582473
0.1422706 -0.03449432 -0.00297527 55289879 0.006440744 -0.0861098 0.1587021
0.1420216 -0.03309622 -0.002608299 55650204 0.006594151 -0.08516766 0.1588605
0.1419618 -0.03067907 -0.001846492 56000525 0.007171765 -0.08321263 0.1591676
0.1424646 -0.02819951 -0.001524702 56320806 0.007995352 -0.08130513 0.1590356
0.1435913 -0.0262653 -0.00132753 56520998 0.008902878 -0.07928605 0.1585057
0.1442136 -0.02522817 -0.0009882897 56771228 0.009467334 -0.07828127 0.1581088
0.1460198 -0.02345548 -0.001479074 57111531 0.0104513 -0.07632522 0.1570143
0.1474033 -0.02092378 -0.001625687 57321717 0.01134959 -0.07431905 0.1557767
0.1484048 -0.02016053 -0.00183253 57531915 0.01180694 -0.07329343 0.155136
0.1497746 -0.01774286 -0.002174094 57782136 0.01255746 -0.07125108 0.1539642
0.1505015 -0.01708215 -0.002163798 57972312 0.01293221 -0.07037254 0.1534961
0.150995 -0.0156843 -0.00216192 58212521 0.01331581 -0.06938018 0.1529723
0.1519735 -0.01391213 -0.001996651 58462747 0.0139534 -0.06755747 0.1522737
0.1525288 -0.01311939 -0.00192903 58773035 0.01429135 -0.06660356 0.1519589
0.1530897 -0.01093263 -0.001779288 58983224 0.0148899 -0.06500129 0.1514264
0.1536061 -0.01014108 -0.001891851 59233434 0.01513268 -0.06409873 0.1511243
0.1544891 -0.008167182 -0.002036899 59573741 0.01569214 -0.06236781 0.1504787
0.1550263 -0.005958733 -0.002271459 59894046 0.01599638 -0.06059121 0.1499353
0.1555299 -0.004121899 -0.002435654 60234337 0.01625773 -0.05902083 0.1494546
0.1557282 -0.001889669 -0.002476081 60434534 0.01652186 -0.05736811 0.1491471
0.155716 -0.0005369762 -0.002842024 60664742 0.01648812 -0.0565194 0.1490301
0.155799 0.0006265871 -0.002895802 60934978 0.01652925 -0.05546696 0.1489301
0.155969 0.002463024 -0.002908766 61235257 0.01661612 -0.05370439 0.1487651
0.1558591 0.004387656 -0.003047481 61445450 0.01648229 -0.05198388 0.1487152
0.1558387 0.005397266 -0.003276527 61675650 0.01645507 -0.05132679 0.1486319
0.1560203 0.00581794 -0.003274277 62005940 0.01649424 -0.05075081 0.1485252
0.1563442 0.00658432 -0.00341396 62346243 0.01649146 -0.04998054 0.1481193
0.1567748 0.007400699 -0.003759503 62586460 0.01637624 -0.04900835 0.147666
0.1567272 0.007794825 -0.003950357 62916774 0.01604757 -0.04837681 0.147584
0.1556993 0.007245306 -0.003299072 63287092 0.01547708 -0.04842199 0.1481842
0.1534341 0.005497066 -0.002066106 63587383 0.0142739 -0.04919307 0.1497076
0.1500609 0.003736225 -0.00102891 63927695 0.01222929 -0.05031396 0.1517255
