0.1454421 0.001290169 0.004632367 0 0.07603993 -0.003056798 0.1290136
0.1458151 0.001294937 0.004337339 110095 0.07630476 -0.003183041 0.1286535
0.1462893 0.001266923 0.00408685 230212 0.07662433 -0.003228936 0.1283158
0.1462893 0.001266923 0.00408685 340315 0.07662433 -0.003228936 0.1283158
0.1469107 0.001307216 0.003870262 450415 0.07708543 -0.003272924 0.1280061
0.1475867 0.001550402 0.003694756 560514 0.07763249 -0.003324184 0.1277467
0.1475867 0.001550402 0.003694756 670613 0.07763249 -0.003324184 0.1277467
0.1483745 0.001940217 0.003608731 780701 0.07825378 -0.003398094 0.1275475
0.14897 0.002609577 0.003509013 900809 0.07878282 -0.003352318 0.1273818
0.14897 0.002609577 0.003509013 1030939 0.07878282 -0.003352318 0.1273818
0.1495325 0.003307786 0.003460092 1121020 0.07923534 -0.00323883 0.127241
0.1499903 0.004232731 0.003396583 1241120 0.07963771 -0.003003988 0.1271075
0.1499903 0.004232731 0.003396583 1361224 0.07963771 -0.003003988 0.1271075
0.1505302 0.005361165 0.003414778 1451306 0.08005363 -0.002638493 0.127008
0.1510415 0.006514515 0.003375349 1571414 0.08044153 -0.002274189 0.1268446
0.1510415 0.006514515 0.003375349 1681513 0.08044153 -0.002274189 0.1268446
0.1515715 0.008048858 0.003360731 1791629 0.08082499 -0.001649294 0.1266779
0.1518782 0.009658899 0.003358689 1901712 0.08109488 -0.0009731388 0.1265777
0.1518782 0.009658899 0.003358689 2021833 0.08109488 -0.0009731388 0.1265777
0.1521713 0.01127252 0.003411976 2131936 0.08132761 -0.0002769566 0.1265136
0.1523629 0.01303121 0.003423137 2242036 0.0815238 0.0004697704 0.1264283
0.1523629 0.01303121 0.003423137 2352127 0.0815238 0.0004697704 0.1264283
0.1524349 0.01503667 0.003451837 2472227 0.08166161 0.001368132 0.1263768
0.152428 0.01678284 0.003382621 2582326 0.08177945 0.002201404 0.1262745
0.152428 0.01678284 0.003382621 2692426 0.08177945 0.002201404 0.1262745
0.1522844 0.01850864 0.003268925 2802537 0.08185502 0.003085461 0.1261838
0.151938 0.02038952 0.003166256 2912624 0.08183104 0.003894653 0.1261263
0.151938 0.02038952 0.003166256 3022728 0.08183104 0.003894653 0.1261263
0.151636 0.02228471 0.003120346 3132823 0.08170938 0.004796591 0.1260458
0.1513902 0.02395614 0.003037659 3272966 0.08154302 0.005724277 0.1259002
0.1508849 0.02563569 0.002909315 3363043 0.0813216 0.006563272 0.1258053
0.1508849 0.02563569 0.002909315 3473147 0.0813216 0.006563272 0.1258053
0.1504656 0.02729222 0.002843408 3583234 0.08105373 0.007394876 0.1256942
0.1504656 0.02729222 0.002843408 3693349 0.08105373 0.007394876 0.1256942
0.1499306 0.02897033 0.002725793 3803428 0.08077922 0.008250799 0.1255876
0.1498762 0.03000268 0.002262292 3923549 0.08086124 0.008690324 0.1250994
0.1498762 0.03000268 0.002262292 4033636 0.08086124 0.008690324 0.1250994
0.1493249 0.03182777 0.002275361 4143748 0.08051595 0.009531821 0.1250535
0.1487764 0.03393551 0.002481459 4273853 0.08014518 0.01049885 0.1251465
0.1480371 0.03581198 0.002525387 4363942 0.07977035 0.01130482 0.1251847
0.1480371 0.03581198 0.002525387 4484047 0.07977035 0.01130482 0.1251847
0.1473035 0.03800663 0.002683325 4594158 0.07936399 0.01224348 0.1252668
0.14665 0.04038926 0.003036319 4704245 0.07895374 0.0133588 0.1254815
0.14665 0.04038926 0.003036319 4814345 0.07895374 0.0133588 0.1254815
0.1457919 0.04248699 0.003292961 4934473 0.07845834 0.01430425 0.1256783
0.1450548 0.04463001 0.003635912 5034564 0.07802161 0.01534137 0.1259264
0.1450548 0.04463001 0.003635912 5154648 0.07802161 0.01534137 0.1259264
0.1441232 0.04726573 0.004095344 5264751 0.0775353 0.01663729 0.1263009
0.1430203 0.04985472 0.004456087 5384855 0.07696315 0.01775965 0.1265733
0.1430203 0.04985472 0.004456087 5484950 0.07696315 0.01775965 0.1265733
0.141889 0.05214128 0.004758342 5615075 0.07638233 0.01883503 0.1268477
0.1407205 0.05481132 0.005329697 5715154 0.07566117 0.02015408 0.1272822
0.1407205 0.05481132 0.005329697 5825253 0.07566117 0.02015408 0.1272822
0.1397667 0.05735465 0.005973427 5945373 0.07498863 0.02144917 0.1277143
0.1384576 0.05996533 0.00648558 6045456 0.0743053 0.0227352 0.12816
0.1384576 0.05996533 0.00648558 6155555 0.0743053 0.0227352 0.12816
0.1372192 0.06264373 0.00716032 6265658 0.07363342 0.02399882 0.1286909
0.1361107 0.06539007 0.007936998 6385759 0.07301321 0.02535805 0.1292728
0.1361107 0.06539007 0.007936998 6495862 0.07301321 0.02535805 0.1292728
0.1348901 0.06794187 0.008589431 6605962 0.07234585 0.02662441 0.1297807
0.13368 0.07041319 0.00938244 6716069 0.07154991 0.02794489 0.1303888
0.13368 0.07041319 0.00938244 6836169 0.07154991 0.02794489 0.1303888
0.132337 0.07303222 0.01027845 6936260 0.07073619 0.02931782 0.1311116
0.1310756 0.07578523 0.0114396 7056364 0.06988111 0.03061184 0.1319421
0.1310756 0.07578523 0.0114396 7166475 0.06988111 0.03061184 0.1319421
0.1296066 0.07842036 0.0124992 7276579 0.06902513 0.03185412 0.132781
0.1287936 0.08106252 0.01394007 7396679 0.06805607 0.03324803 0.1336521
0.1287936 0.08106252 0.01394007 7496761 0.06805607 0.03324803 0.1336521
0.1265726 0.08369585 0.01456049 7636892 0.06723341 0.03437098 0.134361
0.1243672 0.0864944 0.0154011 7726973 0.06629171 0.03560289 0.1351656
0.1243672 0.0864944 0.0154011 7837077 0.06629171 0.03560289 0.1351656
0.122792 0.08921965 0.0165665 7957189 0.06521833 0.03707346 0.1360332
0.121313 0.09155401 0.01760891 8067276 0.06407312 0.03847989 0.1368271
0.121313 0.09155401 0.01760891 8177384 0.06407312 0.03847989 0.1368271
0.1195622 0.09403463 0.01859808 8287487 0.06282064 0.03996333 0.1376062
0.1177066 0.09662791 0.01954545 8397574 0.06154146 0.04152354 0.138353
0.1177066 0.09662791 0.01954545 8517691 0.06154146 0.04152354 0.138353
0.1158283 0.09882601 0.02032486 8637803 0.06014806 0.04299279 0.1390203
0.1140857 0.1011191 0.02109648 8737881 0.05874866 0.04465576 0.1396542
0.1140857 0.1011191 0.02109648 8847993 0.05874866 0.04465576 0.1396542
0.1118878 0.1033643 0.02177988 8968093 0.05715683 0.04621824 0.1402919
0.1099632 0.1059019 0.02276327 9068179 0.05554718 0.04780838 0.1409592
0.1099632 0.1059019 0.02276327 9178279 0.05554718 0.04780838 0.1409592
0.1076746 0.1082422 0.02352338 9288378 0.0538412 0.04931649 0.141574
0.105474 0.1106976 0.02448116 9398478 0.05206156 0.05085954 0.1422639
0.105474 0.1106976 0.02448116 9518586 0.05206156 0.05085954 0.1422639
0.1031323 0.1130483 0.02535394 9638698 0.05022428 0.05233916 0.1429184
0.1007129 0.1154753 0.02620304 9738789 0.04827276 0.053943 0.143549
0.1007129 0.1154753 0.02620304 9858901 0.04827276 0.053943 0.143549
0.09670932 0.1171805 0.0262779 9968992 0.04623789 0.05535468 0.1443306
0.09430081 0.119534 0.02716343 10079100 0.044274 0.05688747 0.1449725
0.09430081 0.119534 0.02716343 10189195 0.044274 0.05688747 0.1449725
0.09135304 0.1217566 0.02788466 10309308 0.04223857 0.05832227 0.1456561
0.08853327 0.1239246 0.02867914 10419415 0.04004759 0.05975017 0.14631
0.08853327 0.1239246 0.02867914 10519505 0.04004759 0.05975017 0.14631
0.08585548 0.1259503 0.02952746 10639598 0.03799057 0.06106802 0.1470242
0.08288224 0.1281062 0.03037388 10739696 0.03591445 0.06237062 0.1477583
0.08288224 0.1281062 0.03037388 10859812 0.03591445 0.06237062 0.1477583
0.08001601 0.1300425 0.03111761 10979913 0.03383187 0.06360146 0.1484158
0.07709855 0.1320964 0.03193367 11090020 0.03179393 0.06479987 0.1490871
0.07709855 0.1320964 0.03193367 11220134 0.03179393 0.06479987 0.1490871
0.07413006 0.1340011 0.03263352 11310215 0.02965713 0.06603607 0.1497197
0.07106295 0.1361578 0.03342288 11420314 0.02743626 0.06740531 0.1503675
0.06786115 0.1382987 0.03414198 11550436 0.0251171 0.06883391 0.1509916
0.06786115 0.1382987 0.03414198 11640517 0.0251171 0.06883391 0.1509916
0.0647414 0.1401473 0.03468223 11750608 0.02276299 0.0702103 0.1515278
0.06145411 0.1423499 0.03540016 11890731 0.02050058 0.07164558 0.1521475
0.06145411 0.1423499 0.03540016 11980808 0.02050058 0.07164558 0.1521475
0.05833076 0.1442172 0.03594336 12100916 0.01820034 0.07292017 0.1526161
0.0549357 0.1461087 0.03654357 12221085 0.01585162 0.07417091 0.1531782
0.0549357 0.1461087 0.03654357 12321131 0.01585162 0.07417091 0.1531782
0.05172494 0.1478177 0.03701016 12421217 0.01345412 0.07545456 0.1536513
0.05172494 0.1478177 0.03701016 12561332 0.01345412 0.07545456 0.1536513
0.04829102 0.1494644 0.03746301 12651429 0.01101009 0.07664152 0.1541386
0.04505011 0.1510324 0.03794122 12771538 0.008605546 0.07774743 0.1545918
0.04140248 0.152312 0.03831841 12891634 0.006062068 0.07864853 0.1550703
0.04140248 0.152312 0.03831841 13001737 0.006062068 0.07864853 0.1550703
0.03787825 0.1535147 0.03868189 13101836 0.003463216 0.07953366 0.1555094
0.03423183 0.1547547 0.03909492 13231949 0.0007790404 0.08038457 0.1559549
0.03423183 0.1547547 0.03909492 13332031 0.0007790404 0.08038457 0.1559549
0.03068957 0.1556942 0.03933137 13462145 -0.00193458 0.08111592 0.1562928
0.02681955 0.1565261 0.03952676 13662325 -0.004708103 0.0817159 0.1566408
0.02296024 0.1570711 0.03955598 13812473 -0.007503381 0.08219536 0.1569095
0.01856869 0.1584906 0.03994706 14032676 -0.01040872 0.08285446 0.1571892
0.01455128 0.1589993 0.04009603 14272893 -0.01338818 0.08318158 0.1574728
0.00659594 0.1599754 0.04022196 14473073 -0.01944806 0.08378776 0.1577949
0.001820357 0.1602621 0.0403973 14703269 -0.02250423 0.08377048 0.1581411
-0.00197096 0.1604496 0.04027757 14953503 -0.02548041 0.08390244 0.1581507
-0.01081045 0.1604342 0.04029674 15143678 -0.03171347 0.08365615 0.1585103
-0.015242 0.1604468 0.04032318 15343851 -0.03498494 0.08357414 0.1586746
-0.01981692 0.1601917 0.04020785 15463967 -0.03826894 0.08337935 0.1588065
-0.02431281 0.1599732 0.0401982 15554049 -0.04155301 0.08309599 0.1589371
-0.02431281 0.1599732 0.0401982 15674153 -0.04155301 0.08309599 0.1589371
-0.02896641 0.1595372 0.04008785 15784256 -0.04487292 0.08272942 0.1590576
-0.03347356 0.1588569 0.03981444 15894344 -0.04813115 0.08222016 0.1590545
-0.03347356 0.1588569 0.03981444 16004455 -0.04813115 0.08222016 0.1590545
-0.03797838 0.1581372 0.03960433 16124547 -0.05135556 0.08167299 0.1591055
-0.04241464 0.15726 0.03931709 16234663 -0.05452807 0.08103999 0.1591087
-0.04241464 0.15726 0.03931709 16354755 -0.05452807 0.08103999 0.1591087
-0.04683686 0.1560679 0.03899591 16454853 -0.05763785 0.08023019 0.1591551
-0.05091194 0.1549137 0.03868643 16564965 -0.06067683 0.07939037 0.1591319
-0.05091194 0.1549137 0.03868643 16685057 -0.06067683 0.07939037 0.1591319
-0.05508472 0.1535686 0.03841236 16795165 -0.06374522 0.07841451 0.1591729
-0.05917494 0.1518702 0.03803886 16905256 -0.06667657 0.07724198 0.1592024
-0.05917494 0.1518702 0.03803886 17035381 -0.06667657 0.07724198 0.1592024
-0.06295253 0.1505601 0.03793285 17135476 -0.06950091 0.07619914 0.1593158
-0.06652305 0.1485748 0.03745751 17275586 -0.07217003 0.0748628 0.1592808
-0.0698742 0.1469545 0.03743451 17495789 -0.07459055 0.07358106 0.1595014
-0.07331838 0.1447384 0.03703833 17736018 -0.07693882 0.07202228 0.1595353
-0.07650058 0.1428117 0.03697978 17946216 -0.07922269 0.07056483 0.1597773
-0.08256315 0.1385942 0.03666966 18166398 -0.08366527 0.06748041 0.1601519
-0.08548252 0.1363766 0.03658171 18416624 -0.08584318 0.06582268 0.1603891
-0.09093606 0.1319532 0.03644308 18616813 -0.08977116 0.06240543 0.1608135
-0.09364212 0.1294721 0.03635201 18847020 -0.09164418 0.06056031 0.1610654
-0.09629074 0.1269851 0.03621002 19077232 -0.09346796 0.05872496 0.1612653
-0.09884661 0.1243736 0.03618828 19287418 -0.09513632 0.0567716 0.1615775
-0.1036549 0.1196787 0.03639554 19507600 -0.09841032 0.05307182 0.1622616
-0.1058568 0.1172866 0.0365571 19757838 -0.09998862 0.0512863 0.1627148
-0.1102883 0.1126865 0.03710237 19958023 -0.1030898 0.04779943 0.1637677
-0.1123501 0.1106048 0.03754104 20178218 -0.1045863 0.04608091 0.1643583
-0.1148604 0.1089881 0.03807174 20438452 -0.1061145 0.0445356 0.1648614
-0.1187202 0.1049358 0.03864893 20638633 -0.1088233 0.04138669 0.1658095
-0.1206446 0.1028275 0.03883295 20858816 -0.1100724 0.03975733 0.1661775
-0.122518 0.1009254 0.03913205 21099053 -0.1112907 0.03817221 0.166577
-0.1261461 0.09686597 0.03964062 21299229 -0.1136322 0.03505024 0.1674235
-0.1278397 0.09480568 0.03990743 21519432 -0.1148298 0.03348407 0.1678787
-0.1296204 0.0929025 0.04025887 21769646 -0.1160053 0.03196701 0.1683516
-0.1331123 0.08902784 0.04109192 21969838 -0.118434 0.02901014 0.1695001
-0.1348698 0.08746608 0.04167441 22200030 -0.1195908 0.02757117 0.1700699
-0.1366582 0.08574399 0.042344 22440263 -0.1208377 0.02609774 0.1707896
-0.139967 0.08198782 0.0433799 22640444 -0.1231132 0.02313265 0.1720588
-0.1416256 0.08008703 0.04395412 22870631 -0.1242645 0.02157411 0.1727216
-0.143186 0.07819446 0.04442964 23120861 -0.1253747 0.02001699 0.1732876
-0.146377 0.07426723 0.04551808 23311033 -0.1276529 0.01689228 0.1746063
-0.147931 0.07235178 0.04601823 23531231 -0.1286434 0.01528677 0.1751609
-0.1493582 0.07014676 0.04645458 23781457 -0.1295955 0.01358673 0.1757474
-0.1517825 0.06566247 0.04711002 23981638 -0.1311417 0.01010844 0.1767015
-0.152735 0.06312486 0.04734508 24221859 -0.1317777 0.008241978 0.1771715
-0.153483 0.0605851 0.04761658 24452062 -0.1323007 0.006292548 0.1776546
-0.1545743 0.05521318 0.04817156 24652255 -0.1329359 0.002107348 0.1786238
-0.1549146 0.05236825 0.04834113 24882459 -0.1331564 -8.824825E-05 0.179036
-0.1551212 0.04957291 0.04837153 25102670 -0.1333046 -0.002259169 0.1793055
-0.155322 0.04384132 0.04834951 25322868 -0.1333712 -0.006671223 0.1797759
-0.1552946 0.04109355 0.04820057 25553076 -0.1332589 -0.008883271 0.1798174
-0.1552745 0.03838011 0.04809958 25773263 -0.1331428 -0.01105777 0.1799037
-0.1549491 0.03305873 0.04772845 25993474 -0.1329562 -0.01513115 0.1800171
-0.1547101 0.03046306 0.04744175 26223677 -0.132781 -0.01712659 0.1799581
-0.15438 0.02813419 0.04722386 26443880 -0.132519 -0.01910034 0.1798785
-0.1536957 0.02301236 0.04669238 26664079 -0.1319814 -0.02310577 0.1797632
-0.1534952 0.02051577 0.04654546 26894282 -0.1317052 -0.0251408 0.179763
-0.1532054 0.01798579 0.04643035 27114477 -0.1313614 -0.02723268 0.1797885
-0.1521905 0.01241299 0.0459037 27344673 -0.1305217 -0.03161303 0.1796887
-0.1517144 0.009617652 0.04555943 27564888 -0.1301572 -0.03379551 0.1795626
-0.1514928 0.006874289 0.04535352 27815117 -0.1298115 -0.03604618 0.1794953
-0.1505877 0.00112113 0.04444619 28005273 -0.1290523 -0.04060665 0.1789871
-0.1503799 -0.001787219 0.0439928 28235477 -0.128685 -0.04287067 0.1787063
-0.1501935 -0.004398141 0.04356772 28475701 -0.1284149 -0.04509321 0.1783856
-0.1496528 -0.01008812 0.04264604 28685895 -0.1279704 -0.04943433 0.1778792
-0.149453 -0.01260785 0.04241787 28916107 -0.1277561 -0.05155531 0.177764
-0.1492218 -0.01524249 0.04208983 29146311 -0.127555 -0.05366388 0.1775911
-0.1490058 -0.0204641 0.04174612 29346491 -0.1273244 -0.0578591 0.1775319
-0.148874 -0.02303639 0.04157083 29586696 -0.127264 -0.05994872 0.1775
-0.1487561 -0.02571801 0.04130401 29816924 -0.1272131 -0.06205764 0.177398
-0.1488336 -0.03099993 0.0410191 30017088 -0.1271111 -0.06624809 0.1773714
-0.1488926 -0.03360859 0.04084151 30247312 -0.1270549 -0.06837335 0.1772994
-0.1488881 -0.03638569 0.04066711 30477516 -0.1270113 -0.07050696 0.1772811
-0.1489576 -0.04157642 0.04054897 30717725 -0.1269362 -0.07465973 0.1773949
-0.1489354 -0.04409817 0.0405083 30917897 -0.1268508 -0.07670584 0.1774581
-0.1489989 -0.04666486 0.04050144 31138120 -0.1267927 -0.07871667 0.1775628
-0.1490452 -0.05179849 0.04043444 31388322 -0.1266578 -0.08276621 0.1777154
-0.1491435 -0.05449024 0.04043807 31588498 -0.1265894 -0.0847986 0.1778388
-0.1494582 -0.05693558 0.04056628 31808730 -0.1264652 -0.08686033 0.1779784
-0.1496417 -0.06204286 0.04055354 32028920 -0.126313 -0.09078041 0.1781623
-0.15003 -0.06453744 0.04076563 32259124 -0.1261362 -0.09287563 0.1783603
-0.1497308 -0.06989506 0.04068171 32499499 -0.1256682 -0.0969595 0.1785032
-0.1495954 -0.07245257 0.04071029 32699740 -0.1254688 -0.0989615 0.1786285
-0.1493824 -0.07520345 0.0407077 32929729 -0.125231 -0.1010398 0.1787491
-0.1487898 -0.0805631 0.04064238 33149928 -0.124505 -0.1053586 0.1788512
-0.1482021 -0.08335975 0.04030076 33370135 -0.1240938 -0.1074184 0.1786706
-0.1477523 -0.08589032 0.04013816 33630349 -0.1235899 -0.1095441 0.1785684
-0.1466611 -0.09097006 0.03992546 33820541 -0.122524 -0.1136509 0.1785228
-0.1459596 -0.09365824 0.03979714 34080752 -0.1219217 -0.1156334 0.1785254
-0.1451599 -0.09624162 0.03956132 34280944 -0.1212034 -0.117631 0.1783951
-0.1441518 -0.1011848 0.03944098 34511140 -0.1200992 -0.1213712 0.1784382
-0.1432466 -0.1034414 0.03934473 34721330 -0.119438 -0.1231777 0.1784486
-0.1425168 -0.1058728 0.03937401 34961559 -0.1187283 -0.1249858 0.1785683
-0.1410506 -0.1107377 0.03938886 35171740 -0.1172956 -0.128688 0.1787436
-0.1405767 -0.1132312 0.03944407 35391947 -0.1166529 -0.1305176 0.1788538
-0.1397227 -0.1155571 0.03945757 35632168 -0.1159329 -0.1323488 0.1789507
-0.1380857 -0.1206668 0.03974232 35832340 -0.1143597 -0.1361252 0.1794003
-0.1373862 -0.1231789 0.0399643 36072553 -0.1134862 -0.1381095 0.1796501
-0.1360018 -0.1261114 0.04009406 36302769 -0.1123952 -0.1402854 0.1799085
-0.1339009 -0.1312864 0.04070237 36503095 -0.1103421 -0.1444443 0.1806241
-0.1327198 -0.1342295 0.04099663 36733169 -0.1092087 -0.1466662 0.1809924
-0.1318179 -0.1370099 0.0414599 36973378 -0.1081083 -0.1488883 0.1814706
-0.1293372 -0.1430778 0.04207376 37173555 -0.1057955 -0.1534493 0.1822325
-0.1277013 -0.1458307 0.04229329 37403762 -0.1045084 -0.1556775 0.182548
-0.1259786 -0.1484977 0.04272255 37653984 -0.1032396 -0.1578573 0.1830849
-0.1225281 -0.1541299 0.04377921 37854161 -0.1003572 -0.1621813 0.1843134
-0.1202379 -0.1569616 0.04431636 38084364 -0.09861077 -0.1643616 0.1849711
-0.1181839 -0.159018 0.04492136 38324597 -0.09697748 -0.1663407 0.1856442
-0.1132402 -0.1638818 0.04601145 38514769 -0.09299833 -0.1704045 0.1869155
-0.1103899 -0.1664392 0.04644515 38754970 -0.09091882 -0.1723148 0.1874863
-0.1040418 -0.171256 0.047403 38985198 -0.08643771 -0.1760589 0.1887298
-0.1016304 -0.172966 0.04786705 39195379 -0.08417308 -0.1776136 0.1892173
-0.09800504 -0.1751228 0.04824341 39415574 -0.08159489 -0.1792454 0.1897353
-0.09419658 -0.1775124 0.04858441 39645790 -0.078914 -0.180817 0.190224
-0.08723969 -0.1806844 0.04902674 39855979 -0.0737483 -0.1834686 0.1908593
-0.08330193 -0.1827811 0.04925091 40096188 -0.07089651 -0.184833 0.1911951
-0.07495043 -0.1867723 0.04956448 40306386 -0.06476544 -0.1874911 0.1916982
-0.07128754 -0.187939 0.04951752 40536577 -0.06175996 -0.1885916 0.1916972
-0.06741192 -0.1896504 0.0497016 40776798 -0.05867879 -0.1897406 0.1919337
-0.05852684 -0.1927575 0.04947839 40976991 -0.05227171 -0.192048 0.1918393
-0.0549034 -0.1939508 0.04941975 41207199 -0.04908962 -0.1930198 0.191798
-0.04982401 -0.1953452 0.04932328 41447399 -0.0457883 -0.1939951 0.1917597
-0.04328181 -0.1960521 0.04891259 41657601 -0.03974308 -0.1950447 0.1913651
-0.03913914 -0.1965108 0.04850228 41887813 -0.03650267 -0.1955161 0.1909744
-0.0350664 -0.196795 0.04803849 42118005 -0.0333256 -0.1957659 0.1905241
-0.02682845 -0.1965587 0.04717831 42318185 -0.02711104 -0.1957499 0.1896757
-0.02279575 -0.1959852 0.04677435 42568585 -0.02405892 -0.1954651 0.1892678
-0.01870263 -0.1954041 0.04626834 42768608 -0.02100559 -0.1949719 0.1887491
-0.01004284 -0.1940211 0.04514756 42999043 -0.0146011 -0.1937689 0.1875744
-0.005781149 -0.192879 0.04452283 43239024 -0.01142515 -0.1929249 0.186911
-0.0015612 -0.191465 0.04394768 43439213 -0.008464174 -0.1918578 0.1862798
0.002653831 -0.1902429 0.04322283 43659416 -0.005445707 -0.1907369 0.1854916
0.01103855 -0.1871937 0.0413937 43909621 0.0007033459 -0.1883105 0.183514
0.01489479 -0.1852476 0.04045662 44109822 0.003710519 -0.1870049 0.1825061
0.02309196 -0.1819051 0.03835994 44340014 0.009821275 -0.1841857 0.1802223
0.02692427 -0.1797016 0.03731909 44580227 0.01278634 -0.1825102 0.1790882
0.03011042 -0.1769438 0.03636158 44790420 0.01525299 -0.1804356 0.1780419
0.03856817 -0.1724375 0.03411071 45010627 0.02146599 -0.1769587 0.1755084
0.04266411 -0.1699335 0.03298892 45250836 0.02449644 -0.1750788 0.1742323
0.0469593 -0.1672496 0.03184602 45451012 0.02748979 -0.1730577 0.1728902
0.05478516 -0.1615906 0.02941576 45711255 0.03313765 -0.1688335 0.1700755
0.05864632 -0.1589558 0.02815655 45911448 0.03584451 -0.1667124 0.1686064
0.06251845 -0.1561791 0.02689773 46141648 0.03852332 -0.1645216 0.167115
0.07467464 -0.1528486 0.02523788 46381869 0.04548347 -0.1607397 0.1644925
0.07865644 -0.1500751 0.02384399 46572036 0.04832754 -0.1586157 0.1628169
0.07617205 -0.1445287 0.02146282 46792235 0.04850614 -0.1552874 0.1608367
0.08202519 -0.1382054 0.01871425 47042449 0.05263845 -0.1501707 0.1576369
0.08461651 -0.1349058 0.01757475 47252638 0.05452156 -0.1474422 0.1562952
0.08734937 -0.1316055 0.01654737 47492855 0.05628544 -0.1446308 0.155009
0.09145612 -0.1236713 0.01470371 47823157 0.05935469 -0.1388059 0.1527134
0.09654009 -0.1158788 0.01357898 48023334 0.06255949 -0.1330967 0.1508929
0.09916653 -0.1125299 0.01320738 48253554 0.06433141 -0.1303548 0.1502294
0.1012133 -0.1086335 0.01286565 48503771 0.06575575 -0.1274995 0.1495883
0.10489 -0.1012721 0.01224327 48693959 0.06841522 -0.1217264 0.148469
0.106827 -0.09773459 0.01208572 48924159 0.06977266 -0.1189751 0.1480345
0.1106149 -0.09022405 0.01190358 49164363 0.07231814 -0.1132775 0.1472112
0.1121682 -0.08634654 0.01182419 49364560 0.07329574 -0.1104403 0.1467859
0.1139534 -0.08286825 0.0118054 49584759 0.07442075 -0.1077583 0.1464304
0.1158412 -0.0795553 0.01177681 49814967 0.07560038 -0.1051408 0.1460612
0.1194632 -0.07282093 0.01193428 50045174 0.07786661 -0.10017 0.1454558
0.1210969 -0.06971684 0.01206456 50275386 0.07899889 -0.09778788 0.1452788
0.1243027 -0.06348231 0.01223512 50625682 0.08121923 -0.09307232 0.1448039
0.1274059 -0.05770532 0.01262592 50815870 0.08353614 -0.08873573 0.1446062
0.1292197 -0.05491021 0.01286544 51046066 0.08476137 -0.0866622 0.1444767
0.1302109 -0.05194297 0.0130198 51396394 0.08559731 -0.08440629 0.1444048
0.1337084 -0.04649833 0.01353031 51606579 0.08787017 -0.08027604 0.1441602
0.1364002 -0.04115 0.01396535 51826778 0.08980837 -0.07623783 0.1439819
0.1381284 -0.03865615 0.01423332 52067003 0.0910316 -0.07442048 0.143883
0.139698 -0.03609804 0.01460233 52267176 0.09210837 -0.07258239 0.1438709
0.1423164 -0.03107992 0.01504901 52497371 0.09404131 -0.06893685 0.1436671
0.1438157 -0.02880636 0.01527048 52747597 0.09505802 -0.06718162 0.1435525
0.144881 -0.02644995 0.01542316 52957795 0.09594925 -0.06547561 0.1434424
0.147671 -0.02195195 0.01590722 53177985 0.09805908 -0.06223634 0.1432731
0.1488516 -0.01986471 0.01610325 53418214 0.09901654 -0.06064323 0.1432245
0.1501332 -0.01780764 0.01641152 53618399 0.09991807 -0.05913177 0.1432067
0.1523003 -0.01410154 0.01681447 53848595 0.1016934 -0.0563654 0.1431432
0.1530675 -0.01245001 0.01694396 54068797 0.1024144 -0.05507556 0.1431326
0.1539329 -0.01059524 0.01717105 54278999 0.1031151 -0.05381576 0.1430908
0.155104 -0.007340583 0.01734994 54529217 0.1041188 -0.05141404 0.1429058
0.1553608 -0.005892667 0.01725849 54739411 0.1045431 -0.05031326 0.1427599
0.1554043 -0.004227671 0.01725848 54959605 0.1048166 -0.04921976 0.1426492
0.15521 -0.0009759998 0.01718811 55199810 0.1051311 -0.04698983 0.1424122
0.1550768 0.0007986688 0.01711054 55410012 0.105258 -0.04579368 0.1422245
0.1549613 0.002191391 0.01692724 55630211 0.1053622 -0.044588 0.1420586
0.1547274 0.005213465 0.01669296 55850413 0.1055326 -0.04214791 0.141765
0.1546253 0.006728854 0.01663923 56080613 0.1056748 -0.0409638 0.1416812
0.1544289 0.008295741 0.01666885 56320826 0.1056979 -0.03974238 0.1416644
0.1543784 0.01118967 0.0166654 56521023 0.1059929 -0.0373756 0.1415914
0.1545839 0.01245626 0.01656779 56751218 0.1062782 -0.0362145 0.1414836
0.1547063 0.01371273 0.01649993 56991439 0.1065169 -0.0350993 0.1414056
0.1545044 0.01641151 0.01635685 57201629 0.1069158 -0.03308931 0.1412217
0.1544816 0.01749917 0.01631184 57411826 0.1069572 -0.03213277 0.1411491
0.1544251 0.01828858 0.01637858 57662048 0.1069136 -0.03137639 0.1412076
0.1544782 0.01955923 0.01712492 57862213 0.1068052 -0.03047314 0.1417455
0.154493 0.01975819 0.01783238 58092432 0.1066927 -0.03035489 0.1423718
0.1548187 0.01948341 0.01999171 58342658 0.1064605 -0.03101531 0.1441594
0.1551606 0.01914629 0.02166448 58662939 0.1062912 -0.03173187 0.1454766
0.1556525 0.01760575 0.02555533 59003263 0.1059422 -0.03399971 0.14873
