0.1545972 -0.001225454 0.004514232 0 0.087737 -0.003714956 0.2201671
0.1545972 -0.001225454 0.004514232 110111 0.087737 -0.003714956 0.2201671
0.154956 -0.001164872 0.004342809 220199 0.08800213 -0.003384179 0.2198402
0.1552789 -0.00100037 0.00392659 330302 0.08826269 -0.003075719 0.2194865
0.1552789 -0.00100037 0.00392659 470433 0.08826269 -0.003075719 0.2194865
0.1555415 -0.0007625451 0.003233701 560506 0.08842379 -0.002817686 0.2190911
0.1557855 -0.000820118 0.002660722 670625 0.08848392 -0.002571689 0.2187161
0.1557855 -0.000820118 0.002660722 790714 0.08848392 -0.002571689 0.2187161
0.1560482 -0.0005078734 0.002067864 890804 0.08849096 -0.002126013 0.2182969
0.1561808 7.711173E-06 0.001122534 1010912 0.08837876 -0.00165468 0.2178814
0.1561808 7.711173E-06 0.001122534 1121012 0.08837876 -0.00165468 0.2178814
0.1561037 0.0008301128 0.0006440282 1231119 0.08821145 -0.001151513 0.2177786
0.1556602 0.002272278 0.000210464 1341210 0.08782127 -0.0004620785 0.21798
0.1556602 0.002272278 0.000210464 1461331 0.08782127 -0.0004620785 0.21798
0.1548651 0.004146177 -0.0003249943 1571438 0.08730458 0.000407841 0.2184554
0.1539595 0.006306704 -0.0002975017 1671512 0.08695316 0.001461328 0.2192319
0.1539595 0.006306704 -0.0002975017 1801638 0.08695316 0.001461328 0.2192319
0.1529231 0.008729533 -8.578598E-05 1901724 0.08662833 0.002682514 0.2201862
0.1516964 0.01144611 0.000199765 2011832 0.08633251 0.003990459 0.2213408
0.1516964 0.01144611 0.000199765 2131944 0.08633251 0.003990459 0.2213408
0.1505288 0.01422644 0.0006752312 2232022 0.08607948 0.00547053 0.2224986
0.1492544 0.01713193 0.001046374 2352143 0.08580352 0.006900565 0.2237018
0.1479524 0.01986132 0.001285225 2482248 0.08548149 0.008283586 0.2248731
0.1479524 0.01986132 0.001285225 2572338 0.08548149 0.008283586 0.2248731
0.146912 0.02207396 0.001898512 2692446 0.0853903 0.009590473 0.2259984
0.146912 0.02207396 0.001898512 2812538 0.0853903 0.009590473 0.2259984
0.1457942 0.02490329 0.002288446 2912641 0.08520326 0.0111529 0.2270593
0.1445616 0.02732355 0.002716482 3022732 0.08487414 0.01269828 0.2282365
0.143308 0.03006343 0.003020138 3162870 0.08454861 0.01430937 0.2293582
0.143308 0.03006343 0.003020138 3242935 0.08454861 0.01430937 0.2293582
0.1419048 0.03319994 0.003521621 3353042 0.08418676 0.01621054 0.2306581
0.14056 0.03584914 0.004386961 3493164 0.08381669 0.01814631 0.232081
0.14056 0.03584914 0.004386961 3583242 0.08381669 0.01814631 0.232081
0.1390046 0.0392512 0.005222842 3693341 0.08341888 0.02041654 0.2336306
0.1373269 0.04243964 0.00630039 3823479 0.08301086 0.0227674 0.2354206
0.1373269 0.04243964 0.00630039 3923792 0.08301086 0.0227674 0.2354206
0.1355974 0.04538496 0.007719368 4023631 0.08269253 0.02509063 0.2374441
0.1337449 0.04884319 0.009346709 4163757 0.08257939 0.02767799 0.2396832
0.1337449 0.04884319 0.009346709 4253835 0.08257939 0.02767799 0.2396832
0.1318535 0.052029 0.0111323 4363954 0.08243088 0.03030666 0.2420658
0.1297297 0.05552188 0.01289822 4504077 0.08236891 0.03301704 0.2446616
0.1297297 0.05552188 0.01289822 4584149 0.08236891 0.03301704 0.2446616
0.1277826 0.05846914 0.01491039 4704249 0.08227822 0.03566213 0.2472616
0.1257998 0.06189586 0.01679765 4834379 0.08222051 0.038497 0.2497923
0.1257998 0.06189586 0.01679765 4924452 0.08222051 0.038497 0.2497923
0.1237085 0.0646738 0.01834187 5034547 0.08185051 0.04106575 0.2523134
0.12163 0.06780219 0.01953939 5144647 0.08151115 0.04375784 0.2546351
0.12163 0.06780219 0.01953939 5254742 0.08151115 0.04375784 0.2546351
0.1198192 0.0707925 0.02094129 5374871 0.08094109 0.04665662 0.2567599
0.1171815 0.07427857 0.02118267 5484954 0.08021104 0.0490062 0.2589576
0.1171815 0.07427857 0.02118267 5595049 0.08021104 0.0490062 0.2589576
0.1150708 0.07797059 0.02240732 5715157 0.07905836 0.05222916 0.2609871
0.1129064 0.08099079 0.02291682 5825261 0.07793862 0.05479383 0.262818
0.1129064 0.08099079 0.02291682 5925351 0.07793862 0.05479383 0.262818
0.1108745 0.08386597 0.02350302 6045464 0.07692954 0.05724331 0.2645689
0.1086427 0.08685935 0.02377301 6155555 0.07567425 0.0595875 0.2662276
0.1086427 0.08685935 0.02377301 6265654 0.07567425 0.0595875 0.2662276
0.1063154 0.08961698 0.02376559 6375762 0.07426888 0.06178608 0.2678359
0.1040105 0.09225718 0.02366824 6495870 0.07271113 0.06391486 0.2693282
0.1040105 0.09225718 0.02366824 6605969 0.07271113 0.06391486 0.2693282
0.1016388 0.09494846 0.02344835 6716061 0.07097535 0.06596259 0.2707037
0.09915129 0.09762906 0.02309573 6836177 0.06907599 0.06796583 0.2720392
0.09915129 0.09762906 0.02309573 6946277 0.06907599 0.06796583 0.2720392
0.09670089 0.1000002 0.02268139 7056368 0.06720786 0.06973846 0.2733232
0.09410953 0.1023241 0.02236843 7166467 0.06516036 0.07144184 0.2746827
0.09410953 0.1023241 0.02236843 7276567 0.06516036 0.07144184 0.2746827
0.09130853 0.1046928 0.02200806 7386666 0.06295712 0.07309938 0.2760877
0.08846892 0.1068653 0.02139014 7496781 0.06067824 0.07450826 0.277329
0.08846892 0.1068653 0.02139014 7616886 0.06067824 0.07450826 0.277329
0.08543811 0.1090518 0.02060826 7726977 0.05827364 0.07583083 0.2785279
0.08231176 0.1113476 0.01993291 7857090 0.05575464 0.07721501 0.2797301
0.07921258 0.113407 0.01897597 7947172 0.05310627 0.07838521 0.280691
0.07921258 0.113407 0.01897597 8057271 0.05310627 0.07838521 0.280691
0.07585087 0.1155057 0.01793991 8187397 0.05019853 0.07952991 0.2816488
0.07252031 0.1174246 0.01691765 8287483 0.0472565 0.08050125 0.282502
0.07252031 0.1174246 0.01691765 8387569 0.0472565 0.08050125 0.282502
0.06900842 0.1193461 0.01583128 8527720 0.04423257 0.08147415 0.283343
0.06544173 0.1212265 0.0147512 8617797 0.04127047 0.08228769 0.2840934
0.06544173 0.1212265 0.0147512 8738051 0.04127047 0.08228769 0.2840934
0.0616582 0.1232377 0.01368426 8837992 0.03818343 0.08314854 0.2848207
0.0616582 0.1232377 0.01368426 8968093 0.03818343 0.08314854 0.2848207
0.0578613 0.1248993 0.01252818 9068187 0.03508877 0.08380938 0.285461
0.05394192 0.1265692 0.01144049 9178295 0.03199985 0.08451245 0.2861029
0.05394192 0.1265692 0.01144049 9308408 0.03199985 0.08451245 0.2861029
0.04994582 0.1281553 0.01036699 9398498 0.0290644 0.08508649 0.286679
0.04581732 0.1296499 0.009368479 9508593 0.0261106 0.08564039 0.2872557
0.04186004 0.1310544 0.008764312 9648723 0.02318303 0.08627294 0.287919
0.04186004 0.1310544 0.008764312 9738789 0.02318303 0.08627294 0.287919
0.03780815 0.1323576 0.008089781 9848892 0.020197 0.08685037 0.2884705
0.03780815 0.1323576 0.008089781 9989027 0.020197 0.08685037 0.2884705
0.03369877 0.1335771 0.007530734 10079096 0.01715605 0.08745054 0.2890217
0.02957791 0.1347856 0.007119149 10189207 0.01409938 0.08812293 0.2895691
0.02957791 0.1347856 0.007119149 10319325 0.01409938 0.08812293 0.2895691
0.025285 0.1341566 0.006092578 10409402 0.01052445 0.08793271 0.2900155
0.02179356 0.1348136 0.00591968 10519493 0.007787121 0.08847051 0.2904996
0.01826957 0.1355812 0.005777866 10629592 0.005130836 0.08900791 0.2908871
0.01826957 0.1355812 0.005777866 10749709 0.005130836 0.08900791 0.2908871
0.01484289 0.1362429 0.005757272 10859796 0.002479609 0.08953705 0.2912827
0.01158621 0.1366141 0.005719855 10969912 -4.5696E-05 0.08992054 0.2916265
0.01158621 0.1366141 0.005719855 11080011 -4.5696E-05 0.08992054 0.2916265
0.00843386 0.1368839 0.005794793 11200115 -0.002436784 0.09027967 0.2919948
0.005531692 0.1372382 0.006044611 11300214 -0.004701306 0.09073402 0.2923877
0.005531692 0.1372382 0.006044611 11420318 -0.004701306 0.09073402 0.2923877
0.002386482 0.1374814 0.006291315 11530413 -0.007113086 0.09120584 0.2927824
-0.0006697551 0.137457 0.006566882 11640525 -0.009387941 0.09154743 0.2931857
-0.0006697551 0.137457 0.006566882 11750620 -0.009387941 0.09154743 0.2931857
-0.003649069 0.1373269 0.006876633 11860716 -0.01165705 0.09184603 0.2935663
-0.006586661 0.1371712 0.007293195 11980828 -0.01379431 0.09209426 0.2939489
-0.006586661 0.1371712 0.007293195 12090919 -0.01379431 0.09209426 0.2939489
-0.009510619 0.1370114 0.007795274 12201027 -0.01599639 0.09234705 0.2943232
-0.01261573 0.1367793 0.008355767 12311126 -0.01828332 0.092585 0.2946838
-0.01261573 0.1367793 0.008355767 12421225 -0.01828332 0.092585 0.2946838
-0.01554441 0.1366058 0.008886144 12531325 -0.02061764 0.09284553 0.294947
-0.01869019 0.1362583 0.009419039 12651425 -0.02301152 0.09305716 0.2951766
-0.01869019 0.1362583 0.009419039 12761533 -0.02301152 0.09305716 0.2951766
-0.02174968 0.1359005 0.009892061 12881633 -0.02540503 0.09322177 0.2952882
-0.02547529 0.1381926 0.01124217 13021751 -0.02669461 0.09441324 0.2950576
-0.02847113 0.1378091 0.01176286 13221932 -0.02906996 0.09454408 0.2950346
-0.03164592 0.1372093 0.0122651 13362070 -0.03152995 0.09455553 0.2949353
-0.03475798 0.1364974 0.01276825 13582257 -0.03403087 0.0944858 0.294791
-0.03775019 0.1358423 0.01334305 13812473 -0.03653162 0.0944318 0.2946315
-0.04065403 0.1349147 0.01388001 14032672 -0.0388152 0.09419294 0.2944448
-0.04628851 0.1329579 0.01507856 14252874 -0.0433875 0.09359396 0.2940054
-0.04909999 0.1318912 0.01571858 14483078 -0.04564817 0.09323233 0.2937294
-0.05184964 0.1307732 0.01639435 14703281 -0.04800824 0.09285343 0.2934588
-0.05810498 0.1275715 0.01786943 14933489 -0.0528024 0.09164748 0.292687
-0.06100109 0.1261949 0.01876339 15173693 -0.05512263 0.09110149 0.292308
-0.06363641 0.124893 0.01943129 15373886 -0.05736767 0.09054787 0.291829
-0.06874072 0.1220581 0.02059057 15614095 -0.06156947 0.08925924 0.2907002
-0.07128654 0.1206022 0.02115548 15844315 -0.06364776 0.08851208 0.2900273
-0.07382308 0.1190029 0.02167857 16044499 -0.06571195 0.08766641 0.2893061
-0.07918688 0.1152031 0.02272531 16264694 -0.06995722 0.08551069 0.2876007
-0.08176016 0.1132629 0.02298234 16514920 -0.07197288 0.08430812 0.2865518
-0.08426454 0.1113977 0.02318491 16685069 -0.07391496 0.08307011 0.2854216
-0.08940894 0.1068343 0.0233974 16795169 -0.07770748 0.07998852 0.2829155
-0.08940894 0.1068343 0.0233974 16915277 -0.07770748 0.07998852 0.2829155
-0.09181967 0.1045709 0.0233262 17015367 -0.07940271 0.07835305 0.2815542
-0.09404134 0.1023865 0.02300248 17125467 -0.08098224 0.07666763 0.2801086
-0.09404134 0.1023865 0.02300248 17255588 -0.08098224 0.07666763 0.2801086
-0.09639854 0.1000147 0.02285151 17355670 -0.0824732 0.07486544 0.2786265
-0.09869589 0.09755268 0.02253479 17465778 -0.08393054 0.07294187 0.2770582
-0.09869589 0.09755268 0.02253479 17585886 -0.08393054 0.07294187 0.2770582
-0.1009684 0.09480075 0.02213159 17685977 -0.08532768 0.07081434 0.2754565
-0.1030685 0.09204179 0.02145013 17796076 -0.08651894 0.06863295 0.2737751
-0.1030685 0.09204179 0.02145013 17936198 -0.08651894 0.06863295 0.2737751
-0.105157 0.08889115 0.02055712 18016262 -0.08755988 0.06625334 0.2720003
-0.1072299 0.08589938 0.01976907 18256475 -0.08863 0.06392692 0.2702338
-0.1094347 0.08276277 0.01914512 18356586 -0.08956297 0.06147602 0.268394
-0.1115798 0.07924999 0.01865593 18496704 -0.09060098 0.05875926 0.2666981
-0.1115798 0.07924999 0.01865593 18726908 -0.09060098 0.05875926 0.2666981
-0.115518 0.07216732 0.01703356 18947119 -0.09232225 0.05305733 0.2630899
-0.1174598 0.06869376 0.01628165 19187331 -0.09304735 0.05018236 0.261262
-0.1214898 0.06164662 0.01555087 19397513 -0.09480361 0.04453534 0.257897
-0.1233734 0.05837391 0.01529779 19627729 -0.09563446 0.04185773 0.256328
-0.1252643 0.05496537 0.01516072 19847915 -0.09657016 0.03923619 0.2548413
-0.1269774 0.05179936 0.01456526 20068126 -0.0972916 0.03671137 0.25321
-0.1305106 0.04544989 0.01405813 20318352 -0.09896433 0.03186107 0.250208
-0.1321641 0.04254355 0.01388216 20518533 -0.09972692 0.02952758 0.2487881
-0.1337275 0.03983162 0.01363698 20748740 -0.1003733 0.02726643 0.2473708
-0.136918 0.03416409 0.01345195 20978944 -0.1017305 0.02282031 0.2446308
-0.1371678 0.03153013 0.01039481 21199139 -0.1007177 0.02033903 0.242833
-0.1401714 0.02645445 0.009804428 21409333 -0.1019915 0.01636771 0.2400493
-0.1416661 0.02368213 0.00954169 21649549 -0.1025815 0.01433522 0.2386745
-0.1431971 0.02098314 0.009176716 21859735 -0.103093 0.01230225 0.2371894
-0.1466235 0.01474679 0.009190962 22079938 -0.1046055 0.008095093 0.2342872
-0.1482023 0.01205802 0.008799195 22310149 -0.105097 0.006056117 0.2327079
-0.1497804 0.009343688 0.008702248 22530344 -0.1057633 0.003996431 0.2312759
-0.152976 0.003146865 0.008516699 22750555 -0.106951 -0.0004565129 0.2283289
-0.1545693 -0.0002304177 0.00829792 22980751 -0.107539 -0.002851424 0.2267961
-0.1561068 -0.003736743 0.007778764 23200949 -0.1080102 -0.005411854 0.2251774
-0.1587237 -0.01190015 0.005373642 23421140 -0.1083936 -0.01110947 0.2218057
-0.1603449 -0.01582613 0.005118757 23651360 -0.1088044 -0.01405917 0.2201745
-0.1598717 -0.02171458 0.00103721 23891564 -0.1090829 -0.01704619 0.2192221
-0.1630072 -0.03060608 0.0007907897 24091765 -0.1101107 -0.02351682 0.2162035
-0.1645888 -0.03433309 0.0005950928 24311944 -0.1105799 -0.02655993 0.2146611
-0.1661706 -0.03869015 0.001128152 24542164 -0.1115588 -0.02979086 0.2133955
-0.1690037 -0.04754854 0.002550095 24772355 -0.1134292 -0.03656903 0.2111927
-0.1701216 -0.05164351 0.003224343 24992578 -0.1142006 -0.04001346 0.210336
-0.1728421 -0.05269972 0.008182019 25232799 -0.1151972 -0.04346013 0.2090908
-0.1741851 -0.0614668 0.008356556 25452978 -0.116328 -0.0503873 0.2077432
-0.1747161 -0.06609527 0.008264497 25663175 -0.1167236 -0.05390629 0.2071067
-0.1749206 -0.07118694 0.007793084 25903384 -0.1170965 -0.05758398 0.2066915
-0.1752173 -0.08081314 0.007609606 26113772 -0.1178783 -0.06477973 0.2061248
-0.1752884 -0.08527485 0.007669285 26333785 -0.1184051 -0.0683489 0.2060028
-0.1754846 -0.08932063 0.00763692 26593999 -0.118765 -0.07173514 0.2057326
-0.1753307 -0.09822762 0.008482218 26784179 -0.1200907 -0.07892346 0.2059031
-0.1752745 -0.102069 0.009187385 26994373 -0.1207397 -0.0824473 0.2060775
-0.1752189 -0.1055717 0.01012944 27244590 -0.1214784 -0.08584087 0.2063252
-0.174823 -0.1124755 0.01158318 27454792 -0.122912 -0.09245411 0.2070183
-0.1744702 -0.1157969 0.01247229 27674991 -0.1237048 -0.09573215 0.2075659
-0.1741625 -0.1187547 0.01360381 27915208 -0.1245494 -0.09894375 0.2081551
-0.1734165 -0.1248015 0.01589131 28135406 -0.1264413 -0.1051886 0.2094059
-0.1730276 -0.1272421 0.0172469 28375623 -0.1275409 -0.108045 0.2101614
-0.1718067 -0.1329416 0.01890905 28565791 -0.129305 -0.1136208 0.2117249
-0.1711579 -0.1350534 0.02037783 28795994 -0.1303357 -0.116262 0.2127666
-0.1704003 -0.1368138 0.0221789 29026190 -0.1314215 -0.1188539 0.21404
-0.1690907 -0.1400112 0.02515881 29236538 -0.1333511 -0.123618 0.2162702
-0.1682437 -0.1420086 0.02629691 29466612 -0.1341541 -0.1260376 0.2174365
-0.1670985 -0.1445712 0.02682906 29686790 -0.1347465 -0.1285017 0.2187006
-0.1647453 -0.1487659 0.0287773 29907001 -0.1360074 -0.1333691 0.2216188
-0.1634616 -0.1505324 0.02988511 30137209 -0.1365525 -0.1356138 0.2232446
-0.1622129 -0.1517805 0.03140791 30357408 -0.1371272 -0.1378104 0.2250294
-0.1592718 -0.1545713 0.03379399 30597632 -0.1379165 -0.1421958 0.2289342
-0.1576305 -0.155912 0.03497657 30807818 -0.1383329 -0.1443114 0.23109
-0.1559535 -0.1569825 0.03624992 31028017 -0.1386874 -0.1463084 0.2333584
-0.1522981 -0.1586391 0.03892671 31258224 -0.139201 -0.1499017 0.2383116
-0.1503588 -0.1591899 0.0404776 31478407 -0.1393125 -0.1516725 0.2410368
-0.1482815 -0.1595822 0.04211508 31698626 -0.1393583 -0.153368 0.2439795
-0.1439922 -0.1595178 0.04545401 31938835 -0.1394414 -0.1561151 0.2502567
-0.1418343 -0.1590486 0.04723687 32139007 -0.1395973 -0.1572823 0.2536125
-0.139557 -0.1587273 0.04890282 32379220 -0.1396187 -0.1584371 0.2570229
-0.1350978 -0.1580561 0.05249965 32609448 -0.1395284 -0.160913 0.2638909
-0.1329325 -0.1576135 0.05446108 32809625 -0.1393718 -0.1621284 0.2673412
-0.1308329 -0.1571634 0.05646339 33039832 -0.139241 -0.1633587 0.2707639
-0.126715 -0.1562976 0.06049511 33280057 -0.1389654 -0.1658387 0.2775908
-0.124696 -0.155877 0.06246106 33480226 -0.1387761 -0.1670976 0.2809815
-0.1226903 -0.155561 0.06443647 33710441 -0.1385955 -0.1684087 0.2843452
-0.1189586 -0.1545954 0.06864043 33950638 -0.1382585 -0.1707763 0.2909659
-0.1171708 -0.1539339 0.07082188 34160832 -0.1381164 -0.1718469 0.2943052
-0.1153973 -0.1532131 0.07312354 34381026 -0.1379864 -0.1728505 0.2976947
-0.1118996 -0.1515188 0.07780482 34621243 -0.1376239 -0.1746037 0.3045641
-0.1101656 -0.1506599 0.0800249 34821440 -0.1374539 -0.1752682 0.3079166
-0.1083072 -0.1498352 0.08215815 35051648 -0.1372281 -0.1757595 0.3113116
-0.1046248 -0.1480644 0.08643986 35281847 -0.1362796 -0.1768983 0.318216
-0.1028245 -0.1469283 0.08879937 35502054 -0.1357091 -0.1773698 0.3218379
-0.1008253 -0.1459564 0.09097384 35722237 -0.1350381 -0.1778279 0.3255224
-0.09628662 -0.1442242 0.09547184 35972479 -0.1333666 -0.1785005 0.3333032
-0.09395549 -0.1434594 0.09768775 36172659 -0.1320888 -0.1790166 0.3372248
-0.09145083 -0.1428995 0.09988078 36392838 -0.1304469 -0.1796904 0.3412151
-0.08594242 -0.1418752 0.1043548 36633075 -0.1268527 -0.1807784 0.3495064
-0.08298739 -0.1412799 0.1066668 36843256 -0.1248259 -0.1812397 0.3538552
-0.08013754 -0.1406006 0.109055 37063451 -0.1228315 -0.1816303 0.3581396
-0.07450981 -0.1395193 0.1138154 37303664 -0.118651 -0.1828608 0.3665217
-0.07183173 -0.1390565 0.1162542 37513862 -0.1164608 -0.1837798 0.3706433
-0.06900211 -0.1389173 0.1185755 37734068 -0.1141819 -0.1847279 0.3745428
-0.06368744 -0.138709 0.1229417 37974269 -0.1094234 -0.1866538 0.3817219
-0.06091441 -0.1388519 0.1248993 38184471 -0.1066697 -0.1878927 0.385114
-0.05896639 -0.1384272 0.1263843 38404670 -0.1036988 -0.1890173 0.3881039
-0.05374429 -0.1388666 0.1293149 38654883 -0.09724533 -0.1914182 0.3937427
-0.05124738 -0.1389297 0.1306901 38855068 -0.09391284 -0.1924467 0.3964087
-0.04871886 -0.138874 0.1321156 39075437 -0.09055117 -0.1932977 0.3990786
-0.0434642 -0.1384543 0.1345159 39315500 -0.08362427 -0.194579 0.4041769
-0.04084919 -0.1382941 0.1356597 39525669 -0.08009778 -0.1950848 0.4064646
-0.03560349 -0.1378297 0.1376472 39745868 -0.07280011 -0.1957868 0.4106436
-0.03294323 -0.1373934 0.1385262 39996094 -0.06909782 -0.1958892 0.4126349
-0.03028893 -0.1368168 0.1394497 40196290 -0.06535538 -0.1957843 0.4145941
-0.02488852 -0.1355355 0.1412954 40426652 -0.05776327 -0.1952184 0.4182142
-0.0224123 -0.1345884 0.1419854 40656710 -0.05403206 -0.1945472 0.4198246
-0.01992904 -0.1334896 0.142928 40866896 -0.05035249 -0.1936723 0.421539
-0.01487888 -0.1307293 0.1449654 41087094 -0.04283194 -0.1912656 0.4250506
-0.01269392 -0.1290304 0.1461453 41337498 -0.03930657 -0.189706 0.4269026
-0.01023206 -0.1272053 0.147352 41537485 -0.03568204 -0.1879607 0.4287257
-0.005880631 -0.1231918 0.1498706 41757683 -0.02915588 -0.1839467 0.432296
-0.003840053 -0.1211144 0.1511384 41997912 -0.02597454 -0.1817952 0.4340094
-0.0020626 -0.1190476 0.1523255 42208094 -0.02307637 -0.1794998 0.4355699
0.001505127 -0.1149135 0.1546245 42438293 -0.01758556 -0.1747859 0.4384126
0.00321849 -0.1128703 0.1552807 42668526 -0.01502821 -0.1722965 0.4393465
0.004921409 -0.1111202 0.1559419 42878752 -0.01253072 -0.1699317 0.4400369
0.008401729 -0.1079496 0.1566923 43098910 -0.007549307 -0.165418 0.4406579
0.009827583 -0.1065685 0.1565429 43339106 -0.005363793 -0.1632966 0.4405157
0.01125088 -0.1052522 0.1561105 43549316 -0.003157366 -0.161238 0.4401146
0.01431702 -0.1031801 0.1550074 43769515 0.0009906812 -0.1574728 0.4385543
0.01549631 -0.102447 0.153759 44009732 0.003068871 -0.155829 0.4372983
0.01708866 -0.101841 0.1528269 44209917 0.005178071 -0.1543542 0.4359615
0.01986349 -0.1008045 0.1501897 44460134 0.009185505 -0.1515008 0.4327727
0.02124356 -0.1003347 0.1487055 44660319 0.01116089 -0.1500913 0.430995
0.0225657 -0.09999283 0.1470263 44890527 0.01318877 -0.1487976 0.429063
0.02538805 -0.09937533 0.1436239 45140744 0.01727015 -0.1462568 0.4249626
0.02687347 -0.09914061 0.1417281 45330928 0.01935601 -0.144964 0.4226431
0.02853864 -0.09879049 0.1396874 45561128 0.02156951 -0.1435849 0.4201355
0.0320415 -0.09836364 0.1354102 45801349 0.02610442 -0.1408633 0.414639
0.03396958 -0.0983225 0.1331654 46021531 0.02863962 -0.1395665 0.4116172
0.03602412 -0.09832382 0.1308486 46231725 0.03117837 -0.1382572 0.4083841
0.04029186 -0.09841198 0.1257326 46481963 0.03656958 -0.1356686 0.4014264
0.04251279 -0.09850189 0.1228746 46682127 0.03918329 -0.1342504 0.3975502
0.04486529 -0.09842661 0.1199933 46902326 0.04178405 -0.1326311 0.3935471
0.04958736 -0.09852552 0.1142032 47152548 0.04724259 -0.1293715 0.3854028
0.05233368 -0.09823354 0.1117058 47342723 0.05019389 -0.1274745 0.3813465
0.05496147 -0.09767892 0.1086685 47582936 0.05295254 -0.1251462 0.3770006
0.06047453 -0.0966487 0.1032244 47813148 0.05895497 -0.1207086 0.3685635
0.06317675 -0.09636548 0.1003602 48013329 0.06186679 -0.1185728 0.3641842
0.06903733 -0.09529401 0.09484471 48243536 0.06771918 -0.1141847 0.3552617
0.07179923 -0.09478416 0.09172843 48483769 0.07034694 -0.1119799 0.3506781
0.07461552 -0.09466465 0.08871131 48683942 0.07292059 -0.1100351 0.3459777
0.08023603 -0.09493323 0.08240171 48924159 0.07788989 -0.1065947 0.3363529
0.08309516 -0.09519525 0.0795404 49244456 0.08040114 -0.1051593 0.3317177
0.08874471 -0.09590886 0.07350811 49495865 0.08538565 -0.1024571 0.3224159
0.091844 -0.09628312 0.0707909 49714864 0.0879686 -0.1012049 0.3176901
0.09717043 -0.09750393 0.06476922 49915045 0.09213272 -0.09876183 0.3086162
0.09977548 -0.09794121 0.06164141 50165283 0.0937772 -0.09729242 0.3040398
0.1020725 -0.09903218 0.05789591 50375472 0.09518424 -0.09612443 0.2993545
0.1066553 -0.1009092 0.05039747 50585666 0.09744658 -0.09375063 0.2901667
0.1089723 -0.1019194 0.04661644 50826053 0.09852275 -0.09263413 0.2856137
0.111467 -0.1028021 0.0433346 51036069 0.09963665 -0.09153882 0.2812028
0.1163048 -0.1046365 0.0360764 51256279 0.1013186 -0.0891923 0.2722761
0.118783 -0.1054947 0.03310648 51506501 0.1020312 -0.08802629 0.2680973
0.1209281 -0.106177 0.02930062 51706674 0.1025203 -0.08665631 0.2639753
0.1254819 -0.1074234 0.02326019 51926860 0.10349 -0.08402875 0.2562825
0.1278451 -0.1076183 0.02031058 52177102 0.1039152 -0.0824473 0.2525129
0.1303507 -0.1075911 0.01804113 52377279 0.1044266 -0.08093614 0.2489879
0.1349372 -0.1070978 0.0125414 52617500 0.1051944 -0.07782146 0.2422278
0.1370616 -0.1076132 0.009864837 52827689 0.1056616 -0.076442 0.2389268
0.1394472 -0.1067849 0.008235499 53067890 0.1060907 -0.07465318 0.2360185
0.1438213 -0.1049112 0.00360997 53268075 0.106799 -0.07074553 0.2301831
0.1461666 -0.1034174 0.002311617 53498295 0.1073079 -0.06872403 0.2276097
0.1492646 -0.1016869 0.004243031 53738495 0.1081938 -0.06699085 0.2254033
0.1537329 -0.0989212 0.001326591 53938676 0.109669 -0.06301654 0.2204221
0.1563147 -0.09655666 0.0005983561 54168908 0.1105171 -0.0607828 0.2180118
0.1587165 -0.09442641 -0.0001919419 54409117 0.111413 -0.0586492 0.2157244
0.1630852 -0.09004857 -0.001597792 54619310 0.1125681 -0.054042 0.2114433
0.1650091 -0.08818614 -0.002353624 54839489 0.1131122 -0.05167273 0.2094337
0.166982 -0.08570653 -0.002788842 55099724 0.1136176 -0.04923298 0.2075773
0.1703933 -0.08052254 -0.003369406 55289895 0.1147896 -0.04452987 0.2045374
0.1718311 -0.07817015 -0.003751859 55510094 0.1154231 -0.04236381 0.2032418
0.1734594 -0.07547869 -0.003561646 55740302 0.1161651 -0.04029602 0.2019906
0.1734594 -0.07547869 -0.003561646 55960513 0.1161651 -0.04029602 0.2019906
0.177195 -0.06863539 -0.003809929 56200725 0.1176104 -0.03405562 0.1987314
0.1789935 -0.06371872 -0.00467211 56400914 0.1177322 -0.02971544 0.197004
0.1800722 -0.06124851 -0.003913656 56621096 0.1181392 -0.02768773 0.1962546
0.1805212 -0.05992682 -0.0101386 56871322 0.1177926 -0.02578716 0.1944981
0.1814318 -0.05393516 -0.01178285 57071523 0.118043 -0.02140484 0.1936076
0.1816863 -0.05078164 -0.01247004 57301715 0.1181242 -0.01910773 0.1933563
0.1818205 -0.04784184 -0.01298316 57521913 0.1183757 -0.01690829 0.1932367
0.1816152 -0.04202898 -0.01393816 57762126 0.1188621 -0.01295578 0.1934675
0.1812072 -0.03885556 -0.01425783 57972328 0.1190468 -0.01108438 0.1939267
0.1805752 -0.03548132 -0.01454045 58212537 0.1190249 -0.009162733 0.1945806
0.1787565 -0.02796976 -0.01458807 58432744 0.1191638 -0.005427189 0.1965987
0.1776194 -0.0243989 -0.01434723 58652942 0.1192025 -0.003672429 0.1978491
0.1763786 -0.02094637 -0.01415887 58863124 0.1190526 -0.001867903 0.1991258
0.1735719 -0.01368359 -0.01397401 59103353 0.118615 0.001661464 0.2018805
0.1721549 -0.01043587 -0.01353656 59313526 0.1184652 0.003328342 0.2033534
0.170667 -0.007260269 -0.01291063 59543750 0.1183126 0.004989534 0.2049481
0.1675692 -0.001540677 -0.0116805 59783963 0.1179322 0.008415851 0.2081725
0.1659889 0.001613647 -0.01066585 59994144 0.1179167 0.01029016 0.2099989
0.1642095 0.004784621 -0.009764791 60324455 0.1179377 0.01218936 0.2119534
0.1599141 0.01073887 -0.008117452 60554650 0.1180618 0.01585252 0.2164187
0.1547942 0.0169498 -0.005814835 60754835 0.1180159 0.01990516 0.2218859
0.1522013 0.02007174 -0.004102916 60985051 0.1181258 0.02209936 0.224947
0.1495726 0.02262387 -0.001961097 61245269 0.1183802 0.02421996 0.2282869
0.1440663 0.02759917 0.003679246 61425452 0.1189884 0.02832801 0.2360384
0.1415776 0.02947274 0.007373869 61665669 0.1196793 0.03006903 0.2402745
0.1388663 0.03155977 0.01097894 61895873 0.1204203 0.03162077 0.2447196
0.1338443 0.03487988 0.01854731 62106058 0.1223073 0.03389571 0.2536625
0.1316075 0.03586748 0.02230732 62326261 0.1231828 0.03480775 0.257969
0.129613 0.03661969 0.02589349 62566474 0.124074 0.03569337 0.2620137
0.1264003 0.03773172 0.03314173 62776651 0.126032 0.03727766 0.2695864
0.1249675 0.03821877 0.03646804 62996850 0.126899 0.03789797 0.2730678
0.1237019 0.03845612 0.03959779 63267102 0.1277596 0.03829526 0.2763014
0.1214059 0.03837607 0.04546638 63447273 0.1293859 0.03887238 0.2824017
0.1204489 0.03838494 0.04846521 63697482 0.1302155 0.03919999 0.2853374
0.1186267 0.03858211 0.05439846 64027793 0.1317145 0.03999818 0.2911128
0.1168803 0.03847447 0.05981775 64227969 0.1331748 0.04052333 0.296567
0.116315 0.03836079 0.06243621 64448172 0.1339199 0.04084986 0.2989498
0.1156848 0.03820565 0.06430663 64698402 0.1345261 0.04118138 0.3009285
0.1145598 0.03781704 0.06696925 64898578 0.1355256 0.04200366 0.3040735
0.1141172 0.03733363 0.06845215 65128782 0.1360766 0.04231364 0.3056533
