0.1539614 0.004568188 0.01553139 0 0.1487697 0.0334132 0.1549849
0.1534578 0.004657909 0.01476889 110099 0.1485642 0.03335094 0.1542645
0.1529264 0.004907434 0.01397904 230228 0.148302 0.03343067 0.1535186
0.1529264 0.004907434 0.01397904 340323 0.148302 0.03343067 0.1535186
0.1523432 0.005674769 0.01311144 450418 0.1480336 0.03373193 0.1527555
0.151765 0.006725588 0.01218015 580714 0.1477872 0.03411466 0.1519667
0.1510424 0.00801986 0.01114431 670605 0.1474788 0.03471349 0.1510764
0.1510424 0.00801986 0.01114431 790733 0.1474788 0.03471349 0.1510764
0.1501428 0.009851736 0.01017254 910830 0.1470138 0.03572125 0.1502698
0.1492855 0.01228774 0.009144407 1010920 0.146466 0.03711826 0.1494361
0.1492855 0.01228774 0.009144407 1121011 0.146466 0.03711826 0.1494361
0.1482918 0.01511616 0.008174944 1231301 0.1457628 0.03889639 0.148654
0.1469776 0.01859477 0.007348041 1351219 0.1447608 0.04115573 0.1480333
0.1469776 0.01859477 0.007348041 1451317 0.1447608 0.04115573 0.1480333
0.1456894 0.0226773 0.006658735 1571426 0.1437477 0.04382418 0.1475675
0.1442129 0.02690079 0.006053855 1681517 0.1426066 0.04668836 0.1471642
0.1442129 0.02690079 0.006053855 1791637 0.1426066 0.04668836 0.1471642
0.1429314 0.03154543 0.00560917 1901716 0.1414757 0.04990834 0.1469136
0.1429314 0.03154543 0.00560917 2021824 0.1414757 0.04990834 0.1469136
0.1414221 0.03626395 0.005169916 2131944 0.1401562 0.05324565 0.1466488
0.1396407 0.04114734 0.004849937 2242039 0.138692 0.056822 0.146482
0.137732 0.04614922 0.00462951 2352122 0.1371039 0.0605688 0.1463966
0.137732 0.04614922 0.00462951 2462222 0.1371039 0.0605688 0.1463966
0.13594 0.05159579 0.00445782 2572321 0.1355285 0.06445538 0.1463758
0.1338451 0.05669004 0.004338481 2682432 0.1338679 0.06828486 0.146366
0.1338451 0.05669004 0.004338481 2802545 0.1338679 0.06828486 0.146366
0.1315538 0.06250136 0.004420121 2912644 0.1319845 0.07240427 0.1465749
0.1291896 0.06835426 0.004571973 3032757 0.1300199 0.07663287 0.1468289
0.1291896 0.06835426 0.004571973 3132827 0.1300199 0.07663287 0.1468289
0.1265367 0.07400088 0.004818336 3242930 0.1279368 0.08079687 0.1471493
0.1237021 0.07997648 0.005235592 3363034 0.125614 0.08524838 0.1476252
0.1237021 0.07997648 0.005235592 3473134 0.125614 0.08524838 0.1476252
0.1206448 0.08581445 0.005714164 3583241 0.1231316 0.08975603 0.148138
0.1173569 0.09161606 0.006288191 3693341 0.1204253 0.09423113 0.1487312
0.1173569 0.09161606 0.006288191 3813457 0.1204253 0.09423113 0.1487312
0.1135776 0.09716935 0.006978269 3923561 0.1174595 0.09855646 0.1494187
0.1096931 0.102641 0.007714974 4033652 0.1143805 0.1028228 0.1501378
0.1096931 0.102641 0.007714974 4143812 0.1143805 0.1028228 0.1501378
0.105368 0.1077024 0.008406523 4273852 0.1109169 0.1069103 0.1507963
0.1009468 0.1125247 0.00911298 4363938 0.107268 0.1109005 0.1514635
0.1009468 0.1125247 0.00911298 4484046 0.107268 0.1109005 0.1514635
0.09599855 0.1172643 0.009800303 4594162 0.1034496 0.1148041 0.1520841
0.09084952 0.1221869 0.01061288 4704265 0.09938078 0.1186975 0.1528145
0.09084952 0.1221869 0.01061288 4814356 0.09938078 0.1186975 0.1528145
0.08559749 0.1267335 0.01138382 4924460 0.09520441 0.1223606 0.1534924
0.07968523 0.131203 0.01224477 5044556 0.09072284 0.1259001 0.1542177
0.07968523 0.131203 0.01224477 5154651 0.09072284 0.1259001 0.1542177
0.07358909 0.1356647 0.01313603 5284773 0.08604756 0.129379 0.1549511
0.06718651 0.1395723 0.01407269 5374854 0.08117945 0.132577 0.1557114
0.06718651 0.1395723 0.01407269 5484949 0.08117945 0.132577 0.1557114
0.06064331 0.1432789 0.01505035 5625084 0.07614177 0.1355798 0.1564957
0.05370507 0.1467346 0.01616899 5725166 0.07082097 0.1384508 0.1573947
0.05370507 0.1467346 0.01616899 5825256 0.07082097 0.1384508 0.1573947
0.04643943 0.1493574 0.0172307 5955378 0.06530836 0.1409002 0.1582225
0.03932106 0.151411 0.01826135 6055480 0.05966432 0.1430775 0.1590554
0.03932106 0.151411 0.01826135 6165580 0.05966432 0.1430775 0.1590554
0.03162623 0.1535215 0.01946944 6285684 0.05369958 0.1451848 0.1600024
0.02368976 0.155438 0.02075988 6385778 0.04745969 0.1471617 0.1610194
0.02368976 0.155438 0.02075988 6495862 0.04745969 0.1471617 0.1610194
0.01577392 0.1569766 0.02211495 6605969 0.04105547 0.1489156 0.1621225
0.00791017 0.1579158 0.02349403 6726077 0.03473324 0.1501659 0.1632321
0.00791017 0.1579158 0.02349403 6836173 0.03473324 0.1501659 0.1632321
-0.0001859851 0.158823 0.02497596 6936259 0.02824202 0.1512747 0.1644074
-0.008477672 0.1593755 0.02655928 7066376 0.02156323 0.1520546 0.1656643
-0.008477672 0.1593755 0.02655928 7166471 0.02156323 0.1520546 0.1656643
-0.01681823 0.1591834 0.02811729 7276566 0.01475916 0.1524999 0.1669137
-0.02532967 0.1589866 0.02980966 7396687 0.007830525 0.1527791 0.1682587
-0.02532967 0.1589866 0.02980966 7496769 0.007830525 0.1527791 0.1682587
-0.0340524 0.1580991 0.03151877 7616885 0.0008263818 0.1525772 0.1695739
-0.04257354 0.1563551 0.033155 7746999 -0.006093566 0.1518544 0.1708329
-0.04257354 0.1563551 0.033155 7847085 -0.006093566 0.1518544 0.1708329
-0.05108204 0.1542319 0.03494833 7977211 -0.01301364 0.150732 0.1722247
-0.05975353 0.1515643 0.03679939 8077297 -0.01995027 0.1491327 0.1736059
-0.05975353 0.1515643 0.03679939 8167370 -0.01995027 0.1491327 0.1736059
-0.06825722 0.1483559 0.03856502 8287495 -0.02668646 0.1471172 0.174861
-0.07650961 0.1447176 0.04038599 8397578 -0.03321214 0.144683 0.1761489
-0.07650961 0.1447176 0.04038599 8507689 -0.03321214 0.144683 0.1761489
-0.08488546 0.1406208 0.04226193 8617793 -0.03980233 0.1417926 0.1774373
-0.09304617 0.1361521 0.04410929 8737893 -0.04616005 0.1385926 0.1786529
-0.09304617 0.1361521 0.04410929 8847996 -0.04616005 0.1385926 0.1786529
-0.1011857 0.1313401 0.04603664 8958084 -0.05256629 0.1351793 0.1799309
-0.1089265 0.1259953 0.04801322 9078192 -0.05872808 0.1314119 0.1812687
-0.1089265 0.1259953 0.04801322 9188295 -0.05872808 0.1314119 0.1812687
-0.1157638 0.1202947 0.04997963 9288386 -0.06449164 0.1273407 0.1827493
-0.1224384 0.1141899 0.05205049 9408486 -0.07005585 0.1230246 0.1842786
-0.1224384 0.1141899 0.05205049 9518589 -0.07005585 0.1230246 0.1842786
-0.1285804 0.1077833 0.05410323 9628705 -0.07519733 0.1183814 0.1858006
-0.1342926 0.1015611 0.05613761 9748817 -0.08018141 0.1135972 0.1874135
-0.1393359 0.0940213 0.05794419 9858913 -0.08512823 0.1086615 0.1889154
-0.1393359 0.0940213 0.05794419 9969004 -0.08512823 0.1086615 0.1889154
-0.1440337 0.08651369 0.05986701 10079095 -0.08931729 0.1033183 0.190366
-0.1483318 0.07918826 0.06173444 10189211 -0.09330267 0.09783485 0.1918511
-0.1483318 0.07918826 0.06173444 10299294 -0.09330267 0.09783485 0.1918511
-0.152286 0.07173428 0.06355228 10409410 -0.09696937 0.09217611 0.1932768
-0.1557704 0.06424492 0.06540519 10529518 -0.100263 0.08640359 0.1947659
-0.1557704 0.06424492 0.06540519 10639613 -0.100263 0.08640359 0.1947659
-0.158611 0.05663334 0.06728327 10749709 -0.1029997 0.08047668 0.1962993
-0.1609035 0.04878263 0.06917211 10859816 -0.1053484 0.07439189 0.1978735
-0.1609035 0.04878263 0.06917211 10969915 -0.1053484 0.07439189 0.1978735
-0.1628147 0.04113735 0.07102761 11080011 -0.1073477 0.06831765 0.1994445
-0.1642324 0.03329831 0.07269467 11200115 -0.1090301 0.06216658 0.200857
-0.1642324 0.03329831 0.07269467 11310210 -0.1090301 0.06216658 0.200857
-0.1650783 0.02477571 0.07422949 11420322 -0.1102568 0.05566664 0.2020834
-0.1657161 0.01652331 0.0756484 11530413 -0.111136 0.04905421 0.2031984
-0.1657161 0.01652331 0.0756484 11650517 -0.111136 0.04905421 0.2031984
-0.1679048 0.009529777 0.07733653 11770630 -0.1132204 0.04317943 0.2045513
-0.1676727 0.0008006824 0.07839815 11870728 -0.1135769 0.03642731 0.2053258
-0.1676727 0.0008006824 0.07839815 11980824 -0.1135769 0.03642731 0.2053258
-0.1669718 -0.007938867 0.07927335 12100936 -0.1135066 0.02948406 0.2059511
-0.1658755 -0.01700254 0.08003172 12211019 -0.1133414 0.02259259 0.2064384
-0.1658755 -0.01700254 0.08003172 12311126 -0.1133414 0.02259259 0.2064384
-0.1642253 -0.02594932 0.08049197 12431258 -0.112645 0.01560821 0.2066612
-0.1625267 -0.03484152 0.08099294 12541321 -0.1117005 0.008602393 0.2068325
-0.1625267 -0.03484152 0.08099294 12661434 -0.1117005 0.008602393 0.2068325
-0.1605443 -0.04365806 0.08137151 12771541 -0.110526 0.001646321 0.2068782
-0.1582373 -0.0524046 0.08168267 12871632 -0.1090958 -0.005265799 0.2068598
-0.1582373 -0.0524046 0.08168267 12981735 -0.1090958 -0.005265799 0.2068598
-0.1553329 -0.06129228 0.08188596 13101827 -0.1072519 -0.01216817 0.206711
-0.1522865 -0.0697168 0.08197056 13211926 -0.1051571 -0.01888292 0.2064735
-0.1522865 -0.0697168 0.08197056 13322038 -0.1051571 -0.01888292 0.2064735
-0.1502886 -0.07661173 0.08208761 13442130 -0.1035978 -0.02478172 0.2063449
-0.1471548 -0.08325985 0.0820172 13552225 -0.1000531 -0.0313171 0.2060722
-0.1471548 -0.08325985 0.0820172 13662329 -0.1000531 -0.0313171 0.2060722
-0.1422869 -0.09189221 0.08195522 13772428 -0.09642021 -0.03802675 0.2056525
-0.137622 -0.09981408 0.08185588 13882528 -0.09266932 -0.04431979 0.2051681
-0.137622 -0.09981408 0.08185588 13992643 -0.09266932 -0.04431979 0.2051681
-0.131482 -0.1079889 0.08183879 14132761 -0.08851597 -0.05042123 0.2049084
-0.1257947 -0.115356 0.08167201 14232856 -0.08405887 -0.0563524 0.2044847
-0.1257947 -0.115356 0.08167201 14332946 -0.08405887 -0.0563524 0.2044847
-0.1196499 -0.1223678 0.08124941 14463056 -0.07919697 -0.06222778 0.20394
-0.1129437 -0.1292098 0.0808605 14573163 -0.0738555 -0.06783931 0.2033841
-0.105795 -0.1353653 0.08035494 14663248 -0.06822772 -0.07304794 0.2028764
-0.105795 -0.1353653 0.08035494 14803375 -0.06822772 -0.07304794 0.2028764
-0.09818295 -0.1412123 0.07973737 14893456 -0.06222818 -0.07798276 0.2022752
-0.09818295 -0.1412123 0.07973737 15003547 -0.06222818 -0.07798276 0.2022752
-0.08994883 -0.1464986 0.07903963 15163700 -0.05591586 -0.08241324 0.2016817
-0.08154391 -0.1513076 0.07834583 15343846 -0.04936853 -0.08650476 0.2011122
-0.0728032 -0.1555342 0.07746264 15514000 -0.04257827 -0.09021457 0.2004507
-0.0635823 -0.1595604 0.07653476 15714197 -0.03559558 -0.09358606 0.1997029
-0.05480626 -0.1628355 0.075539 15934387 -0.02871339 -0.0964807 0.1989183
-0.03644842 -0.1679904 0.07306883 16184617 -0.01460701 -0.10105 0.1969566
-0.0267951 -0.1697146 0.07155459 16374793 -0.007237784 -0.102663 0.1957634
-0.01768417 -0.171138 0.07026417 16605001 -1.142651E-06 -0.1039661 0.1946888
0.001387115 -0.1722711 0.06671787 16855210 0.01466832 -0.1053537 0.1918255
0.01092593 -0.1718801 0.06476694 17065404 0.02199961 -0.1053575 0.1902993
0.02058943 -0.1711493 0.06277051 17275614 0.02924475 -0.1050237 0.188702
0.03836293 -0.1683179 0.05869597 17505797 0.04341932 -0.1033366 0.1854166
0.04693385 -0.166367 0.05655309 17725996 0.05014996 -0.1019923 0.1836428
0.05454167 -0.1637533 0.05425104 17946195 0.05623853 -0.1001163 0.1817411
0.0664496 -0.1563975 0.04880573 18176398 0.06550145 -0.09455365 0.1771829
0.07284322 -0.1529247 0.04608718 18406610 0.07020476 -0.09174329 0.1747578
0.08477284 -0.1455699 0.04037035 18636814 0.07916012 -0.08578875 0.1696026
0.09033675 -0.141278 0.03745795 18847012 0.08330823 -0.08251783 0.1670886
0.09582283 -0.137335 0.03472039 19067206 0.08739213 -0.0791405 0.1645225
0.1010838 -0.1329232 0.03181906 19307427 0.09143565 -0.0756346 0.161939
0.1103558 -0.1234967 0.02623884 19507624 0.09875076 -0.0682114 0.1570636
0.1150612 -0.1190633 0.02371917 19737824 0.1021592 -0.06454619 0.1547447
0.1206169 -0.1138105 0.02084926 19958022 0.1062171 -0.06065274 0.1522766
0.1252755 -0.09836585 0.01571664 20188230 0.1102559 -0.04955689 0.1487518
0.1281588 -0.09263624 0.01341562 20408437 0.11281 -0.04508021 0.1468664
0.1307558 -0.08099715 0.009396492 20628632 0.1146337 -0.0352584 0.1433901
0.1329772 -0.07490006 0.007475742 20858823 0.1165929 -0.03071702 0.1419587
0.1345894 -0.06884466 0.005746926 21079030 0.118037 -0.02606562 0.1406626
0.1377282 -0.05745228 0.002642509 21299233 0.1208689 -0.01721566 0.1383002
0.1390632 -0.05206035 0.001334287 21529449 0.1218465 -0.01292824 0.13727
0.1399757 -0.04656562 4.591084E-05 21769665 0.122544 -0.008628399 0.1362926
0.1411604 -0.03574373 -0.002207707 21969850 0.1229118 -0.0002495844 0.1345893
0.1414585 -0.03024169 -0.003057139 22190033 0.1229779 0.003823716 0.1340716
0.1419047 -0.02525848 -0.003783153 22450280 0.123042 0.007580052 0.1335925
0.1420254 -0.01579018 -0.004877521 22650598 0.1230438 0.01477503 0.1330055
0.141966 -0.01166491 -0.0053313 22870655 0.122774 0.01814931 0.1326869
0.1414648 -0.007548265 -0.005724584 23110876 0.122408 0.02151308 0.1324729
0.141291 -0.000991915 -0.006358226 23311052 0.1220553 0.02717909 0.1319987
0.1411731 0.001811507 -0.006707473 23541260 0.1220291 0.02958788 0.1317419
0.1404801 0.004804692 -0.006909017 23791470 0.1215994 0.03202625 0.1316866
0.1405853 0.009269533 -0.007016809 23991662 0.121495 0.03599209 0.1316473
0.1403719 0.01138502 -0.006984905 24211861 0.1213702 0.03780164 0.1317499
0.1404908 0.01324428 -0.006862576 24452066 0.1214841 0.03945111 0.1319113
0.1405896 0.01680737 -0.006353411 24662256 0.1216339 0.04224798 0.13257
0.1407946 0.01795185 -0.006077834 24882454 0.1217584 0.04333781 0.1328446
0.1410376 0.01900644 -0.005754573 25132680 0.1219678 0.04430608 0.133179
0.141287 0.0205151 -0.004616088 25342882 0.121958 0.04568498 0.1343052
0.1410368 0.02111391 -0.003581879 25573240 0.1217497 0.04606684 0.1353844
