0.1547146 -0.00153225 -0.007258669 0 0.1027861 0.03843846 0.2140616
0.1547146 -0.00153225 -0.007258669 100086 0.1027861 0.03843846 0.2140616
0.1549141 -0.001729301 -0.007396728 220206 0.1024775 0.03825044 0.2137815
0.1551102 -0.001480847 -0.007533804 330294 0.1021168 0.03813327 0.2135998
0.1551102 -0.001480847 -0.007533804 440409 0.1021168 0.03813327 0.2135998
0.1552552 -0.0009357371 -0.007679075 560522 0.1017394 0.03803112 0.2135328
0.1553446 -0.0001399444 -0.007605255 670613 0.1013372 0.03803388 0.2136307
0.1553446 -0.0001399444 -0.007605255 780716 0.1013372 0.03803388 0.2136307
0.1552672 0.001115924 -0.007677346 890799 0.1008499 0.03812679 0.2138948
0.1551341 0.002832296 -0.007582515 1000915 0.100242 0.03854473 0.2142722
0.1551341 0.002832296 -0.007582515 1121007 0.100242 0.03854473 0.2142722
0.1546962 0.004634622 -0.007211104 1231107 0.09946942 0.03918998 0.2149513
0.1541568 0.006709877 -0.006824613 1341206 0.09860027 0.04007747 0.2157037
0.1541568 0.006709877 -0.006824613 1451305 0.09860027 0.04007747 0.2157037
0.1534151 0.009126971 -0.006418258 1561405 0.09758964 0.04123127 0.2166235
0.1526378 0.01186126 -0.006050751 1671520 0.09652601 0.04255106 0.2175696
0.1526378 0.01186126 -0.006050751 1781615 0.09652601 0.04255106 0.2175696
0.1516786 0.01447181 -0.005554393 1901728 0.09536329 0.04396448 0.2186514
0.1507014 0.01711562 -0.005198479 2011819 0.0941841 0.04540509 0.2196797
0.1507014 0.01711562 -0.005198479 2121923 0.0941841 0.04540509 0.2196797
0.1496801 0.0199622 -0.005190194 2242039 0.09292194 0.046912 0.2206031
0.1486051 0.02237059 -0.004885674 2342129 0.09171642 0.04820069 0.2216536
0.1486051 0.02237059 -0.004885674 2452225 0.09171642 0.04820069 0.2216536
0.1474067 0.02532242 -0.005210876 2572337 0.09032306 0.04951892 0.2225922
0.1462077 0.02812415 -0.005387619 2682781 0.08888689 0.05089287 0.2235214
0.1462077 0.02812415 -0.005387619 2792528 0.08888689 0.05089287 0.2235214
0.1449161 0.03080659 -0.00567165 2902615 0.0872142 0.05233959 0.2243793
0.1435758 0.03338592 -0.005814448 3012726 0.08549313 0.05364674 0.2253151
0.1435758 0.03338592 -0.005814448 3132835 0.08549313 0.05364674 0.2253151
0.1420625 0.03615909 -0.006170437 3262956 0.08367778 0.05488205 0.2263072
0.1403491 0.03888028 -0.006370082 3363043 0.08181432 0.05605594 0.2275092
0.1386357 0.04185995 -0.00646697 3473142 0.0799135 0.05717869 0.2287553
0.1386357 0.04185995 -0.00646697 3583245 0.0799135 0.05717869 0.2287553
0.1366014 0.04513141 -0.006574765 3693345 0.07776318 0.05835725 0.2302086
0.1366014 0.04513141 -0.006574765 3803428 0.07776318 0.05835725 0.2302086
0.1342406 0.04830488 -0.006542251 3913539 0.07546467 0.05964715 0.2319147
0.1318251 0.05155374 -0.006286234 4033636 0.07301585 0.06099194 0.2336926
0.1290855 0.05460471 -0.005579039 4143735 0.070373 0.06240759 0.2358609
0.1290855 0.05460471 -0.005579039 4253842 0.070373 0.06240759 0.2358609
0.1259881 0.05762375 -0.004580542 4363934 0.06746674 0.06380409 0.2383806
0.1259881 0.05762375 -0.004580542 4474033 0.06746674 0.06380409 0.2383806
0.1226892 0.06052975 -0.002989233 4594154 0.0644058 0.06513634 0.241289
0.1188494 0.0638008 -0.001390412 4694236 0.0609693 0.06649151 0.244557
0.1147344 0.06623737 0.0008638352 4804351 0.05723348 0.06783973 0.2482546
0.1147344 0.06623737 0.0008638352 4924444 0.05723348 0.06783973 0.2482546
0.1105121 0.06849855 0.003629178 5034547 0.05329407 0.06936185 0.2522243
0.10613 0.07029445 0.006962955 5144638 0.04921317 0.07069331 0.2565876
0.10613 0.07029445 0.006962955 5254738 0.04921317 0.07069331 0.2565876
0.1015797 0.07213385 0.01034358 5364837 0.04512313 0.07185886 0.2611482
0.1015797 0.07213385 0.01034358 5504980 0.04512313 0.07185886 0.2611482
0.09707286 0.07375853 0.01382142 5595057 0.04120435 0.07284199 0.26581
0.09222122 0.07560101 0.01657143 5695139 0.03717971 0.07371262 0.2703965
0.08800676 0.07721161 0.01971792 5845270 0.03361963 0.07465383 0.2747761
0.08800676 0.07721161 0.01971792 5925379 0.03361963 0.07465383 0.2747761
0.08400559 0.07852168 0.02289966 6035454 0.03021058 0.0754521 0.2790568
0.0798493 0.08030292 0.02557281 6175585 0.02670756 0.07640512 0.2831408
0.0798493 0.08030292 0.02557281 6265658 0.02670756 0.07640512 0.2831408
0.07601704 0.08189593 0.0284678 6375761 0.02322611 0.07747174 0.2870492
0.07208998 0.083665 0.03119025 6495866 0.01932997 0.07885477 0.2907642
0.07208998 0.083665 0.03119025 6595952 0.01932997 0.07885477 0.2907642
0.06820609 0.08548467 0.03361143 6706055 0.01514447 0.08048802 0.2941273
0.06438263 0.0874086 0.03586721 6846186 0.01092415 0.08216477 0.2972667
0.06438263 0.0874086 0.03586721 6936259 0.01092415 0.08216477 0.2972667
0.06070624 0.0892132 0.03794701 7046362 0.006937593 0.08378722 0.3002531
0.05706152 0.09122919 0.0398147 7166471 0.003076866 0.08529346 0.3030214
0.05706152 0.09122919 0.0398147 7266561 0.003076866 0.08529346 0.3030214
0.05341902 0.09323218 0.04137805 7376657 -0.0006479919 0.08672162 0.3056094
0.04988316 0.09524117 0.04273622 7516791 -0.004280895 0.0882156 0.3079599
0.04988316 0.09524117 0.04273622 7606872 -0.004280895 0.0882156 0.3079599
0.04644151 0.09717904 0.0438247 7716972 -0.008021146 0.08994273 0.3100122
0.0433151 0.09890823 0.04498218 7847077 -0.01179877 0.09184659 0.3118264
0.0433151 0.09890823 0.04498218 7947188 -0.01179877 0.09184659 0.3118264
0.04001006 0.1007731 0.04579982 8057267 -0.01569563 0.09375755 0.3134483
0.03672154 0.1026858 0.04657011 8187400 -0.01947647 0.09552217 0.3149585
0.03672154 0.1026858 0.04657011 8287478 -0.01947647 0.09552217 0.3149585
0.03348086 0.1045265 0.04719739 8387577 -0.0230045 0.09703855 0.3163491
0.03017727 0.1063222 0.04753697 8537700 -0.02653497 0.09847943 0.3175319
0.02685525 0.1081205 0.0474668 8617785 -0.03005573 0.09988478 0.3183711
0.02685525 0.1081205 0.0474668 8727884 -0.03005573 0.09988478 0.3183711
0.02362826 0.1099062 0.04728374 8857989 -0.03370973 0.1013997 0.3189278
0.02362826 0.1099062 0.04728374 8958080 -0.03370973 0.1013997 0.3189278
0.02051087 0.111433 0.04696971 9058174 -0.03730962 0.1027364 0.3192988
0.01733013 0.1128847 0.04655497 9168281 -0.04085815 0.1038868 0.3195649
0.01733013 0.1128847 0.04655497 9288378 -0.04085815 0.1038868 0.3195649
0.01402766 0.1145103 0.04595613 9398489 -0.04429227 0.1049506 0.3196555
0.01097424 0.1158224 0.04542005 9518594 -0.04748896 0.1057086 0.3196521
0.01097424 0.1158224 0.04542005 9618696 -0.04748896 0.1057086 0.3196521
0.007669168 0.117254 0.04456598 9738792 -0.05063647 0.1063646 0.3194456
0.004572806 0.1183549 0.04378945 9838887 -0.05385313 0.1068928 0.319113
0.004572806 0.1183549 0.04378945 9948978 -0.05385313 0.1068928 0.319113
0.001376325 0.1195435 0.04275554 10069094 -0.05702227 0.1073936 0.3185356
-0.001543919 0.1204481 0.04176466 10179186 -0.06009651 0.1077912 0.3178589
-0.001543919 0.1204481 0.04176466 10299290 -0.06009651 0.1077912 0.3178589
-0.004581563 0.1212434 0.04075682 10399396 -0.06312525 0.107926 0.3171226
-0.007671076 0.1219729 0.03975506 10519497 -0.06609324 0.1079106 0.3163243
-0.007671076 0.1219729 0.03975506 10629596 -0.06609324 0.1079106 0.3163243
-0.01055777 0.1224314 0.03885561 10739691 -0.06896377 0.1077476 0.3155194
-0.01336979 0.1228577 0.03800157 10849807 -0.07171369 0.1075355 0.3146803
-0.01336979 0.1228577 0.03800157 10979920 -0.07171369 0.1075355 0.3146803
-0.01625896 0.123201 0.03714344 11080015 -0.07445776 0.1072894 0.3138183
-0.01915288 0.1232597 0.03630175 11190106 -0.07715839 0.1068797 0.3129737
-0.01915288 0.1232597 0.03630175 11320219 -0.07715839 0.1068797 0.3129737
-0.0218014 0.1234248 0.03558785 11410309 -0.07970521 0.1065171 0.3120911
-0.0243221 0.1233642 0.03490731 11540414 -0.08220258 0.1060626 0.3112131
-0.02710175 0.1234321 0.03426063 11660531 -0.0847269 0.1056907 0.3103359
-0.02710175 0.1234321 0.03426063 11750600 -0.0847269 0.1056907 0.3103359
-0.0295615 0.1231628 0.0337726 11860715 -0.08708799 0.1050879 0.3095562
-0.0295615 0.1231628 0.0337726 11990837 -0.08708799 0.1050879 0.3095562
-0.03204049 0.1229282 0.03349715 12080914 -0.08945692 0.1045485 0.3088931
-0.03443967 0.1225736 0.03318658 12191013 -0.09168166 0.1039475 0.3082182
-0.03443967 0.1225736 0.03318658 12331136 -0.09168166 0.1039475 0.3082182
-0.03679663 0.1221766 0.03288421 12431230 -0.09388065 0.1033808 0.3075296
-0.03895367 0.1217387 0.03259826 12531312 -0.09589077 0.102799 0.3068578
-0.04100339 0.1212184 0.03239202 12661434 -0.09786072 0.1021724 0.3062267
-0.04100339 0.1212184 0.03239202 12751519 -0.09786072 0.1021724 0.3062267
-0.04305593 0.1206073 0.03222719 12861602 -0.09976032 0.1014592 0.3056259
-0.0449944 0.1199684 0.03209578 13001733 -0.1016562 0.1007596 0.305021
-0.0449944 0.1199684 0.03209578 13111832 -0.1016562 0.1007596 0.305021
-0.04716334 0.1195266 0.03187415 13201922 -0.1034288 0.100129 0.3043144
-0.04888873 0.1189296 0.03166746 13342040 -0.1050721 0.0994361 0.3036464
-0.04888873 0.1189296 0.03166746 13432133 -0.1050721 0.0994361 0.3036464
-0.05074551 0.1181645 0.03149995 13532224 -0.1067962 0.09861553 0.3029834
-0.05232954 0.117268 0.03143334 13702361 -0.1084848 0.09767708 0.3023937
-0.05406974 0.1165241 0.03139025 13922560 -0.1100575 0.09673971 0.3017813
-0.05562455 0.1155476 0.03129213 14152771 -0.111626 0.09575056 0.3011806
-0.05732897 0.1146134 0.03118345 14352956 -0.1130232 0.09468137 0.3005621
-0.058563 0.1132625 0.03097473 14583156 -0.1143062 0.09332018 0.2999702
-0.06133088 0.110588 0.03042147 14813380 -0.1167925 0.09056228 0.2986132
-0.06290504 0.109362 0.03001156 15053584 -0.1180028 0.08920658 0.2977549
-0.06542534 0.1059875 0.02883944 15253777 -0.1199647 0.08576746 0.2960183
-0.06671812 0.1042848 0.02836691 15473960 -0.1207974 0.08380972 0.2951948
-0.06821161 0.1022266 0.0278558 15714176 -0.1217126 0.08164386 0.2943273
-0.07073767 0.09766696 0.02687669 15934375 -0.1239803 0.07711443 0.292579
-0.07179355 0.09510034 0.02631284 16144585 -0.1251249 0.07456493 0.2916568
-0.07295657 0.09259052 0.02568509 16374785 -0.1261669 0.07198559 0.2906487
-0.07535722 0.08794649 0.02405494 16604997 -0.1275549 0.0668514 0.288353
-0.07655214 0.08571596 0.02296311 16815170 -0.1281556 0.06440265 0.2869653
-0.07767033 0.08319712 0.02172661 17005362 -0.1286586 0.06182725 0.2855274
-0.07902149 0.08097977 0.02054158 17115453 -0.1290499 0.05934234 0.2840344
-0.08033182 0.07863814 0.01928896 17225553 -0.1294623 0.05680956 0.2824824
-0.081404 0.07642034 0.01799829 17345661 -0.1298438 0.05434584 0.2809265
-0.081404 0.07642034 0.01799829 17455752 -0.1298438 0.05434584 0.2809265
-0.08263415 0.07393479 0.01664266 17575861 -0.1303123 0.05178978 0.2792723
-0.08386337 0.07174138 0.01531552 17675947 -0.1307058 0.04939657 0.2776122
-0.08386337 0.07174138 0.01531552 17786058 -0.1307058 0.04939657 0.2776122
-0.08514947 0.06931327 0.01397036 17896158 -0.1310998 0.04691466 0.2759384
-0.08659877 0.06669081 0.0125877 18006261 -0.1315015 0.04440807 0.2741998
-0.08659877 0.06669081 0.0125877 18126365 -0.1315015 0.04440807 0.2741998
-0.08792717 0.06436244 0.0112831 18236465 -0.1319551 0.04207833 0.2724993
-0.08936532 0.06193646 0.01000214 18346564 -0.1324681 0.03972372 0.2707662
-0.08936532 0.06193646 0.01000214 18466673 -0.1324681 0.03972372 0.2707662
-0.09067573 0.05960945 0.008829266 18576772 -0.1329495 0.03742996 0.2691549
-0.09202948 0.05716334 0.007793933 18706881 -0.1334674 0.0351127 0.2676505
-0.09202948 0.05716334 0.007793933 18796971 -0.1334674 0.0351127 0.2676505
-0.09321573 0.0547751 0.006915644 18907078 -0.1339825 0.0328713 0.2663345
-0.09434761 0.05249066 0.006119862 19047184 -0.1345072 0.03069924 0.265091
-0.0953762 0.04996138 0.005325451 19137282 -0.1350397 0.02851642 0.2639122
-0.0953762 0.04996138 0.005325451 19247381 -0.1350397 0.02851642 0.2639122
-0.09660623 0.04739992 0.004715651 19377507 -0.1356322 0.02635559 0.2628177
-0.09753072 0.04487609 0.004109576 19477585 -0.1361492 0.02421001 0.2618389
-0.09753072 0.04487609 0.004109576 19577679 -0.1361492 0.02421001 0.2618389
-0.0982286 0.04229628 0.003672153 19687779 -0.1366388 0.02203227 0.2611022
-0.0982286 0.04229628 0.003672153 19807883 -0.1366388 0.02203227 0.2611022
-0.09892254 0.03963806 0.003356606 19927983 -0.1371751 0.01979498 0.2604644
-0.09961282 0.03696654 0.003186315 20058097 -0.1377227 0.01751796 0.2599525
-0.1000241 0.03426642 0.002987102 20248268 -0.1382225 0.01519233 0.2595196
-0.1004512 0.03132373 0.00283426 20388399 -0.1387562 0.01271443 0.2591241
-0.1007388 0.02819872 0.002617389 20508519 -0.1392247 0.01012091 0.2587427
-0.1007388 0.02819872 0.002617389 20758745 -0.1392247 0.01012091 0.2587427
-0.1016359 0.02177754 0.002341136 20968927 -0.1399078 0.004615522 0.2580679
-0.1015701 0.01848772 0.001923352 21189137 -0.1399291 0.001844265 0.257749
-0.1020962 0.0151686 0.001648873 21419325 -0.1401393 -0.0008920115 0.2572996
-0.1028509 0.008556308 0.001133204 21639544 -0.1408322 -0.006233635 0.2564459
-0.1032246 0.005185278 0.0007863045 21859743 -0.1412008 -0.008878046 0.2559265
-0.1036562 0.001927542 0.0004433841 22079921 -0.1415623 -0.01153716 0.2553729
-0.1046822 -0.004796543 -0.0002798587 22300136 -0.1422057 -0.01702563 0.2541847
-0.1051479 -0.008271306 -0.0006634444 22540341 -0.1424754 -0.01979064 0.2536039
-0.10584 -0.01532104 -0.001701593 22770544 -0.1428176 -0.02529998 0.2523195
-0.1065487 -0.0189952 -0.002141535 22970733 -0.1430848 -0.02813018 0.2515871
-0.1066847 -0.02278864 -0.002632469 23210946 -0.1431787 -0.03103486 0.2510701
-0.1071082 -0.03019961 -0.003682807 23421148 -0.1433339 -0.03696464 0.2498895
-0.1073562 -0.0341722 -0.004187897 23651351 -0.1433475 -0.03990867 0.249337
-0.107352 -0.03821576 -0.004701987 23871538 -0.1431411 -0.0429368 0.2489371
-0.1070874 -0.04588614 -0.005294681 24101762 -0.143025 -0.04904389 0.2485289
-0.1069498 -0.0495912 -0.00539799 24341975 -0.1429914 -0.05202284 0.2485053
-0.1065881 -0.05315748 -0.005517781 24532146 -0.1428997 -0.05497512 0.2485585
-0.1053671 -0.06007948 -0.005395502 24762350 -0.142671 -0.06075759 0.2492049
-0.1043988 -0.0633805 -0.005300552 24982561 -0.1424386 -0.06356916 0.2497158
-0.1035727 -0.06665636 -0.005064026 25212748 -0.1423505 -0.06630346 0.2502645
-0.1015934 -0.07256277 -0.004477069 25432959 -0.1419865 -0.07138737 0.2516271
-0.1009156 -0.07502613 -0.00392504 25653162 -0.1419615 -0.07382999 0.2524077
-0.100223 -0.07722946 -0.003349423 25883374 -0.1418681 -0.07610579 0.2532406
-0.09795588 -0.08140694 -0.001809523 26093567 -0.141909 -0.08031087 0.2554645
-0.09659823 -0.08294645 -0.0007883459 26333776 -0.1420129 -0.08227704 0.2568536
-0.09543469 -0.08414257 0.000364989 26563984 -0.1420318 -0.08414821 0.2583542
-0.09253966 -0.08611955 0.002993673 26804201 -0.1417279 -0.08760438 0.2619503
-0.09099744 -0.08682495 0.004579082 26994372 -0.1415013 -0.08923358 0.2640719
-0.09006896 -0.08654006 0.006289765 27224572 -0.1417841 -0.09054135 0.2659735
-0.08695728 -0.08676497 0.009868011 27464781 -0.1422465 -0.09279097 0.270238
-0.08573692 -0.08681536 0.01161915 27674974 -0.1427048 -0.09373325 0.272151
-0.08418918 -0.08684827 0.01328993 27895181 -0.1429127 -0.09467872 0.2741296
-0.08193645 -0.08707007 0.01663499 28145415 -0.1432724 -0.09684838 0.2779397
-0.08068287 -0.08710743 0.01821028 28345592 -0.143405 -0.09797804 0.2797645
-0.07974335 -0.08749624 0.01980376 28565782 -0.1435963 -0.0991777 0.281534
-0.07709799 -0.08835007 0.02263403 28806007 -0.1435431 -0.1017896 0.2849364
-0.0761096 -0.08894615 0.02382392 29006192 -0.1433215 -0.1031313 0.286429
-0.07457796 -0.08976267 0.0248964 29236387 -0.1428447 -0.1044759 0.2879415
-0.07262603 -0.09113634 0.02685347 29476608 -0.1421105 -0.1069519 0.2905468
-0.0713796 -0.09172362 0.02774259 29686802 -0.1415985 -0.1081801 0.2918163
-0.07007584 -0.09246848 0.02865092 29907009 -0.1411534 -0.1093958 0.2930618
-0.06754201 -0.09366309 0.03042674 30157222 -0.1403318 -0.111581 0.2954235
-0.06630011 -0.09437009 0.03118844 30347390 -0.1398462 -0.1126394 0.2964746
-0.06502118 -0.09500615 0.03177971 30587599 -0.1391 -0.1136147 0.2974462
-0.062368 -0.09679579 0.03252746 30817839 -0.1371786 -0.1158055 0.2990597
-0.0609559 -0.09784033 0.03272508 31018003 -0.1359716 -0.1169607 0.299759
-0.05951349 -0.09898697 0.03269754 31248215 -0.134613 -0.1179913 0.3002593
-0.05692627 -0.101513 0.03229389 31488428 -0.1318615 -0.1199601 0.300867
-0.05534192 -0.1028961 0.03209633 31688608 -0.1302421 -0.1210909 0.3012322
-0.05360547 -0.1041752 0.03195249 31918804 -0.1285388 -0.1222787 0.3016553
-0.05084785 -0.1069559 0.03130431 32159029 -0.1251636 -0.1246011 0.3021442
-0.04895106 -0.1083708 0.03099476 32379224 -0.1233743 -0.1256699 0.3023189
-0.04564052 -0.1114768 0.03029229 32589425 -0.1200164 -0.1278426 0.3024736
-0.04358954 -0.1130139 0.0299966 32839635 -0.1180615 -0.1289831 0.3026149
-0.04178943 -0.1145859 0.0297177 33039824 -0.1161894 -0.1302175 0.3027685
-0.03810468 -0.1178116 0.02889121 33260018 -0.1121573 -0.1325634 0.3028217
-0.03625875 -0.1194008 0.02845171 33480233 -0.1101849 -0.1337963 0.3027599
-0.0341318 -0.1210829 0.02791421 33700428 -0.1079728 -0.1349063 0.3025817
-0.03023746 -0.1245135 0.02674539 33950642 -0.1038171 -0.1370128 0.3020069
-0.02827509 -0.126059 0.02614614 34150822 -0.101766 -0.1378551 0.3016395
-0.02645577 -0.1276536 0.02540991 34381034 -0.09974466 -0.138638 0.3011422
-0.02250862 -0.1306794 0.02407214 34621251 -0.09572253 -0.1400651 0.300065
-0.0205493 -0.1320721 0.02332382 34821432 -0.09373757 -0.1406583 0.2994021
-0.01853189 -0.1333654 0.02258095 35051643 -0.09172398 -0.1410443 0.2986986
-0.01454455 -0.1355956 0.0212542 35291864 -0.0878695 -0.1417892 0.2973329
-0.01264207 -0.1364236 0.02059621 35492041 -0.086007 -0.1420818 0.2966581
-0.01052141 -0.1372338 0.02000703 35722240 -0.08397928 -0.1424273 0.2960052
-0.006429754 -0.1389601 0.01903903 35942439 -0.07989937 -0.1429754 0.2948945
-0.004273246 -0.1393856 0.01870096 36162650 -0.0778105 -0.1431822 0.2944398
-0.002280445 -0.1398973 0.01829903 36392833 -0.07580072 -0.1433466 0.2939421
0.0017776 -0.1406721 0.01746193 36633062 -0.07200629 -0.1432566 0.2926449
0.00397374 -0.1409266 0.01718812 36833251 -0.07017803 -0.1430785 0.2919276
0.006019468 -0.1413441 0.01670606 37093486 -0.0683375 -0.1429888 0.2911031
0.01008804 -0.1415023 0.01614149 37293659 -0.06474733 -0.142638 0.289753
0.01214413 -0.1413997 0.01592889 37503856 -0.06295794 -0.142387 0.2890918
0.01410171 -0.1413242 0.01567736 37744061 -0.06129172 -0.1420317 0.2883561
0.01786692 -0.1410747 0.01527928 37964272 -0.05822468 -0.1411916 0.2868497
0.01963249 -0.1408388 0.01503763 38204472 -0.05668458 -0.1407137 0.2861407
0.02309436 -0.1401355 0.01465406 38404665 -0.05376276 -0.139848 0.2847446
0.02476842 -0.1398913 0.01448815 38624868 -0.05238548 -0.1393898 0.2840187
0.02647197 -0.1395323 0.01420958 38885103 -0.05098936 -0.1387621 0.2831707
0.02967052 -0.1390706 0.0136361 39075274 -0.04836982 -0.1375018 0.2814637
0.03129893 -0.1384758 0.01338476 39295469 -0.04705134 -0.1369034 0.2806467
0.03278485 -0.13812 0.01301904 39535690 -0.04578465 -0.1363407 0.2798094
0.03439997 -0.137433 0.0126963 39745880 -0.04446015 -0.1356978 0.2789409
0.03751018 -0.1365684 0.01205188 39966070 -0.04192796 -0.1342148 0.2771264
0.03914494 -0.135914 0.01190095 40196286 -0.04069358 -0.133449 0.2762448
0.04063461 -0.1353194 0.01154406 40436487 -0.03947505 -0.1326409 0.2753345
0.04387705 -0.1342601 0.01093607 40636683 -0.03673589 -0.1311447 0.2735063
0.04546111 -0.1337538 0.01061609 40896906 -0.03545299 -0.1303862 0.2725413
0.04874216 -0.1331301 0.009353131 41087090 -0.03281945 -0.1286188 0.2700534
0.05043737 -0.1327493 0.008603618 41317290 -0.03157404 -0.1276585 0.2686244
0.0521086 -0.1325519 0.00789088 41547501 -0.03039158 -0.1267634 0.2671849
0.05533731 -0.1317176 0.006302759 41757683 -0.02807263 -0.1249227 0.2643507
0.05679253 -0.1315504 0.005140409 41977878 -0.0269323 -0.1238391 0.2628422
0.05852266 -0.1311325 0.004331931 42238117 -0.02579838 -0.1225939 0.2612541
0.06184488 -0.1300505 0.002656952 42428284 -0.02364433 -0.1200983 0.258155
0.06328966 -0.1298112 0.001498461 42678518 -0.02264556 -0.1189432 0.2566019
0.06496781 -0.1290179 0.0005843639 42888712 -0.02147332 -0.1175505 0.2550987
0.06819014 -0.1279189 -0.001723111 43118919 -0.01942757 -0.1144468 0.2517217
0.06978838 -0.1272687 -0.002729788 43329109 -0.01849449 -0.1129266 0.2500895
0.07148463 -0.1262774 -0.003771544 43559321 -0.01751691 -0.1113525 0.2484095
0.07525738 -0.1246061 -0.006335303 43790064 -0.0152005 -0.1078364 0.2446621
0.07746879 -0.1239089 -0.007697225 43989697 -0.01391411 -0.1058283 0.2424922
0.07980329 -0.1228607 -0.009105667 44239931 -0.01264346 -0.1036317 0.240201
0.08457159 -0.1201728 -0.01138701 44440100 -0.01005113 -0.09907997 0.2358879
0.08690447 -0.1183 -0.01218481 44670328 -0.008649021 -0.09678369 0.2340735
0.08927957 -0.1163063 -0.01312582 44920537 -0.007151306 -0.09440474 0.2322486
0.09427055 -0.1120363 -0.01416737 45110725 -0.004013747 -0.08947826 0.2287743
0.09679336 -0.1097526 -0.0146796 45340929 -0.002445489 -0.08700509 0.2270286
0.09921627 -0.1071106 -0.01499075 45581129 -0.0009016097 -0.08458925 0.2254739
0.1033637 -0.1014974 -0.01557438 45931454 0.001968503 -0.07972651 0.2229884
0.1068925 -0.09488922 -0.01593497 46121629 0.004325226 -0.07433725 0.2208782
0.1083516 -0.09119996 -0.01578821 46351825 0.005112335 -0.07146502 0.2199535
0.1095495 -0.0872967 -0.01585087 46582033 0.005656928 -0.06845614 0.2190832
0.1115661 -0.07931083 -0.01511379 46812248 0.006618798 -0.06261174 0.2178604
0.1125963 -0.07532451 -0.01440737 47012437 0.007267267 -0.05977668 0.2174104
0.1136199 -0.07163263 -0.01397182 47252646 0.008014247 -0.0570689 0.2169648
0.1157047 -0.06450046 -0.01265465 47462840 0.009820879 -0.05215864 0.2163404
0.1167437 -0.0612612 -0.01222843 47683042 0.01080202 -0.04987631 0.2160234
0.1178083 -0.057842 -0.0115733 47923259 0.01178411 -0.04756306 0.2157136
0.1198916 -0.05158073 -0.01079817 48153467 0.01336466 -0.04298993 0.2147027
0.1209744 -0.04843654 -0.01045354 48353652 0.01410784 -0.04059475 0.2140882
0.122055 -0.04545682 -0.0103768 48573842 0.01473932 -0.03814811 0.213336
0.1237856 -0.03880798 -0.01036544 48824072 0.015486 -0.03301935 0.2119201
0.1245689 -0.035424 -0.01055537 49024257 0.01559481 -0.03027835 0.2110694
0.1253929 -0.03208793 -0.01097205 49244451 0.01550223 -0.02742332 0.2099827
0.1274757 -0.02598254 -0.01085734 49464634 0.01571816 -0.02174216 0.2076924
0.1286927 -0.02321065 -0.01075472 49694858 0.01622668 -0.01914007 0.2066563
0.1300581 -0.02063515 -0.01029448 49955089 0.017125 -0.01671126 0.2057744
0.1328714 -0.01626225 -0.009937629 50135255 0.01947832 -0.01265226 0.2043194
0.1343956 -0.01422364 -0.009454295 50375476 0.02089648 -0.01081447 0.203646
0.137612 -0.01139351 -0.00843522 50615677 0.02368912 -0.007444561 0.2019984
0.1391491 -0.009960715 -0.008006021 50815849 0.02508244 -0.006041239 0.201248
0.1406296 -0.008474822 -0.007550493 51036068 0.02650034 -0.004820685 0.2005819
0.1420048 -0.007215355 -0.007065371 51286294 0.02783884 -0.003701495 0.199965
0.1445887 -0.004480539 -0.006415561 51486458 0.03028306 -0.001499944 0.1987409
0.1456766 -0.003433824 -0.00571689 51706669 0.03117919 -0.0003211683 0.1980753
0.1467867 -0.002271689 -0.005175263 51956883 0.03205012 0.0008757523 0.197363
0.1488919 -0.0005775701 -0.003943264 52157072 0.03402829 0.002685221 0.1962287
0.149834 0.0001644106 -0.003048092 52397280 0.03516135 0.003425784 0.1958742
0.1516942 0.001260125 -0.001893044 52627504 0.03722483 0.004730794 0.1950616
0.1524904 0.001728723 -0.001258552 52827669 0.03826834 0.005240356 0.1948171
0.1531501 0.00225949 -0.0007843077 53087912 0.03915049 0.005636885 0.1946346
0.1540715 0.003694096 -0.0003036261 53278087 0.04047656 0.006489584 0.1944811
0.1542518 0.004393446 -0.0001341552 53608394 0.04083225 0.006892046 0.1945208
0.153963 0.005777542 9.959936E-05 53828588 0.04104303 0.00742982 0.1950414
0.1535325 0.006333374 0.0003479719 54058792 0.04088145 0.007643568 0.1954345
