0.1483311 0.0004609407 0.004658908 0 0.08247927 0.0521111 0.1199934
0.1483222 0.0004340143 0.004526586 110100 0.08227506 0.05206085 0.1197599
0.1483222 0.0004340143 0.004526586 230216 0.08227506 0.05206085 0.1197599
0.1483896 0.0005598248 0.004353613 330303 0.0821612 0.05191631 0.1196036
0.1484009 0.000766951 0.004107804 460432 0.08215231 0.05161066 0.1195733
0.1484493 0.001115415 0.003842086 560510 0.08224416 0.05122946 0.1196511
0.1484493 0.001115415 0.003842086 660609 0.08224416 0.05122946 0.1196511
0.1484263 0.001495662 0.003443331 800743 0.08237259 0.05097036 0.1196131
0.1487618 0.001956556 0.003282875 900813 0.0824756 0.05088276 0.1195525
0.1487618 0.001956556 0.003282875 1000916 0.0824756 0.05088276 0.1195525
0.1488138 0.00257295 0.002871007 1111019 0.08232401 0.05099318 0.1192362
0.1488138 0.00257295 0.002871007 1221123 0.08232401 0.05099318 0.1192362
0.1488402 0.003290687 0.002435059 1341219 0.08205783 0.05123035 0.1188316
0.1487183 0.00393122 0.001935095 1451314 0.08179119 0.05161456 0.1183538
0.1487343 0.004675623 0.001458258 1571423 0.0817354 0.05201573 0.1179757
0.1487343 0.004675623 0.001458258 1671513 0.0817354 0.05201573 0.1179757
0.1487235 0.005697709 0.0008713905 1781608 0.08174947 0.05239186 0.1176635
0.1483999 0.006719116 0.0001026098 1911738 0.08166143 0.05284939 0.1172531
0.1483999 0.006719116 0.0001026098 2021841 0.08166143 0.05284939 0.1172531
0.1484187 0.007692423 -0.0002885158 2131941 0.08152363 0.05349664 0.1169005
0.1483149 0.008733322 -0.0006647403 2252045 0.08114746 0.05429552 0.1164628
0.1483149 0.008733322 -0.0006647403 2352127 0.08114746 0.05429552 0.1164628
0.1484016 0.009825539 -0.0008380706 2462226 0.0808109 0.05514017 0.116142
0.1485472 0.01104568 -0.0009541804 2572326 0.08051863 0.05592794 0.1159388
0.1485472 0.01104568 -0.0009541804 2682425 0.08051863 0.05592794 0.1159388
0.1485214 0.01234755 -0.001192599 2792525 0.08022448 0.0566204 0.1157762
0.1469642 0.01422293 -0.002894073 2922658 0.07957189 0.05741213 0.1150009
0.1469642 0.01422293 -0.002894073 3022740 0.07957189 0.05741213 0.1150009
0.1470016 0.01565978 -0.003285199 3132832 0.07963857 0.05802644 0.1149245
0.1471784 0.01700727 -0.003619581 3242927 0.07980452 0.05880759 0.1147854
0.1471784 0.01700727 -0.003619581 3363039 0.07980452 0.05880759 0.1147854
0.1489114 0.0176366 -0.002601295 3463130 0.08057049 0.05958263 0.1151964
0.1471259 0.01936453 -0.004634886 3583238 0.08000225 0.06054262 0.1141298
0.1471259 0.01936453 -0.004634886 3713392 0.08000225 0.06054262 0.1141298
0.1469248 0.02055 -0.005305677 3803445 0.0799605 0.06124223 0.1137161
0.1467219 0.02173607 -0.005879431 3913536 0.07982682 0.06201065 0.1133232
0.1467219 0.02173607 -0.005879431 4023636 0.07982682 0.06201065 0.1133232
0.1467025 0.02293884 -0.006302386 4143744 0.07981543 0.06290148 0.1130097
0.1464327 0.02404662 -0.006850987 4263856 0.07974932 0.06376837 0.1126554
0.1464327 0.02404662 -0.006850987 4363943 0.07974932 0.06376837 0.1126554
0.146204 0.02510925 -0.007273107 4484063 0.07951862 0.06461553 0.1123035
0.1459442 0.02631468 -0.007676869 4594150 0.07920474 0.06546567 0.1119864
0.1459442 0.02631468 -0.007676869 4694265 0.07920474 0.06546567 0.1119864
0.1455163 0.02750855 -0.008079081 4834379 0.07887593 0.06619645 0.1117898
0.1452419 0.02880351 -0.008334427 4924448 0.07867186 0.06685404 0.1117774
0.1452419 0.02880351 -0.008334427 5034556 0.07867186 0.06685404 0.1117774
0.1448707 0.02995026 -0.008569389 5144651 0.07849707 0.06746674 0.1118188
0.1445094 0.03106456 -0.008831053 5264752 0.07844692 0.06812162 0.1118701
0.1445094 0.03106456 -0.008831053 5374960 0.07844692 0.06812162 0.1118701
0.1442195 0.03212291 -0.009017616 5484958 0.07846826 0.06882323 0.1119622
0.1438016 0.03305727 -0.009312659 5605063 0.07822223 0.06955917 0.1118204
0.1438016 0.03305727 -0.009312659 5715154 0.07822223 0.06955917 0.1118204
0.143568 0.03401133 -0.0095506 5815260 0.07793111 0.07034422 0.1116021
0.1432748 0.03493521 -0.009791521 5935361 0.07770169 0.07108633 0.1114501
0.1432748 0.03493521 -0.009791521 6045468 0.07770169 0.07108633 0.1114501
0.1430098 0.03594993 -0.009953409 6155568 0.07741642 0.07175577 0.1113796
0.142657 0.03691849 -0.01011887 6285681 0.07710256 0.07232768 0.1113515
0.1424827 0.03812315 -0.01021948 6385771 0.07684585 0.0729586 0.1113722
0.1424827 0.03812315 -0.01021948 6495867 0.07684585 0.0729586 0.1113722
0.1421864 0.03938323 -0.01035252 6615971 0.07650186 0.07361583 0.1113846
0.1421864 0.03938323 -0.01035252 6716065 0.07650186 0.07361583 0.1113846
0.1419279 0.04071212 -0.01041439 6826157 0.07614791 0.07435108 0.1114366
0.141531 0.0420853 -0.01049891 6936264 0.07571092 0.07516356 0.1114839
0.141531 0.0420853 -0.01049891 7056385 0.07571092 0.07516356 0.1114839
0.1413396 0.04371198 -0.01043466 7156471 0.07524815 0.07610913 0.1115842
0.1412049 0.04529113 -0.01028636 7266566 0.0748392 0.07710532 0.1117371
0.1412049 0.04529113 -0.01028636 7386670 0.0748392 0.07710532 0.1117371
0.1411395 0.04700075 -0.01018014 7496770 0.07452519 0.07822639 0.1118598
0.1409235 0.04861847 -0.01018348 7616878 0.07417664 0.07934 0.111912
0.1409235 0.04861847 -0.01018348 7726990 0.07417664 0.07934 0.111912
0.1406265 0.05016461 -0.01027038 7837089 0.07387802 0.08048032 0.1119256
0.1404605 0.05163805 -0.01030925 7957193 0.0737004 0.08159618 0.1119685
0.14008 0.05317887 -0.01043644 8077290 0.07340601 0.08269535 0.1119957
0.14008 0.05317887 -0.01043644 8167371 0.07340601 0.08269535 0.1119957
0.1398635 0.05480073 -0.01045838 8277478 0.07318726 0.08375411 0.1121068
0.1398635 0.05480073 -0.01045838 8417621 0.07318726 0.08375411 0.1121068
0.1394926 0.05629604 -0.01047674 8507690 0.07283534 0.08478694 0.1122072
0.1389683 0.05788404 -0.01049259 8627790 0.07232895 0.08590896 0.1123083
0.1382909 0.05929784 -0.01047578 8727885 0.07176957 0.08706854 0.1124468
0.1382909 0.05929784 -0.01047578 8837992 0.07176957 0.08706854 0.1124468
0.1376912 0.0606277 -0.01029268 8948075 0.07124521 0.08804984 0.1127489
0.1376912 0.0606277 -0.01029268 9058337 0.07124521 0.08804984 0.1127489
0.1371739 0.06230943 -0.01010707 9198326 0.07074288 0.0890886 0.1130841
0.1363896 0.06375767 -0.009939697 9288387 0.07016452 0.09006236 0.1134643
0.1357422 0.06535121 -0.0098429 9398676 0.0696876 0.09103063 0.1137841
0.1357422 0.06535121 -0.0098429 9508585 0.0696876 0.09103063 0.1137841
0.1350999 0.06677513 -0.009617713 9628694 0.06920208 0.09197555 0.1141913
0.134257 0.06789028 -0.009582426 9748806 0.06860548 0.09280755 0.1144147
0.134257 0.06789028 -0.009582426 9848901 0.06860548 0.09280755 0.1144147
0.133586 0.06919922 -0.009517338 9968993 0.06807543 0.09367196 0.1146426
0.1327918 0.07030458 -0.009440687 10079104 0.06752834 0.09436224 0.1149304
0.1327918 0.07030458 -0.009440687 10179195 0.06752834 0.09436224 0.1149304
0.1316839 0.07126481 -0.009474661 10299303 0.0667638 0.09500025 0.1151378
0.1306756 0.07237547 -0.009519007 10419407 0.06608473 0.09566209 0.1153489
0.1306756 0.07237547 -0.009519007 10519502 0.06608473 0.09566209 0.1153489
0.1295029 0.07339576 -0.009515908 10629597 0.06524101 0.09631367 0.1155897
0.1284157 0.07426909 -0.009475376 10749705 0.06430158 0.09693874 0.1157513
0.1284157 0.07426909 -0.009475376 10859805 0.06430158 0.09693874 0.1157513
0.1272597 0.07514837 -0.009434368 10959895 0.06336822 0.09758984 0.1159471
0.1261591 0.07600936 -0.009292867 11100021 0.06239671 0.0981255 0.1162121
0.1261591 0.07600936 -0.009292867 11190115 0.06239671 0.0981255 0.1162121
0.1251677 0.07703233 -0.009194639 11300202 0.06144306 0.09861199 0.1164228
0.1239996 0.0778624 -0.009075429 11410314 0.06046572 0.09909429 0.1166978
0.1239996 0.0778624 -0.009075429 11540431 0.06046572 0.09909429 0.1166978
0.1229575 0.07863562 -0.009000923 11640521 0.05955502 0.09958348 0.1168861
0.1219511 0.07949634 -0.008925345 11750621 0.05860744 0.1001343 0.1170425
0.1219511 0.07949634 -0.008925345 11881058 0.05860744 0.1001343 0.1170425
0.1206543 0.08003813 -0.008867171 11990833 0.05748808 0.1005193 0.1172154
0.1196418 0.08099234 -0.008780982 12080903 0.05649886 0.1009367 0.1173992
0.1196418 0.08099234 -0.008780982 12251068 0.05649886 0.1009367 0.1173992
0.1186405 0.08199193 -0.008617308 12461246 0.05548003 0.1014172 0.1176351
0.1164263 0.08386068 -0.00846305 12681461 0.05344421 0.1024765 0.1180003
0.1152418 0.08472569 -0.008377697 12911867 0.05237367 0.1030037 0.1181915
0.1141607 0.08593344 -0.008325244 13131855 0.05128152 0.1036007 0.1183252
0.112053 0.08807536 -0.008064534 13372384 0.04928717 0.104939 0.1187516
0.1112818 0.08912281 -0.007755305 13582638 0.04838527 0.1056464 0.1190408
0.110121 0.0899327 -0.007699515 13802464 0.04739388 0.1062708 0.1192045
0.1082602 0.09178832 -0.007228876 14032676 0.04560027 0.1074648 0.1197917
0.1070383 0.09277689 -0.007137323 14252867 0.0445995 0.1078514 0.120065
0.1061661 0.09379204 -0.006814385 14493096 0.04375586 0.1082586 0.1204724
0.1045096 0.09550784 -0.006083632 14693276 0.04199621 0.1090949 0.1212495
0.103648 0.09648847 -0.005808497 14933485 0.04112738 0.1094706 0.1215842
0.1027083 0.09746578 -0.005535388 15143671 0.04029213 0.109863 0.1219667
0.1011699 0.099149 -0.004757309 15363873 0.03855276 0.1106452 0.1227307
0.1004475 0.1000937 -0.004340911 15594089 0.03777152 0.1109984 0.1231701
0.09984104 0.101186 -0.003945613 15804267 0.0370273 0.1113832 0.1235561
0.09842537 0.1032666 -0.003264928 16034483 0.03545409 0.1120876 0.1242617
0.09803839 0.1044241 -0.002907658 16284712 0.03489225 0.1125147 0.1245811
0.09705221 0.1061531 -0.002303862 16484881 0.03372887 0.1134224 0.1251464
0.09652485 0.10704 -0.002136373 16705080 0.03322534 0.1137729 0.1253552
0.0960059 0.1080252 -0.00201323 16935287 0.03274937 0.1140921 0.1255331
0.09562717 0.1089402 -0.001788759 17155502 0.03225404 0.1144876 0.1257233
0.09477738 0.110287 -0.001441025 17405724 0.03133789 0.1153534 0.1260581
0.09433408 0.1110656 -0.001363897 17615893 0.03090782 0.1157499 0.1261564
0.09326544 0.1128133 -0.001195454 17826103 0.02985349 0.1162067 0.1263728
0.09252103 0.113515 -0.001134061 18046290 0.02928331 0.1163222 0.1265349
0.09187929 0.1144931 -0.001129769 18296520 0.02882358 0.1166659 0.1266415
0.09061356 0.1161629 -0.001163148 18516727 0.02798474 0.1173532 0.1268309
0.0898803 0.1170572 -0.001232528 18736909 0.02747423 0.1178703 0.1268732
0.08942695 0.1177062 -0.001176619 18957124 0.02696836 0.118326 0.1269046
0.088378 0.1191058 -0.001239084 19167310 0.02623585 0.1190138 0.1269975
0.08800894 0.1195717 -0.001222753 19397522 0.02595143 0.1192609 0.1270544
0.08745788 0.1200815 -0.001326465 19647747 0.02569759 0.1194055 0.1270926
0.086281 0.1210887 -0.001471781 19837907 0.02503362 0.1197715 0.1271877
0.08581185 0.1216339 -0.001466893 20088145 0.02467796 0.1200915 0.1272441
0.08527668 0.1221143 -0.001539015 20298334 0.02433579 0.1203739 0.1272609
0.08397411 0.1230223 -0.001871251 20498503 0.02373204 0.1210605 0.1272539
0.08333474 0.1235679 -0.002008103 20738732 0.02337871 0.1213219 0.1272454
0.08268128 0.1239861 -0.002094053 20969231 0.02292836 0.1216469 0.1272518
0.08134124 0.1250347 -0.002290748 21199139 0.02204487 0.1224071 0.1272596
0.08034974 0.1254295 -0.002537273 21399320 0.02151731 0.1226919 0.1272222
0.07949966 0.1260488 -0.002691411 21629524 0.02098909 0.1230481 0.1272076
0.07764342 0.127233 -0.003004931 21869943 0.0199232 0.1239268 0.1272398
0.07662809 0.1277816 -0.003126644 22090016 0.01925902 0.1242683 0.1272677
0.07563247 0.1286598 -0.003268026 22300137 0.01861018 0.12464 0.1272638
0.07336362 0.1300731 -0.003710054 22520327 0.01739195 0.1256385 0.1272624
0.07223269 0.1308381 -0.003915332 22750734 0.01668072 0.1262189 0.1272292
0.07100311 0.1314974 -0.004116677 22991080 0.01592867 0.1267004 0.1272228
0.06816415 0.1330289 -0.004868053 23190933 0.01440792 0.1277256 0.126997
0.06698021 0.133513 -0.005150817 23411144 0.01365694 0.128347 0.1268954
0.06572908 0.1341008 -0.005451225 23641339 0.01286304 0.1289863 0.1267807
0.06338237 0.1351144 -0.005912922 23871851 0.0112575 0.1300308 0.1266141
0.06196717 0.1358185 -0.006289028 24121785 0.01060082 0.1304369 0.1265221
0.06006776 0.1373647 -0.006103657 24301935 0.009113193 0.1313438 0.1268386
0.05892782 0.1381245 -0.00618603 24562182 0.008406833 0.1319147 0.1269128
0.05798597 0.1391198 -0.00617256 24752346 0.007735014 0.1326682 0.127017
0.05681467 0.1398447 -0.006207488 24982566 0.006982625 0.1332384 0.1271318
0.05453975 0.141197 -0.00636556 25202756 0.005636424 0.1345322 0.1273143
0.05328622 0.1416575 -0.006511352 25442965 0.004906774 0.1351269 0.1273656
0.0521594 0.1420552 -0.006565593 25663164 0.00415051 0.1356063 0.1274487
0.0498322 0.1425102 -0.006760738 25883362 0.002828166 0.1362803 0.1276195
0.04916872 0.1428538 -0.006627701 26123579 0.002374142 0.1365541 0.1278224
0.04746549 0.1431751 -0.006410025 26313751 0.001313746 0.1367779 0.1282575
0.04645926 0.1432334 -0.006317995 26553972 0.0006784201 0.1367624 0.1284726
0.04582845 0.1433949 -0.006022237 26804189 0.0001439154 0.1368647 0.1287981
0.04352044 0.1433116 -0.005743168 26994369 -0.001285225 0.136849 0.1293751
0.04277757 0.1435713 -0.005333683 27234574 -0.001888782 0.13695 0.129823
0.04186948 0.1436285 -0.004992387 27434758 -0.002537072 0.1369562 0.1302473
0.04081792 0.1438422 -0.004688642 27674991 -0.003266394 0.1370361 0.1306498
0.03823909 0.1437962 -0.004310033 27925420 -0.004901856 0.1369147 0.1313283
0.03733225 0.1438698 -0.00399997 28125390 -0.005614698 0.1370004 0.1317005
0.03534214 0.143784 -0.003586195 28335587 -0.007031262 0.1369088 0.1322942
0.03392252 0.1435959 -0.003567121 28565929 -0.007863462 0.1366091 0.1324894
0.03294083 0.1435318 -0.003394506 28795995 -0.008585334 0.1364676 0.1327375
0.03101178 0.1435138 -0.003038428 29026211 -0.01014626 0.1363129 0.1331983
0.02965638 0.1433215 -0.003014705 29226379 -0.01106513 0.1362467 0.1333597
0.02924496 0.143871 -0.002499006 29466604 -0.01158285 0.1363791 0.1338212
0.02787687 0.1443226 -0.001482031 29676790 -0.01273125 0.1362728 0.1348721
0.0271945 0.1448505 -0.0009548877 29896988 -0.01332912 0.1364598 0.1354038
0.02621627 0.1450866 -0.0006234858 30157235 -0.0140599 0.1366116 0.1358033
0.02414365 0.1454422 -9.741513E-05 30337382 -0.01555589 0.1370671 0.1365044
0.02321905 0.145525 0.0001661566 30577607 -0.01631239 0.1371321 0.1368157
0.022618 0.1456952 0.0005328445 30797805 -0.01682454 0.1370664 0.1371933
0.02177112 0.1461225 0.001149753 31028187 -0.0172739 0.1363966 0.1378507
0.02104828 0.1459343 0.001273492 31238195 -0.0176194 0.1360345 0.1380692
0.020151 0.1456436 0.001285532 31478412 -0.01813793 0.1358446 0.1381949
0.01871692 0.1456465 0.001381972 31718798 -0.01921025 0.1358834 0.1383946
0.01781981 0.1454195 0.001325467 31908808 -0.01976758 0.1358471 0.1384451
0.01691315 0.1453807 0.001302341 32149025 -0.02031958 0.1356891 0.1385105
0.01522334 0.1452703 0.001350382 32379224 -0.02141219 0.1355487 0.1387169
0.01457852 0.1451668 0.00144408 32609428 -0.0219121 0.1355816 0.1388588
0.01405531 0.145142 0.001604298 32829906 -0.02237788 0.135501 0.1390305
0.01258358 0.1452643 0.001758435 33029998 -0.02326787 0.1353566 0.1393185
0.01175185 0.145373 0.001824477 33250022 -0.02375436 0.1352389 0.1394576
0.01174341 0.1450015 0.002121904 33500252 -0.02382893 0.1348742 0.1397384
0.01008514 0.145271 0.001992562 33710418 -0.02482319 0.1351346 0.1397784
0.009035811 0.1454621 0.001859525 33930620 -0.02542996 0.1352582 0.1397517
0.008197099 0.1457634 0.001766542 34150823 -0.02597657 0.135297 0.1397117
0.006470636 0.1463498 0.001508692 34391052 -0.02711177 0.1358244 0.1395945
0.005601242 0.1468124 0.001386383 34621252 -0.02764398 0.1361089 0.1395401
0.00378792 0.1474872 0.001021603 34821615 -0.02859187 0.1364708 0.1393561
0.002810717 0.1475749 0.0008606701 35051831 -0.02916425 0.1366709 0.1392982
0.001781851 0.1481076 0.0007738858 35271831 -0.02983835 0.1369434 0.1392722
0.001012757 0.1485375 0.0007530242 35512242 -0.0304012 0.1371384 0.1392791
-0.00076285 0.1492844 0.0005762369 35712232 -0.03142935 0.1374891 0.1392366
-0.001671374 0.149548 0.0004694253 35942452 -0.03206134 0.1377228 0.139188
-0.002765954 0.149769 0.0002629549 36182811 -0.03269947 0.137957 0.139082
-0.005275637 0.1507552 -0.0001793116 36423250 -0.03413096 0.1386936 0.1388464
-0.006400138 0.1511862 -0.0003972262 36613041 -0.03482622 0.1390647 0.1387117
-0.008920878 0.1513911 -0.0008398503 36843265 -0.03645703 0.1396918 0.138484
-0.009910643 0.1515257 -0.0009618014 37053629 -0.03727257 0.1400324 0.1384135
-0.01084825 0.1516233 -0.001027605 37283987 -0.03800261 0.140239 0.1383972
-0.01224717 0.1516726 -0.001196286 37524013 -0.03882459 0.1402974 0.1383405
-0.01438448 0.1515577 -0.001275918 37734049 -0.04035091 0.1405142 0.1384025
-0.01523781 0.1515065 -0.001256606 37964265 -0.04105014 0.1406653 0.1384661
-0.01861671 0.1501097 -0.001774213 38174600 -0.04299611 0.1404515 0.1382923
-0.01876175 0.1497163 -0.001487514 38394653 -0.0432252 0.1402133 0.1385749
-0.01932755 0.1496671 -0.001336476 38654900 -0.0437142 0.1401352 0.1387374
-0.02023685 0.1502916 -0.001009843 38845246 -0.04475313 0.1406718 0.1390353
-0.02096206 0.1501444 -0.0009039849 39095301 -0.04536512 0.1407076 0.1391735
-0.0218195 0.1497636 -0.0008622617 39285461 -0.04599077 0.1405949 0.1392732
-0.02441511 0.1475868 -0.0009325954 39545846 -0.04732227 0.1396849 0.139492
-0.02512625 0.1472912 -0.0008713218 39775899 -0.04783368 0.1395062 0.1395923
-0.02607903 0.147002 -0.0009060117 39986089 -0.04845482 0.1392395 0.1396121
-0.02707013 0.1468814 -0.0007773849 40186282 -0.04956368 0.1392234 0.1397276
-0.02807018 0.1462237 -0.0008952829 40406659 -0.05026224 0.1388872 0.1396748
-0.02900374 0.1455788 -0.001004717 40656702 -0.05091059 0.1384596 0.1396213
-0.03122935 0.1442349 -0.001390717 40896927 -0.05214912 0.1372918 0.1393943
-0.03315723 0.1426238 -0.001769922 41077082 -0.0530473 0.1363254 0.1391945
-0.03417012 0.1421539 -0.001917741 41317290 -0.05372506 0.1359376 0.1390972
-0.03466117 0.1428137 -0.001801393 41557511 -0.05467796 0.1359944 0.1391208
-0.03554723 0.1427479 -0.00189235 41757850 -0.05530512 0.1358552 0.1390629
-0.03662813 0.1425515 -0.002033136 41978081 -0.05589545 0.1356793 0.138991
-0.03858376 0.1423044 -0.002123854 42198089 -0.05715716 0.1355058 0.1389968
-0.03928173 0.142252 -0.002096794 42438318 -0.0577131 0.1355443 0.1390469
-0.04000303 0.1422172 -0.002040646 42678527 -0.05824056 0.1355651 0.1391308
-0.04255325 0.1410766 -0.001998327 42868690 -0.05955499 0.1346959 0.1393398
-0.04334667 0.1411577 -0.001872919 43089035 -0.06001654 0.1344455 0.1394894
-0.04409844 0.1413421 -0.001721046 43459240 -0.06047767 0.134261 0.1396572
-0.04636642 0.1416348 -0.001396558 43679426 -0.06233054 0.1346826 0.1400356
-0.04726276 0.1417531 -0.001348636 43879611 -0.06292766 0.1347513 0.1401145
-0.04785946 0.1419644 -0.001245162 44099797 -0.06336284 0.1348261 0.140229
-0.04855693 0.1421323 -0.001156232 44330017 -0.06386748 0.1349748 0.1403379
-0.05011111 0.141867 -0.0009592986 44590244 -0.06516454 0.13527 0.1405897
-0.05061132 0.1416912 -0.0008087372 44770403 -0.06564781 0.1352278 0.1407482
-0.04960027 0.1424032 -0.0002564405 45000618 -0.06555742 0.1355653 0.1411822
-0.05130821 0.1419015 0.0001311089 45210800 -0.06675935 0.1352378 0.1416342
-0.05204237 0.1417746 0.0003419901 45461022 -0.06743187 0.1351493 0.1418536
-0.05470291 0.1404598 0.0004743124 45691246 -0.06898135 0.1345665 0.1421347
-0.0535554 0.1410916 0.001012542 45891434 -0.06890661 0.1349643 0.1425507
-0.05420309 0.1408635 0.001119712 46131647 -0.06945968 0.1348736 0.142674
-0.05579558 0.140163 0.001316049 46341833 -0.07064325 0.1345337 0.1429286
-0.05643064 0.1398965 0.00142751 46572053 -0.07115823 0.1344088 0.1430582
-0.05711505 0.1395439 0.001533368 46782222 -0.0716632 0.1342224 0.143189
-0.05810007 0.1390513 0.001836398 47022431 -0.07250017 0.1338628 0.143512
-0.05858991 0.1384803 0.001948455 47243237 -0.07292986 0.1336855 0.143644
-0.05899802 0.1380221 0.002015212 47462840 -0.07336161 0.1335319 0.1437183
-0.05975208 0.1370143 0.002104142 47673018 -0.07418823 0.133061 0.1438159
-0.06002602 0.1365302 0.002180436 47893225 -0.07446432 0.1327171 0.1438958
-0.06015921 0.1360344 0.002266147 48143451 -0.07463843 0.1323119 0.1439798
-0.06076622 0.1347884 0.002321818 48373816 -0.07499719 0.1315098 0.1440716
-0.06094185 0.1340395 0.002426126 48593853 -0.0751622 0.1310763 0.1441839
-0.06138399 0.1334985 0.002387741 48834078 -0.07540524 0.1306082 0.1441668
-0.06217012 0.1327665 0.002267697 49044312 -0.0759241 0.1299962 0.1440754
-0.06274363 0.1325722 0.002117135 49244460 -0.07624656 0.1297218 0.1439473
-0.06319883 0.1323931 0.002016403 49604765 -0.0765292 0.1294501 0.143861
-0.06437829 0.1319176 0.001700022 49804946 -0.07722262 0.1289085 0.1435881
-0.06514007 0.1314747 0.001495935 50025153 -0.07784778 0.1287132 0.1434014
-0.06553704 0.1312181 0.001464822 50275370 -0.07815182 0.1284391 0.1433781
-0.06597257 0.1311257 0.001410701 50485580 -0.07837075 0.1280242 0.1433364
-0.06674019 0.1306719 0.001416304 50726089 -0.07888991 0.127356 0.1433587
-0.0672996 0.1305645 0.001367905 51056298 -0.07924497 0.1270627 0.1433232
-0.06835398 0.1304239 0.001277663 51266281 -0.07990527 0.1266656 0.143259
-0.06874982 0.1302528 0.001188495 51616597 -0.08020681 0.1266438 0.1431813
-0.07025635 0.1297425 0.0008268137 51847105 -0.08128425 0.1262705 0.1428571
-0.07075673 0.1293585 0.0007257242 52036968 -0.08167759 0.1261655 0.1427708
-0.07100993 0.1292146 0.0007315653 52267188 -0.0820263 0.1260343 0.1427696
-0.07128522 0.1289497 0.0007946271 52487375 -0.08233082 0.1257291 0.1428294
-0.07235941 0.1282198 0.0009462612 52707569 -0.08288431 0.1249122 0.1430186
-0.07276234 0.1280681 0.0009804744 52937777 -0.08319098 0.124666 0.1430577
-0.07332703 0.1278126 0.000989415 53167985 -0.08357686 0.1244604 0.1430808
-0.07468227 0.1274473 0.0009361284 53428268 -0.08471704 0.1242162 0.1430456
-0.07550499 0.1271437 0.0008703249 53608382 -0.08530119 0.1241284 0.1430013
-0.07615814 0.1268599 0.0008547084 53838586 -0.08589715 0.1239766 0.1429923
-0.0776203 0.1260431 0.000831701 54048784 -0.08699536 0.123401 0.1429984
-0.07825506 0.1256919 0.0008530394 54278983 -0.08755094 0.1230829 0.1430256
-0.0788874 0.1253896 0.0008697287 54519208 -0.08808726 0.1226566 0.1430461
-0.08056033 0.1239886 0.0008837953 54739403 -0.08938473 0.1218086 0.1430936
-0.08128673 0.123519 0.0008134618 54969627 -0.08993667 0.1213979 0.1430349
-0.08259103 0.1226358 0.0005668178 55320263 -0.0909625 0.1206 0.1428062
-0.08442965 0.1216327 0.0001681818 55520120 -0.092215 0.119805 0.1424437
-0.08498123 0.1212575 -1.408927E-05 55750331 -0.09279072 0.1196147 0.1422623
-0.08564618 0.1209369 -0.0002295005 55960509 -0.09339619 0.1194166 0.1420514
-0.08725438 0.1202191 -0.0006946552 56211018 -0.09471589 0.1189094 0.1416038
-0.08781374 0.1198613 -0.0008883704 56541045 -0.09524456 0.1187805 0.1414137
-0.08913451 0.1188036 -0.001297378 56731213 -0.09632713 0.1181486 0.1410194
-0.08952022 0.1183271 -0.001439356 56961420 -0.09660935 0.1177225 0.140883
-0.09030244 0.1173679 -0.001686715 57191818 -0.09713292 0.1168053 0.1406484
-0.09099522 0.116809 -0.001863741 57422010 -0.09759111 0.1162718 0.1404825
-0.09147486 0.1162402 -0.002029204 57762127 -0.09800789 0.1158907 0.1403205
-0.09238562 0.1154216 -0.002256774 58082614 -0.09875745 0.1152841 0.1401006
-0.09378758 0.1146663 -0.00252726 58312627 -0.09978668 0.1147957 0.1398463
-0.09487614 0.1138568 -0.002804064 58522809 -0.1006794 0.1141913 0.1395774
-0.09539586 0.1134786 -0.002892398 58773197 -0.1011163 0.1139184 0.139492
-0.09680903 0.1123981 -0.0029706 58973224 -0.1018796 0.1134358 0.1394354
-0.09768879 0.1112973 -0.003031873 59193426 -0.1027572 0.1127133 0.1393709
-0.09800392 0.1109173 -0.00304141 59413621 -0.1030514 0.1122188 0.1393633
-0.09878219 0.1102819 -0.00310018 59753936 -0.1034872 0.1115705 0.1393163
-0.1000808 0.109054 -0.003370428 60104240 -0.1043013 0.1105713 0.1390591
-0.1014904 0.1078791 -0.003677034 60324455 -0.105469 0.1098115 0.1387544
-0.1027197 0.1066321 -0.003947163 60554809 -0.1064781 0.1089184 0.1384849
-0.103214 0.1061429 -0.004011059 60784859 -0.1069401 0.1084656 0.1384213
-0.105006 0.1042952 -0.004054093 61025383 -0.1081163 0.1074021 0.1383781
-0.105384 0.1036738 -0.00402 61205258 -0.108448 0.106805 0.1384127
-0.1061109 0.1030986 -0.003977561 61445459 -0.1088191 0.1060294 0.1384666
-0.1068221 0.1024145 -0.003949786 61795775 -0.1092257 0.1053391 0.1385
-0.1094795 0.09981506 -0.003989125 61995951 -0.1109597 0.1035357 0.1384547
-0.1105881 0.09895521 -0.004053975 62326250 -0.111647 0.1028842 0.1383879
-0.1120391 0.09722724 -0.004169846 62696596 -0.1129 0.1017408 0.1382561
-0.1136034 0.09519645 -0.004191781 63037085 -0.1140216 0.100216 0.1382192
-0.1150292 0.09261005 -0.004109169 63357188 -0.1150599 0.09861872 0.1382642
-0.1166988 0.09054384 -0.004197145 63677680 -0.115926 0.09682942 0.1381621
-0.11828 0.08791593 -0.004144693 64067821 -0.116757 0.09484185 0.1381788
-0.1196626 0.08560975 -0.004185583 64368108 -0.1176225 0.09311871 0.1381018
-0.121404 0.08329142 -0.004374768 64718424 -0.1187334 0.09140731 0.1378689
-0.1233298 0.08053233 -0.004568841 65018691 -0.1199962 0.08968638 0.1375978
-0.1248023 0.07779559 -0.004716779 65358998 -0.121061 0.08785079 0.1373788
-0.1267339 0.07514251 -0.005037691 65569184 -0.1218082 0.08547027 0.1370022
-0.1280488 0.07376549 -0.005260374 65809393 -0.1221913 0.08412196 0.1367421
-0.130134 0.07089771 -0.005555298 66159859 -0.1233165 0.08188573 0.1363568
-0.1319176 0.0681577 -0.005927708 66490007 -0.1244585 0.08000881 0.1358826
-0.1333528 0.06540549 -0.006176021 66700193 -0.125427 0.07793886 0.1355502
-0.1340643 0.0640188 -0.006288793 67040816 -0.1258287 0.0768675 0.1353916
-0.1352297 0.06101805 -0.006469157 67390986 -0.1267131 0.07497204 0.1350901
-0.1364526 0.05798942 -0.006708411 67701286 -0.1274716 0.07300625 0.1347133
-0.1377975 0.05506527 -0.006971864 68041602 -0.1279643 0.0706845 0.1343279
-0.1389449 0.05209655 -0.007239369 68381892 -0.1286869 0.06855417 0.133935
-0.1404221 0.04889069 -0.00755742 68722560 -0.1295183 0.06649528 0.13343
-0.1418927 0.04590963 -0.00785449 69052490 -0.1301761 0.06418283 0.1329825
-0.1432291 0.04265155 -0.008129625 69372616 -0.1308818 0.06177244 0.1325409
-0.1445484 0.03912546 -0.008417992 69702915 -0.1313657 0.05929128 0.1320306
-0.146066 0.03531027 -0.008590369 70033209 -0.1318285 0.05642379 0.1316159
-0.1474141 0.03143375 -0.008763581 70263424 -0.1322005 0.05336381 0.1312146
-0.1481285 0.02944261 -0.008850127 70523655 -0.1323784 0.05177409 0.1310052
-0.1492229 0.02521646 -0.009009748 70883984 -0.132992 0.04872707 0.1305971
-0.1507075 0.02094992 -0.009132415 71194479 -0.1336485 0.04564947 0.1301701
-0.1515515 0.01652087 -0.009156853 71504536 -0.1342107 0.04259003 0.129861
-0.1520972 0.01238083 -0.008971244 71844843 -0.1345749 0.03952429 0.1298179
-0.1524983 0.008373183 -0.008551866 72165132 -0.1348809 0.03654466 0.1300204
-0.1527103 0.004293193 -0.008089931 72515445 -0.1348264 0.0334046 0.1302537
-0.1533442 8.61697E-05 -0.007633239 72846124 -0.1345516 0.03003553 0.1304107
-0.1530981 -0.00424606 -0.007152945 73166032 -0.1343604 0.02685616 0.1306434
-0.1533006 -0.008849029 -0.006694944 73516344 -0.1339861 0.02317301 0.1308107
-0.1532997 -0.01343677 -0.006173046 73846654 -0.1339362 0.01949707 0.1311102
-0.1533754 -0.01812918 -0.005597981 74196954 -0.1343155 0.01618442 0.1313895
-0.1529585 -0.02262548 -0.005047115 74537273 -0.1343742 0.0128232 0.1317165
-0.1524844 -0.02680738 -0.00460759 74867579 -0.1342576 0.009481046 0.1319837
-0.1516223 -0.03109748 -0.004083308 75217981 -0.1339465 0.006492052 0.1322282
-0.1508276 -0.03491868 -0.003687533 75518162 -0.1331623 0.00296745 0.1325433
-0.1500227 -0.03897845 -0.003302249 75848452 -0.1325268 -0.0004139813 0.1327599
-0.148934 -0.04304522 -0.002878579 76198785 -0.1317917 -0.003692952 0.133003
-0.1474746 -0.04676162 -0.002442869 76559276 -0.1309447 -0.006848959 0.1333511
-0.1461671 -0.05029395 -0.001839432 76859365 -0.1299339 -0.009889422 0.1338448
-0.1445936 -0.05379502 -0.001284871 77229711 -0.1289046 -0.01292622 0.1343243
-0.1432633 -0.05734881 -0.0009292697 77529982 -0.1280171 -0.01611113 0.1346187
-0.1420764 -0.06139262 -0.0006709434 77870285 -0.1268598 -0.01950714 0.1346817
-0.1411038 -0.06560374 -0.0005617479 78210738 -0.1259158 -0.02296406 0.1345583
-0.1397168 -0.06962929 -0.0004593474 78551256 -0.1249754 -0.02641949 0.134529
-0.1383307 -0.07332426 -0.0003110513 78881193 -0.1239264 -0.02951175 0.1345193
-0.1362177 -0.07657315 -3.102879E-05 79211674 -0.1226238 -0.0323928 0.1347635
-0.1342068 -0.07959052 0.0002343309 79551985 -0.1211413 -0.03525832 0.1350312
-0.1317337 -0.08279017 0.0005248438 79892644 -0.1195679 -0.03804103 0.1352682
-0.1290591 -0.08598788 0.0006991276 80242608 -0.1177486 -0.04087454 0.1353955
-0.1265909 -0.08930422 0.000917042 80562727 -0.1157562 -0.04366651 0.1354759
-0.1240973 -0.09258304 0.001122082 80883004 -0.1136448 -0.04656723 0.1355823
-0.1212186 -0.0958574 0.001422251 81213646 -0.1118315 -0.04931459 0.1357796
-0.1185795 -0.09871719 0.001710975 81573615 -0.1100235 -0.05179262 0.1359911
-0.1161456 -0.1012747 0.002018178 81894086 -0.1081529 -0.05422742 0.1362901
-0.1134342 -0.103551 0.002306068 82244228 -0.1062836 -0.05640337 0.1365902
-0.1111015 -0.1060652 0.002421462 82564700 -0.1043634 -0.05864459 0.1366307
-0.1090117 -0.1088783 0.002424085 82904845 -0.1025092 -0.06109819 0.1365175
-0.1067137 -0.1115996 0.00235387 83245277 -0.1007174 -0.06328613 0.1362796
-0.1040458 -0.1140057 0.002278649 83605469 -0.09885696 -0.06531641 0.1361019
-0.1014781 -0.1158934 0.002224766 83915984 -0.09705821 -0.06716613 0.1360619
-0.09886742 -0.117394 0.002118789 84246027 -0.09518394 -0.06846727 0.1359055
-0.09574044 -0.1185816 0.002001726 84576325 -0.09315637 -0.06974521 0.1358471
-0.09306875 -0.1199556 0.001930796 85146856 -0.09085852 -0.0709627 0.1357257
-0.08775899 -0.1231259 0.001853548 85487471 -0.08669448 -0.07348839 0.1354246
-0.08481759 -0.1248563 0.00207337 85807590 -0.08457342 -0.07495216 0.1355492
-0.08178291 -0.1264683 0.002254568 86148140 -0.08242941 -0.07621513 0.1355979
-0.07884011 -0.1279161 0.0024397 86498055 -0.08015621 -0.07751396 0.1357219
-0.07598034 -0.1292803 0.002708636 86808359 -0.07789251 -0.07858989 0.1358743
-0.07267752 -0.1303079 0.00297638 87148650 -0.07567364 -0.07955846 0.1360996
-0.06956398 -0.1314891 0.00330361 87489115 -0.07331091 -0.0803389 0.1362543
-0.0667128 -0.1328347 0.003609381 87829264 -0.07085195 -0.08139029 0.1364348
-0.06352741 -0.1341926 0.003815613 88209790 -0.06850132 -0.08245245 0.1364975
-0.06031314 -0.1355189 0.004038296 88530273 -0.06610426 -0.08347297 0.1365673
-0.05706897 -0.1363525 0.004253827 89060541 -0.06363434 -0.08435425 0.1367655
-0.05205402 -0.1370804 0.004491053 89420858 -0.05992579 -0.08517403 0.1369676
-0.04887781 -0.1374479 0.00464531 89741164 -0.05741313 -0.08556629 0.1370904
-0.04535097 -0.1379804 0.004880629 90071895 -0.0548633 -0.08597011 0.1372087
-0.04221717 -0.1388918 0.005120717 90411603 -0.0522671 -0.08663458 0.1373117
-0.03906977 -0.1397457 0.005360208 90732313 -0.04977065 -0.08732409 0.1374349
-0.03580925 -0.1406465 0.005664669 91092213 -0.04715791 -0.08785942 0.1375396
-0.03239715 -0.1415607 0.005937777 91412810 -0.04470453 -0.08853219 0.1376297
-0.02911919 -0.1425032 0.006169758 91743505 -0.04212448 -0.08918586 0.1376779
-0.0259558 -0.143214 0.006352387 92073430 -0.03958946 -0.08978505 0.1377515
-0.02293685 -0.1436245 0.006410203 92413417 -0.03714418 -0.09028838 0.1377862
-0.02003753 -0.1439981 0.006165705 92733690 -0.03487951 -0.09082565 0.1375379
-0.01742607 -0.1444343 0.005568228 93074147 -0.03273529 -0.09116647 0.1368482
-0.01484257 -0.1451297 0.00492879 93394298 -0.03056172 -0.09158821 0.1360489
-0.0121797 -0.1458698 0.004202447 93724754 -0.02827144 -0.09218837 0.13522
-0.009256244 -0.1467254 0.003643117 94075233 -0.02588904 -0.0927958 0.1344912
-0.005974621 -0.147456 0.003249368 94455544 -0.02326635 -0.09357134 0.1340304
-0.0008574426 -0.1486482 0.002924404 94755519 -0.01903525 -0.09488992 0.1336373
0.0009589046 -0.1490857 0.002849421 95095834 -0.01761171 -0.09530682 0.1334986
0.00457871 -0.1497585 0.002566895 95466168 -0.01473689 -0.09623099 0.1332114
0.01005779 -0.1510259 0.002219042 95786461 -0.0101653 -0.09717379 0.1325925
0.01336159 -0.1521161 0.001879176 96116743 -0.007333755 -0.09788022 0.1320193
0.01549625 -0.1524953 0.001811466 96437028 -0.00577271 -0.09826831 0.1318627
0.01937187 -0.1535116 0.001696786 96757337 -0.002521574 -0.09915648 0.1315908
0.0232472 -0.1543892 0.001583657 97107649 0.0006842911 -0.1000444 0.1313673
0.02719088 -0.1549381 0.001394591 97457953 0.003941044 -0.1008267 0.1311545
0.03297018 -0.154779 0.0009162037 97798447 0.009021387 -0.101716 0.1309817
0.0366087 -0.1546204 0.0006252137 98148577 0.01215124 -0.1018963 0.1307338
0.03947511 -0.1543932 0.0002771226 98468878 0.01489802 -0.101927 0.1304674
0.04328121 -0.1529046 -7.80018E-05 98829191 0.01796472 -0.1015099 0.1303978
0.04588492 -0.1519523 -0.000448385 99390280 0.02052055 -0.101248 0.1302879
0.05029216 -0.1500265 -0.0009788662 99659945 0.02420267 -0.1005059 0.1300682
0.05279616 -0.148574 -0.001424948 100000418 0.02637377 -0.1000547 0.1299295
0.05521205 -0.1469076 -0.001824537 100340547 0.02832994 -0.0989484 0.1296422
0.05761784 -0.1446615 -0.002264658 100681162 0.03024162 -0.09769503 0.1294583
0.05996639 -0.1420003 -0.002854386 101031190 0.03200269 -0.09624607 0.1291716
0.06187443 -0.1399027 -0.003380933 101341640 0.03364779 -0.09479484 0.1288113
0.06383057 -0.1375889 -0.004061022 101701779 0.03523931 -0.09332058 0.1283365
0.06585705 -0.1355055 -0.004581728 102022068 0.03672691 -0.09176434 0.1278735
0.06752588 -0.133482 -0.005091348 102402991 0.0379937 -0.09015667 0.1274116
0.0691734 -0.1314918 -0.005502858 102672671 0.0391984 -0.0884617 0.1269969
0.07081385 -0.1293178 -0.005768456 103083334 0.04041556 -0.08687893 0.1268254
0.07256319 -0.127566 -0.005842366 103383775 0.04145642 -0.08520985 0.1266136
0.07409123 -0.1263534 -0.006082096 103783674 0.0425251 -0.08361691 0.1261428
0.07568368 -0.1251506 -0.00624875 104103951 0.04366712 -0.08239943 0.125863
0.07745507 -0.1243253 -0.006242909 104494315 0.04479942 -0.08117507 0.1255824
0.0805957 -0.1235918 -0.005847849 104844636 0.04687375 -0.07971126 0.125467
0.08280945 -0.1231625 -0.005552687 105185121 0.04849202 -0.07915939 0.1255667
0.08519855 -0.1229188 -0.005262413 105475196 0.05012676 -0.07843658 0.1254953
0.0877687 -0.1225897 -0.005111494 105815686 0.05191112 -0.0776405 0.1252727
0.09021924 -0.1219345 -0.005174198 106195839 0.05399677 -0.07716492 0.125171
0.09257255 -0.1210339 -0.005407609 106756665 0.05596173 -0.07658449 0.1249387
0.09689495 -0.1188841 -0.005609073 107146867 0.05893749 -0.0749408 0.1245234
0.1003166 -0.1164952 -0.006246246 107597099 0.0619549 -0.07336414 0.1240394
0.102573 -0.1149354 -0.00674323 107937414 0.06392609 -0.07235307 0.1236386
0.1047776 -0.1130211 -0.007298507 108277713 0.06581403 -0.07115784 0.1232219
0.1071917 -0.1112376 -0.007661141 108598015 0.06770089 -0.06996378 0.1228885
0.1093067 -0.1092732 -0.008130945 108938330 0.0694982 -0.06862366 0.122518
0.1117878 -0.1076795 -0.008225597 109268608 0.0712712 -0.06714398 0.122241
0.1137499 -0.105758 -0.008530058 109689153 0.07286808 -0.06567675 0.121963
0.1156552 -0.102988 -0.009420909 109999275 0.07494441 -0.06361765 0.1213417
0.1172962 -0.1012035 -0.009830751 110349757 0.07662992 -0.06243894 0.1211266
0.1186845 -0.09972654 -0.01023833 110679905 0.0778794 -0.06122187 0.1207524
0.1201758 -0.09785895 -0.01069311 110990173 0.079061 -0.05999002 0.1203861
0.1212958 -0.09653032 -0.01107804 111300449 0.08007462 -0.058685 0.1199746
0.1222848 -0.09485687 -0.01156906 111630743 0.08102842 -0.05757374 0.1196335
0.1237225 -0.09329312 -0.0116891 111981064 0.08189908 -0.0560573 0.1193473
0.1248359 -0.09163713 -0.01185254 112301531 0.08289342 -0.05471555 0.1192348
0.1262725 -0.08990464 -0.01190308 112681692 0.08402735 -0.0533632 0.1191935
0.1278327 -0.08827809 -0.01182989 113052038 0.08521944 -0.05206889 0.1192398
0.1293634 -0.08661441 -0.01196758 113542477 0.08656187 -0.05094451 0.1191886
0.1305798 -0.08411863 -0.01264504 113892781 0.08792925 -0.04899156 0.1187067
0.13214 -0.08255261 -0.01255182 114223516 0.0890404 -0.04772312 0.1187325
0.1338277 -0.08077523 -0.01246253 114563572 0.09034683 -0.04654759 0.1188544
0.135137 -0.07919036 -0.01249436 114913698 0.09163241 -0.04550472 0.1189548
0.1364883 -0.0775357 -0.01254622 115264018 0.09288326 -0.04429397 0.1189827
0.1378024 -0.0756921 -0.01275054 115774491 0.09407581 -0.04310152 0.1189009
0.1394587 -0.07299276 -0.01310876 116135116 0.09560721 -0.04092309 0.118629
0.1413022 -0.06964453 -0.01356856 116655278 0.09714407 -0.03851882 0.1182931
0.1431552 -0.06584699 -0.0137209 116995589 0.09872815 -0.03591532 0.1183268
0.1441275 -0.06313182 -0.01394657 117345913 0.09978652 -0.03436974 0.1183897
0.1448735 -0.06075441 -0.01434807 117726552 0.1007526 -0.03275535 0.1182251
0.145755 -0.05843113 -0.0147945 118236697 0.1013011 -0.03090843 0.1177672
0.1467965 -0.05458951 -0.01544968 118827250 0.1022472 -0.02821702 0.1173137
0.1482611 -0.04887922 -0.01558701 119198788 0.1033838 -0.02420911 0.117393
0.1489015 -0.04630695 -0.01558319 119667988 0.1039788 -0.02239856 0.1175205
0.1493396 -0.04295305 -0.01610449 120028313 0.1046191 -0.0200147 0.1172378
0.1494107 -0.04113237 -0.01652864 120368969 0.1048791 -0.01867479 0.1169586
0.1494752 -0.03943752 -0.01685945 120728970 0.1049661 -0.01738474 0.1167028
0.1496825 -0.03753865 -0.01701668 121079290 0.1051424 -0.01607171 0.1166307
0.1497982 -0.03570112 -0.01700655 121619754 0.1052425 -0.01464349 0.1167006
0.1499834 -0.03083002 -0.01681343 121990108 0.1053255 -0.01137149 0.1171019
0.1498228 -0.02847282 -0.01677719 122470530 0.1052893 -0.009705481 0.1172781
0.1497979 -0.02460981 -0.01652721 122840860 0.1050478 -0.006919977 0.1176023
0.149934 -0.02203815 -0.01621953 123391701 0.1049865 -0.005153355 0.1179478
0.1498409 -0.01818223 -0.01578584 123712047 0.1047103 -0.002474484 0.118463
0.1495722 -0.01571335 -0.01559022 124072117 0.1045634 -0.0007557237 0.1187851
0.1492823 -0.0136448 -0.01546195 124622463 0.1042409 0.0008266009 0.1189557
0.1485611 -0.009679873 -0.01496354 124992798 0.1031896 0.003990237 0.1194269
0.1481256 -0.007655923 -0.01453892 125493249 0.1025916 0.005438898 0.119854
0.147566 -0.004979637 -0.01344767 125853578 0.1014747 0.007736896 0.1207914
0.1473147 -0.003307153 -0.01241353 126223917 0.1003397 0.009228413 0.121536
0.1467158 -0.001723636 -0.01149359 126594243 0.09965006 0.0102419 0.1224762
0.1460574 -0.0003289616 -0.01046756 126964771 0.09886129 0.01124064 0.1234912
0.1450949 0.002589908 -0.008944899 127314901 0.09736156 0.01323304 0.1249002
0.144569 0.004582961 -0.007703454 127865799 0.0964893 0.01509086 0.1260283
0.1441217 0.008215499 -0.005734831 128205883 0.09600943 0.01796124 0.1280429
0.1440504 0.01026876 -0.004108101 128606099 0.0954575 0.01983276 0.129509
0.1441813 0.01228843 -0.001902252 129066652 0.09461065 0.02191037 0.131351
0.1441188 0.01467007 0.002702446 129406789 0.09313142 0.02457721 0.1353991
