0.1538763 -0.0006261767 -0.004262019 0 0.07841411 0.01504681 0.1155966
0.1543346 -3.142116E-05 -0.004217181 110095 0.07858416 0.01553148 0.1154737
0.1539864 0.0001691754 -0.004617045 230191 0.0785085 0.01598484 0.1152129
0.1539864 0.0001691754 -0.004617045 340311 0.0785085 0.01598484 0.1152129
0.1537131 0.0003851239 -0.005017239 450406 0.07853603 0.01631575 0.1149864
0.1529489 -9.87213E-06 -0.005656101 570511 0.07846481 0.01624787 0.1147352
0.1529489 -9.87213E-06 -0.005656101 680606 0.07846481 0.01624787 0.1147352
0.1526993 -3.937195E-05 -0.005994027 780696 0.07847096 0.01624606 0.1145514
0.152396 1.196059E-05 -0.006353973 900801 0.07850644 0.01627951 0.1144018
0.152396 1.196059E-05 -0.006353973 1030963 0.07850644 0.01627951 0.1144018
0.1523405 0.0002269226 -0.006474692 1121016 0.07841559 0.01636616 0.1142767
0.1524847 0.0006938852 -0.006445333 1231119 0.07815874 0.01658439 0.1140926
0.1524847 0.0006938852 -0.006445333 1341214 0.07815874 0.01658439 0.1140926
0.1535987 0.001679224 -0.005754414 1461323 0.07815033 0.01710512 0.1141449
0.1536331 0.002235476 -0.005761039 1571422 0.07802621 0.01748141 0.1140614
0.1536331 0.002235476 -0.005761039 1671512 0.07802621 0.01748141 0.1140614
0.153471 0.002600968 -0.005871699 1791609 0.07805781 0.01766294 0.114096
0.1533729 0.002854936 -0.005909945 1901712 0.07810511 0.01767676 0.1141789
0.1533729 0.002854936 -0.005909945 2011799 0.07810511 0.01767676 0.1141789
0.1531715 0.003097849 -0.006042502 2131928 0.07808962 0.01768998 0.1141908
0.1530348 0.003395501 -0.006215914 2242015 0.07814702 0.01789275 0.1141498
0.1530348 0.003395501 -0.006215914 2352114 0.07814702 0.01789275 0.1141498
0.1529647 0.003847474 -0.006430255 2462214 0.07818766 0.0182524 0.1140154
0.1527788 0.00449044 -0.006758428 2582318 0.0781154 0.01872807 0.1137775
0.1525547 0.004764404 -0.006938999 2692438 0.07790551 0.01906814 0.113598
0.1525547 0.004764404 -0.006938999 2802533 0.07790551 0.01906814 0.113598
0.152393 0.005608876 -0.007170093 2922625 0.07765093 0.01967591 0.1133371
0.1528117 0.006905197 -0.006954276 3022711 0.07764563 0.02049159 0.1133442
0.1528117 0.006905197 -0.006954276 3142844 0.07764563 0.02049159 0.1133442
0.1524671 0.00796427 -0.007187793 3252939 0.07748592 0.02113501 0.1132722
0.1524671 0.00796427 -0.007187793 3363039 0.07748592 0.02113501 0.1132722
0.1521849 0.009226874 -0.007362658 3493144 0.07737635 0.02175665 0.1132729
0.1517139 0.01024235 -0.007518224 3583225 0.07716426 0.02229018 0.1133265
0.1520159 0.01178 -0.007237664 3693325 0.07717051 0.02307393 0.1134971
0.1520159 0.01178 -0.007237664 3803428 0.07717051 0.02307393 0.1134971
0.1521327 0.01291643 -0.007023905 3913519 0.07718147 0.02378336 0.1136843
0.1514655 0.01441369 -0.007472223 4033636 0.07700445 0.02467526 0.1135918
0.1514655 0.01441369 -0.007472223 4143735 0.07700445 0.02467526 0.1135918
0.1513651 0.01590013 -0.007467355 4253831 0.0767881 0.02568309 0.113565
0.1506472 0.0177495 -0.007999598 4364116 0.07632513 0.0268559 0.1132422
0.1506472 0.0177495 -0.007999598 4474033 0.07632513 0.0268559 0.1132422
0.1500097 0.01917019 -0.00835489 4604155 0.07593283 0.02778426 0.1130727
0.1498088 0.02042807 -0.008323804 4704237 0.07563174 0.02861 0.1130725
0.1498088 0.02042807 -0.008323804 4814349 0.07563174 0.02861 0.1130725
0.1496527 0.0220076 -0.008374876 4924436 0.07530406 0.02966485 0.1129507
0.14938 0.02374201 -0.008485877 5044556 0.07499866 0.03078034 0.1128572
0.14938 0.02374201 -0.008485877 5144639 0.07499866 0.03078034 0.1128572
0.1487597 0.02487706 -0.008679857 5264739 0.07460591 0.031595 0.1128205
0.1480795 0.02642349 -0.008910993 5374842 0.0740964 0.03255579 0.1127243
0.1480795 0.02642349 -0.008910993 5484942 0.0740964 0.03255579 0.1127243
0.1476396 0.02792018 -0.009060712 5595037 0.07377449 0.03359966 0.1126683
0.1480466 0.02928249 -0.008470499 5725162 0.073608 0.03457509 0.1129261
0.1480466 0.02928249 -0.008470499 5825257 0.073608 0.03457509 0.1129261
0.1473359 0.03074517 -0.008545334 5935356 0.07314268 0.03560326 0.1130195
0.1465882 0.03247681 -0.008726181 6065461 0.07281068 0.03658889 0.1131189
0.1465882 0.03247681 -0.008726181 6155559 0.07281068 0.03658889 0.1131189
0.1462216 0.03406265 -0.008508528 6275655 0.07262209 0.03741228 0.1134675
0.1457123 0.03565266 -0.008284352 6405785 0.07231843 0.03838637 0.1138308
0.1457123 0.03565266 -0.008284352 6495854 0.07231843 0.03838637 0.1138308
0.1449613 0.03730702 -0.008395975 6605953 0.07190308 0.03953765 0.1139305
0.1446371 0.03892212 -0.008190024 6716044 0.07151698 0.04072341 0.1141066
0.1446371 0.03892212 -0.008190024 6826164 0.07151698 0.04072341 0.1141066
0.1435038 0.04067218 -0.008481406 6936251 0.07086021 0.04187294 0.1141062
0.1436315 0.04204111 -0.008091719 7056501 0.07068381 0.04275767 0.114319
0.1436315 0.04204111 -0.008091719 7166459 0.07068381 0.04275767 0.114319
0.1427703 0.04423679 -0.008330577 7276583 0.0699825 0.04399519 0.1141771
0.1416788 0.04533187 -0.008473497 7396663 0.06930818 0.0449188 0.1142806
0.1416788 0.04533187 -0.008473497 7506778 0.06930818 0.0449188 0.1142806
0.1426039 0.04702058 -0.007579958 7616878 0.06939147 0.04615346 0.1146716
0.1416554 0.04831253 -0.007655206 7736974 0.06869888 0.04722808 0.1147476
0.1416554 0.04831253 -0.007655206 7837076 0.06869888 0.04722808 0.1147476
0.140321 0.04997401 -0.007920846 7957181 0.06787354 0.04826974 0.1147768
0.1412834 0.05142962 -0.006780113 8067268 0.0680429 0.04919546 0.1154373
0.1412834 0.05142962 -0.006780113 8177375 0.0680429 0.04919546 0.1154373
0.1406597 0.05295193 -0.00662679 8307505 0.06759165 0.05011304 0.1156812
0.1391542 0.05425859 -0.006856057 8407579 0.06674606 0.05098824 0.1158331
0.1397323 0.05564992 -0.005838556 8517865 0.06669481 0.05195695 0.1164649
0.1397323 0.05564992 -0.005838556 8617769 0.06669481 0.05195695 0.1164649
0.1388723 0.05723603 -0.005695639 8747894 0.06611288 0.05290597 0.1167526
0.1382591 0.05859239 -0.005366377 8858184 0.06604414 0.05372145 0.1173835
0.1382591 0.05859239 -0.005366377 8948067 0.06604414 0.05372145 0.1173835
0.1369357 0.0596558 -0.005653031 9068175 0.0653117 0.05444386 0.1174287
0.1369357 0.0596558 -0.005653031 9178287 0.0653117 0.05444386 0.1174287
0.1364393 0.06110287 -0.005270359 9288374 0.06483677 0.05526926 0.1177959
0.136316 0.06230985 -0.004770166 9418491 0.06459013 0.05606905 0.1182043
0.1364007 0.06356782 -0.004276655 9518582 0.06435786 0.05699548 0.118495
0.1364007 0.06356782 -0.004276655 9628681 0.06435786 0.05699548 0.118495
0.1353329 0.0647221 -0.004393785 9738780 0.06367971 0.05784955 0.1185893
0.1353329 0.0647221 -0.004393785 9858889 0.06367971 0.05784955 0.1185893
0.1355092 0.06574652 -0.003853246 9968988 0.06353414 0.05859279 0.1189257
0.1359804 0.06672868 -0.003375684 10079083 0.06310269 0.05938186 0.1188582
0.1359804 0.06672868 -0.003375684 10209213 0.06310269 0.05938186 0.1188582
0.1351362 0.06843816 -0.003321484 10299290 0.06247531 0.06043044 0.119
0.1330231 0.06977125 -0.00400097 10409386 0.06179956 0.06139143 0.1191382
0.1335996 0.07076889 -0.003514182 10519489 0.06144193 0.06238996 0.1190799
0.1335996 0.07076889 -0.003514182 10639597 0.06144193 0.06238996 0.1190799
0.1332528 0.07234212 -0.003286029 10749693 0.06099093 0.06340849 0.1192075
0.1309598 0.07309394 -0.004264534 10859792 0.05974029 0.06411062 0.1188343
0.1309598 0.07309394 -0.004264534 10979896 0.05974029 0.06411062 0.1188343
0.1297287 0.07467464 -0.004516879 11089992 0.05897504 0.06505907 0.1188027
0.1296213 0.07584855 -0.003992433 11190086 0.05852181 0.06586415 0.1190987
0.1296213 0.07584855 -0.003992433 11320414 0.05852181 0.06586415 0.1190987
0.127906 0.07729114 -0.004409612 11420314 0.05760809 0.06672667 0.1190928
0.1269282 0.07801155 -0.004620256 11550407 0.05688345 0.06746048 0.119027
0.1269282 0.07801155 -0.004620256 11650497 0.05688345 0.06746048 0.119027
0.1261941 0.07902171 -0.004591197 11790640 0.05630426 0.0682836 0.1191277
0.1253925 0.08110153 -0.004232227 12010835 0.05561009 0.06931879 0.1194521
0.1230341 0.08129525 -0.005191789 12231025 0.05448541 0.06970665 0.1191988
0.121871 0.08184139 -0.005401506 12471246 0.05372638 0.07021676 0.1192076
0.1196984 0.08362629 -0.00563565 12661426 0.05201924 0.07153092 0.1191822
0.1187013 0.08426088 -0.005681448 12791531 0.0511549 0.07201477 0.1191935
0.1171181 0.08588713 -0.005918599 12871620 0.05002072 0.07287532 0.1191209
0.1171181 0.08588713 -0.005918599 12981707 0.05002072 0.07287532 0.1191209
0.1158029 0.08662254 -0.006085266 13101819 0.04904756 0.07342074 0.1191173
0.1150004 0.0873054 -0.005952711 13201906 0.04821383 0.07398353 0.1192205
0.1150004 0.0873054 -0.005952711 13322026 0.04821383 0.07398353 0.1192205
0.1135821 0.08869439 -0.006096128 13432121 0.04717471 0.07481261 0.119218
0.1126715 0.08951076 -0.005919624 13542217 0.04630725 0.07547336 0.1193999
0.1126715 0.08951076 -0.005919624 13772603 0.04630725 0.07547336 0.1193999
0.1102358 0.0925654 -0.005843657 13892529 0.04439577 0.07724793 0.1196024
0.1102358 0.0925654 -0.005843657 14022800 0.04439577 0.07724793 0.1196024
0.1091764 0.09356102 -0.005771831 14272880 0.04357043 0.0779572 0.1197615
0.1074211 0.09621284 -0.005292332 14483244 0.04185477 0.07963063 0.1201363
0.105745 0.09818104 -0.005496301 14713598 0.04076257 0.0808124 0.1201296
0.1053421 0.09916499 -0.005117579 14923479 0.04003125 0.08162898 0.1203146
0.1039475 0.1020749 -0.004383439 15143658 0.03848052 0.08351338 0.1208196
0.1033761 0.1033727 -0.004031477 15373866 0.03775649 0.08425306 0.1210076
0.1022015 0.1052216 -0.003661462 15594235 0.03673369 0.0851635 0.1213101
0.1011915 0.1079786 -0.002875955 15824264 0.03560102 0.08688302 0.1218603
0.1007476 0.1090347 -0.002528924 16055209 0.03510493 0.08754639 0.1221127
0.1005515 0.1101349 -0.002026072 16264665 0.03472844 0.0881408 0.1224321
0.09819056 0.1136585 -0.001733583 16484872 0.03351323 0.0895846 0.1229401
0.09759827 0.1145025 -0.001480694 16715246 0.0331334 0.09021179 0.123261
0.09686518 0.1159231 -0.001133609 16955305 0.03256714 0.09112092 0.1235936
0.09538084 0.1174738 -0.0009413235 17155486 0.0315226 0.09238122 0.1239535
0.09414423 0.1190475 -0.0008947031 17395686 0.03084219 0.09317693 0.1241246
0.09374386 0.1198625 -0.0005003152 17615905 0.03034902 0.09376554 0.1244249
0.09224151 0.1207665 -0.0004081363 17836104 0.02939345 0.094842 0.1248288
0.09104595 0.1216672 -0.0003876748 18056282 0.02874053 0.09544912 0.1250591
0.09059951 0.1220747 -6.593423E-05 18306508 0.02826525 0.09579636 0.1253539
0.08877803 0.1230005 4.00952E-05 18496676 0.02717289 0.09635395 0.1257422
0.08740877 0.1241301 0.0001059834 18736901 0.0264055 0.09686099 0.125968
0.08658338 0.1245239 0.0002430608 18977296 0.02581806 0.09721011 0.1262105
0.08433315 0.1257984 0.0004001147 19177488 0.02437623 0.0982124 0.1266952
0.08330858 0.1265199 0.0005606838 19397493 0.02361895 0.09861685 0.1269127
0.08235815 0.1270209 0.0007697276 19617691 0.02283189 0.09903111 0.1271796
0.07954425 0.1288658 0.0007436373 19847907 0.02094415 0.100277 0.1274518
0.07797131 0.1299151 0.0007461348 20098133 0.01993686 0.1009252 0.1276235
0.07565863 0.1312292 0.001042875 20288301 0.0180881 0.1019347 0.1280614
0.07396558 0.1325292 0.001048879 20528525 0.01696697 0.1026482 0.1281887
0.07277948 0.133211 0.001165672 20738707 0.0160269 0.1032066 0.1283865
0.07119967 0.1341655 0.001110615 20978928 0.01503885 0.1039258 0.1285382
0.06851153 0.1353042 0.00114783 21199252 0.01320311 0.1050181 0.1289367
0.06701666 0.1361901 0.001287055 21419512 0.01216869 0.1056453 0.1292127
0.06427716 0.1376012 0.001511147 21649537 0.01023318 0.1066991 0.1296929
0.0628531 0.1381038 0.001597527 21849706 0.009251565 0.1071856 0.129961
0.06138222 0.1387898 0.001651848 22089930 0.008263871 0.1077287 0.1301816
0.05873816 0.1399432 0.002046054 22300136 0.006272733 0.1087474 0.1308112
0.05723676 0.1406152 0.002192037 22530510 0.005272001 0.1092005 0.1311069
0.05566548 0.1412578 0.002287919 22750518 0.004247025 0.1095556 0.1313514
0.05431962 0.141777 0.002485131 22980742 0.003165781 0.1098543 0.1315993
0.05116348 0.1426276 0.002586431 23230968 0.0009411573 0.11061 0.1320424
0.04949616 0.1431134 0.002638013 23431129 -0.0002208948 0.1109139 0.1322438
0.04633097 0.1439188 0.002816069 23641343 -0.002573371 0.1113429 0.1326369
0.04475904 0.1442555 0.002931823 23891552 -0.003833115 0.1115808 0.132845
0.0431596 0.1445138 0.002937092 24091741 -0.004980206 0.1118213 0.1330141
0.03984909 0.1447193 0.002949945 24331954 -0.007425308 0.1122837 0.1334081
0.03839658 0.1449728 0.003053254 24542139 -0.008560479 0.1124203 0.1335968
0.03663579 0.1451043 0.003005523 24772351 -0.009759039 0.1125345 0.1337456
0.03347185 0.1453555 0.003107653 24992554 -0.01218528 0.1127874 0.1341076
0.03166351 0.1456103 0.003086576 25212740 -0.01341248 0.1129392 0.134262
0.03041728 0.1460202 0.003194937 25452973 -0.014355 0.1131056 0.1344135
0.02661191 0.1465108 0.003109024 25673958 -0.01689386 0.1133337 0.1346871
0.02527782 0.146914 0.003405704 25883366 -0.01809108 0.1134791 0.1349637
0.02360563 0.1472334 0.003380513 26103552 -0.01931763 0.1136067 0.1350357
0.02023739 0.1475465 0.003284585 26333938 -0.02179781 0.1140515 0.1352596
0.01906309 0.1475171 0.003467726 26573969 -0.02281278 0.1141409 0.1355234
0.01743257 0.1474811 0.003473919 26774154 -0.02387494 0.1141005 0.1357073
0.01476368 0.1474737 0.003828555 27004378 -0.0260199 0.1139311 0.1361835
0.0133089 0.1474218 0.003858966 27244574 -0.02708429 0.1138563 0.1363279
0.01057799 0.1475843 0.004155715 27444759 -0.02924806 0.1138395 0.1367507
0.009364903 0.1477039 0.004429309 27664953 -0.03028375 0.1138952 0.1370612
0.007986218 0.147707 0.004513959 27895173 -0.03127789 0.1138598 0.1372503
0.006541073 0.1476605 0.00454095 28115364 -0.03228578 0.1138013 0.1374028
0.0037819 0.1477723 0.004731891 28365602 -0.03430605 0.1138099 0.1377812
0.002292156 0.1477876 0.004731244 28565766 -0.03534037 0.1138587 0.1379186
0.0006454289 0.1478886 0.004796917 28785977 -0.03647637 0.1139333 0.1381208
-0.002025694 0.1478632 0.005016571 29036337 -0.03851041 0.1139146 0.1385179
-0.003624916 0.14797 0.005094401 29256390 -0.03961062 0.1139139 0.1387038
-0.005986661 0.1475566 0.005329258 29466964 -0.04154983 0.1137634 0.1391183
-0.007631183 0.1477321 0.005373491 29676773 -0.04260901 0.1137235 0.1392623
-0.008972436 0.1477607 0.005431758 29937016 -0.0436247 0.1136691 0.1393841
-0.01160678 0.1476061 0.005663861 30147210 -0.0455932 0.1137332 0.1398421
-0.01291028 0.1477595 0.005776909 30357570 -0.04651678 0.1137283 0.1400108
-0.01416972 0.1478137 0.005887189 30597612 -0.04740673 0.1137213 0.1401975
-0.01709795 0.1481512 0.00605717 30797793 -0.04943806 0.1139296 0.1405535
-0.01857358 0.1482292 0.00608794 31017995 -0.0504337 0.1140486 0.1407092
-0.01989987 0.1482152 0.006177637 31268209 -0.05141643 0.11418 0.1409165
-0.02237073 0.1479854 0.006362032 31468398 -0.05317205 0.1141762 0.141323
-0.02345407 0.1478637 0.006545206 31708623 -0.05398921 0.1140698 0.1415705
-0.02459219 0.1477865 0.006675494 31938822 -0.05481169 0.1139285 0.1417558
-0.0270538 0.1476299 0.00695485 32138995 -0.05659091 0.1137844 0.142189
-0.02819014 0.1475075 0.007084433 32369519 -0.05742905 0.1137682 0.14241
-0.02934477 0.1474974 0.007218679 32599423 -0.05827594 0.1137447 0.1426069
-0.03183717 0.1475593 0.007488356 32809600 -0.06002817 0.1137889 0.1430283
-0.03298271 0.147561 0.007594829 33039820 -0.0608227 0.1138408 0.1432198
-0.03407115 0.1474643 0.007724444 33270311 -0.06160548 0.1139029 0.1434512
-0.03630096 0.1470978 0.008004261 33500244 -0.06320181 0.1138132 0.1439261
-0.03748396 0.1468187 0.00808291 33700420 -0.06395543 0.1136917 0.1441275
-0.03857541 0.1464548 0.008223563 33930628 -0.06468707 0.1135421 0.1443896
-0.04059908 0.1454926 0.008552566 34150815 -0.06613812 0.1131055 0.1449531
-0.04170707 0.1449928 0.008686071 34381026 -0.06687951 0.1128619 0.1452152
-0.04264414 0.1444888 0.008875015 34621247 -0.0675841 0.112604 0.1455045
-0.0444724 0.143584 0.00924582 34821412 -0.06887805 0.1120584 0.1460551
-0.0452978 0.1429933 0.009439843 35041618 -0.06947708 0.1117153 0.146346
-0.04612768 0.1424227 0.009577258 35291852 -0.07000619 0.111461 0.1466081
-0.04770526 0.1413726 0.009826846 35492021 -0.07107055 0.1109577 0.1470684
-0.04844111 0.1409695 0.009951313 35722322 -0.07149404 0.1106592 0.1472688
-0.04910153 0.1404085 0.01012478 35942427 -0.07189062 0.1103433 0.1475402
-0.05034322 0.1392912 0.01025154 36172635 -0.07271004 0.1096115 0.14782
-0.05095926 0.1385383 0.01023423 36412856 -0.07309547 0.1090991 0.1478917
-0.05249384 0.1372693 0.009937 36613223 -0.07391942 0.1080143 0.147746
-0.05325187 0.1366327 0.009766094 36853411 -0.07440215 0.1075375 0.1476515
-0.05418426 0.1359786 0.009579462 37213753 -0.07502162 0.1071829 0.1475754
-0.05597246 0.1349694 0.009388 37403742 -0.07616487 0.1065411 0.1475559
-0.05683973 0.1346957 0.009375353 37633994 -0.07671458 0.1061064 0.147556
-0.05878958 0.1343696 0.009372903 37844310 -0.07786465 0.1054566 0.147599
-0.05970812 0.1341886 0.009393018 38064508 -0.07853284 0.1053566 0.1476703
-0.0606209 0.1340026 0.009410781 38324994 -0.07915235 0.1053102 0.1477567
-0.06245655 0.1336018 0.009495398 38534945 -0.08034831 0.1050999 0.1479649
-0.06337491 0.1333657 0.009519494 38764974 -0.08086637 0.1048991 0.1480473
-0.0646444 0.1322247 0.009687914 38965293 -0.08173001 0.1041332 0.1483429
-0.06530002 0.131716 0.009710601 39185354 -0.08219838 0.1038854 0.1484411
-0.06605104 0.1312111 0.009770513 39405548 -0.08268028 0.1035202 0.1485615
-0.06691518 0.1307893 0.009841605 39635797 -0.08321774 0.1030993 0.1486715
-0.06882676 0.1303074 0.009940392 39876638 -0.08431569 0.102414 0.1488227
-0.06982648 0.13012 0.009982035 40076154 -0.08498645 0.1022576 0.1489069
-0.0708299 0.1296469 0.01000501 40326375 -0.08569354 0.1021355 0.1490318
-0.07287884 0.1289234 0.009949449 40526755 -0.0870432 0.1019442 0.1491534
-0.07382578 0.1284467 0.009975601 40766781 -0.08766949 0.1016852 0.1492539
-0.07576787 0.1275194 0.01001431 41017169 -0.08897114 0.1009617 0.1493937
-0.07675245 0.1269304 0.009978984 41207373 -0.08956754 0.1006196 0.1494414
-0.07742751 0.1262932 0.01009162 41437386 -0.0901714 0.100214 0.149604
-0.07929504 0.1251914 0.01021952 41647592 -0.09139621 0.09935422 0.1498341
-0.08019137 0.1246843 0.0101388 41877784 -0.09205043 0.0989187 0.1497875
-0.08121884 0.1242805 0.01016246 42118012 -0.09270716 0.09855467 0.1498494
-0.08348638 0.1233438 0.01011476 42318181 -0.0942494 0.09822992 0.1499708
-0.08467034 0.1230704 0.01002264 42558394 -0.09499997 0.09816347 0.1499484
-0.08572584 0.1226189 0.01005919 42758582 -0.09576046 0.09798989 0.1500555
-0.08714598 0.1214836 0.01040005 42988790 -0.09687085 0.09720784 0.1504799
-0.08803144 0.1209019 0.01051933 43249167 -0.09739634 0.09678084 0.1506505
-0.08876595 0.1202339 0.01058682 43449534 -0.09789234 0.09629829 0.1507655
-0.09000596 0.118701 0.01073188 43659391 -0.09877139 0.09537702 0.1510366
-0.09069824 0.1178532 0.01076582 43909621 -0.09918982 0.0947859 0.1511297
-0.0914343 0.1171582 0.01079958 44109814 -0.09957373 0.09415786 0.1511954
-0.09256303 0.1153961 0.01064204 44340318 -0.100416 0.09302683 0.1511561
-0.09328267 0.1144628 0.01058729 44560216 -0.1008307 0.09236444 0.151161
-0.0936726 0.1131141 0.01061139 44780415 -0.1012979 0.09155007 0.1512639
-0.0950484 0.1107407 0.0105174 45010619 -0.1021807 0.08982234 0.1512931
-0.09582564 0.1096787 0.0104665 45230817 -0.1026726 0.08907352 0.1513026
-0.0965313 0.1086203 0.01049762 45471046 -0.1031921 0.08841351 0.1514003
-0.09770355 0.1068142 0.01036164 45811957 -0.1042014 0.08712222 0.1513448
-0.09846819 0.1044316 0.0107301 46011514 -0.1048269 0.08533794 0.1518018
-0.09893078 0.1035908 0.01085934 46272211 -0.1051186 0.08449969 0.151939
-0.09994173 0.1018894 0.01079245 46481951 -0.1057792 0.08320883 0.1519421
-0.1005882 0.101204 0.01077775 46672110 -0.1060931 0.08251805 0.15194
-0.1012911 0.1007195 0.01082431 46922348 -0.1064548 0.08187589 0.1519785
-0.1025744 0.0996236 0.01123276 47132517 -0.1074249 0.0805214 0.1523632
-0.1032746 0.09925428 0.01133825 47462824 -0.1079123 0.08009876 0.1524687
-0.1047689 0.09858514 0.01144054 47713378 -0.1090088 0.07958645 0.1526047
-0.1056325 0.098091 0.01152171 47913226 -0.1095514 0.07927769 0.15272
-0.1064307 0.0977602 0.01157906 48133441 -0.110032 0.07886656 0.1527751
-0.107722 0.0967964 0.01160274 48373852 -0.1110786 0.07814683 0.1528373
-0.1084069 0.09607944 0.01165891 48583835 -0.1115629 0.07765388 0.1529274
-0.1099975 0.09453851 0.01175498 48824234 -0.1125631 0.07645714 0.1530799
-0.1107364 0.09387371 0.01179839 49024245 -0.1130303 0.0758095 0.1531302
-0.1115516 0.09317988 0.01190701 49254440 -0.1135314 0.07515281 0.1532483
-0.1132684 0.09152551 0.01199723 49494673 -0.1148413 0.07422363 0.1534342
-0.1140314 0.09057478 0.01213121 49695150 -0.1155062 0.0736077 0.1536099
-0.1146278 0.08989874 0.01208266 50045170 -0.1161673 0.07318842 0.1535911
-0.1156211 0.08793911 0.01219222 50295388 -0.1171005 0.07196532 0.1537864
-0.116824 0.08594298 0.0122614 50495564 -0.1177729 0.07042069 0.1539103
-0.1172227 0.08480731 0.01233155 50695911 -0.1180405 0.06957257 0.1540125
-0.1175045 0.08367687 0.01234628 50925949 -0.1183141 0.06868739 0.1540534
-0.1186097 0.08134706 0.01228488 51156351 -0.1190044 0.06681208 0.1540411
-0.1191415 0.08037008 0.0122438 51396540 -0.1193499 0.06598691 0.1540159
-0.1196405 0.07924156 0.01217193 51596554 -0.1197515 0.06523748 0.1539822
-0.1208221 0.07701994 0.01203008 51826770 -0.1205782 0.06366607 0.1539028
-0.121498 0.075983 0.01193446 52066995 -0.1209937 0.06290357 0.1538321
-0.1221958 0.07486606 0.01173933 52297182 -0.1214376 0.06207279 0.1536619
-0.1236958 0.07264896 0.01136973 52507522 -0.1225746 0.06044151 0.1533415
-0.124447 0.07156161 0.01124733 52757598 -0.1231073 0.05964288 0.1532417
-0.1260139 0.06963228 0.01097152 52937764 -0.1240067 0.05788783 0.1529725
-0.1269669 0.06861785 0.01090246 53157955 -0.1245207 0.05696382 0.152904
-0.1277881 0.06752577 0.01067606 53418380 -0.1250995 0.05622861 0.1527021
-0.129003 0.06497966 0.01048695 53738487 -0.1261578 0.05452997 0.1525748
-0.1297072 0.06386345 0.01024081 53998742 -0.1267288 0.05357051 0.1523374
-0.1310018 0.06073928 0.0100126 54309557 -0.1276675 0.05113669 0.1521496
-0.131865 0.05759142 0.009728685 54509178 -0.1283114 0.04851141 0.1518947
-0.1322605 0.05624163 0.009469028 54749411 -0.1287604 0.04747549 0.1516562
-0.1334819 0.0528996 0.009201894 54959593 -0.1296554 0.04501219 0.151432
-0.1337909 0.05144154 0.009059197 55179788 -0.1299402 0.04383204 0.1513038
-0.1341647 0.04990434 0.008944939 55420349 -0.1301667 0.0425433 0.1511985
-0.1352091 0.04710759 0.008611661 55620347 -0.1308917 0.04008336 0.1508729
-0.1354029 0.04531033 0.008467193 55880428 -0.1310449 0.03873993 0.1507489
-0.1358879 0.04378375 0.008331015 56210884 -0.1313753 0.03749124 0.1506205
-0.1367098 0.04103714 0.007750039 56421228 -0.132121 0.03516369 0.150055
-0.1379187 0.03752755 0.007370539 56761409 -0.1329563 0.03254379 0.1496969
-0.1387534 0.03432899 0.006997182 57121552 -0.1336098 0.03000137 0.1493386
-0.1395734 0.03170883 0.006667655 57352185 -0.1343296 0.02768143 0.1490142
-0.1400388 0.03015054 0.006656872 57662384 -0.1347361 0.0264799 0.1490109
-0.1407537 0.0270535 0.006568698 57852357 -0.1353295 0.02409409 0.1489347
-0.1410205 0.02575997 0.006426121 58102425 -0.135642 0.02296636 0.1487972
-0.1419351 0.02266833 0.00629464 58432723 -0.136077 0.02031979 0.1486548
-0.1427097 0.01969673 0.006019367 58783193 -0.1366335 0.0179408 0.1483789
-0.1434294 0.01662767 0.005742421 59123934 -0.1375122 0.01569209 0.1481164
-0.1443722 0.01268563 0.005530191 59313696 -0.1379228 0.01283711 0.1478841
-0.1446629 0.01164367 0.005268941 59543916 -0.138307 0.01175892 0.147627
-0.1445687 0.009467458 0.005289938 59773934 -0.1383517 0.01027587 0.147652
-0.1444164 0.005825349 0.005465313 60024151 -0.1384929 0.007413847 0.1478333
-0.1440818 0.004039877 0.005443531 60344444 -0.1383912 0.00599282 0.1478165
-0.143874 9.104691E-05 0.005546445 60664883 -0.1381025 0.00269818 0.1479056
-0.1436644 -0.003910283 0.005362099 61005284 -0.137918 -0.000429618 0.1477036
-0.1435183 -0.007771355 0.005017424 61355551 -0.1377105 -0.003425411 0.1473327
-0.1435862 -0.0116478 0.00491812 61655777 -0.1376682 -0.006430871 0.1471996
-0.1430985 -0.01466325 0.004716331 61885843 -0.1374672 -0.009071526 0.1469952
-0.1431172 -0.0167172 0.004824816 62136077 -0.1374545 -0.0106475 0.1470828
-0.1423987 -0.01984578 0.004781978 62506395 -0.137148 -0.01328348 0.147034
-0.1418842 -0.02382413 0.004822016 62786652 -0.1367762 -0.0162618 0.1470296
-0.1412504 -0.02751204 0.004786099 63116967 -0.1363397 -0.01910988 0.1469534
-0.1405141 -0.03123603 0.004824685 63337344 -0.1357931 -0.02198241 0.1469456
-0.140335 -0.03324895 0.004907261 63607389 -0.1356881 -0.02348243 0.1469962
-0.1396033 -0.03722977 0.005193269 63918135 -0.1351951 -0.02624521 0.1472009
-0.1389139 -0.0409876 0.005444788 64118036 -0.1348529 -0.02908584 0.1473889
-0.1384258 -0.04292235 0.005559651 64388106 -0.1346412 -0.03042017 0.1474597
-0.1380443 -0.04485997 0.005682101 64708755 -0.1344883 -0.03180245 0.147538
-0.1369261 -0.0486801 0.005990007 65048900 -0.1336817 -0.0348129 0.1477766
-0.135693 -0.05248916 0.006211047 65338956 -0.132867 -0.03769151 0.1479125
-0.1342122 -0.05634566 0.006436754 65579184 -0.131904 -0.04065743 0.1480518
-0.1337214 -0.0592786 0.006337825 65819612 -0.1316195 -0.04318785 0.1479109
-0.1328486 -0.06066194 0.006088965 66189869 -0.1311055 -0.0444096 0.1476484
-0.1310546 -0.06414828 0.006098781 66500194 -0.1296469 -0.04716686 0.1475764
-0.1294119 -0.06717772 0.005841876 66810498 -0.1282347 -0.04977754 0.1472707
-0.1274009 -0.06984181 0.005435917 67140581 -0.1266711 -0.05197572 0.1468096
-0.1256336 -0.07260281 0.005081241 67490910 -0.1252977 -0.05436606 0.1464091
-0.1237833 -0.07551324 0.004935028 67811191 -0.123757 -0.05667598 0.1461845
-0.1218205 -0.07829241 0.004836746 68081439 -0.122215 -0.0589993 0.1460241
-0.1201033 -0.08086783 0.004612112 68382013 -0.1209189 -0.06113613 0.1457371
-0.1190752 -0.08253469 0.004805472 68702161 -0.1202078 -0.06238728 0.1458695
-0.1174496 -0.08538642 0.004771187 68942361 -0.118878 -0.0646561 0.145748
-0.1157787 -0.08848089 0.004864749 69272501 -0.1175339 -0.06695741 0.145719
-0.114291 -0.09127691 0.004988291 69602803 -0.1162789 -0.06914504 0.1457451
-0.112826 -0.09386188 0.004961265 69973365 -0.1151379 -0.07113475 0.1456183
-0.1114598 -0.0963067 0.005210488 70293601 -0.1140241 -0.0730719 0.1457801
-0.1100447 -0.09866664 0.005436352 70644047 -0.1129461 -0.07495403 0.1459196
-0.108183 -0.1012864 0.005647916 70944415 -0.1117885 -0.07685187 0.1459911
-0.1068204 -0.1037824 0.006053001 71274466 -0.1105436 -0.07875274 0.1462882
-0.1053068 -0.1056514 0.006164086 71614619 -0.1095417 -0.0804465 0.1463533
-0.1038233 -0.1075163 0.006592557 71954918 -0.1083627 -0.08189933 0.1466976
-0.1019769 -0.108884 0.006857821 72285228 -0.107304 -0.08312115 0.1469083
-0.1003669 -0.1105637 0.007251076 72645728 -0.1061012 -0.0845544 0.14724
-0.09848064 -0.1122909 0.007365035 72955829 -0.104853 -0.08568437 0.147214
-0.0971567 -0.113801 0.007720465 73296149 -0.1035559 -0.08699646 0.1475304
-0.09496367 -0.1152156 0.007961337 73666462 -0.1020323 -0.08836952 0.147731
-0.09252137 -0.116522 0.008313262 73966750 -0.1003831 -0.08956537 0.1480193
-0.09023717 -0.1175796 0.008456605 74297036 -0.09860778 -0.09050161 0.1481096
-0.08747777 -0.1186797 0.008587335 74617329 -0.09647524 -0.09149696 0.148181
-0.08483264 -0.1199686 0.008637 74967831 -0.09444904 -0.09261696 0.1481564
-0.08209971 -0.1207458 0.00855127 75297939 -0.09246516 -0.0934364 0.1480254
-0.07965097 -0.1216362 0.008664796 75638449 -0.09037894 -0.09421393 0.1480893
-0.07738167 -0.1227422 0.008788532 75968556 -0.08854628 -0.0950387 0.1481231
-0.07496062 -0.1233458 0.008739365 76329019 -0.08680108 -0.09565023 0.1480197
-0.0724875 -0.1241563 0.008838984 76669496 -0.08485007 -0.09632672 0.1480473
-0.06986323 -0.1251176 0.009051341 77009658 -0.0826492 -0.0970331 0.1481701
-0.06725803 -0.1261211 0.009193617 77350094 -0.08068144 -0.09770283 0.1481845
-0.06495956 -0.1271973 0.009247086 77640316 -0.0786669 -0.09846732 0.1481461
-0.06258321 -0.1282584 0.009263337 77990381 -0.07661259 -0.09925548 0.1480735
-0.06016934 -0.1295983 0.009188511 78320687 -0.07472616 -0.1001115 0.1478424
-0.05759222 -0.1309881 0.009008984 78660978 -0.07262632 -0.1012338 0.1475547
-0.05493855 -0.13254 0.008860453 78991276 -0.07050651 -0.1024271 0.1472696
-0.05199185 -0.1339567 0.008683966 79331733 -0.06818756 -0.1035616 0.1469594
-0.04891771 -0.1354747 0.008733728 79691940 -0.06566197 -0.1048116 0.1468846
-0.04569131 -0.1368737 0.008646315 80032365 -0.06310034 -0.1060207 0.1466727
-0.04256079 -0.1386193 0.008528513 80343650 -0.06048959 -0.1074783 0.1464236
-0.03897855 -0.1402285 0.008384252 80662776 -0.05773044 -0.1089543 0.1461396
-0.03572503 -0.142035 0.008145314 81003108 -0.05496243 -0.1104108 0.1457538
-0.03217298 -0.1439051 0.008034749 81353412 -0.05211025 -0.1118819 0.1454512
-0.02846482 -0.1455861 0.008038989 81673867 -0.04916329 -0.1134529 0.1453171
-0.02462444 -0.1467709 0.008039463 82003999 -0.04617926 -0.1147434 0.1452105
-0.02054971 -0.1477987 0.008119895 82384905 -0.04304361 -0.1158926 0.1451683
-0.01665398 -0.1487728 0.008024878 82714652 -0.0399048 -0.1171369 0.1450097
-0.01295722 -0.1496854 0.007768845 83035128 -0.03688341 -0.1182711 0.1446883
-0.009245187 -0.1507386 0.007537839 83345570 -0.03385982 -0.1190214 0.1442653
-0.005535841 -0.1516183 0.007346197 83685686 -0.03086492 -0.1198715 0.1439362
-0.002060443 -0.1524652 0.007102118 84015992 -0.02805117 -0.1207336 0.1435713
0.00136748 -0.1531366 0.006840148 84346108 -0.02527574 -0.1215883 0.143226
0.004760772 -0.1536833 0.006680437 84706725 -0.02266493 -0.1222556 0.1429389
0.008142248 -0.1537725 0.006463676 85026730 -0.02002957 -0.1227789 0.1426694
0.01144548 -0.1537935 0.006236405 85387039 -0.01744634 -0.1231369 0.1423675
0.01470223 -0.1537752 0.005885886 85717512 -0.01489764 -0.1235469 0.1419606
0.01795939 -0.1537308 0.005435831 86067658 -0.01234168 -0.123872 0.1414379
0.02094884 -0.1537431 0.004944992 86388222 -0.009898037 -0.1240868 0.1408686
0.02425656 -0.1535946 0.004533223 86728254 -0.007378101 -0.1243402 0.1403628
0.02771601 -0.1533575 0.00412175 87028529 -0.004758805 -0.1246586 0.1398716
0.03139208 -0.1530062 0.003754187 87368844 -0.001927197 -0.1247419 0.1393905
0.03534193 -0.152448 0.003335134 87699142 0.001040936 -0.1248282 0.1388595
0.03942114 -0.1516865 0.002889775 88039441 0.004035532 -0.1247768 0.1382781
0.04346724 -0.1509215 0.002545377 88379760 0.007099688 -0.124567 0.1377826
0.04761262 -0.1500535 0.001954881 88710237 0.01036042 -0.1241628 0.1370408
0.0515527 -0.149072 0.00120304 89100415 0.01344579 -0.1238426 0.1361756
0.05768038 -0.1475656 4.182634E-05 89410683 0.01803976 -0.1230039 0.1346954
0.06176127 -0.1459044 -0.0007859371 89741143 0.02102484 -0.1222791 0.1337081
0.06540459 -0.144303 -0.00134736 90101306 0.02377534 -0.1212752 0.1329768
0.06960872 -0.1424084 -0.001901331 90421595 0.02685499 -0.1201387 0.1321972
0.07393689 -0.1401296 -0.002278251 90732390 0.02989148 -0.1188442 0.1315619
0.07590026 -0.1388389 -0.002561514 91052334 0.03135021 -0.1179877 0.1311799
0.08009857 -0.1363916 -0.002920225 91412647 0.03437722 -0.1163826 0.1305543
0.08555703 -0.1329367 -0.003730845 91742779 0.03851473 -0.1141644 0.1294641
0.08912642 -0.1304894 -0.004275423 92083094 0.04138684 -0.1127667 0.1288151
0.09259331 -0.1278059 -0.004976276 92393382 0.04420426 -0.1110336 0.1280029
0.09389413 -0.1266032 -0.005331737 92743682 0.04531896 -0.1102682 0.127634
0.09712768 -0.1241278 -0.005993511 93073993 0.04768405 -0.1084393 0.1267297
0.1012118 -0.119822 -0.007005418 93404278 0.05104477 -0.1055798 0.1256094
0.1025234 -0.1183614 -0.007130061 93744590 0.052011 -0.1046546 0.12541
0.1063349 -0.1140124 -0.007589433 94145109 0.05494766 -0.1016539 0.1247467
0.1084623 -0.1110884 -0.007766184 94435217 0.05660282 -0.09964292 0.1244679
0.1112045 -0.1082888 -0.007831449 94775682 0.05836734 -0.09746702 0.1240677
0.1133947 -0.1053415 -0.00794039 95115859 0.05967797 -0.09527272 0.1236628
0.1148343 -0.1024506 -0.008457448 95436278 0.06089303 -0.09312396 0.1231086
0.1161787 -0.09958808 -0.008845867 95816476 0.06188443 -0.09082512 0.1226136
0.1165894 -0.09662699 -0.009576015 96346946 0.06263956 -0.08861925 0.1220733
0.1180832 -0.09253865 -0.01000704 96667422 0.063805 -0.08542249 0.1215585
0.1201749 -0.08997309 -0.009759564 97027560 0.06488468 -0.08340321 0.1214123
0.1211127 -0.08736623 -0.009867055 97387886 0.06553687 -0.0813592 0.1212111
0.1220174 -0.08495189 -0.01003871 97698161 0.0661225 -0.07930168 0.1209197
0.1229763 -0.08263902 -0.009959524 98208630 0.06666274 -0.07735781 0.1208348
0.1243493 -0.07937687 -0.009804588 98548937 0.06735772 -0.07437336 0.1207066
0.1247382 -0.07712334 -0.009816236 98939452 0.06758842 -0.07245973 0.1206384
0.1278922 -0.07448215 -0.008791839 99269742 0.06934683 -0.07003954 0.1210502
0.1294533 -0.07280981 -0.008365356 99630103 0.07036813 -0.06855303 0.1212382
0.1313306 -0.07114647 -0.007924448 99930176 0.07168591 -0.06716552 0.1214314
0.1330193 -0.06955675 -0.007672908 100250465 0.07301399 -0.06585668 0.1215243
0.1349444 -0.06752574 -0.007503134 100590780 0.07435678 -0.06439975 0.1214372
0.135347 -0.0646892 -0.008048165 100931083 0.07524335 -0.0625424 0.1211384
0.1371141 -0.06230636 -0.008060834 101251360 0.07655579 -0.06086581 0.1209231
0.1388286 -0.05952648 -0.008086412 101571831 0.07769389 -0.05886793 0.1206317
0.1402237 -0.05673389 -0.0083071 101901951 0.07895613 -0.05684458 0.1203495
0.1421131 -0.05630753 -0.007810493 102252279 0.0798624 -0.05620562 0.1203733
0.142859 -0.05218316 -0.008759346 102582565 0.08092231 -0.05322054 0.1195724
0.1442617 -0.04945341 -0.008841431 102932885 0.0821566 -0.05146737 0.1193972
0.1450386 -0.0458775 -0.009156791 103253162 0.08313203 -0.04921288 0.1191502
0.146665 -0.04552257 -0.008521239 103593490 0.08386272 -0.04865481 0.1193549
0.1488488 -0.0410942 -0.008140791 103953811 0.08561461 -0.04582399 0.1194732
0.1501822 -0.03841809 -0.00807322 104324299 0.0866597 -0.04368106 0.1193766
0.151367 -0.03562075 -0.008181284 104634721 0.08769836 -0.04172654 0.1191579
0.1522218 -0.03277265 -0.008429751 104994949 0.08868048 -0.03983922 0.1189234
0.153375 -0.03011551 -0.00851834 105505353 0.08958034 -0.03787664 0.1186676
0.1545564 -0.0263702 -0.009012434 105825500 0.09071276 -0.03501726 0.1180918
0.1553705 -0.02369291 -0.009166165 106175820 0.09136054 -0.0331536 0.1177963
0.1561717 -0.02140229 -0.009291587 106496101 0.09210908 -0.03143467 0.1176004
0.1567629 -0.01920736 -0.009579062 106866759 0.0928034 -0.02971479 0.1173265
0.1571494 -0.01701612 -0.009809891 107207107 0.09330179 -0.02818703 0.1170955
0.1577412 -0.01522481 -0.009949975 107527048 0.09379344 -0.02660776 0.116886
0.1582581 -0.01346077 -0.01009355 107837311 0.09442961 -0.0254702 0.1167448
0.1590206 -0.01198742 -0.01011828 108177606 0.09517757 -0.02448666 0.1166653
0.1597824 -0.01077807 -0.01020059 108507904 0.09611259 -0.02359712 0.1166382
0.15991 -0.009459892 -0.01056126 108828384 0.0971047 -0.02300834 0.1166322
0.1613543 -0.00859716 -0.01009418 109168691 0.09863487 -0.02265043 0.1170869
0.161719 -0.007722567 -0.01007842 109519003 0.09905507 -0.02169375 0.117139
0.1617511 -0.006795612 -0.01026146 109909173 0.09944591 -0.02105352 0.1171004
0.1621858 -0.0058385 -0.01004658 110419650 0.09967626 -0.02034518 0.117187
0.1618267 -0.004591488 -0.01012191 110789984 0.09998563 -0.01952624 0.1173884
0.1605203 -0.003751806 -0.01060404 111310660 0.1001363 -0.01926142 0.1175345
0.1589805 -0.003308085 -0.01095658 111850921 0.09971821 -0.01871526 0.1177168
0.1566848 -0.002689624 -0.01118233 112181244 0.09883577 -0.018309 0.1181072
0.15509 -0.002125107 -0.01139087 112601611 0.0981707 -0.0178482 0.1182981
0.153469 -0.00144712 -0.01129756 112952085 0.09688748 -0.01715573 0.1185409
0.152666 -0.0008976106 -0.01117036 113443014 0.09620106 -0.01675161 0.1187011
0.1518753 -0.0001122193 -0.0106648 113782677 0.09567684 -0.0160239 0.1193152
0.1513712 0.0006006508 -0.01032156 114133147 0.09518047 -0.01536757 0.1196549
0.1507895 0.001172694 -0.01008351 114473486 0.09471312 -0.01472597 0.1199508
0.1500998 0.001848718 -0.009865416 114833621 0.09435031 -0.01437434 0.1202694
0.150098 0.001786347 -0.009359924 115213964 0.09381451 -0.01391558 0.1206088
0.1501526 0.002073002 -0.008513326 115574480 0.09333083 -0.01370372 0.1212119
0.1498659 0.002730078 -0.007214233 115955062 0.09303105 -0.0134781 0.1224521
0.149492 0.004192754 -0.003620818 116264917 0.09189939 -0.01263029 0.1256322
0.1499154 0.00560524 0.001671443 116765380 0.09078658 -0.01168052 0.1301675
