0.1494911 0.006858222 0.01120731 0 0.08913338 0.002870671 0.1402317
0.1494911 0.006858222 0.01120731 110111 0.08913338 0.002870671 0.1402317
0.1500877 0.006552688 0.01047134 220198 0.0898214 0.002860895 0.1395472
0.1510216 0.005914203 0.009733286 330294 0.09055123 0.003352872 0.1387411
0.1510216 0.005914203 0.009733286 450406 0.09055123 0.003352872 0.1387411
0.1519272 0.005275837 0.008990373 560514 0.09101719 0.003893248 0.1378093
0.1525928 0.005012861 0.008256282 670609 0.0912849 0.004103414 0.1368905
0.1525928 0.005012861 0.008256282 780716 0.0912849 0.004103414 0.1368905
0.1531041 0.004535428 0.00754186 890820 0.0914191 0.004060618 0.1359981
0.1533438 0.004295937 0.006689395 1000899 0.09170261 0.003896824 0.1351669
0.1533438 0.004295937 0.006689395 1121019 0.09170261 0.003896824 0.1351669
0.1535466 0.004022709 0.005910392 1241128 0.09209879 0.003597371 0.1344804
0.15394 0.003616086 0.005378599 1341210 0.09259902 0.00332009 0.1339999
0.15394 0.003616086 0.005378599 1451309 0.09259902 0.00332009 0.1339999
0.1540512 0.003465167 0.004888291 1561409 0.09302932 0.003104917 0.1336611
0.1542115 0.003492943 0.004658694 1671512 0.09324521 0.002898327 0.133457
0.1542115 0.003492943 0.004658694 1791617 0.09324521 0.002898327 0.133457
0.1542891 0.003732554 0.004610474 1901716 0.09333386 0.002804986 0.133412
0.1542549 0.004314653 0.004727836 2021832 0.09324014 0.002804629 0.1334957
0.1541416 0.005461804 0.004991586 2131932 0.0930784 0.002884976 0.1337196
0.1541416 0.005461804 0.004991586 2242031 0.0930784 0.002884976 0.1337196
0.1538399 0.0068041 0.005273785 2352139 0.09283656 0.003086201 0.1340023
0.153298 0.008470169 0.005475487 2472247 0.0925203 0.003417126 0.1342652
0.153298 0.008470169 0.005475487 2572317 0.0925203 0.003417126 0.1342652
0.1525144 0.01053678 0.005642588 2692442 0.09214401 0.003936878 0.1345538
0.1516413 0.01290058 0.005894865 2802537 0.09166406 0.004760615 0.1349015
0.1516413 0.01290058 0.005894865 2912644 0.09166406 0.004760615 0.1349015
0.1505007 0.01543521 0.006039019 3022728 0.09093243 0.00587093 0.1351374
0.1490784 0.01802909 0.006164427 3132835 0.09003119 0.006983868 0.1353839
0.1490784 0.01802909 0.006164427 3242922 0.09003119 0.006983868 0.1353839
0.1476495 0.02113115 0.006374474 3353038 0.08897786 0.008205525 0.1355906
0.1463141 0.02420019 0.006722386 3473130 0.08778732 0.009488932 0.1358132
0.1463141 0.02420019 0.006722386 3583237 0.08778732 0.009488932 0.1358132
0.1447045 0.02739083 0.006996627 3693333 0.08657117 0.0109657 0.1360586
0.1429997 0.03051161 0.007069612 3803432 0.08539404 0.01235472 0.1361361
0.1429997 0.03051161 0.007069612 3923544 0.08539404 0.01235472 0.1361361
0.1413363 0.03379642 0.007189746 4033648 0.08422346 0.01362287 0.1361758
0.1400369 0.03727137 0.007690007 4143747 0.08286072 0.01487266 0.1362803
0.1400369 0.03727137 0.007690007 4253851 0.08286072 0.01487266 0.1362803
0.1393917 0.0403521 0.008665408 4363938 0.08170383 0.0158863 0.136649
0.1388228 0.04373335 0.009717043 4474033 0.08051787 0.01696812 0.1369586
0.1388228 0.04373335 0.009717043 4594146 0.08051787 0.01696812 0.1369586
0.1403228 0.0473231 0.01212185 4694228 0.08017248 0.01797997 0.137928
0.1390693 0.05081617 0.01283973 4814348 0.07892719 0.01890814 0.1380238
0.1390693 0.05081617 0.01283973 4934453 0.07892719 0.01890814 0.1380238
0.1374758 0.05416154 0.01331585 5034543 0.07774915 0.0198456 0.1380612
0.1359581 0.0576868 0.01391267 5144642 0.07662429 0.02077817 0.1381041
0.1359581 0.0576868 0.01391267 5264751 0.07662429 0.02077817 0.1381041
0.1347844 0.06110787 0.01475358 5374846 0.07569578 0.02161824 0.1382662
0.1336721 0.06456565 0.01579111 5494954 0.07451737 0.02242946 0.1383942
0.1336721 0.06456565 0.01579111 5605062 0.07451737 0.02242946 0.1383942
0.1325942 0.06777047 0.01685238 5715161 0.07319354 0.023337 0.1385219
0.1321273 0.07066106 0.01827079 5825257 0.07210898 0.02421807 0.1388822
0.1321273 0.07066106 0.01827079 5935348 0.07210898 0.02421807 0.1388822
0.1311566 0.07366502 0.01931405 6055472 0.07103606 0.02517008 0.1390638
0.1305995 0.07651769 0.02062469 6165564 0.07008553 0.02602851 0.1393477
0.1305995 0.07651769 0.02062469 6275663 0.07008553 0.02602851 0.1393477
0.1293793 0.07940614 0.02148121 6385762 0.06920643 0.02684199 0.1394749
0.1276359 0.08247184 0.02211824 6505875 0.06838769 0.02762472 0.1395393
0.1276359 0.08247184 0.02211824 6595956 0.06838769 0.02762472 0.1395393
0.1263015 0.08534264 0.02315634 6716060 0.06764178 0.02831804 0.1398332
0.1246721 0.08818888 0.02408629 6836169 0.06686459 0.02913653 0.1401783
0.1246721 0.08818888 0.02408629 6946272 0.06686459 0.02913653 0.1401783
0.1226831 0.09086631 0.02476528 7056364 0.06603731 0.03008997 0.1405398
0.1212818 0.09332429 0.0256789 7166467 0.06542441 0.03122293 0.1411329
0.1212818 0.09332429 0.0256789 7276583 0.06542441 0.03122293 0.1411329
0.119581 0.09574615 0.02630925 7386682 0.06457958 0.03256344 0.1415874
0.1179632 0.09787928 0.02690136 7506774 0.06370741 0.0339018 0.1420944
0.1160095 0.1002662 0.02750104 7616882 0.0627774 0.03509747 0.1425038
0.1160095 0.1002662 0.02750104 7726973 0.0627774 0.03509747 0.1425038
0.1141167 0.1026121 0.02812048 7847097 0.061867 0.03608298 0.1427943
0.1118047 0.1049237 0.02849468 7947180 0.06062824 0.03706657 0.142874
0.1118047 0.1049237 0.02849468 8057271 0.06062824 0.03706657 0.142874
0.109595 0.1071362 0.02872386 8167370 0.05943754 0.03813755 0.1428715
0.109595 0.1071362 0.02872386 8287479 0.05943754 0.03813755 0.1428715
0.1072971 0.1091727 0.02880355 8397574 0.05825745 0.03925311 0.1428765
0.1047588 0.1110558 0.02865645 8507681 0.05708182 0.04039799 0.142852
0.1024007 0.1128797 0.02864846 8627790 0.05581853 0.04152154 0.1428604
0.1024007 0.1128797 0.02864846 8727880 0.05581853 0.04152154 0.1428604
0.09994186 0.1148362 0.02874422 8847988 0.05435422 0.04246365 0.1427189
0.09726719 0.1166495 0.02878898 8958088 0.05273297 0.04325544 0.1425268
0.09726719 0.1166495 0.02878898 9068195 0.05273297 0.04325544 0.1425268
0.09477922 0.1184486 0.02891639 9178278 0.05128093 0.04401147 0.1423768
0.09242857 0.1201423 0.02904209 9298399 0.0498223 0.04473101 0.1421972
0.09242857 0.1201423 0.02904209 9398489 0.0498223 0.04473101 0.1421972
0.08967017 0.1218054 0.02889436 9508572 0.04839252 0.04551708 0.1419541
0.08721696 0.1233278 0.02881026 9638710 0.04701113 0.04639088 0.1418167
0.08721696 0.1233278 0.02881026 9738788 0.04701113 0.04639088 0.1418167
0.08452958 0.1248394 0.0287272 9848892 0.04535641 0.04727375 0.1416665
0.08184616 0.1262969 0.02869349 9958995 0.0437623 0.04809951 0.1415697
0.08184616 0.1262969 0.02869349 10069082 0.0437623 0.04809951 0.1415697
0.07936187 0.1278204 0.02885764 10189195 0.04215272 0.04899251 0.141587
0.07631642 0.1291245 0.02857789 10299298 0.04038641 0.04988742 0.1414352
0.07631642 0.1291245 0.02857789 10399393 0.04038641 0.04988742 0.1414352
0.07364434 0.1305232 0.02861774 10529514 0.03867984 0.05087387 0.1414881
0.07069863 0.1317161 0.02843055 10629608 0.03680478 0.05180966 0.1414456
0.07069863 0.1317161 0.02843055 10739704 0.03680478 0.05180966 0.1414456
0.06772049 0.132988 0.02837598 10889823 0.03497374 0.05273067 0.1414807
0.0644884 0.1342771 0.02831313 10989917 0.03296886 0.05349957 0.1413961
0.0644884 0.1342771 0.02831313 11079999 0.03296886 0.05349957 0.1413961
0.06138888 0.1355146 0.02831807 11220125 0.03104077 0.05420649 0.1413413
0.05822672 0.1365559 0.02826219 11300210 0.02880792 0.05487501 0.1412623
0.05822672 0.1365559 0.02826219 11410289 0.02880792 0.05487501 0.1412623
0.05498293 0.1378 0.02829146 11530405 0.02662002 0.05564534 0.141218
0.05174038 0.1387103 0.02812454 11650522 0.02438258 0.05629729 0.1411109
0.05174038 0.1387103 0.02812454 11770626 0.02438258 0.05629729 0.1411109
0.0484971 0.1397828 0.02805069 11860715 0.02215138 0.05703138 0.1410301
0.04512264 0.1407486 0.02786838 11990812 0.01992396 0.05783045 0.1409872
0.04512264 0.1407486 0.02786838 12090911 0.01992396 0.05783045 0.1409872
0.04180275 0.1416031 0.02765971 12201014 0.01767039 0.05858778 0.1409397
0.03849524 0.1426818 0.02770003 12331124 0.01541948 0.05929505 0.1409274
0.03849524 0.1426818 0.02770003 12431222 0.01541948 0.05929505 0.1409274
0.03499013 0.1436387 0.0277158 12531308 0.01291901 0.05995547 0.1409246
0.03158559 0.1445241 0.02779266 12641562 0.01057845 0.06062626 0.141045
0.03158559 0.1445241 0.02779266 12771529 0.01057845 0.06062626 0.141045
0.03000814 0.1457072 0.02900916 12871615 0.009077668 0.06132697 0.1419168
0.0266311 0.1463759 0.02912688 12981715 0.006758332 0.06191217 0.1421632
0.0266311 0.1463759 0.02912688 13111844 0.006758332 0.06191217 0.1421632
0.02315362 0.1472212 0.02944919 13201926 0.004265755 0.06255662 0.1425041
0.01913534 0.1481178 0.02955609 13322026 0.001655504 0.06321954 0.1426622
0.01913534 0.1481178 0.02955609 13552242 0.001655504 0.06321954 0.1426622
0.01152475 0.1495029 0.03002491 13662329 -0.003582925 0.06439578 0.1433157
0.01152475 0.1495029 0.03002491 13802455 -0.003582925 0.06439578 0.1433157
0.008167624 0.1499734 0.03042799 14032659 -0.006123245 0.06480741 0.1437804
0.0005445927 0.1508211 0.03106168 14262871 -0.01123464 0.06545066 0.1445491
-0.003173918 0.1509586 0.0312336 14473057 -0.01385379 0.06568693 0.1449039
-0.00743708 0.1510829 0.03128329 14703281 -0.01654622 0.06594264 0.1451886
-0.01398644 0.1510979 0.03172594 14943497 -0.02167574 0.06655406 0.1461789
-0.01806676 0.1508481 0.03164231 15153671 -0.02436095 0.06670093 0.1464721
-0.02140209 0.1504748 0.03170433 15363881 -0.02681747 0.06666314 0.146824
-0.02792203 0.1496923 0.03204175 15594072 -0.03147691 0.06614553 0.1474261
-0.0313246 0.1491492 0.03216728 15824288 -0.03378537 0.06570386 0.1476536
-0.03432536 0.1483251 0.03214901 16054488 -0.036066 0.06515371 0.1478459
-0.04041421 0.1468513 0.03230062 16254668 -0.04057348 0.06415426 0.1483498
-0.04335818 0.1458613 0.03231355 16494889 -0.04292393 0.06351113 0.1486085
-0.0465686 0.1449755 0.03236216 16705083 -0.04524708 0.06288742 0.1488356
-0.05256793 0.1432065 0.03250748 16935291 -0.04997361 0.06183743 0.149463
-0.05554825 0.1422049 0.03243601 17155477 -0.05236817 0.06140994 0.1497745
-0.05817569 0.1411632 0.03241253 17375688 -0.05459285 0.06096708 0.1501495
-0.06397918 0.1386592 0.03214296 17605888 -0.05908751 0.05970322 0.1506684
-0.06637862 0.1373253 0.03198048 17846109 -0.06099421 0.05896865 0.1508817
-0.07141834 0.1346158 0.03164753 18046277 -0.06458902 0.05715405 0.1510599
-0.07384765 0.1332034 0.03148061 18276493 -0.06644109 0.05609345 0.1510861
-0.07615802 0.1315913 0.03115394 18506713 -0.06816196 0.05510711 0.1511226
-0.080663 0.1283306 0.03041219 18726899 -0.0716663 0.05308354 0.1510903
-0.08300588 0.1265801 0.02995473 18977137 -0.07341325 0.05202031 0.1510129
-0.08525261 0.1248114 0.02949622 19177306 -0.07506987 0.05076801 0.1508228
-0.08958036 0.1212919 0.02846553 19397513 -0.07838619 0.04844999 0.1504286
-0.09146631 0.1195463 0.02795606 19617707 -0.08000642 0.04728233 0.1502379
-0.09344819 0.1177651 0.02737796 19847915 -0.0815973 0.0462402 0.1500564
-0.0970443 0.1136646 0.02574071 20088140 -0.08456671 0.0438615 0.1493453
-0.09890094 0.1114662 0.02482536 20288308 -0.0859797 0.04276263 0.1489992
-0.1006859 0.1095229 0.02406731 20528529 -0.08727059 0.04151952 0.1485736
-0.1034846 0.1055648 0.02272027 20728706 -0.08948091 0.03867208 0.1477623
-0.1048077 0.1036028 0.02201652 20978928 -0.09054637 0.03728472 0.1473352
-0.1069937 0.1015152 0.02124753 21219157 -0.09171519 0.0360546 0.1468968
-0.1092485 0.09745847 0.01990595 21409324 -0.09344441 0.0331571 0.1460876
-0.1107961 0.09590446 0.01949635 21639536 -0.09441271 0.03180813 0.1457085
-0.112292 0.09403061 0.01880344 21879777 -0.095272 0.03056108 0.1452478
-0.1145762 0.09024452 0.01746341 22069920 -0.09708306 0.02801739 0.1444596
-0.1161687 0.08815324 0.01666084 22310149 -0.09803636 0.02685188 0.1440171
-0.1173946 0.08631431 0.01598301 22530579 -0.09895051 0.02567541 0.1436114
-0.1199139 0.08210123 0.01438438 22760916 -0.1005036 0.02310597 0.1426382
-0.1203489 0.08020687 0.01382136 22990743 -0.1012006 0.02158939 0.1422876
-0.1216317 0.07779025 0.01298722 23200941 -0.1019145 0.02011668 0.1417942
-0.1240232 0.07389378 0.01205334 23421136 -0.1036761 0.01694452 0.1410845
-0.1249068 0.07136678 0.01136568 23661348 -0.1044477 0.01518118 0.1407135
-0.1265126 0.0690093 0.01070308 23871554 -0.1053402 0.01360761 0.140274
-0.1279177 0.0642029 0.009581621 24091745 -0.1069112 0.009964339 0.1396707
-0.1289024 0.06201255 0.009162809 24311935 -0.1078034 0.008152357 0.139394
-0.1305059 0.05946146 0.008635784 24532142 -0.1088418 0.006397477 0.1391008
-0.132925 0.05442368 0.007539506 24772367 -0.1106466 0.002961746 0.1385418
-0.1339729 0.05205583 0.007161762 24992562 -0.1114688 0.001163236 0.1383478
-0.135334 0.04947781 0.006649251 25212752 -0.1123001 -0.0006079757 0.1380536
-0.1378068 0.04436206 0.006040539 25432955 -0.1138732 -0.00441254 0.1377769
-0.1386984 0.04187428 0.005875285 25663159 -0.1145726 -0.006267914 0.1378091
-0.1397823 0.03934061 0.005726094 25913616 -0.1152987 -0.008124718 0.1378391
-0.1410908 0.03423058 0.005592371 26103556 -0.1163603 -0.01207174 0.1380716
-0.1420602 0.03171241 0.005635257 26343785 -0.1169843 -0.01404787 0.1382379
-0.1437634 0.02644002 0.005664016 26553971 -0.1180627 -0.01791252 0.1386249
-0.1443 0.02382194 0.005621458 26774162 -0.1184987 -0.01986624 0.1387826
-0.1445931 0.0209757 0.00559556 27024404 -0.1188342 -0.02193285 0.1390181
-0.1456296 0.01510238 0.005408759 27214571 -0.1196356 -0.02639688 0.1392309
-0.1461393 0.01194751 0.005210842 27444775 -0.1200294 -0.02848745 0.1393359
-0.1464535 0.008910767 0.004975404 27664969 -0.1204256 -0.03067685 0.1393689
-0.1468301 0.002719513 0.004584844 27885164 -0.1210325 -0.03495003 0.1395728
-0.1469426 -0.000244149 0.004609491 28155412 -0.121349 -0.03706873 0.1398692
-0.1468213 -0.003362306 0.004527236 28335571 -0.1213988 -0.03925741 0.1400687
-0.1466192 -0.006536731 0.004462386 28565782 -0.1213455 -0.04136254 0.1403103
-0.145953 -0.01299382 0.004376377 28806315 -0.1208495 -0.04567278 0.1407881
-0.1452512 -0.01586867 0.004502798 29006176 -0.1203854 -0.04791976 0.1411069
-0.1443733 -0.0221082 0.004642005 29246405 -0.11939 -0.05229355 0.1416491
-0.1434649 -0.02544559 0.004624422 29466591 -0.1187515 -0.05454029 0.1419161
-0.1423626 -0.02872098 0.004619504 29696807 -0.1181069 -0.05676151 0.1422118
-0.1398956 -0.03552163 0.004559423 29927234 -0.1165217 -0.06132032 0.1427417
-0.1384138 -0.0388055 0.004547114 30137192 -0.1155396 -0.06366409 0.1429851
-0.1371354 -0.04235769 0.004478212 30357407 -0.1145209 -0.06605471 0.1431623
-0.1344414 -0.04861308 0.0045523 30567585 -0.1124666 -0.070696 0.1436052
-0.1330157 -0.05187333 0.004493619 30807814 -0.1113706 -0.07308591 0.1437336
-0.1317139 -0.0551504 0.004452194 31058040 -0.1103432 -0.07543911 0.1438721
-0.1288202 -0.06169392 0.004296894 31238190 -0.1083572 -0.0798471 0.1441467
-0.1275123 -0.06485999 0.004204954 31478423 -0.1073797 -0.0819471 0.144237
-0.1270167 -0.06758714 0.003921951 31688605 -0.1065077 -0.0840807 0.1439705
-0.123936 -0.07366968 0.003751929 31919712 -0.1042717 -0.08818043 0.1441407
-0.1223817 -0.07634986 0.003767068 32159017 -0.1031102 -0.09012211 0.1442847
-0.120413 -0.07933892 0.003739293 32359206 -0.101781 -0.09209407 0.144439
-0.1171262 -0.08441915 0.003821339 32599439 -0.09958205 -0.09570731 0.144786
-0.1151654 -0.08692408 0.003865535 32819613 -0.09834249 -0.09737719 0.1449824
-0.113082 -0.08927859 0.003921117 33029807 -0.0969666 -0.0989405 0.1451769
-0.1093827 -0.09386564 0.00393575 33260027 -0.09428266 -0.1021555 0.1453908
-0.1071574 -0.09611619 0.003986205 33510244 -0.09279791 -0.1036912 0.1455584
-0.1030099 -0.1004603 0.004037614 33710429 -0.0897772 -0.1065925 0.1457893
-0.1004795 -0.1026313 0.004112299 33940641 -0.08811539 -0.1080083 0.145973
-0.09804168 -0.1047844 0.00417235 34170841 -0.08640352 -0.1093903 0.1461216
-0.09556524 -0.1068934 0.004259403 34381022 -0.0846791 -0.110772 0.14629
-0.09017316 -0.1109452 0.004485901 34621255 -0.08091867 -0.11367 0.1466589
-0.0875172 -0.1128941 0.004616256 34831445 -0.07897806 -0.1150485 0.1468439
-0.0846267 -0.1152318 0.004794593 35051627 -0.07693049 -0.1165598 0.1470804
-0.07890683 -0.1194645 0.005067254 35291860 -0.07263398 -0.1195666 0.1474291
-0.0760276 -0.1215005 0.005225952 35492029 -0.07035327 -0.1210616 0.1476123
-0.07303706 -0.1236028 0.005377884 35722228 -0.06805372 -0.1225436 0.1477868
-0.06748512 -0.1271681 0.005603845 35972462 -0.0636571 -0.1252712 0.1480398
-0.06442001 -0.1289719 0.005706097 36182668 -0.0615145 -0.1264593 0.1481543
-0.05874836 -0.1323859 0.005835379 36392850 -0.05730844 -0.1285091 0.1482754
-0.05614707 -0.1342187 0.005918379 36623058 -0.05529022 -0.1296197 0.1483416
-0.05315137 -0.1355404 0.005976642 36863282 -0.05321592 -0.1305803 0.1483903
-0.04766005 -0.1382976 0.006032135 37063439 -0.04926777 -0.1324756 0.1484041
-0.04483014 -0.1397623 0.006044562 37303668 -0.04730165 -0.1333641 0.1483794
-0.04180241 -0.1410513 0.005996909 37503848 -0.04530579 -0.1340969 0.148284
-0.03639251 -0.1434131 0.005844439 37724047 -0.04122528 -0.1358702 0.1480626
-0.03383127 -0.1443256 0.005873616 37974277 -0.03920034 -0.136737 0.1480701
-0.03086829 -0.1453095 0.005876238 38184467 -0.03699452 -0.1375667 0.1480338
-0.02484322 -0.1472432 0.005978252 38424829 -0.03277689 -0.139244 0.1480322
-0.02152413 -0.1480897 0.006054099 38624856 -0.03066549 -0.1399706 0.1480287
-0.01861623 -0.1486793 0.006070937 38865089 -0.02864653 -0.1405256 0.1479835
-0.0138647 -0.1506666 0.005633618 39085284 -0.02506834 -0.1418098 0.1474162
-0.01090521 -0.1508191 0.005599762 39295461 -0.02304134 -0.1420852 0.1473132
-0.007811874 -0.1512481 0.005533631 39525685 -0.02102208 -0.1423916 0.1471433
-0.001721472 -0.1514931 0.00525641 39735871 -0.01681978 -0.1426336 0.1466771
0.001139015 -0.151563 0.005073066 39976071 -0.01477462 -0.1427456 0.1464069
0.004306793 -0.1515457 0.004934604 40216474 -0.01261711 -0.1427686 0.1461536
0.01015761 -0.1514895 0.004561449 40406642 -0.008477211 -0.1427221 0.1455655
0.01306127 -0.151237 0.004346008 40646693 -0.006390929 -0.1426182 0.1452488
0.01619157 -0.1511364 0.0042794 40866879 -0.00430724 -0.142645 0.1450414
0.02171105 -0.1503381 0.003923143 41087082 -0.0001778007 -0.1425567 0.1445168
0.02436075 -0.1500608 0.003718461 41337300 0.001859918 -0.1424785 0.1442264
0.0273682 -0.1494771 0.003614302 41537476 0.003927737 -0.1422691 0.1439882
0.03267162 -0.1483841 0.003273393 41757687 0.007699281 -0.1419701 0.1434215
0.03520547 -0.1475873 0.003087486 41977882 0.009529561 -0.1417002 0.1431316
0.03767076 -0.1469804 0.002807255 42228128 0.01134248 -0.1414577 0.142745
0.04286915 -0.1459179 0.002288247 42458879 0.01504108 -0.1406208 0.1419442
0.04561882 -0.1454263 0.002093787 42648698 0.01694737 -0.1402003 0.1415817
0.04810835 -0.1448059 0.001814629 42878711 0.01880506 -0.1398529 0.1411812
0.05342136 -0.1432886 0.001457061 43118920 0.02254498 -0.1390821 0.1405082
0.05597563 -0.1425474 0.001234497 43329105 0.02432625 -0.1385785 0.1401187
0.05875716 -0.1417978 0.001152451 43589340 0.02623166 -0.1379937 0.1398387
0.06378208 -0.1398102 0.0007610273 43769499 0.02984264 -0.1369556 0.1391309
0.06626628 -0.1388526 0.0006142211 43999702 0.03157601 -0.1363576 0.1388047
0.06870888 -0.1377821 0.0004499209 44259953 0.03334029 -0.135689 0.1384751
0.07351252 -0.1357095 7.754088E-05 44580425 0.03671519 -0.1339922 0.1377339
0.07857251 -0.1332995 -3.347278E-05 44770406 0.04016641 -0.1324258 0.1371907
0.08091667 -0.1320855 -0.0001476157 45010615 0.0419095 -0.1316387 0.1369089
0.08337265 -0.1307879 -0.0001699674 45230817 0.04361139 -0.1308186 0.1366704
0.08785106 -0.1280092 -0.0003228533 45461600 0.04690239 -0.1290829 0.1361627
0.09003201 -0.1265239 -0.0003651726 45721260 0.04847074 -0.1281866 0.1359292
0.09429196 -0.1234078 -0.000454073 45912189 0.05144319 -0.1261194 0.1354241
0.09623894 -0.1218131 -0.0005933094 46141647 0.05289322 -0.1251563 0.1351131
0.09851573 -0.1201608 -0.0005372512 46341828 0.05433038 -0.1241736 0.1348799
0.1003355 -0.1184399 -0.0007456589 46682127 0.05574195 -0.1229586 0.1345217
0.1066204 -0.1134074 -0.0009872067 46952533 0.06012422 -0.119382 0.1335812
0.1086509 -0.1115197 -0.001019423 47122516 0.06161268 -0.1181357 0.1333305
0.1106497 -0.109793 -0.001039093 47362741 0.06294695 -0.1170588 0.1330426
0.1144074 -0.1058769 -0.001041805 47593383 0.06568772 -0.1144029 0.1325993
0.116585 -0.1039836 -0.0008197773 47823153 0.06710619 -0.1130405 0.1325071
0.117838 -0.101845 -0.001055692 48033359 0.0682364 -0.111589 0.1321772
0.1209424 -0.09761669 -0.001002913 48243536 0.07062572 -0.1089958 0.1318316
0.1227778 -0.09583522 -0.0008498776 48483911 0.07189679 -0.1077418 0.1317232
0.1241443 -0.09404374 -0.0009331155 48693943 0.07295978 -0.1063999 0.1314819
0.1272932 -0.09164024 -0.001110231 48924337 0.07563511 -0.1042596 0.1310958
0.1288271 -0.08988155 -0.001070534 49184596 0.07686114 -0.1031566 0.1309505
0.1317731 -0.08649386 -0.0009448278 49364548 0.07924162 -0.1011745 0.1307031
0.1333156 -0.08474375 -0.0007938791 49704855 0.08036441 -0.1000509 0.1306143
0.1358767 -0.08085943 -0.0006076741 49925049 0.08241136 -0.09771801 0.1304019
0.1370069 -0.0787815 -0.0005269992 50175283 0.0833279 -0.09646273 0.1302866
0.1378654 -0.07676352 -0.0005740571 50365629 0.08413057 -0.09510911 0.1301251
0.1400265 -0.07209683 -0.0001603413 50615871 0.08572528 -0.0923158 0.1300273
0.1406805 -0.0697825 -0.0002106178 50815857 0.08638339 -0.09088624 0.1298383
0.1415278 -0.06741298 -0.0001107204 51066087 0.08709325 -0.08947504 0.1297215
0.1429286 -0.06254471 -7.418275E-05 51256405 0.08837679 -0.08640112 0.129391
0.1436007 -0.05987478 -7.425547E-06 51526811 0.08900587 -0.08476663 0.1292444
0.144523 -0.05444766 8.570671E-05 51856801 0.08997995 -0.08172143 0.128878
0.1454958 -0.04922773 0.0002484274 52177272 0.09074782 -0.07839097 0.1285388
0.1458924 -0.04631842 0.0005022836 52387267 0.09091197 -0.07663203 0.1284261
0.1461473 -0.04046811 0.0005960417 52607478 0.09158133 -0.07364786 0.1279849
0.1465424 -0.03792096 0.0007474971 52827673 0.09185608 -0.07209934 0.1278203
0.1475048 -0.0358224 0.001034166 53047880 0.09244415 -0.07063258 0.1277734
0.1485991 -0.03050269 0.001569386 53318265 0.09315675 -0.06747617 0.1275272
0.1490982 -0.02760673 0.001965816 53498274 0.09349318 -0.06605245 0.1274101
0.1496468 -0.02500809 0.002306934 53728490 0.09385969 -0.06471289 0.1272773
0.150793 -0.02048124 0.00281241 53948697 0.09464726 -0.06158341 0.1271688
0.1513979 -0.01811315 0.003188218 54168879 0.09516208 -0.06018509 0.1271791
0.1518068 -0.0156901 0.00357836 54449144 0.09559823 -0.05900837 0.1271517
0.1529302 -0.0114416 0.004465575 54759761 0.09666085 -0.05688966 0.1272438
0.1539919 -0.007537969 0.005217965 54959593 0.09761494 -0.05463172 0.1273247
0.1542499 -0.005585321 0.005484815 55199826 0.09810789 -0.0536827 0.1273083
0.1543076 -0.001778611 0.005935783 55540121 0.09892745 -0.05213691 0.1271931
0.1544091 0.001319758 0.006273891 55900454 0.09951538 -0.05042637 0.1271675
0.1545039 0.003651253 0.0063751 56060582 0.09966008 -0.048782 0.126995
0.1544885 0.004515282 0.006355281 56411085 0.09972762 -0.04809512 0.1269357
0.1541382 0.006194822 0.006597395 56651472 0.09962747 -0.04737414 0.1268688
0.1536837 0.006882778 0.006685848 56861329 0.09958382 -0.04720915 0.1269086
0.1527248 0.007816426 0.006974216 57081512 0.09909297 -0.04687918 0.1271336
0.1521585 0.00797104 0.007175173 57422135 0.09863011 -0.04674686 0.1273705
0.1506435 0.008084289 0.008375133 57782148 0.09721439 -0.04719247 0.1283587
0.1489314 0.007483116 0.01107105 58122792 0.09499022 -0.04839564 0.1305456
0.1474505 0.00627338 0.01815602 58322656 0.09098822 -0.05059494 0.1359876
