0.1476285 -0.002022856 0.005276301 0 0.048123 0.005660295 0.106991
0.1473512 -0.001565052 0.004892203 130263 0.0479237 0.005689534 0.1067145
0.1472625 -0.0009268151 0.004691148 220195 0.04785761 0.005792427 0.1065724
0.1472625 -0.0009268151 0.004691148 330294 0.04785761 0.005792427 0.1065724
0.1471303 -0.0004331402 0.004413113 440389 0.04783863 0.005837199 0.1064333
0.1469107 -3.449383E-05 0.004031345 550489 0.04785863 0.005868098 0.106306
0.1469107 -3.449383E-05 0.004031345 670605 0.04785863 0.005868098 0.106306
0.1468186 0.0002998705 0.003795404 770696 0.04782887 0.006017563 0.1061409
0.1467461 0.000590587 0.003581516 890808 0.04773428 0.00623432 0.1059097
0.1467461 0.000590587 0.003581516 1000919 0.04773428 0.00623432 0.1059097
0.146782 0.001011858 0.003524172 1111007 0.04767027 0.006393989 0.1057697
0.1467904 0.001353938 0.00342901 1231318 0.04763656 0.006517018 0.105645
0.1470137 0.001802047 0.003589571 1341364 0.04761406 0.006742001 0.1055776
0.1470137 0.001802047 0.003589571 1441297 0.04761406 0.006742001 0.1055776
0.1471941 0.002188816 0.003705425 1561405 0.04749979 0.006949012 0.105414
0.147392 0.002650874 0.003768445 1681517 0.04753092 0.007172618 0.1053242
0.147392 0.002650874 0.003768445 1781604 0.04753092 0.007172618 0.1053242
0.1474378 0.003055594 0.003594997 1911717 0.04761354 0.00728872 0.1051994
0.1477451 0.003623351 0.003867213 2011816 0.04753839 0.007371147 0.1051136
0.1477451 0.003623351 0.003867213 2121911 0.04753839 0.007371147 0.1051136
0.1479603 0.004536099 0.004027874 2232018 0.04732811 0.007614575 0.104874
0.1480087 0.005276484 0.004126028 2352127 0.04717181 0.007916104 0.1047799
0.1480087 0.005276484 0.004126028 2462214 0.04717181 0.007916104 0.1047799
0.1481015 0.006372216 0.004247563 2562308 0.0471361 0.008274253 0.1047892
0.1487399 0.008102855 0.005295915 2682425 0.04718237 0.008877884 0.1052545
0.1487399 0.008102855 0.005295915 2792524 0.04718237 0.008877884 0.1052545
0.1488115 0.009585381 0.005544067 2902607 0.04708361 0.009254143 0.1053318
0.1489019 0.0112073 0.005897618 3012715 0.046958 0.009785017 0.1054549
0.1489019 0.0112073 0.005897618 3142844 0.046958 0.009785017 0.1054549
0.1490815 0.01310221 0.006412837 3242927 0.04677375 0.01051634 0.1055728
0.149165 0.01491622 0.006968626 3353014 0.04649816 0.01121992 0.1057214
0.149165 0.01491622 0.006968626 3473150 0.04649816 0.01121992 0.1057214
0.1490991 0.0168541 0.007383408 3583234 0.04625576 0.01197214 0.1059007
0.1489051 0.01900632 0.007730253 3693337 0.04605361 0.01274354 0.1061609
0.1489051 0.01900632 0.007730253 3803440 0.04605361 0.01274354 0.1061609
0.1487295 0.02103656 0.008214026 3913528 0.04576006 0.0134973 0.1064317
0.1485972 0.02319199 0.008833576 4023631 0.0453892 0.01434903 0.1066915
0.1485972 0.02319199 0.008833576 4153740 0.0453892 0.01434903 0.1066915
0.1482718 0.02542103 0.009234262 4253847 0.0450179 0.01518693 0.1069079
0.148036 0.02763032 0.009815156 4363930 0.04456035 0.01602544 0.1071001
0.148036 0.02763032 0.009815156 4494064 0.04456035 0.01602544 0.1071001
0.1475227 0.02998766 0.0102907 4584137 0.04392504 0.01709752 0.1072836
0.1471794 0.03184437 0.0107632 4694240 0.04343985 0.01803807 0.1074779
0.1471794 0.03184437 0.0107632 4804327 0.04343985 0.01803807 0.1074779
0.1467164 0.03424387 0.01125643 4914427 0.04301304 0.01904964 0.1078018
0.1456213 0.0364515 0.01104748 5024526 0.04245571 0.01975672 0.1079205
0.1456213 0.0364515 0.01104748 5144631 0.04245571 0.01975672 0.1079205
0.1439888 0.03804929 0.01024769 5274756 0.04169694 0.02022862 0.1078441
0.1429998 0.04015568 0.01021511 5364841 0.04117957 0.02103119 0.1080576
0.1429998 0.04015568 0.01021511 5474945 0.04117957 0.02103119 0.1080576
0.1421016 0.04258442 0.01030461 5615071 0.04072364 0.02200398 0.1083108
0.1411365 0.04464826 0.01027613 5705140 0.04017201 0.02287411 0.108451
0.1411365 0.04464826 0.01027613 5825443 0.04017201 0.02287411 0.108451
0.1401351 0.04663201 0.01028285 5925343 0.03953189 0.02384889 0.1085996
0.1390166 0.04846305 0.01020946 6045448 0.03880494 0.02482893 0.108725
0.1390166 0.04846305 0.01020946 6155551 0.03880494 0.02482893 0.108725
0.1377203 0.05057315 0.009919845 6265646 0.03806181 0.02588365 0.1087372
0.1365459 0.05259412 0.00963065 6405789 0.03749947 0.02687267 0.1087995
0.1365459 0.05259412 0.00963065 6495866 0.03749947 0.02687267 0.1087995
0.1353592 0.05474107 0.009306053 6595961 0.03688521 0.02799311 0.108773
0.1340819 0.0568946 0.009021894 6706052 0.03607294 0.0291479 0.1086743
0.1340819 0.0568946 0.009021894 6836177 0.03607294 0.0291479 0.1086743
0.1330034 0.05888463 0.009237084 6936247 0.03498433 0.03024829 0.1086276
0.1315652 0.06096009 0.009230354 7046351 0.0335969 0.03127119 0.1083618
0.1315652 0.06096009 0.009230354 7156446 0.0335969 0.03127119 0.1083618
0.1302741 0.0631271 0.009463647 7276563 0.03227492 0.03236219 0.1082357
0.1290549 0.0653697 0.009700112 7386662 0.03105206 0.03361286 0.1081542
0.1279615 0.06708223 0.009889279 7496761 0.02986157 0.03480881 0.1080783
0.1279615 0.06708223 0.009889279 7616882 0.02986157 0.03480881 0.1080783
0.126834 0.06899559 0.01016153 7726977 0.02863071 0.03601686 0.1080122
0.1255246 0.07106519 0.01041956 7827063 0.02730001 0.03719283 0.1079432
0.1255246 0.07106519 0.01041956 7937167 0.02730001 0.03719283 0.1079432
0.1242956 0.07303885 0.01080363 8067304 0.02599837 0.03814993 0.1078947
0.1228504 0.0751628 0.01102536 8167362 0.02480718 0.03910431 0.1079458
0.1228504 0.0751628 0.01102536 8307643 0.02480718 0.03910431 0.1079458
0.1214459 0.07704417 0.01115177 8407595 0.02363103 0.04018774 0.1080028
0.1199619 0.07895524 0.01120739 8507678 0.02238229 0.04145601 0.1080489
0.1199619 0.07895524 0.01120739 8637791 0.02238229 0.04145601 0.1080489
0.1185786 0.08051813 0.01116774 8727888 0.02124711 0.04257015 0.1080841
0.1168748 0.08268014 0.01105395 8847977 0.01996207 0.04379579 0.1080189
0.1168748 0.08268014 0.01105395 8948071 0.01996207 0.04379579 0.1080189
0.1126227 0.08112073 0.006851835 9068196 0.01779197 0.04354351 0.1063573
0.1140411 0.08695532 0.01121175 9178283 0.01770048 0.04602949 0.1079062
0.1140411 0.08695532 0.01121175 9278373 0.01770048 0.04602949 0.1079062
0.1095315 0.08457865 0.006315828 9428513 0.01542669 0.04571921 0.1060178
0.1113901 0.09051362 0.0111916 9508569 0.01527481 0.0485057 0.1076459
0.1113901 0.09051362 0.0111916 9628681 0.01527481 0.0485057 0.1076459
0.1065874 0.08804328 0.005877429 9738776 0.01281003 0.04818626 0.1054941
0.1086436 0.09393193 0.01112312 9858909 0.01272478 0.05068225 0.1072236
0.1086436 0.09393193 0.01112312 9958991 0.01272478 0.05068225 0.1072236
0.1068881 0.09569606 0.01072086 10069087 0.01140964 0.05159863 0.1068745
0.1056442 0.09750994 0.01085761 10179186 0.01030582 0.05263346 0.1067896
0.1056442 0.09750994 0.01085761 10309316 0.01030582 0.05263346 0.1067896
0.1038935 0.09907201 0.01038814 10399551 0.008987278 0.05372075 0.1065252
0.1025195 0.1006243 0.01029692 10539515 0.007676629 0.05488231 0.1063112
0.1025195 0.1006243 0.01029692 10629597 0.007676629 0.05488231 0.1063112
0.1007991 0.1024566 0.01001978 10739684 0.006359072 0.05599608 0.1060862
0.09912043 0.1040721 0.00986385 10869817 0.004965996 0.05691937 0.1058733
0.09912043 0.1040721 0.00986385 10959899 0.004965996 0.05691937 0.1058733
0.09724263 0.105694 0.009395069 11079987 0.003683269 0.05790009 0.1056689
0.09557463 0.1071112 0.008966387 11200099 0.002490924 0.05902757 0.1055564
0.09557463 0.1071112 0.008966387 11320228 0.002490924 0.05902757 0.1055564
0.09403793 0.1081618 0.00863465 11410293 0.001219303 0.06007213 0.1054765
0.09217867 0.1093912 0.008096863 11530397 -0.0002075413 0.06101491 0.105209
0.09217867 0.1093912 0.008096863 11630492 -0.0002075413 0.06101491 0.105209
0.0905389 0.1111556 0.008107266 11750612 -0.001570357 0.06193073 0.105056
0.08867193 0.112081 0.007436545 11860708 -0.002972101 0.06248017 0.1046342
0.08867193 0.112081 0.007436545 11970807 -0.002972101 0.06248017 0.1046342
0.08703878 0.1135149 0.007189738 12100928 -0.004260698 0.0632998 0.1043963
0.0851725 0.1143634 0.006595134 12211011 -0.005769555 0.06390037 0.104008
0.0851725 0.1143634 0.006595134 12311118 -0.005769555 0.06390037 0.104008
0.08331239 0.1157046 0.006281678 12441434 -0.007250649 0.06471442 0.1037732
0.08144878 0.1164897 0.005796475 12551335 -0.00886056 0.06544485 0.1034945
0.08144878 0.1164897 0.005796475 12651437 -0.00886056 0.06544485 0.1034945
0.07988574 0.1176392 0.005812401 12781526 -0.0102797 0.06620108 0.103437
0.07802105 0.1189749 0.005756419 12871608 -0.01184298 0.0669139 0.1033288
0.07802105 0.1189749 0.005756419 12981902 -0.01184298 0.0669139 0.1033288
0.07626108 0.1194152 0.005635188 13111833 -0.0133788 0.06734268 0.1034074
0.07447845 0.1205827 0.00581412 13332023 -0.01502004 0.06796063 0.1034214
0.07270212 0.1216386 0.005944593 13462141 -0.01655705 0.068577 0.1035332
0.07106391 0.1225474 0.006093204 13702353 -0.01803655 0.06923371 0.1036893
0.06928493 0.1238476 0.006262558 13912555 -0.01952997 0.0699693 0.103809
0.06564628 0.1255653 0.006326303 14132746 -0.02264236 0.07096736 0.1039503
0.06376431 0.1270429 0.006627788 14332922 -0.02426088 0.07164355 0.1040379
0.06192422 0.1283617 0.006790781 14433017 -0.02572989 0.07241788 0.1042243
0.06014471 0.1291784 0.006655789 14543132 -0.02719926 0.07314803 0.1043179
0.06014471 0.1291784 0.006655789 14673238 -0.02719926 0.07314803 0.1043179
0.05832877 0.1302638 0.006828579 14773320 -0.02878832 0.07394125 0.1045252
0.05641457 0.1313995 0.007057974 14883431 -0.0304586 0.07474516 0.10478
0.05442858 0.1325187 0.007164813 15033567 -0.03214959 0.07545625 0.1049111
0.05442858 0.1325187 0.007164813 15253770 -0.03214959 0.07545625 0.1049111
0.05033951 0.1349285 0.007297412 15473960 -0.0355116 0.07672888 0.1050146
0.04860953 0.1360417 0.007729764 15694155 -0.03713313 0.07739351 0.1052738
0.04636522 0.1367234 0.007519959 15924367 -0.03893492 0.07788882 0.1053393
0.04292272 0.1390479 0.008613051 16184614 -0.04224764 0.07925301 0.1059621
0.04077366 0.1400002 0.008596485 16374769 -0.04401482 0.07987995 0.1060784
0.03884099 0.1411704 0.008975473 16594972 -0.04564831 0.08046964 0.1063574
0.03466317 0.1417737 0.008358288 16815175 -0.04903907 0.08121522 0.1065054
0.03279096 0.1421799 0.008524702 17035369 -0.0508239 0.08153199 0.1066911
0.03087326 0.1425458 0.008545713 17285611 -0.05252553 0.08170339 0.1067754
0.02647764 0.1431399 0.00824559 17485776 -0.05612656 0.08179575 0.1068342
0.02469135 0.1435939 0.008495782 17726171 -0.05781467 0.08193788 0.1069719
0.02000912 0.144314 0.008096133 17936186 -0.06169846 0.08227081 0.1069939
0.01768468 0.1447595 0.008068338 18176484 -0.06371592 0.08235921 0.1069945
0.01517763 0.1451546 0.007756971 18416628 -0.06563346 0.08235081 0.1069109
0.01000614 0.1457072 0.006767126 18606791 -0.06960087 0.08210308 0.1063839
0.007714608 0.1459145 0.006318861 18826986 -0.07142845 0.08209594 0.1061679
0.00528225 0.1458662 0.005531162 19077224 -0.07331563 0.08203874 0.1058042
0.0001397443 0.1462097 0.004078332 19267383 -0.07716674 0.08207957 0.1051589
-0.002601234 0.1468699 0.003685567 19507604 -0.07918193 0.08225693 0.1050108
-0.005249624 0.1471696 0.003231148 19737808 -0.08121508 0.08231404 0.1048641
-0.01026641 0.1480409 0.002940731 19948006 -0.08523763 0.0822328 0.1046995
-0.01253511 0.1485073 0.003117057 20198219 -0.08714582 0.08237066 0.1049278
-0.01506897 0.1486729 0.002980861 20408413 -0.0891524 0.0824284 0.1051061
-0.01931874 0.1494869 0.003474487 20628612 -0.0927417 0.08271579 0.1057337
-0.02154193 0.1497179 0.003653991 20838806 -0.09450168 0.08271362 0.106092
-0.02354419 0.1498139 0.003843282 21079026 -0.09615298 0.08267252 0.1064409
-0.0277958 0.149944 0.003983578 21289212 -0.0993991 0.08264702 0.107184
-0.02971002 0.1494838 0.003803936 21529417 -0.100887 0.08241656 0.1074479
-0.03162923 0.1495632 0.00409869 21769812 -0.1024787 0.08222718 0.1077928
-0.0355182 0.1494038 0.004202746 21959809 -0.1055216 0.08172764 0.1082494
-0.03751929 0.1492106 0.00408587 22200034 -0.1070411 0.08153122 0.1084528
-0.03921422 0.1484669 0.003795552 22410220 -0.1083388 0.08113807 0.108652
-0.04252632 0.1471829 0.00353707 22630414 -0.111171 0.08021663 0.1089396
-0.04420546 0.1466618 0.003559904 22880648 -0.1125958 0.0798336 0.109215
-0.04586013 0.1460502 0.003518726 23090834 -0.1139467 0.07934733 0.1094489
-0.04892327 0.1445011 0.003487477 23301023 -0.1165448 0.07808214 0.1098928
-0.05042885 0.1438929 0.003595939 23521230 -0.1177248 0.07740372 0.1101637
-0.05202604 0.1430388 0.003568157 23751653 -0.119043 0.07664454 0.1103707
-0.05516475 0.1416689 0.003585774 23991639 -0.12159 0.07558393 0.1109483
-0.05645373 0.1407379 0.003666717 24191827 -0.1228188 0.07497732 0.1112654
-0.0576734 0.1399389 0.003830607 24432052 -0.1239823 0.07441112 0.1116058
-0.06043257 0.1379295 0.003753243 24642234 -0.1262566 0.0729547 0.1121586
-0.06211337 0.1371899 0.003687669 24872454 -0.1274155 0.07224916 0.1124286
-0.06336486 0.1360019 0.003734852 25092640 -0.1285615 0.07142254 0.1127539
-0.06603072 0.1338058 0.003857435 25312839 -0.1308329 0.06972503 0.1134046
-0.06745271 0.1329423 0.004127586 25553056 -0.1320183 0.06878109 0.1137673
-0.06863303 0.131767 0.004309964 25763245 -0.1330675 0.06780114 0.1141408
-0.07153779 0.1298497 0.004557327 25983452 -0.1352632 0.06592225 0.1148233
-0.07286891 0.1288567 0.004698102 26233682 -0.1363959 0.06498724 0.1151122
-0.07581655 0.1269411 0.004973941 26443864 -0.1387525 0.06297645 0.115671
-0.07754166 0.1260507 0.005015975 26664062 -0.1399977 0.06203533 0.1159553
-0.07912125 0.1249738 0.00498378 26914288 -0.1412417 0.06110033 0.1161929
-0.08218703 0.1233363 0.005503076 27104468 -0.1439117 0.05947563 0.1169397
-0.08374088 0.1226592 0.005915039 27354860 -0.1452958 0.05861512 0.1173404
-0.08559438 0.1218194 0.005942564 27554858 -0.1465988 0.05771514 0.1176357
-0.08879593 0.119813 0.006418139 27775065 -0.149359 0.05588925 0.1184545
-0.0905351 0.1189196 0.006579113 27995268 -0.1507203 0.05504433 0.1188464
-0.09216329 0.1178436 0.006847003 28235476 -0.1521629 0.05400486 0.1192343
-0.09552189 0.1156909 0.007327016 28475847 -0.1548848 0.05180104 0.120023
-0.09719804 0.1142743 0.00752437 28665865 -0.1562271 0.05040725 0.1204085
-0.09915266 0.1133192 0.0078512 28896279 -0.1576775 0.04913076 0.1208155
-0.1027601 0.1108189 0.0083613 29116271 -0.160517 0.04666339 0.1217388
-0.104022 0.1090218 0.008579576 29346479 -0.1618829 0.045279 0.1221367
-0.1057191 0.1073137 0.008559762 29586712 -0.1632742 0.04401844 0.1225219
-0.108573 0.1039389 0.008970328 29786872 -0.1655537 0.04076989 0.1232906
-0.1100015 0.1017785 0.008915494 30037102 -0.1666892 0.03900066 0.1235963
-0.1113698 0.1000445 0.009157522 30257317 -0.1679658 0.03745337 0.1239856
-0.1137408 0.09550147 0.009252306 30457478 -0.1702858 0.0340532 0.1247211
-0.1148356 0.09345642 0.009506566 30707708 -0.1713725 0.0322745 0.1251206
-0.1162576 0.09120886 0.009392049 30907896 -0.1724209 0.03035977 0.1253632
-0.1184817 0.08701912 0.009589766 31128087 -0.1745505 0.02679414 0.1259319
-0.1196917 0.08504201 0.009570833 31358295 -0.175551 0.02507257 0.1261455
-0.1208344 0.08242118 0.009247238 31588510 -0.1765843 0.02311777 0.1262143
-0.1231892 0.07825752 0.00890347 31818929 -0.1785203 0.01945829 0.1263231
-0.124369 0.07628731 0.008789155 32058943 -0.1794464 0.0174913 0.1263297
-0.1272537 0.07252212 0.008485666 32259116 -0.1814594 0.01352833 0.1263319
-0.1289108 0.07050031 0.008268541 32469301 -0.1827609 0.01170572 0.126377
-0.1298721 0.06829933 0.00834932 32699695 -0.1838952 0.009937815 0.1265936
-0.1314133 0.06622906 0.008217033 32939734 -0.1852298 0.008126291 0.1266827
-0.1339155 0.06161318 0.007895473 33139898 -0.1872286 0.004196394 0.1269219
-0.1351889 0.05914648 0.007665921 33390144 -0.1881956 0.002076975 0.1269958
-0.1373265 0.05494068 0.007908175 33600326 -0.1902165 -0.001638053 0.1275232
-0.1381437 0.05269777 0.008063731 33810516 -0.1911479 -0.003329217 0.1278877
-0.1390574 0.05058642 0.008393699 34050736 -0.1921415 -0.00509378 0.1283439
-0.1400232 0.04830446 0.008546494 34270935 -0.1930398 -0.006942925 0.1287264
-0.1416127 0.0437702 0.008945971 34521736 -0.194575 -0.01088148 0.1294219
-0.1421379 0.04147539 0.009266506 34711325 -0.1952661 -0.01279265 0.1298427
-0.1428247 0.03900381 0.009320268 34951995 -0.1959286 -0.01469191 0.1301631
-0.1438984 0.03390415 0.009648612 35151722 -0.1970985 -0.01883541 0.1308697
-0.1444641 0.03153817 0.009883191 35391939 -0.1976409 -0.0208939 0.1312478
-0.1457512 0.02586363 0.009870755 35612142 -0.1989158 -0.02526419 0.1317958
-0.1462354 0.02309358 0.009923841 35822323 -0.1996187 -0.0274096 0.1320135
-0.1466936 0.01980423 0.009853486 36052527 -0.2004352 -0.02969702 0.1321961
-0.1478676 0.0135356 0.009609991 36292760 -0.2019196 -0.03429263 0.1324802
-0.1482712 0.01050958 0.009629868 36492940 -0.202709 -0.03661564 0.1326014
-0.1486869 0.007763286 0.009553198 36743154 -0.2033599 -0.03882323 0.1326256
-0.1498839 0.001750682 0.008664791 36963353 -0.2044519 -0.04343394 0.1323051
-0.1502745 -0.001288282 0.00815354 37163529 -0.2048522 -0.04562601 0.1320958
-0.1507581 -0.004149063 0.007658693 37423768 -0.2052798 -0.04770185 0.1319036
-0.1515209 -0.009703077 0.006493949 37624135 -0.2062788 -0.05150325 0.131236
-0.1518409 -0.01268059 0.005836164 37864162 -0.2066856 -0.05336028 0.1309101
-0.1519649 -0.01570006 0.005169572 38064359 -0.2070378 -0.0552257 0.1305129
-0.1518264 -0.02199795 0.004225174 38314775 -0.2071117 -0.0594822 0.130101
-0.1519011 -0.02515117 0.003692444 38504748 -0.2072704 -0.06167008 0.1298148
-0.1516015 -0.02766625 0.00362182 38744977 -0.2073219 -0.06352423 0.1297792
-0.1511957 -0.03348745 0.003007296 38975480 -0.2073967 -0.06745165 0.1294752
-0.150698 -0.03630573 0.00289807 39195371 -0.20722 -0.06951775 0.1294227
-0.1504775 -0.03965731 0.002370788 39425583 -0.2069478 -0.07180579 0.1291929
-0.1490021 -0.04535409 0.002067252 39766202 -0.2061012 -0.07610587 0.1289541
-0.1470554 -0.05152086 0.001820041 40076162 -0.204983 -0.08021302 0.1288138
-0.1443029 -0.05742648 0.001714799 40316375 -0.2031844 -0.08437239 0.1286523
-0.1429273 -0.05954194 0.00169915 40556612 -0.2021639 -0.0863144 0.1285081
-0.1394668 -0.06570998 0.001605062 40886906 -0.1996866 -0.09062643 0.1283292
-0.1356518 -0.07112362 0.001675026 41087265 -0.1970308 -0.09464307 0.1281096
-0.1336843 -0.07431724 0.001602683 41307277 -0.1955968 -0.09675847 0.1279731
-0.1316862 -0.07681502 0.001656847 41527654 -0.1941314 -0.09866607 0.1278685
-0.1297175 -0.07999818 0.001482544 41757683 -0.1925394 -0.1008345 0.1276789
-0.1255459 -0.08596422 0.00137988 41998232 -0.1890242 -0.1052009 0.1275017
-0.1234652 -0.08909622 0.001193371 42208098 -0.1872426 -0.1074673 0.1272933
-0.1212766 -0.09118967 0.001230209 42438306 -0.1854322 -0.1092765 0.1271793
-0.1163358 -0.09668788 0.001439733 42668497 -0.1815901 -0.1130513 0.1270597
-0.1144672 -0.1003879 0.0009214988 42878687 -0.1797592 -0.1152713 0.1267058
-0.1119733 -0.1019847 0.001022743 43108915 -0.177757 -0.1168311 0.1265549
-0.1074749 -0.1068503 0.0007653873 43309083 -0.1738043 -0.1202826 0.1261697
-0.1052772 -0.1076377 0.0005785304 43579335 -0.1717842 -0.1214684 0.1258454
-0.1008176 -0.1119417 -7.366938E-07 43919638 -0.1679307 -0.124043 0.1251217
-0.09622632 -0.11606 -0.0004843978 44099789 -0.1641608 -0.1267173 0.1243258
-0.09378333 -0.1177315 -0.000651182 44319996 -0.1620921 -0.1278556 0.123999
-0.09162939 -0.1197815 -0.001120784 44550195 -0.1602004 -0.1291399 0.1234452
-0.08699268 -0.123364 -0.001686857 44780435 -0.1562613 -0.1313129 0.1225908
-0.0847262 -0.1247543 -0.002092233 45020932 -0.1543699 -0.1322128 0.122006
-0.08206918 -0.1259757 -0.002165637 45220959 -0.1522783 -0.1330362 0.121637
-0.07731829 -0.1289309 -0.002877525 45481060 -0.1480867 -0.1348265 0.1206673
-0.07518924 -0.1296521 -0.003445073 45661202 -0.1459944 -0.1353413 0.1200884
-0.07312401 -0.131401 -0.004022178 45901419 -0.144108 -0.1362344 0.1194451
-0.06836718 -0.1338304 -0.004682674 46151823 -0.1400824 -0.1374512 0.1184029
-0.06590331 -0.1343601 -0.005081499 46331807 -0.1379526 -0.1378132 0.1178137
-0.0631768 -0.1348895 -0.005163924 46582236 -0.1357342 -0.1381144 0.1174382
-0.05901118 -0.1373307 -0.006181962 46832603 -0.1318194 -0.1391528 0.1163002
-0.05595796 -0.1376963 -0.005940424 47012434 -0.1296906 -0.13945 0.1159886
-0.05425777 -0.1391376 -0.00666602 47272664 -0.1278684 -0.1400998 0.1153455
-0.0501701 -0.1410033 -0.007696284 47452819 -0.1239579 -0.140962 0.1142119
-0.04712721 -0.1411939 -0.007414976 47683193 -0.1218073 -0.1409983 0.1139486
-0.04461494 -0.1412897 -0.007625008 47903229 -0.1197696 -0.1409765 0.1134449
-0.03936264 -0.143433 -0.007839112 48133583 -0.1155699 -0.1416407 0.1125582
-0.0377364 -0.1434514 -0.008358232 48383655 -0.1139401 -0.1416524 0.1120412
-0.03412765 -0.1448597 -0.007755212 48583848 -0.1114551 -0.1421465 0.1119083
-0.0307522 -0.1447821 -0.008827624 48794041 -0.1079454 -0.1416159 0.1109115
-0.0274966 -0.144431 -0.008398954 49014236 -0.1055362 -0.1412784 0.1107905
-0.02624218 -0.1459112 -0.009276451 49244436 -0.1039429 -0.1415862 0.1100975
-0.01965414 -0.1452771 -0.008112693 49494868 -0.09921787 -0.1410563 0.1100316
-0.01811855 -0.1462335 -0.008737151 49694838 -0.0975267 -0.1412093 0.1094803
-0.01558807 -0.1462346 -0.008702346 49935067 -0.09545246 -0.1409785 0.1091972
-0.01094546 -0.1466422 -0.0089138 50145261 -0.09153645 -0.1408664 0.1084659
-0.009327977 -0.1473871 -0.009515012 50365451 -0.08984093 -0.1409241 0.1078824
-0.005753429 -0.1461261 -0.008885511 50615689 -0.08743069 -0.1403762 0.1077422
-0.001395621 -0.1463608 -0.00920366 50816526 -0.08367839 -0.1398163 0.1069556
0.0009718666 -0.1459516 -0.009230522 51056075 -0.08168511 -0.1392467 0.1066535
0.005620661 -0.1463536 -0.009198309 51266264 -0.07777852 -0.138795 0.1061
0.008298044 -0.146219 -0.008809972 51606733 -0.07572919 -0.1384982 0.1060207
0.01276611 -0.1467027 -0.00890447 51936873 -0.07186177 -0.1382899 0.1054353
0.01783922 -0.1468523 -0.008330212 52147063 -0.06789013 -0.1377823 0.1051355
0.02009035 -0.1470374 -0.008365374 52507392 -0.06596477 -0.1377514 0.104836
0.02495026 -0.1473614 -0.008078615 52837678 -0.06194504 -0.137375 0.1044191
0.02942582 -0.1478588 -0.00810959 53037867 -0.05824792 -0.1372217 0.1037225
0.03196771 -0.1480545 -0.007729391 53288089 -0.056246 -0.1369054 0.1036272
0.0361952 -0.1484955 -0.007814178 53498274 -0.05263527 -0.1365083 0.1029635
0.03861474 -0.1486225 -0.007494769 53838817 -0.05081512 -0.1363411 0.1027673
0.04298257 -0.1484842 -0.007286813 54068943 -0.04734883 -0.1360134 0.1022165
0.04742866 -0.1483972 -0.006843136 54299005 -0.04387036 -0.1354941 0.1018043
0.04947177 -0.1482542 -0.006700667 54649333 -0.04219389 -0.1352005 0.1016195
0.05364261 -0.1474284 -0.006527076 54829484 -0.03881515 -0.1343863 0.1011192
0.05590671 -0.1469839 -0.006089395 55179816 -0.03710281 -0.133949 0.1010814
0.06014714 -0.14503 -0.005735386 55420021 -0.03376969 -0.1328051 0.1007373
0.06441005 -0.1432175 -0.005189721 55760328 -0.03042324 -0.1314638 0.100521
0.06861782 -0.1407443 -0.004894113 55950682 -0.02697657 -0.1297534 0.1002114
0.07105675 -0.1393889 -0.00426655 56200912 -0.02514039 -0.1288433 0.1003334
0.0732176 -0.1376092 -0.004097588 56511005 -0.0233456 -0.1277627 0.1002329
0.07791574 -0.1341271 -0.00330299 56881327 -0.01956413 -0.1249873 0.1002363
0.08232564 -0.1307175 -0.002648413 57201612 -0.01578371 -0.1218032 0.1003144
0.08695821 -0.1260868 -0.001923396 57541923 -0.01197503 -0.1184558 0.1003519
0.09148866 -0.1218255 -0.001279742 57742104 -0.008064973 -0.1153242 0.1004703
0.09590156 -0.1173777 -0.0007141727 57992326 -0.004253812 -0.1121191 0.1005157
0.09796744 -0.1156551 -0.0004034475 58322648 -0.002448176 -0.1107947 0.1005883
0.1022745 -0.1111155 0.0001457466 58522987 0.001266712 -0.1079165 0.1006119
0.1041667 -0.1092963 0.0001301209 58753029 0.003030373 -0.1065372 0.1004799
0.1080366 -0.1052883 0.0003153635 58973215 0.006467878 -0.1036205 0.1002517
0.1100785 -0.1033287 0.0007398204 59213428 0.008192769 -0.1020927 0.1003592
0.111988 -0.1011926 0.0009421194 59433643 0.009826191 -0.1005655 0.1002841
0.1157063 -0.09747145 0.001280914 59633961 0.01309482 -0.09762346 0.1001602
0.1174997 -0.0957467 0.001590599 59894058 0.01472229 -0.09632969 0.1002957
0.1211094 -0.09180913 0.002035451 60244362 0.01789437 -0.0933503 0.1002725
0.1245728 -0.08781279 0.002586915 60534657 0.02097663 -0.09061809 0.100394
0.126088 -0.08590273 0.00257493 60865076 0.02246513 -0.0893653 0.1003326
0.1291852 -0.08128761 0.002879891 61105143 0.02539549 -0.08648925 0.1003832
0.1318933 -0.07637636 0.002817069 61435449 0.02806617 -0.08333588 0.1001708
0.1344284 -0.07158387 0.002775013 61795949 0.03055337 -0.07987519 0.09997316
0.1365132 -0.06716333 0.002358918 62126068 0.03280634 -0.07645488 0.09964615
0.1390969 -0.06194988 0.00269165 62476389 0.03516374 -0.07280821 0.09957426
0.1405976 -0.05764024 0.001824801 62796674 0.03707241 -0.06973907 0.09899688
0.1421864 -0.05310037 0.001385327 63147277 0.03888395 -0.06673682 0.09859086
0.1444867 -0.04753852 0.002311834 63447253 0.04073959 -0.06342604 0.09869844
0.1454141 -0.04355522 0.001913246 63777547 0.041918 -0.0608242 0.09833211
0.1472523 -0.03815549 0.003171702 64127875 0.04334709 -0.05767451 0.09871735
0.1480528 -0.03337 0.003501211 64458165 0.0442565 -0.05465427 0.09878802
0.1487217 -0.02730544 0.004523763 64788467 0.04489138 -0.05155371 0.09906242
0.1488494 -0.02207502 0.004907117 65118951 0.04531524 -0.04870341 0.09912954
0.1490478 -0.0170086 0.005396919 65469272 0.04579981 -0.04585112 0.09928093
0.1492516 -0.01253909 0.005746127 65799367 0.04613924 -0.04288695 0.09930417
0.1493837 -0.00759599 0.006362565 66169726 0.04665134 -0.04014493 0.09959816
0.1497355 -0.003506531 0.007084389 66500352 0.04704265 -0.03754709 0.09982961
0.149558 0.0001526649 0.007222966 66830589 0.047255 -0.03515201 0.09992647
0.1493647 0.003533557 0.007494426 67150611 0.04755395 -0.03308649 0.1002295
0.1491299 0.005827153 0.007611984 67471406 0.04756377 -0.03133912 0.100398
0.1487998 0.00729924 0.007567692 67811199 0.04730632 -0.03007565 0.1003494
0.148478 0.007839431 0.007502557 68041394 0.04698453 -0.02952768 0.1002874
0.148248 0.007830688 0.007372751 68381706 0.04683678 -0.02946214 0.1002774
0.1474566 0.00738443 0.007041624 68702266 0.04612004 -0.02971162 0.1001064
0.1466138 0.006140664 0.007475262 69052307 0.04494685 -0.03049268 0.1003627
0.1436974 0.005010899 0.01615386 69412636 0.03890752 -0.03361432 0.1046605
0.1393677 0.003084067 0.03301099 69753121 0.02970549 -0.03893992 0.1137231
