0.1489189 0.0005599177 0.00592511 0 0.08854337 -0.0004934156 0.1349985
0.1492446 0.0002105153 0.005913214 110087 0.08865052 -0.0008837068 0.1348838
0.1492446 0.0002105153 0.005913214 230199 0.08865052 -0.0008837068 0.1348838
0.1495792 4.684925E-07 0.005879933 340311 0.08868858 -0.001270064 0.1347091
0.149993 -0.0002101743 0.005792679 450394 0.08884712 -0.001606115 0.1344997
0.149993 -0.0002101743 0.005792679 560509 0.08884712 -0.001606115 0.1344997
0.1503332 -0.0003799284 0.005569382 690623 0.08914459 -0.001823672 0.1342555
0.150681 -0.0004916274 0.005285118 780720 0.08966964 -0.00208939 0.1340536
0.150681 -0.0004916274 0.005285118 900817 0.08966964 -0.00208939 0.1340536
0.15096 -0.0008009756 0.00497504 1020925 0.09028864 -0.002432712 0.1339036
0.15104 -0.0007523382 0.004561091 1120999 0.09092727 -0.002592453 0.1337483
0.15104 -0.0007523382 0.004561091 1231106 0.09092727 -0.002592453 0.1337483
0.1514497 -0.0008593881 0.00412129 1341210 0.09158711 -0.002617606 0.1334257
0.1518087 -0.0009034956 0.003683155 1461314 0.092048 -0.002575644 0.1330358
0.1522258 -0.0003348672 0.003237452 1571422 0.09254719 -0.002335676 0.1326233
0.1522258 -0.0003348672 0.003237452 1691526 0.09254719 -0.002335676 0.1326233
0.1524435 0.0001749909 0.002748096 1791604 0.09298917 -0.002344736 0.1322282
0.1524435 0.0001749909 0.002748096 1901712 0.09298917 -0.002344736 0.1322282
0.1525807 0.0004342711 0.002313545 2011807 0.09329758 -0.002397426 0.1318656
0.1526532 0.001204601 0.001786112 2121906 0.09359664 -0.002093204 0.1314307
0.1528367 0.002048603 0.001297233 2252024 0.09388039 -0.001670727 0.1309759
0.1528367 0.002048603 0.001297233 2352110 0.09388039 -0.001670727 0.1309759
0.1529931 0.002927414 0.0008155991 2462222 0.09409558 -0.001198896 0.1305087
0.153078 0.003979913 0.0003566152 2572325 0.09424219 -0.0006325329 0.1300614
0.153078 0.003979913 0.0003566152 2682408 0.09424219 -0.0006325329 0.1300614
0.153201 0.005316845 -5.129184E-06 2812538 0.0943663 -8.118988E-05 0.1296698
0.1532718 0.006692044 -0.0003459773 2912620 0.09440423 0.0005353606 0.1292802
0.1532718 0.006692044 -0.0003459773 3022711 0.09440423 0.0005353606 0.1292802
0.1532824 0.008174769 -0.0006469821 3132819 0.09447803 0.001292697 0.1289715
0.1531914 0.009930006 -0.0009776233 3252931 0.09466841 0.00211703 0.1287154
0.1531914 0.009930006 -0.0009776233 3353017 0.09466841 0.00211703 0.1287154
0.152916 0.01167607 -0.001380913 3463117 0.09483706 0.002899638 0.12845
0.1524237 0.01365196 -0.001755554 3583237 0.09495935 0.003769151 0.1282692
0.1524237 0.01365196 -0.001755554 3693324 0.09495935 0.003769151 0.1282692
0.1519613 0.01559865 -0.00206371 3803428 0.09505715 0.004525057 0.1281113
0.1515235 0.01777016 -0.00229066 3933549 0.0950285 0.005331866 0.1279394
0.1515235 0.01777016 -0.00229066 4023622 0.0950285 0.005331866 0.1279394
0.1511011 0.01995742 -0.002517825 4143731 0.09505103 0.006264559 0.1277786
0.1502679 0.0220375 -0.002884323 4283853 0.09492085 0.007189265 0.1275859
0.1502679 0.0220375 -0.002884323 4363938 0.09492085 0.007189265 0.1275859
0.1496589 0.02423834 -0.003190242 4474037 0.09469946 0.00823485 0.1273073
0.148749 0.02630567 -0.003591888 4594133 0.09431659 0.009335986 0.1270044
0.148749 0.02630567 -0.003591888 4694232 0.09431659 0.009335986 0.1270044
0.148123 0.02859306 -0.00396766 4814336 0.0942516 0.01034581 0.126689
0.1474786 0.03093552 -0.004447321 4924439 0.09425873 0.01141679 0.1262925
0.1474786 0.03093552 -0.004447321 5034531 0.09425873 0.01141679 0.1262925
0.1461385 0.03343438 -0.005167868 5144642 0.09412707 0.01256072 0.1258488
0.1450351 0.03602802 -0.005836193 5254742 0.09424126 0.01362979 0.1254062
0.1450351 0.03602802 -0.005836193 5384851 0.09424126 0.01362979 0.1254062
0.1441957 0.03863024 -0.006423824 5484949 0.0943662 0.01466428 0.1249113
0.1431263 0.04169392 -0.006798194 5605046 0.09417837 0.01580703 0.1245038
0.1431263 0.04169392 -0.006798194 5725174 0.09417837 0.01580703 0.1245038
0.1423532 0.04421472 -0.007251767 5825252 0.09366667 0.01713907 0.1239076
0.1408646 0.046723 -0.007865441 5925347 0.09288692 0.0184518 0.1233029
0.1408646 0.046723 -0.007865441 6055476 0.09288692 0.0184518 0.1233029
0.1428226 0.048864 -0.007718429 6155559 0.09367976 0.01935267 0.1227435
0.1424692 0.05107378 -0.008403405 6275671 0.09366533 0.02011012 0.121849
0.1424692 0.05107378 -0.008403405 6375745 0.09366533 0.02011012 0.121849
0.1410549 0.0540173 -0.008893522 6495854 0.09309168 0.02140438 0.1212686
0.1396959 0.05667018 -0.009425325 6605961 0.09246755 0.02257799 0.1206264
0.1396959 0.05667018 -0.009425325 6706051 0.09246755 0.02257799 0.1206264
0.1385242 0.05954825 -0.009698112 6836173 0.09177275 0.02382814 0.1200887
0.1373133 0.06244599 -0.009863554 6936247 0.09104253 0.02511536 0.119642
0.1373133 0.06244599 -0.009863554 7046346 0.09104253 0.02511536 0.119642
0.1360803 0.0649656 -0.0100081 7186473 0.09030255 0.02628302 0.1192757
0.1350068 0.06779873 -0.009926145 7276550 0.08960252 0.02748334 0.11899
0.1350068 0.06779873 -0.009926145 7386832 0.08960252 0.02748334 0.11899
0.1338751 0.07056247 -0.00973658 7496757 0.08904174 0.02862107 0.1188603
0.1328145 0.07349312 -0.009415693 7616861 0.0885385 0.02983402 0.118802
0.1328145 0.07349312 -0.009415693 7716951 0.0885385 0.02983402 0.118802
0.1319127 0.0760318 -0.009098938 7837060 0.08802354 0.03099691 0.1187754
0.1309761 0.07853626 -0.008832502 7947159 0.08746204 0.0320562 0.1186523
0.1309761 0.07853626 -0.008832502 8067272 0.08746204 0.0320562 0.1186523
0.1302913 0.08124232 -0.008594412 8167366 0.08708259 0.03320967 0.1184179
0.1295811 0.0838741 -0.008520185 8297479 0.08691451 0.03449785 0.1181597
0.128602 0.08606028 -0.008818486 8387561 0.08676913 0.03591108 0.1178358
0.128602 0.08606028 -0.008818486 8497660 0.08676913 0.03591108 0.1178358
0.1276535 0.08783685 -0.009304411 8617776 0.08654539 0.03738474 0.1174669
0.1276535 0.08783685 -0.009304411 8737889 0.08654539 0.03738474 0.1174669
0.1267399 0.08978509 -0.009723842 8837967 0.08628644 0.03885102 0.1170653
0.1261048 0.09184621 -0.009965196 8948075 0.08581308 0.04010784 0.1165495
0.1261048 0.09184621 -0.009965196 9068183 0.08581308 0.04010784 0.1165495
0.1255265 0.09371471 -0.01029039 9178282 0.08534449 0.04123663 0.1159543
0.1247279 0.09572374 -0.01057155 9288382 0.08498085 0.04249095 0.1154947
0.1247279 0.09572374 -0.01057155 9418507 0.08498085 0.04249095 0.1154947
0.1237853 0.09745192 -0.01100007 9508564 0.08452465 0.0436412 0.1149732
0.1229046 0.09914958 -0.01140393 9628673 0.08396927 0.04475795 0.1144208
0.1220304 0.1008429 -0.01169721 9758810 0.08335587 0.04589473 0.1139659
0.1220304 0.1008429 -0.01169721 9838862 0.08335587 0.04589473 0.1139659
0.1197181 0.1032492 -0.0117365 9968988 0.08297528 0.04659723 0.1137497
0.1182108 0.1051109 -0.01174004 10069078 0.0824132 0.04730438 0.1134925
0.1182108 0.1051109 -0.01174004 10189191 0.0824132 0.04730438 0.1134925
0.1176881 0.1063377 -0.01207735 10299286 0.08272026 0.04770469 0.1130053
0.1163214 0.1078849 -0.01196101 10399380 0.08211996 0.04843055 0.1129458
0.1163214 0.1078849 -0.01196101 10529506 0.08211996 0.04843055 0.1129458
0.1139806 0.1098804 -0.01119117 10629588 0.08057078 0.04935121 0.1134132
0.1133321 0.1109055 -0.01134439 10739687 0.08089238 0.04967284 0.1131725
0.1133321 0.1109055 -0.01134439 10879814 0.08089238 0.04967284 0.1131725
0.1119044 0.1121315 -0.01103863 10970037 0.08041606 0.05000912 0.1132817
0.1100505 0.113243 -0.0107633 11089999 0.07994078 0.05026579 0.1134685
0.1100505 0.113243 -0.0107633 11190098 0.07994078 0.05026579 0.1134685
0.1082195 0.1143937 -0.01045438 11320223 0.07955274 0.0505191 0.1136605
0.1064956 0.115104 -0.01049423 11430319 0.07919367 0.05059849 0.1136022
0.1064956 0.115104 -0.01049423 11530397 0.07919367 0.05059849 0.1136022
0.1045682 0.115846 -0.01053782 11640695 0.0786914 0.05073344 0.1135468
0.1027887 0.1166619 -0.01043926 11760625 0.07815084 0.05092012 0.1135658
0.1027887 0.1166619 -0.01043926 11860695 0.07815084 0.05092012 0.1135658
0.1011594 0.1176363 -0.01013853 11970806 0.07734662 0.05113219 0.1136209
0.09976461 0.118662 -0.009625307 12080902 0.07642887 0.05144035 0.113837
0.09976461 0.118662 -0.009625307 12201006 0.07642887 0.05144035 0.113837
0.09823713 0.1195937 -0.009180217 12311272 0.0755714 0.05169236 0.1140347
0.0966396 0.1211288 -0.008174593 12421205 0.07455244 0.05227816 0.114618
0.0966396 0.1211288 -0.008174593 12541313 0.07455244 0.05227816 0.114618
0.09507365 0.1222581 -0.007540633 12641403 0.07371449 0.0524739 0.1148531
0.09338228 0.1232471 -0.006954595 12761508 0.07277831 0.05258762 0.1150658
0.09338228 0.1232471 -0.006954595 12891641 0.07277831 0.05258762 0.1150658
0.09208022 0.1241437 -0.00635744 12981711 0.07186424 0.05273687 0.1152922
0.09057057 0.1250815 -0.005707151 13091806 0.07090084 0.05297922 0.1156214
0.09057057 0.1250815 -0.005707151 13201913 0.07090084 0.05297922 0.1156214
0.08929649 0.1261448 -0.004966198 13312005 0.06998777 0.05329084 0.1159707
0.08758292 0.1271948 -0.004266775 13452127 0.06902618 0.05355214 0.1163096
0.08758292 0.1271948 -0.004266775 13572231 0.06902618 0.05355214 0.1163096
0.08563052 0.1282853 -0.003510512 13702365 0.06797316 0.05368637 0.1166123
0.0842302 0.1297245 -0.002460518 13922552 0.06710922 0.05394994 0.1170022
0.0826493 0.1310586 -0.0014719 14132757 0.06624126 0.05427109 0.1174429
0.07967304 0.1335173 0.0002971771 14383263 0.06438997 0.05529057 0.1184211
0.07816696 0.1346065 0.0009684911 14583152 0.06338443 0.05601453 0.1189136
0.07763957 0.1349567 0.00114789 14813359 0.0630693 0.05686175 0.119449
0.07337359 0.1375126 0.002442045 15053584 0.06089789 0.05819701 0.1201691
0.07200625 0.1381558 0.00256912 15253769 0.05982156 0.05883013 0.1203199
0.06953114 0.1393563 0.003162617 15494168 0.05838551 0.05940746 0.1205944
0.06516587 0.1409417 0.003571448 15724190 0.05576694 0.06081962 0.1210378
0.06309028 0.1418197 0.003906788 15924366 0.05473931 0.06147181 0.1212981
0.059798 0.1426806 0.004263806 16154578 0.05321287 0.06199502 0.1215358
0.05537136 0.1445836 0.005300182 16374769 0.05065378 0.06278478 0.121889
0.05233616 0.1452166 0.005624316 16594983 0.0488583 0.06313574 0.1220584
0.05008475 0.1457993 0.005934806 16825187 0.04750585 0.06358623 0.1222989
0.04460048 0.1469032 0.006253351 17045520 0.0447964 0.06463563 0.1226075
0.04179777 0.1472051 0.006182751 17265589 0.04316474 0.06506967 0.1226223
0.03948508 0.1478879 0.006366564 17516179 0.04156028 0.06560158 0.122689
0.03433561 0.1488037 0.006598181 17715979 0.03805938 0.06626307 0.1226991
0.03157864 0.1491428 0.006667056 17946187 0.03631549 0.06661379 0.1227393
0.02875938 0.1494143 0.006734255 18156376 0.03459137 0.06684696 0.1227295
0.02371748 0.1502688 0.007105007 18396605 0.03086704 0.06753563 0.1229081
0.02126251 0.15079 0.007517852 18636822 0.02901634 0.06785034 0.1231342
0.01614431 0.1518815 0.008579793 18847000 0.02525262 0.06829547 0.1236305
0.01355304 0.1525366 0.009220712 19077219 0.02327021 0.06869637 0.1240364
0.01083772 0.1528689 0.009745702 19287401 0.02120067 0.0690838 0.1245452
0.00546565 0.1538275 0.011031 19517613 0.01719517 0.07012343 0.1257581
0.002703547 0.1542491 0.01170465 19747825 0.01521207 0.07054733 0.1263511
0.0001683914 0.1545199 0.01221663 19948001 0.01322237 0.07089686 0.1268597
-0.003633555 0.1549345 0.01317854 20178201 0.01137657 0.07101595 0.1273653
-0.009204304 0.1549619 0.01409855 20398396 0.007481672 0.07118737 0.1281584
-0.01160261 0.1546795 0.01423072 20618598 0.005628684 0.07120632 0.1284304
-0.0163805 0.1537355 0.01418261 20838805 0.001903079 0.07096194 0.1287273
-0.01852743 0.1531854 0.01405553 21079030 8.379246E-05 0.07077467 0.128809
-0.02071413 0.1525488 0.01388744 21299217 -0.001734688 0.07053518 0.1288649
-0.02485886 0.1512325 0.01361013 21509402 -0.005151553 0.06991874 0.1289615
-0.02709357 0.1504095 0.01351562 21749631 -0.006880893 0.06952333 0.1290801
-0.02921359 0.1495439 0.01347407 21990196 -0.008564641 0.06907176 0.1292502
-0.03340741 0.1475198 0.01343859 22190012 -0.01195532 0.06792628 0.1296751
-0.03574118 0.1463722 0.01344617 22440246 -0.01360234 0.06720363 0.129844
-0.03811383 0.1451985 0.01347437 22630795 -0.01538373 0.06639337 0.1300049
-0.04275262 0.1428915 0.01340062 22860622 -0.0188865 0.06485473 0.1302206
-0.04493299 0.141704 0.01315365 23080820 -0.02076293 0.06413638 0.1302235
-0.04787257 0.1400994 0.01277825 23311028 -0.02276971 0.06326758 0.1301365
-0.05293564 0.1377119 0.01207544 23541248 -0.02672473 0.06167125 0.1297065
-0.05538122 0.1367279 0.01175248 23761434 -0.02847028 0.06103062 0.1294469
-0.05817851 0.1352432 0.01114497 23991642 -0.03053194 0.06021988 0.1291002
-0.0638824 0.1328733 0.01049676 24191823 -0.03452254 0.05882453 0.1286536
-0.06639306 0.1320282 0.01028392 24432218 -0.03658484 0.05823516 0.1284884
-0.06924894 0.1306814 0.009940812 24672273 -0.03859124 0.05747234 0.1282911
-0.07387552 0.1284666 0.009328716 24872429 -0.04244439 0.05622565 0.1280704
-0.07631631 0.1273352 0.009105743 25112650 -0.04424649 0.05549442 0.1279195
-0.0782135 0.1259059 0.008583306 25322852 -0.04588765 0.0546596 0.1276852
-0.08193847 0.1230134 0.007635388 25543042 -0.04897946 0.05303776 0.1273157
-0.0836846 0.1214268 0.007077745 25793268 -0.05051697 0.05214893 0.1271058
-0.08304988 0.1193042 0.005251646 25993639 -0.05196045 0.05049789 0.1261045
-0.08467352 0.1178409 0.004742426 26223665 -0.05323099 0.04942047 0.1257229
-0.0864515 0.1160713 0.004161162 26464023 -0.05443365 0.04826712 0.1253374
-0.08987056 0.1132586 0.003439018 26664062 -0.05710078 0.04619097 0.1248241
-0.09164388 0.1120485 0.003313455 26884253 -0.05849374 0.04521441 0.124724
-0.09340765 0.1109822 0.003324679 27104472 -0.05981074 0.04422259 0.1246534
-0.09526761 0.1101297 0.003547011 27334651 -0.06112752 0.04328191 0.1246754
-0.09849204 0.1083292 0.003754352 27554919 -0.06346685 0.04198205 0.1249053
-0.09976545 0.1074178 0.003783173 27795083 -0.06460149 0.0414884 0.1251218
-0.1020096 0.1054083 0.003756613 28015464 -0.06656325 0.0405153 0.1255709
-0.1030882 0.104552 0.003839019 28245785 -0.06732395 0.03997468 0.125728
-0.1041426 0.1037913 0.004036699 28445666 -0.06788903 0.03932463 0.1258398
-0.1051425 0.1028736 0.00412151 28686057 -0.06828533 0.03850757 0.1257966
-0.1069436 0.1010777 0.004427601 28906069 -0.06922416 0.03697991 0.12598
-0.1079391 0.100213 0.004612151 29126280 -0.06984112 0.0364232 0.1262084
-0.1087151 0.09927725 0.004668416 29336660 -0.07036491 0.0357114 0.1263027
-0.1102703 0.09718036 0.004636625 29566673 -0.07123214 0.03414559 0.1263284
-0.1113148 0.09607457 0.004640685 29816911 -0.07163884 0.03332662 0.1262744
-0.1131771 0.09353171 0.00422767 30017080 -0.07262041 0.0316311 0.126005
-0.1141985 0.09225737 0.003971416 30247287 -0.07310726 0.03076433 0.1257761
-0.1152915 0.09070265 0.003572587 30457485 -0.07357417 0.02976226 0.1254422
-0.1175023 0.0873146 0.002489979 30687685 -0.07432529 0.02770364 0.1245086
-0.1185938 0.0854324 0.001965516 30937907 -0.07474838 0.02646004 0.124056
-0.1197103 0.08369517 0.001565762 31138468 -0.07511494 0.02521943 0.1236235
-0.1213171 0.08002638 0.0006353903 31368753 -0.07594226 0.02286088 0.1230261
-0.121933 0.07808017 0.0001252296 31618521 -0.07624934 0.02165448 0.1227442
-0.1228272 0.07621836 -5.678233E-05 31808701 -0.07660177 0.0203005 0.1225918
-0.1241157 0.07279121 -0.0004003801 32048921 -0.07705006 0.01754438 0.1222327
-0.1245988 0.07116961 -0.0005688117 32259111 -0.07718477 0.01608979 0.1220052
-0.1252035 0.06966387 -0.0006548064 32489493 -0.0774147 0.01469468 0.1218232
-0.1269239 0.06637513 -0.0007183872 32719535 -0.0780051 0.0119903 0.1215743
-0.1277308 0.06473946 -0.0007607297 32919703 -0.0783567 0.01065039 0.1214801
-0.1289304 0.06325852 -0.0005150752 33159916 -0.07870293 0.009384981 0.121473
-0.1311043 0.06038188 8.622228E-05 33370110 -0.07946574 0.006618015 0.1215324
-0.1321105 0.05871366 0.0003268911 33610322 -0.08006229 0.005256287 0.1217335
-0.1333509 0.05706798 0.0005344942 33840866 -0.08074924 0.004074088 0.1219057
-0.1354248 0.05372714 0.0006856393 34040715 -0.08217385 0.001862756 0.1222614
-0.1364146 0.05188274 0.0006633025 34290933 -0.08287546 0.0006624377 0.1223855
-0.1372977 0.05007922 0.0006284173 34491117 -0.08350673 -0.0004957998 0.1225093
-0.1389145 0.0467261 0.0007326141 34711308 -0.08437655 -0.003066906 0.1226035
-0.1397368 0.04508626 0.0009273038 34951533 -0.08481522 -0.004357704 0.1227681
-0.1411598 0.04185676 0.001344263 35161722 -0.08574231 -0.006780514 0.1232851
-0.1417047 0.04032563 0.001531858 35381921 -0.08607799 -0.007953533 0.1235197
-0.1423878 0.03872501 0.001803279 35622142 -0.08649212 -0.009260186 0.1237842
-0.1439113 0.03541779 0.00253011 35832332 -0.08725128 -0.01187409 0.1244291
-0.1446422 0.03379225 0.002855575 36052526 -0.08768335 -0.01312817 0.1247589
-0.1452497 0.03199815 0.003070328 36272729 -0.08808552 -0.01435221 0.1250955
-0.1456381 0.03004681 0.003128205 36493252 -0.08835363 -0.01570297 0.1253235
-0.1467458 0.02596449 0.003692201 36763184 -0.08874681 -0.01884807 0.1258978
-0.1471867 0.02383684 0.004039013 36953335 -0.08875825 -0.02072431 0.1261319
-0.1478749 0.0188887 0.004745507 37173546 -0.08887723 -0.02504087 0.1267935
-0.1482117 0.01629101 0.005190295 37403754 -0.08913107 -0.02719952 0.1273554
-0.1482357 0.01363777 0.005361707 37623948 -0.08935877 -0.02931214 0.1278161
-0.1483684 0.01076674 0.005572952 37874612 -0.08954468 -0.03142501 0.1283161
-0.1484656 0.005062214 0.005888466 38074505 -0.09003905 -0.03564562 0.1293205
-0.1484249 0.002112976 0.005979962 38294546 -0.09023592 -0.03781522 0.1297783
-0.1481933 -0.003567466 0.006079963 38514744 -0.09016124 -0.04221774 0.1303566
-0.1480775 -0.006519684 0.006182742 38765144 -0.09007192 -0.04451467 0.1306737
-0.1479849 -0.009400854 0.006254802 38985477 -0.08996131 -0.04671444 0.1309433
-0.1474115 -0.01496912 0.006317689 39185362 -0.0895698 -0.05100251 0.1314663
-0.1469755 -0.0177256 0.006293286 39425570 -0.08933914 -0.05319322 0.131698
-0.1467144 -0.02040935 0.006399518 39635752 -0.08913073 -0.05536927 0.1319709
-0.1459645 -0.02593244 0.006469865 39855963 -0.08858573 -0.05963064 0.1324793
-0.1456196 -0.02850569 0.006592629 40106367 -0.08823474 -0.06173898 0.1327226
-0.1452173 -0.03126026 0.006658176 40316390 -0.08785763 -0.06387843 0.1329601
-0.1442407 -0.03633178 0.006759484 40536585 -0.08685163 -0.06805731 0.1332753
-0.1436067 -0.03891052 0.006720882 40756950 -0.08643642 -0.07013095 0.1334612
-0.1427981 -0.04155101 0.006521902 40987275 -0.08598103 -0.07193232 0.1336244
-0.141369 -0.04644669 0.006393954 41217191 -0.08478779 -0.07543827 0.1339256
-0.1405921 -0.04871632 0.00636468 41417526 -0.08402683 -0.07718576 0.1340209
-0.1395273 -0.05070163 0.006233511 41637570 -0.08322355 -0.07879711 0.1340881
-0.137728 -0.05470921 0.006393204 41857769 -0.08161233 -0.08178604 0.1345499
-0.136621 -0.05645633 0.006516333 42107995 -0.08066045 -0.08317782 0.1348154
-0.1351274 -0.05829943 0.006416876 42338215 -0.07974136 -0.08455122 0.1350617
-0.1323331 -0.06193412 0.006551753 42558722 -0.07773016 -0.08717896 0.1357318
-0.1308071 -0.06376518 0.006552819 42768583 -0.07667463 -0.08849943 0.1360293
-0.1295264 -0.06544735 0.006746201 42978777 -0.07556421 -0.08975471 0.1363745
-0.1263719 -0.06887902 0.006889144 43229019 -0.07327354 -0.09237517 0.1370227
-0.1248112 -0.07068861 0.007067503 43539299 -0.07206633 -0.09359957 0.137449
-0.1214331 -0.07374121 0.007533229 43789512 -0.06964878 -0.09600092 0.1384116
-0.1186351 -0.07682038 0.008339716 43989693 -0.06697209 -0.09868444 0.1393327
-0.1175306 -0.07830752 0.00893087 44240146 -0.06554081 -0.100094 0.1398074
-0.1159143 -0.07991648 0.009218892 44440091 -0.06400936 -0.101519 0.1401596
-0.1147436 -0.08141912 0.00979273 44660298 -0.06249734 -0.1028791 0.140621
-0.1121319 -0.08438088 0.01078665 44910516 -0.06005945 -0.1051902 0.1417893
-0.1105945 -0.08592416 0.01109618 45120892 -0.05913329 -0.1061634 0.1424292
-0.1093413 -0.08741201 0.01157036 45340912 -0.05819487 -0.1070659 0.1431151
-0.1068223 -0.09027935 0.01236197 45551098 -0.05606265 -0.1089643 0.1441974
-0.1057103 -0.09177412 0.01278456 45781310 -0.05506881 -0.1099446 0.1447373
-0.1044336 -0.09312118 0.0130862 46011668 -0.05422239 -0.1108569 0.1452624
-0.1019441 -0.09591068 0.01367357 46231720 -0.05254877 -0.112605 0.1462921
-0.1005717 -0.09749116 0.01383994 46481950 -0.05159063 -0.1134681 0.1467002
-0.09810919 -0.1004065 0.01429886 46672106 -0.04948359 -0.1151809 0.1474286
-0.09678672 -0.1018793 0.01448029 46912335 -0.04854959 -0.1161374 0.1478075
-0.09654798 -0.1029365 0.01525034 47142542 -0.04764807 -0.1170925 0.1483468
-0.09302625 -0.105961 0.01525817 47342715 -0.04530346 -0.1190149 0.1488934
-0.0914542 -0.1074697 0.01539217 47593107 -0.04401053 -0.120075 0.1491698
-0.08967764 -0.1090804 0.01540973 47793121 -0.04283567 -0.1212475 0.1494397
-0.08814482 -0.1105675 0.01554496 48023325 -0.04153208 -0.1223508 0.1496892
-0.08509985 -0.1139901 0.01569839 48253545 -0.03910888 -0.1246258 0.1501527
-0.08305076 -0.1157633 0.01549542 48473744 -0.03792624 -0.1256741 0.1502983
-0.07960673 -0.1189185 0.01526671 48703935 -0.03591666 -0.1278525 0.1506093
-0.07803346 -0.12041 0.01505672 48904124 -0.03502777 -0.1288687 0.1506488
-0.07618541 -0.121962 0.01477266 49154362 -0.03400831 -0.1296816 0.1506688
-0.0728115 -0.1247433 0.01437255 49474651 -0.03195553 -0.1310977 0.1507422
-0.06914437 -0.1267427 0.01401987 49695016 -0.03015076 -0.1323308 0.150967
-0.06698536 -0.1276699 0.01369928 49945075 -0.02923672 -0.13291 0.1510086
-0.06527855 -0.1284928 0.01355905 50165461 -0.02814131 -0.1334258 0.1510463
-0.06099408 -0.1303098 0.01302282 50375448 -0.02578507 -0.1341899 0.1510501
-0.05902826 -0.1312145 0.01288361 50605996 -0.0245444 -0.134607 0.1511067
-0.0568282 -0.1322296 0.0126935 50815849 -0.02315899 -0.135152 0.1511279
-0.0520661 -0.1344016 0.01234836 51146147 -0.02035449 -0.136587 0.1512579
-0.04731973 -0.1366049 0.01202537 51386530 -0.01699585 -0.1386913 0.1512459
-0.04498531 -0.1375094 0.0118927 51746900 -0.01540354 -0.1398512 0.1512688
-0.04017172 -0.1395567 0.01145109 51926852 -0.0124408 -0.1417838 0.1512091
-0.03787279 -0.140576 0.01121685 52167077 -0.01087663 -0.1425346 0.1511227
-0.03306017 -0.1425735 0.01054963 52367249 -0.007649262 -0.1440189 0.1507582
-0.03077023 -0.1436297 0.01022563 52607462 -0.005960615 -0.1446532 0.1505456
-0.02827754 -0.1444649 0.009848844 52848003 -0.004310146 -0.145192 0.150317
-0.02341893 -0.1459386 0.009360905 53047867 -0.001166062 -0.1463365 0.1501121
-0.02084615 -0.1465401 0.00911916 53278075 0.0003465701 -0.1468698 0.1500341
-0.01828529 -0.1469438 0.008922077 53498444 0.001942563 -0.1472701 0.1499787
-0.01333436 -0.14755 0.008703583 53728498 0.005112529 -0.1480962 0.1500035
-0.01092318 -0.1476122 0.00868877 53968698 0.006676937 -0.1485211 0.1500948
-0.006147163 -0.1474135 0.008946108 54169045 0.009684392 -0.1494185 0.1505498
-0.003431653 -0.1472168 0.009109519 54409108 0.01108017 -0.1500003 0.1508413
-0.0009089373 -0.1470719 0.009316563 54749411 0.01241356 -0.1506258 0.1511479
0.004138505 -0.1475098 0.00966639 54959585 0.01569255 -0.1517257 0.1516346
0.009514187 -0.1480618 0.01004955 55200142 0.0193096 -0.1523773 0.152147
0.0119834 -0.14852 0.01037845 55410007 0.0208273 -0.1527618 0.1525405
0.01467089 -0.1485171 0.01064589 55630198 0.02250306 -0.1531023 0.1528566
0.01982771 -0.1484622 0.01107036 55850401 0.02583163 -0.1534672 0.1533558
0.0225477 -0.1479805 0.01127457 56080783 0.0275172 -0.1534928 0.1535811
0.02553002 -0.1476584 0.01135666 56310808 0.02915942 -0.1534676 0.1536919
0.03017106 -0.1464205 0.01180585 56531019 0.03212168 -0.1532327 0.1541295
0.0329156 -0.1456262 0.011855 56741200 0.03364376 -0.1528343 0.1541707
0.03481685 -0.144747 0.01206865 57081503 0.03496249 -0.1523163 0.1543674
0.03969875 -0.1429439 0.01212678 57311723 0.03776694 -0.1510795 0.1543812
0.04398326 -0.1410618 0.01222019 57531910 0.04055765 -0.1496687 0.1544188
0.04647047 -0.1404725 0.01214405 57742108 0.04197256 -0.1490582 0.1543141
0.04859427 -0.1394179 0.01224779 58142611 0.04320519 -0.1482952 0.1543689
0.05465919 -0.136847 0.01248002 58462754 0.04725864 -0.1465672 0.1544554
0.05906503 -0.1343633 0.01263773 58642925 0.0497464 -0.1449164 0.1544406
0.06122446 -0.1333026 0.0127237 58883121 0.05100809 -0.1440827 0.1544476
0.06370363 -0.1321639 0.01276782 59243454 0.05250062 -0.1432386 0.1543944
0.06825612 -0.129858 0.01302622 59413616 0.05525576 -0.1418016 0.1544285
0.07051425 -0.1288597 0.01317533 59653817 0.05657587 -0.1410912 0.1544635
0.07507201 -0.1268568 0.01323098 59914072 0.05931478 -0.1397621 0.154268
0.07738918 -0.125899 0.01323779 60204322 0.06068051 -0.1391742 0.1541308
0.08120508 -0.1237558 0.0130147 60554654 0.06303712 -0.138192 0.1536126
0.08445586 -0.1216302 0.01244882 60894961 0.06521402 -0.1367847 0.1528281
0.08771268 -0.1196742 0.01162152 61135158 0.06719341 -0.1352428 0.1517744
0.09101696 -0.117725 0.01090325 61345509 0.06934602 -0.1336805 0.1508391
0.09302741 -0.1164556 0.01058727 61685999 0.07056967 -0.1328824 0.1503444
0.09615061 -0.1139947 0.01010475 62016098 0.07282043 -0.131219 0.1496228
0.09992427 -0.111344 0.009694781 62236171 0.07508972 -0.1293022 0.1488602
0.1019351 -0.1099082 0.009379998 62436332 0.0764876 -0.1284304 0.1483606
0.1033724 -0.1084018 0.009234387 62776639 0.07760683 -0.1274383 0.1480868
0.106555 -0.1053233 0.008833179 63016872 0.08028971 -0.1256879 0.1474033
0.109282 -0.1018614 0.008645587 63387417 0.08291524 -0.1240701 0.1469128
0.1124795 -0.09890272 0.008291462 63677456 0.08544943 -0.1222071 0.1462499
0.1154508 -0.09522809 0.008219946 64007746 0.08770195 -0.1199191 0.145794
0.1183155 -0.09113563 0.008254281 64348114 0.09000588 -0.1175394 0.1453953
0.1209422 -0.08717097 0.008228435 64708994 0.09230207 -0.1154162 0.1449332
0.1237823 -0.0831616 0.008179345 65008686 0.09458707 -0.11293 0.1444428
0.1266425 -0.07922483 0.007949083 65259215 0.0966103 -0.1100379 0.1437978
0.1281018 -0.07712282 0.007839282 65599510 0.09766493 -0.1084736 0.1434748
0.1303832 -0.07303608 0.007252033 65919495 0.09970038 -0.1055695 0.1425532
0.1329292 -0.06885362 0.006469628 66159692 0.1019758 -0.1027454 0.1413751
0.1353479 -0.06484485 0.005570111 66490006 0.104392 -0.09980358 0.1402025
0.1382883 -0.06078983 0.004956646 66800266 0.1068229 -0.09661759 0.139242
0.1415226 -0.05681194 0.004643887 67160615 0.1095187 -0.09377957 0.1384923
0.1447405 -0.05271424 0.0046201 67520928 0.1123968 -0.09128596 0.1379331
0.1480983 -0.04837729 0.004635661 67821203 0.1151156 -0.0886761 0.1372795
0.1508532 -0.04404939 0.004445558 68161502 0.1176128 -0.08572865 0.1365976
0.1535565 -0.03948821 0.00391656 68481800 0.120064 -0.08260322 0.1355433
0.1559119 -0.03491522 0.003033265 68842108 0.1225577 -0.07949949 0.1342049
0.158283 -0.03024662 0.001923816 69162576 0.125145 -0.07672323 0.132492
0.1599981 -0.02535857 0.001156288 69492708 0.1275207 -0.07385112 0.1311561
0.161066 -0.02021433 0.0008126607 69843032 0.1295418 -0.07111979 0.1301228
0.1620107 -0.01481319 0.0007920659 70193648 0.1311862 -0.06803192 0.1293373
0.1613701 -0.008652934 0.001244814 70523634 0.1323383 -0.06483091 0.1289454
0.1611033 -0.003415951 0.001455433 70844122 0.1329888 -0.06141366 0.1285463
0.1601869 0.001240841 0.001369479 71164216 0.1335474 -0.05831993 0.1280545
0.158685 0.005610815 0.001519125 71504519 0.134027 -0.05619003 0.1275306
0.1568104 0.009374372 0.001796618 71835368 0.134486 -0.05451835 0.1271984
0.1549657 0.01207935 0.00193828 72165115 0.1349105 -0.05316878 0.1270251
0.1540473 0.01321541 0.001615451 72505617 0.1352034 -0.0520053 0.1269048
0.1518554 0.01363813 0.001527765 72835915 0.1349058 -0.0511768 0.1272973
0.150027 0.01280808 0.001383925 73186187 0.1339985 -0.05115164 0.1277108
0.1479646 0.01154482 0.001597163 73506318 0.1323029 -0.05157865 0.1283899
0.1473067 0.009999386 0.001674946 73866671 0.1316197 -0.05279041 0.1286301
0.1468845 0.008712045 0.001932485 74216963 0.1311679 -0.05397929 0.1289326
0.147167 0.00788211 0.002743771 74557294 0.1311245 -0.05534447 0.1294375
0.1473709 0.008993736 0.006442766 74847658 0.1304236 -0.05725254 0.1314646
0.148054 0.01060056 0.01417139 75187855 0.1298862 -0.06008495 0.1365631
0.150145 0.01151275 0.02907621 75538167 0.1290316 -0.06392229 0.1481142
0.1563485 0.01310574 0.05712626 75888484 0.1299784 -0.07022107 0.1696763
