0.148932 0.005010414 0.007906931 0 0.08466019 0.005715576 0.1350874
0.1491889 0.004803868 0.00768481 110529 0.08514746 0.005825142 0.1349794
0.1491889 0.004803868 0.00768481 220191 0.08514746 0.005825142 0.1349794
0.1495386 0.004881257 0.007673338 330343 0.08546423 0.005797399 0.1349521
0.1499081 0.005002199 0.007565504 451083 0.08591225 0.005679268 0.1348853
0.1499081 0.005002199 0.007565504 550493 0.08591225 0.005679268 0.1348853
0.1502825 0.005412112 0.00753902 670605 0.08636975 0.005523299 0.1349023
0.1506436 0.005594515 0.007319689 790697 0.08697657 0.005358732 0.1348058
0.1506436 0.005594515 0.007319689 890792 0.08697657 0.005358732 0.1348058
0.1508792 0.005828775 0.00698853 1000903 0.08752458 0.005330137 0.1346294
0.1510694 0.00616045 0.006680072 1121316 0.08797502 0.005302886 0.1344479
0.1510694 0.00616045 0.006680072 1231091 0.08797502 0.005302886 0.1344479
0.1513172 0.006512306 0.006354706 1341206 0.08828744 0.005335152 0.1341518
0.1515542 0.007293204 0.006123274 1451289 0.08838032 0.005458059 0.1338415
0.1515542 0.007293204 0.006123274 1561389 0.08838032 0.005458059 0.1338415
0.1516384 0.007917676 0.005788413 1681505 0.08852033 0.005651913 0.1335273
0.1517882 0.008854602 0.005544724 1781592 0.08862664 0.006078334 0.133252
0.1517882 0.008854602 0.005544724 1901704 0.08862664 0.006078334 0.133252
0.1518489 0.01008706 0.005372256 2011803 0.08864176 0.006547007 0.1330382
0.1519687 0.01163276 0.005431477 2131908 0.08866308 0.006815379 0.1330068
0.1519687 0.01163276 0.005431477 2232002 0.08866308 0.006815379 0.1330068
0.1518562 0.01331007 0.005465996 2342101 0.08872829 0.007035519 0.133066
0.1516966 0.01533078 0.005571203 2472227 0.08873692 0.007488727 0.1331675
0.1516966 0.01533078 0.005571203 2562296 0.08873692 0.007488727 0.1331675
0.1513235 0.01716594 0.005600179 2682409 0.08872376 0.008121863 0.1332941
0.1508897 0.01910447 0.005609594 2812530 0.088728 0.008871552 0.1334277
0.1508897 0.01910447 0.005609594 2902611 0.088728 0.008871552 0.1334277
0.150574 0.02097123 0.005740609 3012707 0.08866245 0.009603625 0.1335842
0.1500645 0.0232686 0.005862622 3142824 0.08869973 0.01039028 0.1338265
0.1500645 0.0232686 0.005862622 3243117 0.08869973 0.01039028 0.1338265
0.1495816 0.0253724 0.005971156 3353014 0.08858543 0.01104982 0.1339579
0.1492363 0.02743992 0.006170519 3473130 0.08833012 0.01183573 0.1340502
0.1492363 0.02743992 0.006170519 3573221 0.08833012 0.01183573 0.1340502
0.1487308 0.02935941 0.006087429 3683312 0.08838113 0.01267802 0.1340948
0.1480112 0.0313006 0.00593956 3803416 0.08840681 0.01343292 0.1341359
0.1480112 0.0313006 0.00593956 3933550 0.08840681 0.01343292 0.1341359
0.1468549 0.03280196 0.00543836 4024304 0.08815476 0.0139381 0.133909
0.1465283 0.03519541 0.00574725 4133714 0.08829229 0.01484775 0.1342027
0.1465283 0.03519541 0.00574725 4253823 0.08829229 0.01484775 0.1342027
0.1455911 0.03654767 0.005271982 4363934 0.08791427 0.01531823 0.133837
0.1438318 0.03800882 0.004601999 4484038 0.08730746 0.0157722 0.1335082
0.1425707 0.03983979 0.004401599 4584129 0.08679295 0.01637015 0.1334143
0.1425707 0.03983979 0.004401599 4694220 0.08679295 0.01637015 0.1334143
0.1414791 0.04164272 0.004374934 4804327 0.0864117 0.01705541 0.1334845
0.1414791 0.04164272 0.004374934 4924432 0.0864117 0.01705541 0.1334845
0.1413595 0.04441467 0.005057424 5054549 0.08658296 0.0181197 0.1339542
0.1405603 0.04653216 0.005155886 5144647 0.0862197 0.01883402 0.1339432
0.1405603 0.04653216 0.005155886 5254742 0.0862197 0.01883402 0.1339432
0.1404089 0.04858463 0.005465594 5375033 0.08613029 0.01962388 0.134001
0.139509 0.05072394 0.005686501 5484930 0.08579132 0.02053053 0.1341739
0.1387839 0.0526229 0.005910528 5595053 0.08539668 0.02129576 0.1342642
0.1387839 0.0526229 0.005910528 5705153 0.08539668 0.02129576 0.1342642
0.1376586 0.05470048 0.00607006 5825249 0.08480987 0.02206495 0.1343206
0.1367434 0.05664513 0.006296113 5925485 0.08433019 0.02279348 0.13441
0.1367434 0.05664513 0.006296113 6035434 0.08433019 0.02279348 0.13441
0.1359313 0.05835896 0.006549502 6165706 0.08375491 0.02346473 0.1344802
0.135398 0.06028018 0.006919341 6265833 0.0831169 0.02423418 0.1344875
0.135398 0.06028018 0.006919341 6375742 0.0831169 0.02423418 0.1344875
0.1351826 0.06204626 0.007273495 6486206 0.08260141 0.02511346 0.1344641
0.1347334 0.06364377 0.007461186 6605953 0.08213784 0.0259604 0.1344254
0.1347334 0.06364377 0.007461186 6716049 0.08213784 0.0259604 0.1344254
0.1342545 0.06526046 0.007644617 6826148 0.08175729 0.02676135 0.1344046
0.1341807 0.06693885 0.007972646 6936255 0.08162607 0.02750901 0.1344225
0.1341807 0.06693885 0.007972646 7046347 0.08162607 0.02750901 0.1344225
0.1337339 0.06862357 0.008206205 7156446 0.0814034 0.02823562 0.1344464
0.1334767 0.07025644 0.008621384 7276737 0.08135562 0.02902544 0.1346756
0.1334767 0.07025644 0.008621384 7386658 0.08135562 0.02902544 0.1346756
0.1332943 0.07156434 0.008815401 7496749 0.08127521 0.02995442 0.1347872
0.1326919 0.07287346 0.008842598 7606865 0.08105625 0.03100139 0.1348852
0.1326919 0.07287346 0.008842598 7726961 0.08105625 0.03100139 0.1348852
0.1321204 0.07411355 0.008878326 7837072 0.08090038 0.03189552 0.1349751
0.1322112 0.07564753 0.00939777 7947342 0.08086762 0.03274584 0.1352132
0.1322112 0.07564753 0.00939777 8067292 0.08086762 0.03274584 0.1352132
0.1316658 0.07709366 0.009638594 8167354 0.08071236 0.03355871 0.1353952
0.1310183 0.07830136 0.009848583 8287669 0.08050567 0.03426346 0.1356077
0.1310183 0.07830136 0.009848583 8397736 0.08050567 0.03426346 0.1356077
0.1304764 0.07949151 0.01003009 8497656 0.08034935 0.03502959 0.1357944
0.1297378 0.08083377 0.01028727 8627770 0.07994967 0.03584009 0.1359971
0.1297378 0.08083377 0.01028727 8747898 0.07994967 0.03584009 0.1359971
0.1290071 0.08196667 0.01035373 8847977 0.07976513 0.03659739 0.1361437
0.1287126 0.08322962 0.01075244 8948253 0.07963969 0.03732559 0.1364144
0.1287126 0.08322962 0.01075244 9058328 0.07963969 0.03732559 0.1364144
0.1275763 0.08445433 0.0106983 9178271 0.07920299 0.03801192 0.1364337
0.1266737 0.08587439 0.01102196 9288366 0.07880404 0.03864773 0.1366579
0.1266737 0.08587439 0.01102196 9398469 0.07880404 0.03864773 0.1366579
0.1255806 0.08680714 0.01081117 9528915 0.07860139 0.03930515 0.1366793
0.1242148 0.08796941 0.01049726 9628673 0.07830885 0.04018421 0.1366538
0.1242148 0.08796941 0.01049726 9728767 0.07830885 0.04018421 0.1366538
0.1231116 0.08912897 0.01018165 9868902 0.07802862 0.04116335 0.1365663
0.1219957 0.08994494 0.009624071 9968980 0.07815049 0.0422139 0.1365319
0.1219957 0.08994494 0.009624071 10079079 0.07815049 0.0422139 0.1365319
0.1216778 0.09179921 0.009998117 10179364 0.07794306 0.04328921 0.1366485
0.1206769 0.09260149 0.00942399 10299278 0.0775082 0.04422556 0.1363196
0.1206769 0.09260149 0.00942399 10409386 0.0775082 0.04422556 0.1363196
0.1197585 0.09364403 0.009066757 10519485 0.07687701 0.04498698 0.1359522
0.119061 0.09472656 0.008860731 10649777 0.07657164 0.04562438 0.1357066
0.1176484 0.0960606 0.008455733 10769873 0.07603468 0.04622715 0.1353068
0.1176484 0.0960606 0.008455733 10849787 0.07603468 0.04622715 0.1353068
0.1170028 0.09747341 0.008345881 10989918 0.07562707 0.0468358 0.1349561
0.1161631 0.09871478 0.008218726 11079999 0.07499356 0.0475794 0.134696
0.1161631 0.09871478 0.008218726 11190090 0.07499356 0.0475794 0.134696
0.115096 0.1001943 0.008169809 11300185 0.07423411 0.04861731 0.1345675
0.115096 0.1001943 0.008169809 11430477 0.07423411 0.04861731 0.1345675
0.1140504 0.1016051 0.008125701 11530397 0.07359042 0.04969073 0.1345146
0.1129241 0.1032628 0.008230492 11640501 0.072919 0.05076788 0.1345243
0.1129241 0.1032628 0.008230492 11780773 0.072919 0.05076788 0.1345243
0.1115217 0.1049204 0.008354647 11870692 0.07216704 0.05175368 0.1345718
0.110202 0.1067478 0.008604118 11980796 0.07124949 0.05281409 0.1346204
0.110202 0.1067478 0.008604118 12091081 0.07124949 0.05281409 0.1346204
0.1085874 0.1084113 0.00868943 12201140 0.07022202 0.05395989 0.1346632
0.1076617 0.1101136 0.008989881 12311102 0.06949425 0.05526413 0.1348511
0.1058666 0.1116783 0.008883339 12421209 0.06841446 0.0565393 0.1348329
0.1058666 0.1116783 0.008883339 12551310 0.06841446 0.0565393 0.1348329
0.1045009 0.1134839 0.009103301 12661414 0.06750905 0.05786742 0.1349788
0.1026644 0.1151143 0.008998855 12751495 0.06660529 0.05911867 0.134977
0.1026644 0.1151143 0.008998855 12861599 0.06660529 0.05911867 0.134977
0.1006947 0.1167924 0.009080668 12981715 0.06542137 0.06037835 0.1350945
0.09858326 0.1181408 0.00894173 13131838 0.06400341 0.06155867 0.1350724
0.09858326 0.1181408 0.00894173 13322010 0.06400341 0.06155867 0.1350724
0.09518594 0.1211428 0.008964008 13472141 0.06160764 0.06404407 0.1351325
0.09518594 0.1211428 0.008964008 13702357 0.06160764 0.06404407 0.1351325
0.09015425 0.1223311 0.007537938 13912559 0.05861545 0.06565712 0.1344222
0.09209643 0.1238244 0.007864553 14142755 0.05876168 0.06671887 0.1340945
0.08858794 0.1261388 0.007501416 14353127 0.05638905 0.06885301 0.1339444
0.08686421 0.1273396 0.007465165 14593157 0.05519086 0.06975341 0.1339044
0.08516864 0.1285818 0.007495773 14833686 0.05403991 0.07059397 0.1338867
0.08130173 0.1310656 0.007657829 15023550 0.05160363 0.07241878 0.134089
0.07925492 0.132001 0.007685814 15253891 0.0502618 0.07335033 0.1342787
0.07723725 0.1328849 0.007768604 15474147 0.0488192 0.07423199 0.1344908
0.07336945 0.1349891 0.008458492 15704164 0.0458522 0.07563398 0.1350524
0.07102319 0.1359968 0.008807384 15944385 0.04436502 0.07610104 0.1353305
0.06887354 0.1369449 0.009137285 16154574 0.04289312 0.07651947 0.1355495
0.064363 0.1380769 0.009211958 16374773 0.03969079 0.07736937 0.1357511
0.06184275 0.1384412 0.009083566 16634996 0.03795091 0.07788646 0.1358454
0.05991948 0.1390573 0.009104792 16845193 0.03631995 0.07848907 0.1359149
0.0551561 0.139592 0.008901476 17045378 0.03302201 0.07915029 0.1360358
0.05225281 0.1390113 0.008361822 17265561 0.03109051 0.07896648 0.1358492
0.05029682 0.1394109 0.00845925 17495781 0.02952863 0.07928634 0.1359739
0.04590685 0.1398234 0.008689654 17735993 0.02607078 0.07992686 0.1364597
0.04383932 0.1400377 0.008960298 17936174 0.02429672 0.08026859 0.1368352
0.04240004 0.140733 0.009548098 18166386 0.02271035 0.08071611 0.1372843
0.03802965 0.1415052 0.01037749 18376571 0.01972222 0.08134621 0.1382524
0.03542801 0.1416989 0.01058694 18617104 0.01818802 0.08164634 0.1386601
0.0334993 0.1421247 0.01105453 18837660 0.016642 0.08196835 0.1391299
0.02940683 0.143214 0.01178902 19057182 0.01340994 0.08252688 0.1397243
0.02705174 0.1433414 0.01193522 19287406 0.01171457 0.08270783 0.1399766
0.02484701 0.1436749 0.01205456 19517621 0.01014118 0.08299252 0.1401469
0.02024808 0.144445 0.01209443 19727799 0.006809622 0.08359886 0.1402483
0.01799207 0.1448125 0.01200145 19958169 0.005076086 0.08405554 0.1402513
0.01536988 0.1447919 0.01181349 20198535 0.00321939 0.08437879 0.1403004
0.01162772 0.1453752 0.01168006 20408401 -8.305237E-05 0.08515443 0.140298
0.009422359 0.145659 0.01173566 20628608 -0.001811954 0.08541355 0.1403845
0.007017328 0.1458699 0.01166924 20848806 -0.003556163 0.08567394 0.1403972
0.003493882 0.1464541 0.01186763 21069005 -0.006773251 0.08620431 0.1405953
0.001468324 0.1466212 0.01203499 21329256 -0.008390024 0.08637083 0.1407943
-0.002266365 0.1470088 0.01247988 21509403 -0.01143603 0.08668675 0.1412565
-0.004057388 0.1469622 0.01258868 21749806 -0.01285342 0.08674553 0.1414406
-0.006102881 0.147348 0.01284243 21959963 -0.01419284 0.08681522 0.1415925
-0.007734424 0.1474885 0.0130956 22190021 -0.01561506 0.08687717 0.1418217
-0.01155883 0.1470768 0.01324768 22450389 -0.01858356 0.08677444 0.1421683
-0.01318082 0.146961 0.01330924 22630406 -0.01992407 0.08671038 0.1422691
-0.01483078 0.1468295 0.01340657 22870639 -0.0213335 0.08656369 0.1423716
-0.01817213 0.1465468 0.01342706 23080825 -0.02418558 0.08620729 0.1423815
-0.02007874 0.1463403 0.01348602 23321033 -0.02575121 0.08602742 0.1424683
-0.02318647 0.146105 0.01355339 23541240 -0.02854778 0.08588333 0.1425916
-0.02524108 0.1457463 0.01354224 23751422 -0.02991446 0.08577184 0.1427222
-0.02688748 0.1455889 0.01348208 23981626 -0.03133639 0.08553182 0.1426317
-0.02836056 0.1468196 0.01431442 24212036 -0.03356488 0.0857091 0.1429405
-0.0299166 0.1463879 0.01419183 24432048 -0.03497038 0.08549598 0.1429275
-0.03216217 0.1457204 0.01392491 24652251 -0.03654194 0.08523135 0.1428751
-0.03515994 0.1452303 0.01393671 24862433 -0.03906076 0.08488454 0.1429694
-0.03665004 0.1447138 0.01393217 25092916 -0.0404184 0.08446468 0.1430139
-0.0386327 0.143941 0.01372262 25352883 -0.0418517 0.08400239 0.1429637
-0.04190117 0.1428537 0.01371963 25543059 -0.04448858 0.08332706 0.1431652
-0.043691 0.1422851 0.01366508 25783251 -0.04596201 0.08291539 0.1431886
-0.04548645 0.141481 0.01342869 26023642 -0.04723704 0.0824745 0.1431261
-0.04868747 0.1404764 0.01340493 26203639 -0.04984688 0.08162627 0.14318
-0.05021228 0.1397458 0.01318942 26443856 -0.05119066 0.08115452 0.1430832
-0.05193689 0.1387963 0.01281488 26664212 -0.0525068 0.08069083 0.142929
-0.05561607 0.1369567 0.01209696 26874240 -0.05517752 0.07947789 0.1424896
-0.05752333 0.1358402 0.01164524 27134471 -0.05649057 0.07871556 0.1421901
-0.0593227 0.1348967 0.0112109 27334655 -0.05773331 0.07804202 0.141868
-0.06252605 0.132589 0.01024504 27565204 -0.06008411 0.07653846 0.141236
-0.06412538 0.1315553 0.009839577 27805080 -0.06130105 0.07581084 0.1409534
-0.06563084 0.1308735 0.009639796 28015420 -0.06255121 0.07522643 0.1407893
-0.06850669 0.1291576 0.009041514 28225471 -0.06475096 0.07384339 0.140314
-0.07002317 0.1282868 0.008763685 28445650 -0.06578161 0.0732259 0.1401279
-0.07176719 0.1273698 0.008421189 28675858 -0.06686313 0.0726823 0.1399183
-0.07450493 0.1254503 0.007715678 28916277 -0.0690757 0.0715062 0.1394989
-0.07565022 0.1246232 0.007481613 29126284 -0.06996514 0.07088466 0.139338
-0.0766126 0.1237354 0.007216135 29356488 -0.07083429 0.07026431 0.1391772
-0.07917767 0.1216465 0.006791125 29556661 -0.07260867 0.06888138 0.138999
-0.0801815 0.1207246 0.006645733 29796873 -0.07339841 0.06815016 0.1389188
-0.08117576 0.1197429 0.006531777 30027263 -0.07411607 0.06737927 0.138874
-0.0827167 0.1183479 0.006607341 30257358 -0.07535842 0.06588935 0.1388956
-0.08354141 0.1175684 0.006536 30477488 -0.07597661 0.06520836 0.1388518
-0.08538874 0.116258 0.006427396 30717725 -0.07726678 0.06407689 0.1387808
-0.08613452 0.1158434 0.006834342 30907896 -0.07797997 0.06362128 0.1391695
-0.08727665 0.1152294 0.006858958 31158102 -0.0788281 0.0630749 0.1392024
-0.08953864 0.1141726 0.006890328 31358282 -0.08046166 0.06213769 0.1392391
-0.09050947 0.1138418 0.006930488 31588814 -0.08131105 0.06172729 0.1392397
-0.09190743 0.1135422 0.007003819 31828727 -0.08232462 0.06133928 0.1392508
-0.09442253 0.1131518 0.007305146 32139137 -0.08465643 0.06069797 0.1394394
-0.09616205 0.1126473 0.007296953 32369357 -0.08593801 0.06033979 0.1394545
-0.09961099 0.1141212 0.008689242 32609598 -0.08820713 0.06078015 0.1403363
-0.1010809 0.1134625 0.00859409 32819601 -0.08952596 0.06040159 0.1403412
-0.1038462 0.1119407 0.008575933 33039808 -0.09172428 0.05940887 0.1404839
-0.1049623 0.1113667 0.00871166 33270778 -0.09265587 0.05884095 0.140605
-0.1059735 0.1103342 0.008727128 33490393 -0.09356219 0.05811624 0.1407328
-0.1078472 0.10821 0.008773388 33700740 -0.09511267 0.05654608 0.1409661
-0.1086042 0.1070793 0.008826422 33920777 -0.09577144 0.05560828 0.1410849
-0.1094117 0.1061085 0.009002029 34160816 -0.09643208 0.05470914 0.141274
-0.1109716 0.1037367 0.009076301 34371005 -0.09773018 0.05293142 0.1415517
-0.1116669 0.1025778 0.009056014 34601399 -0.09838917 0.05204602 0.1416324
-0.1126938 0.1013025 0.008897481 34841596 -0.09913699 0.0512022 0.1416093
-0.114392 0.0988961 0.008685658 35041756 -0.1005721 0.04945303 0.1416167
-0.115279 0.09772967 0.008547925 35271834 -0.1013197 0.04861518 0.1415861
-0.116029 0.09636842 0.00826333 35542419 -0.1019338 0.0477951 0.1414858
-0.1172476 0.093697 0.007765763 35712212 -0.1032413 0.04611427 0.1413545
-0.1179921 0.09254397 0.007646656 35942435 -0.1039677 0.04530399 0.1413552
-0.1187508 0.09138356 0.00749926 36162626 -0.1044941 0.04444656 0.1412898
-0.1199764 0.08912885 0.007275958 36382813 -0.1056133 0.04265476 0.1412167
-0.1210152 0.08795577 0.007186684 36643056 -0.1062514 0.04181045 0.1411975
-0.1225308 0.08528248 0.006844681 36833235 -0.1074606 0.03998209 0.1411094
-0.123099 0.08412144 0.006624342 37063435 -0.1080505 0.03913616 0.1409974
-0.1238814 0.08244719 0.00611303 37273629 -0.1087446 0.03801953 0.1406615
-0.1247383 0.08091906 0.005742378 37503832 -0.109352 0.03697234 0.1404205
-0.1289506 0.07808641 0.007120546 37754066 -0.1108676 0.03543233 0.1418792
-0.1299088 0.07666609 0.006911075 37964349 -0.1115806 0.03439409 0.141757
-0.130451 0.07512768 0.006670887 38214470 -0.1121452 0.03331062 0.1416615
-0.1319056 0.0720884 0.006186546 38394640 -0.1132492 0.03109215 0.1413809
-0.1328909 0.07029064 0.005896128 38644858 -0.1139271 0.02982246 0.1412067
-0.1344834 0.06715067 0.005471778 38875074 -0.1150082 0.02755392 0.1409674
-0.1353537 0.06532122 0.005160299 39065233 -0.1155846 0.02632294 0.1407869
-0.1358465 0.06376149 0.004975135 39325488 -0.1160908 0.02505266 0.1406866
-0.1372382 0.06062737 0.004597262 39515648 -0.1169984 0.0225893 0.140427
-0.1379122 0.05919586 0.004388067 39745848 -0.1174287 0.02145558 0.1402643
-0.1385439 0.05776679 0.004175581 39976055 -0.1178541 0.02043235 0.1401327
-0.1388927 0.0562485 0.003888237 40186253 -0.1182396 0.01942315 0.1399896
-0.1394598 0.05345522 0.003518665 40426636 -0.1186752 0.01752682 0.1398396
-0.139804 0.0520601 0.003486911 40667420 -0.1188306 0.01641287 0.1398528
-0.1402198 0.0494238 0.003619586 40867074 -0.1190011 0.0141086 0.1400339
-0.1361209 0.04807123 0.002048394 41237206 -0.1179752 0.01262355 0.1388711
-0.1405863 0.04464957 0.00371007 41417757 -0.1192379 0.01051101 0.1404034
-0.1405964 0.04281616 0.003623848 41647588 -0.1192808 0.00911768 0.1404314
-0.1412073 0.03915379 0.003452506 41888101 -0.1195004 0.006115312 0.1403595
-0.1411911 0.03711528 0.003102963 42088533 -0.1195957 0.004577353 0.1401474
-0.1413471 0.03514166 0.002846441 42348370 -0.119757 0.003094628 0.1400074
-0.1420407 0.03083103 0.002113273 42528367 -0.1201789 4.196318E-05 0.1395191
-0.1426073 0.02884496 0.001855592 42758578 -0.1205231 -0.001461494 0.1393331
-0.1428556 0.02661167 0.00142143 42998803 -0.1206537 -0.003090572 0.1390118
-0.1438566 0.02285361 0.0009843761 43209427 -0.1211786 -0.006126904 0.138651
-0.1444668 0.02101602 0.000767407 43449380 -0.1216232 -0.007490533 0.1385056
-0.1448654 0.01909709 0.0005109336 43659387 -0.1219566 -0.008806067 0.1383617
-0.1461147 0.01550054 0.000190981 43879586 -0.1227351 -0.01151235 0.1381401
-0.1465746 0.01379264 0.0001383587 44099789 -0.1230531 -0.01290433 0.1381248
-0.1471966 0.01220783 0.0001711828 44340006 -0.1234398 -0.01421683 0.1381698
-0.1481912 0.008232251 -2.282348E-05 44580773 -0.1240657 -0.01694444 0.1381449
-0.1486768 0.006277048 -5.53143E-05 44770548 -0.124422 -0.0182945 0.1381988
-0.1492302 0.004215322 2.972197E-05 45000602 -0.1248206 -0.01973341 0.1383659
-0.1498709 -5.183592E-05 4.098763E-05 45231381 -0.1252554 -0.02283624 0.1385372
-0.1499237 -0.002290232 -1.550374E-05 45441190 -0.1253261 -0.0244693 0.1385821
-0.1499196 -0.004818542 -7.574614E-05 45691241 -0.1254095 -0.02616594 0.1386679
-0.1497157 -0.009904908 -2.758093E-05 45891584 -0.1251325 -0.02989435 0.1389053
-0.1494581 -0.01245152 6.53001E-05 46122513 -0.1248436 -0.03180702 0.1390823
-0.1487456 -0.01516656 6.398252E-05 46471921 -0.1244437 -0.03370422 0.1392474
-0.1470163 -0.02078628 -0.000127847 46672106 -0.1234035 -0.03753042 0.1394011
-0.1454024 -0.02639766 -0.0002009435 46892511 -0.1225924 -0.04143734 0.1396552
-0.14476 -0.02905709 -0.0002632974 47162549 -0.1218283 -0.04328631 0.1396578
-0.1425306 -0.03489412 -0.0006514399 47352870 -0.1208199 -0.04705314 0.1396592
-0.1419318 -0.037176 -0.0006227864 47592949 -0.1204541 -0.04862478 0.1397834
-0.1411406 -0.03999276 -0.0007839213 47783117 -0.1199462 -0.05042562 0.1397443
-0.1402576 -0.04255023 -0.0008031924 48023325 -0.1193549 -0.05212222 0.1398301
-0.1396081 -0.04700178 -0.0005498021 48263846 -0.1183697 -0.05551775 0.1401011
-0.1383536 -0.04911571 -0.0003342367 48473728 -0.117568 -0.05709425 0.1404158
-0.1378493 -0.05187793 3.107852E-05 48693923 -0.1171028 -0.05884495 0.1408405
-0.1358806 -0.05637235 0.001139127 49054272 -0.1160531 -0.06213984 0.142135
-0.1346255 -0.06135831 0.001972112 49254615 -0.1144323 -0.06590333 0.1429609
-0.1346932 -0.06425946 0.002208676 49484648 -0.1138022 -0.06780881 0.1431244
-0.1323383 -0.06939796 0.002954765 49684817 -0.1126484 -0.07134617 0.1440744
-0.1313831 -0.07197987 0.002998038 49915049 -0.1118357 -0.07319292 0.1441458
-0.1311762 -0.07443143 0.003231925 50165254 -0.1110576 -0.07486673 0.1443039
-0.1289215 -0.07881273 0.00342356 50365431 -0.1093715 -0.07805464 0.144574
-0.1285261 -0.08109268 0.003416386 50616342 -0.1085202 -0.07951576 0.1444962
-0.1268535 -0.08262752 0.003624893 50815841 -0.1080465 -0.0808511 0.1448672
-0.1256884 -0.08461256 0.003935399 51036417 -0.1072429 -0.08211626 0.1452145
-0.1231178 -0.08760649 0.004156251 51366334 -0.1052953 -0.08447409 0.1455026
-0.1212666 -0.09033942 0.004659224 51586898 -0.1034843 -0.08644455 0.1459917
-0.117536 -0.09102147 0.004969901 51826758 -0.1032303 -0.08735465 0.1467026
-0.1157188 -0.0936463 0.005381866 52077575 -0.1012684 -0.08910573 0.1470746
-0.1142002 -0.0947421 0.005580868 52277614 -0.1001327 -0.08995608 0.147304
-0.1129427 -0.09556893 0.005876623 52507376 -0.09946072 -0.09074089 0.1476552
-0.1107587 -0.09814566 0.006151424 52717578 -0.0973726 -0.09233028 0.1479021
-0.1095624 -0.09920751 0.006317953 52938097 -0.09662442 -0.0930369 0.1480952
-0.1083208 -0.1000863 0.006620058 53177989 -0.09589591 -0.09379514 0.1484379
-0.1054512 -0.1023014 0.006496819 53398180 -0.09385707 -0.09525469 0.1483495
-0.1042473 -0.1031399 0.006618342 53608698 -0.09309749 -0.09588201 0.148496
-0.1029726 -0.1041438 0.006527781 53828564 -0.09194253 -0.09649607 0.1483942
-0.09962333 -0.105809 0.006792896 54058772 -0.09005596 -0.09773082 0.1487417
-0.09815174 -0.1063478 0.007007747 54298989 -0.08899947 -0.09817267 0.1489783
-0.09697428 -0.1071212 0.007005962 54499336 -0.08787353 -0.09873133 0.1489674
-0.09378109 -0.1086215 0.007622841 54739719 -0.08579329 -0.099765 0.1496229
-0.09271947 -0.1089921 0.007545155 54959585 -0.08469681 -0.1001711 0.1495455
-0.09129406 -0.1095984 0.007771797 55169771 -0.0837694 -0.1006378 0.1497906
-0.08858026 -0.111014 0.008225089 55419992 -0.08185327 -0.1014395 0.1502439
-0.08742617 -0.1116652 0.008127458 55630186 -0.0808644 -0.1018303 0.1501362
-0.08604998 -0.1123917 0.00822736 55840388 -0.0799005 -0.1022734 0.1502346
-0.08354928 -0.113613 0.008617322 56200900 -0.07826723 -0.1030367 0.1506261
-0.08083181 -0.1154096 0.008800024 56571051 -0.0764485 -0.1039793 0.1507732
-0.07834498 -0.1171541 0.009406512 56871326 -0.07479644 -0.10514 0.1513548
-0.07567663 -0.1191786 0.009745337 57091525 -0.07292049 -0.1065232 0.1516555
-0.07430747 -0.1204056 0.01007871 57291685 -0.07213854 -0.1073982 0.1519672
-0.07268932 -0.1213803 0.01038698 57541932 -0.07121973 -0.1082387 0.1522721
-0.07057846 -0.1239112 0.01062078 57862212 -0.06929355 -0.1097989 0.1524144
-0.06832018 -0.1265232 0.01061086 58072544 -0.0676797 -0.1113208 0.1522962
-0.06707365 -0.1276709 0.01072074 58332633 -0.0668335 -0.1121105 0.1523684
-0.06469394 -0.1301827 0.01052766 58632896 -0.06500302 -0.1137356 0.152075
-0.06372586 -0.131256 0.01053962 58873125 -0.06415461 -0.1144877 0.1520489
-0.06064479 -0.1333253 0.01013949 59203419 -0.06203322 -0.1159361 0.1515677
-0.05730187 -0.1350141 0.01011032 59533859 -0.06008 -0.117246 0.151471
-0.05454388 -0.136687 0.009816592 59904201 -0.05796958 -0.1186545 0.1511296
-0.051062 -0.1385121 0.009588521 60244699 -0.05571604 -0.1200354 0.1508089
-0.04747026 -0.1396489 0.009157817 60414662 -0.05318468 -0.1211812 0.1503405
-0.04536721 -0.1405788 0.008989614 60804856 -0.05200643 -0.1219475 0.1501103
-0.04121782 -0.141624 0.008474815 61015390 -0.04923536 -0.1230084 0.1495259
-0.03763904 -0.1426616 0.008170103 61215246 -0.04686286 -0.1238979 0.1491278
-0.03524606 -0.1431419 0.007987223 61455443 -0.04560651 -0.1243511 0.1488625
-0.03302822 -0.1436467 0.007855928 61795912 -0.04432499 -0.1247296 0.1486422
-0.02844855 -0.144393 0.007600353 61995927 -0.04167873 -0.125633 0.1482392
-0.02421653 -0.1449111 0.007506041 62236168 -0.03882831 -0.1264895 0.1480528
-0.02257477 -0.1455577 0.007386941 62576750 -0.03736762 -0.126955 0.1478909
-0.01858477 -0.1464545 0.007135154 62927334 -0.03439884 -0.1278063 0.1475218
-0.0147411 -0.1472853 0.006898825 63247595 -0.03153496 -0.1287645 0.1471885
-0.009882855 -0.1488813 0.006537156 63467263 -0.02808346 -0.1299238 0.1465929
-0.007830253 -0.1497637 0.006185597 63797557 -0.02648304 -0.1305725 0.14615
-0.005501597 -0.1495743 0.006430237 64117858 -0.02494581 -0.1312785 0.1464068
-0.00205124 -0.1504869 0.005641897 64468312 -0.02175491 -0.1323177 0.1455987
0.002662078 -0.1513492 0.005239231 64808477 -0.01866736 -0.1330617 0.144942
0.00683415 -0.1516507 0.00493361 65148950 -0.01574447 -0.1336056 0.1444715
0.01304067 -0.1520205 0.003946266 65479074 -0.01063399 -0.1342401 0.1433364
0.01509664 -0.1517361 0.003853824 65699447 -0.0090554 -0.1343216 0.1432083
0.01932303 -0.1509762 0.003629054 65919471 -0.00579696 -0.134216 0.1428926
0.0213629 -0.150603 0.003587404 66270132 -0.004315469 -0.1341586 0.1427868
0.02498418 -0.1497688 0.003518966 66590397 -0.001686421 -0.1337799 0.1425847
0.02885115 -0.1487664 0.003643933 66910374 0.0008879357 -0.1333837 0.142524
0.0325453 -0.147807 0.00385816 67250685 0.003509528 -0.1331121 0.1425926
0.0347989 -0.146796 0.004312925 67470867 0.005394547 -0.1327607 0.143038
0.03718266 -0.1461534 0.004316055 67801287 0.006971523 -0.132566 0.1429123
0.04072284 -0.1446257 0.004480667 68171520 0.009498623 -0.1320889 0.1429513
0.04609477 -0.1423396 0.00468432 68522010 0.01331773 -0.1310084 0.1428998
0.04974811 -0.1408065 0.004882111 68832104 0.01579622 -0.1301075 0.1428642
0.05351437 -0.1389585 0.005223759 69142380 0.01840532 -0.1291394 0.1429815
0.05525397 -0.1381118 0.005329482 69492858 0.01966857 -0.1286374 0.1429891
0.06057782 -0.1354803 0.00591185 69823014 0.02339726 -0.1270175 0.1432153
0.06442059 -0.1335916 0.006462228 70163309 0.02621786 -0.1261142 0.1435421
0.06767315 -0.132073 0.006988513 70513970 0.02889055 -0.1253886 0.1439465
0.07027043 -0.1306782 0.007565049 70833902 0.03130455 -0.1247418 0.1445055
0.07292786 -0.1288885 0.008089214 71184425 0.0331925 -0.1239475 0.1448479
0.07539205 -0.1270129 0.008536055 71524704 0.03473604 -0.123016 0.1450548
0.07751456 -0.1252191 0.008674547 71854844 0.03635276 -0.1221517 0.1450658
0.0798434 -0.1236102 0.00888204 72165116 0.03782998 -0.1212052 0.1450266
0.08200764 -0.1224155 0.008814437 72515424 0.0395375 -0.1203462 0.1448227
0.08608517 -0.1206128 0.008989928 72845925 0.04218066 -0.1193869 0.1445522
0.0920724 -0.1173218 0.009800859 73176024 0.04546808 -0.1180013 0.1444627
0.08999221 -0.1185047 0.00917537 73516343 0.04580061 -0.1180148 0.144649
0.09265456 -0.1188473 0.008945718 73866971 0.04798381 -0.1177708 0.1442588
0.09529754 -0.1171795 0.009455831 74196957 0.04983832 -0.1167301 0.1445096
0.09765738 -0.1155944 0.009957248 74547432 0.05162702 -0.1157253 0.1448181
0.09973197 -0.1143017 0.01046081 74897898 0.05319277 -0.1149339 0.1451454
0.1018919 -0.1127293 0.01093429 75218479 0.05491806 -0.1141559 0.1454619
0.103726 -0.111174 0.01125441 75558202 0.05636682 -0.1134235 0.1456356
0.1053359 -0.1096632 0.01128085 75879423 0.05768235 -0.1124578 0.1455477
0.1070418 -0.1078899 0.01131833 76198748 0.05897982 -0.1114105 0.1454224
0.109107 -0.1056645 0.01143445 76539071 0.06068395 -0.1103061 0.1453745
0.1107392 -0.1034407 0.01128051 76879565 0.06216186 -0.1090727 0.1451266
0.1123026 -0.100546 0.01108859 77199647 0.06351594 -0.1073468 0.1448042
0.1135118 -0.09707095 0.01083909 77539970 0.0647474 -0.1053502 0.1444794
0.1152426 -0.09384508 0.01071573 77870609 0.0659278 -0.1030137 0.1440958
0.1165907 -0.08998183 0.01055795 78220580 0.06714627 -0.1003824 0.1437995
0.1182957 -0.08605887 0.01076189 78571184 0.06844699 -0.09782978 0.1437386
0.119622 -0.08228887 0.01094711 78881266 0.06984795 -0.0954495 0.1438215
0.1215125 -0.07887757 0.01138951 79221638 0.07112094 -0.09307349 0.1439241
0.1228435 -0.07589801 0.01171504 79581849 0.0720146 -0.09098082 0.1439845
0.124346 -0.07295058 0.01219521 79922436 0.07306958 -0.08911257 0.144164
0.1257646 -0.07055315 0.01268657 80242725 0.07410032 -0.08766915 0.1443836
0.1277041 -0.06898856 0.01321653 80573177 0.07533026 -0.08631168 0.1446057
0.1292703 -0.06701872 0.01377671 80923027 0.07630712 -0.08519289 0.1448143
0.1307808 -0.06508594 0.01405175 81223286 0.07753723 -0.08399448 0.1448716
0.1319061 -0.0635255 0.01399525 81593616 0.07854521 -0.08291505 0.1446969
0.1334284 -0.06226145 0.01399155 81913922 0.07964922 -0.08180969 0.144498
0.1347069 -0.06026411 0.01400666 82264242 0.08077019 -0.08055834 0.144334
0.1358896 -0.05834353 0.01407955 82584506 0.08164054 -0.07937825 0.1441597
0.1365502 -0.05596928 0.01447223 82945188 0.08200417 -0.07789863 0.1442801
0.1373051 -0.05390968 0.01448502 83265449 0.08277407 -0.07666812 0.1441565
0.1378082 -0.05154057 0.01443535 83615773 0.08357904 -0.07538573 0.1440381
0.1385271 -0.0499111 0.01422721 83905893 0.08414821 -0.0741312 0.1436976
0.1397241 -0.0484033 0.01372606 84236159 0.08511134 -0.07252461 0.1431163
0.1401626 -0.04672555 0.01336072 84606359 0.0856904 -0.07137904 0.14271
0.1406386 -0.04461775 0.01321572 84937014 0.0860726 -0.07009747 0.1423652
0.1407899 -0.04278034 0.01276759 85246909 0.08653617 -0.06882144 0.1419366
0.1410959 -0.04061063 0.01248945 85587224 0.08677743 -0.06742547 0.1414728
0.1413694 -0.03883201 0.01196488 86147730 0.08700089 -0.06596548 0.1408605
0.1423427 -0.03569519 0.01154604 86498046 0.08741204 -0.06359537 0.1400391
0.1429276 -0.03261403 0.01112061 86828340 0.08798508 -0.06128863 0.1394379
0.1434269 -0.03119012 0.01046683 87148645 0.0881944 -0.05959413 0.1387199
0.143767 -0.02902358 0.01025819 87498941 0.08819026 -0.05795778 0.1382437
0.1437868 -0.02710093 0.009872331 87829260 0.08853379 -0.05660396 0.1378681
0.1443529 -0.02520516 0.009582485 88189573 0.08914347 -0.05523752 0.1374739
0.1447587 -0.0233949 0.009195545 88529892 0.08967536 -0.05395835 0.1370156
0.1452214 -0.02160888 0.008839992 88850173 0.09024204 -0.05269949 0.1365776
0.1459957 -0.01967444 0.008593003 89160469 0.09102926 -0.05144213 0.1361694
0.1466693 -0.01835229 0.008303383 89500934 0.0919098 -0.05048687 0.135877
0.1477525 -0.01697527 0.008320243 89831066 0.09267017 -0.0495235 0.1356498
0.1484316 -0.01568118 0.008135894 90171556 0.09337922 -0.04866969 0.135365
0.1493797 -0.01467991 0.007982473 90531994 0.09404398 -0.04788482 0.1350322
0.1500754 -0.01372515 0.007654131 90841970 0.0947418 -0.04714223 0.1346492
0.1506277 -0.01245387 0.007393044 91202332 0.09569973 -0.046551 0.1343834
0.151319 -0.01150378 0.007009471 91532581 0.09654329 -0.04591007 0.1339823
0.1520751 -0.01044433 0.006735711 91862896 0.09725107 -0.04525504 0.1335773
0.1522732 -0.009228221 0.00635004 92223257 0.0978995 -0.04460795 0.133228
0.1525589 -0.007869048 0.005996291 92503660 0.09841371 -0.04380313 0.1328162
0.1530784 -0.006372279 0.005802488 92873800 0.09900495 -0.04292425 0.1324764
0.1529145 -0.005234783 0.005381559 93194085 0.09932866 -0.0421931 0.1321447
0.1526108 -0.003757102 0.005082551 93584457 0.09955928 -0.04141693 0.131864
0.1522385 -0.002656965 0.004692879 93885036 0.09940831 -0.04063458 0.1314719
0.1516488 -0.001458092 0.00441993 94205333 0.09923767 -0.03992376 0.1312257
0.1510809 -0.0001239421 0.004284047 94605719 0.09901289 -0.0392566 0.1310272
0.1506216 0.00077799 0.004046842 94945982 0.0987516 -0.03856647 0.1308055
0.1503448 0.001734606 0.003966772 95416110 0.09872597 -0.03801021 0.1307032
0.1494067 0.003787258 0.004195265 95766657 0.09856974 -0.03718485 0.1308568
0.1489107 0.004758294 0.004316021 96136915 0.09834242 -0.03653795 0.1309799
0.1485009 0.005728842 0.00461815 96467051 0.0982343 -0.03592642 0.1312845
0.1481687 0.006993166 0.005275771 96807649 0.09814501 -0.03531507 0.1318218
0.1477433 0.007578928 0.005846251 97127643 0.09755398 -0.03467254 0.1323457
0.147679 0.0078602 0.006540158 97418079 0.09703132 -0.03413013 0.1329438
0.147534 0.007528367 0.007316681 97768399 0.0962952 -0.03386569 0.1336787
0.1470894 0.007511202 0.008921281 98098515 0.09531579 -0.03395621 0.1350411
0.1464091 0.007422226 0.01128555 98439231 0.0943016 -0.03447214 0.1371264
0.145052 0.007680277 0.0152955 98789158 0.09249379 -0.03524706 0.1405996
