0.1490455 0.0006644533 0.003957811 0 0.08389761 0.02230967 0.1288317
0.1489256 0.0005718429 0.00357676 110095 0.08382346 0.02253689 0.1284187
0.1489033 0.0004699662 0.003215085 230199 0.08381617 0.02283153 0.1279944
0.1489033 0.0004699662 0.003215085 340821 0.08381617 0.02283153 0.1279944
0.1488451 0.0004608761 0.002808197 441106 0.08380349 0.02301636 0.1275764
0.1489025 0.0006348062 0.002455354 560489 0.08380538 0.0230896 0.1272128
0.1489025 0.0006348062 0.002455354 680918 0.08380538 0.0230896 0.1272128
0.1488541 0.0009151448 0.002022446 780688 0.08370401 0.02307266 0.1268053
0.1487115 0.001441662 0.00146281 890787 0.08372033 0.02307118 0.1264211
0.1487115 0.001441662 0.00146281 1010892 0.08372033 0.02307118 0.1264211
0.1484292 0.002090059 0.0008519738 1120995 0.08367807 0.02317848 0.1260272
0.1483334 0.002562328 0.0005353327 1231098 0.08361806 0.02324456 0.1257968
0.1483334 0.002562328 0.0005353327 1341396 0.08361806 0.02324456 0.1257968
0.1482278 0.003652169 0.0002808278 1451293 0.08327469 0.0234635 0.1255599
0.1482352 0.005050501 0.0001309213 1561397 0.08280161 0.02372047 0.1253353
0.1482352 0.005050501 0.0001309213 1701713 0.08280161 0.02372047 0.1253353
0.1479574 0.006772879 -6.342481E-05 1781599 0.08227362 0.02410046 0.1252029
0.1477829 0.008555895 -7.921175E-05 1901712 0.08185747 0.02460839 0.12523
0.1476379 0.01063326 -2.767201E-05 2011811 0.08140624 0.02535332 0.1252837
0.1476379 0.01063326 -2.767201E-05 2122056 0.08140624 0.02535332 0.1252837
0.1473675 0.01281112 8.067426E-05 2242019 0.08079629 0.02619316 0.1253622
0.1471194 0.01524604 0.0003401367 2342105 0.08007684 0.0271725 0.1255173
0.1471194 0.01524604 0.0003401367 2462205 0.08007684 0.0271725 0.1255173
0.1469111 0.01759646 0.0007319199 2572309 0.07942124 0.02815193 0.1257918
0.1463352 0.02008139 0.0009808366 2682412 0.07872558 0.02923944 0.1260861
0.1463352 0.02008139 0.0009808366 2822535 0.07872558 0.02923944 0.1260861
0.1458826 0.02281827 0.001274732 2902611 0.07827179 0.03048498 0.1264796
0.1453121 0.02550102 0.001531219 3033292 0.07785338 0.03176129 0.1268962
0.1453121 0.02550102 0.001531219 3152845 0.07785338 0.03176129 0.1268962
0.1446911 0.02819032 0.001795811 3242942 0.07730073 0.03311155 0.1272572
0.144183 0.03102724 0.002174614 3353013 0.07663448 0.03453418 0.1275984
0.144183 0.03102724 0.002174614 3463113 0.07663448 0.03453418 0.1275984
0.1434956 0.03405399 0.002637399 3583229 0.07583575 0.03601624 0.128035
0.1429968 0.03709808 0.003210275 3693325 0.07508664 0.03741778 0.1284875
0.1429968 0.03709808 0.003210275 3803420 0.07508664 0.03741778 0.1284875
0.1422515 0.0400371 0.003633662 3913515 0.07416494 0.03883413 0.1288097
0.1417972 0.04301468 0.004253126 4023619 0.07334325 0.04027805 0.1292045
0.1417972 0.04301468 0.004253126 4133710 0.07334325 0.04027805 0.1292045
0.1409548 0.04602665 0.00456972 4253822 0.07259469 0.0416217 0.1295247
0.1402791 0.04909445 0.005016246 4363922 0.07192841 0.0429082 0.1299008
0.1402791 0.04909445 0.005016246 4474021 0.07192841 0.0429082 0.1299008
0.1393766 0.05196785 0.005302798 4584124 0.07116218 0.04411861 0.1301685
0.1386383 0.0547966 0.005692969 4724251 0.07045616 0.04536658 0.1304668
0.1386383 0.0547966 0.005692969 4814340 0.07045616 0.04536658 0.1304668
0.1376921 0.057587 0.005907746 4924436 0.06976843 0.0466407 0.1306988
0.1369963 0.06028543 0.006242947 5064570 0.06915051 0.0479719 0.1309489
0.1369963 0.06028543 0.006242947 5144638 0.06915051 0.0479719 0.1309489
0.1360755 0.06280481 0.006392711 5254734 0.06842279 0.0493106 0.1310814
0.1349648 0.06523702 0.006326388 5374842 0.06777862 0.05058862 0.131137
0.1349648 0.06523702 0.006326388 5484933 0.06777862 0.05058862 0.131137
0.1341965 0.06764004 0.006550977 5595037 0.06713882 0.05185737 0.1312924
0.132888 0.07028653 0.006442053 5705140 0.06628105 0.05308446 0.1312373
0.132888 0.07028653 0.006442053 5815243 0.06628105 0.05308446 0.1312373
0.1320837 0.0727025 0.006712711 5925343 0.06545027 0.05420838 0.131309
0.1310903 0.07486078 0.006850566 6045439 0.06445317 0.05535462 0.1312903
0.1310903 0.07486078 0.006850566 6175573 0.06445317 0.05535462 0.1312903
0.1300147 0.07704198 0.006879214 6265646 0.06355061 0.0564853 0.1312424
0.1290306 0.07907696 0.006951047 6385754 0.06269863 0.05757014 0.131224
0.1290306 0.07907696 0.006951047 6485841 0.06269863 0.05757014 0.131224
0.1279972 0.08135203 0.007040946 6605949 0.06195144 0.05860749 0.131246
0.1268144 0.08349352 0.007101373 6716048 0.0610854 0.05950705 0.1312408
0.1268144 0.08349352 0.007101373 6826144 0.0610854 0.05950705 0.1312408
0.1256524 0.08574034 0.007247299 6936243 0.06018351 0.0604226 0.1312598
0.1245034 0.08771283 0.007245572 7056376 0.05934263 0.06131902 0.1311959
0.1245034 0.08771283 0.007245572 7156450 0.05934263 0.06131902 0.1311959
0.1231767 0.08973075 0.007191351 7286571 0.05833452 0.06241984 0.1311101
0.121266 0.09087028 0.006645823 7386649 0.05712262 0.06329095 0.1308684
0.121266 0.09087028 0.006645823 7496753 0.05712262 0.06329095 0.1308684
0.1198823 0.09221304 0.006308414 7626878 0.0561472 0.06431569 0.1306701
0.1186661 0.09389632 0.006166973 7726969 0.05524847 0.06544603 0.1305657
0.1186661 0.09389632 0.006166973 7837072 0.05524847 0.06544603 0.1305657
0.1166775 0.09298632 0.004763064 7957184 0.0543484 0.06546202 0.129918
0.1151531 0.09405338 0.004234009 8067264 0.05358268 0.06617778 0.1296863
0.1151531 0.09405338 0.004234009 8177371 0.05358268 0.06617778 0.1296863
0.1135869 0.09505975 0.003624544 8277465 0.05273484 0.06688193 0.1293596
0.1119808 0.09507196 0.002807025 8397570 0.05187055 0.06719664 0.1289656
0.1119808 0.09507196 0.002807025 8507669 0.05187055 0.06719664 0.1289656
0.1108593 0.1017088 0.003933321 8617756 0.05103418 0.06970789 0.1292455
0.1084411 0.09588078 0.001383909 8757899 0.04964086 0.06775099 0.1281021
0.1078697 0.1056044 0.00391761 8837971 0.04879187 0.07141019 0.1290049
0.1078697 0.1056044 0.00391761 8948075 0.04879187 0.07141019 0.1290049
0.1062593 0.107696 0.003974822 9078484 0.04764798 0.07249834 0.1290032
0.1045754 0.1093488 0.003901821 9178278 0.04634851 0.07341745 0.1289011
0.1045754 0.1093488 0.003901821 9298379 0.04634851 0.07341745 0.1289011
0.1026732 0.1111208 0.003747653 9398469 0.04505691 0.07435184 0.1287863
0.1026732 0.1111208 0.003747653 9538753 0.04505691 0.07435184 0.1287863
0.1010145 0.1132447 0.003924106 9778812 0.04375181 0.07547267 0.1288261
0.09688106 0.1166818 0.003686298 9999424 0.0410912 0.07727613 0.12875
0.09487855 0.1183849 0.003598599 10219222 0.03978108 0.07814633 0.128704
0.09304719 0.1199203 0.003625121 10449417 0.03834708 0.07894786 0.1286668
0.08929323 0.1233546 0.003891052 10689804 0.03543326 0.08068869 0.1287309
0.08750932 0.1260022 0.004617099 10889819 0.0339414 0.0818553 0.1290671
0.08549073 0.1278094 0.004861311 11110014 0.03252637 0.08264068 0.1292029
0.08136629 0.1306028 0.004942421 11330216 0.02965248 0.08432099 0.129401
0.07933563 0.1316233 0.004911604 11570441 0.02806371 0.08527218 0.1295271
0.07434621 0.1334281 0.004317705 11750592 0.02455139 0.08665641 0.1293743
0.07219906 0.1344847 0.004411904 11871024 0.02297792 0.08708893 0.1294606
0.07219906 0.1344847 0.004411904 11970786 0.02297792 0.08708893 0.1294606
0.07015361 0.1356975 0.00460152 12080902 0.0213901 0.08753865 0.1295379
0.06852829 0.1382124 0.005471888 12201006 0.01989925 0.08847301 0.1298402
0.06852829 0.1382124 0.005471888 12301084 0.01989925 0.08847301 0.1298402
0.06612493 0.1387325 0.00512582 12421201 0.01810528 0.08882348 0.1296628
0.06389377 0.1394272 0.004946357 12531458 0.01634772 0.08925971 0.1295611
0.06389377 0.1394272 0.004946357 12641549 0.01634772 0.08925971 0.1295611
0.06104282 0.1398185 0.004320528 12751681 0.01441084 0.08951138 0.1292241
0.05891122 0.1415262 0.004748898 12881612 0.01274347 0.0901643 0.1293954
0.05891122 0.1415262 0.004748898 13001903 0.01274347 0.0901643 0.1293954
0.05648537 0.1420856 0.004543019 13101811 0.01093881 0.09047739 0.1293162
0.05367847 0.138196 0.002096617 13201893 0.008897662 0.08934613 0.1282498
0.05367847 0.138196 0.002096617 13332027 0.008897662 0.08934613 0.1282498
0.05059797 0.1367684 0.0007103375 13452135 0.006728292 0.08905616 0.1276168
0.04823652 0.1394019 0.001546006 13652316 0.004762024 0.09026167 0.1280429
0.04555701 0.1401414 0.001464672 13792438 0.002696276 0.09074137 0.1280697
0.04275663 0.1406018 0.001350333 14022646 0.0005741864 0.09091613 0.1280714
0.03996326 0.1418019 0.001606917 14262867 -0.001609027 0.09124772 0.1281861
0.03399725 0.1430042 0.001538759 14473377 -0.006120592 0.09161221 0.1282497
0.03055738 0.144661 0.001884783 14703451 -0.008705318 0.09221333 0.1284309
0.02776393 0.1447714 0.00189855 14923747 -0.01112264 0.09230235 0.128552
0.02171026 0.1464322 0.002358856 15143666 -0.01610053 0.09323094 0.1290325
0.01843791 0.1480282 0.002872652 15374040 -0.01861113 0.09385759 0.1293605
0.01507233 0.1481064 0.002820788 15584051 -0.0212163 0.09385468 0.1294942
0.009015426 0.1492316 0.003274748 15844480 -0.02594412 0.09436402 0.1300566
0.006495357 0.1493513 0.003477693 16044479 -0.02818304 0.09453771 0.1303601
0.00357841 0.1503042 0.003944509 16264827 -0.03050506 0.09487605 0.1307211
-0.001789928 0.1511433 0.004909684 16484860 -0.03491408 0.09507396 0.1316586
-0.004652262 0.1514019 0.005312186 16705209 -0.03708029 0.09509891 0.1321374
-0.00736478 0.1517788 0.00571284 16945292 -0.03915048 0.0951849 0.1325713
-0.01217565 0.1517375 0.006427999 17145472 -0.04299667 0.09511445 0.1335112
-0.01439223 0.1516206 0.006741986 17385693 -0.04477322 0.0950183 0.1339404
-0.0168218 0.151482 0.006984571 17605880 -0.04661924 0.09482884 0.1342983
-0.02149433 0.1512314 0.007422396 17816069 -0.05027002 0.09447184 0.1349236
-0.02386335 0.1509017 0.007524964 18066303 -0.05220675 0.0942867 0.1351872
-0.0284034 0.149816 0.007486434 18286806 -0.05583081 0.09370922 0.1355724
-0.03086054 0.1496312 0.007588069 18496671 -0.05762845 0.09340407 0.1357608
-0.03293657 0.1489823 0.007539297 18736904 -0.05928785 0.09295408 0.1358853
-0.03746936 0.1478793 0.007568028 18947094 -0.06276968 0.09207399 0.1362222
-0.03942367 0.1474243 0.00765453 19167888 -0.0643993 0.09157823 0.1363546
-0.04171625 0.1467214 0.00756404 19417514 -0.06619811 0.09100989 0.1364171
-0.04599017 0.1456698 0.00746548 19617699 -0.06958443 0.09010251 0.1365462
-0.04851815 0.1450216 0.007263061 19858236 -0.07133469 0.08957364 0.1365348
-0.05067954 0.1443408 0.007062405 20068089 -0.07309359 0.08902841 0.1364626
-0.05279502 0.1436124 0.006790129 20288300 -0.07483375 0.08850364 0.1363415
-0.05719951 0.1423759 0.006153225 20539130 -0.07831258 0.08752608 0.1359684
-0.05934558 0.1416773 0.005734454 20738699 -0.07999542 0.08708602 0.1357331
-0.06152457 0.1410061 0.005309516 20959096 -0.08168811 0.08664943 0.1354826
-0.06574386 0.1397553 0.004670521 21189279 -0.08506829 0.08586805 0.1351657
-0.06785879 0.1390668 0.004409466 21399303 -0.08664057 0.08534757 0.1350531
-0.07179919 0.1378075 0.004075508 21650185 -0.08969098 0.08426546 0.1349165
-0.0737007 0.1370867 0.00393979 21859710 -0.09122154 0.08376074 0.1349193
-0.07537219 0.1363688 0.003886702 22079921 -0.09263396 0.08328006 0.1349969
-0.07869679 0.134801 0.003845822 22290107 -0.09530705 0.08210418 0.135198
-0.08046764 0.1340365 0.003959539 22520497 -0.09660209 0.08136534 0.1353813
-0.08202282 0.1334471 0.004235165 22750518 -0.09784538 0.08064239 0.1356412
-0.08525652 0.1316628 0.004593068 22970717 -0.1004712 0.07912135 0.1361764
-0.0866119 0.1307396 0.004790177 23200933 -0.1016812 0.07836551 0.1364569
-0.08818904 0.1295339 0.004896034 23411118 -0.1029326 0.07751009 0.1367383
-0.09105393 0.1272253 0.005278235 23631317 -0.1051766 0.07558021 0.1373373
-0.09250891 0.1260682 0.005513873 23891544 -0.1063285 0.07451954 0.1376427
-0.09388316 0.1247487 0.005689308 24081715 -0.1074823 0.07339037 0.1379151
-0.09675685 0.1218561 0.005961639 24312126 -0.1099043 0.07100446 0.1384287
-0.09787458 0.1202835 0.006075837 24542131 -0.1109471 0.06964929 0.1386335
-0.0992853 0.1186189 0.006242254 24762338 -0.1120631 0.06815689 0.1388943
-0.102035 0.1155407 0.006787589 24982524 -0.1141089 0.06512828 0.1395244
-0.103679 0.1139006 0.0069848 25212744 -0.1153036 0.06357204 0.1397935
-0.1050621 0.1125728 0.00738359 25442948 -0.1165572 0.06219 0.140183
-0.1082392 0.1094778 0.007759511 25653134 -0.1194064 0.05968191 0.1408081
-0.109824 0.1077176 0.007830021 25873340 -0.1207928 0.05843527 0.1410861
-0.1112847 0.1062669 0.00805383 26103544 -0.1221385 0.05725959 0.1414207
-0.1142095 0.1030739 0.008565925 26323897 -0.1245763 0.0545718 0.1421561
-0.1152795 0.1013251 0.008873103 26553967 -0.1255617 0.05313324 0.142582
-0.1166633 0.09971364 0.009204875 26764156 -0.1266076 0.05171253 0.1430079
-0.1187393 0.09620593 0.009885376 27004819 -0.1282985 0.04876192 0.143915
-0.1199786 0.09471688 0.01031102 27224552 -0.1291696 0.04724576 0.1443568
-0.1211427 0.09306586 0.01065939 27464773 -0.1300149 0.04570218 0.1447647
-0.1236747 0.08997527 0.01141394 27665334 -0.1320472 0.04290801 0.1456556
-0.1248564 0.08856827 0.01175606 27905178 -0.1331256 0.04167813 0.1460661
-0.1273361 0.0853041 0.01214191 28115554 -0.1352384 0.03931168 0.146784
-0.1285677 0.08376118 0.01233048 28375805 -0.1362041 0.03805112 0.1470841
-0.1297151 0.08234934 0.01258997 28575771 -0.1370745 0.03683566 0.1474254
-0.131675 0.07915376 0.01299945 28795986 -0.1387477 0.03433055 0.1480813
-0.1325145 0.07738676 0.0131703 29046192 -0.139506 0.03295382 0.1483853
-0.1333345 0.07571369 0.01337739 29236383 -0.140196 0.03157371 0.148695
-0.134198 0.07405451 0.01360784 29456574 -0.1408482 0.03020323 0.1490297
-0.1357499 0.07078088 0.01419494 29676959 -0.1422029 0.02731642 0.149751
-0.1365799 0.06905676 0.01443165 29906976 -0.1428365 0.02584533 0.1500778
-0.1379868 0.06526248 0.01464198 30127187 -0.1440122 0.02280761 0.1505373
-0.1385812 0.0633725 0.01464923 30347560 -0.1445397 0.02134728 0.1506809
-0.1392618 0.0615806 0.0146963 30567589 -0.1450914 0.01985085 0.1508246
-0.1405844 0.05768207 0.01455491 30787771 -0.1461493 0.01675366 0.1509373
-0.1412732 0.05564737 0.01447489 31017971 -0.1467542 0.01512347 0.1509814
-0.1417178 0.0538453 0.01449219 31278210 -0.1473568 0.01362941 0.1510834
-0.1428259 0.04969645 0.01438038 31458526 -0.1486592 0.01066231 0.1513058
-0.1434201 0.047435 0.0142504 31678591 -0.1492052 0.009061386 0.1513644
-0.1439827 0.04570547 0.01435127 31939118 -0.1496388 0.007543016 0.1515296
-0.1451488 0.04161484 0.01426875 32128998 -0.1503632 0.004279937 0.151692
-0.145667 0.03935321 0.01417367 32359202 -0.1508132 0.002573576 0.1517492
-0.1461424 0.03729585 0.01409017 32589397 -0.1512398 0.001038858 0.1518062
-0.1472258 0.03287915 0.01401719 32809608 -0.152234 -0.002349143 0.1520032
-0.1477797 0.03017371 0.01383327 33059818 -0.1526497 -0.004237539 0.1520302
-0.1481711 0.02779046 0.01372493 33260002 -0.1529912 -0.006085948 0.1520558
-0.1489255 0.02266932 0.0134137 33480201 -0.1536619 -0.009952245 0.1520487
-0.1490141 0.01991304 0.01319043 33710405 -0.1538486 -0.01199496 0.151988
-0.1493221 0.01727357 0.01300311 33930757 -0.1540619 -0.01399534 0.1519493
-0.1496354 0.01182726 0.01246709 34170824 -0.1544461 -0.01809096 0.1517079
-0.1497681 0.009197887 0.01217783 34371151 -0.1545561 -0.02001092 0.15157
-0.1497992 0.006523605 0.01187546 34601387 -0.1546614 -0.02198016 0.1514109
-0.1496612 0.00117561 0.01122635 34841624 -0.1544492 -0.02586812 0.1510547
-0.1494247 -0.001135406 0.01100148 35051635 -0.1543001 -0.02763212 0.1509314
-0.1490559 -0.003599503 0.01083657 35292148 -0.1540976 -0.0294785 0.1508763
-0.148563 -0.008267527 0.01073551 35492008 -0.1537846 -0.03297826 0.1509794
-0.1480313 -0.01061386 0.01076994 35712211 -0.1534804 -0.03475584 0.1511043
-0.1475433 -0.01281981 0.01078574 35932418 -0.1531917 -0.03635852 0.1512147
-0.1463757 -0.01731016 0.01089289 36162626 -0.1524957 -0.03969358 0.1514909
-0.1456715 -0.01958613 0.01096873 36412856 -0.1520521 -0.04137031 0.1516492
-0.1441782 -0.02422711 0.01114335 36613032 -0.1508194 -0.04476112 0.1519997
-0.1436664 -0.02648363 0.01123633 36843228 -0.1502583 -0.04645416 0.152176
-0.1427877 -0.02922152 0.0112271 37073448 -0.1496864 -0.0483004 0.1522755
-0.1410285 -0.03379068 0.01142061 37273645 -0.1483774 -0.05169183 0.1526006
-0.1403266 -0.03610232 0.01151626 37504006 -0.1476802 -0.05342322 0.1527684
-0.1396674 -0.0384787 0.01155781 37724027 -0.1470007 -0.05521215 0.1528818
-0.1387423 -0.04073162 0.01168696 37954247 -0.1463 -0.05694647 0.1530596
-0.1370196 -0.04541423 0.01191246 38194634 -0.1450631 -0.06026273 0.1534083
-0.1360072 -0.04770353 0.01209921 38394656 -0.1444464 -0.06182605 0.1536463
-0.1350866 -0.0499673 0.01231944 38614997 -0.1437768 -0.06333915 0.1539242
-0.133063 -0.05442438 0.01282987 38835208 -0.1422385 -0.0663779 0.1545309
-0.1320083 -0.05657994 0.01316864 39075262 -0.141483 -0.06784946 0.154906
-0.1297573 -0.06106397 0.01381625 39315495 -0.139783 -0.0707858 0.1556303
-0.1290771 -0.06315732 0.01408811 39515777 -0.1388699 -0.07217851 0.1559647
-0.128134 -0.06554902 0.01436543 39755868 -0.13768 -0.07370158 0.1563114
-0.1265687 -0.06996457 0.0149889 39956045 -0.1358146 -0.07659762 0.1570338
-0.1254747 -0.07201684 0.01528814 40196254 -0.1351483 -0.07801508 0.1573328
-0.1242942 -0.07425892 0.01544168 40436470 -0.1344399 -0.07920036 0.1574941
-0.1219567 -0.07919514 0.01562773 40647390 -0.1325751 -0.08140062 0.1577144
-0.1207776 -0.08158858 0.01570167 40876872 -0.1315484 -0.08267185 0.1577899
-0.119643 -0.08391275 0.01575608 41087062 -0.1306364 -0.08404518 0.1578313
-0.1170441 -0.08872022 0.01584108 41297255 -0.1286784 -0.08686671 0.1578533
-0.1156158 -0.09096227 0.01591622 41547485 -0.1277125 -0.08824462 0.1578758
-0.1140233 -0.09348748 0.0158992 41747662 -0.1265907 -0.08973721 0.1577944
-0.1108673 -0.09856231 0.01568967 41978036 -0.1240391 -0.09266213 0.1574569
-0.1089506 -0.1010764 0.01552503 42218082 -0.1226605 -0.09417525 0.157196
-0.1071372 -0.1033171 0.01527705 42428458 -0.1212753 -0.09573155 0.1568709
-0.1034034 -0.1079827 0.01465408 42658484 -0.1183102 -0.09882755 0.1560762
-0.1014542 -0.110227 0.01427581 42868677 -0.1168017 -0.1003974 0.1556056
-0.09930483 -0.1122274 0.0140053 43099064 -0.1152235 -0.1019665 0.1552411
-0.0952116 -0.1159198 0.01337104 43319084 -0.1120274 -0.1051451 0.1544646
-0.09289342 -0.117554 0.01307275 43559297 -0.1102607 -0.1064733 0.1540758
-0.09063953 -0.1192966 0.01274712 43789715 -0.1084511 -0.1077445 0.1536568
-0.0861766 -0.122348 0.01214077 43999694 -0.1047094 -0.1099716 0.1528874
-0.08354032 -0.1236116 0.0119194 44219889 -0.1027227 -0.1109093 0.1525499
-0.08112583 -0.1249171 0.01167002 44440108 -0.1007459 -0.1118528 0.152207
-0.07615811 -0.1270528 0.01108559 44660464 -0.09664708 -0.1133436 0.151437
-0.07356435 -0.1281219 0.01086615 44910832 -0.09455228 -0.1139771 0.1511005
-0.06821075 -0.1294846 0.01045275 45120888 -0.0903368 -0.1151512 0.1504929
-0.06538293 -0.1301887 0.01029928 45330891 -0.08810675 -0.115604 0.1502177
-0.06267133 -0.1308308 0.01012497 45561099 -0.08586344 -0.1160042 0.1499411
-0.05987427 -0.1315268 0.009963132 45781318 -0.08355078 -0.1164274 0.1496688
-0.05434662 -0.1326915 0.009615555 46111600 -0.07903612 -0.1171897 0.1491016
-0.04895077 -0.1341707 0.009129816 46352145 -0.07446077 -0.1178556 0.1483753
-0.04619691 -0.1349089 0.008921037 46572015 -0.07223946 -0.1181406 0.148014
-0.0407795 -0.1364867 0.008433457 46792401 -0.06763965 -0.1188874 0.1472681
-0.03821719 -0.1372626 0.008161048 47012413 -0.06539932 -0.1193249 0.1468896
-0.03577065 -0.1377065 0.007869516 47252638 -0.063245 -0.1196431 0.1465242
-0.03092706 -0.1391752 0.007321455 47483352 -0.05900872 -0.119926 0.1456947
-0.02853424 -0.1399959 0.007004845 47683379 -0.05690721 -0.1200108 0.1452142
-0.02613124 -0.140829 0.006673612 47923243 -0.0547789 -0.1200963 0.1447161
-0.02122268 -0.1423081 0.006065399 48123424 -0.05052614 -0.1203799 0.1437851
-0.01871029 -0.142698 0.005801592 48353619 -0.04846615 -0.1204256 0.143369
-0.01639596 -0.1433499 0.005536142 48574012 -0.04649729 -0.1205363 0.1429396
-0.01162705 -0.1441864 0.005017519 48794021 -0.04237825 -0.120541 0.1421361
-0.009120822 -0.144374 0.004777589 49034241 -0.04030287 -0.1205074 0.1417605
-0.006770164 -0.1447817 0.004504432 49354676 -0.03828102 -0.120553 0.1413485
-0.001909524 -0.1451402 0.004048691 49574737 -0.03432202 -0.1203971 0.1405898
0.002797097 -0.1451548 0.003516584 49805099 -0.03044528 -0.119922 0.1397682
0.00517644 -0.145289 0.003182501 50035141 -0.02841967 -0.1197699 0.139294
0.007455051 -0.1452325 0.002908555 50255360 -0.0265083 -0.1194754 0.138884
0.01230158 -0.1452317 0.002318905 50495726 -0.02260157 -0.1187931 0.137925
0.01474302 -0.1452127 0.002029476 50695745 -0.02061254 -0.1183977 0.1374444
0.01730093 -0.1453563 0.001782698 50955992 -0.0185867 -0.1180019 0.1369495
0.02206981 -0.1456443 0.001059995 51146135 -0.0146336 -0.1171651 0.1357747
0.02441412 -0.1456116 0.000659365 51386356 -0.01282066 -0.1168068 0.1351588
0.02675401 -0.1456628 0.0002605066 51596554 -0.01090217 -0.1165322 0.1345724
0.03166436 -0.1455715 -0.0003876901 51837561 -0.007118821 -0.1161985 0.1335501
0.03393869 -0.1455858 -0.0006846339 52046952 -0.005324244 -0.1160272 0.1330725
0.03636463 -0.1457435 -0.0009192875 52277164 -0.00345996 -0.1158927 0.1326067
0.04084556 -0.1450509 -0.001465918 52497379 0.0001627803 -0.1152025 0.1318016
0.0431681 -0.1446249 -0.001744944 52717557 0.001961589 -0.1148649 0.1313814
0.04535379 -0.1442056 -0.002026647 52958200 0.003723159 -0.1144819 0.1309758
0.04989335 -0.1430991 -0.002483311 53147942 0.007123038 -0.113336 0.1301482
0.05213179 -0.1421972 -0.002762764 53378153 0.008833602 -0.1125308 0.129719
0.05437158 -0.1411871 -0.003052408 53618386 0.01061608 -0.1116783 0.1293143
0.05896719 -0.1393744 -0.003495056 53818559 0.01410498 -0.1101821 0.128571
0.0612593 -0.1384432 -0.00374658 54098820 0.01586083 -0.1092704 0.1281404
0.06590551 -0.1362363 -0.004104793 54439119 0.01931472 -0.107282 0.127414
0.07066076 -0.1337308 -0.004482632 54739552 0.02261166 -0.1051852 0.1266001
0.07551759 -0.1313125 -0.004791402 54969748 0.02608179 -0.1030263 0.1258311
0.07786338 -0.1300973 -0.004966167 55170082 0.02793962 -0.1019854 0.1255083
0.08012114 -0.1286195 -0.005189395 55399978 0.02977981 -0.1009437 0.1252179
0.08254263 -0.1274398 -0.005350908 55630210 0.03166491 -0.09999283 0.1248964
0.08709571 -0.1247319 -0.005786529 55960654 0.035308 -0.0980019 0.1242511
0.09195761 -0.1221677 -0.005897685 56320817 0.03916809 -0.09578443 0.1238075
0.09651154 -0.1195146 -0.006086644 56651261 0.04290605 -0.09342815 0.1233436
0.1010272 -0.1170226 -0.00616193 56841287 0.04663314 -0.09145838 0.1230434
0.1033451 -0.115346 -0.006202904 57081500 0.04848631 -0.09036845 0.1229206
0.1072494 -0.1123745 -0.006594333 57311711 0.05201827 -0.08850335 0.1225798
0.1092812 -0.1108717 -0.006745369 57642022 0.05363557 -0.08747719 0.122338
0.1130003 -0.1076437 -0.007076314 57862374 0.05658937 -0.08516911 0.1218382
0.1147094 -0.1058654 -0.007262112 58102429 0.05789465 -0.08400837 0.1215812
0.1178547 -0.1023963 -0.007531544 58452745 0.06035186 -0.08161342 0.1211842
0.1209231 -0.09879053 -0.007708352 58743003 0.06270857 -0.07900344 0.1208443
0.1236271 -0.09466811 -0.008028745 59003428 0.06477956 -0.07618332 0.1204295
0.1247072 -0.09265646 -0.008238832 59313680 0.06566979 -0.07476757 0.1202167
0.1272267 -0.08812089 -0.008380982 59573911 0.06740011 -0.07184574 0.1199239
0.1293693 -0.08335079 -0.008484263 59753915 0.06896821 -0.06873443 0.1197512
0.130605 -0.080962 -0.008367795 59974110 0.06978597 -0.06717742 0.1197621
0.1316639 -0.07857415 -0.008385059 60194309 0.07055242 -0.0655547 0.1196857
0.1328724 -0.07596547 -0.008264892 60434525 0.07130852 -0.06386653 0.1196795
0.1349809 -0.07073333 -0.008201646 60785048 0.07290317 -0.06034542 0.1196447
0.1371356 -0.06537297 -0.007952712 61095352 0.07461759 -0.05695864 0.1198242
0.1389681 -0.05957003 -0.007676244 61425424 0.07624575 -0.05353406 0.1201351
0.1406988 -0.05374203 -0.007110643 61806079 0.07766807 -0.04980474 0.1206308
0.1423167 -0.04827568 -0.006455777 62146094 0.07874 -0.04600057 0.1210553
0.1435309 -0.04279131 -0.005869986 62466712 0.07969722 -0.04237625 0.1215323
0.1448412 -0.0374197 -0.005220885 62807015 0.0805555 -0.03883515 0.1219467
0.1458745 -0.03257945 -0.004558447 62986829 0.08107938 -0.03534097 0.1223282
0.1465016 -0.03016369 -0.004049258 63347154 0.08131987 -0.03369641 0.1226201
0.1470837 -0.02564091 -0.003408455 63667443 0.0817204 -0.03084201 0.1231097
0.147736 -0.0211006 -0.002434592 63897865 0.08186229 -0.02826173 0.1237226
0.1480546 -0.01771749 -0.001709768 64227949 0.08188695 -0.02615246 0.1242146
0.1482584 -0.01582121 -0.00122357 64468356 0.08189493 -0.02518454 0.124532
0.1483262 -0.0119394 -0.0002837513 64788633 0.08185154 -0.02374685 0.1252071
0.1483056 -0.008945551 0.0003474334 64998644 0.08180305 -0.02265317 0.1256302
0.148283 -0.007614858 0.0005646413 65228852 0.08175418 -0.02219265 0.1257352
0.1483142 -0.006275786 0.0007672369 65589173 0.08169678 -0.02178963 0.125778
0.1479739 -0.002754654 0.0008771181 65919487 0.08137466 -0.02091097 0.1255412
0.1475472 -0.001213676 0.0005096312 66259936 0.08099863 -0.0200002 0.1251074
0.1471145 -0.0002779106 7.085475E-05 66610260 0.08050528 -0.01946256 0.1245756
0.1465072 0.0004296156 -0.0003088446 66950770 0.08006677 -0.01941549 0.1241825
0.1460949 0.0007643906 -0.000669246 67150740 0.07947206 -0.01938831 0.1236752
0.1458682 0.0008032162 -0.0008353058 67480892 0.07920131 -0.01928603 0.1234957
0.1454143 0.001364213 -0.0005772321 67841371 0.07812734 -0.01951736 0.1232884
0.14477 0.002181846 0.0003184694 68141472 0.07669842 -0.02028148 0.1234765
0.1442441 0.002943949 0.001487943 68491950 0.07521714 -0.02078729 0.1238741
0.1443747 0.002709162 0.003315048 68852292 0.07334857 -0.02036964 0.1246777
0.1445474 0.002179811 0.007287219 69182412 0.07039747 -0.02086523 0.1267734
0.1450571 0.002014343 0.01678842 69472678 0.06545806 -0.02191146 0.1325373
0.1449965 0.0002883587 0.03253819 69863342 0.05854277 -0.02359496 0.1432703
