0.1505603 0.001154997 0.004339099 0 0.09869496 -0.004390577 0.2273005
0.151039 0.001964454 0.00490351 90069 0.09912715 -0.003900819 0.2271183
0.1514567 0.002965019 0.005277738 210185 0.09952496 -0.003530024 0.2269011
0.1514567 0.002965019 0.005277738 310276 0.09952496 -0.003530024 0.2269011
0.1518869 0.003786396 0.005524158 430388 0.09985054 -0.003008571 0.2266202
0.1522516 0.004607137 0.005354643 540479 0.100265 -0.002194656 0.2262931
0.1522516 0.004607137 0.005354643 650570 0.100265 -0.002194656 0.2262931
0.1525942 0.004911402 0.004884481 760682 0.1007413 -0.001310895 0.2259255
0.1528529 0.005411727 0.004308775 880790 0.1011286 -0.0006585108 0.2255602
0.1528529 0.005411727 0.004308775 990898 0.1011286 -0.0006585108 0.2255602
0.1531951 0.005944182 0.00405246 1100985 0.1013419 -0.0001697803 0.2251768
0.1531951 0.005944182 0.00405246 1221093 0.1013419 -0.0001697803 0.2251768
0.1533764 0.006520818 0.003531173 1321184 0.1013574 0.0002619642 0.2248093
0.1535179 0.006992757 0.003011584 1431283 0.1013307 0.0008526265 0.2244845
0.1535179 0.006992757 0.003011584 1561401 0.1013307 0.0008526265 0.2244845
0.1535572 0.007533803 0.002375558 1661499 0.1012478 0.001608251 0.2242092
0.1535001 0.00841856 0.001719847 1791612 0.1011222 0.002397431 0.2239962
0.1534377 0.009413722 0.001245499 1881690 0.1009153 0.00323855 0.2238327
0.1534377 0.009413722 0.001245499 1991789 0.1009153 0.00323855 0.2238327
0.1532325 0.01037032 0.0003398657 2101904 0.1005674 0.004103415 0.2236205
0.1530386 0.01191247 -0.0001448393 2222001 0.1002721 0.005034134 0.2235361
0.1530386 0.01191247 -0.0001448393 2342117 0.1002721 0.005034134 0.2235361
0.1526932 0.01351522 -0.0007512718 2442199 0.09970546 0.006055274 0.2234922
0.1524819 0.01513104 -0.001022279 2552295 0.0991755 0.007215667 0.2234574
0.1524819 0.01513104 -0.001022279 2672423 0.0991755 0.007215667 0.2234574
0.1520768 0.01719375 -0.00129737 2772493 0.09869827 0.008312094 0.2235814
0.1516618 0.0194346 -0.001499444 2892602 0.09817347 0.009563499 0.2237232
0.1516618 0.0194346 -0.001499444 3012722 0.09817347 0.009563499 0.2237232
0.151203 0.02160922 -0.001462847 3112801 0.09754748 0.01096702 0.2239823
0.1505653 0.02407338 -0.001774788 3242918 0.0969513 0.01243031 0.2242622
0.1505653 0.02407338 -0.001774788 3343025 0.0969513 0.01243031 0.2242622
0.150209 0.02615774 -0.001319364 3453100 0.09660665 0.01390796 0.2246424
0.149542 0.02835311 -0.001491815 3583229 0.09590501 0.01550672 0.2250025
0.149542 0.02835311 -0.001491815 3673314 0.09590501 0.01550672 0.2250025
0.149031 0.03035825 -0.00100179 3783406 0.09539833 0.01712447 0.2255186
0.1482659 0.03249254 -0.0004873127 3893509 0.09477383 0.01873837 0.2262411
0.1482659 0.03249254 -0.0004873127 4013618 0.09477383 0.01873837 0.2262411
0.1475927 0.03441164 0.0002956092 4123717 0.09417086 0.02021573 0.2269829
0.1468492 0.03614836 0.001116037 4233808 0.09353907 0.02158083 0.2278012
0.1468492 0.03614836 0.001116037 4343907 0.09353907 0.02158083 0.2278012
0.1461441 0.0384308 0.002362788 4464016 0.09317163 0.02293044 0.2287295
0.1454877 0.04001247 0.003514305 4574123 0.09276701 0.02412952 0.2296234
0.1454877 0.04001247 0.003514305 4684231 0.09276701 0.02412952 0.2296234
0.1446965 0.04195607 0.005013272 4794330 0.09233421 0.025437 0.2307231
0.1437155 0.0440137 0.006134972 4914422 0.09199914 0.02664098 0.2318696
0.1437155 0.0440137 0.006134972 5034543 0.09199914 0.02664098 0.2318696
0.1424951 0.04657148 0.006960124 5134625 0.0912069 0.02803927 0.2329739
0.1420299 0.04825691 0.007527351 5244733 0.0903545 0.02967215 0.2333756
0.1420299 0.04825691 0.007527351 5344823 0.0903545 0.02967215 0.2333756
0.141076 0.05030698 0.008063376 5464935 0.08998308 0.03147975 0.2343629
0.1401285 0.05256045 0.008487448 5575018 0.08969413 0.03331272 0.2352981
0.1401285 0.05256045 0.008487448 5685122 0.08969413 0.03331272 0.2352981
0.1392965 0.05417344 0.009273201 5805242 0.08944212 0.03486808 0.2363115
0.1380873 0.05660135 0.009478867 5925335 0.08885161 0.03646838 0.237278
0.1380873 0.05660135 0.009478867 6025441 0.08885161 0.03646838 0.237278
0.1370462 0.05863748 0.01031591 6135536 0.08843255 0.03789449 0.2383685
0.1358731 0.06052163 0.0106792 6255633 0.0878401 0.03929607 0.2394052
0.1347181 0.06250543 0.01116548 6365744 0.08739346 0.0407881 0.2404998
0.1347181 0.06250543 0.01116548 6475827 0.08739346 0.0407881 0.2404998
0.1333638 0.06468075 0.01133937 6595960 0.08700377 0.04228085 0.2416618
0.130046 0.06770407 0.007051766 6706055 0.08484464 0.04338389 0.242381
0.130046 0.06770407 0.007051766 6816143 0.08484464 0.04338389 0.242381
0.1287653 0.06968949 0.007001534 6956277 0.08431406 0.04466438 0.2432902
0.1252087 0.07313263 0.002770275 7036341 0.08207852 0.04574342 0.2438313
0.1252087 0.07313263 0.002770275 7146441 0.08207852 0.04574342 0.2438313
0.1242419 0.07511421 0.003244504 7256536 0.0816818 0.04732025 0.2447143
0.1242419 0.07511421 0.003244504 7376648 0.0816818 0.04732025 0.2447143
0.1238142 0.0764729 0.00478889 7476743 0.08181197 0.04881435 0.2457957
0.1222527 0.07893266 0.004692644 7586842 0.08124182 0.05032255 0.2468087
0.1222527 0.07893266 0.004692644 7716955 0.08124182 0.05032255 0.2468087
0.1204574 0.08119775 0.003896207 7817042 0.08027788 0.05176743 0.2476554
0.1182685 0.08379199 0.002513513 7927149 0.07903394 0.05334621 0.2484483
0.1182685 0.08379199 0.002513513 8057279 0.07903394 0.05334621 0.2484483
0.1163557 0.08623246 0.001633719 8157365 0.07797842 0.05485431 0.2492405
0.1146627 0.08832689 0.0008806437 8267452 0.07677088 0.05634458 0.2499217
0.1129455 0.09048969 0.0002430528 8377560 0.07542733 0.05775281 0.2505901
0.1129455 0.09048969 0.0002430528 8487659 0.07542733 0.05775281 0.2505901
0.1121875 0.09238231 0.001174554 8607772 0.07468727 0.05924129 0.2513891
0.1102446 0.09487007 0.0004357398 8707846 0.07316879 0.06052417 0.2520215
0.1102446 0.09487007 0.0004357398 8817961 0.07316879 0.06052417 0.2520215
0.1087527 0.09682082 0.0001986027 8938057 0.07167783 0.06196821 0.2526807
0.1061703 0.09939226 -0.001557708 9048157 0.06958056 0.06313785 0.2531207
0.1061703 0.09939226 -0.001557708 9178274 0.06958056 0.06313785 0.2531207
0.1045192 0.1015371 -0.001601934 9268356 0.06796422 0.06453434 0.2538693
0.1030356 0.1037344 -0.001178667 9378455 0.06647942 0.06596342 0.2547138
0.1030356 0.1037344 -0.001178667 9488562 0.06647942 0.06596342 0.2547138
0.101329 0.1058343 -0.00112097 9618672 0.06489033 0.06729767 0.2555212
0.09973454 0.1078955 -0.0009630173 9718758 0.06342567 0.06879812 0.256357
0.09973454 0.1078955 -0.0009630173 9828857 0.06342567 0.06879812 0.256357
0.09818422 0.1098667 -0.001076907 9958991 0.06218095 0.07038675 0.2571172
0.09662245 0.1118249 -0.001225516 10059081 0.06101831 0.07196009 0.2578743
0.09662245 0.1118249 -0.001225516 10169160 0.06101831 0.07196009 0.2578743
0.09523419 0.1134842 -0.001177579 10299290 0.0597768 0.07338492 0.2586091
0.09377389 0.1151485 -0.001160935 10389367 0.0584469 0.07475132 0.2593357
0.09377389 0.1151485 -0.001160935 10499467 0.0584469 0.07475132 0.2593357
0.09209664 0.1165582 -0.001733154 10609566 0.05688934 0.07564115 0.2598132
0.09056395 0.1181179 -0.001486316 10739695 0.05547802 0.07678376 0.2606263
0.09056395 0.1181179 -0.001486316 10829756 0.05547802 0.07678376 0.2606263
0.08921029 0.1196135 -0.001265407 10949869 0.05407951 0.07798522 0.2613247
0.08764698 0.1213811 -0.001109079 11069973 0.05277922 0.07920779 0.2620786
0.08764698 0.1213811 -0.001109079 11180097 0.05277922 0.07920779 0.2620786
0.08637665 0.1226033 -0.0009184182 11290176 0.05158258 0.08047701 0.2628332
0.08497185 0.1240291 -0.0006171614 11430307 0.05032392 0.08189052 0.2636979
0.08360128 0.1251563 -0.0002833605 11510383 0.04907392 0.08322952 0.2646181
0.08360128 0.1251563 -0.0002833605 11620482 0.04907392 0.08322952 0.2646181
0.08203609 0.1263751 0.0001095533 11750592 0.04784925 0.08429368 0.2655877
0.08203609 0.1263751 0.0001095533 11840677 0.04784925 0.08429368 0.2655877
0.08074569 0.1272665 0.0006296486 11960785 0.04669459 0.08518066 0.2664807
0.07944313 0.1281002 0.0008413047 12070889 0.04556265 0.08604147 0.2672418
0.07944313 0.1281002 0.0008413047 12190989 0.04556265 0.08604147 0.2672418
0.07802491 0.1290193 0.001018852 12291083 0.04446137 0.08686955 0.268028
0.0767579 0.1297958 0.001214698 12411188 0.0434068 0.08772299 0.2687765
0.0767579 0.1297958 0.001214698 12541305 0.0434068 0.08772299 0.2687765
0.07538547 0.1305277 0.001290917 12631399 0.04229335 0.08852224 0.2695142
0.07390686 0.1313463 0.001365155 12741502 0.04113591 0.08918267 0.2702293
0.07390686 0.1313463 0.001365155 12861606 0.04113591 0.08918267 0.2702293
0.07264706 0.13201 0.001599908 12971706 0.03994144 0.08971509 0.2708691
0.07126322 0.1327404 0.001707986 13071800 0.03861235 0.09029245 0.2714809
0.07126322 0.1327404 0.001707986 13181899 0.03861235 0.09029245 0.2714809
0.06984931 0.1334356 0.001567185 13312090 0.03735184 0.09097181 0.2720383
0.06821115 0.1342942 0.001311928 13412095 0.03610357 0.09168732 0.2726294
0.06821115 0.1342942 0.001311928 13522198 0.03610357 0.09168732 0.2726294
0.06667246 0.1350203 0.001122862 13632298 0.03485061 0.09224597 0.2731659
0.06502366 0.1358133 0.0008530468 13742389 0.03340498 0.09281474 0.2736506
0.06502366 0.1358133 0.0008530468 13862505 0.03340498 0.09281474 0.2736506
0.06345602 0.1367318 0.0005659163 13962604 0.03203234 0.09339733 0.2740386
0.0617389 0.1376359 8.708239E-05 14092705 0.03049785 0.093923 0.2743465
0.0617389 0.1376359 8.708239E-05 14192791 0.03049785 0.093923 0.2743465
0.05998224 0.1386779 -0.0002578497 14313155 0.02894835 0.09452178 0.2747047
0.05824923 0.1395362 -0.0006035566 14453046 0.02736203 0.09510355 0.2750756
0.05651733 0.1404226 -0.0007662326 14543120 0.02578552 0.09568684 0.2755206
0.05651733 0.1404226 -0.0007662326 14653215 0.02578552 0.09568684 0.2755206
0.05465134 0.1412831 -0.00103499 14753309 0.02410356 0.09626405 0.2759455
0.05465134 0.1412831 -0.00103499 14863409 0.02410356 0.09626405 0.2759455
0.05264689 0.1422777 -0.001431078 14983517 0.022459 0.09692495 0.2763427
0.0506956 0.143307 -0.00172767 15093608 0.02084224 0.09766894 0.2767635
0.0506956 0.143307 -0.00172767 15203724 0.02084224 0.09766894 0.2767635
0.04878555 0.1443045 -0.001962423 15323828 0.01921865 0.0984247 0.277187
0.04663728 0.1454058 -0.002315417 15443929 0.01751977 0.09917796 0.2775857
0.04455105 0.1464023 -0.002592087 15574042 0.01580221 0.09993051 0.2779986
0.04455105 0.1464023 -0.002592087 15654284 0.01580221 0.09993051 0.2779986
0.04246965 0.1473841 -0.002835557 15764388 0.01408388 0.1006472 0.2783934
0.04040288 0.1482855 -0.003171936 15884322 0.01241235 0.1013424 0.2787268
0.04040288 0.1482855 -0.003171936 15994433 0.01241235 0.1013424 0.2787268
0.03845402 0.1490601 -0.003535077 16094512 0.01083051 0.1019095 0.2789812
0.03635994 0.1498934 -0.003958091 16224629 0.009190431 0.1024145 0.2791824
0.03635994 0.1498934 -0.003958091 16364768 0.009190431 0.1024145 0.2791824
0.0343975 0.150644 -0.004347786 16454841 0.007576711 0.1028844 0.2793411
0.03227956 0.1513157 -0.004760399 16665030 0.00594533 0.1033304 0.279532
0.03037916 0.1518332 -0.005035982 16805161 0.004317861 0.1036986 0.2797214
0.02817432 0.152416 -0.005477816 17025372 0.002580914 0.1040263 0.2798352
0.02623991 0.1530347 -0.005775809 17255572 0.0009586494 0.1042747 0.2799005
0.0241904 0.1536327 -0.006032556 17485783 -0.0007759163 0.1045081 0.2799856
0.0198848 0.1546504 -0.006701916 17705970 -0.00432498 0.1049455 0.280065
0.01764991 0.1551192 -0.006940261 17936182 -0.006132039 0.1051773 0.2801544
0.01351874 0.1554782 -0.007493496 18146509 -0.009534795 0.1053077 0.2802082
0.01139203 0.1554165 -0.007704243 18386742 -0.01125657 0.1052121 0.2802684
0.009365049 0.1553863 -0.00780718 18616816 -0.01301185 0.1050674 0.2803196
0.005432815 0.1550226 -0.007864207 18816972 -0.01662572 0.1044294 0.2803861
0.003455544 0.1548878 -0.007704049 19047196 -0.0185836 0.104174 0.2804942
0.001375645 0.154728 -0.007553324 19297410 -0.02049799 0.1040152 0.2806349
-0.003126303 0.1546806 -0.007429242 19487578 -0.02429508 0.1041521 0.2808314
-0.005371565 0.1546689 -0.007451117 19707789 -0.02614361 0.1042401 0.2808347
-0.007664893 0.1546682 -0.007511705 19978036 -0.02801392 0.1043752 0.2807924
-0.01237742 0.1548648 -0.007389784 20158183 -0.03180918 0.1045898 0.2806968
-0.0145917 0.1548148 -0.00730373 20388395 -0.03366258 0.1046422 0.2806402
-0.01702528 0.1547449 -0.007134467 20618594 -0.03555638 0.1048086 0.2806539
-0.02155209 0.154466 -0.006684899 20838805 -0.03918331 0.1052459 0.2807418
-0.02386324 0.1541528 -0.006472975 21079018 -0.04103214 0.105335 0.2807331
-0.02592993 0.1539152 -0.006183103 21289203 -0.04280664 0.1053526 0.2807173
-0.03037559 0.1531509 -0.005380988 21509398 -0.04647578 0.10529 0.2807789
-0.03248755 0.1527074 -0.004954994 21729597 -0.04816996 0.105265 0.2808264
-0.03447365 0.1520807 -0.004542187 21959991 -0.04993596 0.1052161 0.2808873
-0.03861672 0.1507891 -0.003678203 22200443 -0.05333239 0.1050609 0.2809472
-0.04056096 0.1500734 -0.0032309 22400397 -0.05500146 0.1048795 0.2809556
-0.04258295 0.1492108 -0.002758414 22620409 -0.05663148 0.1046735 0.2809858
-0.04624415 0.1473952 -0.001964197 22840612 -0.05976366 0.1040997 0.2809222
-0.04827302 0.1463628 -0.001509264 23080816 -0.06137722 0.1037864 0.2808807
-0.05004925 0.1453782 -0.001122981 23321045 -0.06287519 0.1034369 0.2808052
-0.05374911 0.1431277 -0.000381276 23521222 -0.06584605 0.1026153 0.2805799
-0.05570378 0.1417937 -3.428757E-05 23741412 -0.0672768 0.1021005 0.2804222
-0.05750437 0.1405401 0.0003320873 23961619 -0.06873687 0.1015596 0.2802593
-0.0607175 0.1380319 0.0008611381 24181814 -0.0715812 0.1002881 0.2797929
-0.06221734 0.1367855 0.001165092 24432052 -0.07287875 0.09959952 0.2795882
-0.06537324 0.1341863 0.001860932 24642229 -0.07554941 0.09820338 0.2791592
-0.06671267 0.133038 0.002196193 24852419 -0.07679047 0.09748878 0.2789546
-0.06832471 0.1318029 0.00241363 25072622 -0.07807672 0.0967776 0.2785775
-0.06974673 0.1308975 0.002629951 25302870 -0.07930511 0.09618767 0.2781992
-0.0728788 0.1290533 0.003007621 25553347 -0.08156238 0.09531715 0.2773552
-0.07449647 0.1281316 0.00321798 25763241 -0.08269379 0.09504465 0.2769423
-0.0778382 0.1263251 0.003586426 25993461 -0.08496463 0.0946432 0.2759983
-0.07965528 0.1253978 0.003882274 26193642 -0.08609325 0.09443457 0.2755095
-0.08119377 0.1245 0.004155636 26433850 -0.08712717 0.09413957 0.2750855
-0.08388359 0.1226252 0.004693389 26664362 -0.08906573 0.09332963 0.2743392
-0.08503927 0.1216603 0.004910067 26864243 -0.09002976 0.09277839 0.2739759
-0.08625294 0.1206734 0.00517495 27104451 -0.0909363 0.0922345 0.2736167
-0.08844978 0.1185067 0.005653307 27304640 -0.09261944 0.09096875 0.2729619
-0.08970823 0.1173374 0.006007954 27544849 -0.09348524 0.09019063 0.2726003
-0.09069456 0.1163149 0.006169543 27795083 -0.09426688 0.08946523 0.2722239
-0.09266835 0.1140698 0.006379098 27985250 -0.09552408 0.08824069 0.27148
-0.0938984 0.1127851 0.006599873 28215470 -0.09612463 0.08753781 0.2710539
-0.09478183 0.1119128 0.006732345 28456039 -0.09671339 0.08681554 0.2706595
-0.09702221 0.1097955 0.007050693 28655864 -0.09801527 0.08524158 0.2696613
-0.09802472 0.1086445 0.007064506 28886059 -0.09852748 0.08448947 0.2691528
-0.09901547 0.1075578 0.007071853 29116271 -0.0990408 0.08391411 0.2686616
-0.1011203 0.105597 0.007363364 29326461 -0.1000024 0.08282778 0.2677299
-0.1017027 0.1049714 0.007360011 29556660 -0.1004703 0.08214649 0.2673496
-0.1026821 0.1037462 0.007464334 29796901 -0.101026 0.08140616 0.2668965
-0.1042068 0.1016506 0.007327467 30007083 -0.1019218 0.08015382 0.2659962
-0.1050183 0.1004612 0.007326782 30227269 -0.1023924 0.0796169 0.2655945
-0.1062229 0.09936751 0.007751182 30477495 -0.103028 0.07904682 0.2651801
-0.1081819 0.09621964 0.007556528 30687681 -0.103923 0.07649492 0.2638676
-0.109455 0.09493046 0.007630736 30907880 -0.1044106 0.0751966 0.2630558
-0.1102817 0.0936083 0.007557899 31138108 -0.105116 0.07372266 0.2624269
-0.1126241 0.09000015 0.007414132 31348293 -0.1061411 0.07113838 0.260905
-0.1141681 0.08789796 0.007633954 31588494 -0.1068161 0.06974324 0.2600826
-0.1162903 0.08505259 0.007491931 31838898 -0.1079838 0.06672954 0.2584664
-0.1179684 0.08323666 0.007686436 32008885 -0.1086657 0.06549881 0.2574682
-0.1193627 0.08160239 0.007736251 32269112 -0.1092293 0.06448334 0.2565744
-0.1205967 0.07915884 0.006890431 32469301 -0.1108732 0.06242624 0.2552343
-0.1218091 0.07755558 0.007079124 32689504 -0.1115304 0.0614601 0.25455
-0.1224813 0.07642323 0.00691466 32949738 -0.1120628 0.06043775 0.2539711
-0.1240616 0.07365859 0.00652568 33129897 -0.1125331 0.05813843 0.2526131
-0.1249843 0.07206301 0.006472871 33380139 -0.1129189 0.05695931 0.251942
-0.1255483 0.07062612 0.006267682 33580291 -0.1134859 0.05583319 0.2514407
-0.126024 0.0692469 0.005724594 33810661 -0.1137001 0.05459803 0.2507693
-0.1272987 0.06633389 0.005062595 34030702 -0.1141552 0.05172936 0.2494058
-0.1278795 0.06467877 0.004573777 34270919 -0.1142469 0.05024882 0.2486858
-0.129536 0.06133699 0.004295453 34501430 -0.1146262 0.04752005 0.2473161
-0.1302849 0.05962042 0.004141659 34691306 -0.1147541 0.04607344 0.2466735
-0.13099 0.05818972 0.003988445 34921510 -0.1148579 0.04475775 0.2460451
-0.1312309 0.05680989 0.003451616 35141721 -0.1151308 0.04337351 0.2455429
-0.1324777 0.05382664 0.002931505 35381929 -0.1151938 0.04076714 0.244295
-0.1325954 0.05277561 0.002492249 35632147 -0.1155747 0.03960296 0.2439388
-0.1337378 0.04999887 0.002170324 35842499 -0.1156053 0.03705225 0.2428732
-0.134258 0.04893686 0.001895413 36052891 -0.1157192 0.03587541 0.2422915
-0.1351311 0.04751088 0.001786605 36282738 -0.1157473 0.03467723 0.2415583
-0.1364341 0.04545419 0.000824362 36502945 -0.1160476 0.03273743 0.2399776
-0.1373397 0.04445382 0.0006593168 36753171 -0.1161591 0.0319178 0.2391791
-0.1382198 0.04318859 0.0002253354 36933321 -0.1162268 0.03096158 0.2382531
-0.1400409 0.04133539 -0.0002088845 37153520 -0.1163275 0.02951744 0.2365766
-0.1409675 0.04021344 -0.0003867447 37413751 -0.1162969 0.02878894 0.2357552
-0.1416262 0.03932649 -0.0006823391 37603943 -0.1162383 0.0280304 0.2350615
-0.1425064 0.03741307 -0.001479551 37824137 -0.1161657 0.02612839 0.2338999
-0.1429133 0.03646993 -0.001889229 38074359 -0.1159474 0.02521734 0.2333359
-0.1431184 0.03521893 -0.002477035 38274527 -0.1158551 0.02416098 0.2328554
-0.1439009 0.03323346 -0.002939165 38535074 -0.1155204 0.02212213 0.2319466
-0.1443717 0.03165234 -0.00323993 38755123 -0.1152791 0.02104551 0.2314235
-0.1444703 0.03066609 -0.003651947 38945137 -0.1154153 0.02004436 0.2311227
-0.1454118 0.02773024 -0.004025906 39185366 -0.115127 0.01782086 0.2301856
-0.145509 0.02666399 -0.004428118 39395555 -0.115245 0.01687328 0.2299002
-0.1458521 0.02506606 -0.004621938 39625759 -0.1152518 0.0157607 0.2295446
-0.146443 0.0226105 -0.004566044 39855975 -0.1152094 0.01411409 0.2291349
-0.1462366 0.02117229 -0.004985809 40086175 -0.1153328 0.01306611 0.2291
-0.146676 0.01881515 -0.004737988 40316374 -0.1153318 0.0109199 0.2288841
-0.1467744 0.01709603 -0.00496681 40506546 -0.1153057 0.009504818 0.2286923
-0.1470983 0.01565148 -0.004875541 40746779 -0.1153142 0.008188438 0.228482
-0.147469 0.01386676 -0.004889995 41006993 -0.115303 0.006862581 0.2281902
-0.148885 0.01024281 -0.00407362 41197319 -0.1154844 0.004375082 0.227506
-0.1493456 0.008674493 -0.003884822 41427377 -0.11566 0.003180812 0.2272427
-0.1501571 0.005298258 -0.003425613 41627574 -0.1158366 0.0007423272 0.2268372
-0.150544 0.003730105 -0.003099784 41857765 -0.1160432 -0.0002955821 0.2267034
-0.1507762 0.001419746 -0.003189996 42067951 -0.1159368 -0.001378096 0.226482
-0.150903 0.0001960274 -0.002842769 42298163 -0.116128 -0.002401569 0.226565
-0.1506727 -0.002779063 -0.002666622 42538537 -0.116331 -0.004640261 0.2268738
-0.1505213 -0.004406885 -0.002413258 42878686 -0.1164189 -0.005865149 0.2271411
-0.1499868 -0.007752113 -0.001747757 43078867 -0.116568 -0.008190016 0.2279513
-0.149259 -0.009428356 -0.001894146 43359136 -0.1164986 -0.00950434 0.2284927
-0.1483417 -0.0129626 -0.001736119 43539279 -0.1163159 -0.01205949 0.2293387
-0.1474567 -0.01471856 -0.002078712 43759481 -0.1165114 -0.01346696 0.2299127
-0.1470702 -0.0162651 -0.001842782 44010039 -0.116461 -0.01456291 0.230355
-0.1464453 -0.019326 -0.001183018 44200065 -0.1168203 -0.01696319 0.2312422
-0.1463168 -0.0207551 -0.0008388609 44450105 -0.1169087 -0.01793344 0.2315315
-0.145731 -0.02370307 -0.0005871952 44650285 -0.1174195 -0.01981223 0.2321606
-0.1452925 -0.02490687 -0.0005850792 44880489 -0.1175504 -0.02066202 0.2325244
-0.1450942 -0.02670453 -0.0004495084 45090679 -0.1176908 -0.02174421 0.2327476
-0.1450228 -0.02840171 -8.621812E-05 45330903 -0.1178537 -0.02285165 0.2329911
-0.1442305 -0.03174977 -1.741946E-05 45541263 -0.1180629 -0.0252789 0.2336589
-0.1438561 -0.03324981 0.0001902431 45771301 -0.1180391 -0.02644273 0.2340671
-0.1430061 -0.0365194 0.0004101545 46021519 -0.117975 -0.0287169 0.234838
-0.1426255 -0.03799877 0.0004849136 46211710 -0.1179452 -0.02962981 0.2351597
-0.1424196 -0.03991791 0.0007588565 46451915 -0.1179099 -0.03073083 0.2354283
-0.1415904 -0.04362602 0.0008218586 46662117 -0.1176673 -0.03267587 0.2360082
-0.1410816 -0.04525856 0.0008621812 46882316 -0.117507 -0.0336859 0.2363911
-0.140419 -0.04714679 0.000933215 47152539 -0.1174554 -0.03484198 0.2369073
-0.1390033 -0.05053803 0.001134455 47342865 -0.1171869 -0.03733837 0.2380783
-0.1382308 -0.05221615 0.00119181 47582932 -0.11698 -0.03862956 0.2386899
-0.1373871 -0.0541494 0.001303777 47783108 -0.1167625 -0.03998058 0.2393658
-0.1357271 -0.05794823 0.00178811 48013320 -0.1164944 -0.0428035 0.2408544
-0.1349141 -0.0605179 0.002096772 48233515 -0.116291 -0.04447714 0.2415663
-0.1334929 -0.06231123 0.001891553 48473732 -0.1159747 -0.04606849 0.2425356
-0.1313421 -0.06684667 0.002290323 48673920 -0.1155568 -0.04963118 0.2443098
-0.1303061 -0.06922052 0.002454266 48894115 -0.1152433 -0.05147931 0.2451281
-0.1293244 -0.07137953 0.002495691 49234414 -0.1148412 -0.05317593 0.2458331
-0.1275148 -0.07605758 0.002741024 49464638 -0.1139094 -0.05677486 0.2471806
-0.125666 -0.08044021 0.002979711 49694846 -0.1130921 -0.06020099 0.2485501
-0.1246683 -0.08238024 0.003024161 50035141 -0.1126793 -0.06180451 0.2492588
-0.1225075 -0.08616412 0.003136501 50245330 -0.1117005 -0.06491719 0.2507934
-0.121184 -0.08796735 0.002976209 50465533 -0.1111476 -0.06631467 0.2515832
-0.1186727 -0.09101267 0.003173232 50705762 -0.1102008 -0.06890944 0.2534142
-0.1171593 -0.09237967 0.003162339 50915940 -0.1096126 -0.07005248 0.2544301
-0.1154667 -0.09362994 0.0031434 51246234 -0.109014 -0.07110573 0.2555553
-0.1119286 -0.09560893 0.003224283 51486454 -0.1076908 -0.07303756 0.2579962
-0.1084214 -0.09767842 0.003592744 51686635 -0.1060099 -0.07480033 0.2605005
-0.1068832 -0.09857643 0.003981829 51936861 -0.1052851 -0.07569809 0.2617562
-0.1035217 -0.101016 0.004263222 52147046 -0.1036567 -0.07762776 0.263983
-0.1021577 -0.1022514 0.004596084 52367249 -0.1029962 -0.07859819 0.2650058
-0.1005531 -0.1036909 0.004658416 52717719 -0.102177 -0.07950927 0.2659289
-0.09758878 -0.1067159 0.004707366 52937764 -0.1007158 -0.08168537 0.267562
-0.0948326 -0.1097576 0.004774883 53167980 -0.09933079 -0.08409877 0.2690735
-0.09316145 -0.1113627 0.004565984 53388312 -0.09843798 -0.08522986 0.2697738
-0.09172606 -0.1124995 0.004475817 53598368 -0.09765763 -0.08620537 0.2704759
-0.08876658 -0.1152961 0.00410369 53838759 -0.09572738 -0.08798908 0.2716175
-0.08761169 -0.1167094 0.003985256 54178900 -0.09476937 -0.08888188 0.2720492
-0.08483856 -0.1195681 0.00336498 54489176 -0.09268387 -0.09071452 0.2728445
-0.08183838 -0.1226233 0.002819017 54719384 -0.09038006 -0.09241824 0.2736785
-0.08017023 -0.1241076 0.002445593 55039673 -0.08914183 -0.09328111 0.274091
-0.07735158 -0.127101 0.002090901 55289891 -0.08672073 -0.09505262 0.2749244
-0.07467296 -0.129585 0.00169833 55500230 -0.08430006 -0.0964169 0.275645
-0.07346337 -0.1306947 0.001586705 55830395 -0.08309235 -0.09703746 0.2760144
-0.069996 -0.1330543 0.001159206 56070911 -0.08074352 -0.09835082 0.2769363
-0.06790004 -0.134086 0.0008272231 56280777 -0.07941071 -0.09910125 0.277482
-0.06369577 -0.1364359 0.0003693402 56510985 -0.07672972 -0.1008561 0.278622
-0.06232565 -0.1375473 0.0004286468 56851482 -0.07556349 -0.1018241 0.2791626
-0.05831171 -0.1398588 5.297363E-05 57241689 -0.07272612 -0.1033909 0.2801259
-0.05482721 -0.1419084 -0.0002205819 57521917 -0.07020387 -0.1047311 0.2808991
-0.05186994 -0.1436647 -0.0005283952 57872209 -0.06789455 -0.1060732 0.281506
-0.04801785 -0.1456603 -0.001353145 58092416 -0.06503726 -0.1069545 0.2817194
-0.04654067 -0.1467016 -0.001609042 58412701 -0.06375577 -0.1075439 0.2818367
-0.04340916 -0.1484808 -0.002278909 58732990 -0.06132369 -0.1089096 0.2820541
-0.04007306 -0.1501615 -0.003436998 58953189 -0.05853823 -0.1097686 0.2818076
-0.03784229 -0.1519865 -0.004577577 59183570 -0.05627199 -0.1104807 0.281243
-0.03594194 -0.1532996 -0.005169377 59423613 -0.05491732 -0.1108196 0.2809245
-0.03330455 -0.155487 -0.006160602 59763940 -0.05228774 -0.1114819 0.2803889
-0.02998803 -0.157364 -0.007084057 59984305 -0.04946331 -0.1122702 0.2800401
-0.02806135 -0.1581123 -0.007570833 60204654 -0.04799114 -0.1126175 0.2798764
-0.02530021 -0.1587636 -0.008033514 60414528 -0.04612153 -0.1129738 0.2798037
-0.02376356 -0.159807 -0.008297235 60754826 -0.04459543 -0.1134278 0.2797091
-0.01903632 -0.1612812 -0.009033203 61105447 -0.04105122 -0.1140357 0.2794296
-0.01303667 -0.1639617 -0.009438783 61435433 -0.03578986 -0.1150347 0.2792347
-0.008009892 -0.1648106 -0.009609193 61775752 -0.03203636 -0.1157081 0.2792318
-0.002411237 -0.1653959 -0.009590402 62116371 -0.02800672 -0.1163268 0.2792154
0.002615426 -0.1656733 -0.009372488 62466598 -0.02417924 -0.1169887 0.2793052
0.007653404 -0.1660697 -0.009078786 62776837 -0.02017161 -0.117488 0.2792387
0.01272013 -0.1661526 -0.008652955 63106953 -0.01610781 -0.1179453 0.2791746
0.01787725 -0.1655993 -0.008097887 63447256 -0.01219533 -0.1185775 0.2791921
0.02305099 -0.1648426 -0.007449299 63777554 -0.007948283 -0.1186493 0.2790562
0.02793809 -0.164233 -0.006838009 64027772 -0.003887349 -0.1188057 0.2787729
0.0306 -0.1634963 -0.006538942 64348235 -0.001793556 -0.1187329 0.2785689
0.03564082 -0.1618886 -0.005993083 64708694 0.002253564 -0.1184148 0.278067
0.04055741 -0.1599016 -0.005532742 65019148 0.006265909 -0.1177282 0.2773955
0.0452355 -0.1573431 -0.004975453 65348968 0.01003086 -0.1166245 0.2767245
0.04948926 -0.1549837 -0.004455805 65669265 0.01366001 -0.115225 0.2759541
0.05422945 -0.1515433 -0.003553957 65999896 0.01729064 -0.113748 0.275274
0.05864861 -0.1482074 -0.002705723 66339867 0.02081292 -0.1123172 0.2745561
0.06292351 -0.1450401 -0.001927316 66680174 0.02430973 -0.1108403 0.2736939
0.06692365 -0.1419538 -0.001272187 67040641 0.02759819 -0.1091886 0.2727018
0.07058303 -0.1386262 -0.0008168519 67371389 0.03058885 -0.107143 0.2716075
0.07419325 -0.1350903 -0.0005270392 67711943 0.03359909 -0.1046846 0.2703305
0.07771174 -0.131189 -0.0001465976 68011367 0.03644146 -0.1020452 0.269087
0.08082894 -0.1279278 9.506941E-06 68241583 0.03912517 -0.09954428 0.2677944
0.08250013 -0.1260407 0.0002368242 68591907 0.0405366 -0.09822999 0.2671849
0.08541036 -0.1227419 0.00062792 68922343 0.04307128 -0.09571685 0.2660596
0.08824675 -0.1195474 0.001197457 69262516 0.04555541 -0.09338392 0.2650391
0.09201895 -0.1152104 0.001868322 69612812 0.04907516 -0.09049755 0.263682
0.09450399 -0.1125709 0.002417639 69933097 0.05136573 -0.0885057 0.2627274
0.09713127 -0.1099781 0.003190875 70293443 0.05366651 -0.08667374 0.2617522
0.09956323 -0.1072662 0.003789797 70603718 0.05593987 -0.08498921 0.2608534
0.1020628 -0.1047135 0.004578784 70934017 0.05824111 -0.08326876 0.2599204
0.103182 -0.103589 0.004870728 71264363 0.05929751 -0.0825034 0.2594641
0.1068723 -0.09867951 0.006021515 71594601 0.06258926 -0.07993235 0.2581399
0.107763 -0.09750409 0.00601387 71924907 0.06352273 -0.07894386 0.257647
0.1098355 -0.09464958 0.006311715 72295233 0.06524412 -0.07683009 0.2565518
0.112924 -0.09030309 0.006846085 72605521 0.068085 -0.07339799 0.2549668
0.1146154 -0.08820384 0.006918922 72995893 0.06972114 -0.07156651 0.2539625
0.116531 -0.08522206 0.007610664 73286139 0.07131483 -0.06981606 0.2531468
0.1182663 -0.083186 0.007593855 73616421 0.07297727 -0.06816289 0.2520522
0.1201681 -0.08053359 0.008113667 73986775 0.0744429 -0.06637008 0.2510319
0.1215492 -0.07851943 0.007685542 74297055 0.07559542 -0.06504048 0.2499605
0.1234137 -0.07598849 0.00781323 74657522 0.07677178 -0.06333015 0.2486797
0.124814 -0.07436665 0.006688401 74967969 0.07783967 -0.06192907 0.2471908
0.1262156 -0.07280699 0.005650088 75287934 0.07861798 -0.06050135 0.2456453
0.1278998 -0.0712874 0.005084515 75618248 0.07937732 -0.05885905 0.2440007
0.1291154 -0.06954177 0.004210874 75948538 0.07965597 -0.05740823 0.2425883
0.130192 -0.06825568 0.002892718 76288841 0.08007365 -0.05612276 0.2411343
0.1315251 -0.06686452 0.002116442 76659491 0.08061486 -0.05472888 0.2397015
0.1326935 -0.0656657 0.001405701 76969459 0.08101764 -0.053449 0.2384104
0.1338917 -0.06354216 0.001093075 77309774 0.08141845 -0.05250046 0.2373666
0.1350328 -0.06182504 0.0007551461 77670403 0.081825 -0.05121918 0.2362981
0.1363378 -0.05982635 0.0008536428 77990376 0.08247294 -0.04977735 0.2353189
0.1375872 -0.05760207 0.0008357912 78350710 0.08318011 -0.04880082 0.2344032
0.1388568 -0.05551367 0.0008040071 78681008 0.08378817 -0.04758521 0.2333978
0.1403287 -0.05337111 0.001229942 79001451 0.08464602 -0.04602974 0.2324132
0.1419137 -0.05070357 0.002015114 79311581 0.08580238 -0.04508643 0.2315743
0.1434642 -0.04816787 0.002220884 79682049 0.08705944 -0.04398699 0.2305406
0.1449108 -0.0458128 0.002516374 79982186 0.08818449 -0.04221505 0.2295559
0.1462522 -0.04273313 0.002914771 80322675 0.08941517 -0.04025998 0.2287432
0.1473442 -0.03946861 0.003034815 80662780 0.09033684 -0.03825039 0.2279802
0.1485342 -0.03668663 0.003612012 81003403 0.09129269 -0.03599263 0.2272617
0.1494637 -0.03448649 0.003761709 81333725 0.09222454 -0.03390477 0.2266394
0.1503925 -0.03154315 0.004320696 81673696 0.09301011 -0.03227736 0.2261147
0.1514877 -0.02882084 0.005344659 82024316 0.09404408 -0.0304191 0.225622
0.1524791 -0.0265001 0.006140515 82374685 0.09490915 -0.02825274 0.2250996
0.1532046 -0.02368885 0.006397873 82694938 0.09588349 -0.02652373 0.2246959
0.1541342 -0.0211468 0.007033035 82994893 0.09673049 -0.0244316 0.2241585
0.1549502 -0.01869808 0.007185593 83345217 0.09749935 -0.02245433 0.2235616
0.1557389 -0.01618237 0.00739792 83675523 0.09835507 -0.02069883 0.223022
0.1564927 -0.01370617 0.007631198 84036221 0.09909504 -0.01913203 0.2224784
0.1572143 -0.01125392 0.007462442 84336103 0.09968433 -0.01707971 0.2218193
0.1577627 -0.008270534 0.007170439 84686577 0.1002149 -0.0149403 0.2212667
0.1582367 -0.005403319 0.006631002 85036739 0.1006952 -0.01273548 0.2207089
0.1584442 -0.002521076 0.006251857 85357032 0.1009016 -0.01029397 0.2204089
0.1584624 4.029031E-05 0.00581412 85707336 0.101036 -0.00813407 0.2202688
0.1583356 0.002318509 0.00549306 86237823 0.1012391 -0.006462516 0.2203142
0.1577978 0.004741725 0.004973069 86578126 0.1013055 -0.00457474 0.2206825
0.1572921 0.00574574 0.00473392 86938447 0.1009408 -0.003750489 0.2210165
0.1563643 0.006695113 0.004692078 87268891 0.1004872 -0.003097051 0.2218062
0.1553047 0.007387894 0.004914477 87639092 0.1001838 -0.003125917 0.2228154
0.1539457 0.007976061 0.005127773 87939359 0.1000054 -0.00321547 0.2241543
0.1518404 0.008781095 0.005700037 88279670 0.09963755 -0.003247265 0.2262987
0.1503288 0.009740375 0.006435588 88590092 0.09948194 -0.003362907 0.2279311
0.1460357 0.0118726 0.008482099 88920232 0.09927667 -0.00366532 0.2326704
0.1379802 0.01241967 0.01054692 89250530 0.09878404 -0.003828386 0.2413069
0.1282156 0.01289386 0.02042489 89600866 0.0968063 -0.00299528 0.2552647
0.1085445 0.009300738 0.04124153 89951170 0.08878633 -0.003096997 0.2855186
0.09588318 0.002956914 0.06619784 90261442 0.08235655 -0.004736415 0.3136261
