0.1587297 0.00463186 -0.003393978 0 0.1021313 0.02079896 0.2165888
0.1587297 0.00463186 -0.003393978 100090 0.1021313 0.02079896 0.2165888
0.1585906 0.004503056 -0.002277151 210335 0.1024293 0.02105013 0.2171245
0.1584679 0.004879261 -0.001908898 350304 0.102585 0.02133194 0.2174109
0.1584679 0.004879261 -0.001908898 450698 0.102585 0.02133194 0.2174109
0.1583863 0.005284052 -0.001521438 560506 0.1026406 0.02171186 0.217637
0.1582704 0.005817104 -0.001235351 690607 0.1027115 0.02215246 0.2178717
0.1582704 0.005817104 -0.001235351 780692 0.1027115 0.02215246 0.2178717
0.1581481 0.006924774 -0.0004455149 890800 0.1028581 0.02288047 0.2183369
0.1579636 0.008055971 -0.000371933 1030930 0.1029887 0.02344028 0.2186306
0.1578651 0.00887576 -7.44462E-05 1110998 0.1030469 0.0239828 0.2188716
0.1578651 0.00887576 -7.44462E-05 1221098 0.1030469 0.0239828 0.2188716
0.1576188 0.009932945 3.094971E-05 1351211 0.1031591 0.02456728 0.2192189
0.1576188 0.009932945 3.094971E-05 1451297 0.1031591 0.02456728 0.2192189
0.1569076 0.01165441 0.0004982948 1561409 0.1030888 0.02556971 0.2201283
0.1567572 0.01331101 0.0009877086 1681501 0.1031555 0.02655545 0.2205283
0.1567572 0.01331101 0.0009877086 1791613 0.1031555 0.02655545 0.2205283
0.1564875 0.01550177 0.001740113 1901716 0.1033472 0.02772836 0.2211929
0.1556329 0.01797349 0.002166048 2011799 0.1035782 0.02885798 0.2223366
0.1556329 0.01797349 0.002166048 2121911 0.1035782 0.02885798 0.2223366
0.1550465 0.02037437 0.002840579 2242019 0.1038004 0.0299683 0.2232951
0.1537567 0.02420838 0.00298202 2342105 0.1038167 0.03157393 0.2247363
0.1537567 0.02420838 0.00298202 2462210 0.1038167 0.03157393 0.2247363
0.1527979 0.02680409 0.00408113 2572317 0.1038634 0.03293959 0.2261534
0.1512279 0.03048649 0.004563257 2682425 0.1035761 0.03475944 0.2278712
0.1512279 0.03048649 0.004563257 2802533 0.1035761 0.03475944 0.2278712
0.1494186 0.03430372 0.004934892 2912608 0.1031268 0.03680137 0.2297157
0.1475029 0.03800499 0.005660832 3012706 0.1025104 0.03892926 0.2317469
0.1475029 0.03800499 0.005660832 3142836 0.1025104 0.03892926 0.2317469
0.1454286 0.04217773 0.006212816 3242914 0.1017439 0.04126147 0.2338041
0.1432734 0.04592564 0.006929398 3353009 0.1008714 0.04349867 0.2359673
0.1432734 0.04592564 0.006929398 3463125 0.1008714 0.04349867 0.2359673
0.1405949 0.05063167 0.007616475 3583221 0.09972128 0.04622666 0.2385173
0.1378718 0.05474824 0.008167386 3693321 0.09850969 0.04868452 0.2410151
0.1378718 0.05474824 0.008167386 3803432 0.09850969 0.04868452 0.2410151
0.135429 0.05853719 0.009227991 3933550 0.0973758 0.05118671 0.243485
0.1322725 0.06241068 0.009326488 4033644 0.09621841 0.05354122 0.2461383
0.1292869 0.0664698 0.009951621 4133726 0.09489131 0.05609886 0.2487928
0.1292869 0.0664698 0.009951621 4243825 0.09489131 0.05609886 0.2487928
0.126241 0.07035349 0.01081036 4363922 0.09352642 0.05861393 0.2515816
0.126241 0.07035349 0.01081036 4474033 0.09352642 0.05861393 0.2515816
0.123123 0.07397027 0.01172335 4584124 0.09205975 0.06090942 0.2544115
0.1197918 0.0776301 0.01256582 4694220 0.09047246 0.06306557 0.2573054
0.1197918 0.0776301 0.01256582 4814357 0.09047246 0.06306557 0.2573054
0.11627 0.08128964 0.0132855 4914423 0.08887749 0.06502477 0.2602141
0.1126892 0.08465222 0.01399624 5044552 0.08714494 0.06683984 0.2631013
0.1098556 0.08635461 0.01576591 5154972 0.08587041 0.06823007 0.2661847
0.1098556 0.08635461 0.01576591 5254738 0.08587041 0.06823007 0.2661847
0.1062752 0.08925748 0.01657398 5364841 0.08406058 0.06986466 0.2690654
0.1027325 0.09204973 0.0173855 5474981 0.08194894 0.07144097 0.2718052
0.1027325 0.09204973 0.0173855 5595037 0.08194894 0.07144097 0.2718052
0.09921829 0.09476871 0.01819576 5705310 0.07966364 0.07302395 0.2744398
0.09561814 0.09720732 0.01930641 5815244 0.07743216 0.07441572 0.2772788
0.09561814 0.09720732 0.01930641 5925347 0.07743216 0.07441572 0.2772788
0.09194406 0.09946395 0.02020961 6035438 0.07511154 0.07558206 0.2799678
0.08837645 0.1015621 0.02131504 6175707 0.07286987 0.07664648 0.2826411
0.08837645 0.1015621 0.02131504 6265646 0.07286987 0.07664648 0.2826411
0.08479493 0.1034661 0.02240914 6375737 0.07059417 0.07766381 0.2852865
0.08131783 0.1051245 0.02355501 6485841 0.06824255 0.07861629 0.2878625
0.08131783 0.1051245 0.02355501 6595944 0.06824255 0.07861629 0.2878625
0.07791492 0.106753 0.02461375 6706043 0.06589056 0.07972351 0.2903259
0.07468421 0.1081647 0.02579261 6816139 0.06349508 0.08085027 0.2927552
0.07468421 0.1081647 0.02579261 6926250 0.06349508 0.08085027 0.2927552
0.07126472 0.1095492 0.02674319 7056364 0.06094799 0.081911 0.2950884
0.06795639 0.1109234 0.02774358 7156454 0.05841569 0.08297601 0.2973149
0.06795639 0.1109234 0.02774358 7296584 0.05841569 0.08297601 0.2973149
0.06449475 0.1125167 0.02886289 7386654 0.0559857 0.08393231 0.2995159
0.06102968 0.1140744 0.02997276 7506758 0.0535445 0.08488885 0.3016365
0.06102968 0.1140744 0.02997276 7626878 0.0535445 0.08488885 0.3016365
0.05782028 0.1153293 0.03091039 7716964 0.05102975 0.08595553 0.3035933
0.05483027 0.1164923 0.0319037 7827241 0.04855616 0.087073 0.3054583
0.05483027 0.1164923 0.0319037 7937337 0.04855616 0.087073 0.3054583
0.05178864 0.1176616 0.03288423 8057267 0.04596747 0.08817199 0.3072563
0.04886352 0.1186792 0.03401369 8157353 0.04343415 0.08919314 0.3090666
0.04886352 0.1186792 0.03401369 8277466 0.04343415 0.08919314 0.3090666
0.04608673 0.119642 0.03518434 8397578 0.04105381 0.09004489 0.3107376
0.04323336 0.1207152 0.03640865 8497668 0.03863989 0.09092894 0.3123633
0.04323336 0.1207152 0.03640865 8607764 0.03863989 0.09092894 0.3123633
0.04045474 0.1215446 0.03728479 8737885 0.03636734 0.09175339 0.3138106
0.03769914 0.1223372 0.03821371 8857985 0.03408785 0.09259406 0.3152432
0.03769914 0.1223372 0.03821371 8948067 0.03408785 0.09259406 0.3152432
0.03505506 0.1229249 0.03918226 9088185 0.03175737 0.09335319 0.3166694
0.03230152 0.1234477 0.04020798 9178274 0.0294121 0.09404699 0.3181195
0.03230152 0.1234477 0.04020798 9288378 0.0294121 0.09404699 0.3181195
0.02964665 0.1238469 0.04130884 9388468 0.02710818 0.09457485 0.3195147
0.02683819 0.1240367 0.04244745 9518582 0.02480866 0.09504692 0.3210244
0.02683819 0.1240367 0.04244745 9618668 0.02480866 0.09504692 0.3210244
0.02404498 0.1243431 0.0438083 9728771 0.02262335 0.09534898 0.3224356
0.02132074 0.1243041 0.0450985 9858881 0.02026062 0.09568206 0.3239468
0.01864474 0.1242044 0.04655989 9948966 0.01792489 0.09597746 0.3255043
0.01864474 0.1242044 0.04655989 10069074 0.01792489 0.09597746 0.3255043
0.015884 0.1239263 0.04794712 10199200 0.01548772 0.09628478 0.3270984
0.01325329 0.1236229 0.04947463 10299286 0.01321246 0.09649149 0.3286571
0.01325329 0.1236229 0.04947463 10399389 0.01321246 0.09649149 0.3286571
0.0105785 0.1232431 0.05104364 10519477 0.01096081 0.09645597 0.3301076
0.0105785 0.1232431 0.05104364 10629592 0.01096081 0.09645597 0.3301076
0.007985359 0.122863 0.0524818 10729678 0.008857745 0.0962551 0.3313196
0.005658449 0.1223802 0.0540818 10859784 0.00677346 0.0961422 0.3326613
0.005658449 0.1223802 0.0540818 10999910 0.00677346 0.0961422 0.3326613
0.00334546 0.1219096 0.05554813 11069977 0.004708756 0.09611288 0.3339126
0.001242874 0.1215312 0.05706647 11200253 0.002602775 0.09617344 0.3351192
-0.001203823 0.121068 0.05868672 11320203 0.0004038109 0.0960708 0.3363025
-0.001203823 0.121068 0.05868672 11410297 0.0004038109 0.0960708 0.3363025
-0.003367817 0.1204345 0.06006941 11530555 -0.001791696 0.0959734 0.3374491
-0.005413876 0.1197986 0.06124374 11630682 -0.004090349 0.09593777 0.3384892
-0.005413876 0.1197986 0.06124374 11750608 -0.004090349 0.09593777 0.3384892
-0.00773468 0.1192276 0.0625286 11860687 -0.006379107 0.09585706 0.3394405
-0.009577125 0.1185343 0.06354965 11960931 -0.00846214 0.09564392 0.3402784
-0.009577125 0.1185343 0.06354965 12100912 -0.00846214 0.09564392 0.3402784
-0.01175535 0.1178203 0.0649574 12201002 -0.01073027 0.09555022 0.3413343
-0.01390617 0.1171567 0.06624135 12311114 -0.01278988 0.0953242 0.3421485
-0.01390617 0.1171567 0.06624135 12441215 -0.01278988 0.0953242 0.3421485
-0.01588483 0.1163842 0.06715658 12531300 -0.01482255 0.09504024 0.3428084
-0.01817607 0.1156336 0.06840813 12641396 -0.01700781 0.09480421 0.3435454
-0.01817607 0.1156336 0.06840813 12751487 -0.01700781 0.09480421 0.3435454
-0.02033448 0.1148 0.06957716 12871620 -0.01916192 0.094466 0.3442263
-0.02219822 0.1139502 0.070309 12971706 -0.0212133 0.09398166 0.3446373
-0.02219822 0.1139502 0.070309 13081805 -0.0212133 0.09398166 0.3446373
-0.02404297 0.1127572 0.07140075 13201918 -0.02362696 0.09352986 0.3455612
-0.0262591 0.1118892 0.07254848 13322014 -0.0259474 0.0932366 0.3461447
-0.0262591 0.1118892 0.07254848 13432109 -0.0259474 0.0932366 0.3461447
-0.0282522 0.1110699 0.07321483 13552222 -0.02812616 0.09273544 0.3463269
-0.03031162 0.1102807 0.07422046 13652308 -0.03046227 0.09235541 0.3466826
-0.03031162 0.1102807 0.07422046 13782425 -0.03046227 0.09235541 0.3466826
-0.03228171 0.1093314 0.07469691 13872511 -0.03268618 0.09184447 0.3467944
-0.03439979 0.1084871 0.07542488 13982792 -0.03501216 0.09153548 0.3469632
-0.03439979 0.1084871 0.07542488 14112894 -0.03501216 0.09153548 0.3469632
-0.03647104 0.1076258 0.07603483 14202817 -0.03704518 0.09095612 0.3468629
-0.03803411 0.106858 0.07605028 14332922 -0.0388743 0.09059897 0.3466961
-0.03803411 0.106858 0.07605028 14443030 -0.0388743 0.09059897 0.3466961
-0.03999589 0.1060171 0.0764377 14533111 -0.04073668 0.08993545 0.346363
-0.04172809 0.1052434 0.07643376 14683234 -0.04233817 0.0894293 0.3459046
-0.04172809 0.1052434 0.07643376 14763327 -0.04233817 0.0894293 0.3459046
-0.04363124 0.1042941 0.07632324 14883581 -0.04398295 0.0887579 0.3452992
-0.04520015 0.1037865 0.07639363 15023545 -0.04535583 0.08822039 0.3446435
-0.04520015 0.1037865 0.07639363 15093609 -0.04535583 0.08822039 0.3446435
-0.04698164 0.1028957 0.07619596 15213721 -0.04682297 0.08758739 0.3439371
-0.04886269 0.1021519 0.07608125 15323828 -0.04827726 0.08704272 0.3430903
-0.04886269 0.1021519 0.07608125 15453946 -0.04827726 0.08704272 0.3430903
-0.05050022 0.1015239 0.07583196 15544015 -0.04969171 0.08646646 0.3421969
-0.05234784 0.1008539 0.07573794 15654118 -0.05132112 0.08599487 0.3413241
-0.05234784 0.1008539 0.07573794 15774231 -0.05132112 0.08599487 0.3413241
-0.05419324 0.1000847 0.07542203 15884322 -0.05308098 0.08547547 0.3403746
-0.05575294 0.09954442 0.07506785 15994425 -0.05462471 0.08493295 0.3393745
-0.05575294 0.09954442 0.07506785 16114530 -0.05462471 0.08493295 0.3393745
-0.05703513 0.09888455 0.07392916 16214636 -0.05586285 0.08417097 0.3380781
-0.05893302 0.09809791 0.07365997 16374777 -0.05746198 0.08361784 0.3369848
-0.06071673 0.09743764 0.07329103 16464846 -0.05901465 0.08307043 0.3358021
-0.06071673 0.09743764 0.07329103 16584967 -0.05901465 0.08307043 0.3358021
-0.06254078 0.09673864 0.07295951 16815154 -0.06053827 0.08251539 0.3345901
-0.06447743 0.09592776 0.07273422 17045386 -0.06213021 0.08197705 0.3334
-0.06806825 0.09465897 0.07223895 17285915 -0.0652625 0.08092634 0.3309144
-0.06999806 0.093859 0.07205838 17485954 -0.06700412 0.08042052 0.3296956
-0.07170852 0.09326171 0.07180141 17725984 -0.06857646 0.07997528 0.3284725
-0.07534722 0.09191909 0.07103939 17936186 -0.071868 0.0792121 0.3257963
-0.07695966 0.09143116 0.07067393 18156377 -0.07333866 0.0788838 0.3245028
-0.0786867 0.09079615 0.07036597 18396593 -0.07482362 0.07844666 0.3231463
-0.08210812 0.089567 0.06990741 18606783 -0.07761613 0.07762686 0.3204236
-0.08395446 0.08882274 0.06978717 18836995 -0.07900176 0.07720486 0.318997
-0.08570057 0.08820033 0.06952365 19057189 -0.08032474 0.07688157 0.3175367
-0.0891088 0.08698376 0.06855412 19277384 -0.0831093 0.07627478 0.3144832
-0.09082355 0.08638921 0.06824692 19517597 -0.08447227 0.07584731 0.3129322
-0.09261751 0.08567544 0.0678584 19717802 -0.08585633 0.07547846 0.3113259
-0.09604952 0.08445516 0.06685126 19947989 -0.08839223 0.07480314 0.3079797
-0.09775955 0.08379862 0.0663114 20198219 -0.0895901 0.07440224 0.3062529
-0.1013467 0.08235458 0.06537427 20388387 -0.09213534 0.07370093 0.3027521
-0.1030372 0.08172247 0.06474143 20618594 -0.09349427 0.07331505 0.3010101
-0.1048179 0.08101309 0.0642724 20838789 -0.09486828 0.07293668 0.2992528
-0.1065567 0.08036625 0.06337672 21058996 -0.09611914 0.07257453 0.2973007
-0.1100518 0.07913705 0.06183124 21309230 -0.09841562 0.07176223 0.2933235
-0.1118458 0.07855076 0.06087777 21519407 -0.09938569 0.07134584 0.2911225
-0.1136098 0.0778444 0.05951567 21739622 -0.1002696 0.0707728 0.2887778
-0.1172676 0.07651085 0.05765562 21959797 -0.10218 0.06957904 0.2842438
-0.1191428 0.07565504 0.05649889 22200026 -0.1031908 0.06882647 0.2818808
-0.1227636 0.07392292 0.05401568 22420520 -0.1051743 0.06728759 0.2772495
-0.1247114 0.07288505 0.05325891 22620401 -0.1063694 0.06651047 0.275046
-0.1265282 0.07192554 0.05215834 22850613 -0.1072399 0.06573645 0.2727589
-0.1282835 0.07102917 0.05093259 23070807 -0.1080195 0.06497828 0.2704653
-0.1318856 0.06901634 0.04934236 23301027 -0.1093878 0.06342272 0.2660334
-0.1336421 0.06800728 0.04865424 23531219 -0.1100363 0.06259624 0.2638823
-0.1352732 0.06701869 0.04791796 23741409 -0.110541 0.0617576 0.2618205
-0.1385188 0.06497446 0.04666096 23981791 -0.1117416 0.06022374 0.2578856
-0.1401149 0.06385453 0.04599437 24211849 -0.1124533 0.05935732 0.2559824
-0.1432523 0.06161279 0.04534492 24412030 -0.1139435 0.05770055 0.2524564
-0.144789 0.06047226 0.04503623 24662244 -0.1147904 0.05686776 0.2507694
-0.146413 0.05923447 0.04480267 24872425 -0.1157059 0.05613378 0.2490394
-0.1494425 0.05687064 0.04443528 25082623 -0.1174387 0.05466858 0.2458083
-0.1508458 0.05573196 0.04406522 25332845 -0.118234 0.05392352 0.2442528
-0.1522909 0.05444193 0.04419523 25533025 -0.1190123 0.05308477 0.242753
-0.154849 0.05211699 0.04430023 25753232 -0.1202173 0.05158082 0.2399867
-0.1563274 0.05075805 0.04488884 26013459 -0.1212535 0.05082086 0.2386069
-0.157585 0.04948914 0.04498471 26213644 -0.1220807 0.05002669 0.2373237
-0.1600137 0.04665607 0.04536137 26433850 -0.1237657 0.04816286 0.2348981
-0.1610585 0.04529586 0.04563771 26654049 -0.1244686 0.04718057 0.2338525
-0.1621265 0.04360621 0.04564123 26904267 -0.1250713 0.04606787 0.2327103
-0.164045 0.04067992 0.0459787 27124490 -0.1262138 0.04385952 0.2306804
-0.1648675 0.03919646 0.04601766 27324662 -0.1266711 0.04268543 0.2297779
-0.1658228 0.03750519 0.04627776 27574884 -0.1271555 0.04144422 0.2287397
-0.1675776 0.03406425 0.04685001 27765044 -0.1282119 0.03885595 0.2268832
-0.1683226 0.03225271 0.04667401 28015265 -0.1287127 0.03739516 0.2260538
-0.169082 0.03053991 0.04677136 28255490 -0.129313 0.03595165 0.2252657
-0.1705422 0.02692241 0.04715811 28445840 -0.130661 0.03285018 0.2238294
-0.17113 0.02500344 0.04681449 28685871 -0.1310095 0.03116874 0.2231173
-0.1718092 0.02296757 0.04664886 28896068 -0.131416 0.02949289 0.2223169
-0.1730347 0.01966104 0.04689237 29116616 -0.1321528 0.02638034 0.2209192
-0.1737322 0.01757965 0.0465084 29336644 -0.1321276 0.02458814 0.219899
-0.1744832 0.01515298 0.04571345 29576828 -0.1319652 0.02264038 0.2187058
-0.1758229 0.01035752 0.04377359 29786868 -0.1308914 0.01880399 0.2162261
-0.176416 0.007927844 0.04264866 30017072 -0.1302608 0.01679758 0.2150432
-0.1768862 0.005550277 0.04177426 30237267 -0.1295929 0.01481596 0.2140353
-0.1776193 0.0007012341 0.04009011 30467495 -0.1284793 0.01079539 0.2123744
-0.1779704 -0.001564372 0.03932257 30677668 -0.1279782 0.008943954 0.21159
-0.1782262 -0.004012402 0.03889953 30907892 -0.1275738 0.007026114 0.2109733
-0.1786074 -0.008807968 0.03777444 31128078 -0.1264708 0.00318531 0.2097811
-0.1787025 -0.01118947 0.03740939 31358282 -0.1259601 0.001211204 0.2093371
-0.178638 -0.01615411 0.03648473 31598511 -0.1249765 -0.002738318 0.2087422
-0.1785067 -0.01863623 0.03609727 31808701 -0.124462 -0.004703245 0.2085581
-0.1782605 -0.02114245 0.03599203 32058923 -0.1240114 -0.006735286 0.2085571
-0.1774887 -0.026369 0.03538084 32249098 -0.1230536 -0.01100596 0.2088532
-0.1770737 -0.0292198 0.03508063 32469297 -0.1228264 -0.01320215 0.2090832
-0.1765495 -0.03181995 0.03485672 32719960 -0.1225057 -0.01543303 0.2094724
-0.1754749 -0.03736967 0.03392194 32919703 -0.1219004 -0.01997777 0.2101948
-0.1748428 -0.04000374 0.03347138 33139894 -0.1213157 -0.02220162 0.2105858
-0.1742705 -0.04282359 0.03286286 33370102 -0.1208419 -0.02444204 0.2108845
-0.1729385 -0.04840873 0.03149356 33580308 -0.11959 -0.02876564 0.2115571
-0.172206 -0.05114546 0.03068955 33830862 -0.118889 -0.03084072 0.2119272
-0.1714228 -0.05412308 0.02968657 34040727 -0.1182557 -0.03293379 0.212303
-0.1697191 -0.05959564 0.02801648 34270927 -0.1168065 -0.0369571 0.2132364
-0.1687378 -0.06239196 0.02674159 34481112 -0.1159605 -0.03881176 0.2137241
-0.1677507 -0.06490628 0.0255965 34711308 -0.1149523 -0.04058786 0.2142206
-0.1655057 -0.07071653 0.02271344 34941528 -0.1128506 -0.04403372 0.2151546
-0.1643305 -0.07291175 0.02156338 35151714 -0.1115283 -0.04557975 0.2157666
-0.1629965 -0.07590438 0.01983759 35402081 -0.1102845 -0.04714056 0.2162755
-0.1602957 -0.08093078 0.01674207 35622150 -0.1075811 -0.0498714 0.2174163
-0.1587863 -0.08333127 0.01504663 35822319 -0.1061722 -0.05109926 0.2180943
-0.1570748 -0.08654595 0.01270202 36062673 -0.104806 -0.05228611 0.2186175
-0.1535938 -0.09164727 0.008740947 36262716 -0.1015929 -0.05448826 0.2199298
-0.1516502 -0.09428307 0.006581441 36503083 -0.09977977 -0.05554469 0.2206114
-0.149581 -0.09709711 0.004355431 36753321 -0.09779883 -0.05659195 0.2212544
-0.1447374 -0.1032222 -0.0005225837 36943326 -0.09329513 -0.05870779 0.2226922
-0.1424164 -0.1058023 -0.00254868 37163521 -0.09101011 -0.05964144 0.223408
-0.139805 -0.1087036 -0.004762843 37383736 -0.08846651 -0.06054242 0.2241194
-0.1340829 -0.11481 -0.009355947 37603922 -0.08344899 -0.06227549 0.2256241
-0.1310116 -0.1178449 -0.0116183 37864153 -0.08099792 -0.0630575 0.2264275
-0.124897 -0.1236365 -0.01579784 38054475 -0.0764005 -0.06442375 0.2279196
-0.1214002 -0.126472 -0.01815076 38274540 -0.07391925 -0.06486519 0.2286876
-0.117993 -0.1293394 -0.02011435 38504731 -0.07134496 -0.06537636 0.2294014
-0.1145742 -0.1317438 -0.02198754 38754973 -0.06872304 -0.06582804 0.2301737
-0.1076262 -0.1362078 -0.02552283 38975172 -0.06345658 -0.06642982 0.2315832
-0.1035273 -0.138605 -0.02737837 39185540 -0.06057741 -0.06664368 0.2323828
-0.09916287 -0.1409111 -0.02923235 39425866 -0.05767517 -0.06670412 0.2331828
-0.09045316 -0.1445135 -0.03221662 39625893 -0.05226531 -0.06655879 0.2349191
-0.08577328 -0.1460732 -0.03370377 39855955 -0.04955958 -0.06633408 0.2357723
-0.0814063 -0.1473489 -0.03479149 40096176 -0.04708927 -0.06612821 0.2366369
-0.07179395 -0.1500462 -0.03691486 40296356 -0.04194956 -0.06543776 0.2382393
-0.06694751 -0.1505356 -0.03782351 40526556 -0.03946714 -0.06488712 0.2390975
-0.05735216 -0.1522394 -0.03910647 40746868 -0.03548361 -0.06391784 0.2405649
-0.05193271 -0.1531006 -0.03973722 40966953 -0.033502 -0.0633411 0.2412318
-0.04657438 -0.1535661 -0.04036029 41217175 -0.03150498 -0.06269141 0.2417935
-0.03654751 -0.1528678 -0.04102597 41427377 -0.02710088 -0.06133135 0.2430671
-0.03134044 -0.1520941 -0.04126207 41637571 -0.02474328 -0.06058319 0.2436773
-0.02647135 -0.1511815 -0.04141213 41857769 -0.02233945 -0.05980714 0.244188
-0.02154353 -0.1505214 -0.04147142 42088273 -0.02003275 -0.05896218 0.2445367
-0.01156718 -0.1486136 -0.04140267 42338203 -0.01541912 -0.05715891 0.2450915
-0.006430919 -0.147096 -0.0412916 42538375 -0.01310172 -0.05613895 0.2453327
0.003934745 -0.1437186 -0.04064556 42768587 -0.008221766 -0.05426796 0.2458391
0.009028186 -0.1415394 -0.04020878 42988932 -0.005635014 -0.05338557 0.2461373
0.01431754 -0.1392515 -0.03951729 43198972 -0.003069898 -0.05248149 0.2464554
0.02403005 -0.1345601 -0.03802504 43449351 0.001780518 -0.05059751 0.2468615
0.02869699 -0.1318495 -0.03726496 43649390 0.004033365 -0.04956659 0.2469751
0.03313991 -0.1292368 -0.03634642 43899608 0.006338962 -0.04858585 0.2471248
0.04177741 -0.1239885 -0.03454395 44089788 0.01049287 -0.04650565 0.2470373
0.04577739 -0.1212753 -0.0335845 44430095 0.01254169 -0.04533013 0.2469476
0.05287191 -0.1162333 -0.03193803 44650298 0.01659182 -0.04334672 0.2467035
0.05649243 -0.1134359 -0.03101243 44890664 0.01866618 -0.0422246 0.2465435
0.0624789 -0.1086478 -0.02965131 45100692 0.02250243 -0.04007073 0.2460305
0.06529779 -0.1058685 -0.02899918 45370940 0.0242318 -0.03881248 0.2457749
0.07048804 -0.1009882 -0.02769834 45551293 0.02758709 -0.0364203 0.2451836
0.07250952 -0.09844255 -0.0275427 45791319 0.02893597 -0.03516134 0.2447914
0.07485183 -0.0955827 -0.0270022 46021519 0.03009743 -0.03384431 0.2444492
0.07699367 -0.09337103 -0.0264526 46221708 0.03105605 -0.03262635 0.2439955
0.08110236 -0.08774177 -0.02552243 46462082 0.03266031 -0.02983852 0.2431494
0.08273803 -0.08522189 -0.02523948 46672102 0.03347028 -0.02846559 0.2427633
0.08449231 -0.08240803 -0.02483295 46902314 0.03458408 -0.02705201 0.2424975
0.08789798 -0.07651895 -0.02385479 47112511 0.03680274 -0.02420314 0.242123
0.08940989 -0.07371945 -0.02346507 47332702 0.03784538 -0.02280649 0.2419289
0.09096269 -0.07077224 -0.02289273 47582940 0.03897566 -0.02140482 0.2418512
0.09378935 -0.06468485 -0.02207217 47803467 0.04106915 -0.01835235 0.2415834
0.09532263 -0.06145993 -0.0214372 48033330 0.04203871 -0.0168105 0.2414873
0.09794718 -0.0553541 -0.02033578 48273742 0.04366609 -0.01344939 0.2412189
0.0993283 -0.05221672 -0.01954646 48464043 0.04449457 -0.01170655 0.2411529
0.1004261 -0.04885929 -0.01900728 48703952 0.04527071 -0.01001449 0.2411837
0.1027027 -0.04230579 -0.01769269 48904124 0.0470925 -0.006447753 0.2412715
0.1040577 -0.03894455 -0.01665294 49144673 0.048111 -0.00471302 0.2414004
0.1050733 -0.03566473 -0.01589829 49354518 0.04891676 -0.002984605 0.2415366
0.1061588 -0.03284532 -0.01488602 49584738 0.04983652 -0.001321278 0.2417042
0.1081679 -0.02737605 -0.0129994 49814934 0.05182886 0.001850524 0.2420978
0.1093046 -0.02470485 -0.01199089 50035149 0.05265251 0.003461518 0.2421372
0.1113642 -0.0201361 -0.01008275 50245339 0.0541172 0.006387629 0.2421496
0.1124448 -0.01761959 -0.009151354 50496030 0.05485547 0.007813373 0.2421279
0.1136463 -0.01566874 -0.008415699 50695729 0.05570692 0.009002605 0.2418673
0.1160493 -0.01263791 -0.007358104 50945963 0.05729991 0.01129214 0.24093
0.1173738 -0.01137862 -0.007032901 51146382 0.05816543 0.01223496 0.2402503
0.1189012 -0.01014978 -0.00657326 51396377 0.05894441 0.01322023 0.2394028
0.1218249 -0.008653983 -0.006295979 51626771 0.06048756 0.01454655 0.2374303
0.1235563 -0.008357316 -0.005774945 51806744 0.06125468 0.01508526 0.2362981
0.1249894 -0.00704782 -0.00587064 52056982 0.0619559 0.01580218 0.2352679
0.1276843 -0.005791663 -0.006006822 52257162 0.06347877 0.01653472 0.2333118
0.1288579 -0.005343233 -0.006298766 52497521 0.06408221 0.0167828 0.2323348
0.1302891 -0.004607246 -0.006132752 52737592 0.0646877 0.01709429 0.2313363
0.1330627 -0.003437306 -0.005749509 52937934 0.0654538 0.01799349 0.2291643
0.1342109 -0.002714374 -0.005903959 53158174 0.06587133 0.01821033 0.2282344
0.1354272 -0.002298885 -0.005745083 53388183 0.06631279 0.01836745 0.2273207
0.1375581 -0.0009867734 -0.005958334 53598555 0.06713003 0.01860587 0.2256396
0.1385332 -0.000100046 -0.005981296 53858737 0.06751028 0.01870397 0.2249343
0.1394738 0.0006942016 -0.006063163 54058938 0.06787714 0.01875261 0.2242264
0.1412356 0.002204304 -0.006024584 54268962 0.06843027 0.0192341 0.2228521
0.1420759 0.002682336 -0.005923778 54499169 0.06880409 0.01928893 0.2222501
0.142808 0.00308051 -0.005814999 54729567 0.06910199 0.01933197 0.2217169
0.1441725 0.004177532 -0.005482122 54979623 0.06961059 0.01944534 0.2207714
0.1448018 0.004480695 -0.005210087 55199806 0.06983209 0.01956479 0.2203283
0.1460199 0.004844856 -0.00466983 55399986 0.07023898 0.01986388 0.2194217
0.146526 0.005197554 -0.004358768 55640264 0.07048789 0.01993719 0.2191227
0.1469562 0.005542696 -0.004051745 55850543 0.07074448 0.0199993 0.2188996
0.1474103 0.005781818 -0.003861606 56090618 0.07091931 0.02003113 0.2185786
0.148496 0.005403059 -0.004417107 56280797 0.07111477 0.02027599 0.2173413
0.1494016 0.00438221 -0.004148319 56520990 0.07068503 0.02077619 0.2161332
0.1500457 0.004406959 -0.003964946 56761571 0.07016926 0.02102617 0.2152741
0.1512715 0.004190404 -0.003505096 56951386 0.07046822 0.02098826 0.2142063
0.1516328 0.00456453 -0.003134876 57191599 0.07073557 0.02118544 0.2140412
0.151873 0.003795293 -0.002705961 57541915 0.07032966 0.02143816 0.2135699
0.1534266 0.00307284 -0.003274113 57872221 0.0703797 0.02112512 0.211794
0.1543905 0.002603225 -0.002859533 58072576 0.07023349 0.02097467 0.210741
0.1548189 0.002592359 -0.002941296 58332920 0.07013171 0.02086607 0.2102414
0.1552782 0.002288763 -0.002940133 58522804 0.069916 0.0207843 0.2096259
0.1556058 0.00212181 -0.003478825 58783047 0.06911787 0.02075151 0.2088154
0.1566121 0.001678811 -0.002567381 59103336 0.06894913 0.02052418 0.207757
0.1573986 0.001460379 -0.002582222 59303513 0.0685256 0.02036563 0.206697
0.1576517 0.001626466 -0.002298608 59543912 0.06835496 0.02026168 0.2064126
0.1579862 0.001940619 -0.001626462 59763932 0.06820842 0.01995376 0.2061373
0.1578501 0.002016593 -0.001103312 59974272 0.06790736 0.01978198 0.2062262
0.1575007 0.002201306 -0.0002719462 60314417 0.06752559 0.01945809 0.2065726
0.1550909 0.002865168 0.001856908 60554634 0.06597539 0.01814059 0.2089458
0.1499617 0.004384245 0.006616145 60764836 0.06397086 0.01626936 0.2146793
