0.1506662 0.0008462094 -0.0006440133 0 0.1054419 0.03010256 0.2235702
0.1505831 0.0007579925 -0.0008556694 120093 0.105249 0.03043819 0.2234339
0.1505831 0.0007579925 -0.0008556694 230208 0.105249 0.03043819 0.2234339
0.1506486 0.000805794 -0.001008406 330286 0.1051868 0.03067524 0.2232578
0.1507426 0.0009205778 -0.00121133 450395 0.1051544 0.03074577 0.2230894
0.1507426 0.0009205778 -0.00121133 570507 0.1051544 0.03074577 0.2230894
0.1508194 0.001386143 -0.001441628 670601 0.105088 0.0307306 0.2230126
0.1508901 0.002010198 -0.001551896 790714 0.1049655 0.03072999 0.2230121
0.1508901 0.002010198 -0.001551896 890792 0.1049655 0.03072999 0.2230121
0.1508335 0.002691649 -0.001560479 1010900 0.1048364 0.03092655 0.2231383
0.1507059 0.003639978 -0.001399979 1121016 0.1047545 0.03132925 0.2234194
0.1507059 0.003639978 -0.001399979 1231099 0.1047545 0.03132925 0.2234194
0.1504465 0.004948638 -0.0008591115 1361229 0.104576 0.03184308 0.2240164
0.1498851 0.006586143 -9.293854E-05 1461307 0.1042187 0.03248004 0.2249944
0.1498851 0.006586143 -9.293854E-05 1571414 0.1042187 0.03248004 0.2249944
0.1492477 0.008927784 0.0009952784 1691531 0.1037785 0.03338515 0.2262427
0.1483768 0.01128565 0.002234936 1791625 0.1032861 0.034491 0.2277253
0.1483768 0.01128565 0.002234936 1901712 0.1032861 0.034491 0.2277253
0.1473197 0.01348659 0.003947213 2031834 0.1028937 0.03574274 0.2295574
0.1459718 0.01642739 0.005398944 2131912 0.1022504 0.0373712 0.2315696
0.1459718 0.01642739 0.005398944 2232002 0.1022504 0.0373712 0.2315696
0.1443529 0.02064946 0.006448448 2352115 0.1012447 0.03944768 0.2337102
0.1426238 0.02305538 0.008750081 2472215 0.1004153 0.04115708 0.2363506
0.1426238 0.02305538 0.008750081 2572310 0.1004153 0.04115708 0.2363506
0.1405595 0.02681234 0.01037137 2682409 0.09917156 0.04336443 0.2390469
0.1385286 0.03077126 0.01232563 2802513 0.09793131 0.04584258 0.2418528
0.1385286 0.03077126 0.01232563 2902612 0.09793131 0.04584258 0.2418528
0.1361347 0.0347252 0.0140059 3022716 0.09643213 0.04838724 0.2448265
0.1336673 0.03889008 0.01575486 3152842 0.09486831 0.05103426 0.2478928
0.1336673 0.03889008 0.01575486 3242923 0.09486831 0.05103426 0.2478928
0.1310573 0.04276374 0.0173851 3353010 0.09311324 0.05383376 0.2509654
0.128231 0.04668843 0.01896146 3473131 0.0912862 0.05674521 0.2542098
0.128231 0.04668843 0.01896146 3583230 0.0912862 0.05674521 0.2542098
0.1252049 0.05066141 0.02033603 3683312 0.08924873 0.05965909 0.2574986
0.1222252 0.05461492 0.02190536 3813426 0.08720056 0.06263368 0.2608183
0.1222252 0.05461492 0.02190536 3943559 0.08720056 0.06263368 0.2608183
0.1186112 0.0589561 0.02282876 4023627 0.0846415 0.06567681 0.2642977
0.1150978 0.06295805 0.02410021 4143724 0.08219314 0.0686138 0.2678469
0.1150978 0.06295805 0.02410021 4254155 0.08219314 0.0686138 0.2678469
0.1110178 0.06712092 0.02502391 4363926 0.07947329 0.07128827 0.2716481
0.1070972 0.07113255 0.02630223 4484031 0.07653171 0.07377209 0.2753434
0.1034221 0.07445905 0.02806817 4594142 0.07353646 0.0761691 0.2790397
0.1034221 0.07445905 0.02806817 4694228 0.07353646 0.0761691 0.2790397
0.09940121 0.07788529 0.02960069 4824342 0.07037462 0.07854301 0.282841
0.0951999 0.08126409 0.03094034 4924436 0.06706794 0.08088977 0.2866047
0.0951999 0.08126409 0.03094034 5034532 0.06706794 0.08088977 0.2866047
0.09165633 0.08357377 0.03283031 5174666 0.06386364 0.08320563 0.2901746
0.08805831 0.08568914 0.03467032 5254730 0.06053947 0.08537595 0.2937205
0.08805831 0.08568914 0.03467032 5374839 0.06053947 0.08537595 0.2937205
0.08494865 0.08768983 0.03691767 5484942 0.05710417 0.08753385 0.2969888
0.08149914 0.08946153 0.03873646 5595037 0.05357246 0.08953167 0.3003006
0.08149914 0.08946153 0.03873646 5705145 0.05357246 0.08953167 0.3003006
0.07784636 0.09128032 0.04031864 5825415 0.05005869 0.09135927 0.3036039
0.07429328 0.09299793 0.04190443 5935348 0.04654805 0.09311694 0.3067826
0.07429328 0.09299793 0.04190443 6045444 0.04654805 0.09311694 0.3067826
0.07058517 0.09474018 0.04325949 6155543 0.0429494 0.09472783 0.3098561
0.06691272 0.09634096 0.0445873 6285673 0.03925378 0.09610795 0.3127766
0.06691272 0.09634096 0.0445873 6375750 0.03925378 0.09610795 0.3127766
0.06329581 0.09772206 0.04584496 6505871 0.03558955 0.09722053 0.3155509
0.05983723 0.09887324 0.04713672 6605950 0.03203462 0.09823123 0.3182216
0.05983723 0.09887324 0.04713672 6716069 0.03203462 0.09823123 0.3182216
0.05632073 0.09982672 0.04823336 6826152 0.02850272 0.09904046 0.3207773
0.0527451 0.1007895 0.04933178 6936248 0.02497011 0.09970118 0.3232766
0.0527451 0.1007895 0.04933178 7056368 0.02497011 0.09970118 0.3232766
0.04921996 0.1014266 0.05054238 7176477 0.02132445 0.1000295 0.3257217
0.04576059 0.1019865 0.05202043 7276567 0.01763434 0.1001568 0.3281806
0.04576059 0.1019865 0.05202043 7396659 0.01763434 0.1001568 0.3281806
0.04208479 0.1024305 0.05336162 7506763 0.01380042 0.1002187 0.3306215
0.03901008 0.1023465 0.05483228 7606853 0.01031892 0.1000613 0.3328707
0.03901008 0.1023465 0.05483228 7736982 0.01031892 0.1000613 0.3328707
0.03559768 0.102374 0.05618064 7837057 0.006603524 0.1001516 0.335189
0.03219024 0.1023515 0.05744596 7947152 0.002898795 0.1002631 0.3374079
0.03219024 0.1023515 0.05744596 8057251 0.002898795 0.1002631 0.3374079
0.02887367 0.1023246 0.05880101 8177380 -0.0008879719 0.1002539 0.3394958
0.02551243 0.1023937 0.060137 8287467 -0.004674095 0.1000152 0.3414117
0.02551243 0.1023937 0.060137 8397566 -0.004674095 0.1000152 0.3414117
0.02203685 0.1025525 0.06142992 8517671 -0.008519453 0.09964501 0.3431798
0.0188408 0.1025276 0.06269355 8617781 -0.01222423 0.09920345 0.3447697
0.0188408 0.1025276 0.06269355 8727864 -0.01222423 0.09920345 0.3447697
0.01561434 0.1024162 0.0637399 8837968 -0.0157572 0.09873236 0.3462191
0.01228189 0.1024129 0.0644985 8948067 -0.01925064 0.09834506 0.3474097
0.01228189 0.1024129 0.0644985 9058175 -0.01925064 0.09834506 0.3474097
0.009094615 0.102414 0.06513311 9178287 -0.02261015 0.09796252 0.3483722
0.006116909 0.1023634 0.06578375 9298375 -0.02600373 0.09748813 0.3491411
0.006116909 0.1023634 0.06578375 9398470 -0.02600373 0.09748813 0.3491411
0.003096083 0.1022927 0.06642671 9508569 -0.02947877 0.09699741 0.3498212
0.0002131035 0.1022227 0.06712012 9618668 -0.03297431 0.09654961 0.3504112
0.0002131035 0.1022227 0.06712012 9738789 -0.03297431 0.09654961 0.3504112
-0.002846783 0.1021095 0.0676557 9848884 -0.03645169 0.09609084 0.3508895
-0.005886947 0.1019901 0.06801264 9958971 -0.03976267 0.09572197 0.3512159
-0.005886947 0.1019901 0.06801264 10089101 -0.03976267 0.09572197 0.3512159
-0.008946744 0.10176 0.06824182 10179170 -0.04284226 0.09532524 0.3514634
-0.0119605 0.1015399 0.06849284 10299287 -0.04592415 0.09489542 0.3515969
-0.0119605 0.1015399 0.06849284 10409394 -0.04592415 0.09489542 0.3515969
-0.01492581 0.1013013 0.06884475 10519623 -0.04911325 0.09434757 0.3516409
-0.01780974 0.1008807 0.06942512 10639788 -0.05241616 0.09372079 0.351805
-0.01780974 0.1008807 0.06942512 10739680 -0.05241616 0.09372079 0.351805
-0.02069581 0.1003624 0.07012859 10869797 -0.05569458 0.09309264 0.35204
-0.02356835 0.09984443 0.07083601 10969892 -0.05892126 0.0924643 0.3522022
-0.02356835 0.09984443 0.07083601 11080141 -0.05892126 0.0924643 0.3522022
-0.02644815 0.09925082 0.0716189 11200108 -0.06209911 0.09181954 0.3523833
-0.02921028 0.09865131 0.07247837 11320208 -0.06529147 0.09118571 0.3525432
-0.02921028 0.09865131 0.07247837 11420302 -0.06529147 0.09118571 0.3525432
-0.03219642 0.09769359 0.07345709 11520401 -0.06862481 0.09044131 0.3528483
-0.03478035 0.09683529 0.07450481 11650668 -0.07194176 0.08981474 0.3531441
-0.03478035 0.09683529 0.07450481 11750596 -0.07194176 0.08981474 0.3531441
-0.03729785 0.09588607 0.07572058 11860696 -0.07527225 0.08912474 0.3535368
-0.03971997 0.09472227 0.07684688 11970787 -0.07858914 0.08830062 0.3538951
-0.03971997 0.09472227 0.07684688 12090899 -0.07858914 0.08830062 0.3538951
-0.042177 0.09351053 0.07803354 12200999 -0.08175844 0.08743075 0.354268
-0.04454387 0.09227341 0.07922183 12331124 -0.08477758 0.08640148 0.3545736
-0.04678385 0.09095162 0.0803014 12421197 -0.08769915 0.08525117 0.3547889
-0.04678385 0.09095162 0.0803014 12541306 -0.08769915 0.08525117 0.3547889
-0.04903953 0.08948632 0.08137201 12651405 -0.09053039 0.08400102 0.3550017
-0.04903953 0.08948632 0.08137201 12761517 -0.09053039 0.08400102 0.3550017
-0.05108969 0.08806251 0.08227295 12871596 -0.09319627 0.08261386 0.3550385
-0.0530645 0.08668263 0.08319721 12981699 -0.09573365 0.08100458 0.3549762
-0.0530645 0.08668263 0.08319721 13101824 -0.09573365 0.08100458 0.3549762
-0.05521017 0.0852659 0.08415331 13201914 -0.09815937 0.0792443 0.3548083
-0.05723484 0.08405929 0.08506539 13322006 -0.1004295 0.07748689 0.3544913
-0.05723484 0.08405929 0.08506539 13422093 -0.1004295 0.07748689 0.3544913
-0.05905738 0.08280817 0.08572914 13542221 -0.1026279 0.07577611 0.3540831
-0.06087403 0.08156298 0.08628286 13662317 -0.1048708 0.07431012 0.3536502
-0.06248352 0.080382 0.08657321 13762412 -0.1069719 0.07307826 0.3531525
-0.06248352 0.080382 0.08657321 13892537 -0.1069719 0.07307826 0.3531525
-0.06416663 0.07923162 0.0867254 13982598 -0.1090053 0.07203191 0.3525462
-0.06416663 0.07923162 0.0867254 14122733 -0.1090053 0.07203191 0.3525462
-0.06578478 0.0780345 0.0867406 14202797 -0.1109561 0.0709594 0.3518635
-0.06732886 0.07700325 0.08662385 14322910 -0.1129167 0.06986927 0.3509847
-0.06732886 0.07700325 0.08662385 14423000 -0.1129167 0.06986927 0.3509847
-0.06872642 0.07604419 0.08641076 14543116 -0.1146608 0.06881415 0.350078
-0.07014064 0.07497329 0.0860007 14673242 -0.1162642 0.06762794 0.3490198
-0.07152694 0.07394678 0.08539183 14803351 -0.1177652 0.06643483 0.3477858
-0.07152694 0.07394678 0.08539183 14883411 -0.1177652 0.06643483 0.3477858
-0.07291089 0.07284829 0.08474751 15043722 -0.1191674 0.06522278 0.3465459
-0.07405731 0.07185694 0.08385919 15243745 -0.1203737 0.06397624 0.3451885
-0.07552803 0.07072449 0.08302952 15483957 -0.1215593 0.06255108 0.3436745
-0.07655221 0.06977784 0.08170035 15704160 -0.122464 0.06118603 0.3419852
-0.07892355 0.06767798 0.0789834 15924695 -0.1242442 0.05829022 0.33837
-0.08038233 0.06656381 0.07768992 16174605 -0.1251146 0.05698091 0.3364888
-0.08290008 0.06470303 0.07423189 16374911 -0.1265811 0.05446705 0.3321484
-0.08472971 0.06341545 0.07256515 16595284 -0.1273846 0.05316895 0.3297563
-0.08622957 0.06259125 0.07052532 16825188 -0.127838 0.05213048 0.3271781
-0.08968999 0.06052937 0.06636748 17035361 -0.1287598 0.04989962 0.3217064
-0.09115309 0.05982559 0.06410873 17296403 -0.1291232 0.04887459 0.3189055
-0.09270517 0.05894183 0.06193137 17495769 -0.1295521 0.04775417 0.3161314
-0.09588328 0.05689622 0.05763514 17715980 -0.1301578 0.04561908 0.310674
-0.09758863 0.05607959 0.05571763 17936174 -0.1305046 0.04478385 0.3079995
-0.09898993 0.05506587 0.05351317 18166382 -0.1307503 0.04371285 0.3053417
-0.1023566 0.05215566 0.04965079 18406611 -0.1312472 0.04116527 0.3001356
-0.1036585 0.05103997 0.04754168 18616789 -0.1312505 0.03991304 0.2976006
-0.1050864 0.04969109 0.04569179 18836991 -0.1312005 0.03857 0.2951987
-0.1078825 0.04712328 0.04223059 19047189 -0.1311115 0.03580918 0.290555
-0.1088875 0.04563563 0.04036205 19287402 -0.130818 0.03430899 0.2884679
-0.1101461 0.04443877 0.03895824 19507605 -0.1307207 0.03290787 0.2864678
-0.1126188 0.04148237 0.03623036 19717969 -0.1305106 0.03011914 0.282664
-0.1137372 0.04026355 0.03487474 19948326 -0.1303993 0.0289718 0.2808457
-0.1147344 0.03929272 0.0335691 20188211 -0.1302891 0.02803156 0.2791459
-0.1169144 0.0365577 0.03118084 20388387 -0.1302083 0.02579058 0.2758305
-0.117829 0.03548187 0.02981287 20628616 -0.1300271 0.02465634 0.2741452
-0.1190057 0.03433381 0.0288808 20869015 -0.1298807 0.02349463 0.2725618
-0.1213626 0.03127984 0.02680862 21058992 -0.1297941 0.02095869 0.2693163
-0.1223241 0.0300644 0.02581768 21289407 -0.1297944 0.01985658 0.2678769
-0.1232493 0.02867536 0.02462211 21529425 -0.1296946 0.01864105 0.2663375
-0.1256309 0.02560744 0.02312055 21739611 -0.1297213 0.01605383 0.2634389
-0.1265419 0.0244448 0.02228606 21979819 -0.1297021 0.01490101 0.2621358
-0.1279284 0.02271017 0.02185743 22190159 -0.1299219 0.01357092 0.2607459
-0.1298438 0.0200035 0.02042937 22410224 -0.1301355 0.01143592 0.2582671
-0.1309064 0.01840525 0.01990679 22640428 -0.1303864 0.01032822 0.2570792
-0.1316055 0.01740067 0.01917207 22860626 -0.1304224 0.009355552 0.2560205
-0.1333151 0.01459237 0.01820423 23080991 -0.1306154 0.007116112 0.2540048
-0.1342368 0.01302602 0.01784889 23311037 -0.1307292 0.005927839 0.2530253
-0.1348606 0.01163443 0.01724346 23531414 -0.1306793 0.004791263 0.2521308
-0.1364002 0.008603361 0.01640387 23751418 -0.1306705 0.0024102 0.250332
-0.1370774 0.006978138 0.01589106 23991643 -0.1305882 0.001133793 0.2494527
-0.137812 0.005705718 0.01546155 24191820 -0.1305436 2.437776E-05 0.2485647
-0.1389123 0.002521446 0.01421452 24432215 -0.1304173 -0.002213972 0.2468959
-0.1392197 0.001232103 0.01334207 24652231 -0.1301916 -0.003247519 0.2461078
-0.1403708 -0.002674218 0.01216638 24862429 -0.1298718 -0.006056756 0.2444385
-0.1411112 -0.005026109 0.01170632 25112659 -0.1297113 -0.007712954 0.2435395
-0.1416857 -0.006780126 0.01114564 25322832 -0.1294488 -0.00914008 0.2427124
-0.1426141 -0.0111821 0.009768948 25543043 -0.1288792 -0.01233397 0.2411013
-0.1430693 -0.01373523 0.009232059 25783681 -0.1286343 -0.01403151 0.2403907
-0.1432193 -0.01576144 0.008227527 26003471 -0.1281437 -0.01555195 0.2396624
-0.1436303 -0.02083569 0.006508172 26223665 -0.1274803 -0.01897055 0.2382727
-0.1441653 -0.02404744 0.006033942 26453877 -0.1271936 -0.02092689 0.2375089
-0.1442334 -0.02633881 0.005104765 26674238 -0.1265035 -0.02259894 0.2368842
-0.1441911 -0.0330233 0.003289744 26894254 -0.1252507 -0.02711574 0.235766
-0.143977 -0.03643622 0.002123863 27104464 -0.1244499 -0.02937333 0.2352037
-0.1438342 -0.03959342 0.001333714 27334656 -0.1236629 -0.03174343 0.2348144
-0.1428706 -0.04669252 -0.0007834136 27565038 -0.1219232 -0.03669995 0.2342278
-0.1425399 -0.05019993 -0.001324639 27775069 -0.1211435 -0.03916966 0.2341035
-0.1415815 -0.05434099 -0.00240767 27995264 -0.1201923 -0.0417093 0.2341119
-0.1395067 -0.06227421 -0.004237637 28215463 -0.1182542 -0.04719201 0.2344558
-0.1385912 -0.06675346 -0.004359752 28445650 -0.117521 -0.0501526 0.2349456
-0.1371336 -0.07089965 -0.005262882 28675866 -0.1166043 -0.05290489 0.2353865
-0.1346406 -0.07898339 -0.005850211 28886064 -0.1150976 -0.05820109 0.2366032
-0.1331036 -0.08285901 -0.006314769 29126447 -0.1142905 -0.06079813 0.2373104
-0.1312291 -0.08700578 -0.006713405 29356493 -0.1134474 -0.06349622 0.2382538
-0.1273757 -0.09449781 -0.006715372 29566670 -0.1120559 -0.06847631 0.2406478
-0.1251188 -0.09811816 -0.006765157 29796870 -0.1110765 -0.07084185 0.2420058
-0.1227601 -0.1017829 -0.006736979 30007063 -0.1101683 -0.07324889 0.2434425
-0.1177061 -0.1091998 -0.006316572 30227282 -0.1083619 -0.07786812 0.246589
-0.1149811 -0.1126644 -0.006003454 30467483 -0.1074119 -0.08003876 0.2483025
-0.1122627 -0.1162357 -0.005642161 30687686 -0.1064515 -0.0823011 0.2499903
-0.1062713 -0.1227899 -0.004927114 30928206 -0.1042537 -0.08678008 0.253659
-0.1029383 -0.1260838 -0.004728273 31138100 -0.1029503 -0.08903206 0.2555037
-0.09959289 -0.1290523 -0.004333064 31358299 -0.1016133 -0.09117799 0.2574615
-0.09245135 -0.1345148 -0.003516123 31588495 -0.0987129 -0.09521306 0.2614682
-0.08884907 -0.1370137 -0.002820924 31808689 -0.09711327 -0.09714197 0.2636016
-0.0849276 -0.1391478 -0.002168313 32048934 -0.09543812 -0.09888423 0.2658153
-0.07734048 -0.1423146 -0.0001647323 32249091 -0.09197782 -0.1020615 0.2705581
-0.07325807 -0.1437466 0.000817284 32499325 -0.09000728 -0.1035276 0.2729199
-0.06511559 -0.1464093 0.00309214 32699505 -0.08574687 -0.1067649 0.2777232
-0.0615021 -0.1467992 0.004503757 32949909 -0.08358836 -0.1081663 0.2802788
-0.05759601 -0.1471647 0.006129161 33160099 -0.08141463 -0.1095968 0.2829862
-0.04977595 -0.1470937 0.009526819 33370098 -0.07704382 -0.1119797 0.2883304
-0.04601229 -0.1468893 0.01131378 33580284 -0.07496494 -0.1130203 0.2908794
-0.04245084 -0.1466105 0.01318167 33820513 -0.07280613 -0.1139626 0.2933753
-0.03503337 -0.1459291 0.01699977 34030698 -0.06848425 -0.1155601 0.2980859
-0.03170666 -0.1454445 0.01903975 34251205 -0.06634949 -0.1163304 0.3004111
-0.02812006 -0.1448667 0.02093422 34501135 -0.06416915 -0.1171171 0.3025797
-0.02113141 -0.1436222 0.02490461 34701304 -0.05965051 -0.118598 0.3067573
-0.01791165 -0.142762 0.02690671 34941699 -0.05733033 -0.1191574 0.308787
-0.01471426 -0.1418657 0.02881926 35161735 -0.05502837 -0.1195439 0.3106071
-0.01001368 -0.1400618 0.03271462 35381922 -0.0511193 -0.1200237 0.3141694
-0.007402238 -0.1388842 0.03450888 35622512 -0.04889511 -0.1198271 0.3157263
-0.004538684 -0.1376156 0.03628208 35842333 -0.04664929 -0.1196386 0.3171647
0.0003344463 -0.1351098 0.03969052 36062532 -0.04233507 -0.1189124 0.3198398
0.002939801 -0.1337149 0.04140636 36292744 -0.04022647 -0.1182309 0.3209373
0.00556816 -0.1322957 0.04310945 36522952 -0.03793984 -0.1173762 0.3219401
0.009971815 -0.1297058 0.04683794 36723140 -0.03383437 -0.1159236 0.3241849
0.01237676 -0.1280253 0.04818 36943327 -0.03147316 -0.1151578 0.3250945
0.01464856 -0.1266832 0.04966825 37173547 -0.02909755 -0.114671 0.3260501
0.01913833 -0.1242686 0.05248305 37413768 -0.02443854 -0.1140641 0.3276925
0.02118346 -0.1228786 0.05311784 37624128 -0.02215413 -0.1135253 0.3280981
0.0233297 -0.1218854 0.05400722 37854161 -0.01980116 -0.1131282 0.3283967
0.02711774 -0.1201385 0.05475421 38054321 -0.015021 -0.1116923 0.3282749
0.02924628 -0.1192559 0.05514632 38284545 -0.01258285 -0.1108669 0.3279638
0.03124131 -0.1183707 0.05545372 38555357 -0.01026701 -0.1100226 0.3276155
0.03502739 -0.1164309 0.05563049 38734936 -0.005778131 -0.1080742 0.3266694
0.03715247 -0.1153883 0.05584976 38985344 -0.003404615 -0.1070637 0.3260974
0.03929685 -0.1144005 0.05591431 39205684 -0.0009640981 -0.1060355 0.3253737
0.04316341 -0.1124687 0.05529574 39415558 0.003750006 -0.103537 0.3235372
0.0452443 -0.1113826 0.05495863 39665792 0.006134635 -0.1022301 0.3224784
0.0493867 -0.1090623 0.05398348 39845950 0.01079979 -0.09929454 0.3200404
0.05167194 -0.1077843 0.05350076 40076174 0.01318152 -0.09762188 0.3185726
0.0536746 -0.1068885 0.05291742 40296389 0.01553135 -0.09591658 0.3170869
0.05589168 -0.1057254 0.05237488 40526573 0.01790359 -0.0940387 0.3154628
0.06033522 -0.1031147 0.0514092 40776953 0.02243282 -0.0900372 0.3121435
0.06243594 -0.1019312 0.05107325 40966954 0.02456952 -0.08797956 0.310504
0.06455833 -0.1007087 0.05072471 41207317 0.02670669 -0.08587246 0.3088115
0.06885363 -0.09767511 0.05009784 41417356 0.03095732 -0.08150225 0.3055656
0.07082424 -0.09632743 0.04966402 41647726 0.03294292 -0.0795784 0.304006
0.0729854 -0.0945792 0.04947104 41877792 0.03506878 -0.07761002 0.3025694
0.07692371 -0.09121345 0.0487486 42077965 0.03884692 -0.07381772 0.2996933
0.07900511 -0.0891863 0.04836059 42328369 0.04069869 -0.07172463 0.2981589
0.08292093 -0.08561134 0.04710525 42558581 0.04412929 -0.06715178 0.294623
0.08506644 -0.08372111 0.04656711 42768592 0.0459041 -0.06465365 0.292644
0.08707852 -0.08203725 0.0457695 42988795 0.04746147 -0.06225608 0.2905461
0.09142043 -0.07830824 0.04384464 43198984 0.05077923 -0.05732496 0.2860287
0.09328842 -0.0766141 0.04230022 43459389 0.05214795 -0.05492607 0.2837277
0.09543606 -0.07469244 0.04131538 43689423 0.05367451 -0.05249279 0.2814549
0.09935349 -0.07088672 0.03910196 43879599 0.05599478 -0.04743414 0.2768447
0.1013825 -0.06876151 0.03817375 44110345 0.05703647 -0.04479899 0.2745135
0.1032509 -0.06696288 0.0371661 44319984 0.05803285 -0.04245739 0.2722947
0.1070208 -0.06262083 0.03498511 44540328 0.05969386 -0.03799225 0.2679698
0.1090381 -0.0600691 0.03381014 44810422 0.06033349 -0.03585096 0.2656851
0.1108291 -0.0577427 0.032226 45010619 0.06082216 -0.03366053 0.2633748
0.1141243 -0.05369638 0.02943061 45220793 0.06199292 -0.02909198 0.2590724
0.1157508 -0.05160888 0.02804133 45441186 0.06232113 -0.02695513 0.2568958
0.1171638 -0.04959719 0.02631666 45681399 0.06246561 -0.02499443 0.2548226
0.1197896 -0.04583061 0.02347083 45901581 0.062791 -0.0213849 0.2511393
0.1211563 -0.04379154 0.02223876 46131615 0.06302595 -0.01971302 0.2494087
0.1225546 -0.04129955 0.02115281 46361989 0.06328126 -0.01816097 0.2478409
0.1249222 -0.03752013 0.01855306 46562003 0.06348532 -0.0155331 0.2447276
0.1260812 -0.03564247 0.01744303 46782526 0.06353621 -0.01429967 0.2432417
0.1270958 -0.03367639 0.01580897 47122825 0.06333471 -0.0130303 0.2416677
0.1292646 -0.03021489 0.01345944 47372755 0.06368893 -0.01072244 0.2389268
0.1311482 -0.02691813 0.01034206 47552901 0.06379057 -0.008545514 0.2361794
0.1321591 -0.02468613 0.009580076 47813306 0.06374752 -0.007362394 0.2349867
0.1329627 -0.02278056 0.008436754 48013313 0.06351628 -0.006377716 0.2338063
0.1343998 -0.01914672 0.006410435 48233528 0.0630684 -0.004761706 0.2317202
0.1350797 -0.0173417 0.005707636 48463719 0.06294689 -0.004021914 0.2308488
0.1356629 -0.0151345 0.004856586 48693939 0.06278392 -0.003191112 0.2300489
0.1366759 -0.01154668 0.003954232 48924143 0.06244398 -0.002260549 0.2287722
0.1370895 -0.009793382 0.00305903 49134328 0.06221243 -0.001974493 0.2280774
0.1376134 -0.008029126 0.002602547 49344522 0.06215134 -0.00151146 0.2274336
0.1388873 -0.005141607 0.002018929 49605422 0.06219047 -7.337061E-05 0.2259834
0.1394441 -0.003923473 0.001613408 49825122 0.06210306 0.0007520985 0.2252507
0.1404469 -0.001894588 0.0009084195 50035158 0.06150145 0.001964038 0.2237336
0.1409746 -0.0009884624 0.0005327761 50245331 0.06128111 0.002712825 0.2229716
0.1414284 -0.000261926 -8.626282E-05 50485540 0.06092947 0.003321017 0.2221721
0.1417994 0.000118147 -4.132092E-05 50715764 0.0603474 0.003821905 0.2214952
0.142208 0.001639017 0.0006836206 50926124 0.05910291 0.004364743 0.2206062
0.142135 0.002434706 0.000519827 51176163 0.05850479 0.004443249 0.2203641
0.1418869 0.002796637 0.0009147674 51366335 0.0575153 0.004670697 0.2202087
0.1415628 0.002852194 0.001545325 51716809 0.05694671 0.004930652 0.2203891
0.1401732 0.002278661 0.003018051 51947179 0.05486228 0.005643387 0.2210809
0.1389876 0.002046032 0.00452885 52157048 0.0537395 0.006050959 0.2220708
0.1345541 0.0007846407 0.008525997 52377413 0.04972559 0.006349587 0.2256209
0.131096 -9.514184E-05 0.01189324 52617488 0.04696403 0.006502713 0.2287031
0.1264959 -0.0009570416 0.01592685 52827860 0.0433647 0.006770009 0.2328822
0.1145425 -0.00408992 0.0278963 53078074 0.03405539 0.006948942 0.2446242
