0.1449998 -0.0004037702 0.02283605 0 0.04427247 0.02195059 0.1211241
0.1449998 -0.0004037702 0.02283605 110112 0.04427247 0.02195059 0.1211241
0.1455631 -0.0007146681 0.02187907 220211 0.04523142 0.02151334 0.1205994
0.145881 -0.0005219067 0.02055643 330299 0.04615509 0.0212134 0.1199977
0.145881 -0.0005219067 0.02055643 450411 0.04615509 0.0212134 0.1199977
0.145706 -0.001014479 0.01918999 550501 0.04672805 0.02063297 0.1193948
0.146049 -0.0008721435 0.01805232 670614 0.04740087 0.02058016 0.1186237
0.146049 -0.0008721435 0.01805232 780713 0.04740087 0.02058016 0.1186237
0.1463955 -0.0006448114 0.01699683 890804 0.04801124 0.02072942 0.117843
0.1466945 -0.0004394138 0.01592509 1000908 0.04855785 0.02091848 0.1170156
0.1466945 -0.0004394138 0.01592509 1131143 0.04855785 0.02091848 0.1170156
0.1470716 -6.521583E-05 0.01488312 1231124 0.04913137 0.02116858 0.11619
0.1476337 0.0002491391 0.01403796 1341219 0.04971868 0.02149474 0.1153667
0.1476337 0.0002491391 0.01403796 1461331 0.04971868 0.02149474 0.1153667
0.1481404 0.000725857 0.01316296 1571439 0.05028495 0.02193939 0.114556
0.1491635 0.001662723 0.01287448 1681522 0.05089846 0.02261328 0.1139256
0.1495781 0.002565733 0.01220177 1781608 0.05139758 0.02320885 0.1133981
0.1495781 0.002565733 0.01220177 1901733 0.05139758 0.02320885 0.1133981
0.1499465 0.003763668 0.01159457 2011816 0.05188812 0.02392863 0.1130055
0.1501909 0.005536548 0.01102851 2131937 0.05228662 0.02477979 0.1127669
0.1501909 0.005536548 0.01102851 2242028 0.05228662 0.02477979 0.1127669
0.1507304 0.007994643 0.01102116 2342114 0.05259288 0.02598774 0.1127637
0.15114 0.01113235 0.01086438 2462222 0.0528088 0.02760338 0.1126776
0.15114 0.01113235 0.01086438 2572334 0.0528088 0.02760338 0.1126776
0.1510936 0.01379453 0.01073656 2682421 0.05271322 0.02927982 0.112657
0.1511449 0.01697981 0.01079752 2792525 0.05256496 0.03144049 0.1126756
0.1511449 0.01697981 0.01079752 2912633 0.05256496 0.03144049 0.1126756
0.1508709 0.02088927 0.01072115 3022724 0.05222598 0.03383981 0.1127394
0.1503896 0.0247879 0.01070508 3132828 0.05166843 0.03619849 0.1128333
0.1503896 0.0247879 0.01070508 3242939 0.05166843 0.03619849 0.1128333
0.1499339 0.02914893 0.0108364 3353034 0.05111198 0.03871726 0.1130563
0.1489123 0.03375148 0.01061602 3463126 0.05028713 0.04151284 0.1131787
0.1489123 0.03375148 0.01061602 3573237 0.05028713 0.04151284 0.1131787
0.1483634 0.03838705 0.01088211 3693337 0.0495939 0.04431748 0.1134281
0.1473523 0.04355251 0.0109944 3803437 0.04869891 0.0473628 0.1137526
0.1473523 0.04355251 0.0109944 3933566 0.04869891 0.0473628 0.1137526
0.1462931 0.04855561 0.0112127 4023644 0.04775669 0.05037247 0.1141375
0.1450254 0.05332624 0.01144195 4143748 0.04664493 0.05337953 0.1145319
0.1450254 0.05332624 0.01144195 4253839 0.04664493 0.05337953 0.1145319
0.1438754 0.05765747 0.01195841 4363947 0.04553703 0.05637526 0.1150805
0.1425087 0.06182706 0.01231041 4474042 0.04429545 0.05944108 0.1155321
0.1425087 0.06182706 0.01231041 4584141 0.04429545 0.05944108 0.1155321
0.1408927 0.06602954 0.01271128 4694249 0.04288493 0.06252681 0.1160963
0.1391258 0.07054078 0.01316844 4814349 0.04136634 0.0655111 0.1167254
0.1391258 0.07054078 0.01316844 4924457 0.04136634 0.0655111 0.1167254
0.1370202 0.07529246 0.01364805 5034552 0.03965538 0.06837475 0.1174675
0.1346892 0.08051419 0.01418902 5154664 0.03781815 0.07129692 0.1182914
0.1346892 0.08051419 0.01418902 5264922 0.03781815 0.07129692 0.1182914
0.1320424 0.08530497 0.01466044 5384864 0.03566668 0.07409345 0.1190265
0.1295051 0.0900595 0.01535956 5494963 0.03348019 0.07696521 0.1198298
0.1295051 0.0900595 0.01535956 5595058 0.03348019 0.07696521 0.1198298
0.1267251 0.09467983 0.01601585 5705153 0.03116784 0.07978916 0.120674
0.12373 0.09911131 0.01656968 5825265 0.02869939 0.08245671 0.1214413
0.12373 0.09911131 0.01656968 5935369 0.02869939 0.08245671 0.1214413
0.1204784 0.1037285 0.01716633 6045464 0.02610545 0.08509886 0.1222993
0.1171783 0.1082287 0.01786677 6155559 0.02342166 0.08768414 0.1231943
0.1171783 0.1082287 0.01786677 6265659 0.02342166 0.08768414 0.1231943
0.1137896 0.1125498 0.01862915 6385771 0.02060445 0.09019171 0.1240944
0.1103643 0.116523 0.01937568 6495867 0.0177167 0.09254777 0.1249591
0.1103643 0.116523 0.01937568 6605962 0.0177167 0.09254777 0.1249591
0.1068102 0.1202587 0.0200668 6706060 0.01469645 0.09484779 0.1257815
0.1031089 0.1239674 0.02069034 6846195 0.01162072 0.09712207 0.1265936
0.1031089 0.1239674 0.02069034 6946277 0.01162072 0.09712207 0.1265936
0.09930193 0.126543 0.02095486 7046371 0.008389925 0.0989555 0.1271631
0.09537522 0.130128 0.0213004 7166476 0.005190153 0.1009539 0.1277042
0.09537522 0.130128 0.0213004 7276571 0.005190153 0.1009539 0.1277042
0.09145255 0.133399 0.02166843 7386666 0.00183802 0.102826 0.1281615
0.08748604 0.1362904 0.02199495 7506779 -0.001621437 0.1046592 0.1286044
0.08748604 0.1362904 0.02199495 7626887 -0.001621437 0.1046592 0.1286044
0.08326115 0.1393305 0.02226876 7716981 -0.005170472 0.1064705 0.1290691
0.07901227 0.1420102 0.02254576 7837077 -0.008704391 0.1079307 0.1295534
0.07901227 0.1420102 0.02254576 7947176 -0.008704391 0.1079307 0.1295534
0.07459095 0.1444725 0.02277952 8067297 -0.0122162 0.1090423 0.1300897
0.07022166 0.1466223 0.02299975 8177396 -0.01571978 0.1099905 0.1306029
0.06559663 0.1485138 0.02299332 8287500 -0.01924274 0.1107459 0.1310772
0.06559663 0.1485138 0.02299332 8407604 -0.01924274 0.1107459 0.1310772
0.06178609 0.1500688 0.02317284 8507682 -0.0222085 0.1113026 0.1315627
0.06178609 0.1500688 0.02317284 8617781 -0.0222085 0.1113026 0.1315627
0.05731515 0.1514848 0.02303987 8727881 -0.02572593 0.1118802 0.1318604
0.05282775 0.1525514 0.0227726 8847997 -0.02919781 0.1123327 0.1321368
0.04811833 0.1535481 0.02242869 8948080 -0.03282956 0.1126484 0.1323418
0.04811833 0.1535481 0.02242869 9068184 -0.03282956 0.1126484 0.1323418
0.04344541 0.1545408 0.02210739 9188308 -0.03640007 0.1127778 0.1325012
0.0385798 0.1552422 0.02171954 9288383 -0.04005085 0.1126584 0.1326704
0.0385798 0.1552422 0.02171954 9398478 -0.04005085 0.1126584 0.1326704
0.03360337 0.1558301 0.02132186 9508589 -0.04373482 0.1123918 0.1328484
0.02866019 0.1563749 0.0209322 9618685 -0.04747256 0.1120967 0.1329567
0.02866019 0.1563749 0.0209322 9728784 -0.04747256 0.1120967 0.1329567
0.02364365 0.1566199 0.02047416 9848909 -0.05130453 0.1117009 0.1330411
0.01879076 0.1567234 0.0200406 9959324 -0.05509167 0.1113313 0.1331211
0.01879076 0.1567234 0.0200406 10069103 -0.05509167 0.1113313 0.1331211
0.01369609 0.1566656 0.0194672 10189191 -0.05896116 0.1108588 0.1331726
0.008641062 0.1565448 0.01907725 10289294 -0.06297003 0.1102985 0.1332674
0.008641062 0.1565448 0.01907725 10409410 -0.06297003 0.1102985 0.1332674
0.003470298 0.1559458 0.0185451 10519510 -0.06700873 0.1095575 0.1333801
-0.00161816 0.1553487 0.0180448 10629597 -0.07107443 0.1087817 0.1334293
-0.00161816 0.1553487 0.0180448 10779749 -0.07107443 0.1087817 0.1334293
-0.006837718 0.1543673 0.01741875 10859987 -0.07509063 0.1077152 0.133485
-0.01202711 0.1536574 0.01693539 10969908 -0.07904013 0.1064986 0.1335182
-0.01202711 0.1536574 0.01693539 11080003 -0.07904013 0.1064986 0.1335182
-0.01729142 0.1527861 0.01638466 11190103 -0.08304673 0.1051668 0.1334952
-0.02237275 0.151577 0.0158281 11310410 -0.08693334 0.1037966 0.1335363
-0.02237275 0.151577 0.0158281 11420315 -0.08693334 0.1037966 0.1335363
-0.02684932 0.1504064 0.01522959 11530414 -0.09031569 0.1025093 0.1334842
-0.03197007 0.1487967 0.01458981 11640509 -0.0944077 0.1011811 0.1335039
-0.03197007 0.1487967 0.01458981 11750609 -0.0944077 0.1011811 0.1335039
-0.03706688 0.1469049 0.01395181 11881160 -0.09857532 0.09977876 0.1335431
-0.04195916 0.1449448 0.01333033 11980828 -0.1025402 0.09831857 0.1335891
-0.04195916 0.1449448 0.01333033 12080919 -0.1025402 0.09831857 0.1335891
-0.04683044 0.1429411 0.01271332 12201189 -0.1063788 0.09668814 0.1336302
-0.05184676 0.1409467 0.01206228 12321119 -0.1102446 0.09501993 0.1336627
-0.05184676 0.1409467 0.01206228 12441240 -0.1102446 0.09501993 0.1336627
-0.05687599 0.138679 0.011299 12541322 -0.1139598 0.09320866 0.1336924
-0.06179078 0.1364266 0.01060067 12651434 -0.1175936 0.09128629 0.1337049
-0.06179078 0.1364266 0.01060067 12761529 -0.1175936 0.09128629 0.1337049
-0.06634084 0.1339157 0.009951905 12871616 -0.1210261 0.0893818 0.1337764
-0.0708918 0.1313016 0.009242523 13001738 -0.1244654 0.08751737 0.133818
-0.07528417 0.1284139 0.008471621 13101828 -0.1277616 0.08563017 0.1338587
-0.07528417 0.1284139 0.008471621 13201922 -0.1277616 0.08563017 0.1338587
-0.07950191 0.1253589 0.007783465 13322108 -0.1309453 0.08360528 0.133944
-0.07950191 0.1253589 0.007783465 13432126 -0.1309453 0.08360528 0.133944
-0.08353429 0.1223688 0.007096028 13542225 -0.1339543 0.08144092 0.1339384
-0.08738523 0.1191199 0.006469178 13652337 -0.1368947 0.07918429 0.1339847
-0.08738523 0.1191199 0.006469178 13792451 -0.1368947 0.07918429 0.1339847
-0.09103146 0.1157513 0.005851277 13892546 -0.1396342 0.0768367 0.1340296
-0.09475465 0.1119885 0.005192231 13982623 -0.1423721 0.07438552 0.1341296
-0.09475465 0.1119885 0.005192231 14152772 -0.1423721 0.07438552 0.1341296
-0.09791808 0.1080296 0.00457514 14362958 -0.1448222 0.07185268 0.1341803
-0.1037938 0.099429 0.00328408 14593178 -0.149342 0.06631839 0.134186
-0.1062447 0.09479796 0.002764763 14813377 -0.1513226 0.06315803 0.1341922
-0.1085252 0.0899831 0.002234797 15033571 -0.1531384 0.05984699 0.1341732
-0.1118082 0.07912934 0.00145547 15274120 -0.1559865 0.05284214 0.1343597
-0.1128338 0.07310604 0.001124692 15504004 -0.1568029 0.04896557 0.1345046
-0.1135466 0.06708895 0.0007588756 15704189 -0.1571367 0.04478442 0.1345821
-0.1145553 0.05487167 7.223454E-05 15924367 -0.1569577 0.03585016 0.1347811
-0.114715 0.04856478 -0.0001583472 16164588 -0.1567259 0.03133547 0.1349138
-0.1142835 0.04227864 -0.0002975703 16374932 -0.1564535 0.02711355 0.1349724
-0.11362 0.02894425 -0.0007022732 16594992 -0.1555809 0.01860582 0.1350867
-0.1131192 0.02287554 -0.0007686447 16825184 -0.1548272 0.01460647 0.1352399
-0.1127051 0.01671683 -0.0008531759 17065697 -0.1541078 0.01053416 0.1353593
-0.1107525 0.005495063 -0.00084817 17265590 -0.1522646 0.002905003 0.1354467
-0.109493 -8.142829E-05 -0.0007110213 17505798 -0.1512167 -0.0006803358 0.1355426
-0.1066908 -0.01142884 -0.0004276786 17705979 -0.1487026 -0.007837662 0.1356913
-0.1051554 -0.01692236 -0.0002530477 17956225 -0.1472126 -0.01145185 0.1357893
-0.1027149 -0.02177704 4.819776E-06 18196434 -0.1455674 -0.01501168 0.1357404
-0.09859155 -0.03158236 0.0003813352 18386597 -0.1421053 -0.02147687 0.1356983
-0.09631148 -0.03651775 0.0006197712 18606800 -0.1402081 -0.02461553 0.1356667
-0.09437144 -0.04170275 0.000928321 18837020 -0.1381273 -0.02768482 0.1358178
-0.09201781 -0.04619861 0.001145491 19067223 -0.1359363 -0.03070081 0.1358201
-0.0855134 -0.05395521 0.00181453 19327458 -0.1307304 -0.03598583 0.1357502
-0.08251355 -0.0578003 0.00218184 19507617 -0.1281932 -0.03835929 0.1357546
-0.07978868 -0.06227018 0.002616588 19727824 -0.1255543 -0.04089893 0.1358646
-0.07319167 -0.06937147 0.003316627 19968036 -0.1198321 -0.04539884 0.1358166
-0.0695636 -0.0727377 0.003718654 20188223 -0.1167798 -0.04745389 0.1357702
-0.06220953 -0.07880986 0.004520392 20418439 -0.1104018 -0.05116523 0.1357436
-0.05826559 -0.08153678 0.005000351 20638625 -0.1070706 -0.05278469 0.1357583
-0.05469128 -0.08387806 0.005331221 20858974 -0.1038414 -0.05430949 0.1357775
-0.04634734 -0.08842351 0.006482836 21109054 -0.09688431 -0.05700482 0.1359631
-0.04204926 -0.09061242 0.007051589 21289217 -0.09327948 -0.05817402 0.1360069
-0.0380732 -0.09274651 0.00758506 21529437 -0.08970629 -0.05930866 0.1361237
-0.02921386 -0.09682108 0.008722291 21739623 -0.08224996 -0.06145502 0.136169
-0.0248447 -0.09879125 0.00930537 21959818 -0.07845058 -0.0624348 0.136234
-0.01977164 -0.1002476 0.009870453 22200201 -0.07439744 -0.06328595 0.136188
-0.01010016 -0.1036131 0.01101505 22410232 -0.06618344 -0.0649624 0.1361831
-0.005480432 -0.1050695 0.01155517 22630431 -0.06220663 -0.06585706 0.1362579
-0.0005283211 -0.106262 0.01210833 22890662 -0.05808847 -0.06661523 0.1362906
0.009184079 -0.1079461 0.01313409 23080833 -0.05002334 -0.06779254 0.1363755
0.01435319 -0.1083512 0.01369687 23341084 -0.04597535 -0.06811941 0.1363677
0.02406942 -0.1085794 0.01452759 23541253 -0.03796959 -0.06833566 0.1363383
0.02873346 -0.108433 0.01494091 23761464 -0.03405594 -0.068128 0.1363462
0.03357224 -0.108042 0.01536978 24011677 -0.03011598 -0.06772626 0.1363024
0.04297911 -0.1065328 0.0158811 24201857 -0.02236573 -0.06640697 0.1359903
0.04766587 -0.1055178 0.01611998 24442082 -0.01845622 -0.06541623 0.1358112
0.05226002 -0.104561 0.01641055 24672265 -0.01463799 -0.0644194 0.1356563
0.06124236 -0.1017603 0.01668874 24872454 -0.007149737 -0.06191839 0.1351852
0.06544538 -0.1002376 0.0167015 25102670 -0.003483454 -0.06060685 0.1349575
0.06990051 -0.09849954 0.01681267 25323023 0.0001603753 -0.05927135 0.1347267
0.07418702 -0.09686567 0.0169035 25563446 0.003782712 -0.0579753 0.1345344
0.0827029 -0.09327424 0.01692861 25773255 0.01088946 -0.05514563 0.1339555
0.08684 -0.09130729 0.01684646 25993458 0.01437605 -0.05366744 0.1336303
0.09081606 -0.08912934 0.0167301 26233687 0.01763598 -0.05212868 0.1332714
0.09892534 -0.08439172 0.01647244 26454051 0.02427319 -0.04896558 0.1325685
0.102651 -0.08187402 0.01616309 26664075 0.02745841 -0.0474918 0.1322242
0.1064495 -0.07894517 0.01576559 26904300 0.03068518 -0.04579104 0.1318122
0.1137101 -0.07391573 0.0151112 27124491 0.03698011 -0.04195405 0.1308575
0.1173411 -0.07116211 0.01477589 27364711 0.04006263 -0.03989924 0.1303481
0.1242226 -0.06454421 0.01418447 27554875 0.04553946 -0.0356747 0.1294311
0.127364 -0.06103529 0.01385634 27795246 0.0481388 -0.0334617 0.1290489
0.1305139 -0.05747534 0.01362978 28015286 0.0506024 -0.03113056 0.1286357
0.1360952 -0.05055476 0.01337358 28225480 0.05519325 -0.0265422 0.1281975
0.1389397 -0.04667676 0.01336971 28495720 0.05734917 -0.02426351 0.1280296
0.1414593 -0.0430013 0.01323954 28685887 0.05935821 -0.02214766 0.1278292
0.1461471 -0.03517176 0.0132524 28906106 0.06315487 -0.01803816 0.1278167
0.1481925 -0.03103794 0.01329751 29136290 0.06486446 -0.01616086 0.1279334
0.1497708 -0.02726103 0.01323012 29346492 0.0664654 -0.01440466 0.1281266
0.1525745 -0.0199349 0.01348462 29586717 0.06928825 -0.01114787 0.1287774
0.153704 -0.01664532 0.0136304 29786897 0.07047976 -0.009575614 0.1290861
0.1547849 -0.01416112 0.01390757 30027102 0.07149418 -0.008260497 0.1293809
0.156981 -0.008386024 0.01422104 30237292 0.07330231 -0.005518802 0.129529
0.1575818 -0.005898842 0.01410155 30467515 0.07406335 -0.004240402 0.1295492
0.1579391 -0.003748306 0.0138194 30717741 0.07489102 -0.003179559 0.1296164
0.1585751 9.607435E-05 0.01352448 30917898 0.07598293 -0.001568922 0.1296366
0.1583476 0.001528255 0.01320289 31138113 0.07617941 -0.0009926641 0.1296
0.1578472 0.002717844 0.01286104 31368316 0.07627155 -0.0006073797 0.129654
0.1557211 0.004344813 0.01228621 31588523 0.0754701 -0.0006809318 0.129933
0.1549588 0.005044929 0.01237526 31828724 0.07501307 -0.0009750212 0.1301831
0.1534934 0.00575339 0.01243302 32028912 0.07393955 -0.001267799 0.1304506
0.1511719 0.007016054 0.01358794 32269133 0.07228198 -0.002637872 0.1318648
0.1506691 0.007418743 0.01503462 32479327 0.07166788 -0.003552088 0.1331223
0.1496401 0.008013478 0.0167379 32709535 0.07070222 -0.00456477 0.1347076
0.1463175 0.009452215 0.02174773 32949739 0.067035 -0.006466397 0.1390812
0.1446966 0.009020916 0.02541167 33149916 0.06498362 -0.007600912 0.1423553
0.1426231 0.008631579 0.03027597 33380136 0.06246832 -0.008592852 0.1468298
