0.1456287 0.0009734544 0.01378728 0 0.03905392 0.000783257 0.1083813
0.1456319 0.0009300604 0.01360497 109929 0.03928049 0.0008999256 0.1084503
0.145426 0.001171516 0.01319913 230244 0.03949493 0.0009598287 0.1085134
0.145426 0.001171516 0.01319913 340449 0.03949493 0.0009598287 0.1085134
0.1452467 0.001383243 0.01286042 440223 0.03966755 0.0009249897 0.1085636
0.1452467 0.001383243 0.01286042 560441 0.03966755 0.0009249897 0.1085636
0.1450854 0.001521135 0.01245983 670447 0.03982297 0.0008889035 0.1085102
0.1449668 0.001521986 0.0120634 780546 0.0399791 0.0009198417 0.1084142
0.1449314 0.001391889 0.01175437 890633 0.04009544 0.0009936721 0.1082713
0.1449314 0.001391889 0.01175437 1010948 0.04009544 0.0009936721 0.1082713
0.1449391 0.00133288 0.0115843 1110828 0.04016518 0.001000267 0.1081688
0.14491 0.001521375 0.01143668 1250967 0.04021016 0.0009665936 0.1081005
0.14491 0.001521375 0.01143668 1341036 0.04021016 0.0009665936 0.1081005
0.1448192 0.002179986 0.01132953 1451131 0.04019402 0.001009185 0.1080687
0.1446685 0.003309321 0.01122635 1581269 0.04014288 0.001236157 0.1080579
0.1446685 0.003309321 0.01122635 1681355 0.04014288 0.001236157 0.1080579
0.1445873 0.004399151 0.01124288 1791458 0.04009495 0.001571598 0.1080912
0.1445853 0.005584838 0.01143226 1921564 0.04000162 0.002101481 0.1081606
0.1445853 0.005584838 0.01143226 2011965 0.04000162 0.002101481 0.1081606
0.1444971 0.006995099 0.01159809 2121748 0.03987615 0.00273701 0.1082552
0.1443592 0.008872775 0.0118568 2271880 0.0397683 0.003363308 0.1084831
0.1443592 0.008872775 0.0118568 2351952 0.0397683 0.003363308 0.1084831
0.1441598 0.01117453 0.01225106 2462051 0.03956658 0.004133511 0.1087753
0.1438839 0.0135313 0.01267728 2572151 0.03931712 0.005024868 0.109112
0.1438839 0.0135313 0.01267728 2692267 0.03931712 0.005024868 0.109112
0.1436169 0.01589557 0.01322411 2802355 0.03903089 0.006044611 0.1095101
0.1433243 0.01843725 0.01398431 2912462 0.03870615 0.007137004 0.1100759
0.1433243 0.01843725 0.01398431 3032579 0.03870615 0.007137004 0.1100759
0.1430882 0.02123012 0.01496452 3132657 0.03836962 0.00827068 0.1107368
0.1427553 0.02440018 0.01610623 3242768 0.03791582 0.009519325 0.1114661
0.1427553 0.02440018 0.01610623 3383028 0.03791582 0.009519325 0.1114661
0.1423061 0.0274971 0.0172538 3462951 0.03743942 0.0108367 0.1122889
0.1419687 0.03013094 0.01848028 3583063 0.03698308 0.01218509 0.1131493
0.1419687 0.03013094 0.01848028 3703350 0.03698308 0.01218509 0.1131493
0.1416423 0.03269792 0.01977494 3803258 0.03647943 0.01367407 0.1140358
0.1412232 0.03542344 0.02108793 3913361 0.03598143 0.0151647 0.1150028
0.1412232 0.03542344 0.02108793 4023461 0.03598143 0.0151647 0.1150028
0.1406608 0.03793835 0.02225833 4143573 0.03545093 0.01649075 0.1159447
0.1400279 0.0403477 0.02355243 4253664 0.03479068 0.01777346 0.1169429
0.1400279 0.0403477 0.02355243 4363768 0.03479068 0.01777346 0.1169429
0.1394528 0.04325094 0.02501713 4493897 0.03414407 0.01928096 0.1179783
0.1387157 0.04624119 0.02619884 4593967 0.03343664 0.02106851 0.1188752
0.1387157 0.04624119 0.02619884 4694066 0.03343664 0.02106851 0.1188752
0.1377501 0.04927631 0.02726576 4814182 0.03261335 0.0229311 0.1197777
0.1366614 0.05248082 0.02810893 4924269 0.03186894 0.02465307 0.1205774
0.1366614 0.05248082 0.02810893 5044540 0.03186894 0.02465307 0.1205774
0.1355079 0.05645285 0.02931775 5145347 0.03103982 0.02644499 0.1214709
0.1341944 0.06019652 0.03031727 5264577 0.03010228 0.02819251 0.1222239
0.1341944 0.06019652 0.03031727 5374684 0.03010228 0.02819251 0.1222239
0.1326638 0.06410207 0.03117185 5484779 0.02904895 0.03014299 0.122916
0.1311809 0.0675436 0.03193452 5594871 0.02792025 0.03210315 0.1235175
0.1311809 0.0675436 0.03193452 5714987 0.02792025 0.03210315 0.1235175
0.1295248 0.07096465 0.03264131 5815090 0.02663194 0.0342553 0.1241385
0.1278795 0.07416841 0.03319095 5935595 0.02550194 0.0362243 0.1247624
0.1278795 0.07416841 0.03319095 6065315 0.02550194 0.0362243 0.1247624
0.1259269 0.07734729 0.03349341 6155397 0.02422831 0.038121 0.1252809
0.1240906 0.08043041 0.0339553 6265480 0.02290018 0.04001381 0.1257881
0.1240906 0.08043041 0.0339553 6375583 0.02290018 0.04001381 0.1257881
0.1221891 0.08380202 0.03463667 6495692 0.02141835 0.04204661 0.1263318
0.1200307 0.08701389 0.03506208 6605791 0.01982526 0.04400356 0.1267966
0.1200307 0.08701389 0.03506208 6705881 0.01982526 0.04400356 0.1267966
0.117757 0.09030724 0.03540738 6846020 0.01822201 0.04594836 0.1272296
0.1153105 0.09345679 0.03568203 6956099 0.01649461 0.04778723 0.1276384
0.1127416 0.09709466 0.03629228 7046188 0.01467342 0.04962812 0.128139
0.1127416 0.09709466 0.03629228 7156288 0.01467342 0.04962812 0.128139
0.109937 0.1007584 0.03689251 7276408 0.01263836 0.05143899 0.1285813
0.1070888 0.1041138 0.03735577 7386528 0.01051123 0.05324645 0.1289611
0.1070888 0.1041138 0.03735577 7506782 0.01051123 0.05324645 0.1289611
0.1041554 0.1076624 0.03802761 7626712 0.008235974 0.05512891 0.1293837
0.1010191 0.1109302 0.03835684 7726807 0.005925484 0.0569705 0.1297451
0.1010191 0.1109302 0.03835684 7846907 0.005925484 0.0569705 0.1297451
0.09769929 0.1142755 0.03875537 7967027 0.003496297 0.05867098 0.1300799
0.09436595 0.1173227 0.03905774 8067122 0.001018694 0.06022627 0.1303405
0.09436595 0.1173227 0.03905774 8167561 0.001018694 0.06022627 0.1303405
0.09088908 0.1201831 0.03936284 8297317 -0.001547144 0.06166507 0.1306724
0.08735959 0.1225787 0.03930843 8397412 -0.004171331 0.06306957 0.130889
0.08735959 0.1225787 0.03930843 8497502 -0.004171331 0.06306957 0.130889
0.08395406 0.1248545 0.03952501 8617598 -0.006881174 0.06442709 0.1311969
0.08021823 0.1269719 0.03938339 8727718 -0.009756397 0.06572501 0.1313597
0.08021823 0.1269719 0.03938339 8847818 -0.009756397 0.06572501 0.1313597
0.07628161 0.1293412 0.03961467 8947917 -0.01272305 0.06689309 0.1317268
0.07197448 0.1316813 0.03977546 9068013 -0.01581621 0.06768912 0.1319929
0.07197448 0.1316813 0.03977546 9188117 -0.01581621 0.06768912 0.1319929
0.06738026 0.1337065 0.03987861 9288212 -0.01908388 0.06823888 0.1323134
0.06286807 0.1353322 0.0398089 9418329 -0.02241767 0.06879624 0.1325751
0.06286807 0.1353322 0.0398089 9538446 -0.02241767 0.06879624 0.1325751
0.05810265 0.1369215 0.03966045 9628523 -0.02593067 0.0693858 0.1328463
0.05319899 0.1384671 0.03955355 9738634 -0.02950132 0.06986545 0.1331523
0.05319899 0.1384671 0.03955355 9848730 -0.02950132 0.06986545 0.1331523
0.048044 0.1401206 0.03948899 9958821 -0.03311586 0.07009707 0.1333828
0.04289138 0.141617 0.0395031 10079079 -0.03680588 0.07012172 0.1335405
0.04289138 0.141617 0.0395031 10179425 -0.03680588 0.07012172 0.1335405
0.03675822 0.1445656 0.03998766 10299136 -0.04065719 0.07063219 0.1340459
0.03118642 0.1449518 0.03929929 10409244 -0.0444083 0.07058662 0.1344913
0.03118642 0.1449518 0.03929929 10519513 -0.0444083 0.07058662 0.1344913
0.02502961 0.1460678 0.03897618 10629608 -0.0483787 0.0708615 0.1352128
0.01891232 0.1466275 0.03813835 10739679 -0.05232977 0.07087786 0.1355694
0.01891232 0.1466275 0.03813835 10889831 -0.05232977 0.07087786 0.1355694
0.01260855 0.1476987 0.03893666 10959724 -0.05704346 0.07071954 0.1365536
0.007700277 0.1472919 0.03861003 11079828 -0.06085536 0.07026806 0.136965
0.007700277 0.1472919 0.03861003 11210112 -0.06085536 0.07026806 0.136965
0.002876718 0.1468173 0.03843677 11300027 -0.06456266 0.0697271 0.1375089
-0.001930408 0.1464382 0.0383282 11420131 -0.06824749 0.06912173 0.1379799
-0.001930408 0.1464382 0.0383282 11520226 -0.06824749 0.06912173 0.1379799
-0.006927371 0.1456129 0.03800394 11640350 -0.07189524 0.06826378 0.1385153
-0.01217359 0.1449096 0.03770289 11750774 -0.07548657 0.06738178 0.1391286
-0.01217359 0.1449096 0.03770289 11860687 -0.07548657 0.06738178 0.1391286
-0.01727596 0.1441055 0.03743207 11980658 -0.07905077 0.06644291 0.1396995
-0.02236121 0.1433793 0.0372561 12090745 -0.08266468 0.06540606 0.1401635
-0.02236121 0.1433793 0.0372561 12200848 -0.08266468 0.06540606 0.1401635
-0.02759318 0.1433557 0.03754897 12330970 -0.08632339 0.06454438 0.1407275
-0.03271438 0.1426757 0.03744557 12431048 -0.08994233 0.06353577 0.1412149
-0.03271438 0.1426757 0.03744557 12551168 -0.08994233 0.06353577 0.1412149
-0.03829719 0.1418578 0.03682236 12641250 -0.09378029 0.06263744 0.1414742
-0.04429583 0.14091 0.03598695 12771355 -0.09772911 0.06175696 0.1417505
-0.04429583 0.14091 0.03598695 12871465 -0.09772911 0.06175696 0.1417505
-0.04992431 0.1397972 0.03522215 12981545 -0.1013203 0.06066225 0.142004
-0.05333648 0.1395901 0.03604202 13101649 -0.1040856 0.0598399 0.1426754
-0.05333648 0.1395901 0.03604202 13211752 -0.1040856 0.0598399 0.1426754
-0.05821054 0.1383666 0.03570852 13311843 -0.1073631 0.05846428 0.1429741
-0.06255073 0.1369003 0.03542376 13441956 -0.1106305 0.05699512 0.1431724
-0.06598321 0.1358476 0.03562239 13542050 -0.1135634 0.05587076 0.1435394
-0.06598321 0.1358476 0.03562239 13652150 -0.1135634 0.05587076 0.1435394
-0.07015844 0.1336888 0.03485055 13762253 -0.1166665 0.05429575 0.1436623
-0.07015844 0.1336888 0.03485055 13892367 -0.1166665 0.05429575 0.1436623
-0.07270258 0.130111 0.03396165 14002474 -0.1191816 0.05218918 0.1438441
-0.077013 0.1283566 0.03333835 14112569 -0.122151 0.05068918 0.1439575
-0.08060077 0.1255727 0.03233066 14242983 -0.1248375 0.04876048 0.1439069
-0.08060077 0.1255727 0.03233066 14342773 -0.1248375 0.04876048 0.1439069
-0.08440572 0.1232647 0.03161541 14472890 -0.1276053 0.04700512 0.1439743
-0.08813438 0.1206487 0.03081576 14703285 -0.1304004 0.04518488 0.1440635
-0.0917588 0.1178173 0.02990525 14933302 -0.1330993 0.04326545 0.1440948
-0.09483355 0.1147407 0.02928144 15153505 -0.1354738 0.04104647 0.1442762
-0.1019635 0.1094015 0.02821953 15393908 -0.1403155 0.03648537 0.1444891
-0.1056614 0.1070882 0.02803775 15603907 -0.1426726 0.0341085 0.1447013
-0.1111595 0.1014597 0.0277253 15814113 -0.1471326 0.02920088 0.1451598
-0.1134979 0.09824912 0.02734241 16044325 -0.148916 0.026814 0.1454476
-0.1154106 0.09540636 0.02725345 16264507 -0.1502992 0.02450316 0.1458358
-0.1175255 0.09248404 0.02709416 16514737 -0.1517221 0.02194946 0.1460972
-0.1218033 0.08658499 0.02694175 16705091 -0.1547158 0.01709481 0.1469174
-0.1235392 0.08271342 0.0263522 16945117 -0.15603 0.01473243 0.1473034
-0.1268021 0.07503997 0.02496881 17185342 -0.1583406 0.01028129 0.1479237
-0.1278595 0.07087427 0.02425829 17385519 -0.159155 0.007654403 0.148073
-0.1290915 0.06687071 0.02351399 17625748 -0.1600896 0.005041705 0.1481035
-0.1299524 0.05711703 0.02167689 17825912 -0.1612017 -0.0008569896 0.1480444
-0.1302912 0.05164865 0.02060134 18056116 -0.1614854 -0.004056183 0.1479989
-0.1304916 0.04616629 0.01946274 18306362 -0.1614889 -0.00749932 0.1477804
-0.1306939 0.03639421 0.01742374 18496521 -0.1607456 -0.01496409 0.1469052
-0.1307725 0.03135077 0.01615183 18726725 -0.1602933 -0.01877994 0.1462352
-0.1302554 0.02608154 0.01490874 18966962 -0.1598241 -0.02233101 0.1456304
-0.128901 0.01550568 0.01245894 19167127 -0.1587846 -0.02879167 0.144561
-0.1282648 0.01047028 0.01145692 19408190 -0.1582077 -0.03205207 0.1441277
-0.1272757 0.0054844 0.01053503 19627546 -0.1574303 -0.0353181 0.1436971
-0.1251462 -0.004533802 0.008812157 19847907 -0.1556504 -0.04160689 0.1429812
-0.1237468 -0.009529742 0.008054876 20057935 -0.1545962 -0.04475896 0.1426412
-0.1219527 -0.0143591 0.007528355 20308335 -0.1534223 -0.047872 0.1424091
-0.1187245 -0.02263122 0.006647435 20528351 -0.1507443 -0.05400672 0.1419122
-0.1165504 -0.02674131 0.006449514 20728532 -0.1490996 -0.05693379 0.1418571
-0.1148704 -0.03124629 0.006125817 20979114 -0.1476061 -0.05975505 0.141853
-0.1099617 -0.03969847 0.006149117 21188947 -0.1436458 -0.06500169 0.1422791
-0.1074905 -0.0432236 0.006382348 21409328 -0.141761 -0.06752957 0.1425477
-0.1050358 -0.04638166 0.006747414 21649699 -0.1397717 -0.06987594 0.1429373
-0.09974057 -0.05408836 0.00728902 21849547 -0.135441 -0.07426888 0.1437605
-0.09710506 -0.05775908 0.007510516 22109778 -0.1332576 -0.07615045 0.1441158
-0.0940426 -0.06095095 0.00793499 22310149 -0.130896 -0.07803443 0.1445228
-0.08735036 -0.06671137 0.008784059 22520157 -0.125689 -0.0822328 0.1451493
-0.08396358 -0.06944813 0.009190346 22780383 -0.122992 -0.08429029 0.1454356
-0.07721756 -0.07547045 0.009668629 22970551 -0.1172097 -0.08798319 0.1458682
-0.07352363 -0.07846197 0.009892174 23190770 -0.1141195 -0.08979601 0.1460162
-0.06980516 -0.08116329 0.01011355 23420974 -0.1109078 -0.09160805 0.1461567
-0.06575231 -0.08375499 0.01041918 23651177 -0.1076247 -0.09332194 0.146292
-0.05747316 -0.08881693 0.01099736 23891589 -0.1011487 -0.09652709 0.1464198
-0.05336457 -0.09092179 0.0114503 24091567 -0.09757068 -0.09754864 0.1467579
-0.04900343 -0.09306911 0.01176262 24321795 -0.09401391 -0.09885154 0.1468436
-0.04028993 -0.09739743 0.0123874 24531976 -0.08666746 -0.1013178 0.1470723
-0.03588438 -0.09928618 0.01278933 24772323 -0.08310905 -0.1024997 0.1471982
-0.02726874 -0.10315 0.01355225 24982391 -0.07589804 -0.1043477 0.1474926
-0.02274595 -0.1048529 0.01406941 25212594 -0.07212269 -0.105111 0.1477411
-0.01850102 -0.1063668 0.01443882 25432781 -0.06844827 -0.1058332 0.1478976
-0.01379187 -0.1077754 0.01498277 25683193 -0.06458794 -0.1065344 0.148116
-0.004216041 -0.1105652 0.01581311 25873336 -0.05679617 -0.1082152 0.1482369
0.0002443471 -0.111953 0.01615575 26103386 -0.05292659 -0.1091276 0.1483341
0.005373559 -0.1123774 0.01659161 26333955 -0.04872279 -0.1097094 0.1483972
0.01434349 -0.1141088 0.01701456 26563814 -0.0408303 -0.110816 0.1483586
0.01861145 -0.1143424 0.01727748 26794013 -0.03700338 -0.1108529 0.1484303
0.02804606 -0.114296 0.01791174 26994356 -0.02954108 -0.1111019 0.1482182
0.03300847 -0.114029 0.01819604 27254425 -0.0257275 -0.1111718 0.1479966
0.03792871 -0.1141011 0.01843258 27444596 -0.02180551 -0.1113253 0.1477785
0.04653846 -0.113105 0.01833414 27674812 -0.01426271 -0.1108581 0.1471923
0.05082135 -0.1137228 0.0180521 27925196 -0.01079004 -0.1111122 0.1465179
0.05556751 -0.1124353 0.0181412 28115198 -0.007274841 -0.1104936 0.1460213
0.06506936 -0.1088194 0.01827267 28345580 -0.0005724118 -0.1098745 0.1447492
0.06987286 -0.1055459 0.01861946 28555599 0.003042687 -0.1087307 0.1444362
0.07420697 -0.1038617 0.01856098 28785823 0.006574832 -0.1082211 0.143913
0.08238999 -0.09971775 0.01856632 29016015 0.01281178 -0.1067064 0.1427286
0.0850541 -0.09697681 0.01765106 29226208 0.01513237 -0.1061805 0.1414755
0.08858196 -0.09484821 0.01728378 29466591 0.01784377 -0.1061561 0.1404686
0.0935965 -0.09041817 0.01616664 29676801 0.02374867 -0.1050449 0.13951
0.09616449 -0.08912513 0.01561566 29916994 0.02653456 -0.1045197 0.1389888
0.09827778 -0.08680215 0.01509422 30147047 0.02910808 -0.1035185 0.1385542
0.102884 -0.08158694 0.01431447 30347216 0.03428928 -0.1008846 0.1377188
0.1046142 -0.07893048 0.01379477 30587429 0.03659895 -0.09939231 0.1373322
0.1068785 -0.07598832 0.01386916 30807793 0.03880945 -0.09769141 0.1371649
0.1137362 -0.06684976 0.01672694 31027826 0.04399578 -0.09252156 0.1383143
0.11589 -0.06430277 0.01699523 31278360 0.04597617 -0.09084765 0.1382951
0.118468 -0.06189895 0.01734241 31468228 0.04804039 -0.08927365 0.1381598
0.116564 -0.06271772 0.01303595 31698435 0.04984585 -0.08825101 0.1363364
0.1227749 -0.05365992 0.01751025 31938648 0.05316654 -0.08383892 0.1381343
0.1248709 -0.0508211 0.01799973 32149036 0.05504708 -0.08195824 0.1382552
0.1280384 -0.04469259 0.01856263 32369040 0.05833871 -0.07785579 0.1383475
0.1273894 -0.04255156 0.01706023 32579230 0.05910123 -0.07588872 0.1376074
0.1293963 -0.03894726 0.01773808 32819439 0.060805 -0.07330672 0.1378252
0.1319703 -0.03288704 0.01781639 33039658 0.0633179 -0.06854066 0.1374906
0.1321357 -0.0313568 0.01663258 33259848 0.06409895 -0.06668222 0.1367549
0.1330766 -0.0274519 0.01659518 33490044 0.06521409 -0.0638248 0.1365033
0.1350046 -0.02187205 0.01587065 33700234 0.06744755 -0.05937546 0.1356028
0.1352753 -0.02040877 0.01495652 33940459 0.06801827 -0.05762671 0.1349464
0.1354875 -0.0174977 0.01436639 34181368 0.06865384 -0.05549328 0.1343491
0.1370788 -0.01363556 0.01363333 34370847 0.07008157 -0.05200022 0.1334072
0.137777 -0.01126746 0.01347972 34641399 0.07078259 -0.0501412 0.1330909
0.1382791 -0.008789129 0.01237136 34821432 0.07144589 -0.04770226 0.1320599
0.1391244 -0.006721202 0.01238918 35051477 0.07192986 -0.04624489 0.1316746
0.1397968 -0.006494376 0.01194875 35292071 0.07235724 -0.04562837 0.1312244
0.1403812 -0.003655905 0.0113046 35502058 0.07331625 -0.04398477 0.1303934
0.1407046 -0.003819782 0.01070809 35742238 0.07362853 -0.04378173 0.1299142
0.1407559 -0.003271517 0.01015486 35942277 0.07382891 -0.04331113 0.1294187
0.1412141 -0.001365188 0.01036707 36172671 0.07419973 -0.04247187 0.1292181
0.1414697 -0.0008290765 0.009771721 36392858 0.07423263 -0.04181217 0.1285397
0.1417375 -0.001057931 0.00922633 36612874 0.07429036 -0.04141354 0.12809
0.1424993 -0.001202235 0.008871328 36853087 0.07423659 -0.04068325 0.127563
0.1431804 -0.001536924 0.009018938 37063443 0.07415707 -0.04049305 0.1274439
0.1439387 -0.001932371 0.009448745 37303506 0.07409678 -0.04048608 0.1275249
0.1438939 -0.001103734 0.01094966 37533697 0.07346623 -0.04072679 0.1283218
0.1442508 -0.001544073 0.01237292 37734072 0.07295409 -0.04126931 0.1291845
0.1432587 -0.001389626 0.0138757 37984262 0.0717897 -0.04173011 0.1303707
0.1407906 -0.002276679 0.01865643 38174279 0.0682551 -0.04365129 0.1341251
0.1396033 -0.002025596 0.02314129 38414488 0.06592456 -0.04498482 0.1373
