0.1462035 -0.002715284 0.002463699 0 0.06195141 0.02797949 0.1132142
0.1462035 -0.002715284 0.002463699 110095 0.06195141 0.02797949 0.1132142
0.1462354 -0.003082085 0.002215226 220207 0.06205121 0.02764559 0.1130083
0.1461027 -0.002931009 0.001823846 330306 0.06213557 0.02751212 0.1128599
0.1461027 -0.002931009 0.001823846 450406 0.06213557 0.02751212 0.1128599
0.1461626 -0.002771504 0.001431283 550492 0.06230608 0.02751755 0.1125929
0.1464713 -0.001562834 0.001097505 670605 0.06254065 0.02806706 0.1123808
0.1464713 -0.001562834 0.001097505 780712 0.06254065 0.02806706 0.1123808
0.1464527 -0.001130698 0.0006324266 910838 0.06252319 0.02830227 0.1119689
0.1462253 0.0002767765 -1.856465E-05 1010912 0.0623129 0.02897034 0.1115235
0.1462253 0.0002767765 -1.856465E-05 1110998 0.0623129 0.02897034 0.1115235
0.146543 0.003327684 -0.0002706205 1231123 0.06230395 0.03027851 0.1114598
0.1480307 0.004290503 0.0003227862 1341218 0.06281804 0.03066228 0.1114515
0.1480307 0.004290503 0.0003227862 1451313 0.06281804 0.03066228 0.1114515
0.1480431 0.007846666 0.000192803 1561409 0.06244722 0.03225969 0.1114744
0.1474765 0.01125945 -8.082425E-05 1701531 0.06184804 0.03416224 0.1114964
0.1474765 0.01125945 -8.082425E-05 1791617 0.06184804 0.03416224 0.1114964
0.147191 0.01559777 -7.068878E-05 1901724 0.06108099 0.03623381 0.1115781
0.1462713 0.02022357 -0.0002555833 2041842 0.06010791 0.03831403 0.1117929
0.1462713 0.02022357 -0.0002555833 2121923 0.06010791 0.03831403 0.1117929
0.1455153 0.0249441 -0.0003552375 2232010 0.05926067 0.040576 0.1119926
0.1439631 0.02984086 -0.0007287622 2352135 0.05827985 0.04306507 0.112363
0.1439631 0.02984086 -0.0007287622 2462222 0.05827985 0.04306507 0.112363
0.1425276 0.03469208 -0.0008965045 2572333 0.05709368 0.04553645 0.1126364
0.1411957 0.03961596 -0.0007863375 2692425 0.05568597 0.04823702 0.1128799
0.1411957 0.03961596 -0.0007863375 2812538 0.05568597 0.04823702 0.1128799
0.1396243 0.04462776 -0.0007915474 2902631 0.05421574 0.05101344 0.1130981
0.1377138 0.0498163 -0.0009176034 3022732 0.05277118 0.05362978 0.1134348
0.1377138 0.0498163 -0.0009176034 3132835 0.05277118 0.05362978 0.1134348
0.1352639 0.05507493 -0.001310013 3242934 0.05123778 0.05638245 0.1137732
0.1332282 0.05986855 -0.001391888 3363031 0.04998679 0.05904877 0.1142647
0.1332282 0.05986855 -0.001391888 3463125 0.04998679 0.05904877 0.1142647
0.1307769 0.06419058 -0.001754506 3573224 0.04838578 0.0616644 0.1144849
0.1308001 0.06795189 -0.0003475903 3693329 0.04759485 0.06418829 0.1152767
0.1308001 0.06795189 -0.0003475903 3803440 0.04759485 0.06418829 0.1152767
0.1288399 0.07194948 -0.0002716448 3913540 0.04590623 0.0668546 0.1154967
0.1264879 0.07589746 -0.0003165856 4053706 0.04402179 0.06947366 0.1157192
0.1244839 0.0799679 1.56029E-06 4143747 0.04214084 0.07197327 0.1160272
0.1244839 0.0799679 1.56029E-06 4253847 0.04214084 0.07197327 0.1160272
0.1194636 0.08444934 -0.001150643 4363934 0.03882812 0.07432896 0.1159038
0.1194636 0.08444934 -0.001150643 4474033 0.03882812 0.07432896 0.1159038
0.1197654 0.08856735 0.0007132583 4584133 0.03826728 0.07677525 0.1170113
0.1172523 0.09261348 0.001090368 4704245 0.03624952 0.07909072 0.1175462
0.1172523 0.09261348 0.001090368 4814348 0.03624952 0.07909072 0.1175462
0.1148943 0.09680321 0.001617755 4924456 0.03411616 0.08152068 0.1180119
0.1123966 0.1004585 0.002023361 5034547 0.03198825 0.08394266 0.118505
0.1123966 0.1004585 0.002023361 5174670 0.03198825 0.08394266 0.118505
0.1099118 0.1042514 0.002383731 5254762 0.03006529 0.08632237 0.1190427
0.1070153 0.1079692 0.002577444 5374846 0.02823997 0.08844662 0.119708
0.1070153 0.1079692 0.002577444 5484945 0.02823997 0.08844662 0.119708
0.1017885 0.1109868 0.001405341 5605074 0.02546635 0.09021898 0.1199375
0.09875962 0.114517 0.001714434 5705148 0.02365622 0.09215873 0.1207347
0.09875962 0.114517 0.001714434 5815260 0.02365622 0.09215873 0.1207347
0.09558015 0.1178186 0.002044988 5945369 0.021649 0.09401115 0.1215173
0.09256706 0.1210143 0.002483389 6035454 0.01960126 0.09590358 0.122282
0.09256706 0.1210143 0.002483389 6155563 0.01960126 0.09590358 0.122282
0.08977467 0.1243072 0.003041095 6285680 0.01762521 0.09782296 0.1230381
0.08716235 0.1279543 0.003905029 6375770 0.01566267 0.09984068 0.1239204
0.08716235 0.1279543 0.003905029 6495858 0.01566267 0.09984068 0.1239204
0.08410507 0.1307198 0.004334356 6605965 0.01359802 0.1013592 0.124638
0.08063319 0.1336228 0.004702811 6716065 0.0113537 0.1028178 0.1253579
0.07719494 0.1363582 0.005164562 6826160 0.009052888 0.1042829 0.126136
0.07719494 0.1363582 0.005164562 6946268 0.009052888 0.1042829 0.126136
0.073355 0.1389735 0.005504726 7066385 0.006364316 0.1057967 0.1268216
0.07025528 0.1410246 0.00592499 7166479 0.00380224 0.1071669 0.1273495
0.07025528 0.1410246 0.00592499 7276566 0.00380224 0.1071669 0.1273495
0.06670734 0.143065 0.006178213 7396691 0.001048893 0.1086986 0.1278918
0.06359212 0.1444582 0.00632095 7496947 -0.001657903 0.1100224 0.1282343
0.06359212 0.1444582 0.00632095 7606864 -0.001657903 0.1100224 0.1282343
0.05964349 0.1459033 0.006200336 7716968 -0.004327685 0.111206 0.1287158
0.05613068 0.1470323 0.006111925 7837088 -0.006537199 0.1119836 0.1291996
0.05613068 0.1470323 0.006111925 7947171 -0.006537199 0.1119836 0.1291996
0.05212228 0.1483407 0.006112432 8057275 -0.008877426 0.1125711 0.1298292
0.04811553 0.1500972 0.006487991 8187579 -0.0113216 0.1131252 0.1306112
0.04811553 0.1500972 0.006487991 8287479 -0.0113216 0.1131252 0.1306112
0.04376547 0.1507096 0.006471164 8387569 -0.01432538 0.1131245 0.1310466
0.03925003 0.1512862 0.006438493 8527699 -0.01723456 0.1131477 0.1315832
0.03925003 0.1512862 0.006438493 8617777 -0.01723456 0.1131477 0.1315832
0.03476201 0.1522474 0.00672034 8727876 -0.02035666 0.1133085 0.132227
0.03015121 0.1530865 0.006876213 8837975 -0.02341282 0.1134149 0.1328259
0.03015121 0.1530865 0.006876213 8958088 -0.02341282 0.1134149 0.1328259
0.02549843 0.1537614 0.00698097 9058174 -0.02644623 0.1134408 0.1334019
0.02062984 0.1542689 0.007039079 9178287 -0.02974427 0.1133985 0.1339182
0.02062984 0.1542689 0.007039079 9298391 -0.02974427 0.1133985 0.1339182
0.01598428 0.1547766 0.007110085 9408502 -0.03312045 0.1133767 0.1343148
0.01125236 0.1550322 0.007161643 9518594 -0.03649181 0.1132579 0.1347613
0.01125236 0.1550322 0.007161643 9648707 -0.03649181 0.1132579 0.1347613
0.006424115 0.1553372 0.007217851 9728791 -0.03995854 0.1131474 0.1351824
0.001629263 0.1554553 0.007261924 9848896 -0.04340854 0.1130401 0.1356318
0.001629263 0.1554553 0.007261924 9958995 -0.04340854 0.1130401 0.1356318
-0.003496408 0.1554209 0.007176 10089104 -0.04684049 0.1127911 0.1360567
-0.008697212 0.1555668 0.00717723 10179194 -0.05012417 0.112564 0.1365635
-0.008697212 0.1555668 0.00717723 10299302 -0.05012417 0.112564 0.1365635
-0.01401639 0.155535 0.007150606 10409402 -0.05356962 0.1122458 0.1370269
-0.01917669 0.1556542 0.007341228 10519489 -0.05713958 0.1119779 0.1375621
-0.01917669 0.1556542 0.007341228 10629584 -0.05713958 0.1119779 0.1375621
-0.02513745 0.1556266 0.006939807 10749692 -0.06063205 0.1117326 0.1377821
-0.02856886 0.1551056 0.007763782 10869805 -0.06311187 0.1114927 0.1389542
-0.02856886 0.1551056 0.007763782 10979912 -0.06311187 0.1114927 0.1389542
-0.03375858 0.1546392 0.007817701 11079999 -0.06683812 0.1112269 0.1394512
-0.03881237 0.1541717 0.007965649 11200115 -0.07055619 0.1108877 0.1399698
-0.03881237 0.1541717 0.007965649 11300205 -0.07055619 0.1108877 0.1399698
-0.04382566 0.1535193 0.008126116 11430323 -0.07421672 0.1105099 0.1405377
-0.04879668 0.1527763 0.008319427 11520412 -0.07780653 0.1099939 0.1411138
-0.04879668 0.1527763 0.008319427 11660535 -0.07780653 0.1099939 0.1411138
-0.05396986 0.1520641 0.008582459 11760613 -0.08129001 0.1093858 0.1417681
-0.05888546 0.1510174 0.008827757 11860703 -0.08475554 0.1085677 0.1423756
-0.05888546 0.1510174 0.008827757 11990833 -0.08475554 0.1085677 0.1423756
-0.0637019 0.1499111 0.009124553 12090919 -0.08812729 0.1076972 0.1430187
-0.06843829 0.1485407 0.00940568 12211019 -0.09142545 0.1067048 0.1436726
-0.07294086 0.1471414 0.009725401 12331136 -0.09464929 0.1056713 0.1443183
-0.07294086 0.1471414 0.009725401 12421221 -0.09464929 0.1056713 0.1443183
-0.0776239 0.1455983 0.01000029 12531300 -0.09785801 0.10455 0.1449517
-0.0776239 0.1455983 0.01000029 12671443 -0.09785801 0.10455 0.1449517
-0.08184823 0.1438496 0.01026305 12761520 -0.100866 0.1033024 0.1455424
-0.08739242 0.1422394 0.01085519 12871611 -0.1034676 0.1020554 0.1466237
-0.08739242 0.1422394 0.01085519 12991724 -0.1034676 0.1020554 0.1466237
-0.09140906 0.1399785 0.01098035 13101831 -0.10638 0.1006362 0.1471211
-0.09486887 0.1376966 0.01112841 13201922 -0.1092249 0.0991304 0.1475572
-0.09852631 0.1350621 0.01122248 13312021 -0.1119019 0.09738847 0.1479998
-0.09852631 0.1350621 0.01122248 13442142 -0.1119019 0.09738847 0.1479998
-0.1020601 0.1326383 0.01150581 13552234 -0.1145752 0.09568355 0.1485605
-0.1043232 0.1293401 0.0116862 13652316 -0.1168416 0.09379683 0.1491134
-0.1043232 0.1293401 0.0116862 13762436 -0.1168416 0.09379683 0.1491134
-0.1076794 0.1267377 0.01215999 13882528 -0.1192984 0.09197195 0.1498647
-0.1076794 0.1267377 0.01215999 13982626 -0.1192984 0.09197195 0.1498647
-0.1111254 0.1240756 0.01266969 14122736 -0.1218123 0.09000495 0.1506234
-0.1144203 0.1213316 0.01319924 14212818 -0.1241373 0.08795984 0.1513954
-0.1179505 0.1185342 0.01364381 14322917 -0.1264135 0.08588298 0.1520943
-0.1179505 0.1185342 0.01364381 14453047 -0.1264135 0.08588298 0.1520943
-0.1210836 0.1154758 0.01384643 14553133 -0.1285571 0.08373524 0.1525653
-0.1245282 0.1123093 0.01392059 14693255 -0.1305856 0.08152334 0.1529234
-0.1245282 0.1123093 0.01392059 14893452 -0.1305856 0.08152334 0.1529234
-0.1306596 0.1056711 0.0138033 15033562 -0.1346213 0.07696745 0.1533262
-0.1306596 0.1056711 0.0138033 15264098 -0.1346213 0.07696745 0.1533262
-0.1369834 0.09848174 0.01346491 15484139 -0.1385688 0.0722743 0.1535254
-0.139591 0.09473858 0.01336467 15704168 -0.1402018 0.06983218 0.1536699
-0.1426252 0.09081486 0.01315459 15944551 -0.1418823 0.06735939 0.153709
-0.1486956 0.08323285 0.01294087 16144577 -0.1450499 0.06221179 0.1538347
-0.1508345 0.07915349 0.0128904 16394811 -0.1464413 0.05949529 0.1539595
-0.1555128 0.0706533 0.01284929 16635028 -0.1491114 0.05409236 0.1542389
-0.157306 0.0663203 0.01285357 16825195 -0.1499701 0.05115122 0.1543539
-0.1592725 0.06214632 0.01290571 17065404 -0.1505656 0.04804765 0.154439
-0.1621155 0.05289736 0.01283672 17265585 -0.1512776 0.04158289 0.1544728
-0.1627842 0.04845611 0.01283124 17495792 -0.1517162 0.03841709 0.1545457
-0.1635364 0.04362092 0.01283617 17736021 -0.1519749 0.03518813 0.1546159
-0.1646121 0.03518638 0.01324109 17936202 -0.151746 0.02880208 0.1550154
-0.1650303 0.03042544 0.01337788 18166402 -0.1515248 0.02533011 0.1551449
-0.1649774 0.02589262 0.01341806 18386592 -0.1511644 0.02197069 0.1551928
-0.1648767 0.0215135 0.01348479 18616804 -0.15083 0.01863301 0.1552615
-0.1639975 0.01193723 0.01337248 18857013 -0.1499398 0.0119595 0.1551774
-0.1633889 0.007387368 0.0131455 19057206 -0.1493457 0.008694421 0.1549458
-0.1630328 -0.003998944 0.01190647 19287417 -0.1485423 0.000951737 0.1535813
-0.1622029 -0.008315034 0.01164399 19547636 -0.1476761 -0.00214099 0.1532671
-0.1613608 -0.01302927 0.011442 19737816 -0.146704 -0.005458848 0.152984
-0.1599149 -0.02220573 0.0112294 19968019 -0.1444115 -0.01222182 0.1525313
-0.1590647 -0.0269594 0.01124148 20168200 -0.1433206 -0.01562214 0.1524145
-0.1577634 -0.03191658 0.01114539 20398408 -0.1420807 -0.01894953 0.1521849
-0.1547104 -0.04186215 0.01104167 20638641 -0.1392776 -0.02553577 0.1517596
-0.1531432 -0.04661576 0.01105888 20848822 -0.1378239 -0.02886096 0.1516161
-0.1482064 -0.05282805 0.0110425 21099235 -0.1347251 -0.03254722 0.1514462
-0.1439162 -0.06198313 0.01108032 21319251 -0.1311733 -0.03906561 0.1511469
-0.1417325 -0.06673441 0.01116794 21549463 -0.1293807 -0.04234245 0.1510205
-0.1367506 -0.07600597 0.01128942 21759802 -0.1255372 -0.04875448 0.1507092
-0.1341961 -0.08031146 0.01138894 21979847 -0.1234236 -0.05194433 0.1506208
-0.1318383 -0.08436874 0.01144498 22200030 -0.1210295 -0.05515772 0.1504994
-0.1292092 -0.08836049 0.01146926 22420232 -0.1185891 -0.05829748 0.1503566
-0.1255133 -0.0949765 0.01158938 22640443 -0.1144869 -0.06370261 0.1501773
-0.1219131 -0.09932295 0.01149981 22890657 -0.1122532 -0.06629955 0.1497835
-0.1143286 -0.1076125 0.01143127 23081015 -0.1070318 -0.07160491 0.1491137
-0.1109036 -0.1111441 0.01129603 23311040 -0.1041217 -0.07420958 0.1487591
-0.1072099 -0.1140478 0.01111322 23531231 -0.1011574 -0.07642927 0.1484248
-0.1038759 -0.1168728 0.01105121 23751434 -0.09824312 -0.07857896 0.1481939
-0.09689781 -0.120638 0.01080227 24001672 -0.09219646 -0.08214267 0.1479236
-0.0928413 -0.1223448 0.01068108 24201852 -0.088853 -0.083742 0.1477948
-0.08813903 -0.1243408 0.01033463 24422031 -0.08555216 -0.0851638 0.147319
-0.07553867 -0.1292619 0.01116893 24662268 -0.07802418 -0.08774269 0.1474636
-0.07086056 -0.13073 0.01103269 24872453 -0.07448113 -0.08882239 0.147183
-0.06176663 -0.1330162 0.01065151 25102661 -0.0673219 -0.0905651 0.146568
-0.0573616 -0.1336118 0.01031269 25332865 -0.0634422 -0.09134398 0.1462638
-0.05252606 -0.1342539 0.01022088 25543046 -0.05928269 -0.09224558 0.1462205
-0.04281089 -0.1346849 0.009790897 25783279 -0.05053502 -0.09384456 0.1460944
-0.03796813 -0.1351518 0.009667371 25993469 -0.04642341 -0.09448791 0.1459803
-0.03323469 -0.1355585 0.009431826 26213672 -0.04238835 -0.095013 0.1457349
-0.02369487 -0.1358759 0.008719832 26434049 -0.03442687 -0.0956909 0.1450145
-0.01895246 -0.1360679 0.008323866 26664074 -0.03050435 -0.09602339 0.1445929
-0.01468772 -0.135591 0.007786189 26914300 -0.02679244 -0.09597924 0.1441337
-0.004962027 -0.1357211 0.006971543 27104460 -0.01924729 -0.09604651 0.1430896
-0.0002702773 -0.1355535 0.006423025 27334667 -0.01558212 -0.09591715 0.1424405
0.004521504 -0.134877 0.005908291 27575176 -0.01191491 -0.09548385 0.1418652
0.01444909 -0.1334838 0.005173526 27775069 -0.004582971 -0.09450753 0.1409118
0.01912174 -0.1325381 0.004789762 27995276 -0.001045942 -0.0938263 0.1404397
0.02389917 -0.1312723 0.004339708 28245481 0.002643391 -0.0930066 0.1399501
0.03315111 -0.1284643 0.003463116 28445832 0.009766594 -0.09108032 0.138969
0.03770006 -0.1268383 0.003082981 28705905 0.01327188 -0.08998521 0.1385502
0.04227427 -0.12518 0.002658037 28906085 0.0167079 -0.08878785 0.1380398
0.05083444 -0.1217885 0.001808931 29146298 0.02342868 -0.08602607 0.1369985
0.05507081 -0.1199277 0.001427202 29346479 0.02658066 -0.08463875 0.136517
0.05896951 -0.1176223 0.0009148789 29576873 0.02969019 -0.08301846 0.1360132
0.06706174 -0.1130148 1.659003E-05 29817240 0.03588103 -0.07979345 0.1350364
0.07084757 -0.1106339 -0.0003930813 30017096 0.03885573 -0.07805537 0.1345937
0.07446307 -0.1081815 -0.0008159408 30257309 0.04179132 -0.07626762 0.1341667
0.08148733 -0.1029054 -0.001590289 30467494 0.04709801 -0.07230297 0.1332694
0.08495113 -0.1001883 -0.001953385 30687705 0.04963985 -0.07022575 0.1328117
0.08809829 -0.09709872 -0.002359602 30938130 0.05207456 -0.06806022 0.1324191
0.09436126 -0.09080716 -0.003090035 31128091 0.05706598 -0.06366279 0.1317377
0.09726853 -0.08747098 -0.003493488 31368316 0.05934455 -0.06130259 0.1313518
0.1027455 -0.08096502 -0.004192163 31578513 0.06360166 -0.05651891 0.1306277
0.105291 -0.07732714 -0.004507949 31818722 0.06561466 -0.05408034 0.1303684
0.1074474 -0.07367218 -0.004927515 32068940 0.06745756 -0.05158157 0.1300505
0.111633 -0.06638075 -0.005684836 32259290 0.07089058 -0.04655459 0.1294197
0.1138948 -0.06283524 -0.006029576 32489323 0.07246722 -0.04390409 0.1289949
0.1156397 -0.05938221 -0.006466585 32699513 0.07386635 -0.04131627 0.1285699
0.1173214 -0.05579641 -0.006789092 32919707 0.07521483 -0.03881494 0.1282846
0.1205372 -0.04855376 -0.007426451 33169945 0.07788333 -0.03377801 0.1277349
0.1222472 -0.04544632 -0.007583405 33370114 0.07908441 -0.03139109 0.1274932
0.1237377 -0.04246951 -0.00769952 33620340 0.08017837 -0.02902585 0.127312
0.1263527 -0.03640325 -0.007403518 33820533 0.08263227 -0.02481828 0.1277281
0.1279366 -0.03394098 -0.007086682 34040723 0.08419615 -0.02323668 0.1281111
0.1307115 -0.02837216 -0.006502612 34291111 0.08732946 -0.02032739 0.1289947
0.1326004 -0.02725148 -0.006009469 34481121 0.08892719 -0.01921931 0.1293951
0.1342729 -0.02530573 -0.00574574 34721333 0.08997113 -0.01771068 0.1294798
0.1372981 -0.02150479 -0.005216605 34961566 0.09171924 -0.01470975 0.1296264
0.138686 -0.01924928 -0.005036316 35161755 0.09269169 -0.01322842 0.1297024
0.1391782 -0.0173531 -0.005060122 35391938 0.0935249 -0.01203813 0.1298242
0.1410823 -0.0128237 -0.004937543 35602132 0.09496887 -0.009117252 0.129844
0.1417947 -0.01134049 -0.004990846 35842353 0.09532923 -0.007661858 0.1296705
0.143128 -0.00968425 -0.004825692 36072565 0.09587584 -0.006211041 0.1295671
0.1446983 -0.006501244 -0.004641486 36282746 0.09698862 -0.003916893 0.1296096
0.1451578 -0.005337819 -0.004498667 36503111 0.09740636 -0.003096989 0.1297438
0.145524 -0.004270532 -0.004356205 36723156 0.09776753 -0.002214378 0.1298874
0.1466347 -0.002279993 -0.003716178 36953348 0.09860781 -0.0008726266 0.1304394
0.1468336 -0.001699907 -0.003416495 37193560 0.09886941 -0.0004443262 0.1307629
0.1466999 -0.001147183 -0.003200794 37403770 0.09903704 -0.0002241464 0.1310887
0.1467954 -0.0006561385 -0.002841621 37623961 0.09919092 -0.0001691582 0.1314708
0.1469596 -0.0007823186 -0.002679019 37834150 0.09916428 -0.0001950874 0.1315652
0.1471362 -0.001151725 -0.002501819 38064366 0.09924394 -0.0003286483 0.1317066
0.1470208 -0.001489564 -0.001980413 38424683 0.09925365 -0.0008220305 0.1322735
0.1467935 -0.002184119 -0.0006492058 38645060 0.09868985 -0.00138853 0.1334838
0.1469415 -0.002376057 0.0007938537 38875086 0.09822007 -0.001616451 0.1347039
0.144409 -0.001171756 0.001872513 39095285 0.09584475 -0.00134746 0.1358416
