0.1492595 -0.0005061245 0.005814749 0 0.04955067 -0.005678496 0.107489
0.1494455 -8.603096E-05 0.005390424 99592 0.04985948 -0.005645594 0.1071645
0.149878 0.001201906 0.005351562 229693 0.05012556 -0.00532361 0.1069051
0.149878 0.001201906 0.005351562 319791 0.05012556 -0.00532361 0.1069051
0.150088 0.001746573 0.004986841 429878 0.05037333 -0.005033455 0.1065608
0.15036 0.00227479 0.004564542 549991 0.05079706 -0.004629693 0.1062789
0.15036 0.00227479 0.004564542 660098 0.05079706 -0.004629693 0.1062789
0.150536 0.003119507 0.004134316 770193 0.05137809 -0.004175625 0.1062163
0.1503104 0.004653015 0.003410894 880430 0.0520268 -0.003511033 0.1062697
0.1503104 0.004653015 0.003410894 1000474 0.0520268 -0.003511033 0.1062697
0.1501373 0.007550277 0.003253836 1100674 0.05265235 -0.002494893 0.1067045
0.1500458 0.01097421 0.00356384 1220592 0.05284189 -0.001362405 0.107031
0.1500458 0.01097421 0.00356384 1330699 0.05284189 -0.001362405 0.107031
0.1499241 0.01453105 0.004187424 1440803 0.05268221 6.298065E-05 0.1073424
0.1495245 0.01831571 0.004619736 1550898 0.05234726 0.001991429 0.1075584
0.1495245 0.01831571 0.004619736 1691336 0.05234726 0.001991429 0.1075584
0.1490724 0.02235524 0.005278069 1781106 0.05196126 0.004035153 0.1079428
0.1483509 0.02642838 0.005742031 1891209 0.05159487 0.005992093 0.1083426
0.1483509 0.02642838 0.005742031 2021326 0.05159487 0.005992093 0.1083426
0.14776 0.03009514 0.006288845 2111404 0.0513102 0.008016743 0.1088375
0.1468134 0.03423003 0.006690043 2231504 0.05091147 0.01019887 0.1093135
0.1468134 0.03423003 0.006690043 2341603 0.05091147 0.01019887 0.1093135
0.146059 0.03866831 0.007376152 2451711 0.05051457 0.01270525 0.1098624
0.1451408 0.04324142 0.008206087 2561806 0.04985835 0.01520077 0.1103884
0.1451408 0.04324142 0.008206087 2671914 0.04985835 0.01520077 0.1103884
0.1440543 0.04757682 0.008848445 2782009 0.04913865 0.01773778 0.1108626
0.1430571 0.05206517 0.009680884 2902125 0.04867779 0.02040962 0.1116452
0.1430571 0.05206517 0.009680884 3012221 0.04867779 0.02040962 0.1116452
0.1416749 0.05668286 0.01032891 3122316 0.04809632 0.0228974 0.1123478
0.1408127 0.06123665 0.01184227 3232407 0.04780011 0.02545646 0.1136985
0.1408127 0.06123665 0.01184227 3352512 0.04780011 0.02545646 0.1136985
0.1396373 0.065864 0.01274033 3472632 0.04724203 0.02819625 0.1144777
0.138072 0.06991521 0.01336743 3572731 0.04642313 0.03080956 0.1152373
0.138072 0.06991521 0.01336743 3682814 0.04642313 0.03080956 0.1152373
0.1364064 0.07446317 0.01395877 3813134 0.04560502 0.03346876 0.1158451
0.134969 0.07838682 0.01477446 3903012 0.04468312 0.03620092 0.1166325
0.134969 0.07838682 0.01477446 4023121 0.04468312 0.03620092 0.1166325
0.1331126 0.08250348 0.01535411 4133216 0.04368861 0.03873054 0.1173028
0.130959 0.08602205 0.01554973 4263334 0.04262929 0.04114274 0.1179702
0.128783 0.08964101 0.01593627 4353423 0.04163529 0.04341356 0.1187689
0.128783 0.08964101 0.01593627 4463518 0.04163529 0.04341356 0.1187689
0.1268821 0.09345284 0.01699079 4573618 0.04038887 0.04559282 0.1196289
0.1268821 0.09345284 0.01699079 4683721 0.04038887 0.04559282 0.1196289
0.1246918 0.09745673 0.01788963 4803821 0.03885763 0.04778198 0.1202183
0.1227302 0.1009379 0.01866253 4913941 0.03739064 0.05000845 0.120788
0.1203504 0.1045475 0.01936884 5024032 0.0357055 0.05216781 0.1213387
0.1203504 0.1045475 0.01936884 5144128 0.0357055 0.05216781 0.1213387
0.1170686 0.1080859 0.01890237 5254236 0.03447201 0.05432561 0.1218289
0.1144038 0.1114906 0.01938219 5364331 0.03287612 0.05642215 0.1224693
0.1144038 0.1114906 0.01938219 5464421 0.03287612 0.05642215 0.1224693
0.1117595 0.1147102 0.01998563 5584530 0.031033 0.05847994 0.1230761
0.1088116 0.1177913 0.02054323 5714659 0.0286942 0.06054274 0.1235483
0.1088116 0.1177913 0.02054323 5804729 0.0286942 0.06054274 0.1235483
0.1060741 0.1209787 0.0213169 5914828 0.02662956 0.06253389 0.1241712
0.1060741 0.1209787 0.0213169 6035167 0.02662956 0.06253389 0.1241712
0.10309 0.1237857 0.02191253 6145048 0.02429872 0.06428472 0.1246638
0.09976736 0.1268117 0.02251847 6255147 0.02219169 0.06592587 0.1253834
0.09647927 0.1296686 0.02312149 6365247 0.02001031 0.06749491 0.1260446
0.09647927 0.1296686 0.02312149 6495680 0.02001031 0.06749491 0.1260446
0.09281833 0.1327298 0.02385057 6595454 0.01737573 0.06922451 0.1267181
0.08888096 0.1354573 0.0240844 6705558 0.01473843 0.07093826 0.1272659
0.08888096 0.1354573 0.0240844 6835671 0.01473843 0.07093826 0.1272659
0.08485579 0.1380629 0.0245058 6925736 0.01189762 0.07258669 0.1279284
0.08095246 0.1407476 0.02513207 7036018 0.009100637 0.07395903 0.12849
0.08095246 0.1407476 0.02513207 7145939 0.009100637 0.07395903 0.12849
0.07646139 0.1434357 0.02560521 7266059 0.006158701 0.07539049 0.1292084
0.07184008 0.1459433 0.02613623 7376159 0.003203712 0.07640067 0.1298624
0.07184008 0.1459433 0.02613623 7486242 0.003203712 0.07640067 0.1298624
0.06708996 0.1482386 0.02636678 7626551 0.0002103072 0.07750645 0.1304357
0.06303839 0.1507902 0.02746058 7706631 -0.002643265 0.07855609 0.1312604
0.06303839 0.1507902 0.02746058 7826703 -0.002643265 0.07855609 0.1312604
0.05842309 0.1525752 0.02771819 7926660 -0.005963154 0.07959918 0.1318103
0.05521213 0.1541747 0.02855456 8046922 -0.008481063 0.08070126 0.132723
0.05521213 0.1541747 0.02855456 8156847 -0.008481063 0.08070126 0.132723
0.0507378 0.155995 0.02903831 8266942 -0.01193909 0.08156922 0.1331472
0.04549656 0.1569984 0.02822501 8387059 -0.01548005 0.08226052 0.1331171
0.04549656 0.1569984 0.02822501 8497162 -0.01548005 0.08226052 0.1331171
0.04116366 0.1582067 0.02828002 8607254 -0.01855124 0.08276859 0.1333964
0.03639898 0.159243 0.0279451 8747404 -0.02155677 0.08322254 0.1336251
0.03639898 0.159243 0.0279451 8837478 -0.02155677 0.08322254 0.1336251
0.03202524 0.1600378 0.02768529 8937556 -0.02465278 0.08353963 0.133713
0.02737621 0.1608167 0.02735949 9057672 -0.02785349 0.08388535 0.1338371
0.02737621 0.1608167 0.02735949 9168084 -0.02785349 0.08388535 0.1338371
0.02295008 0.1613357 0.02705687 9277887 -0.03097511 0.08412543 0.1340003
0.01839419 0.1619065 0.02675379 9398194 -0.03407312 0.08425632 0.1341032
0.01839419 0.1619065 0.02675379 9518935 -0.03407312 0.08425632 0.1341032
0.0146441 0.162593 0.02706474 9618178 -0.0367862 0.08425918 0.1344192
0.01019713 0.1631794 0.02700907 9728265 -0.03975085 0.08425465 0.1346303
0.01019713 0.1631794 0.02700907 9838373 -0.03975085 0.08425465 0.1346303
0.005144197 0.1637045 0.02658021 9948468 -0.04312286 0.08438411 0.1346766
0.0004079983 0.1641591 0.02639675 10058563 -0.04654577 0.08460227 0.134897
0.0004079983 0.1641591 0.02639675 10168841 -0.04654577 0.08460227 0.134897
-0.005210014 0.1642976 0.02551508 10309134 -0.04987171 0.08485034 0.1350582
-0.01001255 0.1642922 0.02511376 10408883 -0.05323261 0.08484402 0.135233
-0.01001255 0.1642922 0.02511376 10508974 -0.05323261 0.08484402 0.135233
-0.01455599 0.1647617 0.02534371 10639099 -0.0566729 0.08473054 0.1354683
-0.01905347 0.164752 0.02526229 10739182 -0.06002405 0.08433095 0.1355352
-0.01905347 0.164752 0.02526229 10849471 -0.06002405 0.08433095 0.1355352
-0.0238199 0.1645074 0.02470076 10959380 -0.0633902 0.08397022 0.1353994
-0.02799753 0.1638846 0.02414667 11089518 -0.06653398 0.08359817 0.1353909
-0.03234767 0.1633119 0.02348869 11179765 -0.06968641 0.08321873 0.1352794
-0.03234767 0.1633119 0.02348869 11289828 -0.06968641 0.08321873 0.1352794
-0.036555 0.1624182 0.02265238 11399790 -0.0726898 0.08263674 0.1350599
-0.036555 0.1624182 0.02265238 11519906 -0.0726898 0.08263674 0.1350599
-0.04037558 0.1615658 0.02216893 11629990 -0.07542455 0.08184186 0.1349604
-0.04471076 0.1606499 0.02135682 11740081 -0.07828924 0.08093265 0.1345994
-0.04471076 0.1606499 0.02135682 11850192 -0.07828924 0.08093265 0.1345994
-0.04841608 0.1595776 0.02086955 11970293 -0.08095726 0.07986036 0.1344146
-0.05225438 0.1582148 0.02012568 12100414 -0.08368891 0.07878415 0.1341822
-0.05583379 0.1566607 0.01930868 12350713 -0.08631768 0.07758096 0.1338659
-0.0592981 0.1548809 0.01841169 12590869 -0.08882684 0.07618514 0.1334824
-0.06448431 0.1515863 0.01750677 12781024 -0.09251553 0.07312337 0.1331098
-0.06834568 0.1494721 0.01655965 13011260 -0.09489483 0.07127956 0.1326946
-0.07185207 0.1475725 0.01602208 13231605 -0.09726899 0.06953636 0.1325149
-0.07544705 0.1450048 0.01500939 13451625 -0.09984817 0.06750181 0.132074
-0.08240926 0.1401296 0.01322274 13702196 -0.104864 0.0638384 0.131467
-0.08643103 0.1373306 0.01217549 13922058 -0.1072468 0.06162135 0.1310917
-0.09382907 0.1320621 0.01108192 14122417 -0.1112275 0.05650381 0.1306415
-0.09726994 0.1290139 0.01038777 14352434 -0.1130487 0.05369047 0.1303197
-0.1006382 0.126087 0.009875703 14582719 -0.114916 0.05099598 0.1301409
-0.1062374 0.1193357 0.008739161 14802861 -0.1185185 0.04550544 0.1300014
-0.1091119 0.1156634 0.008056568 15023210 -0.1201864 0.04274562 0.1299852
-0.1115012 0.1123346 0.00784062 15263264 -0.1214415 0.03992204 0.1301674
-0.1161905 0.1064933 0.008783744 15453432 -0.1240654 0.03387395 0.1311384
-0.1188475 0.1031273 0.008553849 15703674 -0.1254006 0.03118304 0.1313843
-0.1213907 0.09949616 0.008296953 15934023 -0.1268031 0.02834789 0.1316455
-0.1273304 0.09218505 0.008178756 16134054 -0.1301998 0.02271108 0.1325628
-0.1297247 0.08835867 0.008094594 16364254 -0.1315195 0.0197368 0.1329708
-0.1326163 0.08448473 0.008057578 16614812 -0.132842 0.01676694 0.133439
-0.1364617 0.07654861 0.007763667 16804651 -0.13464 0.01068048 0.1341136
-0.13796 0.07229535 0.007464154 17044872 -0.1355373 0.007634558 0.1344262
-0.1394519 0.06767229 0.007059737 17255082 -0.136411 0.004563608 0.1347872
-0.1419989 0.05777339 0.006242259 17475256 -0.1376173 -0.002080283 0.1354885
-0.1430972 0.05289212 0.0059133 17725482 -0.1380038 -0.005762896 0.135682
-0.1439589 0.04813913 0.005899889 17925667 -0.1386409 -0.009640059 0.1360519
-0.1444568 0.03637556 0.00436662 18145870 -0.1391187 -0.01762601 0.1361299
-0.1446725 0.03094605 0.00385247 18376260 -0.139479 -0.02160724 0.1362059
-0.1447146 0.025255 0.003428383 18616298 -0.1392974 -0.02608283 0.136249
-0.1450374 0.01397113 0.002675934 18836679 -0.1387142 -0.03507479 0.1363201
-0.1449978 0.007810511 0.002403243 19046683 -0.1384686 -0.03966387 0.1366038
-0.144302 0.001606622 0.001628204 19266889 -0.1382015 -0.04417797 0.1364348
-0.1424222 -0.01061734 0.0004582246 19507094 -0.1372648 -0.05292853 0.136434
-0.1409463 -0.01663156 -0.0003168738 19707461 -0.1363072 -0.0571235 0.1362303
-0.1395962 -0.02243682 -0.0007513319 19957849 -0.1352548 -0.06133945 0.1362669
-0.1370189 -0.03348633 -0.00179185 20157681 -0.1326333 -0.06896777 0.1361504
-0.1346423 -0.038758 -0.002173856 20407903 -0.1313898 -0.07265587 0.1361974
-0.1332197 -0.04399701 -0.002540245 20608278 -0.1302729 -0.07596882 0.1362955
-0.1298845 -0.05536111 -0.003569975 20838295 -0.1279317 -0.08265717 0.1362776
-0.1279113 -0.06014856 -0.003805353 21078508 -0.1263511 -0.0857044 0.1363756
-0.125142 -0.06458052 -0.00401528 21278693 -0.1243979 -0.08871062 0.1364249
-0.1201348 -0.07394465 -0.004371358 21508896 -0.1203579 -0.09455235 0.1366305
-0.1175499 -0.07822688 -0.00441928 21729091 -0.1185071 -0.09734781 0.1367888
-0.1146093 -0.08273312 -0.004488063 21949314 -0.1166909 -0.1000891 0.1369357
-0.1088661 -0.0912046 -0.004507195 22199609 -0.1127636 -0.105136 0.1372566
-0.1061627 -0.09549458 -0.004437517 22409709 -0.1107035 -0.107602 0.1374746
-0.1029932 -0.09922297 -0.004264603 22620252 -0.1086266 -0.1099795 0.1377171
-0.09714431 -0.1079962 -0.004012654 22840110 -0.1048227 -0.1149268 0.1381114
-0.09379012 -0.1119974 -0.003716359 23060296 -0.1025469 -0.1171799 0.1384198
-0.0905302 -0.1134362 -0.002390454 23310721 -0.1004043 -0.1194261 0.1396408
-0.08308087 -0.1202322 -0.002578505 23520716 -0.0949665 -0.1234054 0.1393895
-0.07936239 -0.1236554 -0.002614327 23750936 -0.0922906 -0.1251472 0.1392901
-0.07213672 -0.1296814 -0.002133675 23961126 -0.0873225 -0.1281757 0.1395468
-0.06834605 -0.1325095 -0.00182218 24191516 -0.08469146 -0.129639 0.1397081
-0.06398927 -0.1346494 -0.001551336 24441547 -0.08179748 -0.1308897 0.1397816
-0.05532423 -0.1384487 -0.0006982738 24631719 -0.07594883 -0.133092 0.1401995
-0.05112961 -0.1401121 -0.0001023461 24872093 -0.07294986 -0.1339675 0.140583
-0.0462613 -0.1416239 0.0005044297 25102163 -0.06962585 -0.1347807 0.1409093
-0.03681229 -0.1440239 0.001918968 25302336 -0.06329647 -0.1361841 0.1417166
-0.03201336 -0.1461252 0.002394912 25532527 -0.06015185 -0.137379 0.1418151
-0.02694646 -0.1470387 0.00318229 25762918 -0.05678344 -0.1378909 0.142223
-0.01595578 -0.1484284 0.005008398 25973245 -0.04973165 -0.1382405 0.1430723
-0.01053362 -0.1488486 0.005961775 26223317 -0.04597914 -0.138241 0.1435748
-0.004992552 -0.1488792 0.006935834 26433357 -0.04205305 -0.1381957 0.1441169
0.005737742 -0.1479944 0.008940102 26673740 -0.03421748 -0.1377923 0.145343
0.01012726 -0.1466964 0.009374381 26873742 -0.03078273 -0.1370644 0.1455355
0.01536808 -0.1459542 0.01025063 27113975 -0.02718616 -0.1362916 0.1459046
0.02817043 -0.1433628 0.01222992 27314155 -0.0188903 -0.1344013 0.1464358
0.03293275 -0.1412047 0.01250726 27544529 -0.01506368 -0.1332145 0.1464429
0.03788843 -0.1394232 0.01285065 27784884 -0.01109699 -0.1321482 0.1464686
0.04670065 -0.1346634 0.01296121 27984749 -0.004475155 -0.1292675 0.1458453
0.05138921 -0.1331076 0.0130263 28224973 -0.001156936 -0.1278196 0.1453788
0.05644275 -0.1311215 0.01318926 28455189 0.002419671 -0.1261303 0.1449574
0.0667468 -0.1255679 0.01333434 28655342 0.009977985 -0.1226378 0.1440055
0.07088139 -0.1229841 0.01288379 28895733 0.01341869 -0.1210119 0.1432693
0.07570051 -0.1203461 0.01252604 29135974 0.01697721 -0.1192648 0.1423592
0.08605785 -0.1151038 0.01158805 29325963 0.02441512 -0.1158667 0.1400631
0.09087967 -0.1124634 0.01077844 29566176 0.02820023 -0.1143395 0.1387395
0.09492281 -0.1094405 0.009817671 29786374 0.03180413 -0.1128486 0.1375309
0.1032612 -0.1029635 0.008212698 30006723 0.03902696 -0.1098249 0.135229
0.1073619 -0.09987278 0.007831944 30266816 0.04240547 -0.1081183 0.1343978
0.1147052 -0.09258766 0.007208421 30447311 0.04850231 -0.103845 0.1328933
0.1175608 -0.08851357 0.006927505 30677178 0.05122708 -0.1016242 0.1323636
0.1204424 -0.08411522 0.006836429 30897543 0.05373149 -0.09939571 0.1318261
0.1235818 -0.07973535 0.007073 31127889 0.05633964 -0.09700055 0.1315183
0.1286347 -0.07100352 0.007307247 31337770 0.0610498 -0.09167786 0.1310453
0.1310221 -0.06642338 0.007611589 31577983 0.06322251 -0.08898599 0.1309015
0.1328611 -0.06217905 0.007556514 31818556 0.0651349 -0.08636864 0.1305779
0.1364294 -0.05326577 0.007766442 32018376 0.06877981 -0.08081289 0.1301222
0.1379557 -0.04918142 0.007722096 32258755 0.07054447 -0.07812698 0.1298865
0.1403724 -0.04084786 0.007852035 32458972 0.07353799 -0.0729316 0.1295485
0.1412701 -0.0368882 0.008020895 32689176 0.07447018 -0.0705349 0.1293136
0.1423662 -0.03303512 0.008319156 32929519 0.07543589 -0.0679936 0.1291682
0.1443101 -0.02608629 0.008820134 33139595 0.07719325 -0.06307943 0.1289579
0.1447876 -0.02285155 0.009004074 33349586 0.07800357 -0.06117256 0.1289109
0.1451932 -0.01982589 0.009117144 33619826 0.07877249 -0.05950125 0.128785
0.1471447 -0.01514109 0.009861963 33800256 0.08025061 -0.05670341 0.1286223
0.1482786 -0.01345654 0.010071 34030200 0.08104582 -0.05551048 0.1284664
0.1491769 -0.01175376 0.01025673 34260404 0.08190082 -0.05449672 0.1283804
0.150019 -0.008770189 0.01038893 34480615 0.0835875 -0.05377682 0.1281493
0.1504741 -0.007625422 0.01070793 34730828 0.08431782 -0.0539027 0.1281303
0.1509747 -0.006438217 0.01114191 34931013 0.08484112 -0.05377944 0.1281522
0.1523695 -0.005541763 0.01195146 35141219 0.08564068 -0.05365368 0.1283076
0.1528238 -0.004790506 0.01254715 35371414 0.08615462 -0.05386229 0.128536
0.1533655 -0.004032216 0.01314242 35591609 0.08686159 -0.05430396 0.1287116
0.1538602 -0.002415976 0.0141656 35831826 0.08796249 -0.05504914 0.1290286
0.1541046 -0.001936159 0.01431419 36042028 0.0887152 -0.05499132 0.1292734
0.1540582 -0.001012049 0.01457395 36262218 0.08948182 -0.05497106 0.129572
0.1536658 7.490158E-05 0.01441385 36482433 0.09092996 -0.05508097 0.1298621
0.1531224 0.0005952501 0.0143217 36742644 0.09129948 -0.05510243 0.130002
0.1528471 0.0009028101 0.01442059 36962859 0.09159343 -0.05522629 0.1301953
0.1515312 0.001739302 0.01470776 37173036 0.09186478 -0.05568989 0.1306735
0.1508443 0.001793184 0.01470621 37383534 0.09199113 -0.05588682 0.1309627
0.1501856 0.001675405 0.01456978 37653486 0.09199712 -0.05600603 0.1311597
0.1490729 0.001467028 0.01436611 37823623 0.09200797 -0.05612524 0.1315539
0.1482337 0.001475015 0.01422747 38073861 0.09200314 -0.05638118 0.1316882
0.1475247 0.001611032 0.01420386 38274030 0.09184257 -0.05652161 0.1317893
0.145575 0.001331487 0.01342292 38514263 0.09181811 -0.0566345 0.1319826
0.1452997 0.001159468 0.01325824 38744450 0.09141158 -0.05658074 0.1318685
0.1450901 0.0008927965 0.01297941 38954640 0.09098484 -0.05636938 0.1317225
0.1450054 0.0004339599 0.01267775 39185026 0.09001479 -0.05629357 0.1312706
0.1451018 0.0001573944 0.01268085 39395054 0.08959778 -0.05635353 0.1311378
0.1453491 -9.985923E-05 0.01269473 39625253 0.08947931 -0.05649574 0.1310346
0.1460309 -0.0007147407 0.0129223 39835447 0.08919681 -0.05708249 0.1308155
0.1461419 -0.0007911538 0.01320948 40065655 0.08925451 -0.0574096 0.1309567
0.1460574 -0.0006565666 0.01339312 40345912 0.08924083 -0.05776222 0.1309391
0.1461713 4.235744E-05 0.01415678 40506048 0.08957607 -0.05816336 0.1312692
0.1464467 -5.277156E-05 0.01423349 40736264 0.08974163 -0.05820389 0.1313199
0.1468773 6.083488E-05 0.01461853 40986713 0.0896938 -0.05807944 0.1314775
0.1480754 -0.0002122736 0.01520331 41186662 0.08949117 -0.05787619 0.1316035
0.1489138 -0.0004336452 0.01565899 41446893 0.08931492 -0.05805178 0.1315657
0.1498778 0.0002370262 0.01727583 41637255 0.08966316 -0.05953332 0.1317658
0.1499587 0.0006842994 0.0180483 41867297 0.08972318 -0.06064304 0.1317008
0.149756 0.001368203 0.01871212 42107501 0.08993305 -0.06163545 0.1316634
0.1494158 0.003374257 0.02105411 42307682 0.09024859 -0.06385215 0.1318969
0.148738 0.004713811 0.02252151 42558722 0.0901717 -0.06503196 0.1321197
0.1480273 0.005658783 0.02428128 42748063 0.08994839 -0.06637783 0.1326502
0.1475493 0.006348052 0.02665325 43008493 0.08958942 -0.06780132 0.1336522
0.1456296 0.006631054 0.03315349 43188469 0.08831863 -0.07081099 0.1381508
0.1433799 0.004326739 0.0355186 43418867 0.08694465 -0.07311209 0.1409914
0.1409688 0.0001701498 0.04738291 43649038 0.08347029 -0.07956083 0.1505486
0.1403692 -0.001965127 0.05612619 43879100 0.08119102 -0.08399197 0.1565044
0.1400494 -0.006144009 0.06441899 44109296 0.07896183 -0.08856387 0.1633205
