0.3027242 0.009103412 -0.005446126 0 0.2822379 -0.03807417 0.127448
0.3023463 0.008663658 -0.005209617 100099 0.2817119 -0.03895265 0.127505
0.3023463 0.008663658 -0.005209617 210198 0.2817119 -0.03895265 0.127505
0.3028954 0.008501368 -0.005099999 330302 0.2813677 -0.03962526 0.1272882
0.3022969 0.008112502 -0.005625873 440405 0.2811022 -0.03888884 0.1272196
0.3015169 0.007604785 -0.005781869 580528 0.2808188 -0.03912457 0.1272377
0.3015169 0.007604785 -0.005781869 660596 0.2808188 -0.03912457 0.1272377
0.3012655 0.008429601 -0.005358124 770695 0.2805746 -0.03962484 0.1271896
0.3012655 0.008429601 -0.005358124 880794 0.2805746 -0.03962484 0.1271896
0.3002948 0.007480033 -0.005281442 1000902 0.279597 -0.03996365 0.1274851
0.2980677 0.007770816 -0.005815006 1111010 0.2786071 -0.03835644 0.1276009
0.2980677 0.007770816 -0.005815006 1221101 0.2786071 -0.03835644 0.1276009
0.2964403 0.007632199 -0.005525028 1341213 0.2770606 -0.03809758 0.1280394
0.2934221 0.007846912 -0.00597301 1441307 0.2754655 -0.03652067 0.1282482
0.2934221 0.007846912 -0.00597301 1551403 0.2754655 -0.03652067 0.1282482
0.2904845 0.007877833 -0.005921367 1691529 0.2732382 -0.03575598 0.1286331
0.2868964 0.007955064 -0.005928975 1781606 0.2706321 -0.03493948 0.128985
0.2868964 0.007955064 -0.005928975 1881700 0.2706321 -0.03493948 0.128985
0.2835672 0.007538081 -0.005568997 2001809 0.2675232 -0.03483666 0.1295355
0.2793196 0.007789497 -0.005549372 2111904 0.2640893 -0.03381766 0.1298875
0.2793196 0.007789497 -0.005549372 2222003 0.2640893 -0.03381766 0.1298875
0.2753203 0.007789418 -0.005436121 2342111 0.2601832 -0.032841 0.1303073
0.2707287 0.007120995 -0.005422468 2452214 0.2557358 -0.03195311 0.1307931
0.2707287 0.007120995 -0.005422468 2562314 0.2557358 -0.03195311 0.1307931
0.2649761 0.007321235 -0.005653286 2672413 0.2507045 -0.0304202 0.1310148
0.2581811 0.005241381 -0.006412834 2802530 0.2452909 -0.02977165 0.131116
0.2581811 0.005241381 -0.006412834 2892611 0.2452909 -0.02977165 0.131116
0.2519035 0.004730538 -0.006699618 3002711 0.2400092 -0.0286264 0.1313297
0.2457875 0.004622887 -0.006748206 3122819 0.2342578 -0.02799767 0.1314879
0.2457875 0.004622887 -0.006748206 3232914 0.2342578 -0.02799767 0.1314879
0.2390336 0.005171261 -0.006742695 3343013 0.2283929 -0.02704782 0.1316587
0.2320324 0.005775237 -0.006700053 3453117 0.2222266 -0.0258096 0.1319091
0.2320324 0.005775237 -0.006700053 3563224 0.2222266 -0.0258096 0.1319091
0.2249929 0.006387478 -0.006578675 3673315 0.2155045 -0.02425708 0.1322635
0.2176147 0.006922971 -0.006384793 3783410 0.2083183 -0.02239823 0.1327558
0.2176147 0.006922971 -0.006384793 3893513 0.2083183 -0.02239823 0.1327558
0.2093779 0.007772076 -0.006426121 4003609 0.2007283 -0.02063826 0.1329449
0.2008269 0.008617545 -0.006249027 4123721 0.1933396 -0.01929827 0.1332891
0.1923066 0.009265027 -0.006093406 4233824 0.185903 -0.01811428 0.1336049
0.1923066 0.009265027 -0.006093406 4343915 0.185903 -0.01811428 0.1336049
0.1833131 0.009344158 -0.006164109 4464024 0.177724 -0.01688568 0.1337895
0.1745586 0.009333119 -0.00607489 4564118 0.1690312 -0.01552004 0.1341322
0.1745586 0.009333119 -0.00607489 4684222 0.1690312 -0.01552004 0.1341322
0.1648877 0.009517399 -0.006083632 4794329 0.1599136 -0.01437662 0.1343108
0.154606 0.00991326 -0.006156451 4904420 0.1506354 -0.01352011 0.1343475
0.154606 0.00991326 -0.006156451 5014524 0.1506354 -0.01352011 0.1343475
0.1440839 0.009930847 -0.00627222 5124619 0.1410999 -0.01289541 0.1343561
0.1337978 0.009797517 -0.006364118 5244735 0.1311427 -0.01201204 0.134432
0.1337978 0.009797517 -0.006364118 5364839 0.1311427 -0.01201204 0.134432
0.1232784 0.00942304 -0.006516844 5454917 0.1206293 -0.01120102 0.1344579
0.1124628 0.009558997 -0.006541891 5575029 0.1098109 -0.01061739 0.1344976
0.1124628 0.009558997 -0.006541891 5685124 0.1098109 -0.01061739 0.1344976
0.1010652 0.009794047 -0.006535897 5805236 0.09917733 -0.01060856 0.1344833
0.08933847 0.01008985 -0.006533545 5905322 0.0883594 -0.01079607 0.1344241
0.08933847 0.01008985 -0.006533545 6025439 0.0883594 -0.01079607 0.1344241
0.07792999 0.01021396 -0.006551373 6135534 0.07688375 -0.01053929 0.1344254
0.06668984 0.01052049 -0.006462075 6245633 0.0649806 -0.009904353 0.1345562
0.06668984 0.01052049 -0.006462075 6355736 0.0649806 -0.009904353 0.1345562
0.05479565 0.01085645 -0.006426208 6485850 0.05305779 -0.009414713 0.1346139
0.04261443 0.01117756 -0.006460485 6575927 0.0413383 -0.008910483 0.1346107
0.04261443 0.01117756 -0.006460485 6686030 0.0413383 -0.008910483 0.1346107
0.03044463 0.01143672 -0.006397762 6796125 0.02963036 -0.008439439 0.1347069
0.01814569 0.01087386 -0.006432463 6916233 0.01766929 -0.00802952 0.1348073
0.01814569 0.01087386 -0.006432463 7026337 0.01766929 -0.00802952 0.1348073
0.006281054 0.01169732 -0.006502437 7146445 0.005809218 -0.007169316 0.1347423
-0.006073116 0.01252902 -0.006681572 7246531 -0.006052328 -0.006273675 0.1345725
-0.006073116 0.01252902 -0.006681572 7356630 -0.006052328 -0.006273675 0.1345725
-0.01809867 0.01309966 -0.006821164 7476747 -0.01756628 -0.005626372 0.1344421
-0.02984026 0.01413327 -0.00689401 7596851 -0.02919698 -0.005158134 0.1342927
-0.02984026 0.01413327 -0.00689401 7696937 -0.02919698 -0.005158134 0.1342927
-0.04141111 0.01503016 -0.006752613 7807044 -0.04125056 -0.00411954 0.1344548
-0.05348041 0.01569769 -0.006692991 7937158 -0.0531029 -0.002958554 0.13458
-0.05348041 0.01569769 -0.006692991 8027239 -0.0531029 -0.002958554 0.13458
-0.06536625 0.01593848 -0.006758818 8137334 -0.06476337 -0.002093223 0.1345944
-0.07706737 0.01717827 -0.006713494 8257446 -0.07574516 -0.001375856 0.1345672
-0.07706737 0.01717827 -0.006713494 8367545 -0.07574516 -0.001375856 0.1345672
-0.08910426 0.01718346 -0.006715777 8477645 -0.08667547 -0.001197921 0.1345728
-0.1005857 0.01770751 -0.006693558 8587744 -0.09760649 -0.0008227887 0.1345651
-0.1005857 0.01770751 -0.006693558 8727866 -0.09760649 -0.0008227887 0.1345651
-0.1116552 0.01785956 -0.006588153 8807938 -0.1086703 -0.0001819273 0.1347336
-0.1234858 0.01807241 -0.006512407 8928063 -0.1193588 0.0005366777 0.1348443
-0.1234858 0.01807241 -0.006512407 9038150 -0.1193588 0.0005366777 0.1348443
-0.1343723 0.01830737 -0.006487686 9148249 -0.1293628 0.0008605529 0.1348515
-0.1443075 0.01926901 -0.006147329 9258348 -0.1389242 0.001125515 0.1350904
-0.1443075 0.01926901 -0.006147329 9368447 -0.1389242 0.001125515 0.1350904
-0.1561972 0.01941521 -0.006243239 9488552 -0.1490758 0.001158399 0.1349029
-0.1667793 0.01995843 -0.006022429 9598655 -0.1586111 0.001088492 0.1349863
-0.1667793 0.01995843 -0.006022429 9708750 -0.1586111 0.001088492 0.1349863
-0.1772266 0.01956786 -0.005896847 9818849 -0.1683423 0.001296391 0.1351474
-0.1880063 0.01927037 -0.005938387 9928953 -0.1784595 0.001746291 0.1351574
-0.1880063 0.01927037 -0.005938387 10039048 -0.1784595 0.001746291 0.1351574
-0.198403 0.01965035 -0.00598712 10149151 -0.1881305 0.002213159 0.1350684
-0.209048 0.02012474 -0.005893635 10269259 -0.197171 0.002163226 0.13497
-0.209048 0.02012474 -0.005893635 10379359 -0.197171 0.002163226 0.13497
-0.2190181 0.02044669 -0.005943078 10509472 -0.2058462 0.002114494 0.1347576
-0.228672 0.02056329 -0.005936224 10599553 -0.21465 0.002330879 0.1346952
-0.228672 0.02056329 -0.005936224 10709652 -0.21465 0.002330879 0.1346952
-0.2382684 0.02030176 -0.006050922 10839778 -0.2234407 0.002554513 0.13456
-0.2475875 0.02068622 -0.006071082 10939864 -0.2314068 0.00283001 0.1343767
-0.2475875 0.02068622 -0.006071082 11049959 -0.2314068 0.00283001 0.1343767
-0.2568902 0.02129473 -0.005919565 11180080 -0.2385674 0.002910992 0.1341967
-0.2660108 0.0215179 -0.005961419 11270161 -0.2456222 0.00277647 0.1338217
-0.2660108 0.0215179 -0.005961419 11380261 -0.2456222 0.00277647 0.1338217
-0.273997 0.02145458 -0.006035889 11500377 -0.2531168 0.002866099 0.1336951
-0.2810901 0.02132243 -0.006046935 11610464 -0.2605107 0.003167634 0.1337856
-0.2810901 0.02132243 -0.006046935 11720571 -0.2605107 0.003167634 0.1337856
-0.2882036 0.02120433 -0.005982344 11830666 -0.2669098 0.003265098 0.133771
-0.294593 0.02143746 -0.00597861 11940766 -0.2721381 0.003116716 0.1335434
-0.294593 0.02143746 -0.00597861 12050861 -0.2721381 0.003116716 0.1335434
-0.300673 0.02152107 -0.006031077 12160960 -0.2771243 0.003025532 0.1332874
-0.3058842 0.02176473 -0.006260816 12281072 -0.2822413 0.0033609 0.1330538
-0.3058842 0.02176473 -0.006260816 12391172 -0.2822413 0.0033609 0.1330538
-0.3107183 0.02149361 -0.006016511 12501267 -0.2868517 0.003633581 0.1333307
-0.3161389 0.02148 -0.005892918 12611382 -0.2912072 0.004078941 0.1333259
-0.3161389 0.02148 -0.005892918 12721465 -0.2912072 0.004078941 0.1333259
-0.3216478 0.02159032 -0.00578888 12831564 -0.294825 0.004248825 0.1330854
-0.3268749 0.0214444 -0.005799627 12941664 -0.2979622 0.004134264 0.1326586
-0.3268749 0.0214444 -0.005799627 13061776 -0.2979622 0.004134264 0.1326586
-0.3318316 0.02152636 -0.005864797 13171875 -0.3014286 0.004039663 0.1322515
-0.3360431 0.02127562 -0.005953299 13281970 -0.3051658 0.003928186 0.1320754
-0.3360431 0.02127562 -0.005953299 13392078 -0.3051658 0.003928186 0.1320754
-0.3395087 0.02127152 -0.005928862 13512194 -0.3088982 0.003791076 0.1321425
-0.3427355 0.02113755 -0.005940043 13612276 -0.312362 0.003557147 0.1321709
-0.3457367 0.02085057 -0.005898288 13752394 -0.315186 0.00323374 0.1321689
-0.3457367 0.02085057 -0.005898288 13842488 -0.315186 0.00323374 0.1321689
-0.3484208 0.02091219 -0.005880311 13952579 -0.3175347 0.003061615 0.1320822
-0.3484208 0.02091219 -0.005880311 14062678 -0.3175347 0.003061615 0.1320822
-0.3506641 0.02079248 -0.006108948 14172777 -0.3196928 0.003116921 0.131857
-0.353195 0.02062698 -0.006014033 14282872 -0.3215814 0.003286611 0.1318488
-0.353195 0.02062698 -0.006014033 14392972 -0.3215814 0.003286611 0.1318488
-0.3559828 0.02046122 -0.005990268 14513084 -0.3234032 0.003571995 0.1317035
-0.3581175 0.02017269 -0.005972881 14623183 -0.3248862 0.003825724 0.1316306
-0.3581175 0.02017269 -0.005972881 14743287 -0.3248862 0.003825724 0.1316306
-0.3596932 0.02008785 -0.00589913 14843378 -0.3260889 0.003969569 0.1316407
-0.3606804 0.01997047 -0.005861688 14953489 -0.3270284 0.003940878 0.1316768
-0.3606804 0.01997047 -0.005861688 15073585 -0.3270284 0.003940878 0.1316768
-0.3610088 0.0197853 -0.005869162 15193693 -0.3274049 0.003749142 0.1316804
-0.3608219 0.01981375 -0.00589186 15293783 -0.3274482 0.003335144 0.1316614
-0.3608219 0.01981375 -0.00589186 15403883 -0.3274482 0.003335144 0.1316614
-0.3608479 0.0198529 -0.005852199 15513982 -0.3271228 0.002825014 0.1315483
-0.3598487 0.01892113 -0.005867574 15624089 -0.3273445 0.002643412 0.1319176
-0.3572719 0.01864912 -0.005083573 15754215 -0.3279254 0.001935784 0.1333567
-0.3572719 0.01864912 -0.005083573 15854293 -0.3279254 0.001935784 0.1333567
-0.3552397 0.01896691 -0.002765906 15984410 -0.3286718 -0.000201914 0.135917
-0.3526981 0.01922958 0.0001618999 16074487 -0.3295935 -0.002774044 0.1390441
-0.3526981 0.01922958 0.0001618999 16184590 -0.3295935 -0.002774044 0.1390441
-0.3499109 0.01903494 0.003767611 16294685 -0.3310137 -0.005072098 0.1429366
-0.3474518 0.01916517 0.008451805 16414806 -0.333018 -0.007467843 0.1476948
