0.3000938 0.01552968 -0.006918673 0 0.2075328 0.07277658 0.08506768
0.3000938 0.01552968 -0.006918673 120108 0.2075328 0.07277658 0.08506768
0.2997917 0.0194719 -0.00706427 220195 0.207 0.07529746 0.08556097
0.2994582 0.02431269 -0.007181637 330298 0.2063002 0.0784461 0.08607827
0.2994582 0.02431269 -0.007181637 440401 0.2063002 0.0784461 0.08607827
0.2986985 0.02961482 -0.00737066 550496 0.2051949 0.08198499 0.08654787
0.2978928 0.03581857 -0.007414174 670605 0.2038191 0.08620463 0.08701903
0.2978928 0.03581857 -0.007414174 780712 0.2038191 0.08620463 0.08701903
0.2965524 0.04234545 -0.007593217 890811 0.2020441 0.09082966 0.08739992
0.2953025 0.0498112 -0.007553552 1020916 0.1999836 0.09592633 0.08780864
0.2953025 0.0498112 -0.007553552 1110997 0.1999836 0.09592633 0.08780864
0.2940227 0.05793006 -0.007198844 1221101 0.1977399 0.1017479 0.08827825
0.2920478 0.06602256 -0.007042807 1341225 0.195004 0.1076159 0.08865847
0.2920478 0.06602256 -0.007042807 1461317 0.195004 0.1076159 0.08865847
0.2895207 0.07452901 -0.007054662 1561407 0.1917423 0.1137044 0.08891878
0.2863241 0.08323748 -0.00708885 1671502 0.1879818 0.1201678 0.08919814
0.2863241 0.08323748 -0.00708885 1781602 0.1879818 0.1201678 0.08919814
0.2829739 0.09279688 -0.007129244 1891705 0.1837393 0.1268989 0.08928542
0.2786037 0.1026037 -0.007386532 2011809 0.1785634 0.1337661 0.08919024
0.2786037 0.1026037 -0.007386532 2121912 0.1785634 0.1337661 0.08919024
0.2738787 0.1127947 -0.007559137 2232012 0.1728869 0.1410916 0.08890948
0.2680007 0.1231662 -0.008029744 2342119 0.1665703 0.1489985 0.08866993
0.2680007 0.1231662 -0.008029744 2452214 0.1665703 0.1489985 0.08866993
0.2623478 0.1337031 -0.007995166 2572314 0.160201 0.1567832 0.08864632
0.2561957 0.1446422 -0.007845546 2672409 0.1535227 0.164579 0.08893783
0.2561957 0.1446422 -0.007845546 2792517 0.1535227 0.164579 0.08893783
0.2493746 0.1555175 -0.007762832 2922634 0.146485 0.1720908 0.08942413
0.2420116 0.1664861 -0.007720871 3012715 0.1390933 0.1795196 0.08997357
0.2420116 0.1664861 -0.007720871 3122814 0.1390933 0.1795196 0.08997357
0.2335208 0.1763796 -0.007971984 3232914 0.130862 0.1864906 0.09033971
0.2256259 0.1870175 -0.007579448 3353026 0.1228447 0.1937839 0.09089122
0.2256259 0.1870175 -0.007579448 3463129 0.1228447 0.1937839 0.09089122
0.2173811 0.1968046 -0.007068509 3573220 0.1145004 0.2006313 0.09145645
0.2081047 0.2064028 -0.006967338 3683320 0.1057758 0.2072454 0.09220082
0.2081047 0.2064028 -0.006967338 3793419 0.1057758 0.2072454 0.09220082
0.1982946 0.2155603 -0.006960148 3913523 0.0968066 0.2133651 0.09304792
0.1880736 0.2240098 -0.007070334 4023638 0.08779329 0.218781 0.09403736
0.1880736 0.2240098 -0.007070334 4153744 0.08779329 0.218781 0.09403736
0.1792304 0.2328808 -0.006106902 4243829 0.07884228 0.2236972 0.0946112
0.1685158 0.2391801 -0.006328202 4353924 0.06936823 0.2286816 0.09548429
0.1685158 0.2391801 -0.006328202 4464019 0.06936823 0.2286816 0.09548429
0.1581064 0.2455214 -0.006093617 4584131 0.05984113 0.23301 0.09634484
0.1473624 0.2510906 -0.0059939 4684218 0.05014442 0.2368519 0.09721544
0.1473624 0.2510906 -0.0059939 4804334 0.05014442 0.2368519 0.09721544
0.1363533 0.2559483 -0.005994319 4914425 0.04030452 0.2400699 0.09806697
0.1251032 0.2606993 -0.005974205 5024528 0.030352 0.243164 0.09900658
0.1251032 0.2606993 -0.005974205 5134628 0.030352 0.243164 0.09900658
0.1136992 0.2643515 -0.006049349 5244727 0.02027382 0.2455861 0.09990256
0.1018936 0.2677602 -0.006229992 5364835 0.01007896 0.2477464 0.100895
0.1018936 0.2677602 -0.006229992 5474934 0.01007896 0.2477464 0.100895
0.09000941 0.2705646 -0.006305661 5605052 -0.0001322901 0.2494032 0.1020129
0.07850332 0.2734274 -0.005988148 5695137 -0.01025152 0.2510076 0.1032189
0.07850332 0.2734274 -0.005988148 5805236 -0.01025152 0.2510076 0.1032189
0.06674607 0.2762281 -0.00593422 5925336 -0.02028287 0.2522366 0.1043228
0.05473292 0.2784564 -0.006002878 6035439 -0.03039205 0.2530611 0.10542
0.05473292 0.2784564 -0.006002878 6145535 -0.03039205 0.2530611 0.10542
0.04280384 0.2804497 -0.005940197 6255638 -0.0405587 0.2537626 0.1065086
0.03089621 0.2818104 -0.005959261 6365737 -0.0508555 0.2542794 0.1074645
0.03089621 0.2818104 -0.005959261 6475836 -0.0508555 0.2542794 0.1074645
0.01920445 0.2830008 -0.005759782 6585931 -0.06119032 0.2546015 0.1084173
0.007339527 0.283884 -0.005646447 6706044 -0.07153656 0.2545041 0.1093389
0.007339527 0.283884 -0.005646447 6816143 -0.07153656 0.2545041 0.1093389
-0.004502053 0.2843601 -0.005469539 6926242 -0.08178376 0.253911 0.1103175
-0.01608016 0.2836297 -0.005341982 7036337 -0.09180628 0.2529467 0.1114071
-0.01608016 0.2836297 -0.005341982 7146441 -0.09180628 0.2529467 0.1114071
-0.02805036 0.2821973 -0.00561324 7256536 -0.1018125 0.2519659 0.112503
-0.03948035 0.2811445 -0.005474535 7366639 -0.1116501 0.2504832 0.1135114
-0.03948035 0.2811445 -0.005474535 7486747 -0.1116501 0.2504832 0.1135114
-0.05029433 0.2796415 -0.005157638 7596842 -0.1212747 0.2487314 0.1144776
-0.06070226 0.2778315 -0.004801179 7706942 -0.1306001 0.2467303 0.1154205
-0.07175528 0.2758121 -0.004969594 7837063 -0.1396548 0.2443821 0.1163072
-0.07175528 0.2758121 -0.004969594 7937157 -0.1396548 0.2443821 0.1163072
-0.08258637 0.2725258 -0.005149215 8037247 -0.148288 0.2413984 0.1174095
-0.08258637 0.2725258 -0.005149215 8147343 -0.148288 0.2413984 0.1174095
-0.09262513 0.2692802 -0.005106213 8267447 -0.1566342 0.2381663 0.1183482
-0.1026084 0.2653494 -0.005121363 8377558 -0.1648571 0.2345247 0.1193021
-0.1026084 0.2653494 -0.005121363 8487649 -0.1648571 0.2345247 0.1193021
-0.1119744 0.2611524 -0.005086372 8607766 -0.1728431 0.230826 0.1201396
-0.1210936 0.2567608 -0.004907994 8707856 -0.1804662 0.2269575 0.1211591
-0.1210936 0.2567608 -0.004907994 8827956 -0.1804662 0.2269575 0.1211591
-0.1301153 0.2520625 -0.004852782 8958073 -0.1879075 0.2227181 0.1220536
-0.139087 0.2470807 -0.004816691 9038141 -0.1951603 0.2181859 0.1229609
-0.139087 0.2470807 -0.004816691 9158250 -0.1951603 0.2181859 0.1229609
-0.1475409 0.2418234 -0.004796238 9268349 -0.2022271 0.2134333 0.1236938
-0.1557244 0.235923 -0.004771542 9378448 -0.2090973 0.2084173 0.1244608
-0.1557244 0.235923 -0.004771542 9488551 -0.2090973 0.2084173 0.1244608
-0.1634445 0.2299111 -0.004666209 9608660 -0.2156599 0.2034128 0.1252477
-0.1707203 0.2234537 -0.004624795 9718755 -0.2216391 0.1981227 0.1260345
-0.1776757 0.2169747 -0.00448084 9828858 -0.2273658 0.1925868 0.1268294
-0.1776757 0.2169747 -0.00448084 9948962 -0.2273658 0.1925868 0.1268294
-0.1842311 0.2102037 -0.004489363 10079088 -0.2328466 0.1868674 0.1274129
-0.1908239 0.2028631 -0.004559698 10169173 -0.2382021 0.1809099 0.1280284
-0.1908239 0.2028631 -0.004559698 10279260 -0.2382021 0.1809099 0.1280284
-0.1969227 0.1954552 -0.004525189 10409381 -0.2432617 0.1749714 0.128664
-0.1969227 0.1954552 -0.004525189 10499462 -0.2432617 0.1749714 0.128664
-0.2025691 0.1879069 -0.004457351 10609558 -0.2481366 0.1687922 0.1292007
-0.2076327 0.1800772 -0.004334652 10719657 -0.2526227 0.1625522 0.1297363
-0.2125922 0.1719655 -0.004234372 10859783 -0.2567672 0.1561107 0.1303146
-0.2125922 0.1719655 -0.004234372 10949868 -0.2567672 0.1561107 0.1303146
-0.2169888 0.1638505 -0.004110717 11049954 -0.2604998 0.1496548 0.1308393
-0.2213454 0.1555984 -0.003956369 11170067 -0.2641644 0.1431688 0.1313887
-0.2213454 0.1555984 -0.003956369 11280166 -0.2641644 0.1431688 0.1313887
-0.2254803 0.1470219 -0.003811977 11390261 -0.2675728 0.1364745 0.1319202
-0.2290401 0.1379694 -0.003670169 11500381 -0.27046 0.1297176 0.1324274
-0.2290401 0.1379694 -0.003670169 11640487 -0.27046 0.1297176 0.1324274
-0.2319591 0.1290907 -0.003425861 11720563 -0.2729055 0.1229098 0.1329246
-0.2345252 0.1199603 -0.003154495 11840675 -0.2750756 0.1160087 0.1333969
-0.2345252 0.1199603 -0.003154495 11940761 -0.2750756 0.1160087 0.1333969
-0.2369714 0.1105118 -0.003001274 12060870 -0.2770157 0.1088553 0.1337465
-0.238655 0.1009219 -0.002900866 12170965 -0.2786384 0.1014914 0.1338736
-0.238655 0.1009219 -0.002900866 12281064 -0.2786384 0.1014914 0.1338736
-0.2406717 0.09114339 -0.002963073 12391163 -0.2800482 0.09412014 0.1339561
-0.2424576 0.08117376 -0.002979633 12511271 -0.2811315 0.08673286 0.1340593
-0.2424576 0.08117376 -0.002979633 12621371 -0.2811315 0.08673286 0.1340593
-0.2441397 0.07171611 -0.003185603 12751496 -0.2819765 0.07954848 0.1339759
-0.2448895 0.0613702 -0.00304825 12841569 -0.282483 0.07191007 0.1339987
-0.2448895 0.0613702 -0.00304825 12951668 -0.282483 0.07191007 0.1339987
-0.2456263 0.05170443 -0.002989687 13061768 -0.2831622 0.06462229 0.1338694
-0.2459284 0.04178144 -0.002920635 13181876 -0.2836715 0.05731535 0.1336092
-0.2459284 0.04178144 -0.002920635 13291975 -0.2836715 0.05731535 0.1336092
-0.246328 0.03224058 -0.002899146 13402074 -0.2840466 0.04996955 0.1333698
-0.2465288 0.02209348 -0.002802867 13512178 -0.2841332 0.0428215 0.1330739
-0.2465288 0.02209348 -0.002802867 13622273 -0.2841332 0.0428215 0.1330739
-0.2459202 0.01231355 -0.002563519 13742381 -0.2835762 0.0357047 0.1328658
-0.2449044 0.002606262 -0.002297456 13842471 -0.2826649 0.02850699 0.1326453
-0.2449044 0.002606262 -0.002297456 13962587 -0.2826649 0.02850699 0.1326453
-0.2434177 -0.006669898 -0.002167975 14072683 -0.2815603 0.02176442 0.1321558
-0.2411575 -0.01627064 -0.002018958 14182786 -0.2800753 0.01463791 0.1315337
-0.2411575 -0.01627064 -0.002018958 14292881 -0.2800753 0.01463791 0.1315337
-0.2404378 -0.02538942 -0.002216497 14412985 -0.2783476 0.007642771 0.1311175
-0.2385754 -0.03555453 -0.001700647 14513075 -0.2763097 0.0008529643 0.1308016
-0.2385754 -0.03555453 -0.001700647 14633184 -0.2763097 0.0008529643 0.1308016
-0.2344429 -0.04302215 -0.001671145 14743283 -0.2733887 -0.005463789 0.1301577
-0.2322042 -0.05151645 -0.001703246 14853386 -0.2703432 -0.01225284 0.1298643
-0.2322042 -0.05151645 -0.001703246 14993533 -0.2703432 -0.01225284 0.1298643
-0.2287771 -0.0600825 -0.001510761 15073581 -0.2669803 -0.01862861 0.1293645
-0.2244156 -0.06841276 -0.001423571 15183680 -0.2630903 -0.02493134 0.1286529
-0.2244156 -0.06841276 -0.001423571 15293779 -0.2630903 -0.02493134 0.1286529
-0.2202393 -0.07700328 -0.00141761 15413887 -0.2586445 -0.03142291 0.1280186
-0.216164 -0.08499771 -0.00141234 15523987 -0.2540959 -0.03747789 0.1274647
-0.216164 -0.08499771 -0.00141234 15634090 -0.2540959 -0.03747789 0.1274647
-0.2109699 -0.09261997 -0.001318661 15754198 -0.2492843 -0.04355912 0.1268659
-0.2057108 -0.1001568 -0.001330732 15864301 -0.2441897 -0.04949408 0.1261797
-0.2057108 -0.1001568 -0.001330732 15964387 -0.2441897 -0.04949408 0.1261797
-0.199839 -0.1073523 -0.001327628 16084492 -0.2388845 -0.05500492 0.1253272
-0.1938199 -0.114733 -0.001214284 16194591 -0.2332347 -0.06042058 0.1244952
-0.1938199 -0.114733 -0.001214284 16304694 -0.2332347 -0.06042058 0.1244952
-0.1879754 -0.1216474 -0.001306895 16424802 -0.2271491 -0.06570268 0.1237605
-0.1818475 -0.1281063 -0.001300989 16534902 -0.2209627 -0.07072559 0.1231325
-0.1818475 -0.1281063 -0.001300989 16644997 -0.2209627 -0.07072559 0.1231325
-0.1750961 -0.1341242 -0.001373965 16755096 -0.2147592 -0.07543325 0.1222725
-0.1682009 -0.1400593 -0.00134406 16875204 -0.208397 -0.07983567 0.1213899
-0.1682009 -0.1400593 -0.00134406 16975294 -0.208397 -0.07983567 0.1213899
-0.1611947 -0.1457421 -0.001257561 17085394 -0.201917 -0.08401105 0.1205505
-0.1537542 -0.1508707 -0.001367123 17205502 -0.1950111 -0.08795337 0.1196515
-0.1537542 -0.1508707 -0.001367123 17315609 -0.1950111 -0.08795337 0.1196515
-0.1463357 -0.1559156 -0.00136258 17425704 -0.1879862 -0.09178516 0.1188821
-0.1389485 -0.1609315 -0.001319738 17535804 -0.1808833 -0.09549879 0.1181218
-0.1309084 -0.165508 -0.001531228 17665921 -0.1733907 -0.09912305 0.1171892
-0.1309084 -0.165508 -0.001531228 17755998 -0.1733907 -0.09912305 0.1171892
-0.123067 -0.1701145 -0.001413495 17866097 -0.1661255 -0.1023724 0.1163287
-0.123067 -0.1701145 -0.001413495 17986218 -0.1661255 -0.1023724 0.1163287
-0.1155786 -0.1746973 -0.001423959 18106318 -0.1587237 -0.1054875 0.1154296
-0.108051 -0.1788839 -0.001639329 18206412 -0.1509345 -0.1083583 0.1145217
-0.108051 -0.1788839 -0.001639329 18316507 -0.1509345 -0.1083583 0.1145217
-0.1005979 -0.1824366 -0.002089823 18436615 -0.1431201 -0.1109603 0.1136221
-0.09390652 -0.1858133 -0.002613782 18536714 -0.1358883 -0.1133188 0.1126612
-0.09390652 -0.1858133 -0.002613782 18646809 -0.1358883 -0.1133188 0.1126612
-0.08596594 -0.1894927 -0.002439325 18766913 -0.1285201 -0.1156242 0.1117484
-0.07888259 -0.1930709 -0.00235579 18877012 -0.1216692 -0.1176671 0.1107363
-0.07888259 -0.1930709 -0.00235579 18987116 -0.1216692 -0.1176671 0.1107363
-0.06969951 -0.1954815 -0.002431926 19107220 -0.1140454 -0.1191417 0.1094248
-0.06180765 -0.1980866 -0.002460347 19207310 -0.1069523 -0.1205825 0.1082705
-0.06180765 -0.1980866 -0.002460347 19317405 -0.1069523 -0.1205825 0.1082705
-0.05389138 -0.2001822 -0.002523978 19437513 -0.09984967 -0.1217556 0.1072181
-0.04553754 -0.2019985 -0.002490025 19557626 -0.09262104 -0.1227466 0.106177
-0.04553754 -0.2019985 -0.002490025 19657712 -0.09262104 -0.1227466 0.106177
-0.03700403 -0.20356 -0.002479872 19767815 -0.08530768 -0.1235593 0.1050975
-0.02865925 -0.2050629 -0.002426418 19877910 -0.07816508 -0.1243692 0.1040816
-0.02865925 -0.2050629 -0.002426418 19998031 -0.07816508 -0.1243692 0.1040816
-0.02045319 -0.2063594 -0.002510934 20108126 -0.07081581 -0.1249033 0.1030104
-0.01208793 -0.2075282 -0.002645196 20218225 -0.06326946 -0.1253942 0.1019526
-0.01208793 -0.2075282 -0.002645196 20328316 -0.06326946 -0.1253942 0.1019526
-0.003789112 -0.2075472 -0.003261802 20438420 -0.05595579 -0.125292 0.1007524
0.004227652 -0.2082973 -0.003596381 20548519 -0.04834308 -0.1255997 0.09986214
0.004227652 -0.2082973 -0.003596381 20668627 -0.04834308 -0.1255997 0.09986214
0.01258676 -0.2085295 -0.003760645 20768713 -0.04114499 -0.125891 0.09914719
0.02112973 -0.2097345 -0.003163597 20888830 -0.03366581 -0.1263503 0.09857509
0.02936413 -0.2100613 -0.003034961 21028948 -0.0263659 -0.1262817 0.09786786
0.02936413 -0.2100613 -0.003034961 21109020 -0.0263659 -0.1262817 0.09786786
0.03840597 -0.2093966 -0.003467916 21229144 -0.01909867 -0.1259707 0.09672977
0.04744286 -0.2090831 -0.003256171 21329218 -0.01192093 -0.1257395 0.09592056
0.04744286 -0.2090831 -0.003256171 21449331 -0.01192093 -0.1257395 0.09592056
0.05523425 -0.2085861 -0.003405811 21559430 -0.004830533 -0.12521 0.0953205
0.06319836 -0.2079952 -0.003467889 21669529 0.002097537 -0.124604 0.09460786
0.06319836 -0.2079952 -0.003467889 21779624 0.002097537 -0.124604 0.09460786
0.07099172 -0.2079404 -0.003055118 21889723 0.009118731 -0.1239953 0.0940593
0.07943481 -0.2065984 -0.003449297 22009836 0.01638078 -0.1229562 0.0931655
0.07943481 -0.2065984 -0.003449297 22119943 0.01638078 -0.1229562 0.0931655
0.08765768 -0.2050053 -0.003703979 22230034 0.02350016 -0.1215839 0.09237371
0.09591264 -0.2032895 -0.00376956 22330120 0.030471 -0.1200753 0.09161937
0.09591264 -0.2032895 -0.00376956 22470251 0.030471 -0.1200753 0.09161937
0.1047324 -0.2015274 -0.003554775 22560332 0.0373259 -0.1185854 0.09069609
0.1127218 -0.1993147 -0.003647565 22670435 0.04407318 -0.1166896 0.08998314
0.1127218 -0.1993147 -0.003647565 22790539 0.04407318 -0.1166896 0.08998314
0.1202118 -0.1971727 -0.00373531 22900643 0.05065149 -0.1146582 0.0893182
0.1271505 -0.1950357 -0.003895961 23010742 0.05698106 -0.1126 0.08876929
0.1271505 -0.1950357 -0.003895961 23110828 0.05698106 -0.1126 0.08876929
0.1345016 -0.1922308 -0.00402073 23230936 0.06325141 -0.1102893 0.0882574
0.1418983 -0.1892042 -0.004051954 23341031 0.06947619 -0.1078719 0.08785199
0.1418983 -0.1892042 -0.004051954 23451131 0.06947619 -0.1078719 0.08785199
0.1498453 -0.1860062 -0.003814978 23561230 0.07564085 -0.1054595 0.08735623
0.1567425 -0.1824069 -0.004037434 23671329 0.08147322 -0.102661 0.08696461
0.1567425 -0.1824069 -0.004037434 23791441 0.08147322 -0.102661 0.08696461
0.1629058 -0.179219 -0.004397853 23901537 0.08718912 -0.09977251 0.08649489
0.1677898 -0.1770143 -0.005068813 24011636 0.09223828 -0.09754772 0.08594365
0.1677898 -0.1770143 -0.005068813 24121739 0.09223828 -0.09754772 0.08594365
0.1742926 -0.1730714 -0.005237727 24241847 0.09773684 -0.09437258 0.08560261
0.1805504 -0.169102 -0.005429358 24351942 0.1030936 -0.09114442 0.08528611
0.1805504 -0.169102 -0.005429358 24462042 0.1030936 -0.09114442 0.08528611
0.1869599 -0.1648962 -0.005585519 24572145 0.1083972 -0.08788783 0.08498964
0.1930061 -0.1605181 -0.005732111 24692253 0.1136446 -0.08423942 0.08476406
0.1930061 -0.1605181 -0.005732111 24802352 0.1136446 -0.08423942 0.08476406
0.1989986 -0.1556386 -0.005867649 24902439 0.1186954 -0.08035859 0.08463406
0.2038848 -0.1515978 -0.006059066 25012542 0.123669 -0.07638701 0.08457757
0.2038848 -0.1515978 -0.006059066 25132650 0.123669 -0.07638701 0.08457757
0.2092463 -0.1464565 -0.006312029 25242745 0.1284811 -0.07237794 0.08476818
0.2147337 -0.1406204 -0.006599164 25352844 0.1331203 -0.06817671 0.08503824
0.2147337 -0.1406204 -0.006599164 25482970 0.1331203 -0.06817671 0.08503824
0.2199955 -0.1347275 -0.006824541 25573051 0.1374971 -0.06388994 0.08527492
0.2256218 -0.128324 -0.006909006 25683150 0.1418564 -0.05925649 0.08539101
0.2256218 -0.128324 -0.006909006 25793245 0.1418564 -0.05925649 0.08539101
0.2305515 -0.1220524 -0.007076486 25913350 0.1458195 -0.05449948 0.08546184
0.2352849 -0.115947 -0.007181646 26023449 0.1495979 -0.0497356 0.08544683
0.2352849 -0.115947 -0.007181646 26133548 0.1495979 -0.0497356 0.08544683
0.2398364 -0.1098805 -0.007317378 26243651 0.1533071 -0.04483075 0.08535106
0.2442404 -0.1037551 -0.007464697 26353746 0.1566804 -0.04009627 0.08520164
0.2442404 -0.1037551 -0.007464697 26473859 0.1566804 -0.04009627 0.08520164
0.2483068 -0.09790411 -0.007665067 26603976 0.1598782 -0.0354 0.08496255
0.2521438 -0.09179094 -0.008027675 26694057 0.1628999 -0.03046874 0.08460794
0.2521438 -0.09179094 -0.008027675 26804160 0.1628999 -0.03046874 0.08460794
0.2563948 -0.08568435 -0.008015013 26914252 0.166069 -0.02550459 0.08432079
0.2607429 -0.07966309 -0.00775827 27034364 0.1691149 -0.02078049 0.08412967
0.2607429 -0.07966309 -0.00775827 27144463 0.1691149 -0.02078049 0.08412967
0.2643257 -0.07339496 -0.007807973 27254558 0.1718391 -0.0156813 0.08396135
0.2678782 -0.06707067 -0.007849454 27374667 0.1745579 -0.01071645 0.08392073
0.2678782 -0.06707067 -0.007849454 27474761 0.1745579 -0.01071645 0.08392073
0.2712713 -0.06064738 -0.007875807 27594873 0.1772464 -0.005618524 0.08397946
0.2743849 -0.05417385 -0.007910108 27694959 0.179553 -0.0006573681 0.08400917
0.2743849 -0.05417385 -0.007910108 27815063 0.179553 -0.0006573681 0.08400917
0.276911 -0.0479873 -0.008117931 27925167 0.1816819 0.00440121 0.08404012
0.2812895 -0.0401016 -0.007572382 28035262 0.1845702 0.009993909 0.08430838
0.2812895 -0.0401016 -0.007572382 28165391 0.1845702 0.009993909 0.08430838
0.284036 -0.03313678 -0.007425178 28255472 0.1865204 0.01513734 0.08458872
0.2866076 -0.02590849 -0.00736187 28375585 0.1881883 0.02017233 0.08481433
0.2866076 -0.02590849 -0.00736187 28475663 0.1881883 0.02017233 0.08481433
0.2881196 -0.01906302 -0.007696326 28595779 0.1894375 0.02534927 0.08501629
0.2904718 -0.01125346 -0.007260252 28705870 0.1907436 0.03083885 0.08541529
0.2904718 -0.01125346 -0.007260252 28815970 0.1907436 0.03083885 0.08541529
0.2914142 -0.00401618 -0.007506575 28926077 0.1914821 0.0362567 0.08575597
0.2923516 0.003895653 -0.007579145 29036168 0.191863 0.04153614 0.08618373
0.2923516 0.003895653 -0.007579145 29146267 0.191863 0.04153614 0.08618373
0.2930566 0.0120063 -0.007633146 29266379 0.1919722 0.04702514 0.08650428
0.2934153 0.01968983 -0.007678024 29376471 0.1918803 0.05244441 0.08678909
0.2934153 0.01968983 -0.007678024 29486570 0.1918803 0.05244441 0.08678909
0.2933919 0.02730466 -0.007814882 29596669 0.1915422 0.05768652 0.0871053
0.2932021 0.03460763 -0.007846042 29716777 0.191022 0.0627856 0.08739828
0.2930726 0.04155105 -0.007738698 29826881 0.190585 0.06757908 0.08778661
0.2930726 0.04155105 -0.007738698 29936976 0.190585 0.06757908 0.08778661
0.29286 0.0481271 -0.007608442 30047075 0.1901002 0.07183059 0.08822893
0.29286 0.0481271 -0.007608442 30157174 0.1901002 0.07183059 0.08822893
0.2924145 0.0542195 -0.007525069 30277282 0.1895858 0.07595995 0.08870313
0.2919844 0.05871424 -0.007444539 30377377 0.1892243 0.07956701 0.08905297
0.2916882 0.06227524 -0.007434795 30517503 0.1889889 0.08290628 0.08917499
0.2916882 0.06227524 -0.007434795 30597579 0.1889889 0.08290628 0.08917499
0.2914957 0.06429642 -0.00740518 30717683 0.1889225 0.08556602 0.0892001
0.2914957 0.06429642 -0.00740518 30827783 0.1889225 0.08556602 0.0892001
0.2920211 0.06583429 -0.007033261 30947895 0.1891177 0.08747005 0.08913868
0.2916121 0.0655031 -0.007191038 31047981 0.1893961 0.08878136 0.0893297
0.2916662 0.06558663 -0.007124396 31158080 0.1896774 0.08907968 0.08958448
0.2916662 0.06558663 -0.007124396 31268184 0.1896774 0.08907968 0.08958448
0.2914235 0.06571353 -0.007188146 31388284 0.1897084 0.088802 0.08990563
0.2906671 0.06721607 -0.007316741 31498391 0.1891401 0.08762933 0.09056991
0.2906671 0.06721607 -0.007316741 31628500 0.1891401 0.08762933 0.09056991
0.2904808 0.06916987 -0.00512321 31718585 0.1868381 0.08670788 0.09108935
