0.3059446 -0.000559659 -0.007710242 0 0.2337202 -0.04259352 0.1077152
0.3058295 -0.0005432427 -0.007670094 100191 0.2328894 -0.04223969 0.1074272
0.3058295 -0.0005432427 -0.007670094 220194 0.2328894 -0.04223969 0.1074272
0.3058718 -0.0004297309 -0.007545692 330294 0.2319378 -0.04185811 0.107013
0.3054146 -0.0004527379 -0.007529557 440397 0.2307474 -0.04172691 0.1066085
0.3054146 -0.0004527379 -0.007529557 560505 0.2307474 -0.04172691 0.1066085
0.3047692 -0.000238509 -0.007436717 660595 0.2297128 -0.04183995 0.1063267
0.3032001 -0.0003177193 -0.007459218 780699 0.228373 -0.04223608 0.1063389
0.3032001 -0.0003177193 -0.007459218 890803 0.228373 -0.04223608 0.1063389
0.3007975 -0.0006847734 -0.007661453 1030925 0.2266284 -0.04275059 0.1065123
0.2978719 -0.0003354916 -0.007745447 1110997 0.2244401 -0.0431365 0.1066315
0.2978719 -0.0003354916 -0.007745447 1221096 0.2244401 -0.0431365 0.1066315
0.2944203 0.0001206064 -0.007746554 1341213 0.2215243 -0.04325162 0.1067579
0.290224 0.0006360886 -0.007675548 1441295 0.2177657 -0.04314468 0.1069512
0.290224 0.0006360886 -0.007675548 1561407 0.2177657 -0.04314468 0.1069512
0.2854101 0.0008353908 -0.007588693 1671506 0.2132784 -0.04298339 0.1072293
0.2797969 0.0009726963 -0.007512656 1781606 0.2081366 -0.0428431 0.1076013
0.2736276 0.001218149 -0.007355667 1891705 0.2023852 -0.04274182 0.1079625
0.2736276 0.001218149 -0.007355667 2001800 0.2023852 -0.04274182 0.1079625
0.2666888 0.001533073 -0.007196264 2121912 0.1962217 -0.04263412 0.1085184
0.2666888 0.001533073 -0.007196264 2232007 0.1962217 -0.04263412 0.1085184
0.2592751 0.001938578 -0.006997252 2342107 0.1897318 -0.04262543 0.1091235
0.2508783 0.002247855 -0.006978567 2472224 0.1826093 -0.04285957 0.1096872
0.2420378 0.002524741 -0.007069105 2562305 0.1749459 -0.04317815 0.110047
0.2420378 0.002524741 -0.007069105 2682413 0.1749459 -0.04317815 0.110047
0.2330118 0.003172348 -0.006916956 2792521 0.1668363 -0.04344758 0.1103589
0.2232218 0.003369245 -0.006906595 2922715 0.1583208 -0.04388968 0.1108249
0.2232218 0.003369245 -0.006906595 3022720 0.1583208 -0.04388968 0.1108249
0.2132107 0.004024936 -0.006759513 3122818 0.1496886 -0.0442293 0.1113198
0.2026343 0.004635078 -0.006678827 3232909 0.1408632 -0.04464396 0.1119051
0.2026343 0.004635078 -0.006678827 3343013 0.1408632 -0.04464396 0.1119051
0.19185 0.005029066 -0.00662349 3463129 0.1319096 -0.0452611 0.1124743
0.1807369 0.005105728 -0.006646519 3573216 0.1226605 -0.04585746 0.1130871
0.1807369 0.005105728 -0.006646519 3683319 0.1226605 -0.04585746 0.1130871
0.1693979 0.005022449 -0.006693586 3793419 0.1132712 -0.04644011 0.1137541
0.1578594 0.004971944 -0.006679995 3903518 0.1038394 -0.04695325 0.11453
0.1578594 0.004971944 -0.006679995 4013613 0.1038394 -0.04695325 0.11453
0.1461018 0.004861311 -0.006688457 4143734 0.09446318 -0.04743432 0.1153971
0.1341037 0.004722496 -0.006736975 4243825 0.08516324 -0.0481557 0.116206
0.1341037 0.004722496 -0.006736975 4363937 0.08516324 -0.0481557 0.116206
0.1222631 0.004368913 -0.006751187 4464019 0.07583068 -0.04909672 0.1169084
0.1105758 0.003781882 -0.006744612 4574122 0.06642611 -0.05021781 0.1175175
0.1105758 0.003781882 -0.006744612 4684221 0.06642611 -0.05021781 0.1175175
0.09831012 0.003339543 -0.006881997 4794317 0.0567912 -0.05131163 0.1180006
0.08640128 0.002751618 -0.006886039 4914425 0.04726788 -0.05237541 0.1185565
0.08640128 0.002751618 -0.006886039 5024524 0.04726788 -0.05237541 0.1185565
0.07296856 0.00224663 -0.00728023 5134627 0.03711453 -0.05326478 0.1189704
0.06138192 0.002162905 -0.007030177 5244723 0.02759392 -0.05398007 0.1195106
0.06138192 0.002162905 -0.007030177 5364835 0.02759392 -0.05398007 0.1195106
0.04852024 0.002022589 -0.007018565 5474930 0.01778975 -0.05478869 0.1200026
0.03664163 0.002401106 -0.006652053 5605051 0.008567623 -0.05538761 0.1205429
0.03664163 0.002401106 -0.006652053 5695128 0.008567623 -0.05538761 0.1205429
0.02432366 0.0021118 -0.006727767 5805232 -0.0009187595 -0.05617448 0.1208331
0.01224334 0.001969452 -0.006534551 5915327 -0.01047752 -0.05676364 0.1212951
0.01224334 0.001969452 -0.006534551 6025434 -0.01047752 -0.05676364 0.1212951
0.0004312552 0.001388044 -0.006581638 6145542 -0.01980997 -0.05732208 0.1216746
-0.0112865 0.0008667737 -0.006710036 6245625 -0.02872694 -0.05771799 0.1220141
-0.0112865 0.0008667737 -0.006710036 6365741 -0.02872694 -0.05771799 0.1220141
-0.02304313 0.0008767455 -0.006560986 6475836 -0.03779196 -0.05791802 0.1224037
-0.03515269 0.0009175785 -0.006501366 6585943 -0.04657968 -0.05802643 0.1227321
-0.03515269 0.0009175785 -0.006501366 6696039 -0.04657968 -0.05802643 0.1227321
-0.04635543 0.001224295 -0.006218968 6806130 -0.05500084 -0.05792332 0.1231374
-0.05675813 0.001660981 -0.005944097 6916229 -0.06315181 -0.05759914 0.1234916
-0.05675813 0.001660981 -0.005944097 7056355 -0.06315181 -0.05759914 0.1234916
-0.06686584 -0.000180161 -0.006637608 7146436 -0.07139298 -0.05801533 0.1235194
-0.07658994 -0.0008307855 -0.006756171 7256540 -0.0796164 -0.05806849 0.1237081
-0.07658994 -0.0008307855 -0.006756171 7366639 -0.0796164 -0.05806849 0.1237081
-0.08655502 -0.001017148 -0.006774632 7486743 -0.08717268 -0.0581276 0.123779
-0.09570663 -0.001432898 -0.006900476 7596846 -0.09448026 -0.05820635 0.1237958
-0.09570663 -0.001432898 -0.006900476 7706946 -0.09448026 -0.05820635 0.1237958
-0.1058651 -0.00116082 -0.006648235 7817041 -0.1020329 -0.05810067 0.1239251
-0.1154349 -0.0014634 -0.00662334 7927140 -0.1093328 -0.05811255 0.1239901
-0.1154349 -0.0014634 -0.00662334 8037239 -0.1093328 -0.05811255 0.1239901
-0.124979 -0.001840275 -0.006622804 8157347 -0.1165219 -0.05803715 0.1240548
-0.1331638 -0.001353286 -0.006474161 8257438 -0.1232317 -0.05760446 0.1240762
-0.1331638 -0.001353286 -0.006474161 8367541 -0.1232317 -0.05760446 0.1240762
-0.1426332 -0.001379488 -0.006461317 8507870 -0.1300809 -0.05748926 0.1239242
-0.1516724 -0.001266881 -0.006426131 8597744 -0.1369364 -0.05730443 0.1237618
-0.1516724 -0.001266881 -0.006426131 8707848 -0.1369364 -0.05730443 0.1237618
-0.1607871 -0.001511489 -0.006476542 8817943 -0.1437373 -0.05707219 0.1236332
-0.169076 -0.001406038 -0.006474636 8938055 -0.1503957 -0.05668147 0.1235327
-0.169076 -0.001406038 -0.006474636 9048150 -0.1503957 -0.05668147 0.1235327
-0.1776922 -0.001444906 -0.006436578 9148240 -0.1570238 -0.05626623 0.1234622
-0.1861972 -0.001688627 -0.006454872 9268349 -0.1634088 -0.05596923 0.1233162
-0.1861972 -0.001688627 -0.006454872 9378448 -0.1634088 -0.05596923 0.1233162
-0.194572 -0.001629734 -0.006374605 9488547 -0.1694939 -0.0555801 0.1231117
-0.202949 -0.001886647 -0.006361212 9598671 -0.1755944 -0.05534245 0.122869
-0.202949 -0.001886647 -0.006361212 9718759 -0.1755944 -0.05534245 0.122869
-0.21108 -0.002168039 -0.006357532 9828858 -0.1817334 -0.05505908 0.1226679
-0.219084 -0.002696771 -0.006333611 9938961 -0.1879378 -0.05480692 0.1225876
-0.2265793 -0.003053325 -0.006305486 10069074 -0.1938441 -0.0545884 0.1224531
-0.2265793 -0.003053325 -0.006305486 10159151 -0.1938441 -0.0545884 0.1224531
-0.233754 -0.003522159 -0.006289555 10269259 -0.1995703 -0.05447739 0.1223234
-0.233754 -0.003522159 -0.006289555 10379354 -0.1995703 -0.05447739 0.1223234
-0.2406108 -0.003880066 -0.006274085 10499458 -0.2049879 -0.05444391 0.1221025
-0.2471294 -0.004199664 -0.006267842 10609557 -0.2099587 -0.05437237 0.1218231
-0.2471294 -0.004199664 -0.006267842 10719661 -0.2099587 -0.05437237 0.1218231
-0.2534045 -0.00468494 -0.006265726 10839765 -0.2148311 -0.05426591 0.1216407
-0.2591331 -0.005138723 -0.006367544 10939855 -0.2194667 -0.05412194 0.1214349
-0.2591331 -0.005138723 -0.006367544 11059967 -0.2194667 -0.05412194 0.1214349
-0.2645271 -0.0053144 -0.006298486 11170067 -0.223649 -0.05391297 0.1212688
-0.2694948 -0.005809229 -0.006364301 11280162 -0.227506 -0.05373444 0.1210969
-0.2694948 -0.005809229 -0.006364301 11390265 -0.227506 -0.05373444 0.1210969
-0.2741656 -0.006219549 -0.006378564 11500364 -0.2311154 -0.05348562 0.1209746
-0.2786939 -0.006459695 -0.006392434 11620468 -0.2345304 -0.05323318 0.1207613
-0.2786939 -0.006459695 -0.006392434 11720559 -0.2345304 -0.05323318 0.1207613
-0.2824146 -0.006716141 -0.006387383 11830658 -0.237827 -0.05305423 0.1207777
-0.2856857 -0.007096072 -0.006334505 11950770 -0.2405849 -0.05291164 0.120839
-0.2881742 -0.00727011 -0.006293909 12070878 -0.2428929 -0.05294159 0.1208673
-0.2881742 -0.00727011 -0.006293909 12170969 -0.2428929 -0.05294159 0.1208673
-0.2895641 -0.007509691 -0.006282627 12281064 -0.2445095 -0.05308181 0.1209947
-0.2895641 -0.007509691 -0.006282627 12421194 -0.2445095 -0.05308181 0.1209947
-0.2895186 -0.007485641 -0.00629086 12501266 -0.2457704 -0.05322908 0.1213801
-0.2897035 -0.007441781 -0.006195021 12621375 -0.2461146 -0.0531933 0.1215275
-0.2894839 -0.007480372 -0.006274194 12731474 -0.2459995 -0.05315526 0.1215114
-0.2894839 -0.007480372 -0.006274194 12841569 -0.2459995 -0.05315526 0.1215114
-0.2897169 -0.007544436 -0.006240472 12961677 -0.2460004 -0.05303485 0.1215317
-0.2897169 -0.007544436 -0.006240472 13071780 -0.2460004 -0.05303485 0.1215317
-0.2898061 -0.007520132 -0.006179844 13201902 -0.2460952 -0.05293527 0.121621
-0.2899214 -0.007715927 -0.006164846 13281974 -0.2465117 -0.05287467 0.1218294
-0.2898108 -0.007750378 -0.006124758 13402082 -0.2472239 -0.05263801 0.1222407
-0.2898108 -0.007750378 -0.006124758 13512177 -0.2472239 -0.05263801 0.1222407
-0.2897374 -0.007759593 -0.005785251 13622277 -0.248182 -0.0522894 0.1230421
