0.04763334 0.008171505 -0.00600384 0 -0.009287588 0.004140351 0.1245719
0.04593354 0.007401735 -0.005963512 120104 -0.009828353 0.003702895 0.1251211
0.04361146 0.007049864 -0.006000869 220198 -0.01022839 0.003575216 0.1258909
0.04361146 0.007049864 -0.006000869 340315 -0.01022839 0.003575216 0.1258909
0.04043473 0.007292558 -0.006128082 450402 -0.01069686 0.0034218 0.1268262
0.03644595 0.006866117 -0.006078789 560501 -0.01134036 0.002845344 0.1281097
0.03644595 0.006866117 -0.006078789 680613 -0.01134036 0.002845344 0.1281097
0.03176643 0.006684619 -0.006073426 810727 -0.01232631 0.00223952 0.1293604
0.02684598 0.005551197 -0.006179516 900808 -0.01428187 0.002053456 0.1302116
0.0203597 0.004855465 -0.006455997 1010907 -0.01660013 0.001481126 0.1311261
0.0203597 0.004855465 -0.006455997 1141024 -0.01660013 0.001481126 0.1311261
0.01340869 0.00368106 -0.00671432 1231110 -0.01953981 0.0006749441 0.1318917
0.007227295 0.003189118 -0.00701547 1341209 -0.02256257 -5.833689E-05 0.1322981
0.007227295 0.003189118 -0.00701547 1451304 -0.02256257 -5.833689E-05 0.1322981
0.00109903 0.003713749 -0.007191662 1571416 -0.02607816 -0.000261455 0.1326363
-0.004762055 0.004155043 -0.007280708 1681519 -0.02967568 -0.000233057 0.1329559
-0.004762055 0.004155043 -0.007280708 1791627 -0.02967568 -0.000233057 0.1329559
-0.01050606 0.004843669 -0.007416586 1901714 -0.03280144 0.0002146511 0.1332524
-0.01592114 0.005197945 -0.007600296 2011817 -0.03521321 0.0006174314 0.1335135
-0.01592114 0.005197945 -0.007600296 2121908 -0.03521321 0.0006174314 0.1335135
-0.02109858 0.005789944 -0.007703881 2232012 -0.03768593 0.0008236583 0.1337403
-0.02581485 0.006049514 -0.007725039 2352120 -0.0403397 0.0008148035 0.1339361
-0.02581485 0.006049514 -0.007725039 2452210 -0.0403397 0.0008148035 0.1339361
-0.0303893 0.005988783 -0.007745739 2572314 -0.04301816 0.0008577395 0.1341008
-0.03478311 0.006000126 -0.007807791 2682417 -0.04530101 0.000993085 0.1342153
-0.03478311 0.006000126 -0.007807791 2792521 -0.04530101 0.000993085 0.1342153
-0.03927406 0.006172673 -0.007870331 2912625 -0.04720701 0.0007077995 0.1343037
-0.04289654 0.006126265 -0.007995965 3012719 -0.04943415 0.0005064519 0.134243
-0.04289654 0.006126265 -0.007995965 3122814 -0.04943415 0.0005064519 0.134243
-0.04676954 0.005690671 -0.008077418 3242923 -0.05168017 0.0002850163 0.1342353
-0.05069602 0.005571371 -0.008153002 3353026 -0.0538196 -0.0001314277 0.1341986
-0.05069602 0.005571371 -0.008153002 3463121 -0.0538196 -0.0001314277 0.1341986
-0.05435996 0.005738489 -0.008342706 3573220 -0.05582491 -0.0008550814 0.1339971
-0.05766973 0.005774328 -0.008383074 3703333 -0.05812662 -0.001708056 0.1339196
-0.05766973 0.005774328 -0.008383074 3803424 -0.05812662 -0.001708056 0.1339196
-0.05994385 0.005694666 -0.00844339 3913527 -0.06010845 -0.002294874 0.1338324
-0.06105965 0.005955508 -0.008524484 4023626 -0.06136366 -0.002549356 0.1337212
-0.06105965 0.005955508 -0.008524484 4133721 -0.06136366 -0.002549356 0.1337212
-0.06149204 0.005907262 -0.008577341 4243829 -0.06265572 -0.002608464 0.1336632
-0.06282812 0.004461125 -0.007840861 4353928 -0.06399808 -0.002170317 0.1345
-0.06282812 0.004461125 -0.007840861 4464019 -0.06399808 -0.002170317 0.1345
-0.06287383 0.00208787 -0.005475194 4584135 -0.06587998 -0.0004515502 0.1369705
-0.06222234 -0.001354082 -0.001158296 4694235 -0.06787336 0.002186234 0.1411856
-0.06222234 -0.001354082 -0.001158296 4804330 -0.06787336 0.002186234 0.1411856
