0.2870195 -0.008601563 -0.0009003557 0 0.1983938 0.01985047 0.1069987
0.2863091 -0.008731863 -0.0008391729 120108 0.1978489 0.01976408 0.107184
0.2850716 -0.00894657 -0.0007822633 220203 0.1971253 0.0198559 0.1075787
0.2850716 -0.00894657 -0.0007822633 340303 0.1971253 0.0198559 0.1075787
0.2834559 -0.009399648 -0.0004907115 450402 0.196079 0.01984481 0.108212
0.2812679 -0.009706979 -0.0005908983 560501 0.1945218 0.01977151 0.1085529
0.2786852 -0.01031353 -0.0006054157 670609 0.1925792 0.01956588 0.1089356
0.2786852 -0.01031353 -0.0006054157 780704 0.1925792 0.01956588 0.1089356
0.2755281 -0.01114956 -0.0007091832 900804 0.1903613 0.0193843 0.1093842
0.2755281 -0.01114956 -0.0007091832 1010907 0.1903613 0.0193843 0.1093842
0.2719122 -0.01209923 -0.0008534542 1120998 0.1876939 0.01926221 0.1097358
0.2682423 -0.01266842 -0.001031694 1231114 0.1844791 0.01896272 0.1098261
0.2642267 -0.01242725 -0.00155353 1341205 0.1806015 0.01861131 0.1095756
0.2642267 -0.01242725 -0.00155353 1461313 0.1806015 0.01861131 0.1095756
0.2592299 -0.01289658 -0.002036336 1562129 0.1763544 0.0182749 0.109616
0.2532101 -0.01460406 -0.0018994 1681507 0.1719292 0.0183431 0.1104132
0.2532101 -0.01460406 -0.0018994 1791623 0.1719292 0.0183431 0.1104132
0.2465382 -0.01636353 -0.002023771 1901706 0.1675993 0.01865402 0.1113282
0.2399018 -0.01746107 -0.002131921 2011813 0.1628342 0.01908978 0.1120208
0.2399018 -0.01746107 -0.002131921 2121912 0.1628342 0.01908978 0.1120208
0.2337102 -0.0176491 -0.002298344 2242025 0.1573964 0.01934704 0.1122169
0.2266019 -0.01813483 -0.002165556 2352136 0.1506553 0.01872035 0.1126389
0.2266019 -0.01813483 -0.002165556 2462227 0.1506553 0.01872035 0.1126389
0.2180233 -0.01849041 -0.002600658 2572322 0.1433408 0.01820254 0.1130817
0.2086941 -0.01932064 -0.002825571 2682418 0.1360104 0.01793659 0.1139444
0.2086941 -0.01932064 -0.002825571 2792513 0.1360104 0.01793659 0.1139444
0.1994511 -0.01951227 -0.002974372 2902616 0.1283652 0.01777671 0.114765
0.1906376 -0.0185336 -0.003025667 3022724 0.1196495 0.01756998 0.1151415
0.1906376 -0.0185336 -0.003025667 3132819 0.1196495 0.01756998 0.1151415
0.1817386 -0.0170931 -0.003096384 3242919 0.1105942 0.01752161 0.1154217
0.172776 -0.01524097 -0.003176812 3353022 0.1015615 0.01843585 0.1155692
0.172776 -0.01524097 -0.003176812 3463121 0.1015615 0.01843585 0.1155692
0.1632237 -0.01369004 -0.003487236 3573216 0.09295886 0.02028489 0.1157386
0.1534726 -0.01248974 -0.003339877 3693329 0.08404096 0.02190044 0.1162545
0.1534726 -0.01248974 -0.003339877 3793419 0.08404096 0.02190044 0.1162545
0.1441274 -0.01015048 -0.003480757 3913523 0.07477131 0.02411361 0.1161936
0.134568 -0.008585352 -0.003330162 4023626 0.06521127 0.02599405 0.1162531
0.134568 -0.008585352 -0.003330162 4133717 0.06521127 0.02599405 0.1162531
0.1243707 -0.006280641 -0.003805627 4243825 0.05594824 0.02807301 0.1163794
0.1135309 -0.005133973 -0.003868314 4363937 0.04637769 0.03018338 0.1167524
0.1135309 -0.005133973 -0.003868314 4474032 0.04637769 0.03018338 0.1167524
0.1030204 -0.003393445 -0.003973061 4584131 0.03632796 0.03279477 0.1166452
0.09135563 -0.001793725 -0.004419654 4704240 0.02596609 0.03473425 0.116808
0.09135563 -0.001793725 -0.004419654 4804338 0.02596609 0.03473425 0.116808
0.0796282 -0.001255236 -0.004136268 4914429 0.01503699 0.03644483 0.1171606
0.06745993 -0.0003860612 -0.004263867 5044538 0.00424983 0.03822449 0.1174733
0.06745993 -0.0003860612 -0.004263867 5134615 0.00424983 0.03822449 0.1174733
0.05500733 0.0008639616 -0.004430064 5254732 -0.006453666 0.04002383 0.1180252
0.04267946 0.002215098 -0.004804133 5384861 -0.01715405 0.04190975 0.1182833
0.04267946 0.002215098 -0.004804133 5474942 -0.01715405 0.04190975 0.1182833
0.02998934 0.002821433 -0.004875705 5585042 -0.02867677 0.04345482 0.1184671
0.01719458 0.004329618 -0.005239727 5695137 -0.04054066 0.04530274 0.1184295
0.01719458 0.004329618 -0.005239727 5815253 -0.04054066 0.04530274 0.1184295
0.003517078 0.004617615 -0.005332164 5925340 -0.05246017 0.04677182 0.1187477
-0.01004143 0.005339799 -0.005626251 6035431 -0.06409223 0.04835262 0.1190118
-0.01004143 0.005339799 -0.005626251 6145547 -0.06409223 0.04835262 0.1190118
-0.02330425 0.00590098 -0.005629529 6255642 -0.07560073 0.04980345 0.119446
-0.03634483 0.006481941 -0.005627447 6365729 -0.08693169 0.0511396 0.1198831
-0.03634483 0.006481941 -0.005627447 6485849 -0.08693169 0.0511396 0.1198831
-0.04930962 0.007175406 -0.005710428 6595936 -0.09782355 0.05253819 0.1203643
-0.06266741 0.00769603 -0.005835302 6706036 -0.1082801 0.05394275 0.1209991
-0.06266741 0.00769603 -0.005835302 6836153 -0.1082801 0.05394275 0.1209991
-0.07537113 0.008509073 -0.006052045 6926242 -0.1182486 0.0554042 0.1214964
-0.08797922 0.009200217 -0.006179786 7036333 -0.1286715 0.05664321 0.1218809
-0.08797922 0.009200217 -0.006179786 7156442 -0.1286715 0.05664321 0.1218809
-0.1006 0.009477926 -0.006284361 7266549 -0.1393512 0.05770474 0.1220853
-0.1131261 0.009632896 -0.006291431 7376644 -0.1498874 0.05852923 0.1224097
-0.1131261 0.009632896 -0.006291431 7486747 -0.1498874 0.05852923 0.1224097
-0.1254951 0.01014588 -0.006474086 7596847 -0.1595514 0.05929066 0.1228751
-0.137905 0.01039779 -0.006542572 7706942 -0.1684294 0.05980902 0.1235844
-0.137905 0.01039779 -0.006542572 7827058 -0.1684294 0.05980902 0.1235844
-0.1496643 0.01070806 -0.006652642 7937153 -0.177066 0.06050153 0.1240225
-0.1610629 0.01124865 -0.006816166 8047256 -0.1860296 0.06115236 0.1243041
-0.1610629 0.01124865 -0.006816166 8157344 -0.1860296 0.06115236 0.1243041
-0.1724121 0.01139973 -0.006763983 8267443 -0.1954534 0.06141934 0.1246643
-0.1836325 0.01138659 -0.006754436 8377550 -0.2044145 0.06158097 0.1249835
-0.1836325 0.01138659 -0.006754436 8487649 -0.2044145 0.06158097 0.1249835
-0.1948427 0.01160573 -0.006877905 8597744 -0.2127701 0.06186922 0.1252524
-0.2056251 0.01180037 -0.006975612 8717861 -0.2204946 0.06207541 0.1255293
-0.2056251 0.01180037 -0.006975612 8827952 -0.2204946 0.06207541 0.1255293
-0.2156144 0.01152696 -0.006974265 8948060 -0.2283565 0.06232028 0.1255547
-0.2250494 0.01152279 -0.007107933 9048163 -0.2361484 0.06240989 0.1255328
-0.2250494 0.01152279 -0.007107933 9158246 -0.2361484 0.06240989 0.1255328
-0.2343406 0.01128773 -0.007173353 9298384 -0.2436543 0.0622609 0.1255716
-0.2433282 0.01107777 -0.007287561 9378448 -0.2501479 0.06180952 0.1257013
-0.2433282 0.01107777 -0.007287561 9498560 -0.2501479 0.06180952 0.1257013
-0.2521365 0.01073946 -0.00733286 9628678 -0.2559213 0.06113281 0.1259053
-0.2602114 0.0107536 -0.007598797 9718763 -0.2617093 0.06087192 0.1257885
-0.2602114 0.0107536 -0.007598797 9828862 -0.2617093 0.06087192 0.1257885
-0.2676516 0.01050882 -0.007715242 9958983 -0.2676563 0.06060841 0.1256874
-0.2744873 0.009882775 -0.007658034 10059074 -0.2734597 0.06018344 0.125665
-0.2744873 0.009882775 -0.007658034 10169165 -0.2734597 0.06018344 0.125665
-0.2802816 0.009932037 -0.007856164 10279264 -0.2780919 0.05981532 0.1256096
-0.2851725 0.00936687 -0.007761258 10389371 -0.2816822 0.05893021 0.125796
-0.2851725 0.00936687 -0.007761258 10499458 -0.2816822 0.05893021 0.125796
-0.2884775 0.009322117 -0.007953842 10609732 -0.2839009 0.05805763 0.125875
-0.2911378 0.009352347 -0.008016049 10719657 -0.2853009 0.05722911 0.1260734
-0.2911378 0.009352347 -0.008016049 10839773 -0.2853009 0.05722911 0.1260734
-0.2930001 0.009567481 -0.008003723 10949860 -0.2864462 0.05658547 0.1263562
-0.2946957 0.01026374 -0.007997822 11059968 -0.2872608 0.05581243 0.1268216
-0.2968747 0.01008127 -0.006635266 11170067 -0.2883557 0.05539764 0.1281983
-0.2968747 0.01008127 -0.006635266 11280166 -0.2883557 0.05539764 0.1281983
-0.2984846 0.00828281 -0.003338734 11390277 -0.2903756 0.05650778 0.1305076
-0.2984846 0.00828281 -0.003338734 11510390 -0.2903756 0.05650778 0.1305076
-0.3003426 0.005829894 0.001451257 11620477 -0.2931069 0.05778431 0.1339451
-0.3024138 0.002948522 0.007622051 11730572 -0.2961382 0.05852555 0.1386871
-0.3024138 0.002948522 0.007622051 11840663 -0.2961382 0.05852555 0.1386871
-0.3045967 0.0001664099 0.01481592 11950782 -0.2993645 0.05899542 0.1445002
-0.3067733 -0.002867636 0.023319 12070879 -0.3029583 0.05948059 0.1513986
-0.3089759 -0.005113919 0.03259105 12180978 -0.3066796 0.06069497 0.1589642
-0.3089759 -0.005113919 0.03259105 12291077 -0.3066796 0.06069497 0.1589642
-0.3114581 -0.006905415 0.04263092 12401188 -0.3105567 0.06210366 0.1673032
-0.3141876 -0.006673906 0.05245139 12511284 -0.3147044 0.06440159 0.1759595
