0.0513982 -0.01248545 0.02279841 0 -0.002799877 -0.0394986 0.1517911
0.05178968 -0.01175639 0.02176582 110099 -0.001083502 -0.0390195 0.1512547
0.05178968 -0.01175639 0.02176582 220198 -0.001083502 -0.0390195 0.1512547
0.05219279 -0.01049703 0.0207113 340319 0.0005899579 -0.03849477 0.1505555
0.05266939 -0.009116966 0.01966214 440397 0.001981965 -0.03772894 0.1497328
0.05266939 -0.009116966 0.01966214 560505 0.001981965 -0.03772894 0.1497328
0.05300788 -0.006960795 0.01868492 670608 0.003078928 -0.03654344 0.1488318
0.05313931 -0.004349277 0.01784485 780716 0.003988972 -0.0354915 0.1479243
0.05313931 -0.004349277 0.01784485 890811 0.003988972 -0.0354915 0.1479243
0.05251114 -0.0008055544 0.01715797 1000910 0.004691591 -0.03458554 0.147075
0.05104176 0.003643936 0.01673537 1111001 0.00480031 -0.03338868 0.1463369
0.05104176 0.003643936 0.01673537 1221100 0.00480031 -0.03338868 0.1463369
0.04922478 0.008173971 0.01674902 1341213 0.003985813 -0.03162349 0.145884
0.04677473 0.0126205 0.01697117 1451312 0.002222887 -0.02885018 0.1458182
0.04677473 0.0126205 0.01697117 1561407 0.002222887 -0.02885018 0.1458182
0.04350798 0.01679358 0.01730811 1671510 -0.0001115875 -0.02575431 0.1461229
0.03944855 0.02114949 0.01783997 1791619 -0.002757675 -0.02310485 0.1465506
0.03944855 0.02114949 0.01783997 1901718 -0.002757675 -0.02310485 0.1465506
0.034819 0.0256562 0.01852024 2001816 -0.005558139 -0.02102391 0.1469605
0.03005504 0.02953769 0.01911962 2121924 -0.008615737 -0.01909099 0.1473619
0.03005504 0.02953769 0.01911962 2232020 -0.008615737 -0.01909099 0.1473619
0.02507787 0.0325731 0.01944643 2342123 -0.01205752 -0.01697785 0.1477893
0.01963495 0.03494771 0.01953554 2462219 -0.01563022 -0.0149985 0.1482522
0.01963495 0.03494771 0.01953554 2562309 -0.01563022 -0.0149985 0.1482522
0.01371604 0.03702714 0.01949597 2672408 -0.0191584 -0.01344908 0.148638
0.007977959 0.03877654 0.01966977 2812539 -0.02273336 -0.0126294 0.1489775
0.007977959 0.03877654 0.01966977 2902620 -0.02273336 -0.0126294 0.1489775
0.002228735 0.04030342 0.01987875 3012719 -0.02660173 -0.01214961 0.149199
-0.003853262 0.04089118 0.01967883 3142832 -0.0305776 -0.01176227 0.1493695
-0.009364665 0.04091365 0.01929176 3242931 -0.03428009 -0.01148359 0.1494455
-0.009364665 0.04091365 0.01929176 3343025 -0.03428009 -0.01148359 0.1494455
-0.01504177 0.04053891 0.018641 3463141 -0.03774455 -0.01140306 0.1493807
-0.01504177 0.04053891 0.018641 3573220 -0.03774455 -0.01140306 0.1493807
-0.02002856 0.03963291 0.01818878 3683332 -0.04058981 -0.01161627 0.1495547
-0.02491799 0.03814274 0.01766169 3803432 -0.04331869 -0.01217777 0.1497053
-0.02962109 0.03621741 0.01721442 3913527 -0.04580909 -0.01288274 0.1500051
-0.02962109 0.03621741 0.01721442 4013629 -0.04580909 -0.01288274 0.1500051
-0.03381612 0.03371457 0.01680696 4133725 -0.04785186 -0.01363624 0.150475
-0.03381612 0.03371457 0.01680696 4243837 -0.04785186 -0.01363624 0.150475
-0.03783243 0.03071729 0.01645756 4353936 -0.04979267 -0.01452402 0.1510548
-0.04167037 0.02754758 0.01629663 4464039 -0.05153548 -0.01552609 0.151772
-0.04525068 0.02441699 0.01620251 4584135 -0.05320971 -0.01655081 0.1524542
-0.04525068 0.02441699 0.01620251 4694243 -0.05320971 -0.01655081 0.1524542
-0.04829758 0.02038854 0.01600945 4804334 -0.0549218 -0.01761702 0.153188
-0.05077472 0.01577199 0.01579487 4914429 -0.05638837 -0.01851997 0.1539932
-0.05077472 0.01577199 0.01579487 5024540 -0.05638837 -0.01851997 0.1539932
-0.05268236 0.01094191 0.01568621 5134639 -0.05725818 -0.01942629 0.1548375
-0.05369025 0.006432481 0.01566905 5244739 -0.05765902 -0.02061597 0.1555221
-0.05369025 0.006432481 0.01566905 5364843 -0.05765902 -0.02061597 0.1555221
-0.05422904 0.002082933 0.0155856 5464925 -0.05763137 -0.0222486 0.1559517
-0.05405941 -0.002271577 0.01540762 5605063 -0.05701541 -0.02399123 0.1562116
-0.05405941 -0.002271577 0.01540762 5695141 -0.05701541 -0.02399123 0.1562116
-0.05310839 -0.006667367 0.01526135 5805236 -0.05641543 -0.02559826 0.1564595
-0.05153515 -0.01115465 0.01523345 5915331 -0.05588149 -0.02699846 0.1567832
-0.05153515 -0.01115465 0.01523345 6025430 -0.05588149 -0.02699846 0.1567832
-0.04980978 -0.01585471 0.01530367 6135529 -0.05537843 -0.02825254 0.1571541
-0.04754746 -0.02024628 0.01545458 6255638 -0.05434543 -0.02959478 0.157485
-0.04754746 -0.02024628 0.01545458 6365741 -0.05434543 -0.02959478 0.157485
-0.04521602 -0.02422338 0.01545727 6475844 -0.05263322 -0.03107423 0.1575991
-0.04242703 -0.02824053 0.01551383 6585935 -0.05035507 -0.03247967 0.15773
-0.04242703 -0.02824053 0.01551383 6696043 -0.05035507 -0.03247967 0.15773
-0.03919166 -0.03245866 0.01560407 6806134 -0.04795727 -0.03356865 0.1578299
-0.03595826 -0.03641872 0.0158748 6916233 -0.04576411 -0.03424996 0.1580205
-0.03595826 -0.03641872 0.0158748 7036349 -0.04576411 -0.03424996 0.1580205
-0.0320189 -0.04046493 0.01614165 7146444 -0.0432662 -0.03463635 0.1580774
-0.02786729 -0.04368265 0.01644718 7256540 -0.04067418 -0.03500763 0.1581051
-0.02786729 -0.04368265 0.01644718 7386665 -0.04067418 -0.03500763 0.1581051
-0.02407095 -0.04606363 0.01647072 7476742 -0.03771457 -0.03568197 0.1579356
-0.02003339 -0.04784538 0.01653313 7586837 -0.03463894 -0.03667745 0.157842
-0.02003339 -0.04784538 0.01653313 7706946 -0.03463894 -0.03667745 0.157842
-0.01573086 -0.04873576 0.0166881 7817049 -0.03182954 -0.03743804 0.1578244
-0.01121012 -0.04987768 0.01683902 7927156 -0.02925697 -0.03765852 0.1576625
-0.01121012 -0.04987768 0.01683902 8037247 -0.02925697 -0.03765852 0.1576625
-0.006670722 -0.05092387 0.0170046 8157360 -0.02713481 -0.03708312 0.1573467
-0.001969287 -0.05164498 0.01712405 8267451 -0.02472872 -0.03633812 0.1569595
-0.001969287 -0.05164498 0.01712405 8377550 -0.02472872 -0.03633812 0.1569595
0.001864602 -0.05169386 0.01718532 8507675 -0.02187023 -0.03603974 0.15682
0.005911518 -0.05131938 0.01713066 8597752 -0.01859647 -0.03607566 0.1566772
0.005911518 -0.05131938 0.01713066 8707852 -0.01859647 -0.03607566 0.1566772
0.009238708 -0.05066423 0.01714682 8847974 -0.01570273 -0.03576365 0.1566536
0.01298915 -0.05017097 0.01724254 8938055 -0.01310954 -0.03478375 0.1564846
0.01298915 -0.05017097 0.01724254 9048154 -0.01310954 -0.03478375 0.1564846
0.01748328 -0.04984862 0.01743268 9158258 -0.01068509 -0.03333813 0.1561417
0.02098398 -0.04888859 0.01749789 9268365 -0.008608884 -0.03181503 0.1558417
0.02098398 -0.04888859 0.01749789 9388465 -0.008608884 -0.03181503 0.1558417
0.02376811 -0.04678427 0.01725554 9488551 -0.006617314 -0.03045253 0.1555171
0.0262631 -0.04433712 0.01694369 9608667 -0.004915184 -0.02928013 0.1551734
0.0262631 -0.04433712 0.01694369 9718763 -0.004915184 -0.02928013 0.1551734
0.0297371 -0.04202634 0.01686078 9828862 -0.003470905 -0.02792028 0.1547175
0.03231768 -0.03957037 0.01676451 9938957 -0.002797551 -0.02595565 0.1541974
0.03231768 -0.03957037 0.01676451 10049064 -0.002797551 -0.02595565 0.1541974
0.03483371 -0.03677077 0.01679104 10159155 -0.002620823 -0.02376301 0.153664
0.03687559 -0.03369469 0.01693343 10279268 -0.002720422 -0.02211533 0.1533311
0.03687559 -0.03369469 0.01693343 10389367 -0.002720422 -0.02211533 0.1533311
0.03884039 -0.02956301 0.01714902 10499466 -0.002831585 -0.02116258 0.1531606
0.04069076 -0.02563048 0.01735687 10609561 -0.002918071 -0.02076206 0.1529327
0.04069076 -0.02563048 0.01735687 10719673 -0.002918071 -0.02076206 0.1529327
0.04233293 -0.02233331 0.01761174 10829760 -0.003202445 -0.02014688 0.1526228
0.04383818 -0.01935549 0.01791626 10949892 -0.00371564 -0.01917434 0.1522474
0.04383818 -0.01935549 0.01791626 11049962 -0.00371564 -0.01917434 0.1522474
0.04503141 -0.01611988 0.01822203 11170079 -0.004548615 -0.01832608 0.1518005
0.0455452 -0.01269847 0.01847374 11300200 -0.005599981 -0.01790059 0.1513773
0.0455452 -0.01269847 0.01847374 11390269 -0.005599981 -0.01790059 0.1513773
0.04348616 -0.008518789 0.01791936 11500364 -0.007535224 -0.01738323 0.1506766
0.0435928 -0.006057899 0.01810795 11610472 -0.009202604 -0.01660848 0.1500457
0.0435928 -0.006057899 0.01810795 11730584 -0.009202604 -0.01660848 0.1500457
0.04354291 -0.004189368 0.01828539 11840675 -0.01141501 -0.01512212 0.1493058
0.04336838 -0.00256148 0.0187149 11950778 -0.01444102 -0.01322538 0.1485247
0.04336838 -0.00256148 0.0187149 12060873 -0.01444102 -0.01322538 0.1485247
0.04279648 -0.001087319 0.01936417 12170969 -0.01834449 -0.01138613 0.1476683
0.04101561 0.0004586576 0.02004766 12281084 -0.02324083 -0.01009045 0.1467997
0.04101561 0.0004586576 0.02004766 12401176 -0.02324083 -0.01009045 0.1467997
0.04022352 0.00226843 0.02171355 12501266 -0.02861491 -0.009477504 0.1459293
0.03992055 0.003801337 0.02416324 12621379 -0.03422919 -0.00903938 0.1451722
0.03885053 0.003082023 0.02722573 12751504 -0.04019039 -0.008580751 0.1452205
0.03885053 0.003082023 0.02722573 12841573 -0.04019039 -0.008580751 0.1452205
0.036907 0.001985618 0.03008341 12951672 -0.04626482 -0.008085555 0.1453538
0.036907 0.001985618 0.03008341 13061784 -0.04626482 -0.008085555 0.1453538
0.0337287 0.001571098 0.03316176 13181880 -0.05262994 -0.007940358 0.1461129
