0.1465901 -0.004072708 0.002281268 0 0.1479625 -0.02578905 0.1431101
0.1467479 -0.004568201 0.001983877 100102 0.148328 -0.02589539 0.14287
0.1467479 -0.004568201 0.001983877 210201 0.148328 -0.02589539 0.14287
0.146437 -0.005117457 0.001758148 330314 0.1485959 -0.02620992 0.1426719
0.1458219 -0.005876284 0.001448333 440413 0.148591 -0.02663883 0.1424004
0.1458219 -0.005876284 0.001448333 550500 0.148591 -0.02663883 0.1424004
0.1448823 -0.006862085 0.001066291 660611 0.1483786 -0.02707508 0.1420821
0.1431655 -0.007495742 0.0008284597 770694 0.1476485 -0.02738133 0.1418629
0.1410339 -0.007916848 0.0006738545 890815 0.1463124 -0.02760592 0.1417083
0.1410339 -0.007916848 0.0006738545 990897 0.1463124 -0.02760592 0.1417083
0.1380344 -0.008266072 0.0005354657 1111013 0.144433 -0.02787819 0.1415343
0.1341775 -0.008221488 0.0005044712 1221112 0.1419781 -0.02794841 0.1414167
0.1341775 -0.008221488 0.0005044712 1321198 0.1419781 -0.02794841 0.1414167
0.1297373 -0.007968822 0.0005940197 1441303 0.1387267 -0.02782973 0.1414165
0.1297373 -0.007968822 0.0005940197 1551398 0.1387267 -0.02782973 0.1414165
0.1245617 -0.007854977 0.000705188 1661497 0.1344854 -0.02723756 0.1415316
0.1192324 -0.007784464 0.0008150784 1781605 0.129497 -0.02611914 0.1417574
0.1131353 -0.007917023 0.0008556413 1891709 0.1238392 -0.02487114 0.141938
0.1131353 -0.007917023 0.0008556413 2001804 0.1238392 -0.02487114 0.141938
0.1064863 -0.008240736 0.0008787325 2111903 0.1178982 -0.0238929 0.142056
0.09906036 -0.008234715 0.0009577143 2222002 0.1116791 -0.02330043 0.1420961
0.09906036 -0.008234715 0.0009577143 2332101 0.1116791 -0.02330043 0.1420961
0.09146352 -0.008411263 0.001177519 2442213 0.1051602 -0.02318099 0.1422467
0.08381517 -0.00852314 0.001487085 2562309 0.09828348 -0.02310838 0.1424984
0.08381517 -0.00852314 0.001487085 2672408 0.09828348 -0.02310838 0.1424984
0.07570536 -0.008892271 0.001813732 2782511 0.09108109 -0.02296211 0.1427814
0.06725879 -0.00928268 0.002166444 2902616 0.08332129 -0.02273716 0.1431176
0.06725879 -0.00928268 0.002166444 3012715 0.08332129 -0.02273716 0.1431176
0.05892821 -0.009613484 0.00260374 3112809 0.07498534 -0.02225711 0.1436305
0.05008825 -0.01037624 0.002963252 3232913 0.0660357 -0.02164753 0.1441188
0.05008825 -0.01037624 0.002963252 3343021 0.0660357 -0.02164753 0.1441188
0.0408835 -0.01126435 0.003011279 3453112 0.05717345 -0.02109482 0.1442354
0.03148743 -0.01221344 0.002652802 3563211 0.0485452 -0.02076604 0.1438694
0.03148743 -0.01221344 0.002652802 3673330 0.0485452 -0.02076604 0.1438694
0.02182182 -0.01306513 0.002262302 3783409 0.03997763 -0.02059592 0.1434002
0.01221451 -0.0137507 0.002035192 3903522 0.03121027 -0.02056439 0.143099
0.01221451 -0.0137507 0.002035192 4013617 0.03121027 -0.02056439 0.143099
0.002686112 -0.01431104 0.001767444 4123732 0.02199169 -0.02035679 0.1428241
-0.007254868 -0.01468369 0.001384825 4233819 0.01289507 -0.019924 0.1423556
-0.007254868 -0.01468369 0.001384825 4343927 0.01289507 -0.019924 0.1423556
-0.01704469 -0.01471671 0.0008974005 4454022 0.004143087 -0.01939858 0.1417356
-0.02688923 -0.0149072 0.0005410188 4564113 -0.004513413 -0.01927329 0.1412055
-0.02688923 -0.0149072 0.0005410188 4684225 -0.004513413 -0.01927329 0.1412055
-0.03645124 -0.01473035 0.0005187285 4794320 -0.01330569 -0.01909948 0.1410586
-0.04529204 -0.01492097 0.0004996886 4904432 -0.02217808 -0.01873136 0.141061
-0.04529204 -0.01492097 0.0004996886 5014531 -0.02217808 -0.01873136 0.141061
-0.05455889 -0.01501115 0.0005901926 5124622 -0.03107383 -0.01811457 0.1411074
-0.06368424 -0.0152628 0.0007335194 5234721 -0.03961613 -0.01759893 0.1411668
-0.06368424 -0.0152628 0.0007335194 5374852 -0.03961613 -0.01759893 0.1411668
-0.07229675 -0.01619614 0.0008407204 5454928 -0.04814674 -0.01757551 0.1412726
-0.08053316 -0.01656522 0.001169013 5575028 -0.05654873 -0.01767421 0.1416317
-0.08053316 -0.01656522 0.001169013 5685123 -0.05654873 -0.01767421 0.1416317
-0.0883031 -0.01671441 0.001599778 5795231 -0.06466271 -0.01783586 0.1421207
-0.09589745 -0.0181029 0.001719557 5905322 -0.07254447 -0.01806051 0.142293
-0.09589745 -0.0181029 0.001719557 6025430 -0.07254447 -0.01806051 0.142293
-0.1037414 -0.01880939 0.001981041 6135545 -0.08004381 -0.01835692 0.142496
-0.1113755 -0.01976634 0.00236325 6245628 -0.0873635 -0.01896858 0.1428233
-0.1113755 -0.01976634 0.00236325 6355728 -0.0873635 -0.01896858 0.1428233
-0.1186532 -0.02045877 0.002637264 6465827 -0.09480955 -0.0195595 0.1431254
-0.1263053 -0.02029622 0.00309305 6585943 -0.1024748 -0.01970172 0.1435851
-0.1263053 -0.02029622 0.00309305 6696034 -0.1024748 -0.01970172 0.1435851
-0.133305 -0.02084286 0.003107453 6826151 -0.1099774 -0.01961183 0.1436797
-0.140787 -0.02128905 0.003393441 6916233 -0.1172404 -0.01979279 0.1439266
-0.140787 -0.02128905 0.003393441 7026332 -0.1172404 -0.01979279 0.1439266
-0.1477909 -0.02180547 0.003579653 7136439 -0.1241045 -0.02022749 0.1440884
-0.154717 -0.02251721 0.003933561 7246530 -0.1308225 -0.02095919 0.1444073
-0.154717 -0.02251721 0.003933561 7366655 -0.1308225 -0.02095919 0.1444073
-0.1609509 -0.02281106 0.004248952 7476746 -0.1372055 -0.02132892 0.1447488
-0.1666458 -0.02381003 0.004409974 7596858 -0.1432269 -0.0215224 0.1449538
-0.1666458 -0.02381003 0.004409974 7696944 -0.1432269 -0.0215224 0.1449538
-0.1720869 -0.0246349 0.004610659 7807048 -0.1485387 -0.02178501 0.1451226
-0.1769847 -0.02492666 0.004901101 7937161 -0.1531551 -0.02217066 0.1453675
-0.1769847 -0.02492666 0.004901101 8027246 -0.1531551 -0.02217066 0.1453675
-0.1808654 -0.02516633 0.005025215 8147354 -0.157105 -0.02269243 0.1455086
-0.1849678 -0.0257315 0.005284154 8257454 -0.1607406 -0.02324693 0.1456876
-0.1849678 -0.0257315 0.005284154 8367541 -0.1607406 -0.02324693 0.1456876
-0.1885144 -0.02626264 0.005418195 8477640 -0.1640749 -0.02356993 0.145781
-0.1916168 -0.02713048 0.005318714 8587747 -0.1670125 -0.02390873 0.1456415
-0.1916168 -0.02713048 0.005318714 8707847 -0.1670125 -0.02390873 0.1456415
-0.1948169 -0.0277664 0.005374096 8807938 -0.1698147 -0.02430831 0.1456209
-0.1972545 -0.02843886 0.005301601 8918037 -0.1722464 -0.02489625 0.1455453
-0.1972545 -0.02843886 0.005301601 9038145 -0.1722464 -0.02489625 0.1455453
-0.1998474 -0.0292626 0.005161857 9148256 -0.1745048 -0.02545254 0.1453385
-0.2023424 -0.02993965 0.005435423 9258343 -0.1765699 -0.02633225 0.145539
-0.2038081 -0.03057617 0.005835876 9398470 -0.1788741 -0.02746462 0.146103
