0.08243204 -0.01401653 0.00350105 0 0.03357281 -0.02028789 0.137216
0.08243204 -0.01401653 0.00350105 90081 0.03357281 -0.02028789 0.137216
0.08242602 -0.01378705 0.002922373 200176 0.03374638 -0.0207391 0.1366692
0.0823424 -0.01347544 0.002400229 320297 0.03407754 -0.02113952 0.1362584
0.0823424 -0.01347544 0.002400229 430400 0.03407754 -0.02113952 0.1362584
0.08196855 -0.01312449 0.001945754 540487 0.03423395 -0.02142264 0.1359562
0.08147855 -0.01269271 0.00173725 650586 0.03418036 -0.02154733 0.1358668
0.08147855 -0.01269271 0.00173725 760685 0.03418036 -0.02154733 0.1358668
0.0807559 -0.01232769 0.001774035 880794 0.03395661 -0.02138378 0.136065
0.0796171 -0.0121906 0.001963338 990909 0.03365912 -0.02094855 0.1365643
0.0796171 -0.0121906 0.001963338 1090983 0.03365912 -0.02094855 0.1365643
0.07802351 -0.01211144 0.002201693 1211091 0.03325244 -0.02046646 0.1372276
0.07586802 -0.0118673 0.002317129 1321190 0.03259983 -0.01997246 0.1378473
0.07586802 -0.0118673 0.002317129 1431298 0.03259983 -0.01997246 0.1378473
0.0731507 -0.01170017 0.002342713 1551402 0.03154238 -0.01961102 0.1384031
0.06970818 -0.01182939 0.002182939 1651492 0.0301105 -0.01923324 0.1388704
0.06970818 -0.01182939 0.002182939 1761591 0.0301105 -0.01923324 0.1388704
0.06593282 -0.01179661 0.002071536 1881696 0.02826657 -0.01879491 0.1393251
0.061593 -0.01200571 0.001854406 1991803 0.02597936 -0.01843013 0.1396827
0.061593 -0.01200571 0.001854406 2101898 0.02597936 -0.01843013 0.1396827
0.05695302 -0.01190342 0.00149069 2211993 0.02350493 -0.01803161 0.1398739
0.0521012 -0.01179733 0.001040564 2322101 0.02060356 -0.01785459 0.1398838
0.0521012 -0.01179733 0.001040564 2432204 0.02060356 -0.01785459 0.1398838
0.04694224 -0.01151921 0.0006964888 2572537 0.01728411 -0.01776589 0.1399359
0.04108084 -0.01147165 0.000160841 2662399 0.0134333 -0.01804353 0.1397985
0.04108084 -0.01147165 0.000160841 2772498 0.0134333 -0.01804353 0.1397985
0.03503729 -0.01123311 -0.000248797 2882610 0.009268779 -0.01848139 0.1397144
0.02861333 -0.0111201 -0.0004511281 2992701 0.004716773 -0.01871861 0.1398253
0.02861333 -0.0111201 -0.0004511281 3112809 0.004716773 -0.01871861 0.1398253
0.02202941 -0.01080419 -0.000538156 3222916 -0.0003181513 -0.01893593 0.1399635
0.01537777 -0.0102116 -0.0006296466 3333012 -0.005614143 -0.01897897 0.1400428
0.01537777 -0.0102116 -0.0006296466 3443103 -0.005614143 -0.01897897 0.1400428
0.008640534 -0.009329095 -0.0008049862 3553202 -0.010913 -0.01871182 0.1400349
0.001339681 -0.008542194 -0.001072728 3673314 -0.01639215 -0.01837755 0.1399772
0.001339681 -0.008542194 -0.001072728 3773400 -0.01639215 -0.01837755 0.1399772
-0.006123715 -0.007668866 -0.001325373 3893525 -0.02205501 -0.01783956 0.1399156
-0.01352166 -0.006924999 -0.001425349 4013629 -0.02816532 -0.01734675 0.1399366
-0.01352166 -0.006924999 -0.001425349 4113723 -0.02816532 -0.01734675 0.1399366
-0.02138477 -0.006263983 -0.001591914 4233827 -0.03480373 -0.01695384 0.1398716
-0.02926867 -0.005529534 -0.001591639 4333922 -0.04157792 -0.01637066 0.1399612
-0.02926867 -0.005529534 -0.001591639 4444017 -0.04157792 -0.01637066 0.1399612
-0.03744631 -0.005027185 -0.001564492 4554116 -0.04826496 -0.01572669 0.1401208
-0.0456286 -0.004225025 -0.001711054 4674212 -0.05497871 -0.01519919 0.1400578
-0.0456286 -0.004225025 -0.001711054 4784324 -0.05497871 -0.01519919 0.1400578
-0.05411731 -0.003215798 -0.001950662 4894427 -0.06198053 -0.01477779 0.1398617
-0.06236439 -0.002154358 -0.00221854 5034537 -0.06889377 -0.01431096 0.1396118
-0.06236439 -0.002154358 -0.00221854 5114617 -0.06889377 -0.01431096 0.1396118
-0.07055401 -0.001175053 -0.002305707 5224712 -0.07607041 -0.01394368 0.1395138
-0.07884502 -0.0004527634 -0.002459959 5334808 -0.08319561 -0.01320446 0.1394017
-0.07884502 -0.0004527634 -0.002459959 5454916 -0.08319561 -0.01320446 0.1394017
-0.08667891 0.0005453766 -0.002559619 5565019 -0.09011564 -0.01256264 0.1392946
-0.09482621 0.001745338 -0.00298815 5675114 -0.09686171 -0.01201916 0.1388309
-0.1026499 0.002660032 -0.003311566 5805236 -0.1034696 -0.01156688 0.1384741
-0.1026499 0.002660032 -0.003311566 5895317 -0.1034696 -0.01156688 0.1384741
-0.1102198 0.003441091 -0.00336588 6015421 -0.1101281 -0.0109694 0.1384036
-0.1102198 0.003441091 -0.00336588 6145546 -0.1101281 -0.0109694 0.1384036
-0.1172452 0.003822323 -0.003278629 6235632 -0.1166879 -0.01035226 0.1385136
-0.1243849 0.00407469 -0.003299762 6345731 -0.1232058 -0.009969952 0.1385015
-0.1243849 0.00407469 -0.003299762 6455830 -0.1232058 -0.009969952 0.1385015
-0.131284 0.004503725 -0.00345842 6565917 -0.12924 -0.009644153 0.1383228
-0.1378513 0.004912375 -0.003581335 6676016 -0.1350083 -0.009567382 0.1381526
-0.1378513 0.004912375 -0.003581335 6796141 -0.1350083 -0.009567382 0.1381526
-0.1440118 0.004973649 -0.003557551 6906224 -0.1405577 -0.009511829 0.1381622
-0.1493716 0.004949688 -0.003340742 7016339 -0.1459433 -0.009591341 0.138374
-0.1493716 0.004949688 -0.003340742 7126426 -0.1459433 -0.009591341 0.138374
-0.1539702 0.00497663 -0.003202537 7236534 -0.1509276 -0.009619117 0.1385153
-0.1583463 0.004971981 -0.003197089 7346633 -0.1552776 -0.009629011 0.1385197
-0.1583463 0.004971981 -0.003197089 7466733 -0.1552776 -0.009629011 0.1385197
-0.1626451 0.004870416 -0.003299038 7596846 -0.1586683 -0.009623884 0.1384061
-0.1662951 0.004963995 -0.003476134 7687288 -0.1613554 -0.009510278 0.1382008
-0.1662951 0.004963995 -0.003476134 7797027 -0.1613554 -0.009510278 0.1382008
-0.1698539 0.004908682 -0.003717887 7907158 -0.1637961 -0.009412765 0.1379312
-0.1730491 0.004916551 -0.003971273 8027238 -0.1661793 -0.009336947 0.1376476
-0.1730491 0.004916551 -0.003971273 8137337 -0.1661793 -0.009336947 0.1376476
-0.1758753 0.004732849 -0.00427749 8237423 -0.1686721 -0.00943136 0.1373337
-0.1784923 0.004796268 -0.004672674 8367549 -0.1712283 -0.009728907 0.1368989
-0.1784923 0.004796268 -0.004672674 8467643 -0.1712283 -0.009728907 0.1368989
-0.1809648 0.004643919 -0.005133051 8577738 -0.173288 -0.01004028 0.1364003
-0.1830707 0.004697922 -0.005629792 8717860 -0.1749423 -0.01025903 0.1358498
-0.1830707 0.004697922 -0.005629792 8797933 -0.1749423 -0.01025903 0.1358498
-0.1847972 0.004540923 -0.006076585 8908036 -0.1762866 -0.01025855 0.1353971
-0.1860552 0.004425528 -0.006446327 9028148 -0.1774147 -0.01012444 0.1350453
-0.1860552 0.004425528 -0.006446327 9138239 -0.1774147 -0.01012444 0.1350453
-0.187135 0.004218462 -0.006761401 9248334 -0.1785685 -0.0100584 0.1347626
-0.1878797 0.003918055 -0.006899214 9368439 -0.1795712 -0.009902236 0.1346855
-0.1878797 0.003918055 -0.006899214 9478542 -0.1795712 -0.009902236 0.1346855
-0.1886446 0.003286245 -0.006770997 9578644 -0.1806053 -0.009444234 0.1349313
-0.1889728 0.00235844 -0.006260338 9698749 -0.1818093 -0.008735773 0.1356264
-0.1888545 0.001279953 -0.00540719 9808840 -0.18315 -0.007732508 0.1366931
-0.1888545 0.001279953 -0.00540719 9918939 -0.18315 -0.007732508 0.1366931
