0.2819249 -0.04799586 0.01284052 0 0.2731935 -0.06956849 0.1534273
0.279985 -0.04768657 0.01338531 120108 0.2718115 -0.06903992 0.1540391
0.2778154 -0.04743146 0.01411491 220194 0.2700116 -0.06869558 0.1548032
0.2778154 -0.04743146 0.01411491 340303 0.2700116 -0.06869558 0.1548032
0.2751427 -0.0471512 0.01491189 450410 0.2676568 -0.06852249 0.1556012
0.2716008 -0.04642599 0.01582018 560513 0.2647538 -0.06800053 0.156511
0.2716008 -0.04642599 0.01582018 670608 0.2647538 -0.06800053 0.156511
0.2673619 -0.04588085 0.01653989 780708 0.2614729 -0.06723592 0.1573075
0.2623401 -0.04511713 0.01723779 890799 0.257661 -0.06620065 0.1580918
0.2623401 -0.04511713 0.01723779 1010927 0.257661 -0.06620065 0.1580918
0.2567003 -0.04410665 0.01780272 1121010 0.253282 -0.06491468 0.1587339
0.2505523 -0.04315292 0.01829539 1231114 0.2481619 -0.06346813 0.1593196
0.2505523 -0.04315292 0.01829539 1341213 0.2481619 -0.06346813 0.1593196
0.2436369 -0.04257243 0.01843727 1451316 0.2423822 -0.06184045 0.159623
0.2356075 -0.04172252 0.01824515 1571420 0.236112 -0.05995581 0.1595729
0.2356075 -0.04172252 0.01824515 1671502 0.236112 -0.05995581 0.1595729
0.2267047 -0.04052203 0.01777108 1791611 0.2296559 -0.05818525 0.1591413
0.2174392 -0.03942452 0.01727585 1901710 0.2224907 -0.0566766 0.1586374
0.2174392 -0.03942452 0.01727585 2011809 0.2224907 -0.0566766 0.1586374
0.2080336 -0.0384482 0.01681201 2121908 0.2143351 -0.05494496 0.1582136
0.1984271 -0.03829966 0.01608893 2232007 0.2059659 -0.05298677 0.1576294
0.1984271 -0.03829966 0.01608893 2352124 0.2059659 -0.05298677 0.1576294
0.1879499 -0.03837548 0.01505797 2472236 0.1971869 -0.05102136 0.1566949
0.1766977 -0.03788136 0.01393136 2572322 0.1882664 -0.049463 0.155488
0.1766977 -0.03788136 0.01393136 2682413 0.1882664 -0.049463 0.155488
0.1647904 -0.03727291 0.01283166 2822548 0.1790003 -0.04856249 0.1541712
0.1535648 -0.03703002 0.0118084 2902616 0.169646 -0.04781982 0.1529864
0.1535648 -0.03703002 0.0118084 3022724 0.169646 -0.04781982 0.1529864
0.1420023 -0.03658221 0.01114007 3132819 0.1592563 -0.04627135 0.1522594
0.1307631 -0.03607181 0.01064877 3242931 0.1482781 -0.0441021 0.1518401
0.1307631 -0.03607181 0.01064877 3353026 0.1482781 -0.0441021 0.1518401
0.1189385 -0.03545514 0.01035806 3463129 0.1372487 -0.04216161 0.1515176
0.1070907 -0.0346087 0.009852931 3573257 0.1263565 -0.0406163 0.1509167
0.1070907 -0.0346087 0.009852931 3683323 0.1263565 -0.0406163 0.1509167
0.09509391 -0.03416226 0.009372547 3793415 0.1155086 -0.03930011 0.150309
0.08337445 -0.03355458 0.009067401 3913527 0.1044514 -0.03768345 0.1499396
0.08337445 -0.03355458 0.009067401 4023622 0.1044514 -0.03768345 0.1499396
0.07223721 -0.03352663 0.008873301 4133733 0.09323376 -0.03614177 0.1497937
0.06106634 -0.03345552 0.008580768 4263843 0.08207602 -0.03475358 0.1495175
0.06106634 -0.03345552 0.008580768 4363929 0.08207602 -0.03475358 0.1495175
0.04955669 -0.03298887 0.008343212 4474032 0.07112391 -0.03375299 0.1491996
0.03824504 -0.03249231 0.008241961 4604153 0.06019301 -0.03302641 0.1490406
0.03824504 -0.03249231 0.008241961 4694226 0.06019301 -0.03302641 0.1490406
0.02749248 -0.03213158 0.008030605 4814343 0.04932208 -0.03212132 0.1488486
0.0163072 -0.03218284 0.007731406 4914518 0.03846892 -0.03091307 0.1484918
0.0163072 -0.03218284 0.007731406 5024528 0.03846892 -0.03091307 0.1484918
0.005891409 -0.03229006 0.007392751 5144632 0.02782448 -0.0295989 0.148169
-0.004679712 -0.03237333 0.007368121 5244731 0.01729425 -0.02873475 0.1481167
-0.004679712 -0.03237333 0.007368121 5364831 0.01729425 -0.02873475 0.1481167
-0.01485637 -0.03221615 0.007603902 5484939 0.00732645 -0.0284375 0.148316
-0.02477696 -0.03162457 0.007874298 5585041 -0.002386959 -0.028062 0.1485592
-0.02477696 -0.03162457 0.007874298 5695141 -0.002386959 -0.028062 0.1485592
-0.03438857 -0.03140254 0.008251366 5815237 -0.0120329 -0.02728993 0.1489267
-0.04373147 -0.03160234 0.008697912 5915327 -0.02182987 -0.02639735 0.1494085
-0.04373147 -0.03160234 0.008697912 6035435 -0.02182987 -0.02639735 0.1494085
-0.05321231 -0.03176941 0.00941044 6145547 -0.03152564 -0.02575481 0.1501221
-0.06236329 -0.03169055 0.01021165 6255646 -0.0406995 -0.02538377 0.150914
-0.06236329 -0.03169055 0.01021165 6365737 -0.0406995 -0.02538377 0.150914
-0.07162537 -0.03156985 0.01123235 6485849 -0.04950991 -0.02545351 0.1518728
-0.08057095 -0.03178139 0.01222795 6585939 -0.05834355 -0.02550614 0.1528438
-0.08057095 -0.03178139 0.01222795 6706052 -0.05834355 -0.02550614 0.1528438
-0.08948554 -0.03106512 0.01375319 6816143 -0.06748416 -0.02512562 0.1544191
-0.09826017 -0.03107453 0.01527483 6926242 -0.07689525 -0.02474105 0.1560217
-0.09826017 -0.03107453 0.01527483 7036341 -0.07689525 -0.02474105 0.1560217
-0.1069675 -0.03074092 0.01693588 7156445 -0.08619429 -0.02445531 0.1577734
-0.1159012 -0.03015096 0.01861255 7256544 -0.09525324 -0.0244922 0.1594951
-0.1159012 -0.03015096 0.01861255 7376648 -0.09525324 -0.0244922 0.1594951
-0.1247702 -0.03002769 0.02010128 7496760 -0.1042261 -0.0247085 0.1610122
-0.1334891 -0.03002066 0.02154003 7596842 -0.1134607 -0.02489006 0.1625322
-0.1334891 -0.03002066 0.02154003 7706954 -0.1134607 -0.02489006 0.1625322
-0.1424032 -0.03023577 0.02299505 7837071 -0.1230118 -0.02492713 0.1640696
-0.1516608 -0.03096336 0.02437604 7927148 -0.1325653 -0.02498566 0.1654642
-0.1607544 -0.03125596 0.02565173 8047260 -0.1417871 -0.0251913 0.1667535
-0.1607544 -0.03125596 0.02565173 8147347 -0.1417871 -0.0251913 0.1667535
-0.1701417 -0.03097075 0.02675305 8267455 -0.1507165 -0.0255289 0.1678179
-0.1701417 -0.03097075 0.02675305 8377546 -0.1507165 -0.0255289 0.1678179
-0.1798056 -0.03075832 0.02784355 8487653 -0.1598357 -0.02564095 0.1688445
-0.1889663 -0.03049647 0.02872561 8607753 -0.1692299 -0.02536462 0.1697589
-0.1985452 -0.03019416 0.02956657 8707844 -0.1788806 -0.02484761 0.1706019
-0.1985452 -0.03019416 0.02956657 8827952 -0.1788806 -0.02484761 0.1706019
-0.208465 -0.03054469 0.03021759 8938055 -0.1881415 -0.02474938 0.1711417
-0.2189303 -0.03054666 0.0308339 9048158 -0.1971359 -0.02488099 0.1715433
-0.2189303 -0.03054666 0.0308339 9168263 -0.1971359 -0.02488099 0.1715433
-0.2291757 -0.03050714 0.03133241 9278358 -0.2061242 -0.02498768 0.1718472
-0.2386094 -0.0310285 0.03184457 9388461 -0.2151375 -0.02520249 0.1722774
-0.2386094 -0.0310285 0.03184457 9498568 -0.2151375 -0.02520249 0.1722774
-0.2473876 -0.03188865 0.03223393 9608668 -0.2239499 -0.02557103 0.1726512
-0.2569062 -0.03245341 0.03276279 9718755 -0.2326113 -0.02601252 0.1730287
-0.2569062 -0.03245341 0.03276279 9828862 -0.2326113 -0.02601252 0.1730287
-0.2655722 -0.03325765 0.03308865 9938965 -0.2403262 -0.02659366 0.1731761
-0.2748997 -0.03342955 0.03357242 10059061 -0.2481168 -0.02706525 0.1733881
-0.2748997 -0.03342955 0.03357242 10169161 -0.2481168 -0.02706525 0.1733881
-0.2825736 -0.0340216 0.03360523 10279260 -0.2555904 -0.02756879 0.1733783
-0.2897078 -0.03444759 0.03371959 10399368 -0.2633686 -0.02782307 0.1736074
-0.2897078 -0.03444759 0.03371959 10499466 -0.2633686 -0.02782307 0.1736074
-0.2964832 -0.03526871 0.03375647 10609566 -0.2708544 -0.02814207 0.1737516
-0.3038377 -0.03597609 0.03392997 10739691 -0.277778 -0.0288218 0.1738441
-0.3038377 -0.03597609 0.03392997 10839773 -0.277778 -0.0288218 0.1738441
-0.3115249 -0.03637467 0.03408343 10949876 -0.2840545 -0.02972052 0.1737521
-0.3190414 -0.03721825 0.03422689 11059975 -0.2901451 -0.0307537 0.1736165
-0.3190414 -0.03721825 0.03422689 11180080 -0.2901451 -0.0307537 0.1736165
-0.3258748 -0.03777228 0.03420934 11280166 -0.2964283 -0.03148416 0.1734918
-0.3314885 -0.03880975 0.03414197 11390269 -0.3027395 -0.03227052 0.1735586
-0.3314885 -0.03880975 0.03414197 11510381 -0.3027395 -0.03227052 0.1735586
-0.3367872 -0.03915332 0.03424494 11620473 -0.3085531 -0.03292533 0.1737809
-0.3422754 -0.03981731 0.03457991 11730580 -0.3136143 -0.03390559 0.1740426
-0.3422754 -0.03981731 0.03457991 11840679 -0.3136143 -0.03390559 0.1740426
-0.3469707 -0.04020462 0.03487897 11950774 -0.317794 -0.03479132 0.174255
-0.3508547 -0.0407562 0.03515406 12060869 -0.3215902 -0.03553035 0.1745188
-0.3508547 -0.0407562 0.03515406 12180970 -0.3215902 -0.03553035 0.1745188
-0.3535371 -0.04112056 0.03532486 12291085 -0.325453 -0.03611537 0.1749403
-0.3548285 -0.04206536 0.03541469 12401180 -0.3286426 -0.03696987 0.1753953
-0.3548285 -0.04206536 0.03541469 12511275 -0.3286426 -0.03696987 0.1753953
-0.3565004 -0.04231039 0.03579678 12631392 -0.3311739 -0.03773412 0.1759534
-0.3567639 -0.04259834 0.03601583 12731482 -0.3323673 -0.03866538 0.1763568
-0.3567639 -0.04259834 0.03601583 12841581 -0.3323673 -0.03866538 0.1763568
