0.2690309 0.006482668 0.02219111 0 0.1600309 -0.01723831 0.1108623
0.2690309 0.006482668 0.02219111 110099 0.1600309 -0.01723831 0.1108623
0.2668881 0.005860634 0.02198663 230224 0.1578496 -0.01742392 0.110726
0.2668881 0.005860634 0.02198663 340307 0.1578496 -0.01742392 0.110726
0.2636857 0.005955047 0.02129778 450418 0.155159 -0.01727813 0.1106758
0.2599862 0.005874939 0.02084498 560513 0.1519285 -0.01744144 0.1107679
0.2599862 0.005874939 0.02084498 670612 0.1519285 -0.01744144 0.1107679
0.255302 0.006242103 0.02010324 800721 0.1480406 -0.01761156 0.110835
0.2499397 0.006824202 0.0192033 890807 0.1436099 -0.01764183 0.1108636
0.2499397 0.006824202 0.0192033 1000910 0.1436099 -0.01764183 0.1108636
0.2442041 0.007195897 0.01848426 1141036 0.1386341 -0.01773375 0.110895
0.2376172 0.007638163 0.01724149 1231113 0.1330592 -0.01771956 0.1106806
0.2376172 0.007638163 0.01724149 1341213 0.1330592 -0.01771956 0.1106806
0.2305861 0.008355445 0.01629956 1451320 0.1268741 -0.01766675 0.1104958
0.2231663 0.008506722 0.01537075 1571432 0.1202736 -0.01789194 0.1103574
0.2153105 0.008840031 0.01439217 1671506 0.11339 -0.01813786 0.1102601
0.2153105 0.008840031 0.01439217 1791623 0.11339 -0.01813786 0.1102601
0.2068716 0.008854575 0.01310092 1891721 0.1061399 -0.01852208 0.1101055
0.2068716 0.008854575 0.01310092 2011813 0.1061399 -0.01852208 0.1101055
0.1982458 0.008806414 0.01181511 2121920 0.09868645 -0.01886719 0.1099393
0.1891561 0.008665628 0.01049089 2232011 0.09081023 -0.01931208 0.1097461
0.1797696 0.008700914 0.009201153 2342123 0.08279239 -0.01973026 0.1096668
0.1797696 0.008700914 0.009201153 2462219 0.08279239 -0.01973026 0.1096668
0.170226 0.008947319 0.008394238 2572322 0.07450902 -0.02010744 0.1098847
0.1601201 0.009273834 0.007452985 2682417 0.06591808 -0.02044325 0.110162
0.1601201 0.009273834 0.007452985 2792517 0.06591808 -0.02044325 0.110162
0.1498425 0.009487695 0.006462209 2902616 0.05723547 -0.02080064 0.1104468
0.1395695 0.009811467 0.005639928 3012719 0.04856979 -0.02101868 0.1108769
0.1395695 0.009811467 0.005639928 3122814 0.04856979 -0.02101868 0.1108769
0.129167 0.01023228 0.005033732 3242935 0.03975182 -0.02111762 0.1114685
0.118523 0.01073296 0.004540035 3353026 0.03087013 -0.02113789 0.112278
0.118523 0.01073296 0.004540035 3483147 0.03087013 -0.02113789 0.112278
0.1079894 0.01123542 0.004325882 3583229 0.02217298 -0.02125543 0.1133495
0.09719921 0.01181156 0.00424708 3683331 0.01341444 -0.02148645 0.1145993
0.09719921 0.01181156 0.00424708 3803444 0.01341444 -0.02148645 0.1145993
0.08650131 0.01237673 0.00445051 3913539 0.004724375 -0.0216481 0.1160798
0.07564181 0.01280875 0.004734571 4023634 -0.003975877 -0.02180117 0.1177365
0.07564181 0.01280875 0.004734571 4133733 -0.003975877 -0.02180117 0.1177365
0.06438935 0.01286418 0.004754251 4243837 -0.01283256 -0.02204328 0.1193165
0.05428875 0.01477391 0.006208302 4363941 -0.02115346 -0.02143245 0.1215505
0.05428875 0.01477391 0.006208302 4464043 -0.02115346 -0.02143245 0.1215505
0.04348809 0.0187077 0.00833481 4584143 -0.02988614 -0.02001327 0.1241932
0.03254229 0.01514275 0.007183704 4694230 -0.03828172 -0.02168053 0.1252272
0.03254229 0.01514275 0.007183704 4814343 -0.03828172 -0.02168053 0.1252272
0.02237183 0.01521594 0.007755382 4914441 -0.04615582 -0.02193122 0.1270462
0.01209402 0.01525409 0.008169006 5034541 -0.05414856 -0.02194195 0.1287286
0.01209402 0.01525409 0.008169006 5144636 -0.05414856 -0.02194195 0.1287286
0.00148976 0.01553292 0.008861464 5254735 -0.06244684 -0.02175158 0.1306327
-0.008649825 0.01540024 0.009364756 5364835 -0.07046784 -0.0217244 0.1322735
-0.008649825 0.01540024 0.009364756 5474950 -0.07046784 -0.0217244 0.1322735
-0.01878604 0.01562495 0.01011112 5585033 -0.07836325 -0.02174395 0.1340481
-0.02875322 0.01608927 0.01101697 5695132 -0.08601744 -0.02179735 0.1358836
-0.02875322 0.01608927 0.01101697 5805232 -0.08601744 -0.02179735 0.1358836
-0.03847972 0.0163284 0.01186059 5925340 -0.0935731 -0.02164453 0.137674
-0.04844245 0.01707227 0.01277455 6055502 -0.1008136 -0.02152675 0.1395564
-0.04844245 0.01707227 0.01277455 6145546 -0.1008136 -0.02152675 0.1395564
-0.05849072 0.01768012 0.01360248 6255638 -0.1080628 -0.02141397 0.1413543
-0.06815493 0.01802666 0.01443545 6365745 -0.1153061 -0.02108984 0.1430936
-0.06815493 0.01802666 0.01443545 6475844 -0.1153061 -0.02108984 0.1430936
-0.07741562 0.01846869 0.01542183 6585947 -0.1223883 -0.02071851 0.1448362
-0.08669519 0.0187654 0.01638263 6706047 -0.1294429 -0.02052598 0.1465174
-0.08669519 0.0187654 0.01638263 6816147 -0.1294429 -0.02052598 0.1465174
-0.0956398 0.01923055 0.01749438 6936263 -0.1363589 -0.02031033 0.1482029
-0.104376 0.0192954 0.01851482 7036341 -0.1430751 -0.02008396 0.1498841
-0.1135056 0.01933903 0.01936598 7176467 -0.1497054 -0.01986664 0.1514975
-0.1135056 0.01933903 0.01936598 7266545 -0.1497054 -0.01986664 0.1514975
-0.1226647 0.01928932 0.02012841 7366639 -0.1562064 -0.01972597 0.1530156
-0.1226647 0.01928932 0.02012841 7486747 -0.1562064 -0.01972597 0.1530156
-0.1302385 0.01919753 0.02138994 7596854 -0.1623722 -0.0196219 0.1546818
-0.1387297 0.01940197 0.0223538 7706958 -0.1687387 -0.01948731 0.1561198
-0.1387297 0.01940197 0.0223538 7817053 -0.1687387 -0.01948731 0.1561198
-0.1472786 0.01936442 0.02326766 7927156 -0.1750406 -0.01942938 0.1575456
-0.1557305 0.01917238 0.02411282 8037243 -0.181145 -0.01948529 0.1588939
-0.1557305 0.01917238 0.02411282 8157364 -0.181145 -0.01948529 0.1588939
-0.1629978 0.01879961 0.02527117 8287481 -0.1868328 -0.01966923 0.1603944
-0.1714919 0.01856668 0.02600765 8377554 -0.1925672 -0.01978701 0.1616214
-0.1714919 0.01856668 0.02600765 8487649 -0.1925672 -0.01978701 0.1616214
-0.1797477 0.01829261 0.02682044 8627787 -0.1983251 -0.01990371 0.1628431
-0.1873569 0.01822228 0.02791881 8707847 -0.203971 -0.01999658 0.1641889
-0.1873569 0.01822228 0.02791881 8827964 -0.203971 -0.01999658 0.1641889
-0.194714 0.01810259 0.02909754 8938055 -0.2095502 -0.02004116 0.1655937
-0.2011337 0.0179804 0.03025368 9048154 -0.2144951 -0.02009206 0.166922
-0.2011337 0.0179804 0.03025368 9158266 -0.2144951 -0.02009206 0.166922
-0.2086707 0.01662213 0.03065303 9268353 -0.2195875 -0.02064329 0.1677602
-0.2153736 0.01616437 0.03143273 9378464 -0.2243652 -0.02086513 0.1687434
-0.2153736 0.01616437 0.03143273 9498564 -0.2243652 -0.02086513 0.1687434
-0.2220843 0.01556391 0.03212745 9608659 -0.229053 -0.0210604 0.1696642
-0.228435 0.01494951 0.03265686 9718763 -0.2336366 -0.02122372 0.170391
-0.228435 0.01494951 0.03265686 9828858 -0.2336366 -0.02122372 0.170391
-0.234506 0.01441962 0.03321741 9938961 -0.238075 -0.02141374 0.1710923
-0.2399445 0.01481695 0.0342195 10059073 -0.2423641 -0.02133744 0.1720355
-0.2399445 0.01481695 0.0342195 10169169 -0.2423641 -0.02133744 0.1720355
-0.2452721 0.01417584 0.034682 10279264 -0.2463336 -0.02151792 0.1726352
-0.2499971 0.01378769 0.03514189 10409381 -0.25005 -0.02165144 0.1731648
-0.2499971 0.01378769 0.03514189 10499470 -0.25005 -0.02165144 0.1731648
-0.2543127 0.01297659 0.03537653 10609569 -0.2534757 -0.02192014 0.173535
-0.2586533 0.01245946 0.03571457 10739679 -0.2567647 -0.02212589 0.173941
-0.2586533 0.01245946 0.03571457 10839773 -0.2567647 -0.02212589 0.173941
-0.2621168 0.01183576 0.0358739 10949876 -0.2596498 -0.02249043 0.1741558
-0.2658303 0.01120753 0.03600447 11059971 -0.2624479 -0.02280646 0.1743441
-0.2658303 0.01120753 0.03600447 11170071 -0.2624479 -0.02280646 0.1743441
-0.2690386 0.01049275 0.03605091 11280170 -0.2649846 -0.02324622 0.1744398
-0.2722963 0.009679145 0.03607307 11390265 -0.2674454 -0.02369123 0.1745257
-0.2751005 0.009332365 0.03626047 11520394 -0.2695947 -0.02411907 0.1746691
-0.2751005 0.009332365 0.03626047 11610476 -0.2695947 -0.02411907 0.1746691
-0.277555 0.008928246 0.03646767 11720571 -0.271549 -0.0247777 0.1747937
-0.2798997 0.008637733 0.03671054 11840671 -0.2732497 -0.02552455 0.1748951
-0.2798997 0.008637733 0.03671054 11950770 -0.2732497 -0.02552455 0.1748951
-0.2823593 0.008457488 0.03699745 12060881 -0.2749506 -0.02634435 0.1749837
-0.2838648 0.00810594 0.03728256 12180982 -0.276277 -0.02729934 0.1751054
-0.2838648 0.00810594 0.03728256 12291089 -0.276277 -0.02729934 0.1751054
-0.2853167 0.007876582 0.03782539 12411197 -0.2775992 -0.02850168 0.1753874
-0.2853167 0.007876582 0.03782539 12511287 -0.2775992 -0.02850168 0.1753874
-0.2861339 0.008154935 0.03880626 12621387 -0.2784745 -0.02983325 0.1759357
-0.2867149 0.00849802 0.03997235 12741487 -0.2790933 -0.03149848 0.1765316
-0.2869121 0.008258051 0.04115669 12841585 -0.2796501 -0.03354078 0.1771948
-0.2869121 0.008258051 0.04115669 12971702 -0.2796501 -0.03354078 0.1771948
-0.2864371 0.0088206 0.04301975 13071788 -0.2801016 -0.03542023 0.17833
