0.1477998 -0.001238995 0.003153883 0 0.04050326 -0.02692073 0.09334347
0.1477998 -0.001238995 0.003153883 110115 0.04050326 -0.02692073 0.09334347
0.1467085 -0.001271658 0.003185939 220198 0.03928446 -0.02690046 0.09323862
0.1452099 -0.001144104 0.0036659 330310 0.03741312 -0.02664607 0.09330827
0.1452099 -0.001144104 0.0036659 440397 0.03741312 -0.02664607 0.09330827
0.1423367 -0.0009114075 0.004008961 560505 0.03456509 -0.02644318 0.0936731
0.1381823 -0.0002614784 0.004176605 670604 0.0310536 -0.02632862 0.09445497
0.1381823 -0.0002614784 0.004176605 780708 0.0310536 -0.02632862 0.09445497
0.1328576 0.0001595688 0.004008708 910829 0.02667701 -0.02658563 0.0952042
0.1267008 0.0004227829 0.003714675 1000902 0.02136635 -0.02692228 0.09571004
0.1267008 0.0004227829 0.003714675 1121014 0.02136635 -0.02692228 0.09571004
0.1198313 0.0002994013 0.003380967 1221104 0.01507472 -0.02727991 0.09596442
0.112221 0.0001149845 0.002741522 1341209 0.008126492 -0.02751046 0.09605512
0.112221 0.0001149845 0.002741522 1451320 0.008126492 -0.02751046 0.09605512
0.1035748 0.0001105738 0.001998842 1561407 0.0004649099 -0.02790146 0.09628531
0.09414882 0.0001501512 0.00113584 1671514 -0.007555312 -0.0284664 0.09675812
0.09414882 0.0001501512 0.00113584 1781610 -0.007555312 -0.0284664 0.09675812
0.08440745 -8.194923E-05 0.0003981572 1891717 -0.01577491 -0.02918654 0.09746861
0.07401032 -0.0003101158 -0.0004102689 2021834 -0.02453048 -0.02990418 0.09818055
0.07401032 -0.0003101158 -0.0004102689 2121912 -0.02453048 -0.02990418 0.09818055
0.06353551 -0.000920229 -0.001047406 2232011 -0.03365961 -0.03080123 0.09878483
0.05257935 -0.001376562 -0.001593762 2342123 -0.04324768 -0.03167205 0.09942906
0.05257935 -0.001376562 -0.001593762 2462223 -0.04324768 -0.03167205 0.09942906
0.0415237 -0.001980476 -0.002124652 2572330 -0.05277813 -0.03265267 0.1002112
0.02985633 -0.002347283 -0.002365219 2682425 -0.06274641 -0.03363269 0.1013277
0.02985633 -0.002347283 -0.002365219 2792529 -0.06274641 -0.03363269 0.1013277
0.01874578 -0.003169231 -0.002844863 2902628 -0.07204158 -0.03457826 0.1024043
0.007736149 -0.004027538 -0.002913564 3012727 -0.08147223 -0.0357086 0.1035967
0.007736149 -0.004027538 -0.002913564 3122826 -0.08147223 -0.0357086 0.1035967
-0.003785548 -0.004576735 -0.002887268 3242935 -0.09130193 -0.03696256 0.1048081
-0.01493543 -0.005325966 -0.002749118 3353026 -0.1008319 -0.03822701 0.1060882
-0.01493543 -0.005325966 -0.002749118 3463121 -0.1008319 -0.03822701 0.1060882
-0.02581253 -0.007165961 -0.002896872 3573220 -0.1099806 -0.03949552 0.1074516
-0.03691041 -0.007810526 -0.002705173 3683323 -0.1191016 -0.04013877 0.1091239
-0.03691041 -0.007810526 -0.002705173 3793423 -0.1191016 -0.04013877 0.1091239
-0.0481784 -0.008824281 -0.00259028 3903542 -0.128163 -0.04098993 0.1108738
-0.05955192 -0.008234791 -0.001802869 4013625 -0.1369821 -0.04147678 0.1131136
-0.05955192 -0.008234791 -0.001802869 4123724 -0.1369821 -0.04147678 0.1131136
-0.0721572 -0.008633785 -0.001693268 4243829 -0.1464632 -0.04255026 0.1150738
-0.08240041 -0.008596115 -0.0005430781 4353924 -0.1549355 -0.04304033 0.1171791
-0.08240041 -0.008596115 -0.0005430781 4464027 -0.1549355 -0.04304033 0.1171791
-0.09294751 -0.008466892 0.0002558542 4604149 -0.163489 -0.04337948 0.1190466
-0.1023354 -0.008192949 0.00133684 4694234 -0.1711013 -0.0434007 0.1210778
-0.1023354 -0.008192949 0.00133684 4804330 -0.1711013 -0.0434007 0.1210778
-0.1113015 -0.00775867 0.002471338 4914429 -0.1781709 -0.04335444 0.1231679
-0.1195985 -0.007510833 0.003588821 5024540 -0.1847202 -0.04357987 0.1250979
-0.1195985 -0.007510833 0.003588821 5134627 -0.1847202 -0.04357987 0.1250979
-0.1282265 -0.007919006 0.004210895 5244739 -0.1914916 -0.04401331 0.1266894
-0.1347919 -0.007766895 0.005349867 5364843 -0.197155 -0.04399281 0.1282513
-0.1347919 -0.007766895 0.005349867 5464929 -0.197155 -0.04399281 0.1282513
-0.1408486 -0.007655077 0.00621393 5575036 -0.2022322 -0.0440461 0.129559
-0.1455186 -0.007427506 0.007087555 5695136 -0.2062943 -0.04394501 0.130696
-0.1493204 -0.007295541 0.007781677 5805240 -0.2095408 -0.0436024 0.1317235
-0.1493204 -0.007295541 0.007781677 5915327 -0.2095408 -0.0436024 0.1317235
-0.1524724 -0.006583266 0.008516258 6035451 -0.2121389 -0.04308455 0.1326687
-0.1545225 -0.006519608 0.008953366 6135537 -0.2139858 -0.04287534 0.1332459
-0.1545225 -0.006519608 0.008953366 6245637 -0.2139858 -0.04287534 0.1332459
-0.1559561 -0.00632637 0.009324236 6385759 -0.2153809 -0.04261606 0.1336545
-0.1566963 -0.00606709 0.009694966 6475840 -0.2163369 -0.04242533 0.1339018
-0.1566963 -0.00606709 0.009694966 6585947 -0.2163369 -0.04242533 0.1339018
-0.1570926 -0.00575202 0.01008031 6696051 -0.2170183 -0.04224091 0.1341114
-0.1570416 -0.005540065 0.01045752 6816159 -0.2172281 -0.04215186 0.1343261
-0.1570416 -0.005540065 0.01045752 6926254 -0.2172281 -0.04215186 0.1343261
-0.1568771 -0.005160384 0.01101763 7036353 -0.2172243 -0.0420739 0.1347183
-0.1568063 -0.004690938 0.0117913 7146457 -0.2173062 -0.04231923 0.1352017
