0.0650662 -0.0007934967 -0.007339321 0 -0.01151661 0.04114451 0.1052774
0.06599525 0.0003467554 -0.007969259 110091 -0.01114437 0.04164724 0.1045029
0.06621548 0.0003002971 -0.008223454 220194 -0.01091185 0.04171527 0.104215
0.06621548 0.0003002971 -0.008223454 340307 -0.01091185 0.04171527 0.104215
0.06683012 -0.0001833822 -0.008202127 450406 -0.01043772 0.04164533 0.1039865
0.06685504 0.0001747294 -0.008323709 590532 -0.01017434 0.04160549 0.1041761
0.06685504 0.0001747294 -0.008323709 670596 -0.01017434 0.04160549 0.1041761
0.06660973 0.0003710593 -0.008523403 780687 -0.00986121 0.04137661 0.1045119
0.06626185 0.0004840675 -0.008694837 920834 -0.009570476 0.0411336 0.104898
0.06626185 0.0004840675 -0.008694837 1010895 -0.009570476 0.0411336 0.104898
0.06601384 0.0006149866 -0.008609984 1111021 -0.009283128 0.0409595 0.1054467
0.06527381 0.0008730448 -0.008405592 1251132 -0.009034246 0.04078416 0.1064494
0.06527381 0.0008730448 -0.008405592 1341192 -0.009034246 0.04078416 0.1064494
0.06426123 0.001230415 -0.008315377 1451300 -0.008931114 0.04065048 0.1074222
0.06299914 0.001266627 -0.008244039 1581413 -0.009220935 0.04058903 0.1081357
0.06299914 0.001266627 -0.008244039 1681507 -0.009220935 0.04058903 0.1081357
0.06174865 0.001510135 -0.008239663 1791606 -0.009884906 0.040713 0.1085423
0.06007496 0.001730253 -0.008317645 1901706 -0.01091483 0.04090012 0.1088678
0.06007496 0.001730253 -0.008317645 2021814 -0.01091483 0.04090012 0.1088678
0.05784905 0.002656625 -0.00842283 2121912 -0.01245505 0.04119497 0.1093837
0.05525821 0.003780055 -0.008651472 2242016 -0.01406507 0.04185008 0.1098863
0.05525821 0.003780055 -0.008651472 2352120 -0.01406507 0.04185008 0.1098863
0.05217044 0.00398932 -0.008755184 2462203 -0.01594318 0.04227979 0.1104112
0.04814757 0.003061671 -0.008532131 2572314 -0.0183428 0.04236596 0.1112195
0.04814757 0.003061671 -0.008532131 2682409 -0.0183428 0.04236596 0.1112195
0.04355044 0.003097091 -0.008541103 2792521 -0.02100506 0.04279345 0.1121363
0.03916954 0.002958672 -0.008457669 2902608 -0.02389026 0.04319705 0.1128295
0.03916954 0.002958672 -0.008457669 3022728 -0.02389026 0.04319705 0.1128295
0.03460109 0.002615115 -0.008169062 3132819 -0.02736156 0.04337424 0.1135091
0.03036816 0.003663949 -0.008054673 3242918 -0.0310721 0.04367867 0.1141344
0.03036816 0.003663949 -0.008054673 3353022 -0.0310721 0.04367867 0.1141344
0.02524709 0.003564285 -0.007834592 3463121 -0.0353427 0.04374542 0.114724
0.02012086 0.002683522 -0.007715438 3573208 -0.0396485 0.04388937 0.1149057
0.0146763 0.002193409 -0.007885119 3703329 -0.04388532 0.04439767 0.114979
0.0146763 0.002193409 -0.007885119 3803428 -0.04388532 0.04439767 0.114979
0.0090954 0.00143263 -0.007755321 3913515 -0.04856097 0.04477724 0.1151399
0.003484867 0.001524263 -0.008004772 4043640 -0.05307598 0.04543199 0.1151992
0.003484867 0.001524263 -0.008004772 4133717 -0.05307598 0.04543199 0.1151992
-0.001572163 0.001587957 -0.007779352 4253825 -0.057783 0.04585721 0.1154555
-0.001572163 0.001587957 -0.007779352 4353912 -0.057783 0.04585721 0.1154555
-0.006938012 0.001514986 -0.007848798 4464027 -0.06244256 0.04625736 0.1155352
-0.01150851 0.001920343 -0.008048534 4584123 -0.06686412 0.046751 0.1153703
-0.01150851 0.001920343 -0.008048534 4694222 -0.06686412 0.046751 0.1153703
-0.01646385 0.0008993522 -0.008018646 4804322 -0.07129616 0.04692872 0.1151924
-0.02113431 0.0001876178 -0.008016928 4924426 -0.07570233 0.04709657 0.1149796
-0.02113431 0.0001876178 -0.008016928 5024520 -0.07570233 0.04709657 0.1149796
-0.02541068 -0.0005882615 -0.008097121 5154645 -0.07976758 0.04728313 0.1146217
-0.0294969 -0.0008773538 -0.007969507 5254727 -0.0836291 0.04752403 0.1146407
-0.0294969 -0.0008773538 -0.007969507 5364819 -0.0836291 0.04752403 0.1146407
-0.03271164 -0.0007385013 -0.007956463 5494948 -0.08678307 0.04798793 0.1145518
-0.03521987 -0.000300325 -0.008016621 5585025 -0.08942528 0.04851193 0.1143982
-0.03521987 -0.000300325 -0.008016621 5695132 -0.08942528 0.04851193 0.1143982
-0.03757869 -0.0001585103 -0.008027344 5805224 -0.09197719 0.04883061 0.114231
-0.03937973 -7.15771E-05 -0.008051619 5925336 -0.09410238 0.04919289 0.1139512
-0.03937973 -7.15771E-05 -0.008051619 6025422 -0.09410238 0.04919289 0.1139512
-0.04083362 0.0002395974 -0.008097508 6145534 -0.09593363 0.04962435 0.1136867
-0.04211532 0.000471322 -0.008036935 6255642 -0.09749389 0.05012758 0.1135102
-0.04211532 0.000471322 -0.008036935 6365753 -0.09749389 0.05012758 0.1135102
-0.04292024 0.0008009368 -0.007689759 6485841 -0.09860419 0.05079485 0.1135792
-0.04342289 0.0006293266 -0.006505623 6595928 -0.09949034 0.05181056 0.1140894
-0.03972742 -0.00154191 -0.0009116015 6706035 -0.1013927 0.0536872 0.1150771
-0.03972742 -0.00154191 -0.0009116015 6816131 -0.1013927 0.0536872 0.1150771
-0.03550059 -0.002097772 0.006634843 6926242 -0.1037238 0.05652225 0.1171587
-0.03172681 -0.001715669 0.01512039 7036325 -0.1065792 0.05952965 0.119774
