0.05123502 -4.574552E-05 -0.00258421 0 0.008695523 -0.007969147 0.1331871
0.05123502 -4.574552E-05 -0.00258421 110075 0.008695523 -0.007969147 0.1331871
0.05091675 0.0002944376 -0.003695195 220207 0.008690963 -0.008169282 0.1321415
0.05094414 -2.753001E-05 -0.004319114 330602 0.008383288 -0.008499147 0.1314124
0.05094414 -2.753001E-05 -0.004319114 440381 0.008383288 -0.008499147 0.1314124
0.05065464 0.0001046277 -0.004356941 560497 0.008482627 -0.008727542 0.1314729
0.05083064 0.0001108698 -0.004327267 660580 0.00871149 -0.008816179 0.1315128
0.05083064 0.0001108698 -0.004327267 780704 0.00871149 -0.008816179 0.1315128
0.05091425 7.137878E-05 -0.004368478 890795 0.009030737 -0.008836565 0.1315457
0.05077831 0.0001570437 -0.004329645 1000992 0.009206122 -0.008698188 0.1316835
0.05077831 0.0001570437 -0.004329645 1111002 0.009206122 -0.008698188 0.1316835
0.05075839 0.0001179335 -0.004378166 1231434 0.009267793 -0.008278919 0.131689
0.05084736 6.147023E-05 -0.004400698 1341359 0.009170976 -0.007781868 0.1316427
0.05084736 6.147023E-05 -0.004400698 1451284 0.009170976 -0.007781868 0.1316427
0.05082629 -4.727447E-05 -0.004511756 1561691 0.008728625 -0.007287384 0.1314353
0.0506977 7.276041E-05 -0.004568396 1671604 0.007974772 -0.006982363 0.1311932
0.05054194 9.905537E-05 -0.004608215 1781732 0.00675281 -0.006860267 0.1308182
0.05054194 9.905537E-05 -0.004608215 1901982 0.00675281 -0.006860267 0.1308182
0.04913818 0.0002174692 -0.004610277 2011809 0.005567747 -0.006800632 0.1308837
0.04697831 -0.0002560868 -0.004571214 2121941 0.004481471 -0.006933386 0.1312805
0.04697831 -0.0002560868 -0.004571214 2232146 0.004481471 -0.006933386 0.1312805
0.04400307 -0.0007843951 -0.004595092 2342111 0.003136325 -0.006986642 0.1317782
0.04044511 -0.001315337 -0.004526999 2452186 0.001337927 -0.006985673 0.1323844
0.04044511 -0.001315337 -0.004526999 2572294 0.001337927 -0.006985673 0.1323844
0.03625038 -0.002160751 -0.004527936 2672656 -0.0009027336 -0.007032895 0.1329572
0.03192146 -0.002583772 -0.004364803 2792509 -0.003527059 -0.006978367 0.1335857
0.03192146 -0.002583772 -0.004364803 2902608 -0.003527059 -0.006978367 0.1335857
0.02693884 -0.00302521 -0.004315272 3013109 -0.006917057 -0.006932214 0.1340493
0.02198454 -0.003308168 -0.004430284 3122997 -0.01087345 -0.006696534 0.1341883
0.02198454 -0.003308168 -0.004430284 3232898 -0.01087345 -0.006696534 0.1341883
0.0169925 -0.003486323 -0.004521348 3343001 -0.01510549 -0.00634447 0.1342872
0.01177298 -0.003893966 -0.004501027 3463117 -0.0193885 -0.006097437 0.1345326
0.01177298 -0.003893966 -0.004501027 3573204 -0.0193885 -0.006097437 0.1345326
0.006485186 -0.004424267 -0.004505964 3673295 -0.02335494 -0.005689776 0.1348289
0.0004983319 -0.004753693 -0.004471391 3793403 -0.02735511 -0.005324918 0.1352788
0.0004983319 -0.004753693 -0.004471391 3903859 -0.02735511 -0.005324918 0.1352788
-0.005481006 -0.005199627 -0.004479426 4023618 -0.03148316 -0.004840688 0.1356277
-0.01122785 -0.005289437 -0.004417046 4133714 -0.03602177 -0.004307922 0.135906
-0.01122785 -0.005289437 -0.004417046 4243805 -0.03602177 -0.004307922 0.135906
-0.01729111 -0.004941867 -0.004275416 4343895 -0.04081819 -0.003850838 0.1362647
-0.02278366 -0.00519878 -0.004344774 4464028 -0.04520584 -0.003448311 0.1363692
-0.02278366 -0.00519878 -0.004344774 4584286 -0.04520584 -0.003448311 0.1363692
-0.02924126 -0.005861776 -0.004246817 4694215 -0.04951575 -0.003125561 0.136777
-0.03581334 -0.00648417 -0.004115538 4794471 -0.05362761 -0.002871147 0.1372204
-0.03581334 -0.00648417 -0.004115538 4914409 -0.05362761 -0.002871147 0.1372204
-0.04195763 -0.006780166 -0.004153416 5024512 -0.05767655 -0.002715335 0.1374186
-0.04769661 -0.006849329 -0.004049848 5134676 -0.06212151 -0.002583956 0.137654
-0.04769661 -0.006849329 -0.004049848 5244719 -0.06212151 -0.002583956 0.137654
-0.0519296 -0.00628943 -0.004179066 5354822 -0.06673635 -0.002332659 0.1374943
-0.05616964 -0.006086882 -0.004353728 5464921 -0.07127564 -0.002154894 0.1372887
-0.05616964 -0.006086882 -0.004353728 5585407 -0.07127564 -0.002154894 0.1372887
-0.06098799 -0.005837647 -0.004473812 5695121 -0.07541582 -0.001818702 0.1372369
-0.06561683 -0.006066423 -0.004554174 5805220 -0.07911929 -0.001661723 0.1372363
-0.06561683 -0.006066423 -0.004554174 5915315 -0.07911929 -0.001661723 0.1372363
-0.06982774 -0.005970522 -0.00450235 6025414 -0.08236577 -0.001410925 0.1373717
-0.07324353 -0.005740268 -0.0045073 6135518 -0.08534769 -0.001305829 0.1374084
-0.07324353 -0.005740268 -0.0045073 6255622 -0.08534769 -0.001305829 0.1374084
-0.07565213 -0.005366445 -0.004441447 6365721 -0.08805186 -0.001292248 0.1374596
-0.07731902 -0.004958852 -0.004468665 6475816 -0.09054184 -0.001291538 0.1373691
-0.07731902 -0.004958852 -0.004468665 6585915 -0.09054184 -0.001291538 0.1373691
-0.07761621 -0.003804267 -0.004431035 6696019 -0.09237798 -0.001114578 0.1372768
-0.07741998 -0.003647872 -0.004434325 6816139 -0.09362774 -0.001025309 0.1371167
-0.07741998 -0.003647872 -0.004434325 6926230 -0.09362774 -0.001025309 0.1371167
-0.07717945 -0.003559501 -0.004347797 7036325 -0.09401399 -0.00091898 0.1371297
-0.07731162 -0.003537578 -0.004329996 7146664 -0.09383377 -0.0009062124 0.1371845
-0.07731162 -0.003537578 -0.004329996 7256516 -0.09383377 -0.0009062124 0.1371845
-0.07731424 -0.003762795 -0.004443099 7366619 -0.09333798 -0.0009882802 0.1371259
-0.07724666 -0.003833462 -0.004417983 7476726 -0.09293988 -0.001275666 0.1371921
-0.07724666 -0.003833462 -0.004417983 7596948 -0.09293988 -0.001275666 0.1371921
-0.07729228 -0.003947246 -0.00438315 7696913 -0.09253002 -0.001690401 0.1372818
-0.07734317 -0.004027868 -0.004369086 7817029 -0.09205543 -0.002122066 0.1373566
-0.07734317 -0.004027868 -0.004369086 7927140 -0.09205543 -0.002122066 0.1373566
