0.1430278 0.007078279 -0.01295866 0 0.0682876 -0.05274879 0.09259159
0.1423747 0.00748866 -0.01306422 110099 0.06771655 -0.05272915 0.09232181
0.1423747 0.00748866 -0.01306422 230353 0.06771655 -0.05272915 0.09232181
0.1438341 0.007695684 -0.01233366 330314 0.06762435 -0.05247364 0.09196385
0.1437383 0.007623065 -0.01241044 450422 0.06740391 -0.05241855 0.09186947
0.1437383 0.007623065 -0.01241044 560586 0.06740391 -0.05241855 0.09186947
0.1435156 0.007349937 -0.01267158 660591 0.0673603 -0.05242074 0.09189455
0.1418435 0.006745445 -0.01432678 780703 0.06683067 -0.052421 0.09140236
0.1418435 0.006745445 -0.01432678 890798 0.06683067 -0.052421 0.09140236
0.1419879 0.006862132 -0.01413444 1001068 0.0669333 -0.05204631 0.09170908
0.1421216 0.006859524 -0.01409837 1121022 0.06705746 -0.05146809 0.09205954
0.1421216 0.006859524 -0.01409837 1231502 0.06705746 -0.05146809 0.09205954
0.1424603 0.007009762 -0.01398307 1341225 0.06737194 -0.05057915 0.09256031
0.1432485 0.007658026 -0.01378564 1451308 0.06786629 -0.04945345 0.09280729
0.1432485 0.007658026 -0.01378564 1571428 0.06786629 -0.04945345 0.09280729
0.1436159 0.008776293 -0.01377903 1671506 0.06837081 -0.04808265 0.09304545
0.1438058 0.01025077 -0.01390726 1781613 0.06896655 -0.0464857 0.09326692
0.1438058 0.01025077 -0.01390726 1901714 0.06896655 -0.0464857 0.09326692
0.1437727 0.01253156 -0.01400089 2001816 0.0696829 -0.04454049 0.09351523
0.1435836 0.01530529 -0.01418831 2121924 0.07051713 -0.04226064 0.09376399
0.1435836 0.01530529 -0.01418831 2232015 0.07051713 -0.04226064 0.09376399
0.1432778 0.01869906 -0.01412742 2342483 0.07135633 -0.0395309 0.09423687
0.1429828 0.0223709 -0.01415831 2452473 0.0721689 -0.03638287 0.09465177
0.1429828 0.0223709 -0.01415831 2572330 0.0721689 -0.03638287 0.09465177
0.1433338 0.02624726 -0.01377358 2682429 0.07304296 -0.03291707 0.09515312
0.1466006 0.02974963 -0.01277991 2792512 0.07433952 -0.02862919 0.0952779
0.1466006 0.02974963 -0.01277991 2902636 0.07433952 -0.02862919 0.0952779
0.1455596 0.03474923 -0.01295541 3012727 0.0743404 -0.0242941 0.09543259
0.1441744 0.04002756 -0.01310313 3132835 0.07401717 -0.01971383 0.09559443
0.1441744 0.04002756 -0.01310313 3232929 0.07401717 -0.01971383 0.09559443
0.142178 0.04589264 -0.01330142 3343008 0.07326953 -0.01483513 0.09564812
0.1401097 0.05177976 -0.0135728 3463125 0.07212479 -0.009649178 0.09556373
0.1401097 0.05177976 -0.0135728 3573240 0.07212479 -0.009649178 0.09556373
0.1374242 0.0580509 -0.0136656 3683319 0.0704807 -0.004266643 0.09561078
0.1389015 0.06402797 -0.01179853 3793564 0.06946308 0.001627762 0.09586185
0.1346967 0.07069269 -0.01184014 3933788 0.06688739 0.007075364 0.09614587
0.1346967 0.07069269 -0.01184014 4013961 0.06688739 0.007075364 0.09614587
0.1319577 0.076857 -0.01208554 4133729 0.06415705 0.0130292 0.0957817
0.1319577 0.076857 -0.01208554 4243820 0.06415705 0.0130292 0.0957817
0.1278604 0.08267608 -0.01235614 4353923 0.0610427 0.0183714 0.09584063
0.1237476 0.08861476 -0.0120072 4464027 0.05774076 0.02345948 0.09617843
0.1162596 0.09675371 -0.01175006 4594140 0.05325967 0.02905701 0.09666774
0.1162596 0.09675371 -0.01175006 4684250 0.05325967 0.02905701 0.09666774
0.1083554 0.1030613 -0.01195022 4794491 0.04851668 0.0335866 0.09713155
0.1083554 0.1030613 -0.01195022 4904420 0.04851668 0.0335866 0.09713155
0.09992143 0.1093423 -0.01192296 5024690 0.04333559 0.03786884 0.09760254
0.09433926 0.1136904 -0.0116937 5134639 0.03801121 0.04187683 0.09774214
0.09433926 0.1136904 -0.0116937 5244738 0.03801121 0.04187683 0.09774214
0.08705344 0.1182331 -0.01194962 5365159 0.03206435 0.04576498 0.09773544
0.07857528 0.1224915 -0.01205596 5474990 0.02560957 0.04903701 0.09796822
0.07857528 0.1224915 -0.01205596 5575044 0.02560957 0.04903701 0.09796822
0.07056555 0.1259117 -0.01216216 5695144 0.01887002 0.05199385 0.09815541
0.06236781 0.1280942 -0.0124997 5805256 0.01193553 0.05399692 0.09828123
0.05361402 0.1302618 -0.01267062 5935365 0.004614152 0.0556354 0.09839761
0.05361402 0.1302618 -0.01267062 6025434 0.004614152 0.0556354 0.09839761
0.04462184 0.1315692 -0.01304485 6145534 -0.002996612 0.05659997 0.09839278
0.0356687 0.1321501 -0.0134117 6245628 -0.010747 0.05688829 0.09833573
0.0356687 0.1321501 -0.0134117 6366045 -0.010747 0.05688829 0.09833573
0.02778063 0.1330986 -0.01301652 6475848 -0.01807117 0.05698594 0.09838685
0.01932593 0.1329872 -0.01296817 6586081 -0.02559161 0.05622369 0.09836923
0.01932593 0.1329872 -0.01296817 6696350 -0.02559161 0.05622369 0.09836923
0.01044948 0.1320336 -0.01312034 6806373 -0.03332552 0.0547156 0.09828848
0.001603634 0.1306584 -0.01311481 6916237 -0.0409676 0.05266316 0.09828842
0.001603634 0.1306584 -0.01311481 7036353 -0.0409676 0.05266316 0.09828842
-0.007551266 0.1294072 -0.01292744 7146813 -0.0486291 0.05040362 0.09832579
-0.01723226 0.1273532 -0.01271429 7256556 -0.05656805 0.04753023 0.09858365
-0.01723226 0.1273532 -0.01271429 7366805 -0.05656805 0.04753023 0.09858365
-0.02691278 0.1247369 -0.01280351 7476758 -0.06459976 0.04446495 0.09874172
-0.03647307 0.1216932 -0.01273098 7586922 -0.07278157 0.04103614 0.09899353
-0.03647307 0.1216932 -0.01273098 7706949 -0.07278157 0.04103614 0.09899353
-0.04506009 0.1180324 -0.01256071 7817061 -0.08086979 0.03717706 0.09918153
-0.05262117 0.1129162 -0.01260448 7927144 -0.08864504 0.03253494 0.09941059
-0.05262117 0.1129162 -0.01260448 8057285 -0.08864504 0.03253494 0.09941059
-0.06097637 0.1078529 -0.01282583 8147545 -0.0964037 0.02775332 0.0995806
-0.06887738 0.1024735 -0.01295455 8267467 -0.1038242 0.02252953 0.09971277
-0.06887738 0.1024735 -0.01295455 8367739 -0.1038242 0.02252953 0.09971277
-0.07673094 0.09702447 -0.01287113 8487653 -0.110909 0.01675394 0.09979978
-0.08427089 0.09125385 -0.01249544 8597914 -0.1177406 0.01042633 0.09998981
-0.08427089 0.09125385 -0.01249544 8728210 -0.1177406 0.01042633 0.09998981
-0.09122162 0.08440322 -0.01255245 8817951 -0.1243033 0.003824326 0.1002256
-0.0976365 0.07733398 -0.01234352 8938059 -0.1305367 -0.003055755 0.1006225
-0.0976365 0.07733398 -0.01234352 9038145 -0.1305367 -0.003055755 0.1006225
-0.1036403 0.06984004 -0.01231834 9158269 -0.136428 -0.01024403 0.1008972
-0.1086212 0.06189084 -0.01219379 9268656 -0.1417029 -0.01779258 0.1012187
-0.1086212 0.06189084 -0.01219379 9378812 -0.1417029 -0.01779258 0.1012187
-0.1136312 0.05358844 -0.01223685 9488555 -0.1465954 -0.02566113 0.1015133
-0.1179682 0.04489442 -0.01227415 9609543 -0.1508459 -0.03388859 0.1018247
-0.1179682 0.04489442 -0.01227415 9718754 -0.1508459 -0.03388859 0.1018247
-0.1214559 0.03611435 -0.01209108 9818853 -0.1546317 -0.0422443 0.1022134
-0.1243591 0.02695211 -0.01199857 9939342 -0.1579339 -0.05079706 0.1026053
-0.1243591 0.02695211 -0.01199857 10049445 -0.1579339 -0.05079706 0.1026053
-0.1263208 0.01750826 -0.01190065 10169168 -0.1606809 -0.05954481 0.1029403
-0.1274642 0.007987215 -0.01177999 10269433 -0.1627154 -0.06846784 0.1031905
-0.1274642 0.007987215 -0.01177999 10389363 -0.1627154 -0.06846784 0.1031905
-0.127925 -0.00159129 -0.01174106 10519496 -0.1641489 -0.07751457 0.1032795
-0.1283482 -0.01076898 -0.01158234 10609565 -0.1648873 -0.08657359 0.1034168
-0.1283482 -0.01076898 -0.01158234 10720475 -0.1648873 -0.08657359 0.1034168
-0.1276808 -0.02031588 -0.01159759 10850187 -0.1650488 -0.09574617 0.1033813
-0.1269828 -0.03009896 -0.01165321 10939863 -0.1647502 -0.1049738 0.103558
-0.1269828 -0.03009896 -0.01165321 11059991 -0.1647502 -0.1049738 0.103558
-0.1253335 -0.03940441 -0.01150787 11160078 -0.1640747 -0.1138775 0.1036403
-0.1233504 -0.04864124 -0.01146757 11280579 -0.1630776 -0.1227186 0.1036
-0.1233504 -0.04864124 -0.01146757 11390261 -0.1630776 -0.1227186 0.1036
-0.1215031 -0.05771109 -0.01159866 11520398 -0.1618373 -0.1313672 0.1035281
-0.119089 -0.06653684 -0.01169011 11610467 -0.1602569 -0.139738 0.1034317
-0.119089 -0.06653684 -0.01169011 11730575 -0.1602569 -0.139738 0.1034317
-0.1156048 -0.07512424 -0.01162108 11861013 -0.1582219 -0.1477774 0.1033204
-0.1112559 -0.08318388 -0.01130907 11950948 -0.1556698 -0.1555367 0.1031405
-0.1112559 -0.08318388 -0.01130907 12060881 -0.1556698 -0.1555367 0.1031405
-0.1064401 -0.09107351 -0.01096946 12170985 -0.1527088 -0.1630765 0.1029648
-0.1018669 -0.09880719 -0.01097138 12281068 -0.149406 -0.1702671 0.1027817
-0.1018669 -0.09880719 -0.01097138 12391171 -0.149406 -0.1702671 0.1027817
-0.09738109 -0.1067328 -0.01150455 12511275 -0.1457018 -0.1769851 0.1026706
-0.09109248 -0.1130058 -0.01078601 12611377 -0.1417905 -0.1833082 0.1023225
-0.09109248 -0.1130058 -0.01078601 12731477 -0.1417905 -0.1833082 0.1023225
-0.08455665 -0.119598 -0.01054338 12841589 -0.1374105 -0.1891939 0.1020138
-0.07740276 -0.12618 -0.01028497 12961677 -0.1325549 -0.1947054 0.1018255
-0.07740276 -0.12618 -0.01028497 13071784 -0.1325549 -0.1947054 0.1018255
-0.07005454 -0.1321797 -0.009999054 13171874 -0.1272937 -0.1997866 0.1016218
-0.06345057 -0.1383024 -0.01048398 13281998 -0.1217352 -0.2043527 0.1015271
-0.06345057 -0.1383024 -0.01048398 13402074 -0.1217352 -0.2043527 0.1015271
-0.05612473 -0.1438152 -0.01084461 13512181 -0.1157854 -0.2085024 0.1012376
-0.04785397 -0.1488128 -0.01087702 13632301 -0.109347 -0.2121202 0.1010026
-0.04785397 -0.1488128 -0.01087702 13732384 -0.109347 -0.2121202 0.1010026
-0.03913895 -0.1531365 -0.01079549 13852520 -0.102618 -0.2151248 0.1007129
-0.0303239 -0.157094 -0.01086095 13972608 -0.09566117 -0.2176393 0.1003665
-0.0303239 -0.157094 -0.01086095 14072702 -0.09566117 -0.2176393 0.1003665
-0.02132121 -0.1604207 -0.01084879 14183195 -0.08848146 -0.2196779 0.09998588
-0.0124657 -0.1632705 -0.01134612 14292885 -0.08089051 -0.221017 0.0995125
-0.0124657 -0.1632705 -0.01134612 14402992 -0.08089051 -0.221017 0.0995125
-0.003292798 -0.1644955 -0.01078561 14513079 -0.07352213 -0.2219534 0.09909008
0.005768215 -0.1656526 -0.01093321 14623178 -0.06595834 -0.2221438 0.09847566
0.005768215 -0.1656526 -0.01093321 14733277 -0.06595834 -0.2221438 0.09847566
0.01485572 -0.1664695 -0.01118604 14853390 -0.05831196 -0.2216763 0.09792372
0.02396091 -0.1668776 -0.01130062 14963497 -0.05066624 -0.2207016 0.0975112
0.02396091 -0.1668776 -0.01130062 15073592 -0.05066624 -0.2207016 0.0975112
0.03319285 -0.1667617 -0.01122553 15193692 -0.04287184 -0.2192524 0.09724164
0.04180049 -0.1657676 -0.01126525 15293791 -0.03519461 -0.2172502 0.09702847
0.04968944 -0.1632069 -0.01130859 15434266 -0.02781217 -0.2143435 0.09678764
0.04968944 -0.1632069 -0.01130859 15524091 -0.02781217 -0.2143435 0.09678764
0.05837926 -0.1613804 -0.01131203 15634101 -0.02010478 -0.2115618 0.09652269
0.0666813 -0.1585595 -0.01143098 15744201 -0.01262858 -0.2081946 0.09605182
0.0666813 -0.1585595 -0.01143098 15854292 -0.01262858 -0.2081946 0.09605182
0.07454534 -0.1548677 -0.01158505 15964541 -0.00542756 -0.2042162 0.09553777
0.07454534 -0.1548677 -0.01158505 16074490 -0.00542756 -0.2042162 0.09553777
0.08197213 -0.1504618 -0.01174333 16194906 0.001513998 -0.1997094 0.09506214
0.08892313 -0.1455543 -0.0118255 16304710 0.008181398 -0.1947727 0.09477919
0.0957318 -0.1396482 -0.01164667 16414805 0.01464312 -0.1890005 0.09463236
0.0957318 -0.1396482 -0.01164667 16524912 0.01464312 -0.1890005 0.09463236
0.1013742 -0.133154 -0.01169711 16634999 0.02071271 -0.1831877 0.09458832
0.1013742 -0.133154 -0.01169711 16745107 0.02071271 -0.1831877 0.09458832
0.1072449 -0.1264594 -0.01158912 16865215 0.02655663 -0.1768096 0.09452635
0.1126406 -0.1193095 -0.01160286 16975302 0.03201668 -0.1701229 0.09434058
0.1126406 -0.1193095 -0.01160286 17085413 0.03201668 -0.1701229 0.09434058
0.1179134 -0.1123776 -0.011709 17215531 0.03724018 -0.1634371 0.09407851
0.1226555 -0.1048142 -0.01170833 17315601 0.04199259 -0.1563749 0.09384373
0.1266519 -0.09716937 -0.01197348 17425716 0.04637678 -0.1492706 0.09360877
0.1266519 -0.09716937 -0.01197348 17555841 0.04637678 -0.1492706 0.09360877
0.130253 -0.08850753 -0.01170084 17646239 0.05044048 -0.1417448 0.09366518
0.1320338 -0.08037234 -0.01240045 17756014 0.05366824 -0.134495 0.0935987
0.1320338 -0.08037234 -0.01240045 17896335 0.05366824 -0.134495 0.0935987
0.1339503 -0.07200745 -0.01286826 17976224 0.05694752 -0.127016 0.09367225
0.1353586 -0.0625101 -0.0127797 18096308 0.05987314 -0.1190704 0.09403382
0.1353586 -0.0625101 -0.0127797 18226657 0.05987314 -0.1190704 0.09403382
0.1372622 -0.05380575 -0.01257224 18306502 0.06278876 -0.1114337 0.09438088
0.1390594 -0.04563957 -0.01271696 18426618 0.06550463 -0.1040712 0.09443562
0.1390594 -0.04563957 -0.01271696 18536705 0.06550463 -0.1040712 0.09443562
0.1402619 -0.03763078 -0.01289991 18656817 0.06763824 -0.09673808 0.09451696
0.1411946 -0.02930913 -0.0127917 18756916 0.06943631 -0.08932847 0.09470088
0.1411946 -0.02930913 -0.0127917 18867007 0.06943631 -0.08932847 0.09470088
0.1416978 -0.02110019 -0.01290795 18987131 0.07093543 -0.0819957 0.09475195
0.1414997 -0.01398516 -0.01351502 19097222 0.07220345 -0.07509103 0.09497623
0.1414997 -0.01398516 -0.01351502 19207318 0.07220345 -0.07509103 0.09497623
0.1428622 -0.006076203 -0.01279066 19317433 0.07340654 -0.06842401 0.09488898
0.1421567 0.001427579 -0.01290337 19437525 0.07420882 -0.06220632 0.09498572
0.1421567 0.001427579 -0.01290337 19547616 0.07420882 -0.06220632 0.09498572
0.1407833 0.00846938 -0.01309306 19647706 0.07472703 -0.05627568 0.09530848
0.1400908 0.0146488 -0.0133851 19767831 0.07518664 -0.05059166 0.09541459
0.1400908 0.0146488 -0.0133851 19877926 0.07518664 -0.05059166 0.09541459
0.1395686 0.02051883 -0.01354563 19988013 0.07544616 -0.04526223 0.09539204
0.1391005 0.02571222 -0.01376261 20108142 0.07563221 -0.04043016 0.09533923
0.1391005 0.02571222 -0.01376261 20218233 0.07563221 -0.04043016 0.09533923
0.1386082 0.03046229 -0.01372109 20348338 0.07576241 -0.03619912 0.09542514
0.1379906 0.03463544 -0.01369651 20438443 0.07584029 -0.03252043 0.09554487
0.1379906 0.03463544 -0.01369651 20548534 0.07584029 -0.03252043 0.09554487
0.1374695 0.03815898 -0.01355624 20658634 0.07591934 -0.02946484 0.09573616
0.1372199 0.04061558 -0.01347817 20768891 0.07595149 -0.02697853 0.0959908
0.1372199 0.04061558 -0.01347817 20888821 0.07595149 -0.02697853 0.0959908
0.1370319 0.04206617 -0.01327106 20988911 0.07591512 -0.02530501 0.09641989
0.1368034 0.0421279 -0.01324511 21109036 0.07575105 -0.02441007 0.09698895
0.1368034 0.0421279 -0.01324511 21219139 0.07575105 -0.02441007 0.09698895
0.1364949 0.04184277 -0.01346296 21329238 0.07566311 -0.02434232 0.09710497
0.1379214 0.04121281 -0.01285989 21439345 0.07565519 -0.024958 0.09691527
0.1379214 0.04121281 -0.01285989 21549939 0.07565519 -0.024958 0.09691527
0.1385951 0.03946169 -0.0113668 21659524 0.07476415 -0.02657602 0.09758676
0.1417691 0.03583218 -0.008023099 21779624 0.07305887 -0.02932905 0.0984624
0.1417691 0.03583218 -0.008023099 21889763 0.07305887 -0.02932905 0.0984624
0.1457995 0.03173438 -0.001362893 21999830 0.07034199 -0.03374776 0.1002466
0.1488867 0.02581494 0.005857484 22110886 0.06716859 -0.03949885 0.1026175
0.1488867 0.02581494 0.005857484 22230034 0.06716859 -0.03949885 0.1026175
0.1506345 0.01848222 0.01322711 22330286 0.06395961 -0.04676075 0.1056233
0.1495942 0.00965228 0.01950925 22470595 0.0605645 -0.05616847 0.1092175
0.1495942 0.00965228 0.01950925 22560502 0.0605645 -0.05616847 0.1092175
0.1492818 -0.001296795 0.02617542 22670451 0.05735596 -0.06711084 0.1129186
0.1496834 -0.01425543 0.03363365 22800746 0.05417627 -0.07945141 0.116905
0.1496834 -0.01425543 0.03363365 22900642 0.05417627 -0.07945141 0.116905
