0.05280979 0.0007020645 -0.005227459 0 0.003782355 -0.0158538 0.1275447
0.05280979 0.0007020645 -0.005227459 110091 0.003782355 -0.0158538 0.1275447
0.05307044 0.001490546 -0.005441043 220199 0.003975702 -0.01557479 0.1272418
0.05330881 0.001932229 -0.005630168 330294 0.004266592 -0.01538625 0.1270393
0.05330881 0.001932229 -0.005630168 440389 0.004266592 -0.01538625 0.1270393
0.05297393 0.001874471 -0.005744715 570518 0.004416367 -0.01517953 0.1271371
0.05248708 0.001870098 -0.005917571 670601 0.004184455 -0.01512701 0.1270644
0.05248708 0.001870098 -0.005917571 780708 0.004184455 -0.01512701 0.1270644
0.05205156 0.001792247 -0.006103026 880790 0.003559381 -0.01520476 0.1268099
0.05176333 0.001707229 -0.006234335 1000902 0.002773098 -0.01538202 0.126484
0.05176333 0.001707229 -0.006234335 1110985 0.002773098 -0.01538202 0.126484
0.05125412 0.001604364 -0.006371856 1221157 0.001941857 -0.01570592 0.1261985
0.04982178 0.001485723 -0.006389437 1341213 0.0009696646 -0.01612303 0.1263119
0.04982178 0.001485723 -0.006389437 1451300 0.0009696646 -0.01612303 0.1263119
0.04738538 0.001683805 -0.006345078 1561395 -0.0004490167 -0.01653421 0.1266445
0.04463773 0.001700639 -0.006277791 1671507 -0.00224133 -0.01689222 0.1269997
0.04463773 0.001700639 -0.006277791 1781590 -0.00224133 -0.01689222 0.1269997
0.0411563 0.001520441 -0.006244419 1891713 -0.004683912 -0.01715512 0.1273824
0.03746384 0.001471236 -0.006106067 2001808 -0.007621075 -0.01731608 0.1277619
0.03746384 0.001471236 -0.006106067 2111895 -0.007621075 -0.01731608 0.1277619
0.03327602 0.00104336 -0.006028858 2221995 -0.01104313 -0.01747608 0.1281318
0.02808657 0.0005017151 -0.006037707 2342111 -0.01513178 -0.01781359 0.1285096
0.02808657 0.0005017151 -0.006037707 2452202 -0.01513178 -0.01781359 0.1285096
0.02221174 0.0003860704 -0.005890287 2562322 -0.01975433 -0.01814378 0.1290235
0.01538432 0.0003738458 -0.00585643 2672401 -0.02491143 -0.01845029 0.1295251
0.01538432 0.0003738458 -0.00585643 2782512 -0.02491143 -0.01845029 0.1295251
0.008108328 0.001560994 -0.00551343 2892599 -0.03058034 -0.0183264 0.1301845
0.0006013182 0.001702382 -0.005395805 3012958 -0.03639122 -0.01855719 0.1307194
0.0006013182 0.001702382 -0.005395805 3122806 -0.03639122 -0.01855719 0.1307194
-0.006964004 0.001711315 -0.005317778 3232922 -0.04215058 -0.01876596 0.1312429
-0.01449324 0.001418756 -0.005177466 3343013 -0.04796221 -0.01907198 0.1318123
-0.01449324 0.001418756 -0.005177466 3453104 -0.04796221 -0.01907198 0.1318123
-0.02185842 0.00121984 -0.00501687 3573220 -0.05367392 -0.01929372 0.1323629
-0.02929946 0.0009338272 -0.004887094 3683303 -0.05932986 -0.01961043 0.1328893
-0.03672396 0.0008565521 -0.004900085 3793419 -0.06487197 -0.01994218 0.1332352
-0.03672396 0.0008565521 -0.004900085 3903510 -0.06487197 -0.01994218 0.1332352
-0.04372162 0.0009015579 -0.004810416 4013613 -0.07021371 -0.02027072 0.1335953
-0.04990253 0.0005629475 -0.004757758 4123713 -0.07504274 -0.02056652 0.1339064
-0.04990253 0.0005629475 -0.004757758 4233820 -0.07504274 -0.02056652 0.1339064
-0.05537743 0.0003553631 -0.004660461 4343907 -0.07940416 -0.02087883 0.134185
-0.05537743 0.0003553631 -0.004660461 4464035 -0.07940416 -0.02087883 0.134185
-0.0602177 -7.045001E-05 -0.004688658 4584127 -0.08319909 -0.021329 0.13433
-0.06401921 -0.0004174288 -0.004682027 4684214 -0.08628287 -0.02186494 0.1344243
-0.06651156 -0.00102807 -0.004714343 4794305 -0.08860647 -0.02259859 0.1343999
-0.06651156 -0.00102807 -0.004714343 4904412 -0.08860647 -0.02259859 0.1343999
-0.06741311 -0.001584702 -0.004753761 5014507 -0.08984648 -0.02344932 0.1342604
-0.06770813 -0.002278414 -0.004629791 5144645 -0.09028812 -0.02432987 0.1343311
-0.06770813 -0.002278414 -0.004629791 5244711 -0.09028812 -0.02432987 0.1343311
-0.06695055 -0.003107462 -0.004294843 5354814 -0.09029732 -0.02507528 0.1345525
-0.06340531 -0.003259242 -0.002124261 5484935 -0.09051853 -0.02596431 0.1359178
-0.06340531 -0.003259242 -0.002124261 5575033 -0.09051853 -0.02596431 0.1359178
-0.05747995 -0.0006218351 0.003679487 5695133 -0.09069847 -0.0275951 0.1396031
-0.05185834 0.001311566 0.01098303 5805236 -0.09048649 -0.02971856 0.1445916
-0.05185834 0.001311566 0.01098303 5915331 -0.09048649 -0.02971856 0.1445916
-0.04624985 0.0007068207 0.01829997 6025434 -0.08973192 -0.03229881 0.1499289
-0.04008789 -0.001993969 0.02577427 6135522 -0.08852246 -0.03564371 0.1554972
