0.319428 -0.005488249 -0.00376562 0 0.216308 0.03872236 0.08408616
0.3113785 0.002938213 -0.01042514 110119 0.2134917 0.03932255 0.08653156
0.3113785 0.002938213 -0.01042514 250237 0.2134917 0.03932255 0.08653156
0.3107763 0.002731293 -0.01079383 330309 0.2133819 0.03907821 0.08667135
0.3107763 0.002731293 -0.01079383 450414 0.2133819 0.03907821 0.08667135
0.3097163 0.002843258 -0.01073119 560513 0.2128574 0.03891186 0.08736908
0.3110825 -0.002620581 -0.008580184 670612 0.2135634 0.03859943 0.08679885
0.3088223 -0.002367293 -0.00876046 780719 0.212168 0.03866267 0.08757611
0.3088223 -0.002367293 -0.00876046 890831 0.212168 0.03866267 0.08757611
0.3055205 -0.002161297 -0.009283783 1000898 0.2100771 0.03860391 0.08836356
0.3015568 -0.001899584 -0.009676962 1111021 0.2074292 0.03856524 0.08936252
0.3015568 -0.001899584 -0.009676962 1231121 0.2074292 0.03856524 0.08936252
0.296848 -0.001194492 -0.01007305 1341204 0.2042491 0.03867446 0.09063514
0.2923509 -0.0001126425 -0.009598282 1451324 0.2009013 0.03918697 0.09237597
0.2923509 -0.0001126425 -0.009598282 1561411 0.2009013 0.03918697 0.09237597
0.2867138 -0.0001448283 -0.009167024 1681511 0.1967191 0.03957817 0.09393139
0.2798938 -0.0002883998 -0.00902349 1791622 0.1917038 0.04005 0.09538706
0.2798938 -0.0002883998 -0.00902349 1901722 0.1917038 0.04005 0.09538706
0.2726758 -0.0002320827 -0.00911223 2011813 0.186165 0.04048435 0.09654898
0.2649344 -8.595139E-05 -0.008964206 2121912 0.1797416 0.04073007 0.09772447
0.2649344 -8.595139E-05 -0.008964206 2232023 0.1797416 0.04073007 0.09772447
0.2560376 0.0004565005 -0.008951302 2342114 0.1723354 0.0407696 0.09909972
0.2433399 0.004361655 -0.01016109 2452206 0.1627741 0.04078844 0.1015908
0.2433399 0.004361655 -0.01016109 2572318 0.1627741 0.04078844 0.1015908
0.2325607 0.003500909 -0.009940928 2682417 0.1541313 0.0412433 0.1028889
0.221177 0.002399391 -0.009941597 2792520 0.1450944 0.04192824 0.1038791
0.221177 0.002399391 -0.009941597 2902620 0.1450944 0.04192824 0.1038791
0.2090717 0.002185449 -0.01007697 3012715 0.1353191 0.04286631 0.1048659
0.1970457 0.002621641 -0.01012344 3132823 0.1250218 0.04385608 0.1057149
0.1970457 0.002621641 -0.01012344 3232913 0.1250218 0.04385608 0.1057149
0.184961 0.003569414 -0.0101952 3353017 0.114229 0.04490161 0.1064019
0.1720634 0.003777774 -0.009910135 3463129 0.1028567 0.04598923 0.1072857
0.1720634 0.003777774 -0.009910135 3573228 0.1028567 0.04598923 0.1072857
0.1578324 0.003665766 -0.009868467 3683331 0.09075706 0.04711966 0.1081099
0.1429572 0.00319938 -0.009963755 3803431 0.07824516 0.04825605 0.1087312
0.1429572 0.00319938 -0.009963755 3913543 0.07824516 0.04825605 0.1087312
0.1263206 0.0008316565 -0.009759293 4023638 0.06439145 0.04852632 0.1093887
0.1105356 0.0006517132 -0.009743005 4133741 0.05081581 0.04974269 0.1099644
0.1105356 0.0006517132 -0.009743005 4243836 0.05081581 0.04974269 0.1099644
0.0951011 0.001003152 -0.009706911 4353927 0.03717641 0.05108897 0.1104695
0.07894035 0.001500716 -0.009712812 4464035 0.02322542 0.05272161 0.1110287
0.07894035 0.001500716 -0.009712812 4584127 0.02322542 0.05272161 0.1110287
0.06231153 0.001507376 -0.009682438 4694226 0.008924073 0.0543841 0.1113963
0.04647165 -0.003544675 -0.008809885 4804329 -0.004819671 0.05533466 0.1103902
0.04647165 -0.003544675 -0.008809885 4924446 -0.004819671 0.05533466 0.1103902
0.02867848 -0.003237475 -0.009004795 5024540 -0.0200101 0.05697204 0.1106216
0.0122267 -0.003667559 -0.008736739 5144652 -0.03502172 0.05825355 0.1105931
0.0122267 -0.003667559 -0.008736739 5254743 -0.03502172 0.05825355 0.1105931
-0.004711223 -0.003113193 -0.00913864 5364843 -0.05027453 0.0596784 0.1103915
-0.02068623 -0.002529896 -0.008991108 5474946 -0.06538259 0.06101469 0.1104683
-0.02068623 -0.002529896 -0.008991108 5585029 -0.06538259 0.06101469 0.1104683
-0.03709257 -0.002254666 -0.008804811 5695148 -0.08034505 0.06230294 0.1106431
-0.05339171 -0.001780114 -0.008720438 5815244 -0.09523007 0.06370838 0.1107243
-0.05339171 -0.001780114 -0.008720438 5915545 -0.09523007 0.06370838 0.1107243
-0.07017684 -0.001620499 -0.008829254 6035451 -0.1098444 0.06513066 0.1106572
-0.08613262 -0.0004826843 -0.009273879 6145542 -0.1241051 0.06690089 0.1104082
-0.08613262 -0.0004826843 -0.009273879 6255633 -0.1241051 0.06690089 0.1104082
-0.1014756 1.633561E-05 -0.009404734 6366117 -0.1381958 0.06815283 0.1102418
-0.1165479 0.0004055899 -0.009491321 6475840 -0.1522894 0.06902196 0.1101773
-0.1165479 0.0004055899 -0.009491321 6585935 -0.1522894 0.06902196 0.1101773
-0.1315891 8.916532E-05 -0.00924751 6726073 -0.165997 0.06965625 0.110263
-0.1460059 8.774287E-05 -0.009219654 6816155 -0.1791217 0.07041726 0.1102096
-0.1460059 8.774287E-05 -0.009219654 6926246 -0.1791217 0.07041726 0.1102096
-0.1606216 -0.0003979781 -0.009175112 7056359 -0.1916503 0.07098503 0.1101896
-0.1753464 -0.0009888409 -0.009016996 7146460 -0.2036259 0.07162705 0.110287
-0.1753464 -0.0009888409 -0.009016996 7256535 -0.2036259 0.07162705 0.110287
-0.189735 -0.001391557 -0.009116007 7376656 -0.215152 0.07206967 0.1103146
-0.2035129 -0.002752315 -0.008814552 7486751 -0.2263224 0.07190654 0.1103997
-0.2035129 -0.002752315 -0.008814552 7596846 -0.2263224 0.07190654 0.1103997
-0.2165118 -0.003808728 -0.008606198 7706957 -0.2371787 0.0716574 0.1104904
-0.2281633 -0.004950361 -0.008358569 7817057 -0.2475736 0.07110988 0.1105713
-0.2281633 -0.004950361 -0.008358569 7927148 -0.2475736 0.07110988 0.1105713
-0.2392101 -0.005947822 -0.008345793 8047264 -0.2574329 0.07047711 0.1105382
-0.2499534 -0.006950531 -0.008377033 8157347 -0.2667736 0.06983124 0.1104838
-0.2499534 -0.006950531 -0.008377033 8267450 -0.2667736 0.06983124 0.1104838
-0.260484 -0.008070835 -0.008500401 8377736 -0.2755804 0.06899898 0.1104054
-0.2701998 -0.009362698 -0.008302761 8487649 -0.2836151 0.06810877 0.1105435
-0.2701998 -0.009362698 -0.008302761 8597752 -0.2836151 0.06810877 0.1105435
-0.2793215 -0.01098691 -0.008030511 8717852 -0.29108 0.06692638 0.1107024
-0.2873073 -0.01202517 -0.007972171 8827964 -0.2978016 0.06584217 0.1109092
-0.2942382 -0.01311579 -0.008064901 8938063 -0.3039713 0.06453187 0.1110248
-0.2942382 -0.01311579 -0.008064901 9048158 -0.3039713 0.06453187 0.1110248
-0.2996815 -0.0139319 -0.007921312 9158253 -0.3095169 0.06373476 0.1111476
-0.3048167 -0.01416669 -0.008222299 9268356 -0.314244 0.06313258 0.1111183
-0.3048167 -0.01416669 -0.008222299 9388465 -0.314244 0.06313258 0.1111183
-0.3081143 -0.01513498 -0.008062677 9498564 -0.3186015 0.06218514 0.1111759
-0.3116667 -0.01565105 -0.008258024 9608671 -0.3221317 0.0616024 0.1110258
-0.3116667 -0.01565105 -0.008258024 9718758 -0.3221317 0.0616024 0.1110258
-0.3141066 -0.01656816 -0.00786395 9828853 -0.3248829 0.06102843 0.1111692
-0.3146742 -0.01660606 -0.007921281 9938969 -0.3269947 0.0608487 0.1110544
-0.3146742 -0.01660606 -0.007921281 10059065 -0.3269947 0.0608487 0.1110544
-0.3145977 -0.01620574 -0.008204458 10179173 -0.3282142 0.06102967 0.1107726
-0.3149319 -0.01584214 -0.008362385 10279263 -0.3288202 0.0613335 0.110622
-0.3149319 -0.01584214 -0.008362385 10389375 -0.3288202 0.0613335 0.110622
-0.3151565 -0.01548164 -0.00863215 10499474 -0.3290052 0.06172892 0.1103341
-0.3153039 -0.0157953 -0.008494724 10609569 -0.3288895 0.06183119 0.110231
-0.3153039 -0.0157953 -0.008494724 10719668 -0.3288895 0.06183119 0.110231
-0.3161384 -0.01594975 -0.00813742 10839765 -0.3286567 0.06207761 0.1104428
-0.3147327 -0.01578621 -0.007831868 10949884 -0.3277045 0.06211683 0.1107813
-0.3147327 -0.01578621 -0.007831868 11059971 -0.3277045 0.06211683 0.1107813
-0.3112406 -0.01441692 -0.007350495 11170078 -0.3273063 0.06251252 0.1115192
-0.3041301 -0.013333 -0.003760177 11290187 -0.327411 0.06431672 0.1134353
-0.3041301 -0.013333 -0.003760177 11390281 -0.327411 0.06431672 0.1134353
-0.2985548 -0.01322103 0.002866727 11510377 -0.3279157 0.06688702 0.1170021
