0.2956368 0.008634814 -0.003923988 0 0.2467167 0.05099143 0.1230366
0.297893 0.007223264 -0.00412287 110095 0.2458618 0.05171661 0.1208544
0.2984377 0.007205188 -0.004401676 220206 0.2458871 0.05205924 0.1202289
0.2984377 0.007205188 -0.004401676 340302 0.2458871 0.05205924 0.1202289
0.2988179 0.007614122 -0.004610803 450410 0.2455503 0.05197776 0.1198908
0.2991227 0.007879508 -0.004538463 560501 0.2450412 0.0516555 0.1198203
0.2991227 0.007879508 -0.004538463 670600 0.2450412 0.0516555 0.1198203
0.2989476 0.008016119 -0.004654528 780699 0.2446176 0.05107056 0.1198477
0.2983763 0.008026092 -0.004808275 890811 0.2442523 0.05036611 0.1200282
0.2983763 0.008026092 -0.004808275 1010907 0.2442523 0.05036611 0.1200282
0.2975418 0.008311843 -0.004991218 1110993 0.2438265 0.04982542 0.1202985
0.2960307 0.008740953 -0.004958216 1231117 0.2431296 0.04939859 0.1209571
0.2960307 0.008740953 -0.004958216 1341204 0.2431296 0.04939859 0.1209571
0.2937456 0.009333871 -0.004876053 1451300 0.2420403 0.049195 0.1217884
0.2903611 0.00967225 -0.004883914 1581502 0.2403862 0.04918953 0.1225803
0.2903611 0.00967225 -0.004883914 1671498 0.2403862 0.04918953 0.1225803
0.2861171 0.009822748 -0.004818112 1781605 0.238027 0.0493137 0.1233772
0.281027 0.01054311 -0.005142581 1891705 0.2345853 0.0495766 0.1237985
0.281027 0.01054311 -0.005142581 2011801 0.2345853 0.0495766 0.1237985
0.2759578 0.01127626 -0.005113629 2121900 0.2304566 0.04986444 0.124296
0.2701493 0.01209241 -0.004982871 2231999 0.2254562 0.05016418 0.1248605
0.2701493 0.01209241 -0.004982871 2352107 0.2254562 0.05016418 0.1248605
0.2628477 0.01241824 -0.004907538 2462215 0.2193586 0.05043712 0.1253595
0.2540105 0.01294783 -0.005110714 2572326 0.2121857 0.05075429 0.1257617
0.2540105 0.01294783 -0.005110714 2682417 0.2121857 0.05075429 0.1257617
0.2446125 0.01327996 -0.005063006 2792533 0.2041994 0.05088674 0.1263095
0.2343033 0.01379518 -0.00499056 2912629 0.1952195 0.05085579 0.1269382
0.2233448 0.01381849 -0.005006589 3032733 0.1852784 0.05065692 0.1272814
0.2233448 0.01381849 -0.005006589 3122822 0.1852784 0.05065692 0.1272814
0.2113173 0.01219928 -0.004740446 3232909 0.1748167 0.05010846 0.1276862
0.1979551 0.01206879 -0.004837251 3373044 0.1634419 0.05000488 0.1281136
0.1979551 0.01206879 -0.004837251 3463133 0.1634419 0.05000488 0.1281136
0.1842142 0.01147461 -0.004659006 3573220 0.1513824 0.0498106 0.1286026
0.1689081 0.009885348 -0.004787433 3683315 0.1384991 0.04901855 0.1288169
0.1689081 0.009885348 -0.004787433 3803432 0.1384991 0.04901855 0.1288169
0.1545397 0.01078337 -0.004637895 3913535 0.1254497 0.04903013 0.1295157
0.1389596 0.01022804 -0.004747099 4023622 0.1120003 0.04878509 0.1297623
0.1389596 0.01022804 -0.004747099 4133729 0.1120003 0.04878509 0.1297623
0.1222831 0.009239193 -0.004780662 4243824 0.09820364 0.04859448 0.1300436
0.1050183 0.007452964 -0.004529962 4353928 0.08403967 0.04817871 0.1304054
0.1050183 0.007452964 -0.004529962 4474036 0.08403967 0.04817871 0.1304054
0.08636396 0.00633075 -0.004586411 4574110 0.06911882 0.04795625 0.1306029
0.06650584 0.007011047 -0.005501068 4694226 0.05360505 0.04815451 0.1303188
0.06650584 0.007011047 -0.005501068 4804419 0.05360505 0.04815451 0.1303188
0.04789693 0.005426802 -0.005315911 4914445 0.03833509 0.0473895 0.1305293
0.02881341 0.003862608 -0.005138797 5024524 0.02280882 0.0465922 0.1306712
0.02881341 0.003862608 -0.005138797 5134627 0.02280882 0.0465922 0.1306712
0.009731672 0.003158482 -0.005137215 5244722 0.007377647 0.04601494 0.1307452
-0.01000063 0.0006761301 -0.005137193 5364831 -0.007779658 0.0448289 0.1303318
-0.01000063 0.0006761301 -0.005137193 5484947 -0.007779658 0.0448289 0.1303318
-0.03018546 -0.0001126627 -0.005169326 5585029 -0.02315309 0.0443494 0.1300339
-0.04952409 -0.001611018 -0.005212345 5695136 -0.03834548 0.04332158 0.1295554
-0.04952409 -0.001611018 -0.005212345 5835267 -0.03834548 0.04332158 0.1295554
-0.07037787 -0.001424907 -0.005170192 5915335 -0.05387598 0.04290975 0.1292484
-0.08998656 -0.001189344 -0.005143434 6025434 -0.06909412 0.04242785 0.1288987
-0.08998656 -0.001189344 -0.005143434 6165560 -0.06909412 0.04242785 0.1288987
-0.1094045 -0.001479466 -0.005022447 6255629 -0.08425878 0.04167723 0.128437
-0.129554 -0.001063514 -0.004643661 6365741 -0.09921343 0.04143173 0.1279454
-0.129554 -0.001063514 -0.004643661 6495842 -0.09921343 0.04143173 0.1279454
-0.1490082 -0.00173501 -0.004583019 6585927 -0.1140359 0.04073456 0.1268685
-0.1685012 0.0002080998 -0.004928463 6696030 -0.128216 0.04103684 0.1255183
-0.1685012 0.0002080998 -0.004928463 6816126 -0.128216 0.04103684 0.1255183
-0.1877658 0.001105474 -0.004757388 6926238 -0.142038 0.04072896 0.1242588
-0.2053633 0.001315848 -0.005208028 7036349 -0.1556034 0.04009107 0.1225678
-0.2053633 0.001315848 -0.005208028 7146448 -0.1556034 0.04009107 0.1225678
-0.2222919 0.002431936 -0.005311904 7266557 -0.1688058 0.03975499 0.1213864
-0.2383454 0.003296946 -0.005372453 7376652 -0.1811925 0.03949236 0.1200456
-0.2383454 0.003296946 -0.005372453 7486743 -0.1811925 0.03949236 0.1200456
-0.2533453 0.00367412 -0.005482468 7616868 -0.1929506 0.0392761 0.1185789
-0.2682286 0.004453991 -0.005571506 7706949 -0.2042727 0.03918944 0.116941
-0.2682286 0.004453991 -0.005571506 7817049 -0.2042727 0.03918944 0.116941
-0.2829131 0.00510097 -0.005444502 7957175 -0.2150131 0.03886996 0.1152017
-0.296095 0.005154432 -0.005750398 8037243 -0.2254004 0.03861311 0.1133673
-0.296095 0.005154432 -0.005750398 8157359 -0.2254004 0.03861311 0.1133673
-0.3080758 0.005390663 -0.005795638 8257429 -0.2348238 0.03839483 0.1118951
-0.3187619 0.005387008 -0.005865039 8377558 -0.2435638 0.0382435 0.1106336
-0.3187619 0.005387008 -0.005865039 8487657 -0.2435638 0.0382435 0.1106336
-0.3278793 0.00432296 -0.006044963 8597744 -0.2512817 0.03757273 0.1094259
-0.3369684 0.004766874 -0.00617008 8717844 -0.2586958 0.03744153 0.1083376
-0.3369684 0.004766874 -0.00617008 8827964 -0.2586958 0.03744153 0.1083376
-0.3451239 0.004521766 -0.006265793 8928054 -0.2655565 0.03707672 0.1073804
-0.3514715 0.003684539 -0.006364772 9048150 -0.2713379 0.03648928 0.1068107
-0.3514715 0.003684539 -0.006364772 9158241 -0.2713379 0.03648928 0.1068107
-0.3556466 0.001958138 -0.006473716 9268349 -0.2759582 0.03591742 0.1066756
-0.3584019 0.0003365866 -0.00662307 9378456 -0.2796173 0.03540905 0.1068192
-0.3584019 0.0003365866 -0.00662307 9488547 -0.2796173 0.03540905 0.1068192
-0.3602595 -0.001311819 -0.006721033 9598646 -0.282434 0.03485982 0.1070377
-0.3612517 -0.002359677 -0.006747288 9728772 -0.2844262 0.03452571 0.1074611
-0.3612517 -0.002359677 -0.006747288 9828846 -0.2844262 0.03452571 0.1074611
-0.361311 -0.002849648 -0.006652826 9938953 -0.2855319 0.03446838 0.1081128
-0.3614405 -0.003306369 -0.006314179 10049076 -0.2864532 0.03477674 0.1087198
-0.3614405 -0.003306369 -0.006314179 10169172 -0.2864532 0.03477674 0.1087198
-0.3588393 -0.005578165 -0.005974851 10269251 -0.2870513 0.03561462 0.1100246
-0.3556769 -0.005463453 -0.005162307 10379350 -0.2870031 0.03692741 0.112282
-0.3556769 -0.005463453 -0.005162307 10499466 -0.2870031 0.03692741 0.112282
-0.3535934 -0.0064785 -0.002535115 10609565 -0.2866663 0.03852645 0.1149449
-0.353207 -0.00830832 0.00237213 10719665 -0.286195 0.04030127 0.1183581
-0.353207 -0.00830832 0.00237213 10839773 -0.286195 0.04030127 0.1183581
-0.3519043 -0.009416744 0.00638864 10950225 -0.2856972 0.04225905 0.121508
-0.3526854 -0.009216117 0.01109978 11049966 -0.2861467 0.04488795 0.1249048
-0.3557506 -0.008362675 0.01635832 11200110 -0.2876386 0.04770468 0.1282665
-0.3557506 -0.008362675 0.01635832 11280153 -0.2876386 0.04770468 0.1282665
-0.3606734 -0.006572007 0.02192924 11400262 -0.2903066 0.05108012 0.131615
