0.06095538 -0.003550104 -0.00903759 0 -0.01259 0.05096667 0.1001652
0.06095538 -0.003550104 -0.00903759 110111 -0.01259 0.05096667 0.1001652
0.06028274 -0.003109857 -0.00907935 220194 -0.01285149 0.05117116 0.1005163
0.05872877 -0.001843184 -0.008909046 330298 -0.01370817 0.05146294 0.1016242
0.05872877 -0.001843184 -0.008909046 470428 -0.01370817 0.05146294 0.1016242
0.05686704 -0.001144117 -0.008865947 550500 -0.01444394 0.05185796 0.1025422
0.05471248 -0.0005108083 -0.008795802 660599 -0.01557392 0.05240307 0.1033032
0.05471248 -0.0005108083 -0.008795802 800717 -0.01557392 0.05240307 0.1033032
0.05188778 -8.45195E-07 -0.008748348 890807 -0.01730189 0.0530095 0.1039856
0.04848533 0.0002059577 -0.008740302 1000914 -0.01961624 0.05346885 0.1045359
0.04848533 0.0002059577 -0.008740302 1111009 -0.01961624 0.05346885 0.1045359
0.04461552 0.0003396058 -0.008620596 1231105 -0.02264336 0.05370907 0.105108
0.03997136 0.0004117809 -0.008673645 1341221 -0.02616186 0.05391903 0.1056488
0.03997136 0.0004117809 -0.008673645 1451304 -0.02616186 0.05391903 0.1056488
0.03488787 0.0004851981 -0.008630723 1561407 -0.03020867 0.05413365 0.1062193
0.02938571 0.0004974899 -0.008702542 1671502 -0.03447371 0.0545189 0.1066661
0.02938571 0.0004974899 -0.008702542 1781610 -0.03447371 0.0545189 0.1066661
0.02353299 0.0008168584 -0.008678903 1891721 -0.03922018 0.05514311 0.1071526
0.01732908 0.0002058554 -0.008829406 2011825 -0.04377019 0.05580137 0.1072837
0.01732908 0.0002058554 -0.008829406 2111915 -0.04377019 0.05580137 0.1072837
0.0110997 0.001118526 -0.008684831 2232015 -0.04955687 0.05636242 0.1078276
0.004747323 0.001029408 -0.008684921 2342119 -0.05523691 0.05676616 0.1079408
0.004747323 0.001029408 -0.008684921 2452218 -0.05523691 0.05676616 0.1079408
-0.002175123 -0.0003509595 -0.008816027 2562321 -0.06075851 0.05709831 0.1076907
-0.008759654 -0.0005152627 -0.008859086 2682413 -0.06673311 0.05743288 0.1077056
-0.008759654 -0.0005152627 -0.008859086 2792521 -0.06673311 0.05743288 0.1077056
-0.01526428 -0.0004790503 -0.008902615 2902616 -0.07269935 0.05791758 0.1077049
-0.02175506 -0.0008094767 -0.008979264 3012727 -0.07833152 0.05854635 0.1075636
-0.02175506 -0.0008094767 -0.008979264 3122826 -0.07833152 0.05854635 0.1075636
-0.02719616 -0.000533315 -0.009011689 3232926 -0.08373129 0.0590962 0.1074115
-0.03312428 -0.0007906493 -0.009220803 3343025 -0.08891736 0.05970919 0.1071112
-0.03312428 -0.0007906493 -0.009220803 3463133 -0.08891736 0.05970919 0.1071112
-0.03753297 -0.0007268161 -0.009233247 3563215 -0.09363791 0.06009302 0.1067816
-0.04159768 -0.001393338 -0.009175391 3683327 -0.09776705 0.06035618 0.1063159
-0.04159768 -0.001393338 -0.009175391 3793419 -0.09776705 0.06035618 0.1063159
-0.04491696 -0.001420148 -0.009114687 3913519 -0.101503 0.06069599 0.1059759
-0.04788423 -0.0008373258 -0.009214567 4013629 -0.1045691 0.06162946 0.1056374
-0.04788423 -0.0008373258 -0.009214567 4133729 -0.1045691 0.06162946 0.1056374
-0.05064663 -0.000766421 -0.009049964 4263859 -0.1071848 0.06216902 0.1056183
-0.05287042 -0.0008121129 -0.008834354 4343931 -0.1092989 0.06252077 0.105669
-0.05287042 -0.0008121129 -0.008834354 4464031 -0.1092989 0.06252077 0.105669
-0.05449681 0.0001543297 -0.008814919 4594152 -0.111422 0.06295035 0.1057383
-0.0560308 0.0001698736 -0.00868836 4684238 -0.1130196 0.06327123 0.1056653
-0.0560308 0.0001698736 -0.00868836 4804338 -0.1130196 0.06327123 0.1056653
-0.05707452 0.000709145 -0.008164819 4934467 -0.1143542 0.06397636 0.1059516
-0.05384568 0.0002850382 -0.003640115 5024540 -0.1160119 0.06531226 0.1068726
-0.05384568 0.0002850382 -0.003640115 5144640 -0.1160119 0.06531226 0.1068726
-0.04901231 -0.0004503135 0.005037283 5274774 -0.118227 0.06784073 0.1092097
-0.04370603 0.0001813706 0.01616067 5364851 -0.1208636 0.07105467 0.1127522
-0.04370603 0.0001813706 0.01616067 5464941 -0.1208636 0.07105467 0.1127522
-0.04084554 0.002318344 0.02606381 5605063 -0.1237365 0.07463304 0.1166503
-0.03935344 0.004040162 0.03643173 5695141 -0.1269585 0.078091 0.120978
