0.2904684 -0.01768101 0.01417433 0 0.2195683 -0.01783845 0.1377841
0.2922778 -0.01818225 0.0135872 110103 0.2213031 -0.01841374 0.1371541
0.2922778 -0.01818225 0.0135872 220199 0.2213031 -0.01841374 0.1371541
0.2931502 -0.01788706 0.0122558 350328 0.2231586 -0.01874468 0.1363794
0.293878 -0.01667598 0.01047915 450418 0.2251588 -0.01882722 0.1352961
0.293878 -0.01667598 0.01047915 550504 0.2251588 -0.01882722 0.1352961
0.2944468 -0.01483791 0.008969831 680622 0.2268657 -0.01879036 0.1343628
0.2955322 -0.0131612 0.007524964 770703 0.2285933 -0.01839028 0.1332154
0.2964621 -0.01155835 0.006036499 890811 0.2302905 -0.01768122 0.1320923
0.2964621 -0.01155835 0.006036499 1000910 0.2302905 -0.01768122 0.1320923
0.2973647 -0.01030016 0.004647808 1121006 0.2319736 -0.0170025 0.1310809
0.2982416 -0.009846033 0.003337756 1221101 0.2333597 -0.01679203 0.1300197
0.2982416 -0.009846033 0.003337756 1341209 0.2333597 -0.01679203 0.1300197
0.2987216 -0.01053498 0.001678936 1461317 0.234568 -0.01706513 0.1287534
0.2987216 -0.01053498 0.001678936 1561407 0.234568 -0.01706513 0.1287534
0.298581 -0.01198823 -0.0006647093 1671506 0.2357402 -0.01789786 0.1270942
0.2993031 -0.01376934 -0.001846071 1791615 0.2359354 -0.01953343 0.125659
0.2993031 -0.01376934 -0.001846071 1891705 0.2359354 -0.01953343 0.125659
0.301386 -0.01572728 -0.001415513 2001800 0.2345973 -0.02107703 0.1243497
0.301033 -0.01548735 -0.001461506 2111899 0.2345249 -0.02301111 0.1243411
0.3011222 -0.01557672 -0.001409029 2232016 0.2342542 -0.02368301 0.1241664
0.3011222 -0.01557672 -0.001409029 2342107 0.2342542 -0.02368301 0.1241664
0.3008226 -0.01571998 -0.001548057 2452210 0.2340452 -0.02350716 0.1240958
0.3008226 -0.01571998 -0.001548057 2562321 0.2340452 -0.02350716 0.1240958
0.3009704 -0.01533266 -0.001609294 2682422 0.2338549 -0.02257422 0.1238869
0.3008809 -0.01517167 -0.001504571 2792517 0.2337297 -0.02168149 0.1240126
0.2991234 -0.01463197 -0.001740769 2892607 0.2336967 -0.02081819 0.1247002
0.2991234 -0.01463197 -0.001740769 3012715 0.2336967 -0.02081819 0.1247002
0.2971623 -0.01472304 -0.001827849 3152841 0.233292 -0.02009484 0.1254434
0.2946541 -0.01480327 -0.001791033 3232930 0.2322305 -0.01963321 0.1262176
0.2946541 -0.01480327 -0.001791033 3343094 0.2322305 -0.01963321 0.1262176
0.2912242 -0.01500787 -0.001871652 3473130 0.2305856 -0.01919992 0.1270144
0.2872009 -0.01569921 -0.001858345 3563211 0.2282689 -0.01884742 0.1278465
0.2872009 -0.01569921 -0.001858345 3683316 0.2282689 -0.01884742 0.1278465
0.282153 -0.01639723 -0.001906548 3803428 0.225247 -0.0184155 0.1287222
0.2760364 -0.01769578 -0.001924971 3903522 0.2215048 -0.01796902 0.1297279
0.2760364 -0.01769578 -0.001924971 4013613 0.2215048 -0.01796902 0.1297279
0.2686101 -0.01918334 -0.002012633 4133721 0.2169971 -0.01720085 0.130797
0.2607311 -0.01980896 -0.002509705 4233816 0.211997 -0.01657287 0.1313587
0.2607311 -0.01980896 -0.002509705 4353924 0.211997 -0.01657287 0.1313587
0.2528938 -0.0207253 -0.002587931 4464023 0.205413 -0.01660659 0.131706
0.2437425 -0.02267622 -0.002353854 4574126 0.1974232 -0.01698875 0.132288
0.2437425 -0.02267622 -0.002353854 4684218 0.1974232 -0.01698875 0.132288
0.2331833 -0.02428312 -0.002465228 4794317 0.1894467 -0.01635006 0.1329246
0.221261 -0.02541579 -0.002609036 4904424 0.1811049 -0.0152172 0.1337351
0.221261 -0.02541579 -0.002609036 5024532 0.1811049 -0.0152172 0.1337351
0.2088664 -0.02608183 -0.002666782 5134640 0.1716205 -0.01451549 0.1343923
0.1967608 -0.02603637 -0.002752733 5244735 0.1608219 -0.01440333 0.1346492
0.1967608 -0.02603637 -0.002752733 5364843 0.1608219 -0.01440333 0.1346492
0.1842277 -0.02616577 -0.002816913 5474930 0.1491117 -0.01437622 0.1347844
0.1699911 -0.02697443 -0.002694059 5575028 0.137124 -0.01405602 0.1353606
0.1699911 -0.02697443 -0.002694059 5685132 0.137124 -0.01405602 0.1353606
0.1542609 -0.02762138 -0.002577088 5805232 0.1251633 -0.01322033 0.1361751
0.1414125 -0.02498612 -0.003579282 5915335 0.113706 -0.01125118 0.1355247
0.1414125 -0.02498612 -0.003579282 6025430 0.113706 -0.01125118 0.1355247
0.1259828 -0.02421569 -0.003596963 6135525 0.09921632 -0.01120997 0.135761
0.1092635 -0.02402819 -0.003631793 6245629 0.08406098 -0.01079352 0.135996
0.1092635 -0.02402819 -0.003631793 6355821 0.08406098 -0.01079352 0.135996
0.09107575 -0.02586097 -0.00307983 6475840 0.06888507 -0.01080042 0.1368737
0.07287003 -0.02587152 -0.002970907 6585940 0.05347743 -0.009905857 0.1372976
0.07287003 -0.02587152 -0.002970907 6696039 0.05347743 -0.009905857 0.1372976
0.05543359 -0.02383636 -0.003340528 6806130 0.03747185 -0.008902845 0.1372319
0.03766125 -0.02287654 -0.003575957 6916233 0.02062727 -0.008662655 0.1371864
0.03766125 -0.02287654 -0.003575957 7036354 0.02062727 -0.008662655 0.1371864
0.01885983 -0.02276342 -0.003694033 7146449 0.003938415 -0.008306604 0.1372832
-0.0004557645 -0.02181 -0.003838235 7256544 -0.01241821 -0.00695334 0.1373794
-0.0004557645 -0.02181 -0.003838235 7366635 -0.01241821 -0.00695334 0.1373794
-0.01940325 -0.02079916 -0.004025783 7476738 -0.02856778 -0.00554257 0.1373584
-0.03762873 -0.02020909 -0.004135095 7586837 -0.04502668 -0.004317947 0.1372826
-0.03762873 -0.02020909 -0.004135095 7706962 -0.04502668 -0.004317947 0.1372826
-0.0567581 -0.01934614 -0.004369169 7817049 -0.06211022 -0.003031007 0.1370925
-0.07586204 -0.01933841 -0.004290769 7927144 -0.07914248 -0.002050462 0.1371186
-0.07586204 -0.01933841 -0.004290769 8037256 -0.07914248 -0.002050462 0.1371186
-0.09568474 -0.01943835 -0.004301909 8147359 -0.09549529 -0.001168213 0.1370218
-0.1145241 -0.01917723 -0.004354062 8257592 -0.11141 -0.0003987347 0.1368688
-0.1145241 -0.01917723 -0.004354062 8367537 -0.11141 -0.0003987347 0.1368688
-0.131611 -0.01882638 -0.004458458 8477640 -0.1268959 0.0002310515 0.1366827
-0.1486403 -0.01784877 -0.004775242 8597749 -0.1420407 0.001248301 0.136285
-0.1486403 -0.01784877 -0.004775242 8707860 -0.1420407 0.001248301 0.136285
-0.165418 -0.0183222 -0.004970246 8817947 -0.1569106 0.001967944 0.135821
-0.181732 -0.01843894 -0.005109977 8928046 -0.1715119 0.003004121 0.1353962
-0.181732 -0.01843894 -0.005109977 9058159 -0.1715119 0.003004121 0.1353962
-0.1987008 -0.0189858 -0.005108942 9148520 -0.1856905 0.004082921 0.1349082
-0.2144841 -0.01932781 -0.005203071 9268357 -0.1988061 0.004935928 0.134338
-0.228459 -0.01937141 -0.00525553 9398482 -0.2114654 0.005617411 0.1340033
-0.228459 -0.01937141 -0.00525553 9488551 -0.2114654 0.005617411 0.1340033
-0.2408728 -0.01870438 -0.005415368 9598651 -0.2233088 0.005997444 0.1338239
-0.2517644 -0.01812067 -0.005469096 9728776 -0.2340635 0.006471129 0.1337723
-0.2517644 -0.01812067 -0.005469096 9828866 -0.2340635 0.006471129 0.1337723
-0.2609391 -0.01699061 -0.005430474 9938965 -0.2435074 0.007140034 0.1339255
-0.2679488 -0.01562245 -0.005432587 10059070 -0.2515725 0.008092818 0.1341226
-0.2679488 -0.01562245 -0.005432587 10159164 -0.2515725 0.008092818 0.1341226
-0.2732728 -0.01419051 -0.00544425 10269263 -0.2579212 0.009305969 0.1342643
-0.2772714 -0.01284825 -0.005402818 10399372 -0.2626508 0.01079837 0.1343588
-0.2772714 -0.01284825 -0.005402818 10499462 -0.2626508 0.01079837 0.1343588
-0.2815081 -0.01220667 -0.005327941 10609578 -0.265783 0.01219704 0.1341834
-0.2853655 -0.01176911 -0.005177555 10719673 -0.2681644 0.01329251 0.1340427
-0.2853655 -0.01176911 -0.005177555 10829760 -0.2681644 0.01329251 0.1340427
-0.2867173 -0.01170921 -0.005125829 10939863 -0.2716194 0.01397561 0.1342247
-0.286528 -0.01180987 -0.005004445 11080006 -0.2754226 0.01432723 0.1346371
-0.286528 -0.01180987 -0.005004445 11160086 -0.2754226 0.01432723 0.1346371
-0.287355 -0.01150197 -0.004968398 11270157 -0.2774677 0.01467839 0.1347566
-0.2873648 -0.01183899 -0.004762063 11390277 -0.2792998 0.01563266 0.134832
-0.2873648 -0.01183899 -0.004762063 11500364 -0.2792998 0.01563266 0.134832
-0.2869096 -0.01245603 -0.004006181 11610460 -0.2805276 0.01734148 0.1351973
-0.2842445 -0.01547327 -0.0009926147 11720563 -0.2826302 0.02113026 0.1367165
-0.2842445 -0.01547327 -0.0009926147 11840687 -0.2826302 0.02113026 0.1367165
-0.2826607 -0.01766408 0.003208785 11950770 -0.2841419 0.02520758 0.1390987
-0.2816773 -0.0184433 0.007677644 12060870 -0.2847808 0.02938688 0.1418748
-0.2816773 -0.0184433 0.007677644 12170969 -0.2847808 0.02938688 0.1418748
-0.2804435 -0.01749714 0.01211563 12281068 -0.2850954 0.03360794 0.145055
-0.278698 -0.01489374 0.0165282 12391167 -0.2851695 0.03832268 0.1485599
-0.278698 -0.01489374 0.0165282 12501275 -0.2851695 0.03832268 0.1485599
-0.2770141 -0.01081048 0.02107476 12621375 -0.2848865 0.04386856 0.152431
-0.2751414 -0.004488449 0.02518272 12721473 -0.2841754 0.05039422 0.1563792
-0.2751414 -0.004488449 0.02518272 12841581 -0.2841754 0.05039422 0.1563792
-0.2723302 0.004846008 0.02818524 12951672 -0.283398 0.05759562 0.1600989
-0.2681674 0.01723268 0.03038147 13061768 -0.2829077 0.06620887 0.1633863
