0.04004754 -0.03756214 0.0427935 0 -0.01702084 -0.1411941 0.1222281
0.04045821 -0.03758284 0.04307448 100094 -0.01678853 -0.1411605 0.1224516
0.04080148 -0.03746436 0.04350876 210185 -0.01650571 -0.141131 0.1227258
0.04080148 -0.03746436 0.04350876 340303 -0.01650571 -0.141131 0.1227258
0.0412444 -0.03746414 0.04388689 440393 -0.0161972 -0.1411197 0.1230211
0.04161645 -0.03737036 0.04432153 550492 -0.01594358 -0.1410519 0.1233356
0.04161645 -0.03737036 0.04432153 660607 -0.01594358 -0.1410519 0.1233356
0.04184951 -0.03711488 0.04484211 770690 -0.01576432 -0.1409389 0.1236295
0.04207237 -0.03689644 0.04528509 880790 -0.01560529 -0.140782 0.1239446
0.04207237 -0.03689644 0.04528509 1000914 -0.01560529 -0.140782 0.1239446
0.04234834 -0.03678618 0.04554962 1110997 -0.01541393 -0.1406277 0.1242052
0.04271979 -0.03679929 0.04567217 1221092 -0.01514929 -0.1405304 0.124395
0.04271979 -0.03679929 0.04567217 1331196 -0.01514929 -0.1405304 0.124395
0.04310234 -0.0368407 0.04580604 1461313 -0.01487096 -0.1404978 0.1245496
0.04341788 -0.0368508 0.04595171 1551394 -0.01468497 -0.1404643 0.1246572
0.04341788 -0.0368508 0.04595171 1671502 -0.01468497 -0.1404643 0.1246572
0.04351599 -0.03680914 0.04602431 1771593 -0.01463341 -0.1404319 0.1246832
0.0433038 -0.03665452 0.04604362 1891701 -0.01479601 -0.140356 0.1246353
0.0433038 -0.03665452 0.04604362 2001800 -0.01479601 -0.140356 0.1246353
0.04285819 -0.03648449 0.04601966 2111899 -0.01525205 -0.1402089 0.1245734
0.04181791 -0.03621102 0.04582738 2221998 -0.01606556 -0.1400214 0.1244349
0.04181791 -0.03621102 0.04582738 2332142 -0.01606556 -0.1400214 0.1244349
0.04054339 -0.03582485 0.04567825 2452206 -0.01717724 -0.1397627 0.1242371
0.03874297 -0.0352999 0.0454111 2572314 -0.01868429 -0.1394322 0.1239274
0.03874297 -0.0352999 0.0454111 2672421 -0.01868429 -0.1394322 0.1239274
0.03655238 -0.03485425 0.04502033 2782524 -0.02052223 -0.1391446 0.1235841
0.03393478 -0.0343703 0.04453372 2892615 -0.02271657 -0.1388515 0.1231502
0.03393478 -0.0343703 0.04453372 3012711 -0.02271657 -0.1388515 0.1231502
0.03077365 -0.0337992 0.04396604 3123005 -0.0253156 -0.1385227 0.1226631
0.02705283 -0.03315054 0.04329728 3232909 -0.02833315 -0.1381944 0.1220654
0.02705283 -0.03315054 0.04329728 3343013 -0.02833315 -0.1381944 0.1220654
0.0226524 -0.03235848 0.04245113 3453132 -0.03173499 -0.1378481 0.1213193
0.01784034 -0.03155961 0.04139708 3563207 -0.03544204 -0.1374591 0.12047
0.01784034 -0.03155961 0.04139708 3673327 -0.03544204 -0.1374591 0.12047
0.0130827 -0.03084193 0.04029976 3793427 -0.03935419 -0.1370892 0.1194713
0.008139864 -0.03022132 0.03900849 3893521 -0.04345305 -0.1367365 0.1183742
0.008139864 -0.03022132 0.03900849 4013613 -0.04345305 -0.1367365 0.1183742
0.004355208 -0.02982203 0.0381894 4123712 -0.04764558 -0.1363674 0.1172479
-0.0006079508 -0.02932147 0.03696155 4233812 -0.05168633 -0.1361433 0.116248
-0.0006079508 -0.02932147 0.03696155 4343911 -0.05168633 -0.1361433 0.116248
-0.005937201 -0.02864835 0.03587972 4464019 -0.05576716 -0.1360165 0.1152227
-0.01089678 -0.02813933 0.03490495 4574122 -0.05969588 -0.1359331 0.1143114
-0.01089678 -0.02813933 0.03490495 4684217 -0.05969588 -0.1359331 0.1143114
-0.01562012 -0.02764925 0.0340253 4794317 -0.06360845 -0.1357783 0.11347
-0.02013625 -0.02739079 0.03297376 4904416 -0.06729762 -0.1356803 0.1126947
-0.02013625 -0.02739079 0.03297376 5014515 -0.06729762 -0.1356803 0.1126947
-0.02441953 -0.02718613 0.0320121 5134619 -0.07090835 -0.1356155 0.1119376
-0.02859191 -0.02697698 0.0312066 5244723 -0.07416431 -0.1356514 0.111327
-0.02859191 -0.02697698 0.0312066 5354834 -0.07416431 -0.1356514 0.111327
-0.03247995 -0.02679759 0.03062498 5464925 -0.07714454 -0.1357951 0.1108176
-0.03583355 -0.02676487 0.03009199 5575032 -0.07990686 -0.1359567 0.1103474
-0.03583355 -0.02676487 0.03009199 5685119 -0.07990686 -0.1359567 0.1103474
-0.03901059 -0.02649403 0.02969598 5805293 -0.08242134 -0.1359771 0.1099157
-0.04168556 -0.0265226 0.02916311 5905318 -0.0847126 -0.136068 0.1095043
-0.04168556 -0.0265226 0.02916311 6015421 -0.0847126 -0.136068 0.1095043
-0.04388136 -0.02641531 0.02893387 6135525 -0.08665857 -0.1361077 0.109208
-0.04617086 -0.02626765 0.02882718 6245625 -0.08830646 -0.1362489 0.1090453
-0.04617086 -0.02626765 0.02882718 6355736 -0.08830646 -0.1362489 0.1090453
-0.04779748 -0.02628114 0.02881156 6475832 -0.08956692 -0.1364481 0.1089664
-0.04923323 -0.02633298 0.02896737 6575930 -0.09067485 -0.1366729 0.1090544
-0.04923323 -0.02633298 0.02896737 6696031 -0.09067485 -0.1366729 0.1090544
-0.04995686 -0.02644205 0.02926539 6806130 -0.091413 -0.1369067 0.1091728
-0.05038328 -0.02653867 0.02989494 6916229 -0.09201232 -0.1372001 0.1094395
-0.05038328 -0.02653867 0.02989494 7026332 -0.09201232 -0.1372001 0.1094395
-0.05066193 -0.02669128 0.03083514 7136435 -0.09250382 -0.1375867 0.1099408
-0.05065788 -0.0268788 0.03199577 7256536 -0.09275053 -0.1381072 0.1104985
-0.05065788 -0.0268788 0.03199577 7356638 -0.09275053 -0.1381072 0.1104985
-0.0505558 -0.02713653 0.03334116 7476734 -0.09292535 -0.1387326 0.1111703
-0.05005322 -0.02759758 0.03464448 7586833 -0.0930054 -0.139423 0.1118223
-0.05005322 -0.02759758 0.03464448 7696933 -0.0930054 -0.139423 0.1118223
-0.0491736 -0.02836967 0.03598701 7807032 -0.09293935 -0.1403696 0.1124515
-0.0480612 -0.0294366 0.03765046 7917131 -0.09284291 -0.1416772 0.1131678
-0.0480612 -0.0294366 0.03765046 8027230 -0.09284291 -0.1416772 0.1131678
-0.04670409 -0.03083308 0.03978717 8147338 -0.09273646 -0.1434321 0.1140079
-0.04510347 -0.03283608 0.04195391 8257434 -0.09261975 -0.1456745 0.1148644
