0.2721443 0.01658029 0.05852265 0 0.1873578 0.01175768 0.1729527
0.2718884 0.01692457 0.0587952 110091 0.1871457 0.01209886 0.1732575
0.2718884 0.01692457 0.0587952 220182 0.1871457 0.01209886 0.1732575
0.2715803 0.01754708 0.0589985 330274 0.186843 0.01247591 0.1734543
0.271109 0.01803214 0.05901405 440373 0.1864171 0.01289064 0.1735003
0.271109 0.01803214 0.05901405 560481 0.1864171 0.01289064 0.1735003
0.2704834 0.01827211 0.05895428 670580 0.1858597 0.01316852 0.1734926
0.2695314 0.01901967 0.05904782 780704 0.184894 0.01365752 0.1735642
0.2695314 0.01901967 0.05904782 900788 0.184894 0.01365752 0.1735642
0.2680525 0.0196218 0.05915255 1001000 0.1835783 0.01417524 0.1737854
0.2659926 0.0204478 0.05930328 1110977 0.1817018 0.0146795 0.1740553
0.2659926 0.0204478 0.05930328 1231401 0.1817018 0.0146795 0.1740553
0.2631633 0.02151401 0.05940974 1341185 0.1791593 0.01515765 0.1743409
0.2594995 0.02236969 0.05921356 1451284 0.175935 0.01554245 0.1744377
0.2594995 0.02236969 0.05921356 1571408 0.175935 0.01554245 0.1744377
0.2550045 0.02298553 0.05892833 1671482 0.1719467 0.01571447 0.1744912
0.2497816 0.02344937 0.05862906 1801600 0.1672017 0.01575906 0.1745069
0.2497816 0.02344937 0.05862906 1891681 0.1672017 0.01575906 0.1745069
0.2438909 0.02403254 0.05836857 2001780 0.1619093 0.01560397 0.1746193
0.2371492 0.02428729 0.05796608 2121888 0.1559492 0.01512856 0.1747091
0.2371492 0.02428729 0.05796608 2231991 0.1559492 0.01512856 0.1747091
0.2289772 0.02361495 0.05719731 2342087 0.1489846 0.01430304 0.1747589
0.2212697 0.02377243 0.05698478 2452186 0.1420337 0.01371033 0.1749961
0.2212697 0.02377243 0.05698478 2572302 0.1420337 0.01371033 0.1749961
0.2130821 0.0243128 0.05692599 2682393 0.1347601 0.0132292 0.1754548
0.2039226 0.02489931 0.05688082 2782484 0.1266259 0.01264734 0.1759664
0.2039226 0.02489931 0.05688082 2902592 0.1266259 0.01264734 0.1759664
0.1935147 0.02500219 0.05642018 3012699 0.1179075 0.01193017 0.176499
0.1829115 0.02546877 0.05623471 3122790 0.1086668 0.01135714 0.1770438
0.1829115 0.02546877 0.05623471 3242898 0.1086668 0.01135714 0.1770438
0.1713719 0.0260523 0.05595806 3342997 0.09879016 0.01085443 0.1776428
0.1591271 0.02665741 0.05545895 3453104 0.08848511 0.0103584 0.1781386
0.1591271 0.02665741 0.05545895 3583205 0.08848511 0.0103584 0.1781386
0.146405 0.02720565 0.05482905 3683316 0.07783489 0.01000459 0.1785566
0.1334282 0.02740449 0.05413985 3793399 0.06698142 0.009569949 0.1789317
0.1334282 0.02740449 0.05413985 3903498 0.06698142 0.009569949 0.1789317
0.120097 0.02750058 0.05335745 4013625 0.05601321 0.00910098 0.1792978
0.1067454 0.02762694 0.0527838 4123700 0.04488777 0.008522815 0.1797283
0.1067454 0.02762694 0.0527838 4243801 0.04488777 0.008522815 0.1797283
0.09336036 0.02798373 0.05245363 4363913 0.0336542 0.007976121 0.180286
0.07911527 0.0284887 0.05215962 4464003 0.02200233 0.007370539 0.1809943
0.07911527 0.0284887 0.05215962 4574098 0.02200233 0.007370539 0.1809943
0.06469458 0.02792091 0.05149831 4684197 0.01041006 0.006963081 0.181576
0.05038971 0.0276714 0.05088554 4804306 -0.001084938 0.006481952 0.1820634
0.05038971 0.0276714 0.05088554 4904400 -0.001084938 0.006481952 0.1820634
0.03621405 0.02763373 0.05039234 5024504 -0.01247786 0.006008572 0.1825577
0.02202528 0.02743859 0.04995756 5134599 -0.02384706 0.005492396 0.1830753
0.02202528 0.02743859 0.04995756 5244703 -0.02384706 0.005492396 0.1830753
0.007842956 0.02662701 0.04963568 5354802 -0.0352198 0.004659004 0.1836851
-0.006210806 0.02608819 0.04944116 5464901 -0.04646768 0.003886409 0.1843216
-0.006210806 0.02608819 0.04944116 5585009 -0.04646768 0.003886409 0.1843216
-0.02030552 0.02519304 0.04920417 5695104 -0.05772345 0.002877064 0.1848808
-0.03412867 0.02412099 0.04886833 5805204 -0.06865962 0.001820035 0.1853107
-0.03412867 0.02412099 0.04886833 5915303 -0.06865962 0.001820035 0.1853107
-0.04773653 0.02294845 0.04868087 6025406 -0.07953246 0.0007682514 0.185806
-0.06115621 0.0216449 0.04842307 6135505 -0.09017517 -0.0003673363 0.1861896
-0.06115621 0.0216449 0.04842307 6245605 -0.09017517 -0.0003673363 0.1861896
-0.07446221 0.02048404 0.04831057 6365709 -0.1006327 -0.001466923 0.1866562
-0.08774766 0.01948113 0.04835756 6475808 -0.1110414 -0.002590113 0.1871974
-0.08774766 0.01948113 0.04835756 6585907 -0.1110414 -0.002590113 0.1871974
-0.1007574 0.01852638 0.04840285 6696010 -0.1211894 -0.003531151 0.1876948
-0.1133258 0.01749546 0.04841986 6806110 -0.1310817 -0.004379086 0.1881069
-0.1133258 0.01749546 0.04841986 6916213 -0.1310817 -0.004379086 0.1881069
-0.1257394 0.01633138 0.04830387 7036317 -0.1407399 -0.00513678 0.1883765
-0.1378848 0.0156135 0.04845109 7146416 -0.1501187 -0.005711488 0.1888143
-0.1378848 0.0156135 0.04845109 7256520 -0.1501187 -0.005711488 0.1888143
-0.1496583 0.01481647 0.04864743 7366615 -0.1591488 -0.006247215 0.1892622
-0.1610507 0.01427323 0.04913352 7486723 -0.1679257 -0.006691031 0.1899152
-0.1610507 0.01427323 0.04913352 7586858 -0.1679257 -0.006691031 0.1899152
-0.1718587 0.01410813 0.04973745 7706922 -0.1763581 -0.007026367 0.1905897
-0.1822717 0.01387078 0.05037513 7817057 -0.1844237 -0.007394604 0.191263
-0.1822717 0.01387078 0.05037513 7927120 -0.1844237 -0.007394604 0.191263
-0.1924588 0.01325793 0.05097376 8037219 -0.1922421 -0.007794432 0.1919099
-0.2020389 0.01244611 0.05133456 8147322 -0.1995893 -0.008177809 0.1923129
-0.2121094 0.01044924 0.05164808 8257418 -0.206978 -0.009030513 0.192717
-0.2121094 0.01044924 0.05164808 8377530 -0.206978 -0.009030513 0.192717
-0.221466 0.009381718 0.0520437 8477616 -0.2140445 -0.009627394 0.193075
-0.221466 0.009381718 0.0520437 8597741 -0.2140445 -0.009627394 0.193075
-0.2296765 0.01017017 0.05255593 8707824 -0.2206078 -0.009585313 0.1933882
-0.2378814 0.009953803 0.05285906 8817923 -0.2270707 -0.009799533 0.1935686
-0.245534 0.009459442 0.05291934 8928038 -0.2331403 -0.01017564 0.1935149
-0.245534 0.009459442 0.05291934 9048130 -0.2331403 -0.01017564 0.1935149
-0.2523799 0.009850091 0.05288694 9148220 -0.2385972 -0.01027184 0.1932842
-0.2523799 0.009850091 0.05288694 9268333 -0.2385972 -0.01027184 0.1932842
-0.2596343 0.008283443 0.05252747 9378428 -0.244102 -0.01116698 0.1928367
-0.2665575 0.006251879 0.05218585 9488527 -0.2492924 -0.01226848 0.1924184
-0.2715476 0.007576413 0.05206043 9608656 -0.2537869 -0.01203471 0.1920826
-0.2715476 0.007576413 0.05206043 9718735 -0.2537869 -0.01203471 0.1920826
-0.277736 0.006074734 0.05181162 9828834 -0.2585161 -0.01280253 0.191742
-0.2831148 0.005749411 0.05174072 9958975 -0.2627583 -0.01324051 0.1914949
-0.2831148 0.005749411 0.05174072 10049032 -0.2627583 -0.01324051 0.1914949
-0.2883929 0.006028957 0.0519387 10159131 -0.2666927 -0.01356881 0.1914065
-0.2925443 0.006089635 0.05205512 10269231 -0.2701676 -0.0138027 0.1913743
-0.2925443 0.006089635 0.05205512 10379873 -0.2701676 -0.0138027 0.1913743
-0.2959886 0.005729027 0.05204327 10489433 -0.2732091 -0.01410513 0.1913054
-0.2985283 0.005547471 0.05198241 10610012 -0.2756869 -0.01436346 0.1912235
-0.2985283 0.005547471 0.05198241 10719637 -0.2756869 -0.01436346 0.1912235
-0.3002244 0.005613274 0.05204011 10829736 -0.2775957 -0.01474803 0.1912508
-0.3011621 0.006183691 0.05227377 10939835 -0.2789418 -0.01504868 0.1914201
-0.3011621 0.006183691 0.05227377 11059943 -0.2789418 -0.01504868 0.1914201
-0.3017074 0.006350822 0.05267704 11170043 -0.2799229 -0.01541691 0.1918095
-0.3017715 0.006264157 0.05294596 11270133 -0.280555 -0.01591509 0.1921013
-0.3017715 0.006264157 0.05294596 11390245 -0.280555 -0.01591509 0.1921013
-0.3013871 0.006280966 0.05343341 11500340 -0.2807895 -0.01661854 0.192565
-0.3007934 0.00617475 0.05414467 11620465 -0.2809002 -0.0175268 0.1932444
-0.3007934 0.00617475 0.05414467 11730548 -0.2809002 -0.0175268 0.1932444
-0.2995582 0.006380744 0.05523013 11840651 -0.2807435 -0.01855355 0.1942645
-0.2983466 0.006558485 0.05695854 11940737 -0.2802922 -0.02002256 0.1957884
-0.2983466 0.006558485 0.05695854 12060870 -0.2802922 -0.02002256 0.1957884
-0.296743 0.006496258 0.05916259 12170961 -0.2795548 -0.02184909 0.1977532
