0.1442177 0.00922913 0.02611755 0 0.07712971 0.0005554628 0.1515377
0.1442177 0.00922913 0.02611755 110104 0.07712971 0.0005554628 0.1515377
0.1438947 0.00960309 0.02632542 220207 0.07680099 0.0007887554 0.1517327
0.1438947 0.00960309 0.02632542 330302 0.07680099 0.0007887554 0.1517327
0.1433388 0.01015527 0.02662656 440397 0.07621412 0.00105483 0.1519969
0.1419637 0.01099772 0.02679384 550500 0.07504796 0.001364417 0.152236
0.1402872 0.01185197 0.02702956 660596 0.07345032 0.001811213 0.1524818
0.1402872 0.01185197 0.02702956 780704 0.07345032 0.001811213 0.1524818
0.137739 0.01251633 0.02715151 880794 0.07128726 0.002175636 0.1527839
0.1345644 0.01326794 0.02726896 1000902 0.06857013 0.002486892 0.1531053
0.1345644 0.01326794 0.02726896 1131020 0.06857013 0.002486892 0.1531053
0.1308714 0.01395268 0.02753649 1221109 0.06527035 0.002723284 0.1535391
0.1261386 0.01477618 0.02773916 1341213 0.06120669 0.002910204 0.1540297
0.1261386 0.01477618 0.02773916 1451304 0.06120669 0.002910204 0.1540297
0.1206916 0.01565761 0.0279378 1561411 0.05649196 0.003050155 0.1545305
0.1141905 0.01622123 0.02797843 1671527 0.05106645 0.003072209 0.155056
0.1141905 0.01622123 0.02797843 1781606 0.05106645 0.003072209 0.155056
0.107375 0.01662607 0.02803105 1901718 0.04526674 0.002929396 0.1555505
0.09974551 0.01667316 0.02796978 2001804 0.03913139 0.002562113 0.1561613
0.09974551 0.01667316 0.02796978 2121913 0.03913139 0.002562113 0.1561613
0.09193373 0.01645941 0.02794372 2252301 0.03267192 0.001982279 0.1567253
0.08376688 0.01642115 0.02808436 2342111 0.02588337 0.001280613 0.1574154
0.08376688 0.01642115 0.02808436 2462223 0.02588337 0.001280613 0.1574154
0.07517022 0.01646096 0.02825124 2582327 0.01869671 0.000424571 0.1580966
0.06620175 0.0164798 0.02827977 2672409 0.01126157 -0.0003715086 0.1586786
0.06620175 0.0164798 0.02827977 2792517 0.01126157 -0.0003715086 0.1586786
0.05655277 0.01610512 0.02807675 2902636 0.003416646 -0.001204424 0.1591614
0.04609489 0.01442272 0.02740272 3012715 -0.004651976 -0.001931362 0.1595524
0.04609489 0.01442272 0.02740272 3132824 -0.004651976 -0.001931362 0.1595524
0.03537554 0.01400024 0.02707651 3232914 -0.01310034 -0.002768211 0.1600245
0.02466589 0.01327259 0.02670904 3343021 -0.02161596 -0.003714495 0.160409
0.02466589 0.01327259 0.02670904 3463142 -0.02161596 -0.003714495 0.160409
0.01402938 0.01293296 0.0264579 3573225 -0.03014178 -0.004668884 0.1607908
0.003400564 0.01238317 0.02620626 3673311 -0.03860111 -0.005564384 0.1611877
0.003400564 0.01238317 0.02620626 3793419 -0.03860111 -0.005564384 0.1611877
-0.007024944 0.01176972 0.02601523 3903534 -0.0470113 -0.006457739 0.16157
-0.0177767 0.0110702 0.02578367 4013634 -0.05548893 -0.007296853 0.1619699
-0.0177767 0.0110702 0.02578367 4123713 -0.05548893 -0.007296853 0.1619699
-0.02823469 0.01033086 0.02556582 4243825 -0.06373467 -0.008156948 0.1623291
-0.03870559 0.009444184 0.02531516 4343915 -0.07190211 -0.00895112 0.1626682
-0.03870559 0.009444184 0.02531516 4464023 -0.07190211 -0.00895112 0.1626682
-0.04901525 0.008701033 0.02507317 4574123 -0.07992186 -0.009702854 0.1629584
-0.05924437 0.008463568 0.02493613 4684218 -0.08790876 -0.01033109 0.1632523
-0.05924437 0.008463568 0.02493613 4794321 -0.08790876 -0.01033109 0.1632523
-0.06931156 0.008326358 0.02484798 4904416 -0.09576811 -0.01084035 0.1635525
-0.07911342 0.008094377 0.02464447 5014609 -0.1033928 -0.01126032 0.1637205
-0.07911342 0.008094377 0.02464447 5134648 -0.1033928 -0.01126032 0.1637205
-0.08839524 0.007872528 0.0243674 5244731 -0.1105485 -0.01154833 0.1637888
-0.09718601 0.007406301 0.02402752 5364835 -0.1173871 -0.01190584 0.1637602
-0.09718601 0.007406301 0.02402752 5474934 -0.1173871 -0.01190584 0.1637602
-0.1055696 0.00671608 0.0236458 5585046 -0.1238246 -0.01228564 0.1636885
-0.1137877 0.006134577 0.02337934 5695129 -0.1299741 -0.01259344 0.1637129
-0.1137877 0.006134577 0.02337934 5805236 -0.1299741 -0.01259344 0.1637129
-0.1216325 0.006035156 0.02331393 5915339 -0.1359238 -0.01281851 0.1638363
-0.1290745 0.006089992 0.02335718 6045448 -0.1416536 -0.01293033 0.1640207
-0.1290745 0.006089992 0.02335718 6135534 -0.1416536 -0.01293033 0.1640207
-0.1359845 0.006083913 0.02328013 6245645 -0.1469 -0.01292937 0.1640835
-0.1420673 0.005858846 0.0232449 6385755 -0.1515443 -0.01297241 0.1641769
-0.1420673 0.005858846 0.0232449 6475836 -0.1515443 -0.01297241 0.1641769
-0.1474773 0.006053753 0.02324079 6585936 -0.1555504 -0.01295464 0.1642364
-0.1520844 0.00625474 0.02335878 6716049 -0.1589912 -0.01287263 0.1644002
-0.1520844 0.00625474 0.02335878 6806134 -0.1589912 -0.01287263 0.1644002
-0.1555121 0.006488271 0.023647 6926242 -0.1618852 -0.01274233 0.1646995
-0.1581419 0.007055111 0.02417536 7026341 -0.164191 -0.01257472 0.1651872
-0.1581419 0.007055111 0.02417536 7146441 -0.164191 -0.01257472 0.1651872
-0.159457 0.007589049 0.02497206 7256544 -0.1657187 -0.01245802 0.1659159
-0.1597672 0.008261628 0.02625393 7366639 -0.1665202 -0.01238554 0.1670884
-0.1597672 0.008261628 0.02625393 7476742 -0.1665202 -0.01238554 0.1670884
-0.1588851 0.008905 0.02805755 7586850 -0.1665516 -0.01257794 0.1687201
-0.1564933 0.009604759 0.03068595 7716955 -0.1657424 -0.0130065 0.1710763
-0.1564933 0.009604759 0.03068595 7807056 -0.1657424 -0.0130065 0.1710763
-0.1525205 0.01024372 0.03447014 7927144 -0.1642324 -0.01391046 0.1744189
-0.1465789 0.01069588 0.03958631 8037244 -0.1619019 -0.0154367 0.178829
