0.1536773 -0.005996963 0.01505015 0 0.08920892 0.001984389 0.1418823
0.1536773 -0.005996963 0.01505015 110100 0.08920892 0.001984389 0.1418823
0.1533677 -0.005190752 0.01546444 220199 0.08907504 0.002067108 0.1424291
0.153142 -0.004860388 0.01574555 340328 0.08896182 0.00221653 0.1427773
0.153142 -0.004860388 0.01574555 450415 0.08896182 0.00221653 0.1427773
0.1528966 -0.004507551 0.01590206 560506 0.08888125 0.002420134 0.1430252
0.1526582 -0.004289656 0.01596305 670626 0.08879758 0.002691959 0.1431611
0.1526582 -0.004289656 0.01596305 780725 0.08879758 0.002691959 0.1431611
0.1525429 -0.004086926 0.01599234 900813 0.08876815 0.003024514 0.1432263
0.1524756 -0.003757509 0.01596023 1010917 0.08885156 0.003150983 0.1432807
0.1524756 -0.003757509 0.01596023 1121036 0.08885156 0.003150983 0.1432807
0.1524518 -0.003246504 0.0158464 1231111 0.08899193 0.003127372 0.1432767
0.1525271 -0.002707585 0.01576703 1341211 0.08924782 0.00306764 0.1433156
0.1525271 -0.002707585 0.01576703 1451310 0.08924782 0.00306764 0.1433156
0.1525771 -0.00203741 0.01568894 1571422 0.08945006 0.003203622 0.143336
0.1526867 -0.001380047 0.01565029 1681518 0.08964655 0.003460018 0.1433561
0.1526867 -0.001380047 0.01565029 1791637 0.08964655 0.003460018 0.1433561
0.1528057 -0.0005223951 0.01567169 1901716 0.08972958 0.003879648 0.1433756
0.1529305 0.0005943562 0.01572907 2021829 0.08980843 0.004353197 0.1434308
0.1529305 0.0005943562 0.01572907 2131928 0.08980843 0.004353197 0.1434308
0.1529666 0.002395021 0.01584649 2242202 0.08990453 0.005051222 0.1436055
0.1527535 0.00437893 0.01587076 2352131 0.08979659 0.006011253 0.1436989
0.1527535 0.00437893 0.01587076 2462222 0.08979659 0.006011253 0.1436989
0.1523231 0.006356165 0.01582872 2572330 0.08968616 0.007316121 0.1438207
0.1517422 0.008553131 0.01583589 2682421 0.08947919 0.008856626 0.1440134
0.1517422 0.008553131 0.01583589 2802529 0.08947919 0.008856626 0.1440134
0.1513424 0.01126415 0.0159549 2912633 0.08906025 0.01065227 0.1441221
0.1503681 0.01457062 0.01599989 3032907 0.08836141 0.01269505 0.1442882
0.1503681 0.01457062 0.01599989 3132835 0.08836141 0.01269505 0.1442882
0.1494582 0.01788224 0.01615906 3252936 0.08765052 0.01494919 0.1445236
0.1480693 0.02156157 0.01629605 3363039 0.08660786 0.01747086 0.1447951
0.1480693 0.02156157 0.01629605 3463134 0.08660786 0.01747086 0.1447951
0.1470108 0.02504668 0.01662936 3583234 0.08558024 0.02011395 0.1451137
0.1453832 0.02899707 0.01690196 3693333 0.08428437 0.02299004 0.1454986
0.1453832 0.02899707 0.01690196 3803433 0.08428437 0.02299004 0.1454986
0.1438784 0.03326149 0.01727766 3923541 0.08305049 0.02585845 0.1459299
0.1417086 0.03769675 0.01739716 4033644 0.08155558 0.028708 0.1462656
0.1417086 0.03769675 0.01739716 4143756 0.08155558 0.028708 0.1462656
0.1399124 0.04217795 0.01779266 4273857 0.08008428 0.03178539 0.1467067
0.1375917 0.04668014 0.01785519 4373947 0.07822612 0.03517857 0.1468889
0.1375917 0.04668014 0.01785519 4474050 0.07822612 0.03517857 0.1468889
0.1350781 0.05134565 0.01790045 4584149 0.07620387 0.0387789 0.1470598
0.1322272 0.05629237 0.01795572 4704249 0.07393886 0.04254709 0.1472607
0.1322272 0.05629237 0.01795572 4814430 0.07393886 0.04254709 0.1472607
0.1287549 0.06170901 0.0177304 4924448 0.07146597 0.04647635 0.1473151
0.1254685 0.06670767 0.01761358 5064571 0.06897719 0.05030154 0.1474051
0.1231735 0.07079639 0.01782577 5154652 0.06700484 0.05379601 0.1476808
0.1231735 0.07079639 0.01782577 5254742 0.06700484 0.05379601 0.1476808
0.1194526 0.07576523 0.01770421 5375049 0.06425588 0.05762492 0.1478215
0.1157702 0.0807443 0.01782338 5484954 0.06139924 0.06149045 0.1481282
0.1157702 0.0807443 0.01782338 5605062 0.06139924 0.06149045 0.1481282
0.1117795 0.08547661 0.01784435 5715162 0.05825678 0.06517516 0.1483412
0.1077289 0.09035297 0.01807813 5825269 0.05503303 0.06882271 0.1487144
0.1077289 0.09035297 0.01807813 5935369 0.05503303 0.06882271 0.1487144
0.1034614 0.09498008 0.01824588 6045460 0.05160893 0.07243668 0.1490487
0.09872528 0.09962871 0.0183714 6155563 0.04805428 0.07597973 0.1494418
0.09872528 0.09962871 0.0183714 6285689 0.04805428 0.07597973 0.1494418
0.09424199 0.1043134 0.01872888 6385771 0.04435876 0.07949859 0.1498858
0.08933461 0.1084497 0.01885251 6485853 0.04043776 0.08274746 0.1502098
0.08933461 0.1084497 0.01885251 6595957 0.04043776 0.08274746 0.1502098
0.08424897 0.1127829 0.0191116 6716061 0.03646515 0.08591063 0.1506443
0.07890224 0.1151097 0.01884133 6826160 0.03238553 0.08807974 0.1507953
0.07890224 0.1151097 0.01884133 6936260 0.03238553 0.08807974 0.1507953
0.07345048 0.1189869 0.01921274 7056376 0.02816021 0.09086817 0.1513656
0.06840193 0.1224544 0.01969305 7156458 0.02403021 0.09352286 0.151982
0.06840193 0.1224544 0.01969305 7286576 0.02403021 0.09352286 0.151982
0.06311944 0.1255332 0.02007853 7416697 0.01976757 0.0958963 0.1525493
0.05783689 0.1286613 0.02063794 7506779 0.01558599 0.09810951 0.1532566
0.05783689 0.1286613 0.02063794 7616874 0.01558599 0.09810951 0.1532566
0.05223259 0.1314563 0.02115521 7726981 0.0112313 0.1000959 0.1539772
0.04686007 0.1342329 0.02183461 7847086 0.006956458 0.1019398 0.1547674
0.04686007 0.1342329 0.02183461 7957181 0.006956458 0.1019398 0.1547674
0.04130444 0.1365163 0.02241158 8057288 0.002587438 0.1035572 0.1555316
0.03547397 0.1386918 0.02300351 8197398 -0.001853287 0.1051979 0.1563868
0.03547397 0.1386918 0.02300351 8277470 -0.001853287 0.1051979 0.1563868
0.02981056 0.1407342 0.02376471 8397582 -0.006350249 0.1067807 0.157353
0.02428129 0.1424057 0.02456196 8507682 -0.01088852 0.1080747 0.1583181
0.02428129 0.1424057 0.02456196 8617777 -0.01088852 0.1080747 0.1583181
0.01845796 0.1438004 0.02521108 8727881 -0.01544702 0.1090972 0.1591976
0.01249664 0.1450271 0.02589702 8837976 -0.02001071 0.1098854 0.1601155
0.01249664 0.1450271 0.02589702 8958088 -0.02001071 0.1098854 0.1601155
0.006792471 0.145747 0.02650472 9068188 -0.02454597 0.1105203 0.1609787
0.001001254 0.1460114 0.02702165 9178287 -0.02903062 0.1109348 0.1618325
0.001001254 0.1460114 0.02702165 9308400 -0.02903062 0.1109348 0.1618325
-0.005199045 0.1459647 0.02738223 9398486 -0.03363478 0.1109934 0.1625661
-0.01144725 0.1458377 0.02783035 9518590 -0.03834164 0.1108453 0.1633239
-0.01144725 0.1458377 0.02783035 9618684 -0.03834164 0.1108453 0.1633239
-0.01790389 0.1458229 0.02834378 9738789 -0.04322916 0.1108969 0.1641563
-0.02393383 0.1431876 0.02805267 9858901 -0.04802623 0.1098344 0.1644835
-0.02393383 0.1431876 0.02805267 9958992 -0.04802623 0.1098344 0.1644835
-0.02989987 0.1419432 0.02853786 10099114 -0.05291045 0.1092636 0.1653181
-0.03615412 0.1408281 0.02903275 10189195 -0.05789661 0.1085923 0.1661253
-0.03615412 0.1408281 0.02903275 10299295 -0.05789661 0.1085923 0.1661253
-0.04214081 0.1391932 0.02953869 10409406 -0.06282616 0.1076556 0.1669569
-0.04797107 0.1372558 0.02999853 10529506 -0.06752297 0.1064091 0.1677391
-0.04797107 0.1372558 0.02999853 10629597 -0.06752297 0.1064091 0.1677391
-0.05414737 0.135747 0.03057416 10759710 -0.07206532 0.1049688 0.1685521
-0.05979127 0.1329692 0.03088848 10849791 -0.07640934 0.1027574 0.169154
-0.05979127 0.1329692 0.03088848 10969900 -0.07640934 0.1027574 0.169154
-0.06551105 0.1305704 0.03153155 11080003 -0.08082429 0.1006262 0.1700057
-0.07106495 0.1262036 0.03173365 11190111 -0.08517158 0.09784269 0.1706686
-0.07106495 0.1262036 0.03173365 11310207 -0.08517158 0.09784269 0.1706686
-0.07670605 0.1226439 0.03204514 11420310 -0.08953995 0.09508676 0.1712649
-0.08276233 0.1188736 0.03220063 11530406 -0.093954 0.09211875 0.1717183
-0.08276233 0.1188736 0.03220063 11640505 -0.093954 0.09211875 0.1717183
-0.08848143 0.114838 0.03227714 11760613 -0.09830165 0.08892323 0.1720564
-0.09426571 0.1105046 0.03235799 11860704 -0.1026415 0.08556081 0.1724076
-0.09426571 0.1105046 0.03235799 11980816 -0.1026415 0.08556081 0.1724076
-0.1005355 0.1069702 0.03258568 12110929 -0.1071717 0.08238664 0.1727922
-0.1061047 0.1020421 0.03287828 12221029 -0.1115223 0.07871812 0.1733521
-0.111405 0.09716877 0.03325324 12311122 -0.1158078 0.07499159 0.1739481
-0.111405 0.09716877 0.03325324 12421222 -0.1158078 0.07499159 0.1739481
-0.1170408 0.09209827 0.03356658 12551331 -0.1199185 0.07099302 0.1744656
-0.1220132 0.08663924 0.03386427 12651417 -0.1235964 0.06667308 0.1749497
-0.1220132 0.08663924 0.03386427 12761517 -0.1235964 0.06667308 0.1749497
-0.1267965 0.08121835 0.03416666 12911656 -0.1271715 0.06227926 0.175402
-0.1308634 0.07564828 0.03447556 12991724 -0.1306827 0.05779196 0.1758523
-0.1308634 0.07564828 0.03447556 13091823 -0.1306827 0.05779196 0.1758523
-0.1347016 0.06960913 0.03464586 13261976 -0.1339644 0.05327664 0.1762048
-0.1380647 0.06290864 0.03479829 13472166 -0.1368519 0.0483696 0.1765495
-0.141312 0.05656772 0.03490346 13712375 -0.1395074 0.04338233 0.1767807
-0.1472186 0.04347591 0.03489541 13922564 -0.1445471 0.03300526 0.1769851
-0.1495532 0.03682081 0.03475925 14142763 -0.1469429 0.02803274 0.1769641
-0.1513126 0.02967256 0.03459436 14372979 -0.1489801 0.02285299 0.176912
-0.1538902 0.01560661 0.03446003 14593169 -0.1522775 0.01189619 0.1769026
-0.1543608 0.008550379 0.03432115 14833390 -0.1532478 0.006114377 0.176796
-0.1546585 0.00102359 0.03403099 15033575 -0.1538135 0.0001060604 0.1765256
-0.1545535 -0.006694993 0.03372235 15253770 -0.1537948 -0.006204693 0.1762195
-0.1535119 -0.02226251 0.03310172 15504008 -0.1529613 -0.01939932 0.1755719
-0.1522942 -0.02980425 0.03284858 15714181 -0.1523734 -0.02561243 0.1752869
-0.1488618 -0.04537852 0.03210508 15934388 -0.1499653 -0.03806335 0.174413
-0.1468713 -0.05316057 0.03175032 16144578 -0.1483168 -0.04420161 0.1739611
-0.144527 -0.06034877 0.03154176 16394795 -0.1464495 -0.05003209 0.1736549
-0.1380454 -0.07166211 0.03144578 16594984 -0.1420695 -0.0599358 0.1734054
-0.1342034 -0.07852289 0.03147171 16825188 -0.1394861 -0.06517407 0.1732467
-0.130306 -0.08479689 0.03159343 17065550 -0.1365481 -0.07016442 0.1732027
-0.1217762 -0.09646096 0.03170861 17275614 -0.1298681 -0.07972927 0.1729914
-0.1174713 -0.1021891 0.03180121 17525820 -0.1263067 -0.08410001 0.172872
-0.1128448 -0.1071448 0.03194043 17715988 -0.1225628 -0.08822128 0.1728437
-0.1081413 -0.1108648 0.03215693 17966217 -0.1185867 -0.09169868 0.1729753
-0.0975695 -0.1192621 0.03258333 18166390 -0.1103976 -0.09833982 0.1729541
-0.09209344 -0.1230454 0.03274848 18396602 -0.1063041 -0.1011529 0.1728379
-0.08085296 -0.1301734 0.03292928 18606800 -0.09724426 -0.1065454 0.1724975
-0.07450685 -0.1335224 0.03307825 18836999 -0.09251821 -0.1089865 0.1722897
-0.06829917 -0.1369899 0.03314571 19077224 -0.08751586 -0.1114792 0.1720204
-0.05529616 -0.1432515 0.03323449 19277405 -0.07701409 -0.1159913 0.1714063
-0.04865414 -0.1455036 0.03313084 19507608 -0.07181087 -0.1177978 0.1709801
-0.04232135 -0.1480188 0.03294945 19737974 -0.06667376 -0.1194209 0.1704099
-0.02966565 -0.151994 0.03224064 19958019 -0.05626553 -0.1218626 0.1689549
-0.02279377 -0.153177 0.03191913 20218262 -0.05077791 -0.1226308 0.1682645
-0.009552836 -0.1551587 0.03119677 20408608 -0.03988969 -0.123693 0.166828
-0.002641708 -0.1560601 0.03084629 20628616 -0.03433838 -0.1240665 0.1660424
0.00417985 -0.1563821 0.03047285 20848827 -0.02860302 -0.1241947 0.1653636
0.01070926 -0.1563033 0.03000158 21069013 -0.02312136 -0.1241036 0.1646304
0.02410185 -0.1549098 0.02929652 21299225 -0.01239577 -0.1227765 0.1632429
0.03052519 -0.1538371 0.02902816 21519420 -0.00720048 -0.1216167 0.1626128
0.03688115 -0.1522567 0.02870644 21759653 -0.002083033 -0.1201075 0.1619523
0.0495508 -0.1484265 0.0285589 21989849 0.007801771 -0.1162324 0.1609478
0.05551413 -0.1457622 0.02851972 22200038 0.01267925 -0.1139588 0.1606559
0.0618483 -0.1429073 0.0286806 22410232 0.01766598 -0.1115562 0.1604807
0.07371435 -0.1365398 0.02894375 22640432 0.02714993 -0.1061003 0.1601362
0.07963036 -0.1328534 0.0291698 22880652 0.03176904 -0.1029422 0.1600166
0.08524898 -0.128816 0.02942169 23090846 0.03615086 -0.09960485 0.159968
0.09569368 -0.1204539 0.03012147 23311033 0.04453596 -0.09271364 0.1601969
0.1005589 -0.1157271 0.03043612 23541244 0.0484522 -0.08893283 0.1603331
0.1102423 -0.1063426 0.03120755 23761642 0.05602751 -0.08091496 0.1605151
0.114643 -0.10135 0.03148902 24001660 0.05971843 -0.07685649 0.1606773
0.1187789 -0.09641176 0.0318639 24201845 0.06321755 -0.07286236 0.1609555
0.1266573 -0.08593503 0.03261776 24452066 0.06957637 -0.06434748 0.1613889
0.1301398 -0.08052841 0.03292799 24652255 0.07238492 -0.05976417 0.1615339
0.1334499 -0.07466714 0.03330947 24882463 0.07500325 -0.0550312 0.16178
0.1395867 -0.06347068 0.03412889 25102654 0.07996789 -0.04573959 0.1623376
0.1424028 -0.05781924 0.03441958 25332865 0.08254305 -0.04125734 0.1626723
0.1450231 -0.05213442 0.03475361 25583087 0.08492368 -0.03674224 0.16304
0.1496727 -0.04011288 0.03548252 25783268 0.0889817 -0.02740056 0.163784
0.151414 -0.03418465 0.0357836 26003734 0.0906589 -0.02265461 0.1641663
0.1530412 -0.02824887 0.03611169 26223665 0.09218837 -0.01803219 0.1645594
0.1554476 -0.01664871 0.03659332 26444054 0.09455045 -0.008988506 0.1651978
0.1561399 -0.01081709 0.03664865 26684081 0.09537192 -0.004582142 0.1653912
0.1568031 -0.005092931 0.03679537 26894270 0.09593539 -0.0002325299 0.1655499
0.1574152 0.004817827 0.03666881 27114469 0.0966195 0.0077905 0.1655149
0.1574337 0.009089145 0.03645917 27334668 0.09689733 0.01126686 0.1654431
0.1572869 0.01306619 0.03618415 27564884 0.09716019 0.0142674 0.1653724
0.156206 0.01978941 0.03567949 27805096 0.09698208 0.01954497 0.1652894
0.1557354 0.02220849 0.03559443 28005273 0.0964172 0.02179369 0.1651607
0.1553255 0.02427257 0.03556503 28235481 0.0956578 0.02376228 0.1649704
0.1541779 0.02608422 0.03533321 28455688 0.09429412 0.02552813 0.1646386
