0.14074 0.001009574 0.007407167 0 0.06019394 -0.01240839 0.1241914
0.1408858 0.0004185343 0.007191516 110096 0.06037058 -0.01274301 0.1240261
0.1408858 0.0004185343 0.007191516 220183 0.06037058 -0.01274301 0.1240261
0.1409762 -0.0001852608 0.006851855 330282 0.06057741 -0.01301421 0.1238036
0.141231 -0.0006709194 0.006571745 440382 0.06079735 -0.01314391 0.123538
0.141231 -0.0006709194 0.006571745 560490 0.06079735 -0.01314391 0.123538
0.1415858 -0.0009133911 0.006379557 680598 0.06092517 -0.01333774 0.1231946
0.1411962 -0.001625428 0.005634328 780693 0.06083104 -0.01386631 0.1226721
0.1411962 -0.001625428 0.005634328 890788 0.06083104 -0.01386631 0.1226721
0.1414005 -0.001712093 0.005341203 1020914 0.0610675 -0.01413167 0.1223823
0.1416132 -0.001813421 0.005075877 1110991 0.06134051 -0.01419164 0.1221627
0.1416132 -0.001813421 0.005075877 1231095 0.06134051 -0.01419164 0.1221627
0.1419569 -0.001708159 0.004965303 1341195 0.06166216 -0.01402641 0.1220434
0.1423005 -0.001444707 0.004884759 1451294 0.0620195 -0.01381959 0.1219662
0.1423005 -0.001444707 0.004884759 1561397 0.0620195 -0.01381959 0.1219662
0.1427304 -0.001145849 0.004824024 1671505 0.06234164 -0.01356543 0.1218269
0.1431738 -0.0006208515 0.004788305 1781604 0.06257474 -0.01329983 0.1216185
0.1431738 -0.0006208515 0.004788305 1901717 0.06257474 -0.01329983 0.1216185
0.1435899 4.266739E-05 0.004766299 2011804 0.06285447 -0.01294471 0.1214683
0.1438494 0.00076293 0.004705944 2121899 0.06309253 -0.01249207 0.1213631
0.1438494 0.00076293 0.004705944 2232002 0.06309253 -0.01249207 0.1213631
0.1440081 0.001875749 0.004700735 2342098 0.06338759 -0.01183606 0.1213994
0.1441994 0.003140082 0.004665188 2452201 0.06374087 -0.01102246 0.1214218
0.1441994 0.003140082 0.004665188 2562296 0.06374087 -0.01102246 0.1214218
0.1443557 0.004780164 0.004699934 2682405 0.06398573 -0.009987483 0.1214426
0.1442815 0.006562939 0.004596824 2792504 0.06409665 -0.008796344 0.1213904
0.1442815 0.006562939 0.004596824 2922622 0.06409665 -0.008796344 0.1213904
0.144237 0.008476844 0.004475621 3012703 0.0642345 -0.007381091 0.1213276
0.144082 0.01057278 0.004393586 3122806 0.06423059 -0.005850205 0.1212708
0.144082 0.01057278 0.004393586 3242915 0.06423059 -0.005850205 0.1212708
0.1444845 0.01322865 0.004687215 3353030 0.06438038 -0.003999601 0.1212753
0.1444147 0.01553713 0.00475811 3463134 0.06440525 -0.002321134 0.1213163
0.1444147 0.01553713 0.00475811 3573209 0.06440525 -0.002321134 0.1213163
0.1435876 0.01825058 0.004267364 3703326 0.06425935 -0.0004968739 0.1211512
0.1433575 0.02064895 0.00419606 3803416 0.06416082 0.001446357 0.1210952
0.1433575 0.02064895 0.00419606 3913694 0.06416082 0.001446357 0.1210952
0.1430448 0.0232433 0.00428738 4023623 0.06398855 0.003454795 0.1211839
0.1427352 0.02572822 0.004345383 4133719 0.06375352 0.005455246 0.1212092
0.1427352 0.02572822 0.004345383 4243818 0.06375352 0.005455246 0.1212092
0.1416702 0.02843105 0.003865243 4363934 0.063335 0.00772213 0.1210872
0.1411473 0.03101026 0.003919234 4494040 0.06298777 0.009889474 0.121185
0.1407755 0.03306984 0.003911664 4584121 0.06273546 0.01188218 0.1212449
0.1407755 0.03306984 0.003911664 4694220 0.06273546 0.01188218 0.1212449
0.1401754 0.03578388 0.00395963 4804320 0.06241309 0.01389383 0.1213483
0.1401754 0.03578388 0.00395963 4924424 0.06241309 0.01389383 0.1213483
0.1392227 0.03896963 0.00405421 5034694 0.06188166 0.01582562 0.1214807
0.1381461 0.04166388 0.003848232 5144627 0.06118393 0.01773929 0.1213672
0.1381461 0.04166388 0.003848232 5284753 0.06118393 0.01773929 0.1213672
0.1374275 0.04446827 0.004056918 5364830 0.06053434 0.01982807 0.1214731
0.1365506 0.04711532 0.004151516 5484934 0.05984722 0.02201568 0.1215946
0.1365506 0.04711532 0.004151516 5595195 0.05984722 0.02201568 0.1215946
0.1354562 0.04937993 0.004163686 5705133 0.05903597 0.024042 0.12174
0.1340784 0.05180608 0.003983324 5815248 0.0582352 0.0261172 0.1218568
0.1340784 0.05180608 0.003983324 5925498 0.0582352 0.0261172 0.1218568
0.1332704 0.05416213 0.004064031 6055449 0.05758788 0.02806627 0.1219513
0.1320169 0.05708753 0.004230525 6155543 0.0566838 0.02982365 0.1220773
0.1320169 0.05708753 0.004230525 6265634 0.0566838 0.02982365 0.1220773
0.1307529 0.05970155 0.004338496 6375738 0.05580636 0.03141343 0.1221903
0.129527 0.06217849 0.004303915 6495846 0.05489603 0.03320109 0.1221885
0.129527 0.06217849 0.004303915 6605958 0.05489603 0.03320109 0.1221885
0.1280355 0.06438255 0.004184828 6716041 0.05382929 0.03506099 0.1222523
0.1264916 0.06687915 0.00409186 6836157 0.05276402 0.0370463 0.122331
0.1250103 0.06939851 0.003959879 6926243 0.05176631 0.0389682 0.1223473
0.1250103 0.06939851 0.003959879 7046343 0.05176631 0.0389682 0.1223473
0.1235431 0.07184731 0.004039689 7166459 0.05065418 0.04072057 0.1224651
0.1220055 0.07446396 0.004210393 7286568 0.04951151 0.04255067 0.1226689
0.1220055 0.07446396 0.004210393 7386650 0.04951151 0.04255067 0.1226689
0.120223 0.07702338 0.004141897 7496754 0.04835414 0.04432356 0.1227667
0.1185976 0.07947778 0.004329924 7606849 0.04708921 0.04600822 0.1229579
0.1185976 0.07947778 0.004329924 7716948 0.04708921 0.04600822 0.1229579
0.1168119 0.08209132 0.004519471 7837065 0.04573386 0.04777216 0.1231633
0.1148067 0.08478045 0.00466783 7947156 0.04424938 0.0495572 0.1233575
0.1148067 0.08478045 0.00466783 8057255 0.04424938 0.0495572 0.1233575
0.11288 0.08728492 0.004742935 8167355 0.04288183 0.05137824 0.1235588
0.1108633 0.0902574 0.005094861 8277454 0.04152256 0.05320798 0.1239454
0.1108633 0.0902574 0.005094861 8397570 0.04152256 0.05320798 0.1239454
0.1088485 0.0931729 0.005390015 8517671 0.03998013 0.05515157 0.1242082
0.1065437 0.09607374 0.005388618 8617761 0.03849656 0.05729412 0.1244347
0.1065437 0.09607374 0.005388618 8727860 0.03849656 0.05729412 0.1244347
0.1070502 0.09768831 0.00639685 8837968 0.0375771 0.05915796 0.124698
0.1047949 0.1003936 0.006474047 8958084 0.03595135 0.06128704 0.124954
0.1047949 0.1003936 0.006474047 9068180 0.03595135 0.06128704 0.124954
0.102825 0.1030972 0.006738277 9178263 0.03436908 0.06341874 0.1252527
0.1004431 0.1057208 0.006821892 9298379 0.03265057 0.06536757 0.1254897
0.1004431 0.1057208 0.006821892 9398474 0.03265057 0.06536757 0.1254897
0.0989036 0.1081272 0.007375605 9508569 0.03121075 0.06718766 0.1258994
0.09650621 0.1106132 0.007511974 9638682 0.02945879 0.06899893 0.1261676
0.09650621 0.1106132 0.007511974 9728764 0.02945879 0.06899893 0.1261676
0.0941379 0.113246 0.007762409 9838871 0.02770988 0.07088577 0.1265025
0.0919854 0.1155159 0.007913589 9958975 0.02595271 0.07275616 0.1267309
0.0919854 0.1155159 0.007913589 10079080 0.02595271 0.07275616 0.1267309
0.09024854 0.1179337 0.008501056 10179178 0.02437489 0.07471287 0.1272397
0.08784129 0.1202717 0.008583063 10289282 0.02251719 0.07669173 0.127494
0.08784129 0.1202717 0.008583063 10419395 0.02251719 0.07669173 0.127494
0.08489244 0.1229401 0.008700965 10519477 0.02048649 0.07865869 0.1278534
0.08227777 0.1252002 0.008694815 10629577 0.01854167 0.08066737 0.1281134
0.08227777 0.1252002 0.008694815 10739684 0.01854167 0.08066737 0.1281134
0.07955159 0.1269954 0.008308441 10859792 0.01678407 0.08261333 0.1282948
0.07717036 0.1289597 0.008512376 10969884 0.01486512 0.08456813 0.128736
0.07717036 0.1289597 0.008512376 11079991 0.01486512 0.08456813 0.128736
0.07450648 0.1310039 0.008665855 11190082 0.0127873 0.08641862 0.1291198
0.07132296 0.1328685 0.008611794 11330221 0.01061995 0.08821499 0.1295558
0.07132296 0.1328685 0.008611794 11410293 0.01061995 0.08821499 0.1295558
0.06809416 0.1346469 0.008695764 11520389 0.008321417 0.08983862 0.1300452
0.06545381 0.1360098 0.008801633 11630666 0.006230975 0.09125648 0.1304407
0.06545381 0.1360098 0.008801633 11760763 0.006230975 0.09125648 0.1304407
0.06221604 0.1374092 0.008776494 11860850 0.003867182 0.0926181 0.1308233
0.05919152 0.1386817 0.008883957 12110913 0.001580769 0.09382498 0.1312569
0.05562041 0.1399067 0.008823143 12201003 -0.0009219864 0.09495091 0.1316571
0.05207484 0.1409687 0.008775992 12341121 -0.003465694 0.09594785 0.1320425
0.04844268 0.1419233 0.008723615 12571329 -0.006066575 0.09697711 0.1324768
0.04467683 0.1426966 0.008472114 12801545 -0.008704101 0.09801077 0.13281
0.04120942 0.1437593 0.008476864 13021739 -0.01131723 0.09896611 0.1331396
0.03391091 0.145237 0.008202175 13231933 -0.01670417 0.1005748 0.1336998
0.02983395 0.1458673 0.007998941 13322010 -0.01956005 0.1012429 0.1339955
0.02983395 0.1458673 0.007998941 13422105 -0.01956005 0.1012429 0.1339955
0.02612944 0.146446 0.007939708 13532204 -0.02247071 0.1018386 0.1342507
0.02228811 0.146803 0.007723192 13662342 -0.02533522 0.1023399 0.1344564
0.01804282 0.1473327 0.007558936 13762420 -0.02843044 0.1029059 0.1347311
0.01804282 0.1473327 0.007558936 13882508 -0.02843044 0.1029059 0.1347311
0.0142813 0.14754 0.007487077 14002629 -0.03143096 0.1032514 0.1349829
0.01052186 0.1478631 0.007553786 14092710 -0.03444384 0.1034871 0.1352844
0.01052186 0.1478631 0.007553786 14212818 -0.03444384 0.1034871 0.1352844
0.006541138 0.1480405 0.007559772 14322914 -0.03754033 0.1037226 0.1356183
0.002082128 0.148247 0.007470169 14453027 -0.04075987 0.1038757 0.1359303
0.002082128 0.148247 0.007470169 14543116 -0.04075987 0.1038757 0.1359303
-0.002071002 0.1482861 0.007382432 14653224 -0.04377877 0.1040184 0.1362509
-0.002071002 0.1482861 0.007382432 14763319 -0.04377877 0.1040184 0.1362509
-0.0068706 0.1482866 0.007203122 14883610 -0.04700065 0.1040701 0.1365891
-0.01131432 0.1484308 0.007157398 15003528 -0.05018414 0.1041459 0.1369042
-0.01587205 0.1483417 0.006924851 15103618 -0.05337953 0.1042925 0.1371521
-0.01587205 0.1483417 0.006924851 15233736 -0.05337953 0.1042925 0.1371521
-0.02009543 0.1481148 0.006610526 15333822 -0.05657735 0.1045469 0.1372902
-0.02253561 0.1491855 0.007604489 15433916 -0.05948956 0.1050662 0.1379661
-0.02253561 0.1491855 0.007604489 15554021 -0.05948956 0.1050662 0.1379661
-0.02710729 0.1486431 0.007169561 15674129 -0.06304025 0.1050907 0.1380063
-0.0320589 0.1482737 0.006858105 15774223 -0.06644487 0.1049472 0.1381847
-0.0320589 0.1482737 0.006858105 15884331 -0.06644487 0.1049472 0.1381847
-0.0365558 0.1478539 0.006647184 16034458 -0.06982666 0.1046716 0.1383081
-0.04115397 0.1471965 0.006450179 16124535 -0.07320577 0.1042963 0.1385051
-0.04115397 0.1471965 0.006450179 16224626 -0.07320577 0.1042963 0.1385051
-0.04619787 0.146155 0.006178888 16334733 -0.07663821 0.1037518 0.1387746
-0.05039968 0.1449869 0.006036569 16444833 -0.08016324 0.1030055 0.1389198
-0.05039968 0.1449869 0.006036569 16554932 -0.08016324 0.1030055 0.1389198
-0.05542848 0.1436697 0.005865297 16675032 -0.08357516 0.1020685 0.1392196
-0.05917232 0.1425646 0.005910515 16785140 -0.08658405 0.1011594 0.1394787
-0.05917232 0.1425646 0.005910515 16905240 -0.08658405 0.1011594 0.1394787
-0.06402692 0.1409035 0.005632221 17015339 -0.08982272 0.09997772 0.1396692
-0.0683113 0.1388513 0.005261467 17125447 -0.09310904 0.09861755 0.1396957
-0.0683113 0.1388513 0.005261467 17245547 -0.09310904 0.09861755 0.1396957
-0.0729095 0.1368522 0.004892819 17345637 -0.09640688 0.09725987 0.1397504
-0.07749393 0.1346555 0.004674997 17465746 -0.09983905 0.09565508 0.1399004
-0.07749393 0.1346555 0.004674997 17585850 -0.09983905 0.09565508 0.1399004
-0.08193499 0.1324184 0.004528769 17675935 -0.1031654 0.09400021 0.1401
-0.08595286 0.1301411 0.004316367 17786035 -0.1063544 0.09236895 0.1401961
-0.08595286 0.1301411 0.004316367 17896321 -0.1063544 0.09236895 0.1401961
-0.09008437 0.1276896 0.004168433 18026268 -0.1094308 0.09048687 0.1403592
-0.09366542 0.1252915 0.003993968 18136529 -0.1121762 0.08849846 0.140412
-0.09366542 0.1252915 0.003993968 18246458 -0.1121762 0.08849846 0.140412
-0.09744006 0.1230419 0.003967661 18376572 -0.1149538 0.08644878 0.140571
-0.1008972 0.1202249 0.0036545 18496680 -0.1177221 0.08440004 0.1405477
-0.1008972 0.1202249 0.0036545 18686856 -0.1177221 0.08440004 0.1405477
-0.1076855 0.1147454 0.003329479 18846992 -0.1229684 0.08046483 0.1407978
-0.1107964 0.1120844 0.003210329 19057364 -0.1254679 0.07836257 0.1408833
-0.1139126 0.1091819 0.003011653 19287390 -0.1277285 0.07603942 0.1409137
-0.1170618 0.1061907 0.002778961 19537615 -0.1300798 0.07378113 0.1409326
-0.1224115 0.0995922 0.002440825 19727941 -0.1345144 0.06898176 0.1410871
-0.1253433 0.09587323 0.002219902 19978013 -0.136749 0.06631588 0.1411534
-0.1282788 0.09174191 0.002026611 20178214 -0.1387472 0.06344568 0.1412961
-0.1338144 0.08376621 0.001939257 20408409 -0.1419805 0.05750309 0.1417599
-0.1362386 0.07968818 0.001867614 20628608 -0.1435966 0.05426334 0.1418879
-0.1383045 0.07555984 0.001847108 20858816 -0.1450471 0.05105685 0.1420627
-0.1405856 0.067577 0.001840216 21069006 -0.1476798 0.04453313 0.1422857
-0.1420687 0.06331121 0.0017264 21299205 -0.1489368 0.04102289 0.1423049
-0.1431373 0.05920767 0.001604565 21539426 -0.1500553 0.03744518 0.142263
-0.1453572 0.05077432 0.001270054 21749628 -0.1519259 0.03030788 0.1421396
-0.1460956 0.04625808 0.001051719 21979819 -0.1524974 0.02689265 0.1420845
-0.1462113 0.04174291 0.0007912337 22190017 -0.152921 0.02353333 0.1419637
-0.1476734 0.03295575 0.0005109584 22420217 -0.1537951 0.01634776 0.1419074
-0.148063 0.02849983 0.0003781968 22660438 -0.154168 0.01278936 0.1418779
-0.148467 0.02399742 0.000257175 22860622 -0.1544128 0.009358039 0.1418785
-0.1484736 0.01446973 -0.0003283095 23100831 -0.1544043 0.002127757 0.1415123
-0.1484968 0.009553304 -0.0005170961 23321050 -0.1543745 -0.00172473 0.1414143
-0.1483919 0.005089035 -0.0007535727 23531244 -0.1542785 -0.005463609 0.1412332
-0.1475677 -0.004792342 -0.001170791 23761435 -0.1538409 -0.01294817 0.1409573
-0.1484744 -0.009882459 -0.00141445 23981626 -0.1538793 -0.01688148 0.1408109
-0.1481886 -0.01482321 -0.001658864 24221843 -0.1535356 -0.02073682 0.140618
-0.1469146 -0.02490676 -0.002072092 24432032 -0.1526499 -0.02835549 0.1402707
-0.1457407 -0.0301298 -0.0022967 24662244 -0.1519095 -0.03216649 0.1400551
-0.1435843 -0.04036809 -0.002446324 24872438 -0.1502433 -0.03978397 0.1398968
-0.142271 -0.04574908 -0.002614885 25102792 -0.1491789 -0.0437354 0.1397034
-0.1408236 -0.05070497 -0.00264227 25322857 -0.1479304 -0.0475762 0.1396461
-0.1373702 -0.06022991 -0.002513391 25543055 -0.14505 -0.05511678 0.1396877
-0.1350524 -0.06483079 -0.002417413 25783264 -0.1434711 -0.05856694 0.1396957
-0.1329616 -0.06924225 -0.002313097 26003450 -0.1418021 -0.06187166 0.1397213
-0.1304118 -0.07332624 -0.002170838 26253684 -0.1398517 -0.06504573 0.1397749
-0.125121 -0.08092226 -0.001809662 26443998 -0.1358387 -0.07096184 0.1399372
-0.12224 -0.08468582 -0.001537238 26664047 -0.1337258 -0.0736431 0.1400692
-0.1164203 -0.09168638 -0.000992201 26884245 -0.1290104 -0.07894982 0.140378
-0.1131611 -0.09517253 -0.0007979363 27114461 -0.1265135 -0.08169867 0.1404339
-0.1099352 -0.0986482 -0.0005801406 27354678 -0.1240203 -0.08435703 0.1405001
-0.1029898 -0.1051347 -4.241397E-05 27554850 -0.1188481 -0.08910944 0.1406628
-0.09935017 -0.1082845 7.45343E-05 27785058 -0.1161209 -0.09129751 0.140561
-0.09610604 -0.1112446 0.0001175408 28015266 -0.1133725 -0.09346903 0.1404463
-0.08907478 -0.1169293 0.0001554844 28235465 -0.1077799 -0.09799517 0.1401479
-0.08570273 -0.1199254 0.0001463018 28445662 -0.1050821 -0.1001426 0.1399295
-0.08237983 -0.1227007 0.0001440194 28685871 -0.1023933 -0.1022703 0.1397446
-0.07534157 -0.1282882 0.0001309775 28916079 -0.0966206 -0.1065581 0.1393476
-0.07144917 -0.1307596 0.0001761052 29126281 -0.09368129 -0.1086179 0.1391788
-0.06731669 -0.1332042 0.0002442817 29376498 -0.09063345 -0.110544 0.1389854
-0.05937305 -0.1376089 0.0002775716 29576841 -0.08438452 -0.1139151 0.1385501
-0.05521263 -0.1398374 0.0003241441 29786865 -0.08117282 -0.1154214 0.1382958
-0.05111784 -0.1418667 0.0003071328 30027081 -0.07792489 -0.1167829 0.1379968
-0.04292709 -0.1453543 0.0002851538 30257293 -0.07136697 -0.1187575 0.1373619
-0.03870522 -0.1466907 0.0002761178 30487493 -0.06793443 -0.119442 0.1370585
-0.03447701 -0.1476339 0.0001667842 30687678 -0.06454591 -0.1201238 0.1367146
-0.02620759 -0.1492695 -0.0001277394 30917885 -0.05773544 -0.1211876 0.1359739
-0.02211072 -0.1501533 -0.0003039283 31128249 -0.05433041 -0.121545 0.1355258
-0.01764928 -0.1511277 -0.000268916 31358303 -0.05075705 -0.1217063 0.135173
-0.008454468 -0.151915 -0.0006791103 31578490 -0.04364615 -0.1218417 0.1340926
-0.003778818 -0.1519156 -0.0009169472 31808689 -0.03997752 -0.1219295 0.1336072
0.0009818379 -0.15201 -0.001050471 32029042 -0.03627496 -0.1219479 0.1331675
0.01069449 -0.1523131 -0.001285695 32249087 -0.02861774 -0.1217724 0.1322361
0.01547441 -0.1523198 -0.001508671 32489303 -0.02479863 -0.1215953 0.1316842
0.02478547 -0.1521096 -0.001904855 32699493 -0.01726697 -0.1212359 0.1307023
0.02957207 -0.1518911 -0.002050743 32949719 -0.0134869 -0.1210754 0.1302466
0.03433839 -0.1516451 -0.002219258 33149920 -0.009687446 -0.1209027 0.1297765
0.03897282 -0.1508691 -0.002498399 33400125 -0.005961864 -0.120559 0.1292909
0.04749378 -0.1497175 -0.003075772 33590297 0.001159664 -0.1195246 0.1282551
0.05197443 -0.1487975 -0.003240352 33840523 0.004772496 -0.1186874 0.1278002
0.06060325 -0.145959 -0.003846107 34040712 0.01188832 -0.1166338 0.1268181
0.06474806 -0.1444794 -0.004188954 34300942 0.01535132 -0.115471 0.1262899
0.06869458 -0.142717 -0.004585618 34501123 0.01870386 -0.1141632 0.1257672
0.07635191 -0.1390537 -0.005414216 34711309 0.02518373 -0.1110481 0.1246002
0.08041076 -0.136931 -0.005636038 34941516 0.02838504 -0.1092708 0.1241118
0.08407039 -0.134423 -0.005986557 35161719 0.03137691 -0.1074473 0.1236358
0.09108683 -0.1294568 -0.006554946 35542058 0.03721138 -0.1037394 0.1228371
0.09795491 -0.1242761 -0.006660304 35722221 0.04265265 -0.09963013 0.1223377
0.1013454 -0.1213279 -0.006577661 35942416 0.0453213 -0.09740723 0.1222453
0.1045304 -0.1184334 -0.006673326 36172623 0.04782914 -0.09529854 0.1219968
0.1107676 -0.1122391 -0.006533836 36392826 0.05261283 -0.09070267 0.1217645
0.11339 -0.1090619 -0.006511142 36633043 0.05480675 -0.08821834 0.1217067
0.1162255 -0.1057621 -0.00632377 36843237 0.05685735 -0.08560551 0.1216426
0.1212224 -0.09922029 -0.006315887 37083449 0.0607752 -0.08047237 0.1213591
0.1235881 -0.09558297 -0.006432064 37303648 0.06264536 -0.07775558 0.1211392
0.1258957 -0.09203709 -0.006528152 37513842 0.06441027 -0.07499326 0.1208897
0.1298725 -0.08456208 -0.006974436 37724040 0.06769125 -0.06932522 0.1203346
0.1317682 -0.08086313 -0.007223553 37954235 0.06922681 -0.06648386 0.1200088
0.133607 -0.07685949 -0.007484421 38204461 0.07074574 -0.06351484 0.119703
0.1367864 -0.06893457 -0.008310218 38404650 0.07362676 -0.05782784 0.1189445
0.1383217 -0.06500997 -0.008776035 38664876 0.07503599 -0.05492557 0.1185012
0.1409666 -0.05680359 -0.009499524 38845043 0.07735646 -0.04857148 0.1177492
0.1422551 -0.05263985 -0.009738293 39095439 0.07843185 -0.04539848 0.117464
0.1433011 -0.04859258 -0.01004877 39295454 0.07945701 -0.04224182 0.1171906
0.1443331 -0.04428674 -0.01014525 39525653 0.0804023 -0.03903223 0.1171006
0.1461841 -0.03611005 -0.0103175 39775875 0.08210916 -0.03275217 0.11692
0.1469207 -0.03230919 -0.01047425 39976060 0.0828606 -0.02967168 0.1167877
0.1477006 -0.02807261 -0.01040863 40226286 0.08351731 -0.02641846 0.1168078
0.1491524 -0.01990617 -0.01012158 40416465 0.08469395 -0.02004172 0.1169663
0.1494097 -0.01588715 -0.01016908 40656678 0.08517232 -0.01705028 0.1170255
0.1497064 -0.01198722 -0.01018557 40866868 0.08552003 -0.01411737 0.1170222
0.1496209 -0.004270683 -0.01064917 41097071 0.08583286 -0.008200178 0.1167161
0.1492845 -0.0004868603 -0.01105455 41427373 0.08583202 -0.00529469 0.1164481
0.1482948 0.00607287 -0.01202752 41647568 0.08537398 7.890701E-05 0.1156882
0.1477289 0.008926144 -0.01253567 41887785 0.0850105 0.002395382 0.1152533
0.1463946 0.01402926 -0.01319127 42107984 0.08407066 0.006275764 0.1147223
0.1460318 0.01599156 -0.01323243 42318173 0.08350337 0.007835498 0.1145562
0.1453616 0.01763641 -0.0131781 42568399 0.08279835 0.009059897 0.1145659
0.1435086 0.01987969 -0.01268861 42758579 0.08109652 0.01056301 0.1150775
0.1428378 0.02042281 -0.01185081 43008805 0.08004846 0.01084291 0.1157109
