0.1386118 0.008383082 0.0174005 0 0.1838765 0.03357207 0.2381083
0.1384244 0.007614361 0.01728819 130118 0.1833494 0.03383648 0.2381054
0.1384244 0.007614361 0.01728819 220199 0.1833494 0.03383648 0.2381054
0.1387745 0.00735369 0.01740544 330302 0.1827827 0.03422569 0.2380764
0.139421 0.009749979 0.01680352 440398 0.1816382 0.03547084 0.2378111
0.139421 0.009749979 0.01680352 560510 0.1816382 0.03547084 0.2378111
0.1392661 0.01235421 0.01577364 670626 0.1806242 0.03668701 0.2376305
0.1387622 0.009872058 0.01574682 780705 0.1805412 0.03583824 0.2376057
0.1387622 0.009872058 0.01574682 890804 0.1805412 0.03583824 0.2376057
0.1396647 0.007478437 0.01619995 1000916 0.1800042 0.034994 0.2372908
0.1397582 0.006461643 0.01577888 1121016 0.17968 0.03456842 0.2368228
0.1397582 0.006461643 0.01577888 1221110 0.17968 0.03456842 0.2368228
0.1396454 0.007217333 0.01463547 1341211 0.1791496 0.03477107 0.2361782
0.1397335 0.007260421 0.01392742 1451322 0.178587 0.03466033 0.2357136
0.1397335 0.007260421 0.01392742 1561409 0.178587 0.03466033 0.2357136
0.1395559 0.005649873 0.01360539 1701544 0.1780541 0.03378534 0.2355394
0.1398007 0.004837135 0.01357317 1791621 0.1775268 0.03302776 0.2355139
0.1398007 0.004837135 0.01357317 1901716 0.1775268 0.03302776 0.2355139
0.1394339 0.004486355 0.01347351 2011820 0.1770171 0.03269135 0.2358197
0.1392064 0.005246974 0.01315044 2121915 0.1760655 0.0330423 0.236096
0.1392064 0.005246974 0.01315044 2242028 0.1760655 0.0330423 0.236096
0.1389591 0.006424055 0.01298316 2342118 0.1751353 0.03393018 0.2364929
0.1387526 0.007381638 0.0129573 2482240 0.1741485 0.03509199 0.2368986
0.1383716 0.008571449 0.01310551 2572322 0.1731416 0.03647267 0.2375757
0.1383716 0.008571449 0.01310551 2682421 0.1731416 0.03647267 0.2375757
0.1379133 0.01062404 0.01294571 2802542 0.1718616 0.03812014 0.238244
0.1379133 0.01062404 0.01294571 2912637 0.1718616 0.03812014 0.238244
0.1372925 0.01262511 0.01279591 3022736 0.1707124 0.0395404 0.2390063
0.1369427 0.01490678 0.01281448 3132831 0.1694236 0.04118835 0.2397889
0.1363292 0.01726559 0.01272698 3242927 0.1680975 0.0429083 0.2406447
0.1363292 0.01726559 0.01272698 3353026 0.1680975 0.0429083 0.2406447
0.1355164 0.01992672 0.01244724 3473139 0.1668388 0.04481208 0.2414498
0.1346708 0.02294608 0.01226105 3573225 0.1654826 0.04689299 0.2424036
0.1346708 0.02294608 0.01226105 3693333 0.1654826 0.04689299 0.2424036
0.1338212 0.02609926 0.01225697 3803437 0.1639114 0.04910504 0.2435606
0.1338212 0.02609926 0.01225697 3913536 0.1639114 0.04910504 0.2435606
0.1331592 0.02961412 0.01225923 4043649 0.1621414 0.05169617 0.2446342
0.131234 0.03318746 0.01192294 4133739 0.1603654 0.05430316 0.2461919
0.1303956 0.03672907 0.01180126 4253847 0.1586559 0.0572518 0.2471606
0.1303956 0.03672907 0.01180126 4363942 0.1586559 0.0572518 0.2471606
0.1285371 0.04160668 0.01102883 4474046 0.1567475 0.06070029 0.2483279
0.1275881 0.04465277 0.01134907 4584145 0.1542971 0.06413089 0.2497731
0.1275881 0.04465277 0.01134907 4704254 0.1542971 0.06413089 0.2497731
0.1262879 0.04862512 0.01138991 4824362 0.1519659 0.06766855 0.2512344
0.1245054 0.05248762 0.01146334 4924444 0.1495126 0.07126462 0.2530013
0.1245054 0.05248762 0.01146334 5034544 0.1495126 0.07126462 0.2530013
0.1218039 0.057514 0.01089273 5144651 0.1465008 0.07505285 0.2549467
0.1191414 0.06234306 0.01041442 5284773 0.1432625 0.07887469 0.2569021
0.1191414 0.06234306 0.01041442 5374851 0.1432625 0.07887469 0.2569021
0.1161752 0.06728799 0.009780422 5484950 0.1395035 0.08280741 0.2589268
0.1126552 0.07152855 0.009443998 5595199 0.1358916 0.08667909 0.2613665
0.1126552 0.07152855 0.009443998 5705149 0.1358916 0.08667909 0.2613665
0.1105186 0.07608521 0.009936929 5825261 0.1321008 0.09073841 0.2637551
0.1073908 0.08072212 0.009936288 5925356 0.1277753 0.09491908 0.2662663
0.1073908 0.08072212 0.009936288 6045464 0.1277753 0.09491908 0.2662663
0.1049205 0.0852141 0.01036505 6155600 0.1231574 0.09906756 0.2687514
0.1016936 0.08937687 0.0106274 6265659 0.1179509 0.1032238 0.2714685
0.1016936 0.08937687 0.0106274 6375754 0.1179509 0.1032238 0.2714685
0.09917556 0.09285396 0.01146863 6485865 0.1121539 0.1076633 0.2741996
0.09686307 0.09666894 0.01228076 6605966 0.106612 0.1122714 0.276638
0.09686307 0.09666894 0.01228076 6716069 0.106612 0.1122714 0.276638
0.09398559 0.1006667 0.01273586 6856188 0.1011506 0.1166261 0.2789893
0.09113782 0.1045208 0.01329063 6946269 0.09577938 0.120354 0.2813224
0.09113782 0.1045208 0.01329063 7046359 0.09577938 0.120354 0.2813224
0.08859299 0.1081957 0.0141537 7156467 0.09024516 0.1238652 0.2836322
0.08563614 0.11184 0.01464756 7276567 0.08490244 0.1275442 0.2857515
0.08563614 0.11184 0.01464756 7376657 0.08490244 0.1275442 0.2857515
0.08259724 0.1150634 0.01511526 7496774 0.07930118 0.1310982 0.2877737
0.07946241 0.1181334 0.01555578 7636896 0.07369322 0.1343817 0.2897267
0.0762464 0.1202679 0.01587026 7716968 0.06818876 0.1372598 0.2915055
0.0762464 0.1202679 0.01587026 7827068 0.06818876 0.1372598 0.2915055
0.07336636 0.1228431 0.01687831 7947176 0.06224202 0.1401192 0.293543
0.07336636 0.1228431 0.01687831 8057280 0.06224202 0.1401192 0.293543
0.06935399 0.1267334 0.01637462 8167375 0.05685055 0.1429545 0.2949618
0.06593523 0.1297688 0.01663621 8277470 0.05103808 0.1457825 0.2964913
0.06593523 0.1297688 0.01663621 8387569 0.05103808 0.1457825 0.2964913
0.06339493 0.1317689 0.01760966 8507686 0.04525901 0.1484342 0.2979831
0.06002046 0.1342499 0.01785581 8617777 0.03931092 0.1510495 0.299226
0.06002046 0.1342499 0.01785581 8747895 0.03931092 0.1510495 0.299226
0.05645509 0.1368547 0.01790065 8837976 0.03344794 0.1535017 0.3003169
0.05268736 0.1392697 0.01787202 8958101 0.02762976 0.1555361 0.3013609
0.05268736 0.1392697 0.01787202 9058183 0.02762976 0.1555361 0.3013609
0.04877824 0.1415015 0.01772635 9198301 0.0220457 0.1571654 0.3023196
0.04543417 0.1430952 0.01795253 9288386 0.01654375 0.1586355 0.3031842
0.04543417 0.1430952 0.01795253 9398490 0.01654375 0.1586355 0.3031842
0.0417388 0.1448868 0.01779447 9508581 0.010985 0.1600486 0.3037941
0.03797028 0.1463784 0.01753293 9658717 0.005246358 0.1614296 0.3041965
0.03468519 0.1473532 0.01742944 9728784 -2.444041E-05 0.1625873 0.3044913
0.03468519 0.1473532 0.01742944 9848884 -2.444041E-05 0.1625873 0.3044913
0.03109493 0.1482936 0.01711485 9958988 -0.005165627 0.1634411 0.3046977
0.03109493 0.1482936 0.01711485 10089105 -0.005165627 0.1634411 0.3046977
0.02749537 0.1494487 0.016652 10179186 -0.0100144 0.1640149 0.30475
0.02429989 0.1498781 0.01646709 10299307 -0.01441878 0.1643842 0.3048962
0.02429989 0.1498781 0.01646709 10409398 -0.01441878 0.1643842 0.3048962
0.02088704 0.1503236 0.01605116 10519493 -0.01867121 0.1645199 0.3048967
0.01740225 0.1506554 0.01565142 10639602 -0.02283567 0.1645147 0.3048838
0.01393525 0.1508113 0.0153442 10739696 -0.02719748 0.164223 0.3047976
0.01393525 0.1508113 0.0153442 10859800 -0.02719748 0.164223 0.3047976
0.01030408 0.1508937 0.01507986 10979909 -0.03188563 0.1638068 0.3046267
0.01030408 0.1508937 0.01507986 11079999 -0.03188563 0.1638068 0.3046267
0.006387731 0.1508316 0.01484001 11210117 -0.03687737 0.1633326 0.3043963
0.00241057 0.150695 0.01466891 11310207 -0.0423067 0.1627501 0.3039949
-0.001476956 0.1502426 0.01477909 11420306 -0.04803238 0.162016 0.303615
-0.001476956 0.1502426 0.01477909 11530410 -0.04803238 0.162016 0.303615
-0.005464575 0.1495769 0.01488796 11650514 -0.05390298 0.1611301 0.3030945
-0.005464575 0.1495769 0.01488796 11750604 -0.05390298 0.1611301 0.3030945
-0.00975583 0.1488788 0.01493037 11870713 -0.0598295 0.160082 0.3024538
-0.01424715 0.1479907 0.01500092 12010839 -0.06601156 0.158776 0.3016593
-0.01881239 0.1466691 0.01527654 12090916 -0.07249085 0.1572162 0.3008226
-0.01881239 0.1466691 0.01527654 12201015 -0.07249085 0.1572162 0.3008226
-0.02338131 0.1454317 0.01551452 12311110 -0.07913632 0.1556255 0.2997073
-0.02803193 0.1438934 0.01578876 12431223 -0.08581471 0.1537946 0.2984615
-0.02803193 0.1438934 0.01578876 12531309 -0.08581471 0.1537946 0.2984615
-0.03245989 0.1419439 0.01624255 12651417 -0.09231084 0.1517247 0.2972521
-0.03245989 0.1419439 0.01624255 12761525 -0.09231084 0.1517247 0.2972521
-0.03691964 0.1400901 0.01668264 12881625 -0.09840376 0.1495253 0.2960365
-0.04069432 0.1379346 0.01748265 12991724 -0.1043089 0.1470364 0.2949836
-0.04519573 0.1358115 0.01813386 13091819 -0.1105395 0.1443616 0.2936102
-0.04519573 0.1358115 0.01813386 13231941 -0.1105395 0.1443616 0.2936102
-0.04947038 0.1333738 0.01890051 13322022 -0.1167724 0.1416961 0.2921689
-0.0536253 0.1307705 0.01958375 13422117 -0.1229165 0.1389587 0.2905122
-0.0536253 0.1307705 0.01958375 13542221 -0.1229165 0.1389587 0.2905122
-0.0576395 0.128544 0.02019364 13652325 -0.1287702 0.1361666 0.2887172
-0.06169119 0.1259693 0.02070363 13762428 -0.1345863 0.1331035 0.2866973
-0.06169119 0.1259693 0.02070363 13872527 -0.1345863 0.1331035 0.2866973
-0.06549573 0.1233542 0.02121843 14012650 -0.1403148 0.1299678 0.2845501
-0.06917746 0.1207985 0.02167206 14102727 -0.1458122 0.1267984 0.2823009
-0.06917746 0.1207985 0.02167206 14212830 -0.1458122 0.1267984 0.2823009
-0.07284123 0.1184202 0.02182184 14322926 -0.15103 0.1236674 0.2797279
-0.07653304 0.1158911 0.02175908 14433025 -0.1560639 0.1204677 0.2769054
-0.07653304 0.1158911 0.02175908 14543133 -0.1560639 0.1204677 0.2769054
-0.08038507 0.1134169 0.0217137 14673242 -0.1609908 0.1172032 0.27402
-0.08409081 0.1106397 0.02161278 14793350 -0.1654873 0.1139501 0.2712291
-0.08409081 0.1106397 0.02161278 14883432 -0.1654873 0.1139501 0.2712291
-0.08769552 0.1081958 0.02131526 14993535 -0.1696765 0.1107346 0.2682493
-0.09142434 0.1055212 0.02094097 15123644 -0.1737497 0.1075613 0.2651609
-0.09142434 0.1055212 0.02094097 15223759 -0.1737497 0.1075613 0.2651609
-0.09524039 0.1030858 0.02031237 15333842 -0.1776379 0.1044996 0.2617559
-0.09886055 0.1004458 0.01970001 15453950 -0.1814387 0.101231 0.2583124
-0.09886055 0.1004458 0.01970001 15574055 -0.1814387 0.101231 0.2583124
-0.1025492 0.09769517 0.01926912 15684154 -0.185225 0.09793328 0.254962
-0.1057761 0.09438491 0.01892257 15794262 -0.188714 0.09452283 0.2518929
-0.1057761 0.09438491 0.01892257 15924371 -0.188714 0.09452283 0.2518929
-0.1093404 0.0916826 0.01870801 16154587 -0.1919872 0.09123181 0.2489133
-0.1155471 0.08600858 0.01814848 16404804 -0.1983898 0.08504211 0.2428208
-0.1186275 0.08290771 0.01782104 16604985 -0.2013942 0.08215963 0.2397705
-0.1220343 0.07966784 0.01763402 16835197 -0.2040547 0.07933509 0.2369742
-0.1282795 0.07282413 0.01697727 17055392 -0.2080507 0.07378446 0.2318664
-0.1311209 0.06974135 0.01643252 17275594 -0.2097527 0.07125448 0.229212
-0.1340077 0.06655141 0.01577732 17515807 -0.2115936 0.06859361 0.2262409
-0.1388387 0.0596753 0.01452534 17726001 -0.2153678 0.0627638 0.2204298
-0.1408779 0.05593846 0.01379441 17966214 -0.2169253 0.05965292 0.2176943
-0.1428079 0.05236101 0.01312046 18176403 -0.2182522 0.05655848 0.2151892
-0.147627 0.04496052 0.01111501 18396602 -0.2196823 0.05001103 0.2097956
-0.1492577 0.0412129 0.010157 18616805 -0.2203212 0.04710638 0.2074697
-0.1507665 0.03724614 0.009170979 18847008 -0.2208285 0.04414617 0.205224
-0.153666 0.02999099 0.007100493 19067215 -0.2220189 0.03771614 0.2005179
-0.1552625 0.0266619 0.006016359 19297557 -0.2227991 0.03439366 0.1978957
-0.1564809 0.02298225 0.004876181 19527643 -0.2234018 0.03111159 0.195471
-0.1600097 0.01583177 0.003073856 19737812 -0.2241829 0.02472102 0.1910001
-0.1619534 0.01248231 0.002272472 19988038 -0.2244859 0.0216397 0.1888543
-0.1649244 0.005778941 0.0007492602 20178210 -0.2256448 0.01512252 0.18464
-0.1661752 0.002434876 9.581447E-05 20408608 -0.2262575 0.01185023 0.1827351
-0.1674502 -0.0007437945 -0.0003537834 20628616 -0.2266831 0.008747211 0.1812074
-0.1682448 -0.003783603 -0.0005588979 20848815 -0.2270035 0.00586926 0.1802855
-0.1685709 -0.009812414 -0.0008153617 21089032 -0.2268691 0.0009447241 0.1798266
-0.1682209 -0.01250866 -0.0009344816 21319235 -0.2265315 -0.001096258 0.1800765
-0.1669462 -0.01782838 -0.001322567 21549455 -0.2254242 -0.004985938 0.1810129
-0.1659237 -0.02051674 -0.00162445 21749636 -0.2247148 -0.006879697 0.1816479
-0.1649557 -0.02349981 -0.001938075 21989845 -0.2239588 -0.008981834 0.1822573
-0.1615649 -0.02969241 -0.002507478 22190029 -0.2224891 -0.01372756 0.1841678
-0.1601324 -0.03295904 -0.002623826 22440251 -0.2214491 -0.0161425 0.1854069
-0.1583607 -0.0366761 -0.002788261 22650437 -0.2199282 -0.01841773 0.1870162
-0.1536562 -0.04357582 -0.003543094 22870639 -0.215447 -0.02196527 0.1911456
-0.1507697 -0.04694367 -0.00396356 23080829 -0.2129387 -0.02394296 0.1935261
-0.1474151 -0.0501323 -0.00432913 23311033 -0.2105036 -0.02614702 0.1960742
-0.1395594 -0.05646435 -0.004918873 23561271 -0.2045041 -0.03011013 0.2021891
-0.1359286 -0.06004449 -0.005160317 23751438 -0.2004703 -0.03177131 0.2056662
-0.1323347 -0.06404977 -0.005296573 23991655 -0.1958988 -0.03332294 0.2093628
-0.1251755 -0.0712682 -0.005379021 24211854 -0.186054 -0.03669883 0.2171417
-0.1212917 -0.07485926 -0.005336523 24432065 -0.1810628 -0.03891648 0.2211041
-0.117136 -0.07897379 -0.005299792 24652255 -0.176167 -0.04156245 0.2248546
-0.1084593 -0.08754949 -0.006008521 24882455 -0.1651523 -0.04640199 0.2316008
-0.1042463 -0.09190391 -0.006086811 25142690 -0.1591547 -0.04887141 0.2351868
-0.09611306 -0.09948002 -0.005572289 25332861 -0.1476293 -0.05423082 0.242532
-0.09160133 -0.1028239 -0.005060196 25553068 -0.1420327 -0.05663479 0.2461739
-0.08764446 -0.105689 -0.004230887 25773259 -0.1364328 -0.05892075 0.2499255
-0.08373442 -0.1083581 -0.003401592 26013869 -0.1305109 -0.06099511 0.2536086
-0.07611117 -0.1133709 -0.001762316 26213660 -0.1184771 -0.06472243 0.2603676
-0.07238986 -0.115742 -0.00107719 26443868 -0.1129861 -0.06670249 0.2632547
-0.06975313 -0.1172914 -0.0009007603 26674080 -0.1077085 -0.06847896 0.2656157
-0.06303725 -0.1211265 0.000777781 26894283 -0.09721079 -0.07208313 0.2708779
-0.06001041 -0.1230432 0.001417965 27134491 -0.09176917 -0.07373716 0.2731118
-0.05279228 -0.1274336 0.002270937 27334668 -0.08139712 -0.07708456 0.27673
-0.04901986 -0.129628 0.002434656 27584910 -0.07670342 -0.07867946 0.2780598
-0.04565881 -0.132054 0.002447337 27805096 -0.07202712 -0.08023418 0.2790216
-0.04193402 -0.1342039 0.002392173 28005273 -0.0672717 -0.08160687 0.2799294
-0.0340189 -0.1377019 0.002100244 28235501 -0.05699805 -0.08388771 0.2816218
-0.02907881 -0.1392032 0.001938045 28455680 -0.05147829 -0.08476306 0.2823658
-0.02475859 -0.1406581 0.001907393 28675878 -0.04617921 -0.08544815 0.2829283
-0.01625776 -0.142707 0.002588123 28916103 -0.03644132 -0.0863141 0.2841243
-0.01281918 -0.143349 0.002596572 29136298 -0.0318231 -0.08650734 0.2844188
-0.009434977 -0.1437022 0.002618149 29366684 -0.0275434 -0.08644785 0.2846067
-0.002261239 -0.144316 0.002687246 29566682 -0.01889872 -0.08557547 0.2843972
0.001873638 -0.1441798 0.003165275 29826917 -0.01413729 -0.08490123 0.2844744
0.009627681 -0.1431793 0.003608271 30027102 -0.004146392 -0.08365215 0.2845497
0.01371293 -0.1424593 0.003942192 30257301 0.001024268 -0.08288778 0.2845026
0.01781693 -0.1415982 0.004351661 30467499 0.006241035 -0.08203985 0.2844064
0.02135475 -0.1406453 0.004688516 30687694 0.01128432 -0.08124388 0.2843412
0.02842209 -0.1377715 0.005244017 30927915 0.02092821 -0.0794747 0.2842379
0.03198602 -0.1360418 0.005563855 31138100 0.025536 -0.07848574 0.2841444
0.03915246 -0.1320951 0.006398588 31378317 0.03463759 -0.07593288 0.2837367
0.04276209 -0.1299294 0.006874248 31588507 0.0394305 -0.07456006 0.283479
0.04626289 -0.1275927 0.007436901 31848742 0.04410273 -0.07328916 0.28334
0.05314235 -0.1228961 0.008644387 32028908 0.05240421 -0.06987668 0.2824725
0.05677698 -0.1208033 0.009580836 32259116 0.05629757 -0.06775834 0.281706
0.06036462 -0.1186633 0.01040375 32499329 0.0599625 -0.06554592 0.2807787
0.06694996 -0.1142525 0.01180148 32699509 0.0668849 -0.0610267 0.2788175
0.06982967 -0.1120888 0.01246721 32959756 0.07027967 -0.0588472 0.2779298
0.0726057 -0.1100748 0.01285616 33149920 0.07372522 -0.05678309 0.2768693
0.07815095 -0.1058923 0.01370564 33390141 0.08022281 -0.05238737 0.2745805
0.08125578 -0.1034924 0.01453057 33600322 0.08330403 -0.05011536 0.2735142
0.08400092 -0.1010401 0.01507728 33820529 0.08622824 -0.0478176 0.2724617
0.08902077 -0.09589757 0.01597756 34040728 0.09199198 -0.04339362 0.2706133
0.09145361 -0.09317908 0.01641086 34270948 0.09466674 -0.04114367 0.2697271
0.09413028 -0.09018308 0.01684159 34511144 0.09739538 -0.03871561 0.2687076
0.09852447 -0.08467227 0.01764193 34721334 0.1021238 -0.03367747 0.2668004
0.1004916 -0.08165151 0.01787871 34961551 0.1042954 -0.03105176 0.265958
0.1023792 -0.07836412 0.01819789 35171740 0.1062851 -0.02827216 0.2652563
0.1059345 -0.07135147 0.01875067 35421966 0.1097502 -0.02216102 0.2638622
0.1074292 -0.06771625 0.01880606 35612138 0.1113152 -0.01889373 0.263181
0.1091046 -0.06393471 0.01909749 35862359 0.1127391 -0.01548375 0.2624972
0.1117185 -0.05613808 0.01911682 36082562 0.1146588 -0.007804045 0.2610409
0.1130094 -0.05201174 0.01907662 36292756 0.1153451 -0.003763804 0.2602991
0.1143389 -0.04793624 0.01916744 36522960 0.1160756 0.0002220774 0.2595926
0.1163033 -0.0393398 0.0188033 36743162 0.1174298 0.008511057 0.2584183
0.1173505 -0.03461755 0.01873985 36953352 0.1181411 0.01266753 0.2580177
0.1182666 -0.02988478 0.0189127 37183556 0.1187761 0.01676415 0.2578795
0.1201731 -0.02041542 0.02004874 37413760 0.1203781 0.02521943 0.2579299
0.1208143 -0.01578798 0.02065948 37623953 0.1214579 0.0294212 0.2581976
0.121424 -0.01099068 0.02108647 37844156 0.1223104 0.03339778 0.2585068
0.1214538 -0.001792264 0.02161692 38064355 0.123163 0.04142963 0.2596612
0.1218403 0.002251184 0.02259028 38304567 0.1236232 0.04532599 0.2602577
0.1221061 0.006223479 0.02339454 38514761 0.1240791 0.04901921 0.2608783
0.1223768 0.01329419 0.0247163 38764983 0.1249314 0.05551683 0.2621057
0.1225275 0.01643384 0.02520777 39005200 0.1254895 0.05820977 0.2626167
0.1231241 0.02138392 0.02631529 39195375 0.1265233 0.06286179 0.2632418
0.1235589 0.02327564 0.02670364 39435592 0.1270367 0.06483614 0.2632262
0.1242264 0.02485902 0.02718525 39635769 0.1272548 0.06673133 0.262991
0.1250894 0.02601997 0.02781707 39865981 0.1275765 0.0684111 0.2626104
0.1264488 0.0278953 0.02806315 40076166 0.1283457 0.07099413 0.2615026
0.1271514 0.02901795 0.02774021 40316383 0.1286167 0.07193934 0.2607612
0.1282209 0.02936319 0.02722372 40546591 0.1286247 0.07319986 0.2592011
0.1286557 0.02919737 0.02714549 40746771 0.1284296 0.07358944 0.2585795
0.1287994 0.02886037 0.02724978 40986992 0.1281146 0.07358562 0.2583938
