0.1525714 -0.002230177 -0.003086721 0 0.09560508 0.01125657 0.1268333
0.1525714 -0.002230177 -0.003086721 110091 0.09560508 0.01125657 0.1268333
0.1532135 -0.002227197 -0.003468816 220195 0.09593963 0.01131128 0.1263105
0.1531544 -0.001861939 -0.004237239 340299 0.09627902 0.01144837 0.1257408
0.1531544 -0.001861939 -0.004237239 450399 0.09627902 0.01144837 0.1257408
0.1530345 -0.001257668 -0.004902219 560510 0.0964636 0.01170217 0.125244
0.1531382 -0.0001729822 -0.005483036 670597 0.09664784 0.01213454 0.1247614
0.1531382 -0.0001729822 -0.005483036 790706 0.09664784 0.01213454 0.1247614
0.1532423 0.001521578 -0.006144856 900805 0.09679763 0.01295494 0.1241991
0.1533083 0.003193965 -0.006748234 1010908 0.09681812 0.01416384 0.1236157
0.1533083 0.003193965 -0.006748234 1141022 0.09681812 0.01416384 0.1236157
0.1530978 0.005558958 -0.007588153 1231115 0.09694383 0.01576888 0.1229827
0.1526125 0.008464089 -0.008677606 1341215 0.09702168 0.01775252 0.1222026
0.1526125 0.008464089 -0.008677606 1461319 0.09702168 0.01775252 0.1222026
0.1522062 0.01152705 -0.009585535 1571414 0.09697051 0.01993405 0.1215045
0.1519477 0.01494752 -0.0103767 1681514 0.09684767 0.02245401 0.120825
0.1519477 0.01494752 -0.0103767 1791609 0.09684767 0.02245401 0.120825
0.1513774 0.01892363 -0.01129157 1901712 0.09655051 0.0254358 0.1200776
0.1503377 0.02297901 -0.01233772 2011808 0.09600592 0.02872681 0.1192726
0.1503377 0.02297901 -0.01233772 2131916 0.09600592 0.02872681 0.1192726
0.1488885 0.02764129 -0.01355952 2262033 0.09539849 0.03239702 0.1184347
0.147482 0.0317819 -0.014565 2352119 0.0943953 0.03616595 0.1176047
0.147482 0.0317819 -0.014565 2462226 0.0943953 0.03616595 0.1176047
0.1455282 0.03717111 -0.01567051 2582339 0.0930595 0.04021751 0.1167833
0.1434081 0.04234421 -0.01650641 2692422 0.09131536 0.04428863 0.1161165
0.1434081 0.04234421 -0.01650641 2802521 0.09131536 0.04428863 0.1161165
0.141145 0.04822146 -0.01738823 2912621 0.0896869 0.04883157 0.115495
0.1384344 0.05468082 -0.01833702 3052755 0.08763519 0.05376112 0.1147977
0.1334059 0.06203508 -0.0197751 3142840 0.08559038 0.05848133 0.1144162
0.1334059 0.06203508 -0.0197751 3242931 0.08559038 0.05848133 0.1144162
0.1298275 0.06819474 -0.02052722 3363027 0.08284527 0.06349456 0.1139229
0.1298275 0.06819474 -0.02052722 3473126 0.08284527 0.06349456 0.1139229
0.1260476 0.07433795 -0.02118925 3583230 0.07981569 0.06844866 0.113474
0.1223066 0.08074128 -0.0216991 3703342 0.07653177 0.07338738 0.1130482
0.1179115 0.08659064 -0.02229008 3833451 0.07300103 0.07808279 0.11268
0.1179115 0.08659064 -0.02229008 3923533 0.07300103 0.07808279 0.11268
0.1133398 0.09203146 -0.02279562 4043836 0.06939852 0.08255588 0.1124288
0.1083137 0.0973885 -0.02320332 4143748 0.06557524 0.08699213 0.1123385
0.1083137 0.0973885 -0.02320332 4254281 0.06557524 0.08699213 0.1123385
0.1032349 0.1026826 -0.02347276 4363942 0.06150874 0.09139609 0.1123131
0.09801184 0.1075238 -0.02346498 4484197 0.05744091 0.09532844 0.1125921
0.09801184 0.1075238 -0.02346498 4594146 0.05744091 0.09532844 0.1125921
0.09211887 0.1126473 -0.02370129 4704245 0.05300342 0.09923827 0.1126675
0.08581522 0.1174701 -0.02394921 4814345 0.04834117 0.1029659 0.1127679
0.08581522 0.1174701 -0.02394921 4924440 0.04834117 0.1029659 0.1127679
0.07815576 0.1226857 -0.02461786 5044557 0.04239646 0.1068667 0.1124124
0.07145949 0.1270547 -0.0248448 5144635 0.03717467 0.1103001 0.1124508
0.07145949 0.1270547 -0.0248448 5264747 0.03717467 0.1103001 0.1124508
0.06488098 0.1312366 -0.02489734 5394877 0.03198473 0.1135647 0.1126228
0.05847123 0.1347859 -0.0247275 5494955 0.02672044 0.1166313 0.1129989
0.05847123 0.1347859 -0.0247275 5595053 0.02672044 0.1166313 0.1129989
0.05212218 0.1380903 -0.02439863 5715158 0.0214607 0.1195031 0.1135168
0.04518792 0.1414144 -0.02415976 5825249 0.01602654 0.1221658 0.11399
0.04518792 0.1414144 -0.02415976 5935348 0.01602654 0.1221658 0.11399
0.038488 0.1447294 -0.0236868 6045464 0.01047102 0.1246501 0.1145815
0.03144637 0.1473453 -0.02325276 6175569 0.004922658 0.1268202 0.1152444
0.03144637 0.1473453 -0.02325276 6275664 0.004922658 0.1268202 0.1152444
0.02426104 0.1496633 -0.02282614 6385763 -0.0006003082 0.1288417 0.115935
0.01697937 0.1516621 -0.02242253 6496028 -0.006318748 0.1306776 0.116585
0.01697937 0.1516621 -0.02242253 6605953 -0.006318748 0.1306776 0.116585
0.0100584 0.1532859 -0.02195511 6716057 -0.01184654 0.1322574 0.1172722
0.002942577 0.1545691 -0.02146116 6826152 -0.01750946 0.1334857 0.1179786
0.002942577 0.1545691 -0.02146116 6946261 -0.01750946 0.1334857 0.1179786
-0.004150063 0.155479 -0.02108962 7056360 -0.02321243 0.1343819 0.1185449
-0.01126087 0.1559159 -0.02076886 7166569 -0.02896726 0.135063 0.1190807
-0.01126087 0.1559159 -0.02076886 7296577 -0.02896726 0.135063 0.1190807
-0.01869383 0.1560426 -0.02035544 7386666 -0.03455544 0.1355332 0.1197661
-0.02518573 0.155356 -0.02010528 7506775 -0.04032657 0.1356075 0.1202051
-0.02518573 0.155356 -0.02010528 7616870 -0.04032657 0.1356075 0.1202051
-0.03176746 0.1542418 -0.01982526 7726981 -0.04587412 0.1351349 0.1206816
-0.03822905 0.1526693 -0.01958439 7837073 -0.05124277 0.134132 0.1211041
-0.03822905 0.1526693 -0.01958439 7947180 -0.05124277 0.134132 0.1211041
-0.0448454 0.1510233 -0.01927165 8077281 -0.05648214 0.1328782 0.1215885
-0.05153355 0.1486434 -0.01894811 8187381 -0.06171525 0.1311303 0.1221046
-0.05153355 0.1486434 -0.01894811 8287471 -0.06171525 0.1311303 0.1221046
-0.05606386 0.1452235 -0.01835511 8397570 -0.06675613 0.1288961 0.1228021
-0.06235468 0.1422849 -0.01795605 8517679 -0.07182956 0.1266075 0.1233617
-0.06235468 0.1422849 -0.01795605 8617785 -0.07182956 0.1266075 0.1233617
-0.06907794 0.1392936 -0.01776064 8727868 -0.07693136 0.124148 0.1237144
-0.07585049 0.1356088 -0.01754472 8867999 -0.08202901 0.1211768 0.1240879
-0.08256966 0.131816 -0.01739199 8958084 -0.08706906 0.1179408 0.1243595
-0.08256966 0.131816 -0.01739199 9068184 -0.08706906 0.1179408 0.1243595
-0.08989578 0.1279882 -0.01728866 9208488 -0.0923833 0.1146222 0.1245613
-0.09634224 0.1236038 -0.01710356 9288374 -0.09754056 0.1111511 0.1248463
-0.09634224 0.1236038 -0.01710356 9408491 -0.09754056 0.1111511 0.1248463
-0.1029091 0.1189268 -0.01691861 9528595 -0.1028155 0.1076502 0.1251345
-0.1029091 0.1189268 -0.01691861 9628681 -0.1028155 0.1076502 0.1251345
-0.109234 0.1139601 -0.01681001 9738781 -0.1079779 0.1038892 0.1253281
-0.1155405 0.1085139 -0.01675231 9848880 -0.1130004 0.09957158 0.1254441
-0.1155405 0.1085139 -0.01675231 9979001 -0.1130004 0.09957158 0.1254441
-0.1214615 0.1022344 -0.01672569 10079088 -0.1177635 0.09477984 0.1255312
-0.1272253 0.09527969 -0.01679096 10189187 -0.1222774 0.08963978 0.1255114
-0.1272253 0.09527969 -0.01679096 10299286 -0.1222774 0.08963978 0.1255114
-0.1326251 0.08780144 -0.0169096 10429404 -0.1265791 0.08404969 0.1254126
-0.1373693 0.07961833 -0.01715974 10539511 -0.1302958 0.07778298 0.1251528
-0.1419923 0.07103669 -0.01734192 10639602 -0.1336251 0.07091963 0.1249122
-0.1419923 0.07103669 -0.01734192 10749693 -0.1336251 0.07091963 0.1249122
-0.1462466 0.06247448 -0.01738519 10869805 -0.1366797 0.06388425 0.1247863
-0.1495051 0.05349576 -0.01743073 10969892 -0.1394489 0.05685722 0.1246743
-0.1495051 0.05349576 -0.01743073 11080003 -0.1394489 0.05685722 0.1246743
-0.152464 0.04453265 -0.01753399 11200107 -0.1420122 0.04991304 0.1244803
-0.152464 0.04453265 -0.01753399 11310203 -0.1420122 0.04991304 0.1244803
-0.1550454 0.0352534 -0.01757038 11420306 -0.1439183 0.04256808 0.1243061
-0.1571394 0.02574562 -0.01757101 11550424 -0.1454204 0.03502094 0.1241431
-0.1586759 0.0166701 -0.01750991 11650514 -0.1464814 0.02744018 0.1240583
-0.1586759 0.0166701 -0.01750991 11750600 -0.1464814 0.02744018 0.1240583
-0.1597441 0.007355203 -0.01725606 11890723 -0.1473006 0.01980888 0.1241523
-0.1603377 -0.002559672 -0.01677797 12100912 -0.1479329 0.01227473 0.1244039
-0.160087 -0.01204122 -0.01636065 12241039 -0.1480177 0.00480186 0.1246248
-0.1593498 -0.02128888 -0.01602617 12481264 -0.1474374 -0.002761016 0.1247612
-0.1580186 -0.03069938 -0.01545728 12711484 -0.1464375 -0.01039399 0.1251124
-0.1543314 -0.04831446 -0.01415456 12921673 -0.1438306 -0.02435685 0.1259241
-0.1520502 -0.05673922 -0.01327685 13141872 -0.1423128 -0.03080047 0.1265038
-0.1494065 -0.06440247 -0.01238961 13362245 -0.1402751 -0.03704823 0.1271619
-0.1425173 -0.07852043 -0.009947305 13592258 -0.1350957 -0.04845501 0.1291471
-0.1378956 -0.08514918 -0.008495485 13772429 -0.1319128 -0.05344618 0.1303043
-0.1327991 -0.09148777 -0.006999826 13882520 -0.1282308 -0.0584221 0.1315355
-0.1276582 -0.09751786 -0.005548721 13992619 -0.1241149 -0.06352295 0.1327916
-0.1276582 -0.09751786 -0.005548721 14102727 -0.1241149 -0.06352295 0.1327916
-0.1222506 -0.1030888 -0.004045163 14242845 -0.1196766 -0.06847002 0.1341618
-0.1167393 -0.1081735 -0.002650802 14352949 -0.1152517 -0.07287706 0.1354007
-0.1167393 -0.1081735 -0.002650802 14453043 -0.1152517 -0.07287706 0.1354007
-0.1108312 -0.1131769 -0.001248305 14603170 -0.1107274 -0.07665206 0.1364912
-0.1046862 -0.1179315 -2.21014E-06 14813368 -0.1061214 -0.08004846 0.1373625
-0.09806219 -0.1224544 0.001142169 15063586 -0.1010623 -0.08370829 0.1382407
-0.08545038 -0.1311321 0.003124471 15273776 -0.09070036 -0.09112932 0.1397937
-0.07887125 -0.1349172 0.003854389 15493978 -0.08555651 -0.09412778 0.1402281
-0.0717544 -0.1387369 0.004565681 15744200 -0.08019418 -0.09674466 0.1404763
-0.05792227 -0.1461903 0.005981202 15924359 -0.06921494 -0.1021698 0.1410402
-0.05095044 -0.1488475 0.006286825 16154570 -0.0635545 -0.104516 0.1411279
-0.04390043 -0.1516533 0.006790961 16384778 -0.05780086 -0.1066271 0.141274
-0.02936557 -0.1564504 0.007503833 16614986 -0.04613692 -0.1099823 0.1411664
-0.02185252 -0.1582624 0.007761801 16855207 -0.04008842 -0.111419 0.1411012
-0.01407424 -0.1597058 0.007972415 17055383 -0.03400338 -0.1126244 0.1409853
0.001269057 -0.1621481 0.008444394 17285591 -0.02154446 -0.1142924 0.1407154
0.009148896 -0.1629501 0.008651341 17495781 -0.01512915 -0.1148592 0.140576
0.01676255 -0.1632141 0.008632715 17735998 -0.008796781 -0.1152241 0.1403519
0.03214984 -0.163241 0.008602853 17946187 0.003953576 -0.1155492 0.1398915
0.03992042 -0.1627127 0.008502628 18176399 0.01026408 -0.115293 0.139568
0.04757144 -0.161935 0.008388634 18396598 0.01649359 -0.1146404 0.1391695
0.06192696 -0.1584375 0.007543469 18626801 0.02846742 -0.1119975 0.1380427
0.06892726 -0.1560451 0.007144625 18837003 0.0342236 -0.1101703 0.1375187
0.07573031 -0.1532321 0.006699855 19057376 0.039931 -0.1079758 0.1369939
0.08920407 -0.1468179 0.005808915 19297407 0.05090173 -0.1026719 0.1357716
0.09571307 -0.1431157 0.005344803 19527618 0.05629323 -0.0998416 0.1352667
0.1018446 -0.1389944 0.004728253 19737804 0.0614593 -0.09672344 0.1346839
0.1137328 -0.1302599 0.003577466 19968020 0.07113938 -0.08978368 0.1333994
0.1192702 -0.1254201 0.002947028 20188215 0.07559565 -0.0859548 0.132721
0.1243518 -0.1201655 0.002113218 20398400 0.07982193 -0.08196045 0.1319736
0.1331232 -0.108672 0.0001098764 20638625 0.08740078 -0.07337846 0.1303791
0.1370596 -0.1025425 -0.0009142209 20868825 0.09074433 -0.06865228 0.1295181
0.1431259 -0.08917583 -0.003457134 21079027 0.09636968 -0.05831946 0.1275695
0.1458262 -0.08196367 -0.004774039 21319227 0.09876759 -0.05282296 0.1265369
0.1482111 -0.0742941 -0.006272619 21529421 0.1011057 -0.04729415 0.1254784
0.1496119 -0.06695593 -0.007737999 21749620 0.1027569 -0.04163517 0.1244351
0.1519657 -0.05237735 -0.01080168 21969818 0.1061449 -0.03045202 0.1223373
0.1521523 -0.04494477 -0.0124439 22210035 0.1070725 -0.02467264 0.121209
0.1517166 -0.0308019 -0.01536057 22430234 0.1082993 -0.01325358 0.1192249
0.1513003 -0.02361144 -0.0167974 22650432 0.1084903 -0.007661233 0.1181809
0.1508235 -0.01679314 -0.01802031 22900658 0.1084456 -0.002188573 0.1172464
0.1487481 -0.003516564 -0.02063144 23090838 0.1078028 0.00829648 0.1153472
0.1472679 0.002906432 -0.0219507 23311199 0.1070813 0.01342224 0.1143604
0.1457483 0.00919961 -0.02316681 23541236 0.1061507 0.01837932 0.1134129
0.1412479 0.02033912 -0.02540544 23761435 0.1038817 0.02705204 0.1119443
0.1392533 0.02509057 -0.02631826 23981642 0.1025324 0.03089272 0.1112469
0.1371313 0.02937018 -0.0270913 24211837 0.1011427 0.03440296 0.1106975
0.1341105 0.0348345 -0.0279089 24462067 0.09860393 0.03969979 0.1100109
