0.1436878 0.007623067 0.01995906 0 0.09559483 0.00170218 0.1539675
0.1444221 0.007243981 0.01994608 110104 0.09607676 0.001402249 0.1538672
0.1444221 0.007243981 0.01994608 230208 0.09607676 0.001402249 0.1538672
0.1448554 0.006487241 0.01970361 340311 0.0964143 0.001193871 0.1536129
0.1451372 0.005835881 0.0193613 440398 0.0967932 0.001043429 0.1533245
0.1451372 0.005835881 0.0193613 560506 0.0967932 0.001043429 0.1533245
0.1458369 0.005447855 0.01906439 670605 0.09744645 0.0008479261 0.1530176
0.146066 0.004609098 0.01822755 780705 0.09802083 0.0002722645 0.1523138
0.146066 0.004609098 0.01822755 910822 0.09802083 0.0002722645 0.1523138
0.1467841 0.00377213 0.01750552 1000903 0.09869721 -7.78532E-05 0.1515916
0.1470404 0.003502717 0.01665677 1121012 0.09934877 -0.000264535 0.1508863
0.1475129 0.003333321 0.01585802 1231115 0.09982367 -0.0002619124 0.1500931
0.1475129 0.003333321 0.01585802 1351232 0.09982367 -0.0002619124 0.1500931
0.1479802 0.003798594 0.01523988 1461323 0.1002507 0.0001588964 0.1494595
0.1486576 0.004109731 0.01458903 1561413 0.100737 0.0004547739 0.1487401
0.1486576 0.004109731 0.01458903 1691535 0.100737 0.0004547739 0.1487401
0.1495138 0.004892698 0.01414763 1781612 0.1012023 0.001085868 0.1481542
0.1501693 0.006207576 0.01370017 1901716 0.1016614 0.001989713 0.1476234
0.1501693 0.006207576 0.01370017 2011824 0.1016614 0.001989713 0.1476234
0.1505234 0.007997265 0.01317367 2121931 0.1020591 0.003011575 0.1470864
0.150812 0.01020943 0.01268335 2232031 0.1025124 0.004346004 0.14662
0.150812 0.01020943 0.01268335 2352123 0.1025124 0.004346004 0.14662
0.1511112 0.01247977 0.01216661 2462222 0.1026876 0.006048908 0.1460325
0.1509655 0.01524364 0.01162595 2572322 0.1027555 0.008172503 0.1455366
0.1509655 0.01524364 0.01162595 2682421 0.1027555 0.008172503 0.1455366
0.1509967 0.01814281 0.01108729 2822551 0.1027335 0.01050769 0.1449478
0.1503181 0.02136182 0.01030791 2912629 0.1027487 0.01277708 0.144359
0.1503181 0.02136182 0.01030791 3022914 0.1027487 0.01277708 0.144359
0.1498705 0.02481495 0.009540291 3142836 0.1027096 0.01507353 0.1436567
0.1491139 0.02848755 0.008799136 3252940 0.1024554 0.01749765 0.1429948
0.1491139 0.02848755 0.008799136 3363035 0.1024554 0.01749765 0.1429948
0.1474101 0.03256952 0.007946457 3463263 0.1018722 0.02012002 0.1423993
0.1478719 0.03632235 0.007534597 3573229 0.1018603 0.02310346 0.1417525
0.1478719 0.03632235 0.007534597 3693337 0.1018603 0.02310346 0.1417525
0.1463179 0.04053794 0.006888017 3803433 0.1008931 0.02639185 0.1412113
0.1442212 0.04518759 0.006297591 3913532 0.09948534 0.02992307 0.1407295
0.1442212 0.04518759 0.006297591 4033640 0.09948534 0.02992307 0.1407295
0.1419085 0.04990505 0.005831387 4143744 0.09797505 0.03333258 0.1403731
0.139439 0.05484735 0.005472916 4253851 0.09639413 0.03666782 0.1400943
0.139439 0.05484735 0.005472916 4383973 0.09639413 0.03666782 0.1400943
0.1367436 0.06014907 0.005294609 4474054 0.09457689 0.04025137 0.1399508
0.1337043 0.06524681 0.005078558 4594166 0.0925399 0.04375874 0.1398005
0.1337043 0.06524681 0.005078558 4694249 0.0925399 0.04375874 0.1398005
0.1305147 0.0702033 0.004891593 4814345 0.09022702 0.04745804 0.1396722
0.1273376 0.07514202 0.00475449 4924444 0.08783837 0.05120682 0.1395624
0.1273376 0.07514202 0.00475449 5034552 0.08783837 0.05120682 0.1395624
0.1237312 0.0802009 0.004618223 5144643 0.08532155 0.05491327 0.1394941
0.1196904 0.08501434 0.004372246 5264772 0.08259042 0.0585339 0.1393857
0.1196904 0.08501434 0.004372246 5364858 0.08259042 0.0585339 0.1393857
0.1155874 0.08945452 0.004094274 5504968 0.07974287 0.06189751 0.1392314
0.1117368 0.09348678 0.003847582 5595049 0.07672556 0.06520867 0.1390542
0.1117368 0.09348678 0.003847582 5705153 0.07672556 0.06520867 0.1390542
0.1074724 0.09738182 0.003533798 5815248 0.0735044 0.06853973 0.1388873
0.1045753 0.1002872 0.002828868 5945366 0.07117172 0.07114219 0.1382579
0.1045753 0.1002872 0.002828868 6045464 0.07117172 0.07114219 0.1382579
0.1002893 0.1039922 0.002434035 6155563 0.0678997 0.07419454 0.1379673
0.095764 0.1076633 0.002045782 6265667 0.06447428 0.07715522 0.1376794
0.095764 0.1076633 0.002045782 6375762 0.06447428 0.07715522 0.1376794
0.09136263 0.1113233 0.001637416 6495870 0.06105825 0.08004462 0.1373192
0.08679754 0.1149259 0.00124403 6595961 0.05775608 0.08275234 0.1369927
0.08679754 0.1149259 0.00124403 6716069 0.05775608 0.08275234 0.1369927
0.08210088 0.1186399 0.0008600962 6836165 0.05419561 0.08544695 0.1366017
0.07771601 0.1217228 0.0005813227 6946269 0.05065733 0.08808576 0.136385
0.07771601 0.1217228 0.0005813227 7056368 0.05065733 0.08808576 0.136385
0.07330179 0.1247781 0.000217251 7166472 0.04720716 0.09064423 0.1360856
0.0689137 0.1274735 -0.0001462475 7276571 0.04379366 0.09293782 0.1358042
0.0689137 0.1274735 -0.0001462475 7386674 0.04379366 0.09293782 0.1358042
0.06411775 0.1304488 -0.0004184842 7516784 0.04027816 0.09517407 0.1355728
0.05922589 0.13272 -0.0008654862 7606865 0.03678171 0.09717571 0.1352929
0.05922589 0.13272 -0.0008654862 7726977 0.03678171 0.09717571 0.1352929
0.05445321 0.1349308 -0.001280959 7837081 0.03315907 0.0991758 0.135007
0.04947124 0.1367648 -0.001792598 7947172 0.02946413 0.1010426 0.1346988
0.04947124 0.1367648 -0.001792598 8057279 0.02946413 0.1010426 0.1346988
0.04446027 0.1383656 -0.002430212 8167375 0.02577352 0.102747 0.1342752
0.03938791 0.1400919 -0.003002252 8287479 0.02201353 0.1043624 0.1338473
0.03938791 0.1400919 -0.003002252 8397773 0.02201353 0.1043624 0.1338473
0.03483273 0.1415044 -0.003560252 8507686 0.01846223 0.1058015 0.1334199
0.02950841 0.1431279 -0.004069475 8617777 0.01470601 0.1069891 0.1329748
0.02950841 0.1431279 -0.004069475 8747895 0.01470601 0.1069891 0.1329748
0.02359766 0.1448077 -0.004457955 8847981 0.01095892 0.1079439 0.1326099
0.01824476 0.1456587 -0.005007284 8958084 0.006973282 0.1089817 0.1322298
0.01290207 0.1465579 -0.005397859 9058175 0.002937463 0.1099921 0.1319699
0.01290207 0.1465579 -0.005397859 9178287 0.002937463 0.1099921 0.1319699
0.007097872 0.1475184 -0.005652662 9288386 -0.001048815 0.1107659 0.1317851
0.001209076 0.1484194 -0.005920421 9398482 -0.005128237 0.1114651 0.1315586
0.001209076 0.1484194 -0.005920421 9518590 -0.005128237 0.1114651 0.1315586
-0.003740506 0.1489527 -0.006222271 9628689 -0.008933048 0.1119901 0.1313025
-0.009513728 0.1493187 -0.006518479 9738785 -0.01305471 0.1124874 0.1310939
-0.009513728 0.1493187 -0.006518479 9848896 -0.01305471 0.1124874 0.1310939
-0.01517017 0.1493962 -0.006855535 9958988 -0.01731751 0.1129392 0.1308853
-0.02076459 0.1493638 -0.00715094 10069091 -0.02153746 0.1132563 0.1306965
-0.02076459 0.1493638 -0.00715094 10199204 -0.02153746 0.1132563 0.1306965
-0.02619636 0.1493832 -0.00740341 10299303 -0.02571439 0.1135076 0.1305059
-0.03203285 0.1492367 -0.007612538 10429412 -0.03004077 0.1135815 0.1303403
-0.03203285 0.1492367 -0.007612538 10519493 -0.03004077 0.1135815 0.1303403
-0.0379651 0.1490687 -0.007680858 10629593 -0.03415948 0.1136266 0.1302888
-0.04339778 0.1487065 -0.007681317 10739696 -0.03828828 0.113589 0.1303292
-0.04339778 0.1487065 -0.007681317 10859809 -0.03828828 0.113589 0.1303292
-0.04893204 0.147646 -0.007805107 10969908 -0.04255009 0.1133863 0.130368
-0.05397185 0.14708 -0.00788374 11080003 -0.04672222 0.1132086 0.1303423
-0.05397185 0.14708 -0.00788374 11210117 -0.04672222 0.1132086 0.1303423
-0.05931271 0.1460322 -0.008057811 11310211 -0.05091538 0.1128054 0.1302597
-0.0646392 0.1447193 -0.008168157 11410301 -0.0549916 0.1121308 0.1302196
-0.0646392 0.1447193 -0.008168157 11550428 -0.0549916 0.1121308 0.1302196
-0.06947213 0.1435416 -0.008328413 11640505 -0.05907228 0.1115416 0.1301422
-0.07463451 0.1416161 -0.008556903 11760617 -0.06336804 0.1106652 0.1300842
-0.07463451 0.1416161 -0.008556903 11860708 -0.06336804 0.1106652 0.1300842
-0.08014596 0.1393455 -0.008759381 11990829 -0.06759463 0.1096249 0.1300405
-0.08544774 0.1368468 -0.00891051 12090911 -0.07173842 0.1082323 0.1300122
-0.08544774 0.1368468 -0.00891051 12201015 -0.07173842 0.1082323 0.1300122
-0.09048516 0.1343413 -0.009065919 12311114 -0.07551607 0.1066327 0.1299104
-0.09527169 0.1314273 -0.009241106 12421210 -0.07916484 0.1046313 0.129787
-0.09527169 0.1314273 -0.009241106 12541318 -0.07916484 0.1046313 0.129787
-0.09952407 0.1283594 -0.009536125 12651425 -0.08275154 0.1025411 0.1295982
-0.1018909 0.1256015 -0.01022008 12791544 -0.08552415 0.1004904 0.1290919
-0.1059417 0.1215959 -0.01077402 12881625 -0.08859211 0.09783982 0.1286566
-0.1059417 0.1215959 -0.01077402 12981715 -0.08859211 0.09783982 0.1286566
-0.1099716 0.1173731 -0.0112572 13131859 -0.09155878 0.09482609 0.1282378
-0.1139145 0.112923 -0.01169517 13201930 -0.09452318 0.09157906 0.1278565
-0.1139145 0.112923 -0.01169517 13312022 -0.09452318 0.09157906 0.1278565
-0.1174306 0.1081179 -0.01219018 13432126 -0.09733242 0.08818924 0.1274707
-0.1174306 0.1081179 -0.01219018 13542221 -0.09733242 0.08818924 0.1274707
-0.1210421 0.1030317 -0.01254316 13652329 -0.1000215 0.08452832 0.127178
-0.1245401 0.09775817 -0.0128801 13762428 -0.1025086 0.08061432 0.1268588
-0.1245401 0.09775817 -0.0128801 13882528 -0.1025086 0.08061432 0.1268588
-0.1276198 0.09234975 -0.01328237 13992628 -0.1047742 0.07647072 0.1264753
-0.130948 0.08688926 -0.01347668 14102739 -0.1071105 0.07224762 0.1262504
-0.130948 0.08688926 -0.01347668 14232844 -0.1071105 0.07224762 0.1262504
-0.1339022 0.08107804 -0.01370757 14322934 -0.1094136 0.06788563 0.1260512
-0.1367302 0.07511602 -0.01386255 14453043 -0.1116676 0.06348645 0.1259333
-0.1367302 0.07511602 -0.01386255 14553142 -0.1116676 0.06348645 0.1259333
-0.1393235 0.06899749 -0.01398295 14653232 -0.1137157 0.05889582 0.1258328
-0.1417878 0.06287979 -0.01407828 14773332 -0.1155569 0.05409657 0.125711
-0.1417878 0.06287979 -0.01407828 14883440 -0.1155569 0.05409657 0.125711
-0.1443605 0.05663263 -0.0140851 14993539 -0.117366 0.04916727 0.1256354
-0.1464738 0.05021059 -0.01422023 15113643 -0.1190254 0.04422819 0.1254832
-0.1464738 0.05021059 -0.01422023 15233752 -0.1190254 0.04422819 0.1254832
-0.1484847 0.04378795 -0.01429089 15473964 -0.1206126 0.03921257 0.1253818
-0.1521976 0.03082608 -0.01410596 15554037 -0.1233851 0.02903258 0.1254393
-0.1521976 0.03082608 -0.01410596 15694171 -0.1233851 0.02903258 0.1254393
-0.1536846 0.02423178 -0.0138274 15934392 -0.1245149 0.02387988 0.1256547
-0.1548829 0.01761281 -0.01338031 16144582 -0.125479 0.01864385 0.1260493
-0.1567411 0.004592767 -0.01223371 16384794 -0.126812 0.008033862 0.1270454
-0.1572112 -0.001896391 -0.01170546 16625003 -0.1273182 0.002822747 0.127544
-0.1574857 -0.008621583 -0.01121596 16835193 -0.1276684 -0.002390752 0.1279902
-0.1576036 -0.02155663 -0.01009674 17075410 -0.1277992 -0.01291383 0.1289833
-0.156871 -0.0277151 -0.009604521 17275594 -0.1274716 -0.01789463 0.1294836
-0.1554656 -0.03401269 -0.009154331 17495789 -0.126677 -0.02271903 0.1299497
-0.1509703 -0.04664017 -0.007890186 17715988 -0.1228936 -0.03247358 0.1310964
-0.1476501 -0.05244065 -0.007145891 17946199 -0.1203207 -0.03723396 0.1318797
-0.1455236 -0.05763425 -0.00586466 18166394 -0.1178636 -0.04182518 0.1330283
-0.1376179 -0.06888569 -0.004093907 18396602 -0.1121134 -0.05069507 0.13492
-0.1337547 -0.07467844 -0.002862408 18636977 -0.1089679 -0.05512084 0.1360957
-0.1248245 -0.08565511 -0.0005669924 18837007 -0.1017242 -0.06412113 0.1383895
-0.1201308 -0.09102619 0.0004682691 19067207 -0.098309 -0.06848754 0.1394721
-0.1155206 -0.09627116 0.001514817 19287406 -0.09496824 -0.07265986 0.1405341
-0.1063323 -0.1063852 0.003738384 19507604 -0.08857789 -0.08063211 0.1427629
-0.1013544 -0.1113854 0.004544688 19747821 -0.08520769 -0.08451785 0.1435543
-0.09653666 -0.1164694 0.005187238 19958015 -0.0815513 -0.08835352 0.14408
-0.08746132 -0.1256379 0.006157735 20188219 -0.07366281 -0.09596682 0.1448498
-0.08267406 -0.1296857 0.00652756 20398408 -0.07000281 -0.09934557 0.1451824
-0.07744195 -0.133677 0.006876345 20638629 -0.06655604 -0.1023289 0.1454586
-0.06638853 -0.1411374 0.007412722 20868833 -0.05873379 -0.1077469 0.1457338
-0.06088366 -0.1443385 0.007590909 21079023 -0.05434671 -0.1103913 0.1458338
-0.05524122 -0.1471287 0.007827543 21299242 -0.04993044 -0.1126874 0.1460008
-0.04273774 -0.1521069 0.008335727 21519420 -0.04106472 -0.1163812 0.1462746
-0.03630254 -0.1539892 0.008640966 21749632 -0.03619124 -0.1179193 0.1465003
-0.03002678 -0.155334 0.009025284 21969835 -0.03116878 -0.1192557 0.1468778
-0.01664017 -0.1570707 0.009734208 22200034 -0.02147557 -0.1208307 0.1474641
-0.009850406 -0.1575336 0.009958819 22430242 -0.01671263 -0.121137 0.1475613
-0.003697227 -0.1574122 0.01005585 22640440 -0.01192665 -0.1212472 0.1476445
0.009274138 -0.1560447 0.01000009 22870639 -0.002225914 -0.1206106 0.1475444
0.01536479 -0.1547396 0.009897821 23090850 0.002449266 -0.1198318 0.147451
0.02123657 -0.1532337 0.00983348 23311187 0.007086932 -0.1188155 0.1473887
0.03214768 -0.1480978 0.00950944 23531236 0.01554432 -0.115641 0.147267
0.03786767 -0.1457639 0.009351972 23771452 0.01971488 -0.113714 0.1470093
0.0433762 -0.1429367 0.009106072 24011669 0.02386259 -0.1116005 0.1467415
0.05427796 -0.1362327 0.008794314 24211854 0.03205149 -0.1066752 0.1464119
0.06007629 -0.1326113 0.008637718 24452075 0.03623597 -0.1039466 0.146174
0.06482588 -0.1288245 0.008482291 24652255 0.04005414 -0.1010933 0.1460454
0.07466117 -0.1215702 0.007870333 24902473 0.0476269 -0.09535469 0.1453045
0.07885072 -0.118187 0.007595008 25102658 0.05110972 -0.09254111 0.1449958
0.08312432 -0.1139724 0.007133071 25332861 0.05454976 -0.08939064 0.1445575
0.09154736 -0.1050341 0.006364662 25563069 0.06088016 -0.0825416 0.1436959
0.09561555 -0.1000713 0.006039505 25773263 0.06384802 -0.07872428 0.1433034
0.09983981 -0.0951065 0.005801192 26013472 0.06674509 -0.07485092 0.1429169
0.1073255 -0.08452333 0.00537318 26213656 0.07264929 -0.06690611 0.1424624
0.1115821 -0.07907594 0.005186104 26443864 0.07557222 -0.06277276 0.1420939
0.1150244 -0.07337929 0.005128946 26694094 0.07817673 -0.05836953 0.1419617
0.1213658 -0.06162895 0.005161232 26884261 0.08303165 -0.04935349 0.1418582
0.1240015 -0.05562175 0.005132402 27114473 0.08512252 -0.04469145 0.1417897
0.1266538 -0.04955245 0.005149997 27334672 0.08724871 -0.04009761 0.1417666
0.1304979 -0.03683711 0.005339703 27564876 0.09045579 -0.03045429 0.1419492
0.1321593 -0.03107084 0.005471365 27785078 0.09188133 -0.02590562 0.142063
0.1360659 -0.01969791 0.005695468 28015282 0.09488343 -0.01678098 0.1420837
0.1375953 -0.01409234 0.005733859 28245490 0.09635664 -0.01243723 0.1421263
0.1388463 -0.008650074 0.005777733 28465701 0.09754435 -0.008143077 0.1421601
0.1417732 0.001977434 0.00596786 28695904 0.0996892 0.0002673769 0.1421011
0.1436696 0.006649604 0.006076047 28906090 0.1008578 0.004091134 0.1419689
0.1452612 0.01089763 0.006331859 29136294 0.1018636 0.00771605 0.1420256
0.1461692 0.01975154 0.006584395 29356663 0.1028796 0.01452803 0.1422494
0.1465701 0.02301358 0.006821754 29576841 0.1032658 0.01721703 0.1424588
0.1465715 0.0262519 0.007011941 29826921 0.103302 0.01980221 0.1426306
0.1458813 0.03071653 0.007454396 30027118 0.1026972 0.02344739 0.1430588
