0.1468577 0.009903244 0.00886268 0 0.1041856 -0.006522349 0.1438277
0.1468577 0.009903244 0.00886268 120116 0.1041856 -0.006522349 0.1438277
0.1467302 0.009605107 0.008770818 230207 0.1043594 -0.006471593 0.1438727
0.1470788 0.009344878 0.009019389 340331 0.1045451 -0.006403775 0.1441087
0.1470788 0.009344878 0.009019389 450410 0.1045451 -0.006403775 0.1441087
0.1473839 0.009373668 0.00929576 560514 0.1046866 -0.006290038 0.1443434
0.1475154 0.009232302 0.00953639 670609 0.1048211 -0.006255941 0.1446052
0.1475154 0.009232302 0.00953639 790721 0.1048211 -0.006255941 0.1446052
0.1475292 0.009462542 0.009677021 920831 0.1049103 -0.006251283 0.1447435
0.1477496 0.009772521 0.009895161 1010920 0.1050072 -0.006243472 0.1448871
0.1477496 0.009772521 0.009895161 1121019 0.1050072 -0.006243472 0.1448871
0.1477138 0.01042822 0.01012632 1231119 0.1049817 -0.005943108 0.1450788
0.1475592 0.01141157 0.01039388 1351219 0.1048468 -0.005350048 0.1453048
0.1475663 0.01250922 0.0106695 1461318 0.1047963 -0.004615925 0.1455165
0.1475663 0.01250922 0.0106695 1571418 0.1047963 -0.004615925 0.1455165
0.1472042 0.01389167 0.01083859 1691530 0.1046165 -0.003718653 0.1456808
0.1470515 0.01550793 0.01115339 1791616 0.1044842 -0.002558919 0.1459416
0.1470515 0.01550793 0.01115339 1901716 0.1044842 -0.002558919 0.1459416
0.1462611 0.01741294 0.0111369 2021828 0.1041336 -0.001089665 0.1460041
0.145899 0.01921713 0.01131829 2131924 0.1039158 0.0003935578 0.1461861
0.145899 0.01921713 0.01131829 2242023 0.1039158 0.0003935578 0.1461861
0.1449778 0.02140854 0.01113383 2372213 0.1035846 0.002041776 0.1461071
0.144118 0.02388084 0.01107825 2462222 0.1032662 0.003693318 0.1460962
0.144118 0.02388084 0.01107825 2572329 0.1032662 0.003693318 0.1460962
0.1436767 0.02562382 0.01120689 2682420 0.1030819 0.005323383 0.1462854
0.1426883 0.02762579 0.01116545 2802529 0.1026441 0.007112612 0.1463762
0.1426883 0.02762579 0.01116545 2912636 0.1026441 0.007112612 0.1463762
0.1418085 0.02932717 0.01110234 3022736 0.1021725 0.008770861 0.1464267
0.140914 0.03136056 0.0109605 3142840 0.1016476 0.01020798 0.1463007
0.140914 0.03136056 0.0109605 3252943 0.1016476 0.01020798 0.1463007
0.140249 0.03338889 0.01108293 3363035 0.1010167 0.01157331 0.1463278
0.1393436 0.03557628 0.01102541 3503161 0.1003368 0.01296933 0.1462055
0.1393436 0.03557628 0.01102541 3583233 0.1003368 0.01296933 0.1462055
0.1388601 0.03746841 0.01106076 3693333 0.09976864 0.01445348 0.1461474
0.1378707 0.03969479 0.0112131 3803440 0.09903823 0.01612687 0.1462792
0.1378707 0.03969479 0.0112131 3923544 0.09903823 0.01612687 0.1462792
0.1373252 0.04198412 0.01126033 4033640 0.09847611 0.01787747 0.1462265
0.1363416 0.04446832 0.01135992 4143739 0.0976491 0.0196556 0.1462431
0.1363416 0.04446832 0.01135992 4253842 0.0976491 0.0196556 0.1462431
0.1353699 0.04696737 0.01131288 4373947 0.0968506 0.02150585 0.1461247
0.1343892 0.04978529 0.01129212 4484050 0.0960532 0.02348404 0.1459949
0.1343892 0.04978529 0.01129212 4594154 0.0960532 0.02348404 0.1459949
0.1334509 0.05253816 0.01137793 4704245 0.09524941 0.02559346 0.1459918
0.1323487 0.05550516 0.0113641 4824357 0.09446943 0.02782314 0.1459194
0.1323487 0.05550516 0.0113641 4924448 0.09446943 0.02782314 0.1459194
0.130996 0.05838395 0.01131789 5044552 0.09359156 0.03017583 0.1458968
0.129586 0.06137219 0.01125518 5154676 0.09251942 0.03263884 0.1458164
0.129586 0.06137219 0.01125518 5264751 0.09251942 0.03263884 0.1458164
0.1286681 0.06488746 0.01140558 5374907 0.09157991 0.03514303 0.145741
0.1272039 0.06809054 0.01145882 5484978 0.09043084 0.03767933 0.1457315
0.1272039 0.06809054 0.01145882 5605062 0.09043084 0.03767933 0.1457315
0.1257356 0.07149225 0.01161588 5705148 0.08920462 0.04015385 0.1457414
0.1241637 0.07497921 0.01166787 5835266 0.08795238 0.04279758 0.1456803
0.1241637 0.07497921 0.01166787 5935356 0.08795238 0.04279758 0.1456803
0.1223052 0.07837978 0.01170649 6045455 0.0866746 0.04552394 0.145711
0.1204208 0.08177353 0.0113872 6155555 0.08538145 0.0483129 0.145398
0.1204208 0.08177353 0.0113872 6265654 0.08538145 0.0483129 0.145398
0.1182136 0.08491521 0.01126178 6385961 0.08381417 0.05099609 0.145323
0.1156985 0.08807163 0.01075887 6495862 0.08233213 0.05364474 0.1449517
0.1156985 0.08807163 0.01075887 6615990 0.08233213 0.05364474 0.1449517
0.1134828 0.09162419 0.01073922 6716073 0.08063473 0.05619164 0.1447981
0.1110081 0.09502228 0.01064761 6836177 0.07880242 0.05866477 0.1446147
0.1110081 0.09502228 0.01064761 6936271 0.07880242 0.05866477 0.1446147
0.1085703 0.09849977 0.01060062 7056376 0.07695283 0.0611127 0.1444244
0.1057135 0.1017154 0.01026509 7176480 0.07509437 0.06360778 0.1441177
0.1031224 0.1049183 0.01018318 7286575 0.07307616 0.06600942 0.143935
0.1031224 0.1049183 0.01018318 7386674 0.07307616 0.06600942 0.143935
0.1003597 0.1080058 0.01003177 7526796 0.071008 0.0684309 0.1437425
0.09753139 0.1112199 0.0099541 7616873 0.0688771 0.07082833 0.1435719
0.09753139 0.1112199 0.0099541 7736986 0.0688771 0.07082833 0.1435719
0.09427465 0.114156 0.009602267 7837072 0.06665644 0.07318722 0.1432625
0.09427465 0.114156 0.009602267 7957180 0.06665644 0.07318722 0.1432625
0.09113298 0.117318 0.009505564 8067288 0.06439759 0.0755007 0.1430824
0.08822386 0.1201043 0.009348187 8177383 0.0621444 0.07769933 0.1428694
0.08822386 0.1201043 0.009348187 8287487 0.0621444 0.07769933 0.1428694
0.08495183 0.1229223 0.009269737 8407587 0.05980361 0.07990262 0.142773
0.08171576 0.1253024 0.008994941 8517690 0.05742315 0.08200429 0.1425666
0.07854593 0.1276757 0.008755413 8617789 0.0550321 0.08402502 0.1423518
0.07854593 0.1276757 0.008755413 8727884 0.0550321 0.08402502 0.1423518
0.07495609 0.1299006 0.008374023 8858001 0.05258802 0.08590913 0.1420553
0.07118121 0.1315454 0.007873175 8958092 0.05001552 0.08765084 0.1417819
0.07118121 0.1315454 0.007873175 9078196 0.05001552 0.08765084 0.1417819
0.06831649 0.133407 0.007759141 9178444 0.04764178 0.0892703 0.1416649
0.06463273 0.1350761 0.007378739 9298391 0.04490854 0.09062306 0.1413233
0.06463273 0.1350761 0.007378739 9408498 0.04490854 0.09062306 0.1413233
0.06090547 0.1364752 0.007056621 9518598 0.04220335 0.09181436 0.1410787
0.05705415 0.1373871 0.006517949 9648707 0.03945285 0.09289341 0.1407444
0.05705415 0.1373871 0.006517949 9738788 0.03945285 0.09289341 0.1407444
0.0536263 0.1386293 0.006167916 9848896 0.03677118 0.0939343 0.1404233
0.05043194 0.139369 0.005562278 9969004 0.03413557 0.09482244 0.139936
0.05043194 0.139369 0.005562278 10089104 0.03413557 0.09482244 0.139936
0.04603235 0.1398972 0.004836803 10199366 0.03125024 0.09561121 0.1394714
0.04289894 0.1402422 0.004284417 10299294 0.02856912 0.09627558 0.1390726
0.04289894 0.1402422 0.004284417 10429416 0.02856912 0.09627558 0.1390726
0.03915353 0.1403673 0.003637839 10519493 0.02567843 0.096778 0.1386365
0.03551276 0.1406723 0.003172427 10629596 0.0228454 0.09717144 0.1382778
0.03551276 0.1406723 0.003172427 10769727 0.0228454 0.09717144 0.1382778
0.03187318 0.1409072 0.002777928 10859808 0.02008323 0.0974554 0.1379785
0.0280657 0.1409898 0.002183875 10969903 0.01718827 0.0976079 0.1374834
0.0280657 0.1409898 0.002183875 11080007 0.01718827 0.0976079 0.1374834
0.02561523 0.1416773 0.002202755 11220129 0.01469669 0.09790405 0.1373728
0.0219401 0.1417387 0.001746838 11350242 0.01183423 0.09804764 0.1370067
0.01800878 0.1419009 0.001352483 11420314 0.008821905 0.09820838 0.1366774
0.01800878 0.1419009 0.001352483 11590463 0.008821905 0.09820838 0.1366774
0.01403779 0.1421114 0.0009634803 11800661 0.005729288 0.09831253 0.1363107
0.009760082 0.1423031 0.0006770884 12030857 0.002549469 0.09840088 0.1360538
0.001050293 0.1423361 4.384512E-05 12241054 -0.003948212 0.09860473 0.1355755
-0.003308266 0.1424935 -0.0001800663 12471262 -0.007285714 0.09877457 0.1353894
-0.007461638 0.1425769 -0.0004688555 12691465 -0.01059905 0.09885803 0.1351226
-0.01648012 0.1431282 -0.0007715393 12921669 -0.01740977 0.09918153 0.1347795
-0.02074131 0.1433978 -0.0009013428 13161877 -0.0207144 0.09938406 0.1346311
-0.02530378 0.1435225 -0.001072847 13332035 -0.02410328 0.09954808 0.134467
-0.03026459 0.1436107 -0.001169638 13442130 -0.02766031 0.09969946 0.134371
-0.0347513 0.1435031 -0.001308328 13542229 -0.03107321 0.09964378 0.1342242
-0.039372 0.143391 -0.001452938 13662333 -0.03454304 0.09955315 0.1340505
-0.039372 0.143391 -0.001452938 13772436 -0.03454304 0.09955315 0.1340505
-0.04408708 0.1432779 -0.001601837 13872519 -0.03797558 0.09954135 0.1338825
-0.04847339 0.1428918 -0.0017872 14002640 -0.04126674 0.09954362 0.1337681
-0.04847339 0.1428918 -0.0017872 14102726 -0.04126674 0.09954362 0.1337681
-0.05283952 0.1424941 -0.001835648 14212830 -0.04458743 0.0994829 0.1337674
-0.05716041 0.1421145 -0.001722861 14332934 -0.0478563 0.09919219 0.1338403
-0.05716041 0.1421145 -0.001722861 14443042 -0.0478563 0.09919219 0.1338403
-0.06159914 0.1416318 -0.001427153 14553133 -0.05119982 0.09869064 0.1340504
-0.06603527 0.1407723 -0.001106567 14663248 -0.05452543 0.09803149 0.1343445
-0.06603527 0.1407723 -0.001106567 14793350 -0.05452543 0.09803149 0.1343445
-0.0707691 0.1391799 -0.001036336 14923755 -0.05783049 0.09725456 0.1345406
-0.07509807 0.1377624 -0.0008880328 15123652 -0.0609358 0.09656718 0.1347904
-0.07950982 0.1360736 -0.0007270943 15263774 -0.06408876 0.09556457 0.1350207
-0.08290058 0.133476 -0.0009162144 15503999 -0.06679541 0.09412478 0.1350924
-0.09079462 0.1288093 -0.0002335767 15714189 -0.07233322 0.09150921 0.1360533
-0.09437237 0.1262589 0.0002768453 15954397 -0.07488379 0.09002127 0.1367073
-0.09732223 0.1237715 0.0008703974 16154578 -0.07718632 0.08840601 0.1374356
-0.1002366 0.1211032 0.001462755 16384786 -0.07949013 0.08649391 0.1381304
-0.1053496 0.1145414 0.002756346 16604989 -0.08355507 0.08182154 0.139726
-0.108139 0.1105065 0.003178105 16835196 -0.08523315 0.07907087 0.140267
-0.1099675 0.1070923 0.003980339 17075409 -0.08683869 0.0763463 0.1411882
-0.1137309 0.09994874 0.005539278 17285599 -0.09012437 0.07071798 0.1429967
-0.1152814 0.09619342 0.006088261 17515819 -0.09150612 0.06785098 0.1437026
-0.1169745 0.09224092 0.006595727 17725996 -0.0929091 0.06480382 0.144343
-0.1203539 0.08457625 0.007476022 17966213 -0.09564966 0.05874113 0.1454199
-0.1219139 0.08065027 0.007864376 18176411 -0.09689463 0.05582716 0.1459372
-0.1244437 0.07243083 0.008241582 18396609 -0.09906209 0.04960731 0.146593
-0.1257348 0.06836376 0.008356936 18646831 -0.09994167 0.04644096 0.1467779
-0.1268879 0.06422386 0.008447695 18857187 -0.1008304 0.04331995 0.1469767
-0.1289754 0.05585641 0.008679145 19057206 -0.1023972 0.03717735 0.1474269
-0.1293872 0.05153008 0.00876173 19287413 -0.1028802 0.03392621 0.1476636
-0.1300562 0.04745325 0.008895136 19507612 -0.1033661 0.03059357 0.1478543
-0.1310075 0.039046 0.00892956 19757830 -0.1041257 0.02391669 0.1480508
-0.1316758 0.03462249 0.008952415 19958010 -0.1044601 0.0206186 0.1481266
-0.1321548 0.03014719 0.008864519 20188226 -0.104714 0.01731 0.1481069
-0.1330415 0.02124785 0.008488499 20468524 -0.1051869 0.01065464 0.1478376
-0.133546 0.01673857 0.008255227 20628616 -0.1054159 0.0072326 0.1476274
-0.1336353 0.01227222 0.007853177 20888850 -0.1054707 0.003781775 0.1472839
-0.1343186 0.003064755 0.007048491 21079030 -0.1056241 -0.003095727 0.1464935
-0.1344762 -0.001471219 0.006507911 21299225 -0.1054839 -0.006567087 0.1459343
-0.1347068 -0.006050555 0.00604349 21519428 -0.1054493 -0.01009851 0.1454489
-0.1345318 -0.01487502 0.004992944 21759636 -0.1049198 -0.01707098 0.1443649
-0.1343927 -0.01960329 0.004496127 21989844 -0.1046047 -0.02058399 0.1438445
-0.1340416 -0.0242348 0.003927142 22200034 -0.1041685 -0.02423061 0.1432607
-0.1334025 -0.03386828 0.002876148 22420415 -0.1030852 -0.03198797 0.142101
-0.1325971 -0.03927668 0.002346915 22640601 -0.1024015 -0.0359784 0.1415719
-0.131824 -0.04461525 0.00180793 22870643 -0.1016863 -0.03990889 0.141005
-0.129779 -0.05519485 0.0006386667 23110860 -0.09989446 -0.04792313 0.13978
-0.128666 -0.06010985 -6.046263E-05 23321045 -0.09889883 -0.05182499 0.1390493
-0.1274907 -0.06483585 -0.000793671 23561262 -0.09777802 -0.05563476 0.1382702
-0.1246267 -0.07404695 -0.002400737 23771456 -0.09514382 -0.06278034 0.13656
-0.1230282 -0.07841267 -0.003190994 24011668 -0.0936265 -0.06625701 0.135712
-0.1210153 -0.08277918 -0.004001755 24211849 -0.0918591 -0.06968499 0.1348676
-0.1168697 -0.0915927 -0.005522399 24452066 -0.08809993 -0.07657085 0.1332324
-0.1148037 -0.09588666 -0.006391109 24662264 -0.08612221 -0.07992281 0.1322768
-0.113248 -0.09993909 -0.007192504 24892459 -0.08429942 -0.08294619 0.1312975
-0.1088421 -0.1086298 -0.008628147 25122671 -0.08001482 -0.08922649 0.1295701
-0.1061804 -0.1123813 -0.009326334 25332861 -0.07771999 -0.09227639 0.1288476
-0.1032479 -0.1160612 -0.009927431 25563069 -0.07528806 -0.09516133 0.1282309
-0.09685087 -0.1235026 -0.01097114 25793280 -0.06994927 -0.1005865 0.1270774
-0.09307089 -0.1270669 -0.01146801 26003466 -0.06696743 -0.1031971 0.1265722
-0.08942053 -0.1303011 -0.01172802 26223669 -0.0639317 -0.1057141 0.1263012
-0.08124459 -0.1365844 -0.01219828 26443863 -0.0573976 -0.1108726 0.1259194
-0.07703558 -0.1393918 -0.01241021 26694093 -0.05404162 -0.113229 0.1257673
-0.06807938 -0.1445452 -0.01264946 26894270 -0.0469586 -0.1173348 0.1256247
-0.06342259 -0.1468448 -0.01274344 27134487 -0.04327232 -0.1191365 0.1255767
-0.05832323 -0.1487398 -0.01288966 27344676 -0.03947255 -0.1208298 0.1255731
-0.05352247 -0.1504966 -0.01278958 27564875 -0.0357753 -0.122456 0.1257926
-0.04342118 -0.1537344 -0.01291326 27815101 -0.02766585 -0.1249675 0.1257608
-0.03838596 -0.1550567 -0.01286982 28035304 -0.02360219 -0.125995 0.1258497
-0.0278776 -0.157001 -0.01277653 28245501 -0.01524633 -0.1276035 0.1260849
-0.02228525 -0.1576604 -0.01262066 28455683 -0.01108491 -0.1282367 0.126358
-0.01702464 -0.1581925 -0.0127578 28685887 -0.006845355 -0.1288445 0.1263153
-0.006273896 -0.1588736 -0.01237149 28906089 0.001405448 -0.1295743 0.1268723
-0.0009058416 -0.1590667 -0.01223702 29126284 0.005550176 -0.1298242 0.1270808
0.004847184 -0.1586831 -0.01198319 29376510 0.009598494 -0.129785 0.127475
0.01537763 -0.1579371 -0.01160285 29566690 0.01765046 -0.1292821 0.1279678
0.0203124 -0.1569658 -0.01143068 29816911 0.02155098 -0.1287086 0.1282341
0.02559315 -0.155631 -0.01111459 30047326 0.02552611 -0.1279342 0.1286679
0.036079 -0.1522809 -0.01007801 30237299 0.03316177 -0.1256848 0.1298877
0.04151906 -0.1500673 -0.009359307 30467673 0.03696147 -0.1242352 0.1307056
0.0466347 -0.1473442 -0.008530132 30697706 0.04053724 -0.1225239 0.1316592
0.05506625 -0.1413177 -0.006568382 30937923 0.04708621 -0.1187037 0.1338993
0.06000856 -0.1380025 -0.00524952 31138100 0.05032994 -0.1166012 0.1353014
0.06433527 -0.1342692 -0.004400549 31368324 0.05328164 -0.1141971 0.1362451
0.07223544 -0.1264876 -0.00208858 31578505 0.05908024 -0.109013 0.1387228
0.07614779 -0.1223954 -0.0009299364 31818726 0.06183045 -0.1060633 0.1399051
0.0800823 -0.1183779 0.0003652812 32038913 0.06455041 -0.1030344 0.1411829
0.0872734 -0.1104972 0.003348119 32249102 0.06939183 -0.09713519 0.1440888
0.09106016 -0.1066903 0.004710085 32509337 0.07185106 -0.09419066 0.1453551
0.09455315 -0.1030613 0.005936423 32709530 0.07425174 -0.09132817 0.146494
0.101794 -0.09605788 0.008229434 32939847 0.07917528 -0.08582343 0.1485502
0.104916 -0.09244324 0.009282097 33149915 0.08131555 -0.08288459 0.1494888
0.1083509 -0.08846249 0.01048431 33390132 0.08340932 -0.07988707 0.1505223
0.1144359 -0.0805805 0.01230644 33610525 0.08752997 -0.07385769 0.1520818
0.1173334 -0.07643533 0.01307159 33820524 0.08942819 -0.07054236 0.1526883
0.1200694 -0.07226476 0.01365264 34060737 0.09135471 -0.06710938 0.1531343
0.1247243 -0.06308942 0.01482266 34280932 0.09465642 -0.05990369 0.1540779
0.1270858 -0.05841725 0.01537345 34521153 0.0962189 -0.05630066 0.1544741
0.1304273 -0.0488936 0.01599376 34721337 0.09905428 -0.04880758 0.1549972
0.132604 -0.04415394 0.01654476 34961550 0.100425 -0.04506402 0.155361
0.1339478 -0.03911338 0.01698629 35201767 0.1015341 -0.04130458 0.1557335
0.1370607 -0.02891899 0.01787991 35391938 0.1036321 -0.03365821 0.1563223
0.1377688 -0.02431933 0.01812649 35632188 0.1044754 -0.03000171 0.156566
0.138756 -0.01927561 0.01847594 35842353 0.1052442 -0.02628861 0.1568017
0.1390204 -0.009550085 0.01881615 36062560 0.1061225 -0.01905764 0.1571404
0.1384481 -0.00506084 0.01874555 36272737 0.1063118 -0.01557059 0.1571763
0.1387174 -0.0008140151 0.01889043 36512950 0.1064899 -0.01228841 0.1572233
0.13758 0.007149896 0.01897702 36753167 0.1065469 -0.006045409 0.1574295
0.1368762 0.01093806 0.0191396 36973366 0.1063219 -0.003006995 0.1576251
0.1361405 0.01444947 0.01949749 37203573 0.1059445 -0.0003096067 0.1579772
0.1342246 0.02086744 0.01960131 37403754 0.1053635 0.004242938 0.1581543
0.1334378 0.02366512 0.01946998 37663993 0.1050986 0.006579435 0.1580745
