0.1528762 -0.003044135 0.008527601 0 0.1018768 0.009377195 0.1410079
0.1532311 -0.00287743 0.008470195 90082 0.1022368 0.009238716 0.1409806
0.1535492 -0.002581697 0.008232584 210194 0.1026216 0.009164871 0.140802
0.1535492 -0.002581697 0.008232584 310284 0.1026216 0.009164871 0.140802
0.1540464 -0.002596062 0.008016876 440406 0.1030317 0.009101643 0.1405571
0.1544391 -0.002097753 0.007755278 540504 0.1033111 0.009143231 0.1402913
0.1544391 -0.002097753 0.007755278 650600 0.1033111 0.009143231 0.1402913
0.1547993 -0.001094523 0.007474585 770724 0.1035885 0.009267974 0.1400504
0.1550276 0.0001470983 0.007111521 880795 0.1038673 0.00957027 0.1397768
0.1550276 0.0001470983 0.007111521 980890 0.1038673 0.00957027 0.1397768
0.1551031 0.001597518 0.006655551 1100994 0.1040566 0.01021708 0.1394192
0.1550557 0.003405316 0.006160593 1221127 0.1041219 0.01106618 0.1390263
0.1550557 0.003405316 0.006160593 1321193 0.1041219 0.01106618 0.1390263
0.1549567 0.005722324 0.005730739 1441301 0.1041507 0.01221749 0.1387075
0.1544253 0.00828184 0.005077033 1561409 0.1038824 0.01361714 0.1382055
0.1544253 0.00828184 0.005077033 1651495 0.1038824 0.01361714 0.1382055
0.1539378 0.01125764 0.004587556 1771599 0.1034685 0.01525905 0.1377908
0.1533492 0.01472776 0.004183793 1881703 0.1027676 0.01729102 0.1373798
0.1533492 0.01472776 0.004183793 1991802 0.1027676 0.01729102 0.1373798
0.152343 0.01827587 0.003851238 2111906 0.1019223 0.01966614 0.1371257
0.1510844 0.0221988 0.00357384 2222010 0.1009597 0.02233483 0.1369671
0.1510844 0.0221988 0.00357384 2352123 0.1009597 0.02233483 0.1369671
0.1497551 0.02671851 0.003455038 2442208 0.1000073 0.02505039 0.1369789
0.1479636 0.03158724 0.003357013 2552332 0.09890238 0.02781858 0.137092
0.1479636 0.03158724 0.003357013 2662407 0.09890238 0.02781858 0.137092
0.1460747 0.03660103 0.003306814 2772502 0.09754416 0.03079602 0.1371625
0.1438481 0.04185039 0.003312067 2892615 0.09586304 0.03409195 0.1372654
0.1438481 0.04185039 0.003312067 3002710 0.09586304 0.03409195 0.1372654
0.1416254 0.04684998 0.003443421 3112809 0.09414239 0.03752925 0.1374761
0.139195 0.05200089 0.00354101 3222909 0.09242395 0.04122515 0.1377148
0.139195 0.05200089 0.00354101 3333008 0.09242395 0.04122515 0.1377148
0.1363583 0.05711998 0.003639225 3473139 0.09053303 0.04481979 0.1380081
0.1331052 0.06322372 0.003445989 3563232 0.08867621 0.04855847 0.1380463
0.1331052 0.06322372 0.003445989 3673323 0.08867621 0.04855847 0.1380463
0.1299068 0.06869667 0.003422091 3783415 0.08648584 0.05228355 0.1381495
0.1269792 0.07410491 0.003600753 3893518 0.08388531 0.05633085 0.1382606
0.1269792 0.07410491 0.003600753 4003621 0.08388531 0.05633085 0.1382606
0.1237224 0.0791745 0.003685733 4113713 0.08121214 0.06034022 0.1383869
0.1199768 0.08444787 0.003727841 4253855 0.07865519 0.06425744 0.1386023
0.1160438 0.09002843 0.003973936 4343920 0.07614883 0.06788239 0.138971
0.1160438 0.09002843 0.003973936 4454190 0.07614883 0.06788239 0.138971
0.1118132 0.09541076 0.004362882 4574148 0.0734469 0.07135361 0.1394759
0.1118132 0.09541076 0.004362882 4684244 0.0734469 0.07135361 0.1394759
0.1079269 0.1003341 0.004839776 4794331 0.07054202 0.07500203 0.1399949
0.1039829 0.1051265 0.005410817 4904430 0.06745599 0.07870574 0.1405921
0.1039829 0.1051265 0.005410817 5014526 0.06745599 0.07870574 0.1405921
0.1001126 0.1097525 0.006044373 5124633 0.06431425 0.08233769 0.1412226
0.09566767 0.1142851 0.006576638 5244729 0.06098275 0.08584224 0.1418328
0.09140044 0.1188688 0.007189576 5354833 0.05783629 0.08907737 0.1424382
0.09140044 0.1188688 0.007189576 5474945 0.05783629 0.08907737 0.1424382
0.08706942 0.1230737 0.007823654 5575031 0.05455213 0.09213852 0.1430712
0.08212852 0.127156 0.008342105 5685131 0.05094086 0.09511633 0.1436456
0.08212852 0.127156 0.008342105 5815252 0.05094086 0.09511633 0.1436456
0.07833192 0.1308458 0.008841659 5915347 0.04731322 0.09829828 0.1440628
0.07371738 0.1343294 0.009344836 6025442 0.04317442 0.1011769 0.1445273
0.07371738 0.1343294 0.009344836 6135541 0.04317442 0.1011769 0.1445273
0.06941717 0.1377633 0.009784902 6255844 0.03949485 0.1038872 0.1449267
0.06478659 0.1409617 0.01025531 6365753 0.03602357 0.1062219 0.1454296
0.06478659 0.1409617 0.01025531 6465843 0.03602357 0.1062219 0.1454296
0.05958468 0.1439125 0.01049563 6595961 0.0324724 0.1083366 0.1457936
0.05498766 0.1463873 0.01074463 6706052 0.02892243 0.1103659 0.1461304
0.05498766 0.1463873 0.01074463 6806142 0.02892243 0.1103659 0.1461304
0.05047802 0.148348 0.0108246 6916254 0.02509369 0.1124175 0.1463638
0.04584029 0.1503379 0.01097532 7036358 0.02098173 0.1143925 0.146608
0.04584029 0.1503379 0.01097532 7146458 0.02098173 0.1143925 0.146608
0.04092107 0.1519079 0.01105669 7256549 0.01709132 0.1160809 0.1469052
0.03556046 0.1532132 0.01097683 7386666 0.01344873 0.117407 0.147121
0.03556046 0.1532132 0.01097683 7476748 0.01344873 0.117407 0.147121
0.03033992 0.1542743 0.01093281 7586855 0.009815954 0.1183835 0.1473032
0.02524501 0.1547542 0.01086717 7706955 0.006054576 0.1192028 0.1475203
0.02524501 0.1547542 0.01086717 7827064 0.006054576 0.1192028 0.1475203
0.02055086 0.1550871 0.01076653 7927162 0.002260078 0.1200038 0.1476638
0.01473265 0.1555706 0.01046317 8037257 -0.001915342 0.1207121 0.1476273
0.01473265 0.1555706 0.01046317 8167371 -0.001915342 0.1207121 0.1476273
0.009865725 0.1553407 0.01032267 8257452 -0.005751823 0.121019 0.1477431
0.004625104 0.1549449 0.01012769 8377573 -0.009552382 0.1210769 0.1478165
0.004625104 0.1549449 0.01012769 8477651 -0.009552382 0.1210769 0.1478165
-0.0003655014 0.1546313 0.01010061 8597759 -0.01320337 0.1210146 0.1479823
-0.005439895 0.1539088 0.0100213 8707863 -0.01706715 0.1206285 0.1480919
-0.005439895 0.1539088 0.0100213 8817958 -0.01706715 0.1206285 0.1480919
-0.01042556 0.1530184 0.01004157 8948075 -0.0210364 0.1201316 0.1482882
-0.01554224 0.1513048 0.009738578 9048166 -0.02513594 0.1194258 0.1482952
-0.01554224 0.1513048 0.009738578 9158269 -0.02513594 0.1194258 0.1482952
-0.02056267 0.1499477 0.009508791 9268364 -0.02911494 0.118771 0.1482932
-0.0256672 0.1484829 0.009216516 9398482 -0.03307177 0.1178321 0.148184
-0.0256672 0.1484829 0.009216516 9498572 -0.03307177 0.1178321 0.148184
-0.03089021 0.1473895 0.009019994 9608676 -0.03700174 0.1168492 0.1480746
-0.03591512 0.1451632 0.008412321 9728780 -0.04093173 0.1155862 0.1477188
-0.03591512 0.1451632 0.008412321 9828870 -0.04093173 0.1155862 0.1477188
-0.04070616 0.1430077 0.007895057 9948983 -0.04515213 0.1144108 0.1474254
-0.04534321 0.140754 0.007441201 10049073 -0.04927024 0.1130748 0.147172
-0.04534321 0.140754 0.007441201 10169189 -0.04927024 0.1130748 0.147172
-0.0503509 0.1387496 0.007086171 10279281 -0.05316661 0.1115101 0.1469301
-0.05531777 0.1365048 0.006814796 10399389 -0.05681741 0.109703 0.1467636
-0.05531777 0.1365048 0.006814796 10499479 -0.05681741 0.109703 0.1467636
-0.06026172 0.133901 0.006453976 10609575 -0.06037759 0.1077247 0.1465291
-0.06529722 0.1313636 0.006232365 10719674 -0.06410061 0.1058535 0.1464253
-0.06529722 0.1313636 0.006232365 10829778 -0.06410061 0.1058535 0.1464253
-0.07003391 0.1287386 0.005936197 10969900 -0.0680831 0.1039701 0.1462536
-0.07491378 0.1258833 0.00571736 11059989 -0.07199614 0.1019955 0.1461706
-0.07491378 0.1258833 0.00571736 11180094 -0.07199614 0.1019955 0.1461706
-0.07970437 0.1233124 0.005620795 11280184 -0.07587669 0.09991897 0.1461354
-0.08439934 0.1203916 0.005520126 11400292 -0.07961261 0.09771983 0.1461235
-0.08439934 0.1203916 0.005520126 11510392 -0.07961261 0.09771983 0.1461235
-0.08909184 0.1172845 0.00532246 11620487 -0.08330019 0.0954156 0.1460152
-0.09308018 0.1142434 0.005157141 11730590 -0.08674003 0.09317348 0.1459482
-0.09308018 0.1142434 0.005157141 11850699 -0.08674003 0.09317348 0.1459482
-0.09746033 0.1106402 0.004888593 11950789 -0.09029388 0.09068555 0.1458024
-0.1016306 0.1068808 0.004630063 12070893 -0.09366271 0.08805491 0.1456561
-0.1016306 0.1068808 0.004630063 12180993 -0.09366271 0.08805491 0.1456561
-0.1055523 0.103398 0.004501221 12301105 -0.09680427 0.08541507 0.1455911
-0.1095219 0.0996701 0.0042783 12401196 -0.09977251 0.08263794 0.1454205
-0.1095219 0.0996701 0.0042783 12521300 -0.09977251 0.08263794 0.1454205
-0.113046 0.09591847 0.004114299 12641408 -0.1026458 0.07974051 0.1453105
-0.1166617 0.0921524 0.003869163 12851598 -0.1054826 0.07682318 0.1451005
-0.1202744 0.0880677 0.003561253 12981724 -0.1083237 0.07375129 0.1448357
-0.1236273 0.0841102 0.003270481 13111833 -0.1111421 0.07063882 0.1445819
-0.1268732 0.08010031 0.002954026 13332222 -0.1138987 0.06749915 0.1443015
-0.1300597 0.0760119 0.002691805 13562243 -0.116444 0.06424792 0.1440512
-0.1331783 0.07177671 0.002421713 13802456 -0.1190275 0.06083213 0.1437944
-0.1385916 0.06351557 0.001857475 14002641 -0.1237449 0.05405148 0.1432656
-0.1414081 0.05895664 0.001533096 14232857 -0.1258968 0.05043034 0.1429295
-0.1464472 0.04959933 0.0007939857 14453047 -0.1297684 0.04312373 0.1421663
-0.1484995 0.04483409 0.0004290687 14673246 -0.1315089 0.03945599 0.1418103
-0.1503695 0.04021304 0.0001804269 14923468 -0.133106 0.0357957 0.1415619
-0.1525754 0.03151821 -0.0002060142 15133666 -0.1356375 0.02868779 0.1412555
-0.1538057 0.02675662 -0.0003335634 15353860 -0.1367601 0.02492909 0.1411314
-0.1548612 0.02211417 -0.0004805791 15574059 -0.1376962 0.02118333 0.1409788
-0.1566773 0.01254367 -0.0009216472 15804267 -0.1389277 0.01364232 0.1404643
-0.1574924 0.007765334 -0.00113443 16014460 -0.1396267 0.009828506 0.1402261
-0.15794 0.00278299 -0.001361738 16244664 -0.1402217 0.005946526 0.1399971
-0.1582604 -0.001884521 -0.001587028 16484885 -0.1407366 0.002133514 0.1397742
-0.1584474 -0.01198012 -0.001983611 16695079 -0.1412034 -0.005891898 0.1393381
-0.1581478 -0.01698964 -0.002024479 16935287 -0.1412143 -0.01005885 0.139296
-0.1574706 -0.02730596 -0.002089876 17145473 -0.1412918 -0.01833522 0.1392042
-0.1564996 -0.03207409 -0.002069481 17386099 -0.1408126 -0.02232733 0.1392287
-0.1558211 -0.03712018 -0.001981092 17585878 -0.1401301 -0.0265442 0.139257
-0.1534132 -0.04693157 -0.001500961 17806069 -0.1386726 -0.03483462 0.1397174
-0.1519947 -0.05171625 -0.001261261 18036277 -0.1379038 -0.03886505 0.1399568
-0.1507328 -0.05668731 -0.001149097 18256476 -0.1370555 -0.04294739 0.140026
-0.1468892 -0.06595021 -0.0008841409 18476682 -0.1344475 -0.05052204 0.1402308
-0.145122 -0.0707822 -0.0007402542 18716891 -0.1330127 -0.05438174 0.140294
-0.1424718 -0.07507451 -0.0005950888 18927089 -0.1313421 -0.05804516 0.1404453
-0.1373701 -0.0841167 -0.0003739309 19157288 -0.1278852 -0.06546838 0.1405819
-0.1347094 -0.08833005 -0.0002785235 19397513 -0.1259262 -0.06903471 0.1406356
-0.1316475 -0.09280026 -0.0001255921 19607699 -0.1236732 -0.07273545 0.1407292
-0.1250309 -0.1006961 0.0003455346 19837911 -0.1187647 -0.07960457 0.1411367
-0.1211314 -0.1047405 0.0007996061 20048096 -0.1164383 -0.08306258 0.1415629
-0.1175861 -0.1084902 0.001289843 20278300 -0.1141707 -0.0863764 0.1420221
-0.1096458 -0.1159874 0.002293135 20498495 -0.1087773 -0.09274845 0.1428828
-0.1055601 -0.119497 0.002895306 20728711 -0.1057433 -0.09574043 0.1434009
-0.1012446 -0.1227208 0.003443245 20948909 -0.1026071 -0.09856066 0.1438736
-0.09159727 -0.1288545 0.00487242 21169112 -0.09594754 -0.103997 0.1451201
-0.08664302 -0.1319573 0.005522863 21419338 -0.0923869 -0.1066175 0.1456341
-0.07654852 -0.1374256 0.006749091 21609501 -0.08482557 -0.1112835 0.1465859
-0.07139793 -0.1398316 0.007463735 21849726 -0.08093022 -0.1134231 0.1471705
-0.06599201 -0.1421631 0.008226284 22059908 -0.0769181 -0.1155068 0.1477838
-0.06040085 -0.144229 0.008895467 22300125 -0.07273545 -0.1174132 0.148305
-0.04934747 -0.1482962 0.009951827 22530332 -0.06400643 -0.1208184 0.1490069
-0.04353023 -0.150428 0.01032946 22740522 -0.05928954 -0.1224138 0.1491571
-0.03808549 -0.1518255 0.01066817 22970730 -0.05456516 -0.1237617 0.1494021
-0.02644994 -0.154392 0.0114942 23180928 -0.0458537 -0.1260652 0.1497958
-0.02030224 -0.155346 0.01191516 23421136 -0.04155531 -0.1268171 0.1499031
-0.008324966 -0.1566218 0.01250725 23651344 -0.03236219 -0.1280365 0.1500257
-0.002318113 -0.1570185 0.01271938 23851525 -0.02732781 -0.1284821 0.1500745
0.003580997 -0.1571597 0.01279996 24101759 -0.02231381 -0.1287118 0.1500094
0.01609941 -0.1568556 0.01299325 24291926 -0.01242124 -0.1286541 0.1497321
0.02234766 -0.1563412 0.01300477 24542160 -0.007280827 -0.1283959 0.1495605
0.02839401 -0.1557125 0.0128741 24752338 -0.002150438 -0.128055 0.1492865
0.04103956 -0.153445 0.0125202 24992554 0.007796801 -0.1266545 0.148474
0.04733723 -0.152142 0.01219505 25192735 0.01273041 -0.1257203 0.1478804
0.05366289 -0.1501671 0.01193722 25422943 0.01774598 -0.1244035 0.1474085
0.06524745 -0.1458288 0.0113537 25633141 0.02782809 -0.1214175 0.1466686
0.07075445 -0.1429915 0.01107393 25853331 0.03249813 -0.1194076 0.1463015
0.0762757 -0.1402245 0.01090051 26103561 0.03699252 -0.1170593 0.145906
0.086904 -0.1325577 0.01062652 26313933 0.04540874 -0.1112203 0.1452709
0.09151236 -0.1285217 0.01050747 26553967 0.04945644 -0.1080401 0.1451108
0.09590182 -0.1236 0.01049909 26754302 0.05345818 -0.1046969 0.1452116
0.1037644 -0.1135206 0.01063262 26974343 0.06041243 -0.09731228 0.1454071
0.1078498 -0.1085712 0.01083025 27214560 0.06349171 -0.09320834 0.1453762
0.1113501 -0.1034968 0.01101063 27424761 0.06624942 -0.08903044 0.1454089
0.1176149 -0.09325136 0.01125067 27664966 0.07199014 -0.08119158 0.1457096
0.120594 -0.08754205 0.01151302 27875164 0.07492357 -0.07735443 0.1461112
0.1229692 -0.08245963 0.01163777 28105368 0.07754802 -0.07351537 0.1464086
0.1282782 -0.07225006 0.01226225 28325570 0.0813096 -0.06537855 0.1466237
0.1308355 -0.06739401 0.01271541 28555924 0.08304641 -0.06132467 0.1468259
0.1327272 -0.06333656 0.01277531 28765968 0.08460413 -0.0574422 0.1467741
0.1364819 -0.05284132 0.01358585 28996175 0.08788818 -0.04955496 0.1475041
0.1377804 -0.04810759 0.01381372 29236384 0.08904828 -0.04570437 0.1477005
0.1396587 -0.04327067 0.01426796 29436573 0.09039447 -0.04166175 0.1479717
0.1427878 -0.0336851 0.0150078 29676956 0.09313908 -0.03396203 0.1485787
0.1438337 -0.02859715 0.01524332 29886975 0.09431991 -0.03020715 0.1488549
0.1440284 -0.02349526 0.01501758 30117179 0.0952246 -0.02657521 0.1488643
0.1450194 -0.01438066 0.01525835 30337548 0.09693211 -0.01967376 0.1492951
0.1454255 -0.01001589 0.01551724 30567585 0.09743413 -0.01635981 0.1495428
0.1459198 -0.005721599 0.01579853 30807810 0.09760498 -0.01299526 0.1496605
0.1469142 0.001957162 0.01654289 30997978 0.09793178 -0.006709045 0.1500789
0.1472892 0.005647968 0.01696825 31228182 0.09822706 -0.003830809 0.1504198
0.1477852 0.008550248 0.01734999 31448384 0.09849995 -0.001208702 0.1506991
0.1491115 0.01365104 0.01810866 31688593 0.0991767 0.003429397 0.1511812
0.1499898 0.01515933 0.01838684 31938823 0.09963672 0.005219478 0.151323
0.1509661 0.0177514 0.01820708 32128994 0.100362 0.007971157 0.1510597
0.1513959 0.0185833 0.01798741 32339184 0.1006829 0.008862949 0.1508029
0.1514518 0.01893394 0.01768278 32569396 0.1007901 0.009305973 0.1505246
0.1513372 0.01865659 0.01741997 32789591 0.1005867 0.008800417 0.1502112
0.1513231 0.01792655 0.01764722 33029811 0.1003922 0.00767127 0.1503391
