0.1495415 0.001369026 0.002722344 0 0.09230411 0.01599791 0.1323993
0.1495415 0.001369026 0.002722344 130114 0.09230411 0.01599791 0.1323993
0.1496428 0.001313137 0.002108401 220195 0.09268202 0.01607846 0.1318917
0.1498346 0.001558921 0.001560363 330294 0.0929836 0.01619665 0.1314062
0.1498346 0.001558921 0.001560363 440394 0.0929836 0.01619665 0.1314062
0.1501511 0.002021526 0.001165567 560506 0.09313094 0.01638776 0.1309676
0.1504464 0.002453818 0.0008639388 670601 0.09324998 0.01670913 0.1306007
0.1504464 0.002453818 0.0008639388 780701 0.09324998 0.01670913 0.1306007
0.1507203 0.003199689 0.0005608618 890804 0.09338289 0.01708303 0.1302757
0.1508245 0.003954885 0.0002631292 1000899 0.09351775 0.01747562 0.1300297
0.1508245 0.003954885 0.0002631292 1111003 0.09351775 0.01747562 0.1300297
0.1508965 0.004834093 -2.928176E-05 1241262 0.0936626 0.0179509 0.1298109
0.1508667 0.005907406 -0.0003267624 1331197 0.09380179 0.01853093 0.1296366
0.1508667 0.005907406 -0.0003267624 1441297 0.09380179 0.01853093 0.1296366
0.1508303 0.007106242 -0.0005476188 1551400 0.09385172 0.01920294 0.1295038
0.1507955 0.008375385 -0.0007079553 1661504 0.09385777 0.01999525 0.1294048
0.1507955 0.008375385 -0.0007079553 1781624 0.09385777 0.01999525 0.1294048
0.1506323 0.009833621 -0.0009253228 1891703 0.09379195 0.02089138 0.129279
0.150418 0.01122885 -0.001131454 2001811 0.09374261 0.02182653 0.129183
0.150418 0.01122885 -0.001131454 2111906 0.09374261 0.02182653 0.129183
0.1500302 0.01272508 -0.001391009 2222005 0.0936341 0.02280968 0.1290852
0.1497543 0.01444226 -0.001529598 2342114 0.09352036 0.02380381 0.1290704
0.1497543 0.01444226 -0.001529598 2472227 0.09352036 0.02380381 0.1290704
0.1493886 0.01622563 -0.001667096 2562325 0.09330225 0.02483778 0.1290479
0.1486798 0.01809275 -0.001977966 2682425 0.0930424 0.02595858 0.1289757
0.1486798 0.01809275 -0.001977966 2792516 0.0930424 0.02595858 0.1289757
0.1481213 0.01974619 -0.002223919 2902620 0.0928459 0.02712341 0.1289113
0.1474501 0.02168448 -0.002570365 3012723 0.09256817 0.02827948 0.1287716
0.1474501 0.02168448 -0.002570365 3122814 0.09256817 0.02827948 0.1287716
0.1467044 0.02356698 -0.0028961 3232914 0.09227102 0.02929355 0.1286731
0.1460177 0.02538872 -0.003186726 3353022 0.09204495 0.03025628 0.1286067
0.1460177 0.02538872 -0.003186726 3463121 0.09204495 0.03025628 0.1286067
0.1452371 0.02724066 -0.003392588 3573229 0.09170686 0.03125053 0.12861
0.1445124 0.02919283 -0.003517785 3693329 0.09127635 0.03232424 0.1286275
0.1445124 0.02919283 -0.003517785 3793419 0.09127635 0.03232424 0.1286275
0.1436698 0.03112495 -0.003642152 3903519 0.09075968 0.03340896 0.1286513
0.1432406 0.03289645 -0.00347603 4023631 0.09037363 0.03451002 0.1288446
0.1432406 0.03289645 -0.00347603 4133726 0.09037363 0.03451002 0.1288446
0.1426375 0.03460193 -0.003515613 4243830 0.09004949 0.03561794 0.1289221
0.142039 0.03664737 -0.003446999 4383956 0.08971561 0.03681848 0.1290991
0.141283 0.03853411 -0.003361506 4474034 0.08932112 0.03791944 0.1293255
0.141283 0.03853411 -0.003361506 4584137 0.08932112 0.03791944 0.1293255
0.1403556 0.04066306 -0.003415462 4694265 0.08884383 0.03907967 0.1294388
0.1403556 0.04066306 -0.003415462 4804332 0.08884383 0.03907967 0.1294388
0.1396615 0.04284305 -0.003312446 4924448 0.08833151 0.04037151 0.1295987
0.1389067 0.04480468 -0.003295234 5024534 0.08769096 0.04176076 0.1296481
0.1389067 0.04480468 -0.003295234 5144639 0.08769096 0.04176076 0.1296481
0.1382093 0.04688081 -0.003230495 5254754 0.08700533 0.04327096 0.1297033
0.1374009 0.04916715 -0.003262433 5374851 0.08626273 0.04480093 0.1296739
0.1374009 0.04916715 -0.003262433 5474941 0.08626273 0.04480093 0.1296739
0.1363885 0.05139932 -0.003359732 5595053 0.0853617 0.04639671 0.129597
0.1353741 0.05357143 -0.003440132 5705169 0.08450393 0.04796669 0.1295526
0.1353741 0.05357143 -0.003440132 5815430 0.08450393 0.04796669 0.1295526
0.1341927 0.05585932 -0.003662726 5945369 0.08357078 0.04962519 0.1293967
0.1328415 0.05809746 -0.004010214 6045638 0.08259889 0.05132902 0.1291668
0.1316837 0.06018632 -0.004287708 6145550 0.08162765 0.05311859 0.128944
0.1316837 0.06018632 -0.004287708 6255649 0.08162765 0.05311859 0.128944
0.1300819 0.06249035 -0.004707963 6375750 0.08047972 0.05498339 0.1286694
0.128737 0.06493042 -0.00494226 6485857 0.07944662 0.05680689 0.1285145
0.128737 0.06493042 -0.00494226 6595953 0.07944662 0.05680689 0.1285145
0.126909 0.06750444 -0.005241858 6706052 0.0783521 0.05865661 0.1284376
0.1254843 0.07016923 -0.00534244 6826156 0.07736947 0.06048985 0.1284392
0.1254843 0.07016923 -0.00534244 6926247 0.07736947 0.06048985 0.1284392
0.1236413 0.07294455 -0.005527719 7046363 0.07612256 0.0623583 0.1283982
0.1236413 0.07294455 -0.005527719 7166463 0.07612256 0.0623583 0.1283982
0.1217525 0.07575235 -0.00567314 7266562 0.07472889 0.06438801 0.1283637
0.1199954 0.07870235 -0.005841373 7376653 0.07344694 0.06661208 0.1282978
0.1180258 0.08193021 -0.005927318 7516779 0.07201069 0.06886137 0.128304
0.1180258 0.08193021 -0.005927318 7596852 0.07201069 0.06886137 0.128304
0.1157743 0.0849654 -0.005975075 7716964 0.07051221 0.07099827 0.1284218
0.1138154 0.08793017 -0.005886866 7827068 0.06900858 0.07308387 0.1285683
0.1138154 0.08793017 -0.005886866 7947168 0.06900858 0.07308387 0.1285683
0.1115037 0.09106282 -0.005895356 8047266 0.06729778 0.07535288 0.1286605
0.1094711 0.09389804 -0.005769517 8157362 0.06564864 0.07760407 0.1288424
0.1094711 0.09389804 -0.005769517 8287475 0.06564864 0.07760407 0.1288424
0.1073631 0.09681651 -0.005719495 8387565 0.06400959 0.07991304 0.128969
0.1050214 0.09959714 -0.005666356 8497673 0.06227573 0.08215386 0.1291476
0.1050214 0.09959714 -0.005666356 8627782 0.06227573 0.08215386 0.1291476
0.1029332 0.1021167 -0.005446954 8717863 0.06069062 0.08415062 0.1294568
0.1005414 0.1048322 -0.005295728 8838150 0.05908997 0.08616637 0.1297584
0.1005414 0.1048322 -0.005295728 8948075 0.05908997 0.08616637 0.1297584
0.09810387 0.1074483 -0.00512992 9078189 0.05751258 0.08815071 0.1300966
0.09563597 0.1100419 -0.004928865 9168270 0.05580867 0.09003171 0.1304212
0.09563597 0.1100419 -0.004928865 9278369 0.05580867 0.09003171 0.1304212
0.09321561 0.1123994 -0.004633716 9398478 0.05402502 0.09195679 0.1308375
0.09062326 0.1147618 -0.004334908 9518586 0.0522091 0.09387077 0.1312902
0.09062326 0.1147618 -0.004334908 9628685 0.0522091 0.09387077 0.1312902
0.08807293 0.1170658 -0.003977157 9728776 0.05034537 0.09570836 0.131768
0.0854163 0.1192876 -0.003570934 9848884 0.04839524 0.09741165 0.1322861
0.0854163 0.1192876 -0.003570934 9958983 0.04839524 0.09741165 0.1322861
0.08273099 0.1213197 -0.003176699 10069087 0.04651746 0.09903508 0.1328315
0.07996304 0.1234257 -0.002747894 10209209 0.04450544 0.1006096 0.1333713
0.07712986 0.125373 -0.002346038 10299290 0.04235289 0.1021069 0.1338725
0.07712986 0.125373 -0.002346038 10399385 0.04235289 0.1021069 0.1338725
0.07435203 0.1272893 -0.001946463 10519489 0.04018724 0.1035629 0.1343476
0.07435203 0.1272893 -0.001946463 10619580 0.04018724 0.1035629 0.1343476
0.07148901 0.1287685 -0.00154244 10739688 0.03789978 0.1048637 0.1348635
0.06850959 0.1304828 -0.001241634 10849791 0.03562944 0.1061821 0.1352671
0.06850959 0.1304828 -0.001241634 10969900 0.03562944 0.1061821 0.1352671
0.06538392 0.13189 -0.0009938058 11069990 0.03324123 0.1072447 0.1356287
0.06232625 0.1331011 -0.000913256 11190098 0.03093117 0.108316 0.1358577
0.06232625 0.1331011 -0.000913256 11320212 0.03093117 0.108316 0.1358577
0.05936188 0.1342717 -0.0008147816 11410293 0.02854636 0.1092279 0.1360409
0.05632379 0.1355898 -0.000889246 11520392 0.02621177 0.1101154 0.1360435
0.05632379 0.1355898 -0.000889246 11630492 0.02621177 0.1101154 0.1360435
0.0533283 0.1363815 -0.001017016 11760613 0.02394791 0.110841 0.1360622
0.05049164 0.137105 -0.001262287 11860704 0.02189297 0.111493 0.1359689
0.05049164 0.137105 -0.001262287 11970803 0.02189297 0.111493 0.1359689
0.04759392 0.1379073 -0.001544412 12080898 0.01991651 0.112033 0.1358264
0.0447272 0.1383952 -0.001895474 12190998 0.01790032 0.1124013 0.1356214
0.0447272 0.1383952 -0.001895474 12321119 0.01790032 0.1124013 0.1356214
0.04165231 0.1391451 -0.002338579 12411200 0.01573048 0.1128275 0.1352902
0.03886412 0.1395416 -0.002697758 12551323 0.01361568 0.113227 0.1350568
0.03603118 0.1397304 -0.00307387 12651413 0.01148618 0.1135785 0.1348388
0.03603118 0.1397304 -0.00307387 12751503 0.01148618 0.1135785 0.1348388
0.03323419 0.1401193 -0.003358746 12881625 0.009346582 0.1139326 0.1346626
0.03002303 0.1406648 -0.003674943 12971706 0.007201809 0.1141993 0.1344736
0.03002303 0.1406648 -0.003674943 13101820 0.007201809 0.1141993 0.1344736
0.02711957 0.1408749 -0.003812847 13211915 0.004935843 0.1143659 0.1344312
0.02392795 0.1414194 -0.003980688 13342044 0.002534423 0.1146262 0.1343331
0.02392795 0.1414194 -0.003980688 13442127 0.002534423 0.1146262 0.1343331
0.02067837 0.1418795 -0.004171913 13532212 2.362916E-05 0.1149632 0.1342302
0.01766128 0.1421037 -0.004312746 13652320 -0.002378474 0.115205 0.1341832
0.01766128 0.1421037 -0.004312746 13762420 -0.002378474 0.115205 0.1341832
0.01432208 0.1422714 -0.004598542 13872515 -0.004795224 0.1154071 0.1340344
0.01123454 0.1425796 -0.004834975 13982614 -0.007167705 0.1155721 0.1338669
0.01123454 0.1425796 -0.004834975 14112732 -0.007167705 0.1155721 0.1338669
0.008277969 0.14283 -0.005056059 14222831 -0.009576404 0.115717 0.1336969
0.004871771 0.1431463 -0.005380828 14332931 -0.01211655 0.1158572 0.1334462
0.004871771 0.1431463 -0.005380828 14433021 -0.01211655 0.1158572 0.1334462
0.001809633 0.1431942 -0.005635658 14563142 -0.01459381 0.1159631 0.1332731
-0.001622926 0.143311 -0.006037062 14653220 -0.0171723 0.1160767 0.1329693
-0.001622926 0.143311 -0.006037062 14763323 -0.0171723 0.1160767 0.1329693
-0.005085036 0.143411 -0.006405132 14873422 -0.0197902 0.1162752 0.1327123
-0.008265166 0.1436175 -0.006730796 14993535 -0.02245872 0.1164677 0.132437
-0.008265166 0.1436175 -0.006730796 15103630 -0.02245872 0.1164677 0.132437
-0.01185566 0.1437855 -0.007137166 15213725 -0.02522805 0.1166469 0.1321142
-0.0155692 0.1441009 -0.007510383 15343843 -0.0280792 0.1168142 0.1317922
-0.0155692 0.1441009 -0.007510383 15453946 -0.0280792 0.1168142 0.1317922
-0.01918288 0.1440607 -0.007944661 15554032 -0.03084594 0.1168845 0.1314529
-0.02300331 0.1442739 -0.008433016 15684150 -0.03362632 0.1170388 0.1310361
-0.02300331 0.1442739 -0.008433016 15774235 -0.03362632 0.1170388 0.1310361
-0.02700421 0.1443433 -0.008816223 15904349 -0.03659775 0.1172087 0.1307472
-0.03094847 0.1442178 -0.009166792 16014452 -0.03966861 0.1172615 0.1304884
-0.03094847 0.1442178 -0.009166792 16134556 -0.03966861 0.1172615 0.1304884
-0.03484691 0.1443608 -0.009444721 16244656 -0.04275483 0.1173637 0.1302509
-0.03868811 0.1442997 -0.009744275 16354759 -0.0457492 0.1173979 0.1300151
-0.03868811 0.1442997 -0.009744275 16604985 -0.0457492 0.1173979 0.1300151
-0.04631822 0.1438462 -0.01029645 16825188 -0.05170703 0.117166 0.1295798
-0.05009621 0.1435627 -0.01062587 17055387 -0.05460212 0.1170511 0.1293137
-0.05771386 0.1423549 -0.01126472 17285595 -0.06047837 0.1165028 0.1288434
-0.06145353 0.1416694 -0.01156774 17485776 -0.06334265 0.1160248 0.128593
-0.06509514 0.1410224 -0.01183613 17726147 -0.06618174 0.1154962 0.1283547
-0.07279119 0.13908 -0.01238389 17936194 -0.07195637 0.1142589 0.1279353
-0.07623917 0.1377271 -0.01257709 18166390 -0.07471959 0.1134065 0.127824
-0.07990456 0.136441 -0.0127972 18406607 -0.07741264 0.1125449 0.1276628
-0.08674121 0.1334108 -0.01310958 18606791 -0.08237182 0.1104061 0.1274533
-0.09002443 0.1316841 -0.01331594 18836995 -0.08482037 0.1092582 0.1273121
-0.0930448 0.129819 -0.01343113 19057194 -0.08716619 0.107996 0.1272651
-0.09896398 0.1259838 -0.01391548 19287406 -0.091785 0.1054399 0.126913
-0.1017101 0.123754 -0.01396026 19497599 -0.09379141 0.1038492 0.1269204
-0.1046355 0.1216729 -0.01416501 19727799 -0.09594186 0.1023405 0.1267496
-0.1096202 0.1175523 -0.0140709 19968028 -0.100169 0.0990274 0.1269034
-0.112417 0.1150144 -0.01400651 20178205 -0.1024164 0.09717806 0.1270187
-0.1151457 0.1123328 -0.01385829 20418422 -0.1047841 0.0952125 0.1272296
-0.1206408 0.1064396 -0.01338919 20618619 -0.1096948 0.09093625 0.1278414
-0.1231096 0.103352 -0.01312428 20848888 -0.1120498 0.08861066 0.1281791
-0.1255977 0.1000076 -0.01300528 21089027 -0.1143083 0.08612105 0.1283665
-0.1304746 0.09321731 -0.01297728 21299217 -0.1184937 0.0809597 0.1284882
-0.1327012 0.08941382 -0.01319867 21529437 -0.1204153 0.07822903 0.1283295
-0.1366917 0.08188753 -0.01377856 21739615 -0.1238341 0.07273021 0.1278444
-0.1386807 0.07784048 -0.01406831 21969830 -0.1253927 0.06976233 0.1275807
-0.1408053 0.07395411 -0.01430107 22180012 -0.1269426 0.06676332 0.1273406
-0.1425234 0.06989333 -0.01456008 22420229 -0.1283306 0.06367689 0.1270951
-0.145965 0.06171918 -0.01517385 22640440 -0.1311057 0.0575796 0.1264888
-0.1473775 0.05741622 -0.01544716 22860638 -0.1322287 0.05451724 0.1262157
-0.1485462 0.05325532 -0.0156649 23080825 -0.1332753 0.05148453 0.1260034
-0.1506809 0.04526678 -0.01600761 23331059 -0.13516 0.04552856 0.1256443
-0.1513234 0.04124789 -0.01607404 23531235 -0.1358947 0.04253135 0.1255825
-0.1520581 0.03713657 -0.01614533 23751438 -0.1365061 0.03949983 0.1254838
-0.1531065 0.02900224 -0.01626157 23991655 -0.1371213 0.03348364 0.1252681
-0.153359 0.0248092 -0.01628894 24221855 -0.137251 0.03047653 0.1251843
-0.1535539 0.01649321 -0.01625783 24432052 -0.1376238 0.02435884 0.1251304
-0.1536971 0.01229148 -0.01620741 24662252 -0.137693 0.02129086 0.1251047
-0.1536973 0.008133787 -0.01614976 24872596 -0.1375702 0.01815466 0.1250797
-0.1536599 -0.0004889516 -0.01591452 25092640 -0.1369041 0.01171915 0.1250694
-0.1537888 -0.004843494 -0.01572417 25322852 -0.1365831 0.008462679 0.1251061
-0.1539983 -0.008993357 -0.01555856 25543047 -0.136441 0.00526855 0.1251347
-0.1530526 -0.01787926 -0.01502506 25783264 -0.1361909 -0.001203537 0.1254878
-0.1523069 -0.02248587 -0.01466215 25993457 -0.1360056 -0.004431245 0.1257463
-0.151572 -0.0269426 -0.01435786 26213656 -0.1355647 -0.007644683 0.125919
-0.1498729 -0.03568485 -0.0136204 26433855 -0.1339586 -0.01424857 0.1263563
-0.1487959 -0.04007968 -0.01315735 26664059 -0.1330976 -0.01759231 0.1266787
-0.1475102 -0.04442558 -0.01261663 26894266 -0.1321341 -0.02091775 0.1270874
-0.1436432 -0.05325841 -0.0114443 27114469 -0.1298379 -0.02734877 0.1279988
-0.1416631 -0.05748091 -0.01093944 27324655 -0.1283205 -0.03052214 0.1283496
-0.1395365 -0.0617711 -0.01033828 27555037 -0.1266277 -0.03370904 0.1287737
-0.1344911 -0.07049772 -0.009029727 27775288 -0.1225928 -0.04007471 0.1296754
-0.1318062 -0.07470991 -0.00837185 28015278 -0.1204068 -0.04320344 0.1301332
-0.1285713 -0.07877707 -0.0076636 28235481 -0.117977 -0.04625632 0.1306709
-0.1216574 -0.08678287 -0.00627458 28445674 -0.1128559 -0.05219079 0.1316826
-0.1178091 -0.0909187 -0.005613317 28716068 -0.1100682 -0.05518837 0.1321172
-0.1094882 -0.09893923 -0.004171832 28896077 -0.104015 -0.0609747 0.1330688
-0.1053529 -0.1029055 -0.003442203 29116271 -0.1007683 -0.06379576 0.1335091
-0.1009215 -0.1066134 -0.002796553 29346504 -0.09739933 -0.06662418 0.133932
-0.09676842 -0.1104515 -0.002077405 29566885 -0.09402369 -0.06933528 0.1343344
-0.08789668 -0.1177532 -0.0005639031 29816900 -0.08701204 -0.0745214 0.1352171
-0.08378906 -0.1211088 0.0001399409 30017084 -0.08358759 -0.07707033 0.1356642
-0.07946289 -0.1244008 0.000842037 30287328 -0.08014814 -0.07955001 0.136098
-0.07045322 -0.1302883 0.002212659 30467491 -0.07319268 -0.08408322 0.1369859
-0.06557969 -0.1333448 0.003043432 30687694 -0.06960633 -0.08629077 0.1374903
-0.06143842 -0.1358469 0.003743721 30907896 -0.06624705 -0.0881575 0.1379408
-0.05292143 -0.1398082 0.005142709 31148300 -0.05980735 -0.09147739 0.1390194
-0.04868432 -0.1416634 0.005983735 31388318 -0.05675114 -0.092797 0.1395998
-0.03903384 -0.1447836 0.007703636 31578502 -0.05007544 -0.09512936 0.1408156
-0.03448602 -0.1457583 0.008389469 31808701 -0.04655278 -0.09604659 0.1413909
-0.03022024 -0.1471114 0.00921981 32018895 -0.04302135 -0.09703791 0.1420167
-0.0256441 -0.1478669 0.009767769 32249099 -0.0393151 -0.0977843 0.1424745
-0.01638503 -0.1495079 0.01092323 32489323 -0.03163309 -0.09907171 0.143324
-0.01260172 -0.14997 0.01116635 32710049 -0.02804042 -0.09962825 0.1435809
-0.003931748 -0.1506257 0.01176976 32939722 -0.02098642 -0.1001412 0.1439314
0.0003115603 -0.1507251 0.01194537 33149924 -0.0175311 -0.1001945 0.1439853
0.00435815 -0.150574 0.0119393 33410150 -0.0142043 -0.1002038 0.1439413
0.01209031 -0.1499025 0.01215247 33590317 -0.007753182 -0.09958486 0.143988
0.0160285 -0.148971 0.01217624 33930624 -0.004837037 -0.09903922 0.1440007
0.02384186 -0.1470297 0.01238332 34180846 0.0008195047 -0.09750654 0.1440027
0.02818739 -0.1458135 0.01238979 34381043 0.004034686 -0.09654527 0.1439023
0.03218515 -0.1445543 0.01247106 34591212 0.007350723 -0.09554327 0.1439527
0.04051139 -0.1414394 0.01262744 34821420 0.0141704 -0.09325789 0.1441225
0.04467451 -0.1397575 0.0127334 35061637 0.01749152 -0.09194779 0.1441927
0.05388776 -0.1361203 0.01308198 35301878 0.02410536 -0.08894686 0.1442076
0.05788632 -0.1342202 0.0131684 35492033 0.02721894 -0.08742485 0.1442254
0.06241573 -0.1320769 0.0131453 35722411 0.03058769 -0.08582325 0.1441179
0.07021014 -0.1278401 0.01297276 35942440 0.03695215 -0.08254416 0.1439248
0.07420754 -0.1255022 0.01270812 36172850 0.03998413 -0.08077228 0.143606
0.0781776 -0.1232833 0.0126039 36412856 0.04289285 -0.07885037 0.1433209
0.08534288 -0.11843 0.01222192 36613037 0.04850458 -0.07499378 0.1428454
0.08886491 -0.1158391 0.0122175 36843245 0.05131877 -0.07288249 0.142798
0.0924919 -0.1130937 0.01224856 37063443 0.05410016 -0.07068041 0.1427608
0.09963182 -0.1072827 0.0123546 37333695 0.0594321 -0.06612297 0.1427237
0.1032233 -0.1042253 0.01246634 37503849 0.06209702 -0.06379429 0.1427746
0.1063856 -0.1012573 0.01244009 37754229 0.06465531 -0.06140209 0.1427335
0.1126016 -0.09492403 0.01237593 37944437 0.06961937 -0.05644139 0.1426751
0.1155289 -0.09167907 0.01234217 38174446 0.07186876 -0.05394109 0.1426337
0.1180836 -0.08823173 0.01218095 38414663 0.07401483 -0.05138433 0.1425899
0.1233326 -0.08154585 0.0122031 38634861 0.07820054 -0.04616474 0.1426544
0.1257649 -0.07803124 0.01212785 38875082 0.08014984 -0.04349104 0.1426364
0.1278868 -0.07448918 0.01198388 39085268 0.08197128 -0.04078621 0.142606
0.1319684 -0.06749296 0.01180252 39305479 0.08523812 -0.03522836 0.1424988
0.1337596 -0.06393098 0.01163679 39515656 0.08674149 -0.03245284 0.1424217
0.1353995 -0.06045633 0.01151334 39766060 0.08808352 -0.02967128 0.1423557
0.138512 -0.05325032 0.01121532 39986081 0.09054673 -0.02388452 0.1421475
0.1399027 -0.04971002 0.01109452 40186261 0.09159516 -0.0209997 0.1420462
0.1411017 -0.04604588 0.01100399 40426478 0.09261692 -0.01805477 0.1420459
0.1435371 -0.03838673 0.01071941 40646839 0.09454185 -0.01224241 0.1419528
0.1445573 -0.03453155 0.01051041 40866880 0.09537297 -0.009284295 0.1418486
0.1452402 -0.03075923 0.01014657 41117097 0.09600054 -0.00632429 0.1416176
0.1461243 -0.02319931 0.008908936 41317278 0.09715075 -0.0005058654 0.1407909
0.1465545 -0.01961572 0.008271585 41557503 0.0976382 0.002396401 0.1402902
0.146748 -0.01597439 0.00755309 41757679 0.09800994 0.005306613 0.1397574
0.1471488 -0.008456485 0.006319704 41977878 0.09848047 0.01108547 0.1388179
0.1474823 -0.004800374 0.005878023 42198077 0.09877104 0.01393695 0.1384766
0.147797 -0.001273943 0.005343479 42428289 0.09911042 0.01672024 0.138054
0.147845 0.005314264 0.00444673 42648483 0.09967326 0.02192164 0.1375254
0.1478442 0.008327146 0.004108787 42898717 0.09977188 0.02425762 0.1373061
0.1476055 0.01372739 0.003492476 43118908 0.09933377 0.02842413 0.1367595
0.1474096 0.01580254 0.003381733 43329098 0.09886644 0.03008241 0.1365955
0.1468762 0.01757513 0.003341644 43539291 0.09820527 0.03141962 0.1365547
0.1467556 0.01861175 0.003656084 43759498 0.09753132 0.0322505 0.136687
0.1469397 0.01910231 0.004816683 43989694 0.09641113 0.03218102 0.1374141
0.1473794 0.01823818 0.00578675 44239924 0.09598979 0.03119862 0.1380645
