0.1520947 0.00289974 0.00359251 0 0.09595588 -0.002655609 0.1344505
0.1524253 0.003583484 0.0031352 110100 0.09641899 -0.002120073 0.1340436
0.1524253 0.003583484 0.0031352 240237 0.09641899 -0.002120073 0.1340436
0.1525622 0.004513972 0.002617929 340308 0.09695458 -0.001509642 0.1336819
0.1525302 0.005093673 0.001969655 450411 0.09746022 -0.0009441329 0.1332598
0.1525302 0.005093673 0.001969655 560502 0.09746022 -0.0009441329 0.1332598
0.152785 0.005602265 0.001339806 670602 0.0979294 -0.0003002469 0.1327258
0.1531306 0.006397653 0.0007847511 790714 0.09837038 0.0002631932 0.1321999
0.1532111 0.007230732 0.0001441609 890946 0.09871778 0.0007818477 0.1316552
0.1532111 0.007230732 0.0001441609 1020918 0.09871778 0.0007818477 0.1316552
0.1534159 0.008249264 -0.000377641 1121028 0.09897542 0.001328503 0.1311313
0.1533585 0.009666915 -0.0009933473 1231111 0.09925351 0.001943532 0.1306093
0.1533585 0.009666915 -0.0009933473 1341207 0.09925351 0.001943532 0.1306093
0.1533101 0.01112484 -0.001634362 1461323 0.09951676 0.002663614 0.1300506
0.153323 0.01242858 -0.002281166 1571414 0.0996979 0.003679588 0.1294536
0.153323 0.01242858 -0.002281166 1681700 0.0996979 0.003679588 0.1294536
0.1532183 0.01412979 -0.002771216 1791613 0.0997837 0.004824009 0.1290029
0.1530346 0.01611355 -0.003215817 1911726 0.0997958 0.006054058 0.1285821
0.1530346 0.01611355 -0.003215817 2011812 0.0997958 0.006054058 0.1285821
0.1528502 0.01821419 -0.003699335 2121915 0.09974413 0.007261919 0.128081
0.152524 0.02059264 -0.004190697 2242020 0.09962374 0.008561197 0.1275782
0.152524 0.02059264 -0.004190697 2352119 0.09962374 0.008561197 0.1275782
0.1520723 0.02351164 -0.004575779 2462226 0.09949794 0.009938321 0.1271738
0.1517219 0.0261563 -0.00505809 2582327 0.09942786 0.01144929 0.1266814
0.1517219 0.0261563 -0.00505809 2692426 0.09942786 0.01144929 0.1266814
0.1510284 0.0292032 -0.005539498 2802525 0.09912972 0.01313074 0.1261969
0.1504347 0.0320401 -0.005921694 2932643 0.09881578 0.01510866 0.1258169
0.1504347 0.0320401 -0.005921694 3022724 0.09881578 0.01510866 0.1258169
0.1496392 0.03515838 -0.006281357 3132832 0.09837602 0.01719954 0.1254601
0.1489542 0.03841689 -0.006499187 3242931 0.0979396 0.01930614 0.1251767
0.1489542 0.03841689 -0.006499187 3363031 0.0979396 0.01930614 0.1251767
0.1480169 0.04205051 -0.006682705 3473135 0.09730577 0.02155513 0.1249022
0.1466234 0.0460166 -0.006858368 3583230 0.09644836 0.02386152 0.1246631
0.1466234 0.0460166 -0.006858368 3713347 0.09644836 0.02386152 0.1246631
0.1452142 0.05000693 -0.006990426 3803449 0.09550773 0.02646889 0.1244686
0.1438848 0.05369704 -0.007107713 3913548 0.0945406 0.02935751 0.1243419
0.1438848 0.05369704 -0.007107713 4023636 0.0945406 0.02935751 0.1243419
0.1419722 0.05770547 -0.007207016 4143736 0.09344178 0.0323054 0.1243448
0.1404806 0.06184552 -0.007099242 4253839 0.09215286 0.03532051 0.1243051
0.1404806 0.06184552 -0.007099242 4363943 0.09215286 0.03532051 0.1243051
0.1387642 0.06630184 -0.006888411 4484043 0.09068045 0.0383206 0.1243033
0.136601 0.0705756 -0.006777108 4594154 0.08915004 0.04135191 0.1243741
0.136601 0.0705756 -0.006777108 4704319 0.08915004 0.04135191 0.1243741
0.1344121 0.07480514 -0.006668217 4834367 0.08756855 0.0445382 0.1244647
0.1321171 0.07901803 -0.006499958 4924440 0.08583973 0.04780816 0.1246129
0.1321171 0.07901803 -0.006499958 5034560 0.08583973 0.04780816 0.1246129
0.1297706 0.08340199 -0.006239408 5144639 0.08405742 0.05119708 0.1248309
0.1268481 0.08775815 -0.005966539 5264760 0.08203515 0.05456897 0.125169
0.1268481 0.08775815 -0.005966539 5374847 0.08203515 0.05456897 0.125169
0.1242362 0.09212017 -0.005528202 5484950 0.07996456 0.0579672 0.1255437
0.1216835 0.09588376 -0.005317356 5625081 0.07793322 0.06111449 0.1257676
0.1185708 0.09988469 -0.005007175 5715158 0.07575351 0.0642125 0.1261432
0.1185708 0.09988469 -0.005007175 5825257 0.07575351 0.0642125 0.1261432
0.1152628 0.1038786 -0.004673185 5935353 0.07345825 0.06717661 0.1265197
0.1152628 0.1038786 -0.004673185 6055481 0.07345825 0.06717661 0.1265197
0.1120729 0.1077364 -0.00430762 6155559 0.07100752 0.0700901 0.1268512
0.1088584 0.1115802 -0.003879095 6265659 0.06846869 0.07297345 0.1272103
0.1088584 0.1115802 -0.003879095 6375750 0.06846869 0.07297345 0.1272103
0.1053578 0.1153376 -0.003415573 6495858 0.06591885 0.07578465 0.1276813
0.1016611 0.1190009 -0.002965551 6605962 0.06328022 0.07851308 0.12816
0.1016611 0.1190009 -0.002965551 6716065 0.06328022 0.07851308 0.12816
0.09784371 0.12267 -0.002424757 6826157 0.06048313 0.08114778 0.1286719
0.09377006 0.1262183 -0.001972781 6946277 0.05756421 0.08390979 0.1291965
0.09377006 0.1262183 -0.001972781 7046359 0.05756421 0.08390979 0.1291965
0.08965226 0.1291765 -0.001713462 7186482 0.05465844 0.08649384 0.1296633
0.08568154 0.1319455 -0.001340365 7276567 0.05172162 0.08886006 0.1301763
0.08568154 0.1319455 -0.001340365 7386670 0.05172162 0.08886006 0.1301763
0.08129282 0.13466 -0.0009512599 7496770 0.04859993 0.09098822 0.1306929
0.07671112 0.1371229 -0.000544087 7616874 0.04535608 0.09279377 0.1312059
0.07274105 0.1393576 6.532975E-05 7726973 0.04211453 0.09438502 0.1317686
0.07274105 0.1393576 6.532975E-05 7837077 0.04211453 0.09438502 0.1317686
0.06840628 0.1412213 0.0005938295 7967365 0.03882571 0.09576529 0.1323701
0.06417325 0.1428142 0.001187954 8057276 0.03538705 0.09702957 0.1330264
0.06417325 0.1428142 0.001187954 8177384 0.03538705 0.09702957 0.1330264
0.06005203 0.144258 0.001685514 8287475 0.03198926 0.09822381 0.1335931
0.05552429 0.1453362 0.002074528 8417593 0.02852376 0.09926818 0.1341918
0.05552429 0.1453362 0.002074528 8507678 0.02852376 0.09926818 0.1341918
0.05095448 0.1461397 0.002454373 8627799 0.02505097 0.1002421 0.1348502
0.04662466 0.1466882 0.002768883 8727881 0.02150738 0.1011576 0.1354427
0.04662466 0.1466882 0.002768883 8847981 0.02150738 0.1011576 0.1354427
0.04223737 0.1470101 0.003149986 8968094 0.01788759 0.1018863 0.1361056
0.03778432 0.1471756 0.003438268 9068188 0.01424128 0.1025588 0.1367099
0.03778432 0.1471756 0.003438268 9208306 0.01424128 0.1025588 0.1367099
0.03316705 0.1469562 0.003254676 9308393 0.01075721 0.1029039 0.1369089
0.02838567 0.1471493 0.003410104 9398478 0.007084921 0.1030732 0.1372377
0.02838567 0.1471493 0.003410104 9528595 0.007084921 0.1030732 0.1372377
0.02344303 0.1471615 0.003456205 9648712 0.003406346 0.10306 0.1374705
0.01839875 0.1470082 0.003425517 9738793 -0.0004147589 0.1030021 0.1376483
0.01839875 0.1470082 0.003425517 9848884 -0.0004147589 0.1030021 0.1376483
0.01495485 0.1462393 0.003041544 9958992 -0.004140556 0.1028218 0.1374162
0.009469181 0.1459489 0.002891175 10079096 -0.0081411 0.1027576 0.1375413
0.009469181 0.1459489 0.002891175 10189195 -0.0081411 0.1027576 0.1375413
0.003781706 0.1455666 0.00263344 10299291 -0.01221937 0.1025981 0.1375554
-0.002347887 0.1453488 0.002420624 10429408 -0.01651999 0.1024954 0.1375834
-0.002347887 0.1453488 0.002420624 10529499 -0.01651999 0.1024954 0.1375834
-0.008214355 0.1445778 0.002011105 10629593 -0.02072173 0.1022556 0.1375052
-0.01455429 0.1443707 0.001738686 10739688 -0.02517736 0.1021717 0.1374319
-0.01455429 0.1443707 0.001738686 10859801 -0.02517736 0.1021717 0.1374319
-0.02070379 0.1437268 0.001409274 10969900 -0.02963725 0.1018556 0.1373256
-0.02687979 0.1428364 0.001004878 11079999 -0.03409421 0.1013672 0.1371464
-0.02687979 0.1428364 0.001004878 11210117 -0.03409421 0.1013672 0.1371464
-0.0330897 0.1417432 0.000555698 11310207 -0.03855658 0.1007023 0.1369082
-0.03916082 0.1404909 0.0001069352 11420311 -0.04296547 0.100031 0.1366894
-0.03916082 0.1404909 0.0001069352 11530410 -0.04296547 0.100031 0.1366894
-0.04532355 0.1392726 -0.0001964028 11650522 -0.04737446 0.09926781 0.1365576
-0.05164918 0.1377943 -0.0003842591 11760626 -0.05187756 0.09829756 0.1365326
-0.05164918 0.1377943 -0.0003842591 11860708 -0.05187756 0.09829756 0.1365326
-0.05775955 0.1361742 -0.000530809 11990817 -0.05633119 0.09725068 0.1365428
-0.06381279 0.1342588 -0.0006362894 12090916 -0.06079966 0.0960569 0.1366145
-0.06381279 0.1342588 -0.0006362894 12201015 -0.06079966 0.0960569 0.1366145
-0.07004553 0.1321676 -0.0007406423 12311114 -0.06519103 0.09462803 0.1366401
-0.0762018 0.1297756 -0.0008117954 12431219 -0.06949514 0.09299763 0.1366969
-0.0762018 0.1297756 -0.0008117954 12541318 -0.06949514 0.09299763 0.1366969
-0.08211797 0.1269852 -0.001018555 12651555 -0.07373315 0.09129509 0.1366846
-0.08769283 0.1238529 -0.001202836 12781539 -0.07776883 0.0893783 0.1367075
-0.08769283 0.1238529 -0.001202836 12881629 -0.07776883 0.0893783 0.1367075
-0.09309596 0.1203236 -0.001460089 12981711 -0.08165041 0.08722207 0.1366686
-0.0983265 0.1169121 -0.001529021 13091819 -0.08538133 0.08490995 0.1367263
-0.0983265 0.1169121 -0.001529021 13221928 -0.08538133 0.08490995 0.1367263
-0.1035208 0.1131684 -0.001554299 13322019 -0.08894789 0.08236223 0.1368107
-0.1082898 0.1091558 -0.001620315 13432118 -0.09232968 0.07963874 0.1368726
-0.1082898 0.1091558 -0.001620315 13542229 -0.09232968 0.07963874 0.1368726
-0.1129601 0.1045325 -0.001680015 13652329 -0.09553683 0.07674358 0.1369939
-0.1170261 0.09983081 -0.001814486 13782454 -0.09847213 0.07370252 0.1370355
-0.1170261 0.09983081 -0.001814486 13882541 -0.09847213 0.07370252 0.1370355
-0.1210294 0.09492362 -0.001892968 14022655 -0.1013131 0.07040729 0.1370907
-0.1236643 0.08989164 -0.002202701 14112732 -0.1038286 0.06673352 0.1369968
-0.1236643 0.08989164 -0.002202701 14212831 -0.1038286 0.06673352 0.1369968
-0.12687 0.0845238 -0.002488645 14322930 -0.1062928 0.06307815 0.1368775
-0.1298528 0.07898524 -0.002699295 14473057 -0.1084992 0.05920187 0.1367959
-0.1324868 0.07318436 -0.002974435 14563139 -0.1105289 0.05513406 0.1366619
-0.1324868 0.07318436 -0.002974435 14663237 -0.1105289 0.05513406 0.1366619
-0.1349965 0.06748722 -0.003028593 14773349 -0.1124967 0.05102562 0.1367177
-0.1349965 0.06748722 -0.003028593 14893437 -0.1124967 0.05102562 0.1367177
-0.1372375 0.06147666 -0.003118068 15003544 -0.1143896 0.04692455 0.1367835
-0.1393808 0.05518725 -0.003140072 15123648 -0.1161608 0.04297744 0.1369243
-0.1411958 0.04870351 -0.003156751 15253766 -0.1179488 0.03897137 0.137097
-0.1411958 0.04870351 -0.003156751 15363873 -0.1179488 0.03897137 0.137097
-0.1431628 0.04224405 -0.00305377 15473965 -0.1196178 0.03489306 0.1372952
-0.1451233 0.03567419 -0.00294972 15614087 -0.1211446 0.03068937 0.1374299
-0.1451233 0.03567419 -0.00294972 15814268 -0.1211446 0.03068937 0.1374299
-0.1484353 0.02217256 -0.002615249 16064733 -0.1236682 0.0218664 0.1377156
-0.1483261 0.0159921 -0.003176422 16274687 -0.1249204 0.0175495 0.1373796
-0.1488129 0.00905305 -0.003168504 16494890 -0.1256093 0.01285425 0.1373783
-0.1484089 -0.004903913 -0.002912949 16715081 -0.1259421 0.003171776 0.137573
-0.1481336 -0.0113456 -0.00260005 16945288 -0.1257637 -0.001552855 0.1377921
-0.1473003 -0.0176863 -0.00243432 17155486 -0.1253972 -0.006252274 0.1379073
-0.1451616 -0.02989497 -0.001889415 17395699 -0.12401 -0.0152789 0.138272
-0.14362 -0.03596789 -0.001593906 17645925 -0.1229708 -0.01964623 0.1384542
-0.1399795 -0.04695902 -0.001005968 17836092 -0.1202389 -0.0281901 0.1388665
-0.1388834 -0.05152826 -0.0004033482 18056303 -0.1187604 -0.03208698 0.1393227
-0.1367203 -0.0564938 3.701937E-07 18286693 -0.1169797 -0.03599379 0.1396295
-0.1339745 -0.06145118 0.0002089783 18506697 -0.115012 -0.03980845 0.1397735
-0.1284288 -0.07102992 0.0006652366 18746918 -0.1108235 -0.04711059 0.1400359
-0.1253555 -0.0753267 0.0007195337 18957108 -0.1086376 -0.05046441 0.1400344
-0.1224116 -0.07943755 0.0008005808 19197329 -0.1064226 -0.05353745 0.1400119
-0.1161018 -0.08736441 0.0006286642 19397509 -0.101774 -0.05898723 0.1395377
-0.1131548 -0.09094717 0.0004794098 19647731 -0.09944373 -0.06139598 0.1392058
-0.1069391 -0.09781996 0.0001808938 19847912 -0.09437117 -0.06587024 0.1384831
-0.1037709 -0.1011075 9.836062E-05 20078128 -0.09171039 -0.06816061 0.1382117
-0.09998509 -0.104178 -0.0001291257 20288338 -0.08896458 -0.07042019 0.1378753
-0.09256566 -0.1106509 -0.0001843609 20518513 -0.0828968 -0.07510237 0.1374713
-0.08825359 -0.1142363 -0.0001667237 20738720 -0.07943866 -0.07766657 0.1372786
-0.08353403 -0.1175507 -0.000169635 20968919 -0.07573652 -0.08023062 0.1371354
-0.07271233 -0.1240401 -0.0001093418 21219328 -0.06786537 -0.08516596 0.1369
-0.0673686 -0.1270639 0.0001186839 21419334 -0.06377602 -0.0875167 0.1369739
-0.0616875 -0.1300253 0.000368084 21659543 -0.05952731 -0.08984378 0.1370686
-0.04957485 -0.135014 0.0007563401 21859723 -0.05054999 -0.09395885 0.1372107
-0.04374197 -0.1370416 0.0009416208 22089935 -0.04611158 -0.0956951 0.1372909
-0.03772089 -0.1391775 0.001156241 22310130 -0.04161793 -0.097292 0.1373057
-0.02586225 -0.1420583 0.001519987 22530328 -0.0322637 -0.100011 0.1375248
-0.02008998 -0.1438487 0.001830092 22760536 -0.02766442 -0.1011978 0.1375864
-0.01356789 -0.1452092 0.001957513 22980735 -0.02300823 -0.1020642 0.1374405
-0.0006759465 -0.1481925 0.002363789 23220960 -0.01412356 -0.1037004 0.1370704
0.005311504 -0.1491221 0.002675288 23431307 -0.009741575 -0.1041895 0.1370654
0.01137175 -0.1498674 0.003084903 23641331 -0.005338192 -0.1044243 0.1371071
0.02060512 -0.1512179 0.004010921 23891557 0.003358424 -0.1049812 0.1376933
0.02690943 -0.1511184 0.004152173 24091746 0.008104905 -0.1053079 0.1377712
0.032759 -0.1507372 0.004255931 24331958 0.01272115 -0.105564 0.1379126
0.04475102 -0.1493368 0.004401865 24542152 0.0218592 -0.1051706 0.1379368
0.05040097 -0.1483019 0.004408465 24772352 0.02633116 -0.1045321 0.1378667
0.0559746 -0.1468062 0.004242678 24992948 0.03063128 -0.1036683 0.1376709
0.066668 -0.1428669 0.003872229 25232958 0.03874773 -0.1011686 0.1372438
0.07102111 -0.1402285 0.003783591 25472996 0.04213417 -0.09922008 0.1371631
0.08075158 -0.1340017 0.003624042 25683186 0.04925448 -0.09432964 0.1368168
0.08621387 -0.1296427 0.003608305 25893606 0.05290788 -0.09126531 0.1367403
0.09186506 -0.1242951 0.003643138 26113562 0.05657408 -0.08784645 0.1368058
0.0970772 -0.1188977 0.003776288 26333761 0.06011634 -0.08442114 0.1370111
0.1054157 -0.1093226 0.004535409 26573978 0.0660283 -0.07742763 0.137718
0.1085609 -0.1047887 0.004783258 26784167 0.06859051 -0.07378343 0.1380023
0.1115781 -0.09988005 0.004935302 27034393 0.0709555 -0.07014906 0.1382475
0.1180401 -0.08906559 0.005332747 27234582 0.07568936 -0.06225947 0.1387273
0.1211598 -0.08355106 0.005540784 27464785 0.0778881 -0.05829939 0.1389431
0.1263527 -0.07286923 0.005907304 27674975 0.08171025 -0.05076956 0.1394173
0.1288679 -0.06764671 0.005976011 27895178 0.08342591 -0.04717842 0.1394763
0.130799 -0.06252213 0.005932167 28155405 0.0849416 -0.04355605 0.1395123
0.1339699 -0.05280307 0.005570137 28355585 0.08747961 -0.03605312 0.1392277
0.1355456 -0.04798906 0.005441389 28585793 0.08855532 -0.03235497 0.1390593
0.1367117 -0.04329353 0.005270903 28795983 0.08951549 -0.02878653 0.1389433
0.1387321 -0.03385583 0.004978577 29026195 0.09102216 -0.0218031 0.1387125
0.1399887 -0.02922183 0.004955587 29236388 0.09174973 -0.01839411 0.1386044
0.14089 -0.0247666 0.004897849 29466608 0.09239283 -0.0150449 0.1385383
0.1424105 -0.01600331 0.004942376 29706813 0.09339325 -0.008529181 0.1385377
0.1429865 -0.01169766 0.004929307 29907160 0.09372978 -0.005347609 0.1384946
0.143423 -0.007720559 0.004911112 30157215 0.09413446 -0.002310567 0.1385061
0.1439493 0.0005371125 0.004767975 30357392 0.09456263 0.003616045 0.1384008
0.144218 0.00419459 0.004747349 30607622 0.09469104 0.006543161 0.1383431
0.1441768 0.00810937 0.004621189 30817823 0.0946563 0.009655047 0.138231
0.1447634 0.01467573 0.004828488 31038014 0.09461265 0.01518509 0.138211
0.144564 0.01767496 0.00497429 31248382 0.09456652 0.01755141 0.1384152
0.1439794 0.02030969 0.00517731 31498494 0.0945679 0.01956703 0.1388344
0.1452605 0.02437907 0.006518823 31698610 0.09430773 0.02254611 0.1395854
