0.1435484 0.002790084 0.003660704 0 0.1004512 -0.02162147 0.1372757
0.1437123 0.003210893 0.003379728 110112 0.1005104 -0.02120841 0.1369595
0.1437123 0.003210893 0.003379728 220215 0.1005104 -0.02120841 0.1369595
0.1438736 0.00349318 0.003047014 350324 0.1005821 -0.02085854 0.1366101
0.1441179 0.003822913 0.002673621 450411 0.1006372 -0.02043475 0.1361923
0.1441179 0.003822913 0.002673621 550505 0.1006372 -0.02043475 0.1361923
0.1443858 0.004065743 0.002300675 670605 0.1006307 -0.01990784 0.1357811
0.1445395 0.004321923 0.001880403 800723 0.1007428 -0.01943148 0.1353865
0.1445395 0.004321923 0.001880403 890808 0.1007428 -0.01943148 0.1353865
0.144636 0.00478684 0.00145721 1000903 0.1007917 -0.01894225 0.134952
0.1447487 0.005345574 0.001071657 1111007 0.1009224 -0.01846755 0.1345574
0.1447487 0.005345574 0.001071657 1231135 0.1009224 -0.01846755 0.1345574
0.1450113 0.00603508 0.0007287216 1341210 0.1012056 -0.01795066 0.1341903
0.1452558 0.006791105 0.0004707229 1451310 0.1014509 -0.01743604 0.133889
0.1452558 0.006791105 0.0004707229 1561409 0.1014509 -0.01743604 0.133889
0.1455543 0.007706633 0.0002291155 1671509 0.1016384 -0.01676835 0.1335656
0.1459127 0.009193292 -3.253222E-06 1791811 0.1018902 -0.01575411 0.1332105
0.1459127 0.009193292 -3.253222E-06 1901720 0.1018902 -0.01575411 0.1332105
0.145968 0.01043462 -0.0002810109 2011816 0.1021114 -0.01476587 0.1329398
0.146157 0.0119599 -0.0005753684 2131928 0.1023861 -0.01350964 0.1326225
0.146157 0.0119599 -0.0005753684 2252041 0.1023861 -0.01350964 0.1326225
0.1462948 0.01395725 -0.0008068728 2342118 0.1025523 -0.01192356 0.132321
0.1460436 0.01608383 -0.001059865 2462222 0.1025212 -0.01015557 0.13207
0.1460436 0.01608383 -0.001059865 2592344 0.1025212 -0.01015557 0.13207
0.1460777 0.01849329 -0.0012129 2692442 0.1025548 -0.008147011 0.1318371
0.1457873 0.0211656 -0.001340424 2792524 0.1023876 -0.005884061 0.1316673
0.1457873 0.0211656 -0.001340424 2902814 0.1023876 -0.005884061 0.1316673
0.145246 0.02413069 -0.00139526 3022728 0.1021068 -0.003485332 0.1315807
0.1448505 0.02731191 -0.001360779 3132827 0.1018217 -0.0008968211 0.1315265
0.1448505 0.02731191 -0.001360779 3242935 0.1018217 -0.0008968211 0.1315265
0.1443946 0.03046953 -0.001296585 3373044 0.1014293 0.001864543 0.1315266
0.1436186 0.03375136 -0.001278763 3463129 0.1008889 0.004775038 0.1315399
0.1436186 0.03375136 -0.001278763 3573233 0.1008889 0.004775038 0.1315399
0.1429091 0.03731357 -0.001199459 3693337 0.1002521 0.007996431 0.1315678
0.1421451 0.04082989 -0.00101078 3803445 0.09947614 0.01137268 0.1317216
0.1421451 0.04082989 -0.00101078 3913540 0.09947614 0.01137268 0.1317216
0.1407266 0.04501926 -0.0009035814 4023639 0.0984749 0.01505767 0.1318494
0.1393925 0.04913723 -0.0007926869 4153749 0.09743114 0.01871358 0.1319473
0.1380402 0.05344605 -0.0005580533 4253839 0.0965125 0.0222423 0.1321372
0.1380402 0.05344605 -0.0005580533 4364133 0.0965125 0.0222423 0.1321372
0.1365149 0.05768775 -0.0003267872 4474204 0.09548907 0.02572357 0.1323436
0.1347497 0.06202566 -0.000156914 4584137 0.09437992 0.02928578 0.1325255
0.1347497 0.06202566 -0.000156914 4704489 0.09437992 0.02928578 0.1325255
0.1329216 0.0661137 -1.001835E-05 4804340 0.09309354 0.03282868 0.1327005
0.1308616 0.07039677 6.23715E-05 4924460 0.09179617 0.03635322 0.1328072
0.1308616 0.07039677 6.23715E-05 5034564 0.09179617 0.03635322 0.1328072
0.1289063 0.07455634 4.025817E-05 5144837 0.0905149 0.03976142 0.1327869
0.1267385 0.07867371 -1.19257E-05 5274760 0.08910349 0.04315817 0.1327604
0.1267385 0.07867371 -1.19257E-05 5374859 0.08910349 0.04315817 0.1327604
0.124659 0.08264659 -2.703548E-05 5484958 0.08757561 0.04658257 0.1327527
0.1222167 0.08654927 -0.0001198995 5595057 0.0858216 0.05001556 0.1327218
0.1222167 0.08654927 -0.0001198995 5705157 0.0858216 0.05001556 0.1327218
0.1195622 0.09057699 -0.0001702058 5815248 0.08399707 0.05339872 0.1327175
0.1170559 0.09448742 -0.0002096343 5925355 0.08208254 0.05661975 0.1326405
0.1170559 0.09448742 -0.0002096343 6045456 0.08208254 0.05661975 0.1326405
0.1138306 0.09831166 -0.0004380095 6155559 0.07988001 0.05975794 0.1324801
0.1108117 0.1020262 -0.0005272675 6265654 0.07767525 0.06286704 0.1324193
0.1108117 0.1020262 -0.0005272675 6375762 0.07767525 0.06286704 0.1324193
0.1075332 0.105785 -0.0006744313 6485853 0.07528515 0.06600427 0.132306
0.1043598 0.1092564 -0.0008222807 6605962 0.07279482 0.06898295 0.1321738
0.1043598 0.1092564 -0.0008222807 6706052 0.07279482 0.06898295 0.1321738
0.100685 0.1126856 -0.0009881008 6826189 0.07019335 0.07194626 0.1321164
0.09716102 0.1158001 -0.001200532 6936264 0.06752306 0.0747143 0.1319903
0.09716102 0.1158001 -0.001200532 7056376 0.06752306 0.0747143 0.1319903
0.09317087 0.1191345 -0.001455044 7176497 0.06469688 0.07741319 0.1317921
0.0892591 0.1221247 -0.001633202 7276567 0.06180474 0.07992505 0.1316774
0.0892591 0.1221247 -0.001633202 7386666 0.06180474 0.07992505 0.1316774
0.08545114 0.1251456 -0.001722192 7496765 0.05888462 0.0824381 0.1316065
0.08126371 0.1277422 -0.002022003 7626883 0.05582357 0.08486914 0.1314732
0.08126371 0.1277422 -0.002022003 7717114 0.05582357 0.08486914 0.1314732
0.077335 0.1302611 -0.002242898 7827072 0.05273971 0.087139 0.1313303
0.07335846 0.1327016 -0.002404158 7957185 0.04971945 0.0891956 0.1312173
0.07335846 0.1327016 -0.002404158 8057279 0.04971945 0.0891956 0.1312173
0.06971508 0.1349834 -0.002575253 8167367 0.04674986 0.09103332 0.1310183
0.0653895 0.1371268 -0.002844666 8287479 0.04360086 0.0927447 0.1308032
0.0653895 0.1371268 -0.002844666 8407595 0.04360086 0.0927447 0.1308032
0.06116767 0.1391939 -0.003089403 8497673 0.04044166 0.09443533 0.1306019
0.05701423 0.1411911 -0.003338252 8617777 0.03726666 0.09611034 0.1303929
0.05701423 0.1411911 -0.003338252 8727876 0.03726666 0.09611034 0.1303929
0.05266111 0.1428394 -0.003649031 8868007 0.03397684 0.09765934 0.1302013
0.04845228 0.1445294 -0.003843432 8958084 0.0307278 0.09916126 0.1300738
0.04845228 0.1445294 -0.003843432 9068192 0.0307278 0.09916126 0.1300738
0.04417798 0.1463072 -0.003927891 9178291 0.02740566 0.1005813 0.1299903
0.03989789 0.1478248 -0.004010771 9298395 0.02408794 0.101848 0.1299386
0.03989789 0.1478248 -0.004010771 9398490 0.02408794 0.101848 0.1299386
0.03582545 0.1490152 -0.004107301 9508585 0.02081043 0.1029444 0.1299012
0.03162956 0.1504428 -0.004137103 9638698 0.0175947 0.10406 0.1298701
0.03162956 0.1504428 -0.004137103 9728788 0.0175947 0.10406 0.1298701
0.02744007 0.1514308 -0.004207258 9848908 0.01420182 0.1050204 0.1298714
0.02284348 0.1522484 -0.004383867 9989023 0.01057753 0.1059719 0.1298335
0.02284348 0.1522484 -0.004383867 10069091 0.01057753 0.1059719 0.1298335
0.01977524 0.1525071 -0.004538482 10189203 0.007012531 0.1068257 0.1298363
0.0149831 0.1532851 -0.00464282 10299299 0.003394321 0.1076287 0.1298468
0.0149831 0.1532851 -0.00464282 10429412 0.003394321 0.1076287 0.1298468
0.01061644 0.1535152 -0.004634594 10519493 -6.535649E-05 0.1081123 0.1300158
0.006202072 0.1537598 -0.004703407 10639602 -0.003760844 0.1085697 0.1300736
0.006202072 0.1537598 -0.004703407 10749701 -0.003760844 0.1085697 0.1300736
0.001560435 0.1539111 -0.004880761 10849795 -0.007418991 0.1088341 0.1300033
-0.003228665 0.1538156 -0.005057489 10969900 -0.01101068 0.1088718 0.1299453
-0.003228665 0.1538156 -0.005057489 11069990 -0.01101068 0.1088718 0.1299453
-0.007659614 0.1534712 -0.005274002 11190115 -0.01455835 0.1087301 0.1298441
-0.01190651 0.1528239 -0.00553978 11310215 -0.01821995 0.1084522 0.1297287
-0.01646405 0.1520628 -0.005914186 11410305 -0.02190292 0.1081327 0.1295362
-0.01646405 0.1520628 -0.005914186 11550432 -0.02190292 0.1081327 0.1295362
-0.02072132 0.1512606 -0.006303137 11640513 -0.02546296 0.1077166 0.1292981
-0.02539915 0.1500113 -0.006858055 11750612 -0.02913541 0.1069471 0.1289277
-0.02539915 0.1500113 -0.006858055 11860712 -0.02913541 0.1069471 0.1289277
-0.03012428 0.1490647 -0.007270162 11990821 -0.03269821 0.1061736 0.1285974
-0.03488296 0.1478446 -0.007773166 12080902 -0.03630164 0.1052703 0.1282109
-0.03488296 0.1478446 -0.007773166 12191010 -0.03630164 0.1052703 0.1282109
-0.03969949 0.1466007 -0.008210992 12331136 -0.03996423 0.1043854 0.1278921
-0.03969949 0.1466007 -0.008210992 12431218 -0.03996423 0.1043854 0.1278921
-0.04454845 0.1452169 -0.008642976 12531309 -0.04370403 0.1034836 0.1276063
-0.04924098 0.143718 -0.008933847 12661426 -0.04734007 0.1023543 0.1274175
-0.05385154 0.1420399 -0.009286557 12771538 -0.05092669 0.1011244 0.1271819
-0.05385154 0.1420399 -0.009286557 12871616 -0.05092669 0.1011244 0.1271819
-0.05857116 0.1401888 -0.009621148 12981723 -0.05451995 0.09979605 0.1269741
-0.06318 0.1383442 -0.009985303 13111833 -0.05813533 0.09846365 0.1267273
-0.06318 0.1383442 -0.009985303 13211923 -0.05813533 0.09846365 0.1267273
-0.06768462 0.1361157 -0.0103229 13312013 -0.06173131 0.09689461 0.1265439
-0.07211143 0.1337811 -0.01068786 13432122 -0.06520027 0.09522759 0.1263236
-0.07211143 0.1337811 -0.01068786 13542221 -0.06520027 0.09522759 0.1263236
-0.07653373 0.1313993 -0.01104346 13652328 -0.06858331 0.09337353 0.126059
-0.0809707 0.1289301 -0.01143107 13762420 -0.07193947 0.09141599 0.1257454
-0.0809707 0.1289301 -0.01143107 13892545 -0.07193947 0.09141599 0.1257454
-0.08540139 0.1262326 -0.01178569 13982627 -0.075333 0.08938491 0.1254991
-0.08979639 0.1233044 -0.01212255 14102735 -0.07879254 0.0872873 0.1253109
-0.08979639 0.1233044 -0.01212255 14212834 -0.07879254 0.0872873 0.1253109
-0.09401628 0.1201087 -0.01242334 14322926 -0.08223444 0.08506702 0.1251976
-0.09821135 0.1168295 -0.01264093 14433033 -0.08549339 0.08270167 0.1251263
-0.09821135 0.1168295 -0.01264093 14543132 -0.08549339 0.08270167 0.1251263
-0.1021198 0.1135361 -0.0129056 14653232 -0.08854729 0.08011852 0.1249541
-0.1059989 0.1100017 -0.01324234 14793350 -0.09144878 0.07728016 0.1246847
-0.1059989 0.1100017 -0.01324234 14883444 -0.09144878 0.07728016 0.1246847
-0.1097375 0.1064252 -0.01354993 14993543 -0.0943101 0.0743395 0.1244311
-0.1132222 0.1025425 -0.01397229 15103642 -0.09705132 0.07132601 0.1241229
-0.1132222 0.1025425 -0.01397229 15233747 -0.09705132 0.07132601 0.1241229
-0.11662 0.0985074 -0.01432842 15343847 -0.09972888 0.06825625 0.1238953
-0.1197805 0.09430598 -0.01476184 15443937 -0.1022522 0.06503617 0.1235938
-0.1197805 0.09430598 -0.01476184 15554041 -0.1022522 0.06503617 0.1235938
-0.1228964 0.09011411 -0.01508937 15674153 -0.1045814 0.0616728 0.1233372
-0.1259795 0.08603358 -0.01540694 15894364 -0.1067873 0.05813609 0.1230114
-0.1289994 0.08188974 -0.01568884 16014622 -0.1088637 0.05451547 0.1227
-0.1318631 0.07780444 -0.01590682 16274695 -0.110864 0.05092465 0.1224506
-0.1346318 0.07347631 -0.01606939 16494894 -0.1128411 0.04728924 0.1222985
-0.1394743 0.06433796 -0.01645461 16705079 -0.1166506 0.03998243 0.1220811
-0.1419933 0.05919694 -0.01652617 16945292 -0.1184398 0.03616117 0.1221131
-0.144009 0.05433356 -0.01669047 17165491 -0.1201033 0.03231644 0.122054
-0.1475507 0.0443288 -0.01699678 17385852 -0.1226861 0.02412783 0.1218554
-0.1495434 0.0391916 -0.01704389 17615901 -0.1240588 0.01983201 0.1218157
-0.1508055 0.03338813 -0.0172698 17836096 -0.1250029 0.01538788 0.1217139
-0.1518487 0.02216839 -0.01819808 18056485 -0.1262084 0.006791702 0.1211303
-0.1526118 0.01600944 -0.01835722 18306520 -0.1267123 0.002018323 0.1210691
-0.1526118 0.009686938 -0.01872001 18506701 -0.1268364 -0.002851257 0.1208675
-0.1526656 -0.00275744 -0.01911587 18736909 -0.1268985 -0.01272524 0.1206803
-0.1527783 -0.008766064 -0.01925031 18947107 -0.1268931 -0.01764739 0.1205972
-0.1517881 -0.0151645 -0.01959843 19187315 -0.1265543 -0.02266873 0.1204486
-0.1508883 -0.02749921 -0.01980609 19397513 -0.1256503 -0.03271807 0.1203441
-0.1500865 -0.03393007 -0.0198887 19627713 -0.1251934 -0.03781058 0.1203665
-0.1494748 -0.0404029 -0.01986132 19857920 -0.1247131 -0.04281236 0.1204502
-0.1472529 -0.05335368 -0.01990623 20068110 -0.1232015 -0.05283726 0.1205485
-0.1460605 -0.05965985 -0.01987896 20298322 -0.1222774 -0.05791641 0.1206115
-0.1444823 -0.06601859 -0.01988903 20508512 -0.1211218 -0.06304718 0.1206517
-0.1412938 -0.07899024 -0.01977614 20748732 -0.1185555 -0.07336367 0.1207855
-0.1389745 -0.08495416 -0.01994274 20958918 -0.1170752 -0.07813872 0.1206994
-0.1364066 -0.09146406 -0.01987154 21189122 -0.1154553 -0.08307005 0.1208297
-0.1299874 -0.1036297 -0.01979438 21429339 -0.1109853 -0.09289301 0.1210243
-0.1270384 -0.109602 -0.01950211 21639703 -0.1085727 -0.09777356 0.1213005
-0.1242393 -0.1158899 -0.01895229 21869736 -0.1061558 -0.1025759 0.1217672
-0.1167014 -0.1266316 -0.01822737 22069925 -0.1004775 -0.1109208 0.1224716
-0.1122371 -0.1316077 -0.01781285 22310137 -0.09712982 -0.1149169 0.1228976
-0.1076795 -0.1359887 -0.0173592 22550350 -0.09371871 -0.1185277 0.1233762
-0.09808785 -0.1434697 -0.01631433 22750539 -0.08627748 -0.1248616 0.124471
-0.09273469 -0.1473117 -0.01551453 23000911 -0.08206782 -0.1280376 0.1252725
-0.08168066 -0.1532179 -0.01434598 23190928 -0.07343492 -0.1330947 0.1264849
-0.07592869 -0.1557747 -0.0137074 23421160 -0.06900251 -0.1351315 0.1271192
-0.06976745 -0.1576908 -0.01315994 23661353 -0.06449515 -0.136811 0.1277035
-0.05692306 -0.161087 -0.0115771 23881722 -0.05496398 -0.1394618 0.1292589
-0.05019206 -0.1624771 -0.01066196 24121768 -0.04995731 -0.1405606 0.1301424
-0.04345205 -0.1633829 -0.009845738 24311940 -0.04480082 -0.1415917 0.1309718
-0.03016824 -0.1643173 -0.008214806 24532139 -0.03439713 -0.143173 0.1326443
-0.02342659 -0.1644983 -0.007473206 24762354 -0.02929157 -0.1434502 0.1333417
-0.01657939 -0.1650316 -0.006547844 24992554 -0.0240922 -0.143643 0.1341374
-0.002673417 -0.1648609 -0.005041723 25222766 -0.01348767 -0.1434993 0.1354325
0.003991127 -0.164137 -0.004420613 25442969 -0.008276999 -0.1432206 0.1360011
0.01070778 -0.1634669 -0.003688012 25663163 -0.002998233 -0.1428449 0.1366442
0.02423285 -0.1611146 -0.002482747 25883358 0.007222385 -0.1411114 0.1375771
0.03088038 -0.1595013 -0.001959388 26113574 0.01229309 -0.1398379 0.1379482
0.03725003 -0.1577346 -0.001397317 26333773 0.01720116 -0.1384119 0.1383558
0.04967459 -0.1532315 -0.0004633415 26563968 0.02686638 -0.1350248 0.1390162
0.05584091 -0.1502235 -0.0001592088 26794180 0.03160527 -0.1330003 0.1392045
0.06166297 -0.1472544 0.0001763952 27004370 0.03628066 -0.1307845 0.139427
0.07341087 -0.1410475 0.001053358 27244586 0.0453794 -0.1258042 0.1399351
0.07887016 -0.1382183 0.001489485 27444945 0.05014241 -0.1233115 0.1402654
0.08444941 -0.134351 0.001750643 27674983 0.05446303 -0.1205241 0.140372
0.09498266 -0.1270999 0.002590205 27885165 0.06275973 -0.1146051 0.1408357
0.100027 -0.1228162 0.00280186 28125385 0.06686705 -0.1115061 0.1409277
0.1049706 -0.1187588 0.003119315 28375607 0.07071722 -0.1081431 0.1410333
0.1144103 -0.11065 0.003830905 28565783 0.07829237 -0.1016472 0.1413834
0.1184284 -0.1061634 0.004062201 28785977 0.0818308 -0.09839834 0.1415634
0.1224364 -0.1014865 0.004312153 29036207 0.0852644 -0.09491123 0.1417213
0.1296792 -0.09164752 0.004608895 29236388 0.09128238 -0.08740474 0.1417728
0.1322615 -0.08712031 0.004588689 29456583 0.0938202 -0.08334459 0.1417538
0.1350929 -0.08160365 0.004422749 29686798 0.09628578 -0.07906403 0.1415133
0.1399973 -0.07073332 0.004064824 29906989 0.1006145 -0.07060982 0.1410146
0.1421507 -0.06536366 0.003878589 30127188 0.1025242 -0.06646169 0.1407537
0.1442541 -0.06003166 0.003673131 30357570 0.1044295 -0.06240858 0.1404745
0.1478544 -0.04967214 0.003381188 30607621 0.1079333 -0.05434025 0.1400954
0.1496242 -0.04459823 0.003187145 30797793 0.1094345 -0.05012656 0.1397905
0.1515456 -0.03940393 0.00304013 31018202 0.110955 -0.04574646 0.1394895
0.153547 -0.0290171 0.002277846 31248208 0.1134207 -0.03727723 0.1387619
0.1544694 -0.02333952 0.001873429 31488432 0.1145734 -0.03285028 0.1383436
0.1543359 -0.0118673 0.0008038533 31718628 0.1163042 -0.02412237 0.1375871
0.1544093 -0.006781587 0.0003502619 31918813 0.1169114 -0.01983942 0.1372066
0.1541056 -0.00159956 -7.567286E-05 32159021 0.1171574 -0.01564516 0.1368323
0.1531819 0.00813221 -0.0008183467 32359202 0.1173898 -0.007790218 0.1361913
0.1527449 0.01260745 -0.001160537 32589422 0.1173271 -0.004215131 0.1358388
0.1520158 0.01621734 -0.001413082 32819638 0.117115 -0.001185546 0.1356465
0.1508358 0.02210938 -0.001617347 33029815 0.1162996 0.004060855 0.1354511
0.1502468 0.02455794 -0.001422291 33280033 0.1158262 0.005992284 0.1356061
0.1492451 0.02600311 -0.00105602 33490223 0.1149365 0.007264486 0.135977
