0.1471477 0.006212123 0.01217314 0 0.07286891 -0.002599341 0.1334631
0.1471702 0.006712053 0.01219426 110087 0.07302274 -0.002399595 0.1335424
0.1472167 0.007515972 0.01224105 240197 0.07310945 -0.002100528 0.1335749
0.1472167 0.007515972 0.01224105 330274 0.07310945 -0.002100528 0.1335749
0.1471515 0.008594819 0.01222372 440373 0.07309532 -0.001636082 0.1335384
0.1471592 0.009757983 0.01220488 550473 0.07310961 -0.001019354 0.1334763
0.1471592 0.009757983 0.01220488 670585 0.07310961 -0.001019354 0.1334763
0.1470917 0.01114231 0.01209745 780697 0.07315917 -0.000248634 0.1333842
0.1468994 0.01292219 0.01201468 890796 0.07314488 0.0006362329 0.1333225
0.1468994 0.01292219 0.01201468 1000879 0.07314488 0.0006362329 0.1333225
0.1466257 0.01513133 0.011993 1111303 0.07300013 0.00163924 0.133251
0.1464518 0.01729609 0.01202881 1231087 0.07284939 0.002739185 0.1331777
0.1464518 0.01729609 0.01202881 1341186 0.07284939 0.002739185 0.1331777
0.1463004 0.01964395 0.0121513 1451302 0.07280511 0.004119615 0.1332451
0.1459719 0.02195391 0.01232463 1571398 0.07268287 0.00566583 0.133443
0.1459719 0.02195391 0.01232463 1691689 0.07268287 0.00566583 0.133443
0.1453165 0.02492231 0.0125009 1791593 0.07241486 0.007557265 0.1337035
0.1445311 0.0279834 0.01274092 1901696 0.07202804 0.009567761 0.1340275
0.1445311 0.0279834 0.01274092 2011795 0.07202804 0.009567761 0.1340275
0.1439518 0.03134179 0.01307179 2121891 0.07160121 0.01195095 0.1342974
0.1429976 0.0349265 0.01337211 2242003 0.07104573 0.01449396 0.1346639
0.1419017 0.03882039 0.01366259 2342094 0.0703989 0.01726317 0.1350252
0.1419017 0.03882039 0.01366259 2482224 0.0703989 0.01726317 0.1350252
0.1406756 0.04298524 0.0139327 2582318 0.06970523 0.02023748 0.1353904
0.1406756 0.04298524 0.0139327 2682405 0.06970523 0.02023748 0.1353904
0.1393387 0.0471839 0.01425918 2792504 0.06895652 0.02323332 0.135828
0.138011 0.05153664 0.01471887 2902595 0.06816016 0.02647647 0.1363704
0.138011 0.05153664 0.01471887 3022704 0.06816016 0.02647647 0.1363704
0.1363989 0.05583877 0.01524058 3132811 0.06719118 0.02977727 0.1370493
0.134633 0.06044927 0.01587243 3242902 0.06613168 0.03326749 0.1378354
0.134633 0.06044927 0.01587243 3363015 0.06613168 0.03326749 0.1378354
0.1329367 0.06500282 0.01659406 3463105 0.06505288 0.03667966 0.1386426
0.1309266 0.06967022 0.0174129 3593219 0.06376798 0.04007998 0.1395619
0.1287901 0.07417015 0.01820044 3683300 0.06246984 0.04345636 0.1405301
0.1287901 0.07417015 0.01820044 3803408 0.06246984 0.04345636 0.1405301
0.1264693 0.07857325 0.01891367 3913524 0.06111893 0.04681061 0.1414972
0.1238792 0.08281732 0.01955125 4033616 0.05956427 0.05009103 0.1424286
0.1238792 0.08281732 0.01955125 4133718 0.05956427 0.05009103 0.1424286
0.1211536 0.08694071 0.02001465 4253823 0.05801933 0.05336511 0.1432746
0.1182495 0.0908923 0.02036628 4363930 0.0564135 0.0564848 0.1440542
0.1182495 0.0908923 0.02036628 4474017 0.0564135 0.0564848 0.1440542
0.1150203 0.09504557 0.02054835 4584113 0.05465268 0.05955921 0.1446561
0.1114827 0.09876892 0.02043942 4694390 0.05280215 0.06233138 0.1450796
0.1114827 0.09876892 0.02043942 4804311 0.05280215 0.06233138 0.1450796
0.1074873 0.1025443 0.02027819 4914411 0.05060494 0.06512794 0.1454608
0.103549 0.1060802 0.02000212 5034702 0.04819122 0.06785636 0.1456234
0.103549 0.1060802 0.02000212 5144623 0.04819122 0.06785636 0.1456234
0.09933913 0.1093531 0.01969896 5254726 0.0453833 0.07064587 0.1457814
0.09512173 0.1127313 0.01938282 5364817 0.04243931 0.07344642 0.1458246
0.09512173 0.1127313 0.01938282 5504948 0.04243931 0.07344642 0.1458246
0.09057063 0.1158683 0.01885224 5595029 0.03932638 0.07611105 0.1457366
0.0856676 0.1183574 0.01819931 5705128 0.0359271 0.07843756 0.1456298
0.0856676 0.1183574 0.01819931 5815414 0.0359271 0.07843756 0.1456298
0.08048964 0.1210243 0.01757178 5935336 0.03241032 0.08075564 0.1455291
0.0751235 0.1233816 0.01700469 6035439 0.02865715 0.08278436 0.1454531
0.0751235 0.1233816 0.01700469 6155531 0.02865715 0.08278436 0.1454531
0.06951123 0.1255681 0.01653237 6285648 0.02454923 0.08468898 0.145426
0.06377892 0.1278253 0.0162312 6385739 0.02030016 0.0865588 0.1455097
0.06377892 0.1278253 0.0162312 6495834 0.02030016 0.0865588 0.1455097
0.05785528 0.1299223 0.0159882 6595936 0.0156638 0.08826831 0.1455686
0.05210058 0.1321215 0.01596195 6716045 0.01089084 0.08990432 0.145676
0.05210058 0.1321215 0.01596195 6826144 0.01089084 0.08990432 0.145676
0.04628704 0.1343299 0.01603438 6936235 0.005986929 0.09150022 0.1458334
0.04004544 0.1357231 0.01588236 7076362 0.0009033084 0.09269028 0.1459682
0.04004544 0.1357231 0.01588236 7166447 0.0009033084 0.09269028 0.1459682
0.03350565 0.1370502 0.01572399 7276551 -0.004143298 0.09373764 0.1461573
0.02677946 0.1389548 0.01576917 7386650 -0.009213328 0.09471929 0.1463601
0.02677946 0.1389548 0.01576917 7496741 -0.009213328 0.09471929 0.1463601
0.02025998 0.1399659 0.01584252 7616850 -0.01427925 0.09528501 0.1466742
0.01350974 0.1409416 0.01602025 7726949 -0.0196389 0.09598453 0.1471167
0.01350974 0.1409416 0.01602025 7827035 -0.0196389 0.09598453 0.1471167
0.006958067 0.1417298 0.01629973 7947148 -0.02496272 0.09651363 0.1476116
-8.60095E-05 0.1421622 0.01659212 8057251 -0.03040791 0.09674979 0.1482149
-8.60095E-05 0.1421622 0.01659212 8167350 -0.03040791 0.09674979 0.1482149
-0.006992996 0.1425753 0.01695551 8277446 -0.03570759 0.09689874 0.1488471
-0.01430297 0.1423317 0.01725715 8397554 -0.04108816 0.09670006 0.1495695
-0.01430297 0.1423317 0.01725715 8497653 -0.04108816 0.09670006 0.1495695
-0.02123898 0.1421778 0.01774265 8637779 -0.04641113 0.09648334 0.1503498
-0.02806786 0.1419728 0.01825017 8727856 -0.05177358 0.09619817 0.1510996
-0.02806786 0.1419728 0.01825017 8837960 -0.05177358 0.09619817 0.1510996
-0.03540859 0.1412435 0.01876824 8958060 -0.05729682 0.09547894 0.1519326
-0.04110396 0.140513 0.01930423 9078168 -0.06214169 0.09485064 0.1526407
-0.04807344 0.1391536 0.01968521 9178259 -0.06733897 0.0937665 0.153383
-0.04807344 0.1391536 0.01968521 9288358 -0.06733897 0.0937665 0.153383
-0.05370495 0.137467 0.02006912 9418500 -0.07187513 0.09247205 0.1540525
-0.05370495 0.137467 0.02006912 9518712 -0.07187513 0.09247205 0.1540525
-0.05947134 0.1353581 0.02042178 9628677 -0.07636663 0.09083782 0.1547302
-0.0651013 0.1324335 0.02064115 9738768 -0.08091438 0.08866203 0.155327
-0.0651013 0.1324335 0.02064115 9848880 -0.08091438 0.08866203 0.155327
-0.07155684 0.128708 0.02066236 9958963 -0.08561248 0.08609855 0.1559145
-0.0771313 0.1264606 0.02120488 10069063 -0.08978581 0.08405209 0.1566583
-0.0771313 0.1264606 0.02120488 10219210 -0.08978581 0.08405209 0.1566583
-0.0826669 0.1226255 0.02120568 10299274 -0.0940823 0.08130618 0.1571051
-0.08807015 0.1187339 0.02136937 10409370 -0.09806561 0.0783025 0.1576472
-0.09348467 0.1148889 0.02156622 10519659 -0.1020559 0.07519517 0.1581576
-0.09348467 0.1148889 0.02156622 10629585 -0.1020559 0.07519517 0.1581576
-0.09889109 0.1106286 0.02175673 10739830 -0.1058519 0.07175702 0.1586757
-0.09889109 0.1106286 0.02175673 10849775 -0.1058519 0.07175702 0.1586757
-0.1039681 0.1060451 0.02187979 10989893 -0.1092399 0.06793819 0.1590889
-0.1091871 0.1015135 0.02205194 11079975 -0.1125489 0.06389213 0.159455
-0.1142455 0.09648588 0.02234012 11190078 -0.1157383 0.05957431 0.1599685
-0.1142455 0.09648588 0.02234012 11310183 -0.1157383 0.05957431 0.1599685
-0.1190849 0.09127349 0.02273528 11430477 -0.118972 0.05527688 0.1606138
-0.1234124 0.0859607 0.02315125 11540402 -0.1221894 0.05106724 0.1613077
-0.1234124 0.0859607 0.02315125 11640481 -0.1221894 0.05106724 0.1613077
-0.1272392 0.08058077 0.0235418 11770614 -0.1253287 0.04697729 0.1620099
-0.1310152 0.07495569 0.02395354 11860683 -0.1284032 0.04276607 0.1627457
-0.1310152 0.07495569 0.02395354 11990805 -0.1284032 0.04276607 0.1627457
-0.134519 0.06936453 0.02432381 12091037 -0.1312149 0.03846499 0.1633942
-0.1382102 0.06315482 0.02462633 12251036 -0.1338622 0.03385511 0.1640138
-0.1413704 0.05722076 0.0249129 12461229 -0.1364301 0.02922803 0.1645491
-0.1441805 0.05134347 0.02521959 12691437 -0.1387808 0.02457069 0.1650778
-0.1471755 0.04534108 0.02557648 12921637 -0.1410218 0.01998141 0.1656668
-0.1508731 0.03340699 0.02610112 13131847 -0.1445149 0.01073191 0.1666417
-0.1526593 0.02694062 0.02633219 13362034 -0.1457029 0.005780161 0.1670806
-0.1540166 0.02033495 0.02648405 13582233 -0.1465012 0.0005694362 0.1674064
-0.1550344 0.007469154 0.02692395 13802432 -0.1471545 -0.01011401 0.1681153
-0.1549208 0.0004412326 0.02704312 14032793 -0.1473583 -0.01512508 0.1684884
-0.1542257 -0.006451307 0.02722367 14262847 -0.147099 -0.02050715 0.1688496
-0.1515135 -0.01983456 0.02723843 14503064 -0.1453878 -0.03074194 0.1691883
-0.1501979 -0.0264281 0.02728446 14703245 -0.1443596 -0.0360634 0.1693385
-0.1479771 -0.03297144 0.02730965 14953487 -0.1428511 -0.04139071 0.1694683
-0.1429698 -0.04612626 0.02719164 15143650 -0.1392695 -0.05124814 0.1695515
-0.1398248 -0.05302824 0.02708786 15373850 -0.1371997 -0.05613487 0.1695298
-0.1367164 -0.05925193 0.02695383 15594061 -0.1348202 -0.06079216 0.1694329
-0.1296554 -0.07070994 0.02675081 15814247 -0.1294148 -0.07000982 0.1692489
-0.1265644 -0.07705206 0.02666436 16044455 -0.1265912 -0.07470074 0.169145
-0.1222682 -0.08236185 0.02660844 16264654 -0.1234171 -0.07876389 0.1690584
-0.1132902 -0.09305863 0.02627559 16514879 -0.1170145 -0.08653944 0.1685776
-0.1087965 -0.09858298 0.02608337 16705051 -0.1135182 -0.09033813 0.1682663
-0.1044257 -0.1038721 0.02587114 16935259 -0.1097544 -0.09411558 0.1679368
-0.09602162 -0.1133713 0.02550859 17155466 -0.1019325 -0.1013961 0.1673815
-0.0912199 -0.1173292 0.02540497 17385844 -0.09809878 -0.1045866 0.1671673
-0.08631808 -0.1212223 0.02542012 17615893 -0.09424952 -0.1073508 0.1670214
-0.07486847 -0.1283885 0.0255397 17826063 -0.08664757 -0.1118822 0.1665895
-0.06905788 -0.1316228 0.02538609 18056270 -0.08250627 -0.1139152 0.1661406
-0.06354654 -0.1345377 0.02530602 18266468 -0.07828969 -0.1159184 0.165813
-0.05255383 -0.1391758 0.0252496 18506677 -0.06964675 -0.1191431 0.1652952
-0.04641205 -0.140535 0.02530346 18747506 -0.06535935 -0.1202425 0.1650728
-0.04109719 -0.1431331 0.02565186 18957087 -0.0613482 -0.1214635 0.1650311
-0.0288437 -0.1448437 0.02578051 19177282 -0.05202049 -0.122494 0.1645954
-0.02284923 -0.1449455 0.02577741 19387480 -0.04716635 -0.1227123 0.1644159
-0.01696029 -0.1441176 0.02555007 19617679 -0.04245496 -0.1226317 0.1640947
-0.004489809 -0.1429348 0.02561106 19857896 -0.03298587 -0.1216034 0.1635937
0.002200589 -0.142211 0.02578224 20068098 -0.02826363 -0.1207827 0.1633286
0.008285969 -0.1412882 0.02580514 20298298 -0.02360577 -0.1198079 0.1630195
0.01985551 -0.1382242 0.02564263 20518496 -0.01420444 -0.1173174 0.1624238
0.02565357 -0.1364586 0.02563025 20728690 -0.009488821 -0.1159263 0.1621941
0.03153782 -0.1344291 0.0256646 20948881 -0.004847884 -0.1142853 0.1619605
0.04327041 -0.1308039 0.02569954 21189098 0.004523724 -0.1106807 0.1613461
0.04925385 -0.1289803 0.02577789 21419484 0.00928703 -0.1087527 0.1610545
0.0603811 -0.1246927 0.02538443 21629503 0.01863666 -0.104666 0.160153
0.0658856 -0.1215627 0.02510958 21849694 0.02319807 -0.1022431 0.1596859
0.07140175 -0.1191528 0.02488405 22099920 0.02756877 -0.09992089 0.1591043
0.08193646 -0.1130462 0.02422563 22300100 0.03630672 -0.09454283 0.1579485
0.08701922 -0.1095935 0.02381704 22540321 0.0405575 -0.09168038 0.1573337
0.09161998 -0.1055557 0.02312682 22750511 0.0446053 -0.08871458 0.1565894
0.101612 -0.09759592 0.02232639 22970709 0.05239804 -0.08195702 0.1551408
0.1055209 -0.09405696 0.02193286 23190904 0.05586326 -0.07864346 0.1546083
0.1097115 -0.0897652 0.02143311 23441130 0.05950938 -0.07524566 0.1540045
0.1173663 -0.08077569 0.02054307 23641311 0.06611528 -0.06792562 0.1528853
0.1207939 -0.07583944 0.02024136 23861509 0.0689858 -0.06390905 0.1524527
0.1240985 -0.07097825 0.02007974 24091911 0.07167931 -0.05984725 0.1521198
0.1299959 -0.06057221 0.01978798 24321925 0.07659979 -0.05172446 0.1516091
0.1323666 -0.055096 0.01957289 24562141 0.07883154 -0.04759306 0.1514212
0.1343248 -0.04953907 0.01924899 24762338 0.08088641 -0.04343388 0.1512085
0.137541 -0.03728079 0.01865989 24992692 0.08416802 -0.03463175 0.1507604
0.1387755 -0.03132375 0.01849344 25212737 0.08543818 -0.03022968 0.1506304
0.1397572 -0.02530872 0.01841196 25452958 0.08645755 -0.02595831 0.150567
0.1411525 -0.01307901 0.01838654 25653122 0.08817765 -0.01749049 0.1506003
0.1416808 -0.007033782 0.01835899 25893347 0.08887362 -0.01337879 0.1505611
0.1417161 -0.001208053 0.01817648 26133560 0.08940315 -0.009287073 0.1504804
0.141293 0.009308916 0.01790767 26323747 0.0900359 -0.001681047 0.150415
0.1411287 0.01373685 0.01785128 26563952 0.09007211 0.001603687 0.1503362
0.141077 0.01787309 0.01781591 26774324 0.09005038 0.004730601 0.1502162
0.139883 0.02391897 0.01724027 27004345 0.08991492 0.009367201 0.1498966
0.139253 0.02622374 0.01689209 27244582 0.08958992 0.01105919 0.1495942
0.138321 0.02794588 0.01663999 27444743 0.08837107 0.01259397 0.1492129
0.1378065 0.0272373 0.01683046 27664942 0.0873073 0.01217932 0.1492289
0.1379274 0.02707475 0.01743183 27905162 0.08647846 0.01149978 0.1494042
0.1377279 0.02487243 0.01808161 28125369 0.08550933 0.009378571 0.1497608
0.1382832 0.01983809 0.02079046 28335551 0.08374952 0.003144535 0.1513801
