0.1473846 0.002804989 0.002233818 0 0.1787389 0.03076643 0.2202784
0.1476396 0.003027403 0.002484709 120101 0.1787506 0.03051099 0.2204482
0.1476396 0.003027403 0.002484709 220199 0.1787506 0.03051099 0.2204482
0.1476952 0.003317185 0.00267227 340304 0.1787799 0.03028475 0.22068
0.1476893 0.003496458 0.002925426 450403 0.1787373 0.03032594 0.2209556
0.1476893 0.003496458 0.002925426 560518 0.1787373 0.03032594 0.2209556
0.1478152 0.003495174 0.003322855 680607 0.1787032 0.03062578 0.2211845
0.1478409 0.003698809 0.003515407 790706 0.1787514 0.0309309 0.2213017
0.1478409 0.003698809 0.003515407 900813 0.1787514 0.0309309 0.2213017
0.1479387 0.004031416 0.003630936 1010913 0.1787604 0.03115093 0.2213659
0.1482192 0.004391583 0.003727719 1131017 0.1786634 0.03132241 0.2213556
0.1482192 0.004391583 0.003727719 1231103 0.1786634 0.03132241 0.2213556
0.1485219 0.004839002 0.003724813 1351212 0.17858 0.03153026 0.2212472
0.1487146 0.005255712 0.003555894 1461327 0.1785933 0.03174733 0.2210151
0.1487146 0.005255712 0.003555894 1571410 0.1785933 0.03174733 0.2210151
0.148903 0.005671754 0.003382042 1681510 0.1785362 0.03206454 0.2207871
0.1492627 0.006334431 0.00331986 1801618 0.1783895 0.0326523 0.2205797
0.1492627 0.006334431 0.00331986 1911718 0.1783895 0.0326523 0.2205797
0.1493907 0.007276108 0.003264174 2021821 0.1781413 0.03342524 0.2205793
0.1496136 0.008219017 0.00341922 2151938 0.1778685 0.03435601 0.2206807
0.1495818 0.009564192 0.003550932 2252037 0.1774986 0.03552512 0.2209902
0.1495818 0.009564192 0.003550932 2352127 0.1774986 0.03552512 0.2209902
0.1494994 0.01107375 0.003741801 2462227 0.1770967 0.03687691 0.2213904
0.1494994 0.01107375 0.003741801 2582331 0.1770967 0.03687691 0.2213904
0.1492041 0.01265948 0.003866449 2692422 0.1766382 0.03833879 0.2218812
0.1490035 0.01455455 0.00410898 2802521 0.1761871 0.04012193 0.2224095
0.1490035 0.01455455 0.00410898 2932643 0.1761871 0.04012193 0.2224095
0.1485899 0.01637972 0.004227683 3022728 0.1755333 0.04196356 0.2230105
0.148096 0.01846145 0.004182398 3132820 0.1748374 0.04393902 0.2235564
0.148096 0.01846145 0.004182398 3252928 0.1748374 0.04393902 0.2235564
0.1474659 0.02079095 0.004048452 3363035 0.1741333 0.04604034 0.2241354
0.1465769 0.02334668 0.003780484 3473155 0.1733919 0.04820621 0.2247989
0.1457372 0.02598914 0.003585234 3583591 0.1725368 0.05048928 0.22552
0.1457372 0.02598914 0.003585234 3723361 0.1725368 0.05048928 0.22552
0.1448129 0.02872787 0.003369644 3813434 0.1715509 0.05299787 0.2262887
0.1436589 0.03130168 0.003026858 3923533 0.170525 0.05563692 0.2270367
0.1436589 0.03130168 0.003026858 4033637 0.170525 0.05563692 0.2270367
0.1423147 0.03392998 0.002522513 4143748 0.1695011 0.05831222 0.2277434
0.1408999 0.03697794 0.002032802 4253831 0.1683889 0.06094291 0.2285997
0.1408999 0.03697794 0.002032802 4363935 0.1683889 0.06094291 0.2285997
0.1392524 0.03998752 0.001749068 4484039 0.1671029 0.06342403 0.2298393
0.1375077 0.04311009 0.001703545 4604155 0.1657095 0.06590186 0.2313898
0.1375077 0.04311009 0.001703545 4704238 0.1657095 0.06590186 0.2313898
0.1354143 0.04625583 0.001762778 4834363 0.164046 0.06853774 0.233281
0.1334837 0.04934025 0.00216417 4934445 0.1624526 0.0714329 0.2353032
0.1334837 0.04934025 0.00216417 5044545 0.1624526 0.0714329 0.2353032
0.131382 0.05229357 0.002549753 5154644 0.1608632 0.07430517 0.2373681
0.1293828 0.05541662 0.00289762 5264747 0.1592964 0.07702645 0.2393633
0.1293828 0.05541662 0.00289762 5374847 0.1592964 0.07702645 0.2393633
0.1273807 0.05851148 0.003270328 5494951 0.1576513 0.07967595 0.2413933
0.1252112 0.06166055 0.003774881 5605051 0.1558702 0.08238041 0.2436582
0.1252112 0.06166055 0.003774881 5715150 0.1558702 0.08238041 0.2436582
0.1230518 0.06494801 0.004509777 5825257 0.1539838 0.08525351 0.2461436
0.1209045 0.06816227 0.005270407 5935349 0.1520087 0.08810138 0.2486419
0.1209045 0.06816227 0.005270407 6055457 0.1520087 0.08810138 0.2486419
0.1187654 0.07147153 0.005890653 6155547 0.1499829 0.09076951 0.251022
0.1165538 0.07485335 0.006318256 6275838 0.1479732 0.09350975 0.2532164
0.1165538 0.07485335 0.006318256 6385763 0.1479732 0.09350975 0.2532164
0.114139 0.07811522 0.006557465 6495863 0.1460001 0.09645171 0.2552485
0.1119131 0.08139928 0.006970882 6605954 0.1440122 0.09964383 0.2573064
0.1119131 0.08139928 0.006970882 6716057 0.1440122 0.09964383 0.2573064
0.1097246 0.08475848 0.007422149 6846171 0.1418693 0.1028296 0.2594063
0.1074264 0.08825698 0.007917702 6946261 0.1396694 0.1058537 0.2616165
0.1074264 0.08825698 0.007917702 7056547 0.1396694 0.1058537 0.2616165
0.1052373 0.09178964 0.008367732 7166468 0.1373996 0.1087939 0.263725
0.1030241 0.09521953 0.008840039 7286742 0.1351742 0.1117397 0.2658101
0.1030241 0.09521953 0.008840039 7386658 0.1351742 0.1117397 0.2658101
0.1006385 0.09858933 0.009237498 7496758 0.1328139 0.1148059 0.2678815
0.09789591 0.1017101 0.009524465 7626891 0.1303127 0.1179033 0.269971
0.09789591 0.1017101 0.009524465 7726974 0.1303127 0.1179033 0.269971
0.09525901 0.1046636 0.01008944 7837069 0.1277126 0.1210949 0.272253
0.09251902 0.1076859 0.01065022 7947164 0.125046 0.1241621 0.2745598
0.09251902 0.1076859 0.01065022 8067281 0.125046 0.1241621 0.2745598
0.08958627 0.1105798 0.01119567 8177380 0.1223047 0.1269249 0.2769072
0.08629128 0.1135162 0.01174273 8287475 0.1194409 0.1295427 0.279373
0.08629128 0.1135162 0.01174273 8397571 0.1194409 0.1295427 0.279373
0.08311333 0.1160335 0.01249534 8517679 0.1165661 0.1321666 0.2819155
0.07976755 0.1181686 0.01319517 8627778 0.1136278 0.1347289 0.2843963
0.07976755 0.1181686 0.01319517 8747887 0.1136278 0.1347289 0.2843963
0.07624303 0.12023 0.01402886 8837964 0.1105938 0.137176 0.2870229
0.07261224 0.1221242 0.01477005 8958076 0.1074853 0.1393223 0.2895295
0.07261224 0.1221242 0.01477005 9068184 0.1074853 0.1393223 0.2895295
0.06920551 0.1240629 0.0155029 9188284 0.1043304 0.1413172 0.291902
0.06549405 0.1258704 0.01615259 9298396 0.1011326 0.143216 0.2941903
0.06549405 0.1258704 0.01615259 9398482 0.1011326 0.143216 0.2941903
0.06182031 0.1272952 0.0166924 9518590 0.09796032 0.144959 0.2962493
0.05836124 0.1286605 0.017162 9628690 0.09470157 0.1466102 0.2981238
0.05836124 0.1286605 0.017162 9738781 0.09470157 0.1466102 0.2981238
0.05467341 0.1300051 0.0174621 9858897 0.09143908 0.1481047 0.2997764
0.0510634 0.1310032 0.01769984 9968993 0.08813104 0.1494683 0.3012593
0.0510634 0.1310032 0.01769984 10079096 0.08813104 0.1494683 0.3012593
0.04727945 0.1322019 0.01788296 10189196 0.0847556 0.150715 0.302628
0.04357778 0.1331486 0.01800442 10319321 0.08131 0.1517308 0.3038349
0.03987879 0.1340832 0.01810278 10409406 0.07783234 0.1526995 0.3049225
0.03987879 0.1340832 0.01810278 10519485 0.07783234 0.1526995 0.3049225
0.03642951 0.1348324 0.01812936 10639602 0.07429655 0.1535444 0.3058453
0.03260752 0.1355595 0.01820403 10749697 0.07070661 0.1544162 0.3067286
0.03260752 0.1355595 0.01820403 10869814 0.07070661 0.1544162 0.3067286
0.0288863 0.1360071 0.01838662 10969892 0.0671044 0.1551944 0.3076188
0.02522738 0.1363581 0.01867078 11090008 0.06341702 0.1559905 0.308535
0.02522738 0.1363581 0.01867078 11190091 0.06341702 0.1559905 0.308535
0.02172202 0.1366781 0.01897989 11310207 0.05963569 0.1565694 0.3094232
0.01808891 0.1370953 0.01923253 11440321 0.05589433 0.1569388 0.3101357
0.01808891 0.1370953 0.01923253 11530398 0.05589433 0.1569388 0.3101357
0.01449151 0.1375136 0.01952271 11640501 0.05226401 0.1573108 0.310763
0.01449151 0.1375136 0.01952271 11760614 0.05226401 0.1573108 0.310763
0.01069122 0.1375232 0.01990376 11880714 0.0485142 0.1577575 0.3113618
0.007122965 0.1373984 0.02025801 11980812 0.04468494 0.158198 0.3118965
0.00359607 0.1371257 0.02054346 12090908 0.04093425 0.1584465 0.3122527
0.00359607 0.1371257 0.02054346 12221025 0.04093425 0.1584465 0.3122527
-0.0002494547 0.1371032 0.02075294 12311110 0.03716703 0.1586049 0.3123499
-0.004037692 0.1373653 0.02075465 12431215 0.03360604 0.1586899 0.3120936
-0.004037692 0.1373653 0.02075465 12551323 0.03360604 0.1586899 0.3120936
-0.007841052 0.1372008 0.02068119 12651409 0.03013488 0.1586684 0.3116133
-0.01148188 0.1372907 0.02055635 12761509 0.02648822 0.1587438 0.3110949
-0.01148188 0.1372907 0.02055635 12871616 0.02648822 0.1587438 0.3110949
-0.0147818 0.1374131 0.02002081 12991716 0.02282966 0.1587513 0.3102305
-0.01900274 0.1371573 0.02002707 13101816 0.01925319 0.1588213 0.309364
-0.01900274 0.1371573 0.02002707 13211935 0.01925319 0.1588213 0.309364
-0.02278813 0.1372817 0.01954417 13322023 0.01571085 0.1586899 0.3081162
-0.02701907 0.1368959 0.01940604 13462145 0.0122294 0.1584103 0.3068357
-0.02701907 0.1368959 0.01940604 13562235 0.0122294 0.1584103 0.3068357
-0.03097159 0.1368893 0.01895982 13662322 0.008705026 0.1582356 0.3053196
-0.03446164 0.1368127 0.01817493 13772429 0.00521049 0.1580001 0.3036574
-0.03446164 0.1368127 0.01817493 13882528 0.00521049 0.1580001 0.3036574
-0.03852294 0.1361981 0.01804997 14012638 0.00178508 0.1578439 0.3021359
-0.04267192 0.1351359 0.01820193 14112728 -0.001507763 0.15758 0.3006324
-0.04267192 0.1351359 0.01820193 14242846 -0.001507763 0.15758 0.3006324
-0.04616892 0.1345804 0.01778208 14352945 -0.004703715 0.1571487 0.2989463
-0.04905719 0.1346693 0.01668829 14443034 -0.007820473 0.1565637 0.2970463
-0.04905719 0.1346693 0.01668829 14553134 -0.007820473 0.1565637 0.2970463
-0.05249605 0.1339259 0.01642227 14663225 -0.01075206 0.1557581 0.2953492
-0.05620814 0.1325385 0.01675352 14783333 -0.01344325 0.1547797 0.2937775
-0.05620814 0.1325385 0.01675352 15033559 -0.01344325 0.1547797 0.2937775
-0.06217911 0.1310516 0.01556043 15123640 -0.01852886 0.1525845 0.2899638
-0.06217911 0.1310516 0.01556043 15263763 -0.01852886 0.1525845 0.2899638
-0.06524352 0.1296498 0.01521811 15503984 -0.02082171 0.1513811 0.2880187
-0.07098509 0.1268256 0.01449272 15714173 -0.02540384 0.1491216 0.2842732
-0.07485428 0.1236655 0.0163822 15944381 -0.02730425 0.1478205 0.2829087
-0.07674202 0.1229991 0.01451954 16184857 -0.02947476 0.146361 0.2806965
-0.08196944 0.1190266 0.01443362 16384957 -0.0333417 0.1430608 0.2772858
-0.08410595 0.1172256 0.01339422 16645017 -0.03523456 0.1413515 0.2752596
-0.08854274 0.1130756 0.0126736 16825176 -0.03872193 0.1378001 0.2718464
-0.09082602 0.1104953 0.01244453 17055388 -0.04043601 0.1360125 0.2700677
-0.09299251 0.1084858 0.01186194 17285595 -0.04202258 0.1340299 0.2681881
-0.09522908 0.1065435 0.01125212 17505790 -0.04344834 0.1319413 0.2661765
-0.09988783 0.1021906 0.01050244 17725989 -0.0461252 0.1279117 0.2621013
-0.1019534 0.09970675 0.01009452 17956197 -0.04739313 0.1257193 0.2602353
-0.1040929 0.09753345 0.009768471 18176395 -0.04874253 0.1237427 0.2583887
-0.1080273 0.09280033 0.008778811 18396602 -0.05111517 0.1197548 0.2546217
-0.1101047 0.09060752 0.008541271 18636811 -0.05219362 0.1177469 0.2527582
-0.1121758 0.08828397 0.008101746 18837170 -0.05313366 0.1155639 0.2507249
-0.1164033 0.08356075 0.007378519 19067199 -0.0551417 0.1112734 0.246669
-0.1184156 0.08133745 0.00661391 19317660 -0.05617166 0.1090337 0.2445875
-0.1224126 0.07622162 0.00587225 19517606 -0.05811973 0.1047376 0.2406513
-0.1241638 0.07380296 0.005255386 19767840 -0.05903987 0.1025934 0.2388293
-0.1258375 0.07087153 0.005337402 19958003 -0.0598414 0.1003046 0.2372872
-0.1274815 0.06847177 0.005157605 20188227 -0.06063227 0.0978855 0.2357858
-0.1304501 0.0631913 0.004887462 20408568 -0.06208022 0.09293289 0.2330169
-0.1318889 0.06028813 0.004913419 20648643 -0.06275079 0.09064911 0.2316164
-0.1348294 0.05445898 0.004866198 20869003 -0.06407348 0.08610372 0.2286587
-0.1362104 0.05165685 0.004825786 21089024 -0.06473147 0.08383884 0.2272825
-0.1374823 0.04887228 0.004643708 21299213 -0.06535511 0.08151955 0.2259728
-0.1386154 0.04593793 0.004802793 21529433 -0.06596061 0.07922135 0.2248764
-0.1404295 0.04007407 0.004546255 21749774 -0.06690668 0.0745101 0.2228822
-0.1412557 0.03701957 0.004607871 21969827 -0.0673246 0.07201222 0.2220069
-0.1423913 0.03132898 0.00437893 22200026 -0.06789204 0.06700799 0.2207103
-0.1426521 0.02840442 0.004169434 22440263 -0.06806723 0.06445957 0.2203154
-0.1428388 0.02561786 0.004109025 22650441 -0.0681776 0.061907 0.2200556
-0.1428147 0.01986861 0.003497615 22880649 -0.06801298 0.05694517 0.2195715
-0.142625 0.01677817 0.003201172 23090838 -0.06784929 0.05458193 0.21939
-0.1422799 0.01359304 0.002784804 23321046 -0.06755514 0.05216879 0.2192698
-0.1418353 0.01046135 0.00232777 23571264 -0.06719126 0.04973709 0.2192348
-0.1406186 0.004378294 0.0013372 23761614 -0.06615508 0.0444924 0.2195323
-0.1399464 0.001325705 0.0008786321 23991643 -0.06549012 0.04175603 0.2197247
-0.138149 -0.005475179 -6.861985E-05 24211838 -0.06417743 0.03648771 0.2202903
-0.1371942 -0.00903569 -0.0004163831 24442050 -0.06347197 0.03370463 0.2206307
-0.136441 -0.01241375 -0.0007345378 24662252 -0.06279518 0.03080189 0.2208788
-0.1350001 -0.01953593 -0.00131768 24892456 -0.06155737 0.02498409 0.2212431
-0.1342856 -0.02337078 -0.001421943 25142682 -0.06094985 0.02204308 0.2213788
-0.1334575 -0.02737327 -0.001560092 25343041 -0.06039027 0.01901541 0.2216106
-0.1316959 -0.03504308 -0.001400426 25553052 -0.05934897 0.01277179 0.2224968
-0.1306546 -0.03895881 -0.001460418 25773255 -0.05881603 0.009514097 0.2230831
-0.1296004 -0.04289834 -0.0012656 26003459 -0.05823412 0.006203563 0.2237217
-0.127384 -0.05079439 -0.0004009157 26243675 -0.05701783 -0.0003519382 0.2251256
-0.1259104 -0.05533119 0.0002910495 26453881 -0.0562982 -0.003768205 0.2259979
-0.1244104 -0.05959034 0.0007093251 26684073 -0.05552331 -0.007157937 0.2269059
-0.1211316 -0.06813504 0.001598731 26884262 -0.05398184 -0.01425248 0.2291059
-0.1194283 -0.07223572 0.001575008 27114461 -0.053084 -0.01793892 0.2302554
-0.1176659 -0.07640719 0.002199411 27364683 -0.05222766 -0.02175278 0.2316098
-0.1137439 -0.08443961 0.002875417 27564868 -0.05017787 -0.02879806 0.2343111
-0.111736 -0.08837783 0.003410116 27805089 -0.04921952 -0.03215017 0.235703
-0.1096896 -0.09203955 0.003833309 28015274 -0.0481896 -0.03541613 0.2371628
-0.1055277 -0.09967693 0.004308105 28235477 -0.04609078 -0.04211346 0.2399458
-0.1034908 -0.1028683 0.004840389 28485699 -0.0449122 -0.04527396 0.2414857
-0.09884974 -0.109084 0.005724445 28685883 -0.04237472 -0.05116564 0.2448467
-0.0963911 -0.1118347 0.006190851 28906078 -0.04102914 -0.05388116 0.2466789
-0.09382837 -0.1144268 0.006835401 29146299 -0.03972765 -0.0564305 0.2486407
-0.09123677 -0.116941 0.007540882 29356493 -0.03831176 -0.05894263 0.2505916
-0.08598537 -0.1212403 0.008589059 29596713 -0.03505678 -0.06351872 0.2544179
-0.08308113 -0.1234334 0.008984685 29806895 -0.03339642 -0.06562652 0.2563923
-0.08063472 -0.1245141 0.01111633 30057368 -0.03173797 -0.06747033 0.2587588
-0.07426503 -0.1287348 0.01077513 30247288 -0.02799419 -0.07110839 0.2624274
-0.07188483 -0.129431 0.01241992 30507531 -0.02605019 -0.07257669 0.2645043
-0.06562486 -0.1323933 0.01190263 30697703 -0.02195088 -0.07501148 0.2676755
-0.0632043 -0.1328925 0.01321067 30917898 -0.01997949 -0.07585804 0.2694098
-0.06032787 -0.1338382 0.01327866 31178128 -0.01788706 -0.07670043 0.2708496
-0.05501826 -0.135134 0.01337034 31368296 -0.01351133 -0.0778901 0.2732425
-0.05239127 -0.1356486 0.01354308 31608525 -0.01141374 -0.07834467 0.2744308
-0.04957995 -0.1360353 0.01321864 31808697 -0.009122316 -0.0784211 0.2753485
-0.04345817 -0.137362 0.01276775 32038909 -0.004574833 -0.0791878 0.2774345
-0.04040568 -0.1378898 0.01277612 32259104 -0.002154851 -0.07959431 0.2784978
-0.03674108 -0.1387557 0.01224348 32499329 0.0002680001 -0.07996389 0.2794413
-0.0302278 -0.1400257 0.01182663 32729528 0.005287898 -0.08077286 0.2810689
-0.02670853 -0.1410216 0.01127647 32939718 0.007848899 -0.08128993 0.2815853
-0.02335709 -0.1420437 0.01085025 33189948 0.01057576 -0.08184124 0.2819235
-0.01703759 -0.1439587 0.01031977 33380124 0.01632823 -0.08291144 0.2822908
-0.01357945 -0.1452379 0.009792671 33610335 0.01926721 -0.08358537 0.2822392
-0.01004966 -0.1466173 0.009125516 33820521 0.0224016 -0.08431745 0.2819839
-0.002706102 -0.149716 0.007857278 34060730 0.02907767 -0.08575008 0.2809725
0.0009714702 -0.1511926 0.00745298 34280928 0.03231058 -0.0864491 0.2804816
0.005835567 -0.1530896 0.006505355 34512291 0.03541334 -0.08723716 0.2797636
0.01403266 -0.1557817 0.00503841 34721334 0.04231662 -0.08892635 0.2783293
0.01813613 -0.1570235 0.004332408 34961543 0.04595198 -0.08981559 0.2774962
0.02205251 -0.1579996 0.003807351 35191759 0.04955233 -0.09054422 0.2766812
0.03082351 -0.1593159 0.003088489 35401940 0.05641358 -0.09147605 0.2750357
0.0348488 -0.1599277 0.002904445 35622139 0.05982292 -0.0920344 0.2741775
0.03931351 -0.1602465 0.002435163 35842333 0.06352022 -0.09240557 0.2730713
0.04771262 -0.1603148 0.001791254 36092563 0.07089437 -0.0926967 0.2707143
0.05184193 -0.1600152 0.001686722 36282735 0.07439424 -0.09245359 0.2694664
0.05631602 -0.1593145 0.001550555 36522948 0.07789174 -0.09195864 0.268114
0.06416617 -0.1579821 0.0009838194 36733150 0.08495227 -0.09101588 0.2651305
0.06833262 -0.1570314 0.0007705986 36963349 0.08853932 -0.09025155 0.2634398
0.07194325 -0.1559748 0.0006630421 37203566 0.09187169 -0.0893615 0.2618804
0.07941175 -0.1527456 0.000637278 37403747 0.09814803 -0.0869962 0.2588669
0.0829741 -0.150803 0.000722453 37623949 0.1010758 -0.08560542 0.2574319
0.08633073 -0.1487117 0.0007805079 37844168 0.1040091 -0.08404738 0.2559729
0.09264792 -0.1441798 0.0007414073 38074352 0.1095434 -0.080806 0.253114
0.09574771 -0.1417729 0.0006620586 38324582 0.1120575 -0.07897507 0.251596
0.1014337 -0.1370616 0.0005334914 38534767 0.116684 -0.07489107 0.2484457
0.1038796 -0.1346614 0.000345856 38764979 0.1187987 -0.07290871 0.2470211
0.1063521 -0.132036 0.0001537204 38975169 0.1208191 -0.07076266 0.2455892
0.1112513 -0.1265159 -2.230704E-05 39195367 0.124461 -0.06602566 0.2427198
0.1135836 -0.1237892 -0.0002221912 39415761 0.1261784 -0.06365735 0.2412433
0.1156837 -0.1209209 -0.0005515516 39635781 0.1278155 -0.06123712 0.239854
0.1201158 -0.1149474 -0.001021937 39885995 0.1308944 -0.05619314 0.2369983
0.1220714 -0.1116623 -0.001288593 40076158 0.1323223 -0.05345225 0.2357142
0.123854 -0.1084192 -0.00147523 40316375 0.1336605 -0.05071211 0.2345447
0.1275965 -0.1011561 -0.001418903 40526581 0.1361417 -0.04469794 0.2323998
0.1293047 -0.09706764 -0.001193047 40776815 0.137313 -0.04162211 0.2316777
0.1309333 -0.09293498 -0.001050293 40996989 0.1385748 -0.03858625 0.2309585
0.1340114 -0.08457511 -0.0007549375 41207179 0.141005 -0.0322097 0.2295114
0.1350276 -0.08045543 -0.0005327016 41447400 0.1420386 -0.028631 0.2290005
0.1364755 -0.07583275 -0.0001115054 41667603 0.1429326 -0.02495122 0.2284999
0.1394165 -0.06623115 0.0005977154 41877788 0.1445992 -0.01777796 0.2275761
0.140717 -0.06214833 0.001427472 42128010 0.1453025 -0.01376597 0.2270913
0.1416824 -0.05742767 0.001954481 42328191 0.146047 -0.009697231 0.2268671
0.1436077 -0.04677646 0.002573237 42568403 0.1469407 -0.0019133 0.2268019
0.1442386 -0.0415376 0.002504081 42768588 0.1473734 0.002236673 0.2266315
0.144955 -0.03643569 0.002578706 43008809 0.1477692 0.006122063 0.2265227
0.1458425 -0.02725471 0.003002703 43218999 0.1483005 0.0140096 0.2265274
0.1462363 -0.02261108 0.003301278 43439189 0.1483275 0.01786058 0.2267018
0.1464944 -0.01807883 0.003415108 43669401 0.1484094 0.02158001 0.2268471
0.1465448 -0.009887873 0.003589675 43899609 0.1481916 0.02875139 0.2273109
0.1464646 -0.006324151 0.003779888 44149834 0.1479274 0.0320486 0.2276395
0.1460002 0.0007034315 0.003638804 44340018 0.1471512 0.03777764 0.2284066
0.1457849 0.004009854 0.003362581 44580243 0.1467072 0.04051396 0.2286092
0.1455442 0.007206668 0.002852336 44780408 0.1461345 0.04325872 0.2286434
0.1452989 0.00988871 0.002577275 45020624 0.1457737 0.04574256 0.2287431
0.1448611 0.01548076 0.001895517 45230814 0.144868 0.05043139 0.2289528
0.1445855 0.01817908 0.001623839 45461018 0.144502 0.05267021 0.2291308
0.1441024 0.02091623 0.001342103 45701235 0.1441406 0.05485508 0.2294701
0.1435052 0.02516195 0.001060411 45901415 0.1435786 0.05858281 0.229907
0.1429532 0.02686586 0.0007733703 46131623 0.1433193 0.06014579 0.2301625
