0.144366 -0.004141132 -0.001279771 0 0.0799516 0.002012987 0.2262367
0.1443394 -0.004686142 -0.001567438 120858 0.07989281 0.001624159 0.2261409
0.1443394 -0.004686142 -0.001567438 220199 0.07989281 0.001624159 0.2261409
0.1443381 -0.005100642 -0.001500741 340307 0.07980959 0.001408586 0.226129
0.1443059 -0.005117248 -0.001039743 450406 0.07975841 0.001316431 0.2263018
0.1443059 -0.005117248 -0.001039743 560506 0.07975841 0.001316431 0.2263018
0.1441626 -0.004759464 -0.0006184727 670609 0.07971737 0.001110857 0.2265959
0.1439351 -0.003766345 -0.0003805608 780705 0.07973707 0.0008497805 0.2269559
0.1439351 -0.003766345 -0.0003805608 900813 0.07973707 0.0008497805 0.2269559
0.1436952 -0.002548052 -0.0001102686 1010912 0.07961437 0.000811305 0.2272819
0.1435889 -0.001449124 0.0001454055 1121012 0.07955375 0.001147345 0.2274704
0.1435889 -0.001449124 0.0001454055 1231115 0.07955375 0.001147345 0.2274704
0.1436472 -0.0002214116 0.0003892332 1341210 0.07967563 0.00166107 0.2275452
0.1438203 0.001115459 0.0003685057 1451314 0.07985032 0.002316036 0.2274301
0.1438203 0.001115459 0.0003685057 1571418 0.07985032 0.002316036 0.2274301
0.144119 0.00250248 0.0002596974 1681517 0.07995665 0.003135911 0.2271338
0.144454 0.003805096 1.204014E-05 1791617 0.07996088 0.004024488 0.2267197
0.144454 0.003805096 1.204014E-05 1901927 0.07996088 0.004024488 0.2267197
0.1448177 0.005272572 -0.0002651811 2021825 0.0800667 0.004979908 0.2263
0.145062 0.006598017 -0.0004101694 2121919 0.08004864 0.006005397 0.2260023
0.145062 0.006598017 -0.0004101694 2232022 0.08004864 0.006005397 0.2260023
0.1450948 0.008213577 -0.0005809516 2352123 0.07992525 0.007056391 0.2258702
0.1451765 0.009691446 -0.0005006492 2462222 0.07979921 0.008091936 0.2257691
0.1451765 0.009691446 -0.0005006492 2572342 0.07979921 0.008091936 0.2257691
0.1452951 0.01131717 -8.749962E-05 2702439 0.07967277 0.009120458 0.2257324
0.1450872 0.01277853 -0.0002136528 2802529 0.07930404 0.009961907 0.2257668
0.1450872 0.01277853 -0.0002136528 2912641 0.07930404 0.009961907 0.2257668
0.1450549 0.01435736 -0.0001458824 3022740 0.07914615 0.01090749 0.2257532
0.1450464 0.01593821 9.024143E-05 3142844 0.07897189 0.01163293 0.2257525
0.1450464 0.01593821 9.024143E-05 3253134 0.07897189 0.01163293 0.2257525
0.1450211 0.01767643 0.0001642853 3363043 0.07864234 0.01245879 0.2256567
0.1450263 0.01927006 0.0002639145 3473138 0.07829526 0.01338866 0.2255353
0.1450263 0.01927006 0.0002639145 3583254 0.07829526 0.01338866 0.2255353
0.1449167 0.02086422 0.0003073663 3693337 0.07804073 0.01429128 0.2255389
0.144773 0.0224845 0.0003380626 3803436 0.07786229 0.01511512 0.2255903
0.144773 0.0224845 0.0003380626 3913540 0.07786229 0.01511512 0.2255903
0.1445667 0.02431364 0.0004439205 4033640 0.07753879 0.01598831 0.2256619
0.1442895 0.02596623 0.0007096231 4153753 0.07722126 0.01679761 0.2258553
0.1442895 0.02596623 0.0007096231 4253847 0.07722126 0.01679761 0.2258553
0.1439793 0.02792981 0.001272753 4364108 0.0769944 0.01785793 0.2261904
0.1434593 0.02978381 0.001646563 4484047 0.07661785 0.01893356 0.2266341
0.1434593 0.02978381 0.001646563 4584141 0.07661785 0.01893356 0.2266341
0.1428547 0.03191177 0.002086222 4704371 0.07614672 0.02012696 0.2271295
0.1423985 0.03388319 0.002562299 4814345 0.07579623 0.02136674 0.2275374
0.1423985 0.03388319 0.002562299 4924452 0.07579623 0.02136674 0.2275374
0.1419596 0.03589779 0.003119498 5054561 0.07551312 0.02261621 0.2279654
0.1415569 0.03736261 0.003219426 5154660 0.07521765 0.02393624 0.2282847
0.1415569 0.03736261 0.003219426 5254746 0.07521765 0.02393624 0.2282847
0.1409671 0.03942221 0.002995729 5374854 0.07477668 0.02535239 0.2285957
0.1406355 0.04131462 0.003022209 5484954 0.0745025 0.02700877 0.2288145
0.1406355 0.04131462 0.003022209 5595061 0.0745025 0.02700877 0.2288145
0.1401801 0.0432745 0.002871022 5705161 0.07414329 0.02875354 0.2290812
0.1394692 0.04558145 0.00247249 5825265 0.07371426 0.03046542 0.2294678
0.1388353 0.04805277 0.002160802 5935364 0.07339752 0.03210565 0.2298064
0.1388353 0.04805277 0.002160802 6045460 0.07339752 0.03210565 0.2298064
0.1382961 0.05026766 0.001997739 6155563 0.07293892 0.03368685 0.230058
0.1374137 0.05288539 0.001395956 6265671 0.07239348 0.03528448 0.2304418
0.1374137 0.05288539 0.001395956 6375770 0.07239348 0.03528448 0.2304418
0.1366835 0.05520479 0.001032293 6485861 0.07190631 0.03674839 0.2307749
0.1355309 0.0578644 0.0003546178 6625984 0.07117102 0.03833045 0.2313069
0.1355309 0.0578644 0.0003546178 6716061 0.07117102 0.03833045 0.2313069
0.1344969 0.06040144 -7.049739E-05 6826160 0.07047164 0.03994856 0.2318193
0.1335506 0.06275558 -0.0004314035 6936260 0.06974915 0.04160296 0.2322805
0.1335506 0.06275558 -0.0004314035 7056368 0.06974915 0.04160296 0.2322805
0.1323155 0.06556735 -0.001028627 7166475 0.06880483 0.04329386 0.2327968
0.1310151 0.06836364 -0.001735121 7276567 0.06786515 0.04503996 0.2333397
0.1310151 0.06836364 -0.001735121 7386670 0.06786515 0.04503996 0.2333397
0.1296004 0.07139302 -0.002443939 7506782 0.0667569 0.04682276 0.2338821
0.1283111 0.0740994 -0.002876937 7606873 0.06568158 0.04874797 0.234471
0.1283111 0.0740994 -0.002876937 7736982 0.06568158 0.04874797 0.234471
0.1267613 0.07712886 -0.003370181 7837072 0.06453156 0.0505301 0.2351646
0.1250633 0.08006883 -0.003924966 7947172 0.06334808 0.05215956 0.2359327
0.1250633 0.08006883 -0.003924966 8057279 0.06334808 0.05215956 0.2359327
0.1235053 0.08285329 -0.00399068 8187397 0.06226674 0.05380465 0.2367828
0.1215715 0.08573237 -0.004168138 8277470 0.06100419 0.05552907 0.2378619
0.1215715 0.08573237 -0.004168138 8397586 0.06100419 0.05552907 0.2378619
0.1196616 0.08856801 -0.004257903 8507686 0.05976626 0.05730686 0.2389575
0.1174911 0.09146886 -0.004160464 8617777 0.05839254 0.05896341 0.2402492
0.1174911 0.09146886 -0.004160464 8737897 0.05839254 0.05896341 0.2402492
0.11517 0.0945134 -0.003717184 8847989 0.05697614 0.0605218 0.2417034
0.11271 0.09755349 -0.003260106 8958092 0.05554185 0.06214271 0.2432674
0.11271 0.09755349 -0.003260106 9068183 0.05554185 0.06214271 0.2432674
0.1102978 0.1002808 -0.002576068 9188304 0.05407545 0.06373874 0.2448999
0.1078509 0.1027195 -0.001799032 9288382 0.05262616 0.06537124 0.2466665
0.1078509 0.1027195 -0.001799032 9418500 0.05262616 0.06537124 0.2466665
0.1054015 0.1048981 -0.0008381754 9508585 0.05119828 0.06700695 0.2485645
0.1028209 0.106997 0.0001230389 9628689 0.04967085 0.06862165 0.2505489
0.1028209 0.106997 0.0001230389 9738797 0.04967085 0.06862165 0.2505489
0.1003217 0.1085562 0.001189172 9868918 0.04810648 0.07023434 0.2526359
0.09764491 0.1099582 0.002216309 9968996 0.04644504 0.07167117 0.2548231
0.09764491 0.1099582 0.002216309 10079116 0.04644504 0.07167117 0.2548231
0.09468301 0.1113089 0.003052652 10179194 0.04466754 0.07276933 0.2570513
0.09211064 0.1122076 0.004212648 10299298 0.04288256 0.0736907 0.2591342
0.09211064 0.1122076 0.004212648 10409426 0.04288256 0.0736907 0.2591342
0.0895383 0.1130134 0.005560294 10529506 0.04105739 0.07436466 0.26122
0.08688778 0.113724 0.006765366 10669633 0.03918016 0.07495543 0.2632971
0.08403131 0.1144507 0.008064151 10749705 0.03719099 0.07549616 0.2655176
0.08403131 0.1144507 0.008064151 10859800 0.03719099 0.07549616 0.2655176
0.08143795 0.1149007 0.009376943 10989922 0.03519194 0.07616723 0.2676499
0.07860477 0.1155813 0.01061964 11090008 0.03316846 0.07689495 0.2698791
0.07860477 0.1155813 0.01061964 11190110 0.03316846 0.07689495 0.2698791
0.07587189 0.1168086 0.01199389 11300194 0.03098129 0.07795675 0.2719045
0.07587189 0.1168086 0.01199389 11430315 0.03098129 0.07795675 0.2719045
0.07297301 0.1176097 0.01282988 11540414 0.02875505 0.07872559 0.2738774
0.07035241 0.1183444 0.01363891 11650514 0.02663441 0.07952037 0.2756556
0.07035241 0.1183444 0.01363891 11750624 0.02663441 0.07952037 0.2756556
0.06751464 0.1193857 0.01421753 11870712 0.02437848 0.08052292 0.2773927
0.06449639 0.1205728 0.01442359 11980812 0.02204874 0.08158764 0.2790114
0.06449639 0.1205728 0.01442359 12090911 0.02204874 0.08158764 0.2790114
0.06165406 0.1218533 0.01466553 12221029 0.01978362 0.08285078 0.2805203
0.05850436 0.1233 0.01466548 12321115 0.01736814 0.08418084 0.2820102
0.05850436 0.1233 0.01466548 12421209 0.01736814 0.08418084 0.2820102
0.0555703 0.124575 0.01435076 12531309 0.01504043 0.08549502 0.2832257
0.05263384 0.1260437 0.0146849 12661434 0.01249015 0.08704299 0.2846342
0.04905844 0.1276358 0.01460658 12761516 0.009732589 0.08847376 0.2860641
0.04905844 0.1276358 0.01460658 12871620 0.009732589 0.08847376 0.2860641
0.0456163 0.1292422 0.01489261 13011742 0.006949276 0.08989894 0.2874883
0.04236657 0.1306161 0.01452698 13111837 0.004327774 0.09112512 0.2884501
0.04236657 0.1306161 0.01452698 13201918 0.004327774 0.09112512 0.2884501
0.03901792 0.1319572 0.01438244 13342044 0.001570121 0.09235118 0.2894832
0.03596176 0.1331986 0.01441734 13432134 -0.001137197 0.09360492 0.2904353
0.03596176 0.1331986 0.01441734 13542225 -0.001137197 0.09360492 0.2904353
0.03268282 0.1345422 0.01448299 13652324 -0.003872067 0.09472153 0.2913571
0.02941237 0.1358074 0.01455212 13762424 -0.006625116 0.09583798 0.2922318
0.02941237 0.1358074 0.01455212 13872519 -0.006625116 0.09583798 0.2922318
0.02626392 0.1368918 0.01459605 13992627 -0.009296477 0.09693113 0.2930534
0.02276648 0.1380164 0.01459989 14122745 -0.01206589 0.09795064 0.2938715
0.02276648 0.1380164 0.01459989 14212826 -0.01206589 0.09795064 0.2938715
0.01982285 0.1387945 0.01461627 14332934 -0.01470953 0.09893536 0.2945382
0.01678011 0.1395107 0.01453196 14443038 -0.01738435 0.09983221 0.2951093
0.01678011 0.1395107 0.01453196 14573151 -0.01738435 0.09983221 0.2951093
0.01355512 0.1401227 0.01431541 14683251 -0.02000731 0.1005187 0.2955794
0.01049714 0.1404811 0.01420566 14803363 -0.02262276 0.101013 0.2960085
0.01049714 0.1404811 0.01420566 14913458 -0.02262276 0.101013 0.2960085
0.00757129 0.140697 0.01404405 15033567 -0.02509397 0.1012776 0.2962973
0.00457831 0.1408526 0.01390219 15263779 -0.02762634 0.1014381 0.2965218
0.001702443 0.1408164 0.01358674 15483981 -0.03003422 0.1013749 0.2965601
-0.0009946413 0.1405942 0.01329488 15744208 -0.03244293 0.1012526 0.2965581
-0.007428126 0.1400257 0.01267326 15934384 -0.03729284 0.1005701 0.2964368
-0.01053309 0.1395869 0.01238605 16154578 -0.03970617 0.1001748 0.2962914
-0.01688676 0.138173 0.01206915 16374781 -0.04466057 0.09926961 0.2961032
-0.0199035 0.1372111 0.0119947 16604985 -0.04706821 0.09891736 0.2960865
-0.02282193 0.1360934 0.01191308 16855219 -0.0494721 0.09843413 0.2959989
-0.02933548 0.1338975 0.01179726 17065400 -0.05425328 0.09635193 0.2952262
-0.03252169 0.1328892 0.01173991 17275590 -0.05661824 0.09506752 0.2945987
-0.03587193 0.1317892 0.01181187 17505802 -0.0591464 0.09373687 0.2939621
-0.04255667 0.1292306 0.01217148 17725996 -0.06412822 0.09140266 0.2928512
-0.04605959 0.1277446 0.01222558 17956200 -0.06674594 0.09034058 0.2921503
-0.0495381 0.1261215 0.0122108 18176407 -0.06931385 0.0893043 0.2913779
-0.05546443 0.1225609 0.01153265 18406611 -0.07423869 0.08744015 0.2895678
-0.05897024 0.120772 0.01171906 18616813 -0.076814 0.08647045 0.2887518
-0.06259209 0.1189621 0.01195262 18837323 -0.07939321 0.08542804 0.2878186
-0.07030597 0.1150744 0.0128462 19067211 -0.08450902 0.08303499 0.2857575
-0.07370587 0.1132223 0.0132592 19297435 -0.08689654 0.08199593 0.2847506
-0.07696098 0.1111235 0.01365188 19537631 -0.08925208 0.08103049 0.2838072
-0.08284955 0.1062437 0.01384993 19727977 -0.09361726 0.07879527 0.2817059
-0.08603723 0.1037483 0.01415199 19958015 -0.09570775 0.07771347 0.2805842
-0.08899134 0.1010957 0.01421437 20178209 -0.09769362 0.07640726 0.2793268
-0.09447531 0.09565341 0.01395126 20408417 -0.1011458 0.07303963 0.2764492
-0.09709619 0.09301187 0.01397468 20648650 -0.1028224 0.07115212 0.2750405
-0.09945852 0.09015673 0.01368034 20848827 -0.1042614 0.06912178 0.2735506
-0.1037213 0.08447213 0.01280268 21109045 -0.1066268 0.06501461 0.2705474
-0.1055328 0.08182007 0.01230142 21309230 -0.1076139 0.06304961 0.269148
-0.1073922 0.07894026 0.01184414 21529433 -0.1084981 0.06103373 0.267757
-0.1104771 0.07383541 0.01054873 21749632 -0.1100873 0.05713145 0.2649845
-0.1121027 0.07138476 0.01002277 21999861 -0.1107858 0.05518429 0.2635854
-0.1155765 0.0665656 0.008831486 22220052 -0.1122162 0.05147363 0.2605005
-0.1174801 0.06388026 0.008231565 22410374 -0.1128897 0.04979514 0.25887
-0.1193346 0.06152268 0.007547066 22650440 -0.1136043 0.04828566 0.257173
-0.1231836 0.0565565 0.006302178 22860638 -0.1150048 0.04515707 0.2537157
-0.125052 0.05410235 0.00559777 23100847 -0.1155575 0.04339899 0.2519253
-0.1270898 0.05160384 0.005015731 23311037 -0.1160735 0.04165217 0.250076
-0.1286504 0.04942413 0.004082352 23541256 -0.1166348 0.03992069 0.2483261
-0.1323305 0.04461155 0.002939656 23781457 -0.1173925 0.03627999 0.2448581
-0.1339692 0.04247219 0.001994863 23981642 -0.1177423 0.03436706 0.2430115
-0.1379501 0.03777799 0.001099035 24221871 -0.1183321 0.03102389 0.2394086
-0.1397929 0.03527802 0.0004891455 24422043 -0.1185713 0.02937295 0.2376149
-0.141035 0.03338524 -0.001227632 24672269 -0.1187621 0.02765487 0.2356214
-0.1444309 0.0288531 -0.002639845 24882455 -0.1191185 0.02457423 0.2321372
-0.1461815 0.02661193 -0.003322721 25102661 -0.119284 0.02301887 0.2303588
-0.1478056 0.02412844 -0.004254892 25342874 -0.1193616 0.0214018 0.2285428
-0.1509027 0.01965832 -0.005766019 25563069 -0.1195264 0.01822179 0.2252235
-0.1524379 0.0173298 -0.006282672 25793285 -0.1195364 0.01664847 0.2237007
-0.1538548 0.01496496 -0.006771415 25993461 -0.1195779 0.01517398 0.2222859
-0.1551608 0.01263182 -0.007261321 26243687 -0.1195475 0.01376988 0.2209548
-0.1574023 0.00809364 -0.007892683 26443868 -0.1196457 0.01092339 0.2187689
-0.1584233 0.005564003 -0.007831067 26684388 -0.1196662 0.009407539 0.2179301
-0.1597575 0.0007257418 -0.007941842 26894274 -0.1197251 0.006231588 0.2167181
-0.1602538 -0.001684957 -0.007834196 27124478 -0.1197451 0.004540141 0.216329
-0.1606074 -0.004256908 -0.007609874 27384721 -0.1198215 0.002725898 0.2161106
-0.1606081 -0.009458843 -0.007230207 27574884 -0.1198305 -0.0009834304 0.2162206
-0.1603793 -0.01185768 -0.007159561 27775073 -0.1198684 -0.002813461 0.2164219
-0.1601583 -0.01422478 -0.006876543 28005273 -0.1199891 -0.00458221 0.2167147
-0.1593929 -0.01917031 -0.006422952 28245498 -0.1201499 -0.007932446 0.2174848
-0.1588676 -0.02153793 -0.00611797 28475701 -0.1202106 -0.009590679 0.2180271
-0.1583129 -0.02394067 -0.00594376 28715914 -0.1202208 -0.01125897 0.2185263
-0.1570727 -0.02909192 -0.005805016 28896077 -0.1200623 -0.01499671 0.2195242
-0.1565252 -0.03170407 -0.005642951 29126284 -0.119917 -0.01694916 0.2200017
-0.1563924 -0.03360816 -0.004750282 29356504 -0.1199305 -0.01880733 0.2205338
-0.1548752 -0.03977082 -0.005157098 29576695 -0.1194087 -0.022766 0.2213904
-0.1540371 -0.04265412 -0.005310118 29816928 -0.1191309 -0.02465078 0.2219049
-0.1520875 -0.04915148 -0.006064162 30017092 -0.1184189 -0.02885236 0.2228771
-0.1511669 -0.05245663 -0.006184548 30257313 -0.1179711 -0.03105888 0.2234277
-0.1501097 -0.05584721 -0.006546766 30467503 -0.1174587 -0.03337225 0.2239642
-0.1487596 -0.05957688 -0.006969333 30687693 -0.1168738 -0.03576432 0.2246563
-0.1456077 -0.06623876 -0.007728428 30937919 -0.1155619 -0.04015245 0.2264378
-0.1437015 -0.06948792 -0.007976502 31138100 -0.1148875 -0.04228922 0.2276241
-0.1416115 -0.07257283 -0.008154467 31378321 -0.1140822 -0.04442987 0.2289882
-0.1370932 -0.07884416 -0.008424148 31598511 -0.112427 -0.04880057 0.2319375
-0.1347118 -0.0816986 -0.00843364 31848737 -0.1114958 -0.05082803 0.2335467
-0.1293031 -0.08745133 -0.00824523 32028904 -0.1096839 -0.05492599 0.23725
-0.1266559 -0.0901175 -0.00780125 32279134 -0.1087799 -0.05700823 0.2392557
-0.12402 -0.09238089 -0.007356897 32479314 -0.1078209 -0.05905344 0.2412998
-0.1211163 -0.09470338 -0.007097885 32719527 -0.106781 -0.06107131 0.2433711
-0.1150801 -0.09897274 -0.006279469 32929721 -0.1047089 -0.06451988 0.2476794
-0.111863 -0.1007947 -0.006105334 33169934 -0.1035848 -0.06598355 0.249758
-0.1059842 -0.1045785 -0.005496442 33370122 -0.1012724 -0.06900982 0.2535933
-0.1028508 -0.1066021 -0.005448207 33610331 -0.1000355 -0.07050255 0.2553526
-0.1000703 -0.1087109 -0.0053633 33840547 -0.09901613 -0.07190645 0.2568332
-0.09507646 -0.1119086 -0.004892468 34040723 -0.09711225 -0.07437012 0.2597118
-0.09317048 -0.1129216 -0.004400045 34280940 -0.09619422 -0.07542039 0.2610781
-0.0907286 -0.1147169 -0.004458606 34491126 -0.09516899 -0.07649247 0.2621227
-0.08631293 -0.1172299 -0.004229635 34731339 -0.09310853 -0.07871245 0.2644136
-0.08430028 -0.118463 -0.003964901 34941540 -0.09208143 -0.07972698 0.2655182
-0.08237934 -0.1199982 -0.003752038 35181749 -0.09097356 -0.08067856 0.2664379
-0.07826139 -0.1216378 -0.003113985 35381930 -0.08848813 -0.08262038 0.2688786
-0.07595846 -0.1224766 -0.00278534 35612137 -0.08705744 -0.08343175 0.2701336
-0.07352822 -0.1233597 -0.002328083 35832340 -0.08552128 -0.08421247 0.2714878
-0.06832998 -0.1241706 -0.001162052 36052543 -0.0821985 -0.08550412 0.2746014
-0.06530257 -0.1243853 -0.0005377233 36302765 -0.08032089 -0.08600547 0.2762993
-0.06232147 -0.124628 0.0001537055 36522955 -0.07836178 -0.08643921 0.2779647
-0.05555651 -0.1250466 0.001237243 36753171 -0.07422358 -0.08720815 0.2811145
-0.0508386 -0.1259922 0.001273304 36963357 -0.07205454 -0.08764482 0.2822514
-0.04616413 -0.1269412 0.001438022 37183580 -0.06989047 -0.08813479 0.2833059
-0.03873811 -0.1274145 0.002306789 37413763 -0.06530812 -0.08865195 0.2855289
-0.03540566 -0.1277795 0.002696618 37633962 -0.06308329 -0.08879872 0.2863517
-0.03246841 -0.1281774 0.003107071 37844160 -0.06077665 -0.08881868 0.287071
-0.02524436 -0.1292384 0.00317803 38074359 -0.05586234 -0.08900324 0.2877009
-0.02237664 -0.1297254 0.003190756 38294558 -0.05350989 -0.08922868 0.2879482
-0.01885527 -0.1302561 0.003263965 38524766 -0.05096471 -0.08951494 0.2881576
-0.01217401 -0.1309264 0.003147542 38765048 -0.04602441 -0.09003294 0.2882439
-0.009128088 -0.1313864 0.003096893 38985181 -0.04355735 -0.09023245 0.288168
-0.002688793 -0.1323842 0.00299108 39225406 -0.0384227 -0.09071055 0.287781
0.0003118353 -0.1330489 0.002954364 39415578 -0.03594077 -0.09100038 0.2874878
0.003605479 -0.133404 0.002943754 39645778 -0.03331789 -0.09117392 0.2871669
0.006897192 -0.13372 0.002974734 39865976 -0.03071296 -0.0913184 0.2867976
0.01378066 -0.1343393 0.003201112 40086171 -0.02529645 -0.09149463 0.2858473
0.01712493 -0.134762 0.003263384 40306556 -0.02253801 -0.09175044 0.2852876
0.02049462 -0.13501 0.003316581 40556595 -0.01980332 -0.09197589 0.2846795
0.02743264 -0.1351062 0.003651068 40766789 -0.01420227 -0.09218435 0.2833749
0.03089443 -0.1349533 0.003836855 41097091 -0.01143253 -0.09228341 0.2826755
0.03745119 -0.1345275 0.004136443 41307285 -0.005948157 -0.09241192 0.281209
0.04111885 -0.1341567 0.004374787 41537485 -0.003263623 -0.09229293 0.2801515
0.04773923 -0.1340382 0.004117221 41767709 0.002149612 -0.091704 0.2775119
0.0507398 -0.1341178 0.003761023 42007909 0.00469245 -0.09136577 0.2760701
0.05560486 -0.1354265 0.002612516 42198287 0.00898847 -0.09144539 0.2732227
0.0583567 -0.1358354 0.001969188 42448465 0.01129811 -0.09147651 0.2716576
0.0612763 -0.1360791 0.001458034 42658496 0.01370162 -0.09141343 0.2700691
0.06437279 -0.1361652 0.00108467 42878695 0.01617104 -0.09124005 0.2684222
0.07020481 -0.1363142 0.0004006922 43098898 0.02090266 -0.09061653 0.2651563
0.07345019 -0.1360432 0.0003792048 43339115 0.02341197 -0.09037276 0.2635472
0.07958249 -0.1354815 8.204579E-05 43659400 0.02823184 -0.09010673 0.2603977
0.08523021 -0.1350381 -0.0006974488 43889607 0.03273259 -0.08978477 0.2571603
0.08803961 -0.1347861 -0.0009321421 44109806 0.03483461 -0.08949935 0.2554805
0.09090618 -0.1340732 -0.001153305 44380050 0.03697495 -0.0887652 0.2537474
0.09642831 -0.1322231 -0.001470894 44560212 0.04103681 -0.08699393 0.2503826
0.09878362 -0.1316067 -0.002186254 44820447 0.04286551 -0.08630081 0.2487536
0.1016105 -0.1303067 -0.002339572 45000610 0.04470295 -0.08556233 0.2470654
0.1066821 -0.1273387 -0.002794296 45240831 0.0480897 -0.08350986 0.2439207
0.1092389 -0.1257312 -0.002939418 45451020 0.04966151 -0.08235678 0.2422718
0.1113829 -0.1242657 -0.003540799 45691237 0.05107649 -0.08112093 0.2407454
0.115976 -0.1205945 -0.004295111 45891418 0.05384817 -0.07858172 0.2376691
0.1182563 -0.1185877 -0.004490405 46131631 0.05507763 -0.07717782 0.236118
0.1201966 -0.1166925 -0.005155548 46361834 0.05614561 -0.07555614 0.2346114
0.1243436 -0.1122892 -0.005640745 46572032 0.05845043 -0.07154805 0.2315325
0.126222 -0.1101818 -0.006049067 46812245 0.05954811 -0.06966712 0.2301215
0.1282615 -0.1077515 -0.006179005 47012429 0.06057045 -0.0679177 0.2287024
0.1321363 -0.1027605 -0.006793365 47252642 0.06253287 -0.06451381 0.2259841
0.1340284 -0.1001885 -0.006934211 47472845 0.06352897 -0.06258797 0.2246523
0.135655 -0.09758693 -0.007447079 47703049 0.06442669 -0.06035459 0.2233906
0.1396153 -0.09119026 -0.007350862 47933435 0.06638637 -0.055597 0.2206463
0.1412582 -0.08816098 -0.007788196 48133437 0.06728479 -0.05320123 0.2194269
0.1418379 -0.08777523 -0.009923533 48363645 0.06741866 -0.05113454 0.2181341
0.1450829 -0.08134948 -0.01078613 48583843 0.06880909 -0.04606768 0.215614
0.1470274 -0.07710385 -0.01056175 48804042 0.06982057 -0.04320392 0.2144093
0.1484797 -0.07372212 -0.01127221 49044259 0.07030283 -0.04047525 0.2131635
0.1518508 -0.06455544 -0.01099636 49254449 0.07188329 -0.03420889 0.2110162
0.1532769 -0.0597992 -0.01080146 49504670 0.07263394 -0.03098106 0.2101776
0.1556651 -0.04977338 -0.01054838 49704855 0.07386783 -0.02422978 0.2088177
0.1566203 -0.04459717 -0.0103749 49945072 0.07438104 -0.02081893 0.2083365
0.1574714 -0.03913944 -0.01010241 50145253 0.07493605 -0.01733854 0.2080014
0.1582669 -0.03378043 -0.009585768 50375464 0.07545938 -0.01378495 0.2077107
0.159456 -0.02359629 -0.00882332 50615673 0.07628709 -0.006567596 0.2072776
0.1598369 -0.01852485 -0.008896962 50815862 0.07653022 -0.003117743 0.2071273
0.160442 -0.008174626 -0.008718655 51056083 0.07687007 0.003664048 0.206974
0.1605209 -0.003440423 -0.008955866 51256259 0.07684588 0.006936669 0.2069387
0.1606899 0.0009765743 -0.008875132 51486463 0.07679871 0.01010914 0.2068419
0.1603676 0.008299459 -0.009360835 51716675 0.07639132 0.01600185 0.2069823
0.1600202 0.0112725 -0.009282157 51956891 0.07616358 0.01840675 0.2072798
