0.1607234 -0.003388558 0.0006112754 0 0.1795373 0.02739439 0.2093308
0.1601311 -0.002765956 0.0005717427 110100 0.1791595 0.02780928 0.2098881
0.1601311 -0.002765956 0.0005717427 230220 0.1791595 0.02780928 0.2098881
0.1596565 -0.002135076 0.0004588515 340307 0.1788147 0.02815231 0.2103102
0.1590104 -0.001325346 0.0001052618 450403 0.178345 0.02853768 0.210726
0.1590104 -0.001325346 0.0001052618 560522 0.178345 0.02853768 0.210726
0.1584029 -0.0002752049 -0.0003574491 670626 0.1777472 0.02897026 0.211108
0.1577589 0.001122704 -0.0009600818 790710 0.1770603 0.02949228 0.2114772
0.1570493 0.002691849 -0.00137639 900809 0.1763001 0.03017924 0.2120567
0.1570493 0.002691849 -0.00137639 1010908 0.1763001 0.03017924 0.2120567
0.1561457 0.004314853 -0.001711011 1121012 0.1753305 0.03116504 0.2128418
0.1554227 0.006270071 -0.001901776 1231127 0.1741856 0.03264391 0.2136444
0.1554227 0.006270071 -0.001901776 1351216 0.1741856 0.03264391 0.2136444
0.1545645 0.008180032 -0.002171889 1461315 0.173105 0.03440715 0.2143726
0.1535988 0.01061576 -0.002618581 1571422 0.1720336 0.03624845 0.2150964
0.1535988 0.01061576 -0.002618581 1681518 0.1720336 0.03624845 0.2150964
0.1524603 0.01319225 -0.002931684 1791617 0.1709285 0.03815291 0.2160552
0.1509949 0.01602644 -0.003018439 1901720 0.1696166 0.04031285 0.2174668
0.1509949 0.01602644 -0.003018439 2041839 0.1696166 0.04031285 0.2174668
0.1494826 0.01872718 -0.002659008 2131924 0.1681748 0.04280282 0.2192306
0.1477899 0.02155151 -0.00222224 2242023 0.1667323 0.0454627 0.2211532
0.1477899 0.02155151 -0.00222224 2352119 0.1667323 0.0454627 0.2211532
0.1461025 0.02471353 -0.001793593 2462218 0.165353 0.04803277 0.2231085
0.1444813 0.02791797 -0.001452416 2582327 0.1639348 0.05050124 0.224969
0.1444813 0.02791797 -0.001452416 2692612 0.1639348 0.05050124 0.224969
0.1429641 0.03126616 -0.001133367 2822543 0.162681 0.05314034 0.2266758
0.1413983 0.03438361 -0.000634253 2912625 0.1614439 0.05603167 0.2284746
0.1413983 0.03438361 -0.000634253 3022724 0.1614439 0.05603167 0.2284746
0.1398492 0.03761168 0.0001007318 3132823 0.1600316 0.05904767 0.2305099
0.1379633 0.04086638 0.0008704364 3272966 0.1585313 0.06203591 0.2328053
0.1379633 0.04086638 0.0008704364 3363031 0.1585313 0.06203591 0.2328053
0.1361841 0.04426676 0.001777425 3473134 0.1571041 0.06509317 0.2351377
0.1342367 0.04769545 0.002680659 3583230 0.155677 0.06817359 0.2375596
0.1342367 0.04769545 0.002680659 3693333 0.155677 0.06817359 0.2375596
0.1322958 0.05113887 0.003749415 3803437 0.15423 0.07137773 0.2401042
0.1304132 0.0544241 0.004972652 3923537 0.1527617 0.07462506 0.2427198
0.1304132 0.0544241 0.004972652 4033644 0.1527617 0.07462506 0.2427198
0.1282032 0.05762881 0.006272465 4143736 0.1512216 0.07789443 0.2455974
0.1260471 0.0607872 0.007813722 4253843 0.1495819 0.08115231 0.2486693
0.1260471 0.0607872 0.007813722 4363938 0.1495819 0.08115231 0.2486693
0.123985 0.06404063 0.00946562 4504061 0.1479196 0.08432285 0.2518023
0.1214443 0.06718066 0.01071118 4594142 0.1463599 0.08745041 0.254814
0.1214443 0.06718066 0.01071118 4704245 0.1463599 0.08745041 0.254814
0.1195132 0.0703738 0.01217949 4814345 0.14474 0.09055117 0.2576711
0.1170665 0.07330801 0.01336822 4954471 0.1431943 0.0936988 0.2605201
0.1170665 0.07330801 0.01336822 5034539 0.1431943 0.0936988 0.2605201
0.114695 0.07617658 0.01464075 5154656 0.1414593 0.09688193 0.2634131
0.1125477 0.07885894 0.01615074 5264751 0.1396554 0.1001648 0.2663635
0.1125477 0.07885894 0.01615074 5374847 0.1396554 0.1001648 0.2663635
0.1103159 0.08108643 0.01771431 5484946 0.1377535 0.1033336 0.2693827
0.1079519 0.08380377 0.01908641 5605054 0.1358077 0.1063519 0.2723594
0.1079519 0.08380377 0.01908641 5735172 0.1358077 0.1063519 0.2723594
0.1058886 0.08611667 0.02058823 5825253 0.1339622 0.109008 0.2752404
0.1034143 0.08865884 0.02177848 5935352 0.1319426 0.1116625 0.2780991
0.1034143 0.08865884 0.02177848 6045460 0.1319426 0.1116625 0.2780991
0.1013162 0.09089465 0.02302144 6155551 0.1299221 0.1142851 0.2807478
0.09895536 0.09323488 0.02392349 6275664 0.1276678 0.1168467 0.2832533
0.09895536 0.09323488 0.02392349 6385763 0.1276678 0.1168467 0.2832533
0.09646323 0.09575889 0.02448753 6495858 0.1253796 0.1193515 0.2855074
0.09393085 0.09817515 0.02485952 6625984 0.1231744 0.121849 0.2875467
0.09140074 0.1007127 0.02511448 6746092 0.1208745 0.1243133 0.2894574
0.09140074 0.1007127 0.02511448 6826156 0.1208745 0.1243133 0.2894574
0.08888715 0.1032815 0.02527763 6946265 0.1183023 0.1267657 0.2912721
0.08888715 0.1032815 0.02527763 7056372 0.1183023 0.1267657 0.2912721
0.08640049 0.1057921 0.02532306 7166471 0.1156379 0.1291761 0.2929293
0.08363665 0.1082415 0.02523625 7296585 0.1128623 0.1315868 0.2945554
0.08090837 0.1105406 0.02513292 7386662 0.1101161 0.1339066 0.2960867
0.08090837 0.1105406 0.02513292 7506770 0.1101161 0.1339066 0.2960867
0.07805846 0.1128952 0.02498336 7616870 0.1072695 0.1361182 0.2975897
0.07805846 0.1128952 0.02498336 7747008 0.1072695 0.1361182 0.2975897
0.07514738 0.1151899 0.0247768 7837251 0.1043219 0.13825 0.299015
0.072142 0.1173752 0.02455716 7947172 0.101275 0.140406 0.3004078
0.072142 0.1173752 0.02455716 8057454 0.101275 0.140406 0.3004078
0.06915243 0.1195251 0.02426016 8197390 0.09813428 0.1424151 0.3016671
0.06588111 0.1218795 0.02387396 8297492 0.09484732 0.1442395 0.3028927
0.06268938 0.1240421 0.02340651 8397611 0.09150167 0.1458888 0.3039359
0.06268938 0.1240421 0.02340651 8507690 0.09150167 0.1458888 0.3039359
0.05919603 0.1259933 0.02299199 8617773 0.08807838 0.1477182 0.3050351
0.05919603 0.1259933 0.02299199 8737881 0.08807838 0.1477182 0.3050351
0.05575983 0.1276626 0.02265303 8847993 0.0844682 0.1494969 0.3061245
0.05223377 0.1291505 0.02232406 8958084 0.08071003 0.1510233 0.3071767
0.04879564 0.1307247 0.0219506 9068180 0.07697932 0.1523115 0.3080755
0.04879564 0.1307247 0.0219506 9178279 0.07697932 0.1523115 0.3080755
0.04495583 0.132184 0.02151038 9288378 0.07311035 0.1534522 0.3089
0.04113038 0.1336539 0.0209489 9428509 0.06915632 0.154532 0.3094997
0.04113038 0.1336539 0.0209489 9518586 0.06915632 0.154532 0.3094997
0.0372309 0.1349498 0.02040632 9638694 0.06506348 0.1555653 0.3100327
0.03327525 0.1361108 0.01975077 9738785 0.06096772 0.1564935 0.3103358
0.03327525 0.1361108 0.01975077 9868902 0.06096772 0.1564935 0.3103358
0.02905 0.1371955 0.0191083 9968992 0.05680085 0.1573454 0.3105509
0.02489309 0.1380372 0.01853225 10079092 0.05254326 0.1580945 0.310712
0.02489309 0.1380372 0.01853225 10209209 0.05254326 0.1580945 0.310712
0.02063836 0.138838 0.01805252 10299291 0.04810947 0.158709 0.3108728
0.01649349 0.1394611 0.01752782 10409390 0.04375688 0.159093 0.3108491
0.01649349 0.1394611 0.01752782 10519489 0.04375688 0.159093 0.3108491
0.0120104 0.1400931 0.01704052 10659620 0.03950835 0.1593169 0.3106851
0.007612919 0.140661 0.01651618 10749701 0.03535195 0.1593771 0.3103335
0.007612919 0.140661 0.01651618 10869801 0.03535195 0.1593771 0.3103335
0.003198316 0.1410432 0.01606023 10980079 0.03104436 0.1595302 0.3099309
-0.001146697 0.1412482 0.015661 11100013 0.02664484 0.1597339 0.3094756
-0.001146697 0.1412482 0.015661 11200103 0.02664484 0.1597339 0.3094756
-0.005331196 0.1414965 0.01513094 11310203 0.02219268 0.1599517 0.3088079
-0.009779059 0.1416022 0.01463105 11430311 0.0179111 0.1600655 0.3079393
-0.009779059 0.1416022 0.01463105 11530406 0.0179111 0.1600655 0.3079393
-0.01439153 0.1420091 0.01390935 11650514 0.01391005 0.1599735 0.3066189
-0.01908779 0.1423633 0.01310827 11750600 0.009989758 0.1596879 0.3050349
-0.01908779 0.1423633 0.01310827 11900740 0.009989758 0.1596879 0.3050349
-0.02368427 0.1427054 0.01222041 11990821 0.006017434 0.1594981 0.3032719
-0.02826776 0.1427519 0.01144105 12090911 0.00210089 0.1593614 0.3014659
-0.02826776 0.1427519 0.01144105 12201011 0.00210089 0.1593614 0.3014659
-0.03294988 0.1426096 0.01087677 12341133 -0.001862666 0.1591606 0.2997007
-0.03743756 0.1425451 0.01033522 12431218 -0.005716279 0.1588499 0.2979069
-0.03743756 0.1425451 0.01033522 12551327 -0.005716279 0.1588499 0.2979069
-0.04175292 0.1422464 0.009990156 12651425 -0.009497205 0.158371 0.2962535
-0.04598891 0.1417792 0.009777233 12781531 -0.01324907 0.1577321 0.2946515
-0.04598891 0.1417792 0.009777233 12871620 -0.01324907 0.1577321 0.2946515
-0.05013978 0.1410369 0.009710148 12981719 -0.01679753 0.1570041 0.2930661
-0.05401517 0.1399238 0.009714097 13101828 -0.02012335 0.1562383 0.2915362
-0.05401517 0.1399238 0.009714097 13231945 -0.02012335 0.1562383 0.2915362
-0.05766302 0.1386346 0.009825841 13442131 -0.02341621 0.155376 0.2901444
-0.06117878 0.1372111 0.01003651 13582257 -0.0266223 0.1543609 0.2888233
-0.06456757 0.1356725 0.0102089 13692515 -0.02956762 0.1531044 0.2874169
-0.06790365 0.1337988 0.01048204 13922714 -0.03233681 0.1517382 0.2859981
-0.07101177 0.1317456 0.01072344 14142779 -0.03511347 0.1502489 0.2846473
-0.07699113 0.1271761 0.01117349 14392985 -0.04027224 0.1469117 0.2817979
-0.08004087 0.1246582 0.0114162 14593165 -0.04253411 0.1450793 0.280155
-0.08305462 0.1219854 0.01151276 14823373 -0.04463933 0.1429754 0.2783289
-0.08893751 0.1165327 0.01153934 15033725 -0.04873101 0.1384907 0.274491
-0.09202661 0.1135885 0.01188797 15263775 -0.05085204 0.1362572 0.2726121
-0.0949857 0.1103213 0.01212311 15483977 -0.05276975 0.1338468 0.2706211
-0.1009356 0.1035793 0.01254918 15704346 -0.05646882 0.1286088 0.2663789
-0.1038235 0.1000697 0.01278763 15944389 -0.05830664 0.1260645 0.2642388
-0.1065703 0.09626704 0.01288459 16154753 -0.06011131 0.1234693 0.2620404
-0.1118347 0.08884218 0.01312859 16374781 -0.06346209 0.11778 0.2577705
-0.1143508 0.0854685 0.01283756 16645017 -0.06504565 0.1146421 0.2555264
-0.1193069 0.0768455 0.01348142 16825180 -0.06759719 0.1078404 0.2512434
-0.12157 0.07319228 0.01301472 17075401 -0.06883923 0.1042276 0.2490066
-0.1236327 0.0687971 0.01291622 17275586 -0.06985648 0.1003866 0.246971
-0.1256779 0.06455069 0.01277176 17495785 -0.0707439 0.09644354 0.2449165
-0.1295527 0.05572283 0.01227556 17715992 -0.07218251 0.08817797 0.2407806
-0.131519 0.05137038 0.01155549 17956204 -0.07276342 0.08396347 0.2384447
-0.1335206 0.04701467 0.01102246 18166394 -0.0732165 0.07983968 0.2360862
-0.137169 0.0378545 0.009329125 18386597 -0.07404315 0.07177499 0.2313532
-0.138987 0.03319914 0.008325979 18626810 -0.07440294 0.06778464 0.2289097
-0.1406824 0.02824917 0.007532671 18837003 -0.07451098 0.06369209 0.2265329
-0.1437476 0.01825145 0.006571382 19067203 -0.07452529 0.05528925 0.2222991
-0.1450904 0.0132297 0.005955458 19287406 -0.07430039 0.05092871 0.2202971
-0.1464543 0.008391096 0.005743727 19517613 -0.07404079 0.04673342 0.2183684
-0.1484393 -0.001539042 0.005563632 19747821 -0.07333276 0.03871655 0.2150683
-0.1493888 -0.006175517 0.004647762 19958007 -0.07297691 0.03483832 0.2133729
-0.1512962 -0.01545241 0.002114445 20178214 -0.07205012 0.02696417 0.2098888
-0.1520952 -0.02000152 0.001016349 20408413 -0.07152629 0.0232046 0.2083343
-0.1526782 -0.02469699 0.0002320856 20638625 -0.07096101 0.01958534 0.2069532
-0.1535407 -0.03398083 -0.0007736236 20868829 -0.06960245 0.01247589 0.2044758
-0.1538619 -0.0385758 -0.001573086 21109050 -0.06877558 0.008798861 0.2033451
-0.1539818 -0.04316383 -0.00231871 21299225 -0.06797769 0.005207562 0.2024343
-0.1534301 -0.05266327 -0.003367364 21539434 -0.06657562 -0.001579887 0.2013052
-0.1529898 -0.05735002 -0.00387387 21749628 -0.06581646 -0.004903902 0.2008843
-0.1523742 -0.06186773 -0.004263178 21989844 -0.06499846 -0.008207168 0.2006788
-0.1503848 -0.07071449 -0.004707977 22190029 -0.06336459 -0.01481091 0.2011353
-0.1490943 -0.07463542 -0.004953057 22410224 -0.06254524 -0.01792108 0.2018109
-0.1477009 -0.07846217 -0.005253881 22660450 -0.06170394 -0.02099547 0.202613
-0.1446765 -0.08596484 -0.005966201 22870793 -0.0599087 -0.0264804 0.2041647
-0.1426903 -0.08983737 -0.005977958 23130870 -0.05898654 -0.02888244 0.2051644
-0.1380428 -0.09703262 -0.006385431 23311033 -0.05660628 -0.03354766 0.2077762
-0.135617 -0.09990297 -0.006712437 23531240 -0.05523395 -0.03588903 0.2094454
-0.1329839 -0.1030044 -0.00711903 23761439 -0.05364679 -0.03821789 0.2110913
-0.1300573 -0.1059756 -0.007314757 23981820 -0.05204745 -0.04020105 0.2128812
-0.1237503 -0.1124788 -0.00826098 24231864 -0.0485254 -0.04396782 0.2163152
-0.1205465 -0.1150079 -0.008045197 24432044 -0.04655281 -0.04581771 0.2182437
-0.1170823 -0.1177433 -0.008192852 24652243 -0.04444165 -0.04755151 0.2201798
-0.1100364 -0.1227362 -0.008529112 24882451 -0.04033299 -0.05082978 0.2242519
-0.1065686 -0.1250811 -0.00840503 25102650 -0.03817872 -0.05234238 0.2261312
-0.1030201 -0.1273871 -0.008369282 25352875 -0.03591537 -0.05376839 0.2279666
-0.09555024 -0.1324769 -0.008831993 25553064 -0.03120699 -0.05659599 0.2314598
-0.09190477 -0.1353187 -0.009810567 25793273 -0.02887123 -0.05834916 0.2330537
-0.08823749 -0.1376143 -0.009986162 25993453 -0.02643105 -0.05998071 0.2348197
-0.08062048 -0.1424051 -0.01032826 26223856 -0.02149568 -0.06300504 0.2381281
-0.07689833 -0.1444934 -0.01032849 26473895 -0.01886815 -0.06461468 0.2397947
-0.06902196 -0.1490357 -0.01094553 26674076 -0.01333177 -0.06773936 0.2428191
-0.0649863 -0.151006 -0.0109828 26904279 -0.01053159 -0.06916212 0.2443942
-0.06086814 -0.1526288 -0.01098043 27124478 -0.007618667 -0.0704517 0.2460275
-0.05666348 -0.1540134 -0.01066503 27334664 -0.004635469 -0.07172132 0.2477856
-0.04778073 -0.1562799 -0.01031339 27574885 0.001419886 -0.07381544 0.2512943
-0.04395817 -0.1559232 -0.00884448 27795079 0.004482752 -0.07441536 0.253373
-0.03983298 -0.1563091 -0.007963434 28045301 0.007481204 -0.07526043 0.2552121
-0.03123382 -0.1569625 -0.00712584 28225468 0.01376882 -0.07667428 0.2584306
-0.02651306 -0.1574286 -0.007463098 28465709 0.01698486 -0.07719976 0.2596775
-0.02305804 -0.1569927 -0.005876034 28675882 0.02000731 -0.07755226 0.2612284
-0.01522468 -0.1566951 -0.004346192 28916281 0.02632502 -0.07827628 0.263699
-0.01143656 -0.1564266 -0.003509268 29166313 0.02949905 -0.07870683 0.2649034
-0.003438001 -0.1557371 -0.002212256 29346479 0.03601315 -0.0795144 0.2671272
0.0008098959 -0.1552463 -0.001775518 29586700 0.03935542 -0.07974898 0.2680635
0.0040675 -0.1545921 -0.0005029738 29796886 0.04254933 -0.08012248 0.2691408
0.01186401 -0.1534899 0.0007635653 30027110 0.04914159 -0.08070726 0.2706842
0.01533011 -0.1528829 0.001444831 30247475 0.05236984 -0.08092848 0.2712519
0.01879601 -0.152319 0.001901388 30467491 0.05562754 -0.08113351 0.2716082
0.02594591 -0.1508257 0.002448782 30697699 0.06201253 -0.08072887 0.2717251
0.02944822 -0.1500452 0.00294885 30917910 0.0651807 -0.08044039 0.2717206
0.03326283 -0.1490091 0.003242254 31148113 0.06839143 -0.0800092 0.2716275
0.04088952 -0.1468377 0.0037916 31368308 0.07475575 -0.07916436 0.271203
0.04436087 -0.145818 0.004257143 31608521 0.07796203 -0.07865549 0.2708324
0.04873589 -0.144921 0.00452356 31808709 0.08114654 -0.07809568 0.270139
0.05603048 -0.1425827 0.005208611 32038909 0.08754323 -0.07694677 0.2688883
0.05965512 -0.1414335 0.005412683 32259112 0.09084271 -0.07640442 0.2680395
0.06324456 -0.1403273 0.005537093 32489315 0.09413896 -0.07586304 0.2670403
0.07024956 -0.1381464 0.005744636 32719523 0.1006544 -0.07452045 0.2646407
0.07362437 -0.1369657 0.005924314 32939722 0.10385 -0.07371524 0.2633757
0.07732131 -0.1354489 0.006071806 33169930 0.1069443 -0.07265212 0.2620052
0.08421539 -0.1322244 0.006550521 33490231 0.1130619 -0.07051371 0.2593572
0.09064882 -0.1287302 0.007104188 33720621 0.1191407 -0.06822555 0.2566745
0.09378503 -0.1267091 0.007323593 33950630 0.1221339 -0.06692713 0.2553113
0.0969311 -0.1246956 0.007649571 34161018 0.1250328 -0.06564674 0.2539594
0.1031859 -0.1203424 0.008103251 34411046 0.1305478 -0.06269404 0.2510064
0.106068 -0.1180965 0.008335009 34601221 0.1331731 -0.0610454 0.2495291
0.108705 -0.1159464 0.008452192 34831429 0.1356951 -0.05943507 0.2480473
0.11418 -0.1114146 0.008450434 35051628 0.1403304 -0.05615704 0.2448999
0.1169336 -0.1088696 0.008399472 35281840 0.1424186 -0.05424407 0.2432779
0.1195005 -0.106368 0.008209452 35502046 0.1443576 -0.05217514 0.2415697
0.1244238 -0.1014231 0.007592142 35722233 0.1479704 -0.04768354 0.2378825
0.1269099 -0.09900098 0.007203683 35982468 0.1495739 -0.04533588 0.2359005
0.1316895 -0.09414296 0.006266654 36172652 0.1526527 -0.04060354 0.2318769
0.1338436 -0.09169047 0.005783692 36392842 0.1540614 -0.03826911 0.2300123
0.1361289 -0.08894885 0.005231306 36623046 0.1552264 -0.0358943 0.2281731
0.1381121 -0.08607621 0.004508704 36843480 0.156256 -0.03326091 0.2263765
0.142343 -0.08057481 0.003329173 37063451 0.1584091 -0.02811707 0.2226081
0.1443757 -0.07773961 0.002763793 37293659 0.159382 -0.02559862 0.2208399
0.1477836 -0.07130356 0.001120567 37633962 0.1609442 -0.02016772 0.2176204
0.151255 -0.06490409 0.0005542636 37854165 0.1623612 -0.01464488 0.2149057
0.1528497 -0.061403 7.614493E-05 38074530 0.1629072 -0.01188169 0.2136571
0.1542485 -0.05764134 -0.0005635023 38324581 0.1634508 -0.008999763 0.2124771
0.1571111 -0.05092788 -0.0008673072 38534771 0.1643743 -0.003264016 0.210379
0.1580651 -0.04746327 -0.001243159 38764983 0.1647261 -0.0001707888 0.2094974
0.1589485 -0.04391666 -0.001668185 38965164 0.1650344 0.002818069 0.2087033
0.160703 -0.03684091 -0.002006352 39185362 0.1654935 0.008547675 0.2075447
0.161503 -0.03326673 -0.002331048 39415570 0.165744 0.01142728 0.2069084
0.1623961 -0.03003347 -0.002485424 39635765 0.1660115 0.01410451 0.2062579
0.1640399 -0.02356033 -0.002684757 39885990 0.1663961 0.01926424 0.2052173
0.1648575 -0.02046007 -0.00286077 40076357 0.1665459 0.02170368 0.2046521
0.1654533 -0.01818769 -0.002717048 40326388 0.1669062 0.02379959 0.2042562
0.1667051 -0.01278349 -0.003312096 40536586 0.1673348 0.02777111 0.2032277
0.1670658 -0.01048839 -0.003532007 40776798 0.1673939 0.0297213 0.2028844
0.1674922 -0.008346219 -0.003490612 40987134 0.1672973 0.03168025 0.2026594
0.1678853 -0.004398204 -0.003208563 41207199 0.1671297 0.0347844 0.2028229
0.1681848 -0.00262116 -0.002916932 41467422 0.1670905 0.03580575 0.2030132
0.16836 0.0003140205 -0.002374738 41647580 0.1669994 0.03755576 0.20359
0.1683631 0.001803863 -0.002108455 41897802 0.1669413 0.03845914 0.2039374
0.1682351 0.002710397 -0.001695961 42258131 0.1668663 0.03929261 0.2043491
