0.145156 0.002327856 0.001037273 0 0.1106426 0.009554495 0.1391055
0.145156 0.002327856 0.001037273 120112 0.1106426 0.009554495 0.1391055
0.1446681 0.003565478 0.0007329388 230211 0.1100788 0.01040555 0.138802
0.1435548 0.005161941 0.000265283 340323 0.1092936 0.01141938 0.1384437
0.1435548 0.005161941 0.000265283 460415 0.1092936 0.01141938 0.1384437
0.142901 0.007084432 -0.0001104447 560505 0.1084917 0.01270451 0.1380586
0.1418246 0.009477152 -0.0003643862 680618 0.1074155 0.01411392 0.1378412
0.1401602 0.01109637 -0.0002418019 810735 0.1064162 0.01563852 0.1381308
0.1401602 0.01109637 -0.0002418019 900812 0.1064162 0.01563852 0.1381308
0.1392995 0.01408837 -3.849957E-05 1010912 0.1051295 0.0173531 0.1382656
0.1377171 0.01766312 4.965435E-05 1121015 0.1035142 0.01938832 0.1383733
0.1377171 0.01766312 4.965435E-05 1241124 0.1035142 0.01938832 0.1383733
0.1368141 0.02133837 0.0005003524 1351239 0.1021732 0.02162502 0.1387254
0.1356619 0.02536616 0.001008127 1461343 0.1006481 0.02415636 0.1391342
0.1356619 0.02536616 0.001008127 1571422 0.1006481 0.02415636 0.1391342
0.1342844 0.02971288 0.001677933 1681517 0.09908251 0.0269896 0.1397347
0.1328227 0.03463171 0.002511509 1791624 0.09734506 0.03015076 0.1404518
0.1328227 0.03463171 0.002511509 1921738 0.09734506 0.03015076 0.1404518
0.1315935 0.0400156 0.003639201 2011823 0.09563959 0.03365712 0.1413822
0.1298716 0.0456157 0.004929391 2131923 0.09367292 0.03730271 0.1425041
0.1298716 0.0456157 0.004929391 2242027 0.09367292 0.03730271 0.1425041
0.1283674 0.05125023 0.006376865 2352126 0.09175353 0.04103179 0.1437131
0.1262708 0.05712138 0.007643851 2462230 0.08957207 0.04480463 0.1447852
0.1262708 0.05712138 0.007643851 2572337 0.08957207 0.04480463 0.1447852
0.1238348 0.06266747 0.008933496 2682428 0.08729295 0.04865759 0.1459542
0.121276 0.06826872 0.01041444 2802533 0.0848411 0.0526867 0.1472937
0.121276 0.06826872 0.01041444 2912640 0.0848411 0.0526867 0.1472937
0.1186355 0.07448859 0.01212 3022731 0.08228156 0.0567667 0.1487603
0.1162491 0.08122788 0.01411197 3152845 0.07951169 0.06085303 0.1502791
0.1162491 0.08122788 0.01411197 3252935 0.07951169 0.06085303 0.1502791
0.1133519 0.0875792 0.01611171 3363043 0.0764904 0.06495655 0.1518898
0.1099295 0.09408297 0.01788612 3493152 0.07337709 0.06914439 0.1533418
0.1099295 0.09408297 0.01788612 3583241 0.07337709 0.06914439 0.1533418
0.1058531 0.1002582 0.0193738 3693332 0.07008843 0.07334466 0.1546616
0.1020581 0.1062362 0.02073698 3803432 0.06687444 0.07763648 0.1558311
0.1020581 0.1062362 0.02073698 3923540 0.06687444 0.07763648 0.1558311
0.09769473 0.1120974 0.02199263 4033652 0.06341919 0.08203368 0.1570024
0.09284759 0.1179652 0.02318486 4143743 0.05957755 0.0863914 0.1581013
0.09284759 0.1179652 0.02318486 4263847 0.05957755 0.0863914 0.1581013
0.08769691 0.1235677 0.02425333 4373947 0.05553368 0.09056554 0.1590963
0.08231314 0.1291334 0.02512427 4484050 0.05146393 0.09452374 0.1598713
0.08231314 0.1291334 0.02512427 4594154 0.05146393 0.09452374 0.1598713
0.07622148 0.1340615 0.02569105 4704245 0.04711077 0.09822693 0.1605047
0.07010961 0.1387019 0.02615597 4814344 0.04254943 0.1016814 0.160975
0.07010961 0.1387019 0.02615597 4924452 0.04254943 0.1016814 0.160975
0.06355487 0.1429881 0.02631531 5044552 0.03783363 0.1049081 0.1612026
0.05670311 0.1466688 0.02624169 5154651 0.03290288 0.1079224 0.1612918
0.05670311 0.1466688 0.02624169 5264751 0.03290288 0.1079224 0.1612918
0.04942545 0.1501184 0.02588606 5394872 0.02776981 0.1106749 0.1610951
0.04174586 0.1530115 0.02521534 5494962 0.02244452 0.1130677 0.160634
0.04174586 0.1530115 0.02521534 5605058 0.02244452 0.1130677 0.160634
0.03396621 0.1554139 0.02443228 5715173 0.01700515 0.1151301 0.1600633
0.02673766 0.1567541 0.02325117 5825260 0.0117856 0.1167901 0.1592129
0.02673766 0.1567541 0.02325117 5935360 0.0117856 0.1167901 0.1592129
0.01860933 0.1582772 0.02234821 6045459 0.006196306 0.1183236 0.1585681
0.01040275 0.1595113 0.0214305 6165564 0.000372678 0.1195288 0.1578382
0.01040275 0.1595113 0.0214305 6265654 0.000372678 0.1195288 0.1578382
0.002009079 0.1602577 0.02046833 6385770 -0.005487472 0.1202485 0.1570308
-0.006561428 0.1606631 0.01948415 6515884 -0.01136845 0.1207054 0.1561828
-0.01515013 0.1602674 0.01837545 6605965 -0.01737544 0.1208791 0.1553055
-0.01515013 0.1602674 0.01837545 6716072 -0.01737544 0.1208791 0.1553055
-0.02386999 0.1593397 0.0173022 6836177 -0.02360278 0.1207528 0.1544781
-0.02386999 0.1593397 0.0173022 6946288 -0.02360278 0.1207528 0.1544781
-0.03263566 0.1587684 0.01637135 7056367 -0.02976376 0.120409 0.1535812
-0.04147843 0.1572569 0.01524327 7166467 -0.03598756 0.1197629 0.1526124
-0.04147843 0.1572569 0.01524327 7296592 -0.03598756 0.1197629 0.1526124
-0.05034221 0.155158 0.01406216 7386665 -0.04221794 0.1189406 0.1516432
-0.05916873 0.1522978 0.01292234 7506778 -0.04851478 0.1177294 0.1507547
-0.05916873 0.1522978 0.01292234 7617064 -0.04851478 0.1177294 0.1507547
-0.06805837 0.1490894 0.01189496 7746991 -0.05487716 0.1160781 0.1498904
-0.07692963 0.1453247 0.01091138 7847081 -0.06119836 0.1139899 0.1490306
-0.0857676 0.1412483 0.01007507 7947171 -0.067433 0.1116568 0.1482577
-0.0857676 0.1412483 0.01007507 8057279 -0.067433 0.1116568 0.1482577
-0.09441441 0.1365199 0.009278123 8177379 -0.07350436 0.1088434 0.1474919
-0.09441441 0.1365199 0.009278123 8297491 -0.07350436 0.1088434 0.1474919
-0.1028363 0.131362 0.008589174 8397578 -0.07936725 0.1056064 0.1467634
-0.110963 0.125452 0.007897759 8507681 -0.0850828 0.1018379 0.1460239
-0.110963 0.125452 0.007897759 8617776 -0.0850828 0.1018379 0.1460239
-0.1187958 0.1196265 0.00750033 8737889 -0.09048304 0.09776025 0.145437
-0.1259331 0.1128401 0.007041441 8868002 -0.0956502 0.09323023 0.1448988
-0.1332467 0.106117 0.006837066 8958084 -0.1006517 0.08849347 0.1444352
-0.1332467 0.106117 0.006837066 9068191 -0.1006517 0.08849347 0.1444352
-0.1397269 0.0987365 0.006499007 9188295 -0.1053029 0.0834659 0.1439328
-0.1458017 0.0909052 0.006268062 9288568 -0.1095735 0.07811104 0.1434908
-0.1458017 0.0909052 0.006268062 9408494 -0.1095735 0.07811104 0.1434908
-0.1512077 0.08252874 0.006054306 9528598 -0.1135127 0.0722997 0.143097
-0.1561789 0.07405312 0.006016681 9628693 -0.1170611 0.0662614 0.1428207
-0.1561789 0.07405312 0.006016681 9748801 -0.1170611 0.0662614 0.1428207
-0.1605904 0.06534236 0.006060724 9858901 -0.120142 0.0599325 0.1425925
-0.1644645 0.0563018 0.006257681 9958987 -0.1228736 0.05333176 0.1425207
-0.1644645 0.0563018 0.006257681 10099113 -0.1228736 0.05333176 0.1425207
-0.1676422 0.04692623 0.006447775 10189195 -0.1251064 0.04645703 0.1424505
-0.1702766 0.03730108 0.006757194 10299298 -0.1269609 0.03946617 0.1424971
-0.1702766 0.03730108 0.006757194 10409401 -0.1269609 0.03946617 0.1424971
-0.1721544 0.027333 0.007335845 10539515 -0.1284278 0.03236004 0.142868
-0.1735053 0.01734499 0.008079802 10639609 -0.1293685 0.02500656 0.1433555
-0.1735053 0.01734499 0.008079802 10749700 -0.1293685 0.02500656 0.1433555
-0.1744386 0.007204137 0.009118318 10879818 -0.129961 0.01739569 0.1441151
-0.1746402 -0.00308658 0.01032408 10969903 -0.1302032 0.009582432 0.1451243
-0.1746402 -0.00308658 0.01032408 11080002 -0.1302032 0.009582432 0.1451243
-0.1743547 -0.01339387 0.01165097 11200107 -0.1300064 0.001609307 0.1462407
-0.1734354 -0.02375962 0.01297253 11320219 -0.1293719 -0.006564165 0.1473935
-0.1734354 -0.02375962 0.01297253 11420310 -0.1293719 -0.006564165 0.1473935
-0.1720077 -0.03411176 0.01442853 11530413 -0.1283086 -0.01475332 0.1486742
-0.169662 -0.04450314 0.01589555 11640512 -0.1266831 -0.0228462 0.1500225
-0.169662 -0.04450314 0.01589555 11770626 -0.1266831 -0.0228462 0.1500225
-0.1669443 -0.05470835 0.01759247 11870712 -0.1247749 -0.03074917 0.1515849
-0.1637554 -0.06440168 0.01943999 11980811 -0.1225007 -0.03851481 0.1533585
-0.1637554 -0.06440168 0.01943999 12090919 -0.1225007 -0.03851481 0.1533585
-0.160106 -0.07372438 0.02150425 12231045 -0.1197216 -0.04611235 0.1553435
-0.1556327 -0.08271006 0.02349395 12321127 -0.116418 -0.05330893 0.1572999
-0.1556327 -0.08271006 0.02349395 12451236 -0.116418 -0.05330893 0.1572999
-0.1505136 -0.09130257 0.02557239 12541317 -0.1125704 -0.06006003 0.1593276
-0.1445262 -0.09934166 0.02743644 12651429 -0.1083764 -0.06646637 0.1612971
-0.1445262 -0.09934166 0.02743644 12761524 -0.1083764 -0.06646637 0.1612971
-0.1386741 -0.1067282 0.0292763 12881628 -0.1038809 -0.07253502 0.1631662
-0.1323931 -0.1135794 0.03093115 12991724 -0.09907965 -0.07811621 0.1648671
-0.1323931 -0.1135794 0.03093115 13101831 -0.09907965 -0.07811621 0.1648671
-0.1256079 -0.1198969 0.0324494 13221935 -0.09393436 -0.08301993 0.1664014
-0.1182171 -0.125951 0.03380397 13322030 -0.08842552 -0.08743629 0.1677268
-0.1182171 -0.125951 0.03380397 13432121 -0.08842552 -0.08743629 0.1677268
-0.1111334 -0.1311433 0.03496045 13542220 -0.08287793 -0.09151371 0.168891
-0.1034175 -0.1356216 0.03584119 13662329 -0.0770399 -0.09524358 0.1699311
-0.1034175 -0.1356216 0.03584119 13772602 -0.0770399 -0.09524358 0.1699311
-0.09506905 -0.1395342 0.03671676 13882528 -0.07080483 -0.09847133 0.1709976
-0.08523303 -0.1429585 0.03712469 14042680 -0.06407881 -0.1012872 0.1717436
-0.07669663 -0.1457118 0.03751419 14232856 -0.05761314 -0.103686 0.1723323
-0.06872529 -0.1478711 0.03797015 14402997 -0.05110324 -0.1055977 0.1729097
-0.0640679 -0.1490139 0.03883168 14593169 -0.04566956 -0.1066072 0.1736257
-0.05588487 -0.1506493 0.03896888 14823377 -0.03914535 -0.1077389 0.1738196
-0.04745722 -0.1517508 0.03890461 15033570 -0.03249222 -0.1085957 0.1738859
-0.03009245 -0.1522148 0.03829402 15273791 -0.01897794 -0.1090659 0.1736487
-0.02141219 -0.1519808 0.03788901 15514000 -0.01216558 -0.1089417 0.1734191
-0.004910797 -0.1501878 0.03668769 15714189 0.001008064 -0.107613 0.1725502
0.003671065 -0.1487498 0.03600691 15944404 0.007729977 -0.1065604 0.1720578
0.01203328 -0.1468174 0.03526116 16184609 0.01420361 -0.1052398 0.1715434
0.0287516 -0.1414435 0.03363393 16374785 0.02699997 -0.1014015 0.1703813
0.03681976 -0.1384465 0.03303571 16625177 0.03325738 -0.09886175 0.1698809
0.04434763 -0.1351178 0.03239491 16825183 0.03924781 -0.09603419 0.1693355
0.05132312 -0.1316713 0.03171438 17085434 0.04494205 -0.09315649 0.1687624
0.06462777 -0.1236743 0.03022934 17295790 0.05563471 -0.08674571 0.1675671
0.07079378 -0.1191352 0.02938531 17515810 0.06065117 -0.08344397 0.1669699
0.08279778 -0.1095793 0.02791922 17726008 0.07007627 -0.07617451 0.1658631
0.0896904 -0.1048223 0.02770776 17946199 0.07514352 -0.07216559 0.1656504
0.09506917 -0.09878302 0.02697796 18186432 0.07932475 -0.06775726 0.1651654
0.1058338 -0.08629988 0.02609489 18406610 0.08715297 -0.05835919 0.1645745
0.1104964 -0.08011834 0.02573502 18616816 0.09059936 -0.05355124 0.1643155
0.1152142 -0.07319036 0.02532266 18837173 0.09384641 -0.04854451 0.1640391
0.1232044 -0.0593954 0.02488259 19067381 0.09930404 -0.03794237 0.1637163
0.1268829 -0.05215136 0.02481681 19297564 0.101739 -0.0324787 0.1636945
0.1301076 -0.04463622 0.02483103 19517613 0.1038451 -0.02695589 0.1637696
0.1348545 -0.03011912 0.0250354 19747829 0.1068972 -0.01580118 0.1640305
0.1372032 -0.02274039 0.02503008 19958018 0.1082621 -0.01004933 0.1639819
0.1393146 -0.01555419 0.02514716 20188226 0.1094215 -0.004290893 0.1640204
0.1426971 -0.0005920546 0.0254778 20428435 0.1111788 0.006560452 0.1642643
0.143158 0.006685276 0.02553243 20628628 0.111365 0.01169545 0.1643502
0.1435276 0.01345703 0.0257458 20858823 0.1115071 0.01688096 0.1645594
0.1429158 0.02645588 0.02658364 21079212 0.1108719 0.02684958 0.1654335
0.1419796 0.03253698 0.02729326 21299387 0.1101673 0.03154867 0.1661934
0.1414175 0.03836931 0.02820273 21549446 0.1095294 0.03585244 0.1670662
0.13852 0.04859542 0.02954066 21749627 0.1075732 0.04323794 0.1685365
0.1369862 0.05210227 0.03008749 21969826 0.1065939 0.04621048 0.169184
0.1352851 0.05492559 0.03052064 22200042 0.1056174 0.04883529 0.169765
0.1321106 0.05767993 0.03187825 22420240 0.1038322 0.05247737 0.1714473
