0.1473701 0.005639513 0.00603616 0 0.1042281 -0.001307072 0.1416708
0.1473701 0.005639513 0.00603616 110096 0.1042281 -0.001307072 0.1416708
0.1471537 0.007134178 0.005847777 220195 0.1040744 -0.0004335189 0.1414692
0.1471537 0.007134178 0.005847777 340307 0.1040744 -0.0004335189 0.1414692
0.1469641 0.00874841 0.005582361 440402 0.1039803 0.000579927 0.1411992
0.1464948 0.01096496 0.005202858 560510 0.1038039 0.00188252 0.140854
0.1466321 0.01393643 0.005165194 670601 0.1036553 0.003548336 0.1406323
0.1466321 0.01393643 0.005165194 780701 0.1036553 0.003548336 0.1406323
0.1458832 0.01741173 0.004955473 890804 0.1030253 0.005689667 0.1403514
0.1447873 0.0212613 0.004788829 1000928 0.1021476 0.008368872 0.1401472
0.1447873 0.0212613 0.004788829 1121008 0.1021476 0.008368872 0.1401472
0.1435151 0.02591121 0.004692425 1251141 0.1012895 0.01164907 0.1400432
0.1423211 0.03056412 0.004632287 1341211 0.1003763 0.01525925 0.1399565
0.1423211 0.03056412 0.004632287 1451314 0.1003763 0.01525925 0.1399565
0.1412265 0.03631175 0.004798192 1581440 0.09920716 0.01943481 0.1399122
0.1396764 0.04105493 0.004572666 1681514 0.09791305 0.02301594 0.1396159
0.1396764 0.04105493 0.004572666 1791613 0.09791305 0.02301594 0.1396159
0.137305 0.04751335 0.00495008 1901712 0.09597117 0.02767268 0.1398727
0.1347978 0.05413247 0.005470415 2011816 0.09377372 0.03273446 0.1402495
0.1347978 0.05413247 0.005470415 2132102 0.09377372 0.03273446 0.1402495
0.1322575 0.06066769 0.00617085 2232027 0.0915592 0.03788921 0.1408225
0.1285757 0.06728992 0.006695331 2352119 0.08871649 0.04296694 0.1413278
0.1285757 0.06728992 0.006695331 2462218 0.08871649 0.04296694 0.1413278
0.1252469 0.07434374 0.007510816 2572326 0.08581383 0.04831054 0.1419487
0.1214735 0.08127196 0.008153507 2702435 0.08249076 0.05328267 0.1423295
0.1214735 0.08127196 0.008153507 2802525 0.08249076 0.05328267 0.1423295
0.1162778 0.08985958 0.009555751 2912629 0.07846038 0.05918158 0.1434772
0.1116672 0.09754873 0.01086363 3022724 0.07411281 0.06534629 0.1445009
0.1116672 0.09754873 0.01086363 3132823 0.07411281 0.06534629 0.1445009
0.106334 0.1053647 0.01221072 3242931 0.06951615 0.07172929 0.1456999
0.1001533 0.1127549 0.01337127 3353042 0.06439847 0.07798875 0.1468596
0.1001533 0.1127549 0.01337127 3493149 0.06439847 0.07798875 0.1468596
0.09418329 0.1205406 0.01443164 3583250 0.05947902 0.08421388 0.1477817
0.08706169 0.1283177 0.01559704 3693349 0.0541932 0.09007725 0.1488771
0.08706169 0.1283177 0.01559704 3803429 0.0541932 0.09007725 0.1488771
0.0798452 0.135506 0.01639285 3923541 0.04871738 0.09576004 0.1496504
0.07206579 0.1420188 0.01705305 4033636 0.04276395 0.1010709 0.1503607
0.07206579 0.1420188 0.01705305 4143744 0.04276395 0.1010709 0.1503607
0.06433877 0.1480555 0.0175275 4273853 0.03682334 0.1062646 0.1509542
0.05599371 0.1536515 0.0178281 4363942 0.03062445 0.1111013 0.15144
0.05599371 0.1536515 0.0178281 4474034 0.03062445 0.1111013 0.15144
0.04743131 0.1577608 0.01759431 4584133 0.02428821 0.1152381 0.1516184
0.03920862 0.1640376 0.01819616 4704241 0.0181267 0.1196868 0.1519676
0.03920862 0.1640376 0.01819616 4804328 0.0181267 0.1196868 0.1519676
0.02983898 0.1678213 0.01801163 4924440 0.01146404 0.1229056 0.1519937
0.02010437 0.1705532 0.01743926 5054558 0.00458123 0.1257411 0.1518162
0.01116301 0.1724981 0.0165123 5154656 -0.002290678 0.1282262 0.1512908
0.01116301 0.1724981 0.0165123 5254742 -0.002290678 0.1282262 0.1512908
0.002037945 0.1733881 0.0155879 5374855 -0.00941103 0.1300831 0.1508649
0.002037945 0.1733881 0.0155879 5484954 -0.00941103 0.1300831 0.1508649
-0.00816138 0.1735339 0.01439561 5595053 -0.01694862 0.131271 0.1502002
-0.01887653 0.1731369 0.01328463 5705149 -0.02465818 0.1316952 0.1495029
-0.01887653 0.1731369 0.01328463 5815252 -0.02465818 0.1316952 0.1495029
-0.02924914 0.1718743 0.01193537 5925343 -0.03199798 0.131413 0.1485428
-0.03977622 0.1699461 0.01067846 6055461 -0.03935895 0.1304403 0.1475922
-0.03977622 0.1699461 0.01067846 6165560 -0.03935895 0.1304403 0.1475922
-0.04971382 0.1667606 0.009158033 6285669 -0.04672894 0.1288307 0.1464849
-0.05924293 0.162372 0.007536854 6385775 -0.0539857 0.1264109 0.1453244
-0.06877629 0.1563951 0.005758048 6495870 -0.061109 0.1230311 0.1440849
-0.06877629 0.1563951 0.005758048 6626004 -0.061109 0.1230311 0.1440849
-0.07806896 0.1504711 0.004226229 6726062 -0.0679166 0.1191001 0.142859
-0.07806896 0.1504711 0.004226229 6826156 -0.0679166 0.1191001 0.142859
-0.08702986 0.1441419 0.002833446 6936260 -0.0743071 0.1145336 0.1416417
-0.09521447 0.1369843 0.001312538 7056364 -0.08024156 0.1092476 0.1402828
-0.09521447 0.1369843 0.001312538 7176472 -0.08024156 0.1092476 0.1402828
-0.1022027 0.1296404 -0.0003744398 7276563 -0.0857659 0.1036559 0.138769
-0.1073063 0.1277131 -0.001225905 7406680 -0.09043957 0.09975106 0.137482
-0.1140866 0.1186521 -0.00311272 7506771 -0.09550883 0.09295292 0.1358141
-0.1140866 0.1186521 -0.00311272 7606861 -0.09550883 0.09295292 0.1358141
-0.119917 0.1100734 -0.004851542 7716960 -0.1000519 0.08606236 0.1341992
-0.119917 0.1100734 -0.004851542 7837069 -0.1000519 0.08606236 0.1341992
-0.1256167 0.1007294 -0.006555845 7947168 -0.1043824 0.07871123 0.1326223
-0.130762 0.09064793 -0.008229837 8067276 -0.1083919 0.07095005 0.1311181
-0.1353641 0.08022293 -0.009681271 8187385 -0.1121515 0.06296805 0.1298526
-0.1353641 0.08022293 -0.009681271 8287475 -0.1121515 0.06296805 0.1298526
-0.1387207 0.07051409 -0.01102603 8397574 -0.115226 0.05524752 0.1286922
-0.1415277 0.06050158 -0.01224911 8507674 -0.1177168 0.04732267 0.127628
-0.1415277 0.06050158 -0.01224911 8627786 -0.1177168 0.04732267 0.127628
-0.14411 0.04914895 -0.01334998 8727877 -0.1195107 0.03862946 0.126616
-0.1455802 0.03801964 -0.01434657 8837976 -0.1203635 0.02977387 0.1256619
-0.1455802 0.03801964 -0.01434657 8968093 -0.1203635 0.02977387 0.1256619
-0.1458793 0.02635163 -0.01531018 9068180 -0.1206008 0.02070449 0.1248161
-0.1451084 0.01389094 -0.01624502 9178279 -0.1202342 0.01148332 0.1240466
-0.1451084 0.01389094 -0.01624502 9298387 -0.1202342 0.01148332 0.1240466
-0.1431022 0.001667296 -0.01697688 9398482 -0.1190272 0.00243411 0.1234726
-0.1431022 0.001667296 -0.01697688 9508581 -0.1190272 0.00243411 0.1234726
-0.1404862 -0.01046788 -0.01750423 9628689 -0.1171363 -0.006680343 0.1230187
-0.1371854 -0.02291748 -0.01782416 9748798 -0.1146168 -0.01591475 0.122703
-0.1328587 -0.03401877 -0.0182548 9858897 -0.111448 -0.02445146 0.1223023
-0.1328587 -0.03401877 -0.0182548 9958988 -0.111448 -0.02445146 0.1223023
-0.1274738 -0.04488517 -0.01892947 10069083 -0.1077645 -0.03269599 0.1216736
-0.1217068 -0.05491832 -0.01938797 10189195 -0.1034757 -0.04045762 0.1211993
-0.1217068 -0.05491832 -0.01938797 10299291 -0.1034757 -0.04045762 0.1211993
-0.1154064 -0.0647595 -0.0196013 10409390 -0.09873987 -0.04782736 0.1209042
-0.1082804 -0.07370225 -0.01959904 10519489 -0.09358138 -0.05464366 0.1208536
-0.1082804 -0.07370225 -0.01959904 10629589 -0.09358138 -0.05464366 0.1208536
-0.1003582 -0.08158739 -0.01932977 10739688 -0.08787813 -0.0609395 0.121113
-0.09181277 -0.08892079 -0.01889886 10869805 -0.08175283 -0.0666987 0.1214978
-0.09181277 -0.08892079 -0.01889886 10989914 -0.08175283 -0.0666987 0.1214978
-0.08431443 -0.09479426 -0.018163 11090004 -0.0757322 -0.07146414 0.122152
-0.07444984 -0.1005972 -0.01767492 11190095 -0.06816943 -0.07609073 0.1225615
-0.07444984 -0.1005972 -0.01767492 11300194 -0.06816943 -0.07609073 0.1225615
-0.06363129 -0.1059644 -0.01717606 11420302 -0.06009453 -0.08048898 0.1229836
-0.05415184 -0.1129998 -0.01598964 11530402 -0.05251541 -0.08543459 0.1238092
-0.05415184 -0.1129998 -0.01598964 11640501 -0.05251541 -0.08543459 0.1238092
-0.04345174 -0.1165155 -0.0149816 11750600 -0.04465674 -0.08833916 0.1246998
-0.03223433 -0.1186271 -0.01391986 11890727 -0.0366446 -0.0901008 0.1256259
-0.0213292 -0.1213495 -0.01254154 11970811 -0.02860984 -0.09183197 0.1266776
-0.0213292 -0.1213495 -0.01254154 12100916 -0.02860984 -0.09183197 0.1266776
-0.01063194 -0.1226449 -0.01127796 12201011 -0.02036291 -0.09283581 0.1277291
-0.01063194 -0.1226449 -0.01127796 12311110 -0.02036291 -0.09283581 0.1277291
-6.967134E-05 -0.1240664 -0.009863577 12421210 -0.01205585 -0.09371824 0.1288505
0.01059987 -0.1246233 -0.008359845 12531305 -0.003637894 -0.09391924 0.1300626
0.01059987 -0.1246233 -0.008359845 12641408 -0.003637894 -0.09391924 0.1300626
0.02149544 -0.1236688 -0.006764842 12751508 0.004738612 -0.09322353 0.1314326
0.03164208 -0.1233886 -0.004891209 12881625 0.01247706 -0.09254664 0.1329047
0.04214207 -0.1217014 -0.003163108 12991720 0.0202044 -0.09094928 0.1342388
0.04214207 -0.1217014 -0.003163108 13091811 0.0202044 -0.09094928 0.1342388
0.0521983 -0.1191384 -0.001713033 13201914 0.02787702 -0.08876111 0.1353707
0.0521983 -0.1191384 -0.001713033 13322022 0.02787702 -0.08876111 0.1353707
0.06137374 -0.1160781 -0.0004718226 13432118 0.03537384 -0.08618008 0.136409
0.0702054 -0.1113761 0.0005571367 13542221 0.0426633 -0.08270644 0.1373991
0.0702054 -0.1113761 0.0005571367 13672339 0.0426633 -0.08270644 0.1373991
0.07889735 -0.1066089 0.001560918 13762420 0.04962658 -0.07899721 0.1382616
0.08774471 -0.1014803 0.002733927 13892533 0.05613339 -0.07477628 0.1390932
0.09613697 -0.09550838 0.003939885 13992628 0.06218631 -0.0698375 0.1399348
0.09613697 -0.09550838 0.003939885 14102723 0.06218631 -0.0698375 0.1399348
0.1040487 -0.08922828 0.005108194 14222835 0.06785828 -0.06459875 0.1407175
0.1107768 -0.08221354 0.006025939 14352953 0.07322287 -0.0591495 0.1415398
0.1107768 -0.08221354 0.006025939 14463048 0.07322287 -0.0591495 0.1415398
0.1166703 -0.07451285 0.006837544 14583161 0.07822771 -0.05345895 0.1424294
0.1231941 -0.06678798 0.007729979 14833382 0.08310333 -0.04777801 0.1431464
0.1286881 -0.05860092 0.00873249 15043572 0.08739464 -0.04158952 0.1440533
0.133298 -0.05067072 0.009465708 15253762 0.09117573 -0.03523196 0.1447196
0.1417107 -0.03436524 0.01112741 15483973 0.09793609 -0.0224141 0.1462096
0.1442705 -0.02481111 0.01177007 15714189 0.1007592 -0.01617032 0.1471892
0.1492583 -0.008548159 0.01296241 15924371 0.1052886 -0.004404702 0.1484458
0.150931 -0.0002299959 0.01343932 16154579 0.1070297 0.0015233 0.1489969
0.1523857 0.006908598 0.01376657 16394795 0.1084098 0.007212767 0.149311
0.1537453 0.01959413 0.01382709 16604981 0.1098699 0.01741838 0.1493869
0.1538949 0.02588392 0.01390398 16825204 0.1101857 0.02221487 0.1494853
0.1534989 0.02908105 0.01385802 17055392 0.1102118 0.02544957 0.1495757
0.1532158 0.0395439 0.01455093 17275594 0.109611 0.0323438 0.1500243
0.1544635 0.0427627 0.015501 17515803 0.1093771 0.03467831 0.1504384
