0.1465087 0.00555847 0.0009603053 0 0.2085119 0.02977773 0.203942
0.1465087 0.00555847 0.0009603053 120112 0.2085119 0.02977773 0.203942
0.1465703 0.00595375 0.0007693917 220194 0.2081187 0.03006097 0.2040009
0.1465325 0.00656172 0.0006289631 340307 0.2077515 0.03032698 0.2041869
0.1465325 0.00656172 0.0006289631 450406 0.2077515 0.03032698 0.2041869
0.1465511 0.007285689 0.0007105768 560522 0.2073226 0.03086262 0.2046202
0.1462266 0.008158138 0.000831455 670605 0.2067183 0.03181029 0.2053045
0.1462266 0.008158138 0.000831455 790709 0.2067183 0.03181029 0.2053045
0.1460335 0.009090973 0.001162231 890800 0.2062801 0.03298014 0.2060263
0.145654 0.010209 0.001447648 1040935 0.2058431 0.03419781 0.2067965
0.145654 0.010209 0.001447648 1121007 0.2058431 0.03419781 0.2067965
0.1453207 0.011795 0.001811802 1231107 0.2055054 0.03547423 0.2076537
0.144787 0.01325714 0.002158239 1341206 0.2049829 0.03680009 0.208661
0.144787 0.01325714 0.002158239 1481345 0.2049829 0.03680009 0.208661
0.1443965 0.01504602 0.002466068 1571414 0.2044394 0.03836921 0.2095928
0.1438268 0.01704114 0.002683595 1681513 0.2037943 0.04020894 0.2105471
0.1438268 0.01704114 0.002683595 1791613 0.2037943 0.04020894 0.2105471
0.1429842 0.01901038 0.002757192 1901712 0.2031095 0.04226577 0.2114233
0.1422087 0.02096662 0.002839282 2021820 0.2024612 0.04430164 0.2122542
0.1422087 0.02096662 0.002839282 2131920 0.2024612 0.04430164 0.2122542
0.1416306 0.02324511 0.002886713 2252044 0.201771 0.04638813 0.2130421
0.1406462 0.02546258 0.002778739 2352118 0.2009436 0.04837106 0.2139062
0.1406462 0.02546258 0.002778739 2462222 0.2009436 0.04837106 0.2139062
0.139622 0.02814759 0.002702102 2572321 0.2000872 0.05052226 0.2148894
0.1383315 0.03071624 0.002637267 2682420 0.1991349 0.0528066 0.2159935
0.1383315 0.03071624 0.002637267 2802529 0.1991349 0.0528066 0.2159935
0.1372935 0.03335378 0.002628431 2912628 0.1981134 0.05520809 0.2170897
0.1361182 0.03615751 0.002581418 3042746 0.1970042 0.05770325 0.2182515
0.1361182 0.03615751 0.002581418 3132827 0.1970042 0.05770325 0.2182515
0.134753 0.03923058 0.002436355 3242930 0.1957705 0.06016952 0.2194857
0.1336449 0.04221139 0.002360463 3363031 0.1945117 0.0627095 0.2206771
0.1336449 0.04221139 0.002360463 3473134 0.1945117 0.0627095 0.2206771
0.1324257 0.04536233 0.002331048 3583233 0.1931809 0.06541251 0.221994
0.1311713 0.04861494 0.002310216 3693333 0.1917991 0.06826014 0.2233416
0.1311713 0.04861494 0.002310216 3813441 0.1917991 0.06826014 0.2233416
0.1299244 0.05190693 0.002179191 3923541 0.1904148 0.07127085 0.2245228
0.1284633 0.05559663 0.001881734 4033636 0.1890051 0.07438999 0.2256239
0.1284633 0.05559663 0.001881734 4143747 0.1890051 0.07438999 0.2256239
0.1269374 0.05919933 0.001567602 4253835 0.1875287 0.07754102 0.2267269
0.1255297 0.06303877 0.001243144 4363934 0.1860246 0.08100926 0.2277629
0.1255297 0.06303877 0.001243144 4474033 0.1860246 0.08100926 0.2277629
0.1240893 0.06680778 0.000989005 4604163 0.1843887 0.08453947 0.2289318
0.1223033 0.07066166 0.0006912202 4704253 0.18261 0.08823287 0.2302049
0.1223033 0.07066166 0.0006912202 4814353 0.18261 0.08823287 0.2302049
0.1210932 0.07448953 0.0005079359 4924448 0.1809449 0.09176207 0.2313714
0.1192211 0.07855225 0.0002189875 5044556 0.1791726 0.09511171 0.2327016
0.1192211 0.07855225 0.0002189875 5144638 0.1791726 0.09511171 0.2327016
0.1168922 0.0826181 -0.0001078397 5264759 0.1772108 0.09846037 0.234186
0.115005 0.08637913 -0.0002045333 5374850 0.1753409 0.1018441 0.2356927
0.115005 0.08637913 -0.0002045333 5494963 0.1753409 0.1018441 0.2356927
0.1126955 0.09035797 -0.0003343374 5595057 0.1732732 0.1053755 0.2373535
0.1088748 0.09412117 -0.0003766268 5715157 0.1712213 0.108891 0.2393687
0.1088748 0.09412117 -0.0003766268 5835270 0.1712213 0.108891 0.2393687
0.1061006 0.09806557 -0.0003891289 5935360 0.1689941 0.1122474 0.2412618
0.1031963 0.1018747 -0.0002359003 6045455 0.1666008 0.115656 0.2433938
0.1031963 0.1018747 -0.0002359003 6155551 0.1666008 0.115656 0.2433938
0.100355 0.1054336 0.000156045 6265650 0.1641538 0.1191934 0.2457335
0.09729949 0.1086416 0.0006854385 6375753 0.1615942 0.122677 0.2482422
0.09729949 0.1086416 0.0006854385 6495858 0.1615942 0.122677 0.2482422
0.09420489 0.1117076 0.001273453 6625975 0.1589303 0.1260919 0.2508114
0.09096799 0.1142141 0.00191696 6726070 0.1561611 0.1290033 0.2534454
0.08730587 0.1170716 0.002598956 6826172 0.1532722 0.1317934 0.2561967
0.08730587 0.1170716 0.002598956 6946272 0.1532722 0.1317934 0.2561967
0.08346906 0.1195303 0.003407702 7056388 0.1502389 0.1344515 0.2590632
0.08013225 0.1220088 0.004194632 7156454 0.1471504 0.1372722 0.2618028
0.08013225 0.1220088 0.004194632 7276566 0.1471504 0.1372722 0.2618028
0.07638519 0.1238619 0.005180076 7396679 0.1438846 0.1399605 0.2647452
0.0726568 0.1258305 0.006072074 7506770 0.1404476 0.1425423 0.2675827
0.0726568 0.1258305 0.006072074 7606869 0.1404476 0.1425423 0.2675827
0.06870279 0.1276149 0.006971747 7726969 0.1369695 0.1449031 0.2703336
0.06458659 0.1292483 0.007897466 7847085 0.1333223 0.1471721 0.273065
0.06458659 0.1292483 0.007897466 7947172 0.1333223 0.1471721 0.273065
0.06047497 0.1308084 0.008685902 8067300 0.1295268 0.1493039 0.2755828
0.05639845 0.1321436 0.00927797 8187542 0.1255952 0.151275 0.2778014
0.05639845 0.1321436 0.00927797 8277474 0.1255952 0.151275 0.2778014
0.05206834 0.1334108 0.009699479 8397582 0.1213178 0.153109 0.2798277
0.04757408 0.1342218 0.01011939 8507681 0.1168869 0.1547133 0.2817258
0.04757408 0.1342218 0.01011939 8627782 0.1168869 0.1547133 0.2817258
0.04330092 0.1349652 0.01037449 8727872 0.1122632 0.1561807 0.2834308
0.03882128 0.1352947 0.01091939 8847984 0.1073706 0.157456 0.2853936
0.03882128 0.1352947 0.01091939 8978102 0.1073706 0.157456 0.2853936
0.03419825 0.1356679 0.01156887 9078188 0.1020953 0.158664 0.2874828
0.02922948 0.1362908 0.01220778 9178279 0.09601822 0.1598521 0.2897067
0.02922948 0.1362908 0.01220778 9298391 0.09601822 0.1598521 0.2897067
0.02428848 0.1365113 0.01284546 9408494 0.08890638 0.1607522 0.2922319
0.01913013 0.1356706 0.01378441 9518594 0.081239 0.1612675 0.2949705
0.01913013 0.1356706 0.01378441 9628685 0.081239 0.1612675 0.2949705
0.01461003 0.1356571 0.01420628 9758802 0.07308502 0.1611905 0.2974754
0.01090762 0.1369214 0.01391414 9848888 0.06413727 0.1605365 0.2997282
0.01090762 0.1369214 0.01391414 9968996 0.06413727 0.1605365 0.2997282
0.007981299 0.1378972 0.01325259 10069086 0.05472333 0.1595155 0.3016653
0.002992742 0.1388705 0.01375031 10199200 0.04558337 0.1581031 0.303756
0.002992742 0.1388705 0.01375031 10299294 0.04558337 0.1581031 0.303756
-0.002817704 0.1384958 0.01493418 10409394 0.03740709 0.1568223 0.305582
-0.006741544 0.1385418 0.01558834 10549520 0.02994931 0.1560479 0.3070342
-0.006741544 0.1385418 0.01558834 10629596 0.02994931 0.1560479 0.3070342
-0.01101847 0.1377336 0.01658855 10749721 0.02286467 0.1564029 0.308359
-0.01594129 0.1360617 0.0179784 10859800 0.0165021 0.157563 0.3094016
-0.01594129 0.1360617 0.0179784 10989913 0.0165021 0.157563 0.3094016
-0.01994487 0.1347107 0.01890618 11090004 0.01007611 0.1585264 0.3101744
-0.02440533 0.133393 0.02042539 11200107 0.002886623 0.1590593 0.3113697
-0.02440533 0.133393 0.02042539 11350239 0.002886623 0.1590593 0.3113697
-0.02815834 0.1316344 0.02140665 11420322 -0.004036814 0.1586488 0.3121037
-0.03159439 0.1297751 0.02244446 11540414 -0.01087189 0.1584366 0.3128251
-0.03159439 0.1297751 0.02244446 11640513 -0.01087189 0.1584366 0.3128251
-0.03500315 0.1279826 0.02350944 11770618 -0.01788586 0.1585304 0.3134302
-0.0392144 0.1252315 0.02541223 11870708 -0.02566254 0.1588608 0.3143305
-0.0392144 0.1252315 0.02541223 11990817 -0.02566254 0.1588608 0.3143305
-0.04221028 0.1228638 0.02637987 12090915 -0.03418803 0.1594519 0.3146836
-0.04492831 0.1204892 0.02719143 12241046 -0.04290098 0.1598686 0.3147254
-0.04730773 0.118171 0.02766296 12461391 -0.05104309 0.1594754 0.3143297
-0.05068034 0.1156163 0.02852622 12691453 -0.05900231 0.1582745 0.3137862
-0.05396379 0.1138512 0.02886339 12941675 -0.06684691 0.1568825 0.3126795
-0.06017649 0.1113516 0.02894533 13131846 -0.08207214 0.1543781 0.3095357
-0.06421085 0.1085331 0.02998383 13392085 -0.09030968 0.1529941 0.3080601
-0.0723391 0.1020084 0.03259149 13582257 -0.1057664 0.1492155 0.3050872
-0.0735045 0.1019165 0.03026597 13802460 -0.1130444 0.1469074 0.3012215
-0.07610381 0.09938516 0.02959545 14022658 -0.1204406 0.1444071 0.2978807
-0.07812759 0.09638867 0.0287616 14252858 -0.1277874 0.1419437 0.2941636
-0.08253342 0.09153129 0.02716744 14463056 -0.1429023 0.1362765 0.2861161
-0.08496541 0.08892076 0.02668191 14553149 -0.149746 0.1327416 0.2823679
-0.08496541 0.08892076 0.02668191 14663228 -0.149746 0.1327416 0.2823679
-0.08702058 0.08638948 0.02623011 14773340 -0.1556479 0.1289188 0.2790068
-0.08931176 0.08344222 0.02607529 14903449 -0.1610041 0.124378 0.2761082
-0.09045471 0.08145057 0.02536879 15003543 -0.165382 0.119924 0.2732671
-0.09045471 0.08145057 0.02536879 15253765 -0.165382 0.119924 0.2732671
-0.09558873 0.07676593 0.0244312 15343842 -0.1744463 0.1114783 0.2669913
-0.09558873 0.07676593 0.0244312 15493990 -0.1744463 0.1114783 0.2669913
-0.09806619 0.0733731 0.02411973 15724190 -0.178791 0.107078 0.2638046
-0.1001458 0.07045531 0.02358426 15924374 -0.1830818 0.1024541 0.2604504
-0.1035712 0.06597931 0.02271606 16174604 -0.1906886 0.09388153 0.2545151
-0.1052126 0.06345408 0.02231701 16384786 -0.1936725 0.08921175 0.2520207
-0.106558 0.06079317 0.02187379 16614994 -0.1960215 0.08470695 0.249837
-0.1109033 0.05580162 0.0212445 16835188 -0.2009137 0.07616313 0.2453319
-0.1118662 0.05195602 0.02093436 17055387 -0.2028516 0.07163766 0.2433736
-0.1133948 0.04866877 0.02048193 17275736 -0.2047463 0.06726778 0.2412303
-0.1164272 0.04150737 0.01930003 17495784 -0.208125 0.05870853 0.2367291
-0.1176297 0.03800452 0.01871978 17725996 -0.20975 0.05431186 0.23456
-0.1205399 0.03348263 0.01825567 17976218 -0.211567 0.04938334 0.2320852
-0.1233723 0.02579746 0.01680751 18166394 -0.2144533 0.0407119 0.2273892
-0.1246329 0.02204649 0.01594928 18406610 -0.2155381 0.03668087 0.2251329
-0.1266235 0.01466682 0.01393335 18606795 -0.2172365 0.02853597 0.2206833
-0.1276901 0.01088778 0.01274547 18847012 -0.2179003 0.02450376 0.2183356
-0.1284228 0.006687794 0.01160443 19087233 -0.2184342 0.02028847 0.2161704
-0.1300251 -0.00190085 0.009756461 19287401 -0.2193221 0.01214342 0.2124881
-0.1308881 -0.006068808 0.009123057 19517629 -0.2197009 0.008289514 0.2110743
-0.1319056 -0.009973683 0.008552864 19737828 -0.2200428 0.004470974 0.2097892
-0.1332702 -0.0175592 0.007290334 19968020 -0.2208937 -0.003386575 0.2070484
-0.1338252 -0.0212543 0.006500661 20208240 -0.2212598 -0.007183813 0.2055294
-0.134119 -0.02518267 0.005635455 20398412 -0.2213867 -0.01087827 0.2041229
-0.1346118 -0.03315469 0.00407508 20648638 -0.2213009 -0.01832762 0.2018829
-0.1342704 -0.03699804 0.003254682 20858819 -0.221137 -0.02199203 0.2009173
-0.1344198 -0.04060591 0.002589732 21089214 -0.2210422 -0.02550498 0.2000526
-0.1340854 -0.04771412 0.001755506 21299217 -0.2206514 -0.03175374 0.1991804
-0.1341162 -0.05085819 0.001756668 21529429 -0.2206434 -0.03431833 0.1990823
-0.1337322 -0.05375654 0.001960009 21749822 -0.2206156 -0.0364753 0.1992897
-0.1331589 -0.05830671 0.002784073 21979843 -0.2205271 -0.03924412 0.2001999
-0.132577 -0.06016842 0.003368184 22210039 -0.2203164 -0.04001324 0.2010195
-0.1320088 -0.06174427 0.003983468 22420237 -0.2200316 -0.04062984 0.2019626
-0.1302824 -0.06432417 0.005405009 22640451 -0.2195674 -0.041963 0.204146
-0.1291615 -0.06549313 0.006115392 22860638 -0.2193755 -0.04280202 0.2052612
-0.1279671 -0.06675052 0.006787166 23090834 -0.2191731 -0.04363319 0.2062935
-0.1252322 -0.0693805 0.008375511 23311044 -0.2184095 -0.04522834 0.20893
-0.1239169 -0.07073641 0.009311467 23551257 -0.217881 -0.04607891 0.2105394
-0.1222262 -0.07211529 0.0101019 23751442 -0.2171899 -0.04692926 0.2120837
-0.1188711 -0.0753267 0.01131065 23981646 -0.2155216 -0.0490623 0.2148426
-0.1171877 -0.07721145 0.01187225 24231863 -0.2145622 -0.05039825 0.2162222
-0.1153667 -0.07944789 0.01245157 24432048 -0.213469 -0.05194575 0.2176469
-0.111202 -0.08447026 0.01316732 24662260 -0.2106026 -0.05555503 0.2203887
-0.108557 -0.08713087 0.01335035 24882459 -0.2088343 -0.05748286 0.2216902
-0.1053954 -0.08975323 0.01371618 25122671 -0.2069554 -0.05935039 0.2231169
-0.09838352 -0.09489535 0.01465014 25322856 -0.202524 -0.06262632 0.2261481
-0.09507474 -0.09740797 0.01528427 25563073 -0.1999806 -0.06395552 0.2279137
-0.08803823 -0.1015767 0.0164835 25773254 -0.1942681 -0.06626566 0.231658
-0.08420258 -0.1034427 0.01708265 25993453 -0.1910352 -0.06718888 0.2335286
-0.08044653 -0.1052478 0.01774436 26243679 -0.1875615 -0.06783231 0.2354602
-0.07667243 -0.106848 0.01842484 26443859 -0.1838474 -0.06826023 0.2374719
-0.06877816 -0.1095711 0.01980679 26684076 -0.1757108 -0.06830484 0.2412587
-0.06467997 -0.1106816 0.0206181 26894266 -0.1712967 -0.0678198 0.2430304
-0.05816023 -0.1130725 0.02127571 27114465 -0.1610101 -0.06551816 0.2469061
-0.05416988 -0.1138588 0.02182953 27334663 -0.1552047 -0.06409097 0.2489394
-0.0503931 -0.1146971 0.02231582 27564871 -0.1492805 -0.06251575 0.2507592
-0.04065406 -0.1150407 0.02364284 27805092 -0.1356735 -0.05861373 0.2543422
-0.03676778 -0.1156063 0.02408567 28005273 -0.1284624 -0.05649792 0.2562096
-0.03154854 -0.115448 0.02462448 28235480 -0.1204477 -0.05431372 0.2580903
-0.02294559 -0.1152728 0.02583463 28455679 -0.1054484 -0.05064425 0.2619863
-0.01946175 -0.1162749 0.02680819 28685887 -0.09797597 -0.04944015 0.2636132
-0.01573602 -0.1164125 0.02666885 28926100 -0.09025711 -0.04761925 0.2649395
-0.007151071 -0.1158963 0.02670251 29116275 -0.07496208 -0.04484668 0.2676529
-0.002763879 -0.1154863 0.02714218 29366497 -0.0672985 -0.04350748 0.2689007
0.001397743 -0.1150398 0.02757174 29576687 -0.059578 -0.04226947 0.2702695
0.008122529 -0.1143401 0.02724108 29796889 -0.04457563 -0.04046486 0.2734589
0.01224783 -0.1136531 0.02694403 30047111 -0.03709981 -0.03988158 0.2747921
0.02155751 -0.1115592 0.02700126 30257301 -0.02255249 -0.03863683 0.2766934
0.02531745 -0.1112048 0.02609672 30477500 -0.01546371 -0.03796246 0.2768578
0.0293157 -0.1106594 0.02550365 30697702 -0.008650362 -0.03748437 0.2770083
0.03348231 -0.1097676 0.02511092 30938110 -0.0021106 -0.03711005 0.2772584
0.04025147 -0.1083127 0.02351925 31138100 0.0101288 -0.03651065 0.2775937
0.0444683 -0.1070221 0.02300337 31358298 0.01619673 -0.03596395 0.2773509
0.04851373 -0.1058897 0.02277406 31608520 0.02223259 -0.03544524 0.2770187
0.05615911 -0.1030479 0.02189545 31818710 0.03303131 -0.03393414 0.275881
0.0601706 -0.1014762 0.02185017 32058931 0.0379369 -0.03301237 0.2749982
0.06792684 -0.09895538 0.02086286 32249102 0.04796799 -0.03146937 0.2725324
0.07161073 -0.09775314 0.02008623 32479314 0.0526735 -0.03083822 0.2711592
0.07532081 -0.09631917 0.01960215 32699505 0.05698593 -0.0301597 0.2698321
0.07897174 -0.0948038 0.0191538 32959740 0.06097499 -0.02929384 0.2683357
0.08587876 -0.09179414 0.01858689 33159924 0.069065 -0.02701382 0.2651683
0.08919424 -0.09022153 0.01839222 33380119 0.07293178 -0.02585762 0.2636189
0.09249727 -0.08826725 0.01808454 33600326 0.0765941 -0.02453405 0.2620933
0.09870836 -0.08411087 0.01718356 33830529 0.08360609 -0.0218559 0.2591296
0.101525 -0.08239339 0.01705904 34060733 0.08699517 -0.02063868 0.257726
0.1072385 -0.07807771 0.01587062 34271077 0.09293826 -0.01712536 0.2541495
0.1098157 -0.07602055 0.01512599 34511140 0.09575136 -0.01525803 0.252313
0.1124596 -0.07380404 0.01442544 34711320 0.09846856 -0.01345729 0.2505171
0.1149669 -0.07134131 0.01342557 34931519 0.1009097 -0.0115934 0.2487417
0.1198721 -0.06642506 0.01145467 35181745 0.1052684 -0.007706647 0.2450172
0.1221322 -0.0639036 0.01025578 35391934 0.1072339 -0.005490399 0.2430397
0.1266423 -0.05848318 0.008489698 35622142 0.1107374 -0.0007797424 0.2393071
0.1286604 -0.05522804 0.00768967 35852358 0.1123011 0.001746294 0.2378054
0.1305774 -0.05186227 0.006906837 36072553 0.1136322 0.004359241 0.2363608
0.1340462 -0.04490653 0.005390972 36312778 0.1161731 0.009943119 0.2336434
0.1358007 -0.04122442 0.004802331 36532976 0.117356 0.01287855 0.2323355
0.1373644 -0.03719444 0.004077032 36733145 0.118246 0.01601633 0.2311444
0.1415908 -0.02787712 0.00407216 36943484 0.1200674 0.02270931 0.2288419
0.1430833 -0.02303868 0.003817961 37193560 0.1208476 0.02618848 0.2280494
0.1430455 -0.01848498 0.002211228 37413945 0.1214236 0.02979222 0.2276451
0.1444148 -0.01037768 0.0008384585 37623957 0.1224725 0.0366115 0.2262798
0.1452204 -0.006414304 0.0005094856 37844305 0.1230426 0.03974129 0.2257392
0.145601 -0.002519567 -7.925928E-05 38094373 0.1233892 0.04264046 0.2254372
0.1467822 0.004775035 -0.0007193238 38304563 0.1239014 0.04765135 0.2248444
0.1475839 0.008116643 -0.0008558333 38514769 0.1242444 0.04988555 0.2244521
0.1481392 0.01098717 -0.001205444 38765209 0.1244301 0.05189235 0.2240507
0.1492533 0.0163758 -0.002154142 38965167 0.1248331 0.0554358 0.2231071
0.1496516 0.01906551 -0.002907872 39205380 0.1247954 0.05715457 0.2225965
0.1496762 0.02125172 -0.003848016 39425583 0.1244759 0.0588783 0.2221266
0.1494272 0.02452396 -0.005595818 39635764 0.1234324 0.06185886 0.2213165
