0.1565493 0.005669932 -0.001631096 0 0.1762777 0.05728674 0.2047125
0.1565493 0.005669932 -0.001631096 100087 0.1762777 0.05728674 0.2047125
0.1568799 0.006521193 -0.001931742 210202 0.1760459 0.05756679 0.2045588
0.1571558 0.007465102 -0.002278268 320289 0.1757972 0.05795148 0.2043977
0.1571558 0.007465102 -0.002278268 440398 0.1757972 0.05795148 0.2043977
0.157306 0.008636039 -0.002653509 550497 0.1754587 0.05857238 0.2043171
0.15734 0.009913621 -0.002987981 660593 0.1749915 0.05939917 0.2043496
0.15734 0.009913621 -0.002987981 770696 0.1749915 0.05939917 0.2043496
0.1575645 0.01125875 -0.003023282 880795 0.1744739 0.06041684 0.2044814
0.157535 0.01285266 -0.003162593 1010917 0.1737519 0.06155973 0.2048043
0.157535 0.01285266 -0.003162593 1100990 0.1737519 0.06155973 0.2048043
0.1574898 0.01462838 -0.003217906 1211089 0.1729514 0.06282002 0.2052538
0.1574 0.01675237 -0.003280833 1331202 0.1720344 0.06420357 0.2058402
0.1574 0.01675237 -0.003280833 1441297 0.1720344 0.06420357 0.2058402
0.1572669 0.01905684 -0.003257364 1561430 0.1710928 0.06573225 0.2065368
0.1572176 0.02144575 -0.003134623 1661504 0.1700946 0.06742726 0.2072371
0.1572176 0.02144575 -0.003134623 1791621 0.1700946 0.06742726 0.2072371
0.1568089 0.02377329 -0.003115192 1892080 0.169002 0.06925365 0.2080394
0.1562122 0.02638381 -0.003187582 2001803 0.16781 0.07134979 0.2089132
0.1562122 0.02638381 -0.003187582 2111906 0.16781 0.07134979 0.2089132
0.1557375 0.02914573 -0.003012881 2232011 0.1665628 0.07358392 0.209924
0.1550991 0.03194274 -0.002773851 2342110 0.1651339 0.07595935 0.2111037
0.1550991 0.03194274 -0.002773851 2452209 0.1651339 0.07595935 0.2111037
0.154346 0.03516915 -0.002716243 2582327 0.1634175 0.07841606 0.2123879
0.1534515 0.03818909 -0.002320096 2672412 0.1617918 0.08101257 0.2138958
0.1534515 0.03818909 -0.002320096 2782507 0.1617918 0.08101257 0.2138958
0.1520887 0.04141383 -0.002153456 2892607 0.1599229 0.083707 0.2156099
0.1507675 0.04469576 -0.001866221 3012727 0.1581183 0.08660664 0.2173144
0.1507675 0.04469576 -0.001866221 3122827 0.1581183 0.08660664 0.2173144
0.1490593 0.04841564 -0.001804084 3232914 0.155888 0.08962499 0.2192718
0.1471319 0.05173761 -0.001537263 3353026 0.1535325 0.09256797 0.2214529
0.1471319 0.05173761 -0.001537263 3463126 0.1535325 0.09256797 0.2214529
0.1449571 0.05541783 -0.001402006 3573225 0.1509762 0.0957514 0.2237361
0.14272 0.05825908 -0.0008997023 3703338 0.148365 0.09869464 0.2261763
0.1400612 0.06132128 -0.0006228238 3793424 0.1455495 0.1016995 0.2287582
0.1400612 0.06132128 -0.0006228238 3903519 0.1455495 0.1016995 0.2287582
0.1375559 0.0640891 -1.992285E-05 4023631 0.1427763 0.1046295 0.2314126
0.1375559 0.0640891 -1.992285E-05 4133739 0.1427763 0.1046295 0.2314126
0.1345738 0.06732906 0.0002774894 4243830 0.1397212 0.1075464 0.2342698
0.1314615 0.07059892 0.0005953014 4353934 0.1366388 0.1102237 0.2372647
0.1314615 0.07059892 0.0005953014 4484201 0.1366388 0.1102237 0.2372647
0.1281998 0.07373469 0.0009652376 4574132 0.1335045 0.1126217 0.2403989
0.1253546 0.07589082 0.001972422 4694241 0.1306627 0.1143836 0.2436567
0.1253546 0.07589082 0.001972422 4794331 0.1306627 0.1143836 0.2436567
0.121891 0.07882816 0.002635926 4914431 0.1274642 0.1164872 0.2471217
0.1185881 0.08165134 0.003602341 5034544 0.1242948 0.1185336 0.2506882
0.1185881 0.08165134 0.003602341 5134634 0.1242948 0.1185336 0.2506882
0.1151265 0.08418369 0.004633039 5264751 0.1208977 0.1204106 0.2543518
0.1110235 0.08700942 0.005401224 5364842 0.1172363 0.1221527 0.2582337
0.1110235 0.08700942 0.005401224 5474949 0.1172363 0.1221527 0.2582337
0.1073979 0.08927561 0.006589636 5585036 0.113524 0.1238518 0.2620211
0.103662 0.09183059 0.007663742 5705161 0.1096022 0.1256759 0.2657531
0.09934415 0.09391797 0.008440658 5815252 0.1053309 0.1273378 0.2694229
0.09934415 0.09391797 0.008440658 5925352 0.1053309 0.1273378 0.2694229
0.09521942 0.09597129 0.009407774 6055465 0.1010903 0.1289611 0.2730702
0.0910506 0.09767904 0.01050398 6145550 0.0966493 0.1304029 0.2767531
0.0910506 0.09767904 0.01050398 6255642 0.0966493 0.1304029 0.2767531
0.08676145 0.09952126 0.0115211 6365745 0.09215935 0.1315954 0.2804077
0.08254655 0.1015076 0.01248491 6485857 0.08763796 0.1325835 0.2839283
0.08254655 0.1015076 0.01248491 6595953 0.08763796 0.1325835 0.2839283
0.07827462 0.1028408 0.01342028 6706251 0.08294605 0.1333207 0.2872729
0.07379052 0.1042373 0.01415512 6816147 0.07823765 0.1339786 0.2904397
0.07379052 0.1042373 0.01415512 6936268 0.07823765 0.1339786 0.2904397
0.0690431 0.1051187 0.01485579 7046363 0.07319997 0.1345757 0.2935074
0.06467236 0.1059744 0.0156419 7146450 0.06810744 0.1351276 0.2963591
0.06467236 0.1059744 0.0156419 7286572 0.06810744 0.1351276 0.2963591
0.06042811 0.1066518 0.01649913 7376653 0.06281032 0.1355738 0.2990939
0.05674211 0.1073173 0.01748224 7486773 0.05767311 0.1359684 0.3016094
0.05674211 0.1073173 0.01748224 7596856 0.05767311 0.1359684 0.3016094
0.05223383 0.1084401 0.01793395 7706951 0.05225641 0.1362048 0.3038944
0.04728647 0.1089162 0.0182507 7827064 0.0465152 0.136113 0.3060143
0.04728647 0.1089162 0.0182507 7937159 0.0465152 0.136113 0.3060143
0.04212529 0.1096619 0.01845653 8067277 0.04058763 0.1361763 0.3079343
0.03688779 0.1101861 0.01861717 8167375 0.03442332 0.1362147 0.3096148
0.03688779 0.1101861 0.01861717 8267465 0.03442332 0.1362147 0.3096148
0.03151654 0.1107153 0.01864378 8387566 0.02820262 0.1362318 0.311001
0.02607718 0.1110915 0.01870783 8507674 0.02178475 0.1362125 0.3122154
0.02607718 0.1110915 0.01870783 8607764 0.02178475 0.1362125 0.3122154
0.02117023 0.1114548 0.01876691 8717872 0.01541972 0.1362737 0.313094
0.01621374 0.1114017 0.01889665 8827963 0.00899899 0.1361037 0.3138554
0.01621374 0.1114017 0.01889665 8948071 0.00899899 0.1361037 0.3138554
0.01137866 0.1114784 0.0188863 9058179 0.002646774 0.1358905 0.3142884
0.006307956 0.1112793 0.01879771 9168286 -0.003662854 0.1356275 0.3144784
0.006307956 0.1112793 0.01879771 9298387 -0.003662854 0.1356275 0.3144784
0.001201677 0.1110278 0.01870625 9398478 -0.009851724 0.135382 0.314483
-0.004158653 0.1105092 0.01863904 9498568 -0.01614743 0.1349836 0.3143172
-0.004158653 0.1105092 0.01863904 9608668 -0.01614743 0.1349836 0.3143172
-0.009279255 0.1103338 0.01856726 9728776 -0.02236134 0.1346184 0.3139645
-0.01434378 0.1093733 0.01850373 9838879 -0.02868489 0.1340064 0.3133679
-0.01434378 0.1093733 0.01850373 9959134 -0.02868489 0.1340064 0.3133679
-0.01926735 0.1086286 0.01839338 10069095 -0.03486556 0.1334614 0.3125626
-0.02416932 0.1071308 0.01826973 10179357 -0.04096746 0.1327309 0.3115127
-0.02416932 0.1071308 0.01826973 10289290 -0.04096746 0.1327309 0.3115127
-0.02899771 0.10578 0.01799288 10399385 -0.0468643 0.131927 0.3101652
-0.03382592 0.1043019 0.01777944 10519489 -0.05249048 0.1309842 0.3087383
-0.03382592 0.1043019 0.01777944 10619588 -0.05249048 0.1309842 0.3087383
-0.03847699 0.1024153 0.01746851 10729687 -0.0578205 0.1296605 0.3070863
-0.04318605 0.1007513 0.01723808 10879977 -0.06305349 0.1282088 0.3054037
-0.04740435 0.09892426 0.01681127 10959891 -0.0678753 0.126649 0.3034985
-0.04740435 0.09892426 0.01681127 11069994 -0.0678753 0.126649 0.3034985
-0.05104268 0.09761731 0.01617543 11180086 -0.07237679 0.1252308 0.3014741
-0.05104268 0.09761731 0.01617543 11290193 -0.07237679 0.1252308 0.3014741
-0.05551747 0.09516922 0.01598345 11410297 -0.07712451 0.1234515 0.2994661
-0.06019821 0.09297443 0.01604167 11510542 -0.08202893 0.1216337 0.2975409
-0.06019821 0.09297443 0.01604167 11650514 -0.08202893 0.1216337 0.2975409
-0.06476814 0.09024942 0.0162937 11750600 -0.08694023 0.119554 0.2956521
-0.06905364 0.08773685 0.01639311 11860708 -0.09155369 0.1174487 0.2936263
-0.06905364 0.08773685 0.01639311 11960798 -0.09155369 0.1174487 0.2936263
-0.07306868 0.08528624 0.01624008 12090908 -0.09585592 0.1153331 0.2913629
-0.07727642 0.08263119 0.01612414 12201007 -0.1000418 0.113215 0.2889294
-0.08136468 0.07988451 0.01591817 12311106 -0.1040905 0.1110501 0.2863429
-0.08136468 0.07988451 0.01591817 12441232 -0.1040905 0.1110501 0.2863429
-0.08553954 0.07727487 0.01564565 12531309 -0.1080613 0.1088473 0.2835795
-0.0889367 0.07431726 0.01510662 12631395 -0.1116746 0.1064649 0.2808206
-0.0889367 0.07431726 0.01510662 12751512 -0.1116746 0.1064649 0.2808206
-0.09228548 0.07091217 0.01476583 12881621 -0.1153213 0.1040418 0.2781176
-0.09547482 0.06774441 0.01431182 12971706 -0.1187427 0.1015144 0.2754048
-0.09547482 0.06774441 0.01431182 13091815 -0.1187427 0.1015144 0.2754048
-0.09860935 0.06414999 0.01401055 13201910 -0.1218859 0.09889451 0.2727682
-0.1022505 0.0610718 0.01395643 13302000 -0.1251 0.09653943 0.2700841
-0.1022505 0.0610718 0.01395643 13422311 -0.1251 0.09653943 0.2700841
-0.1060871 0.05801102 0.01409084 13552238 -0.1281282 0.09418755 0.267414
-0.1060871 0.05801102 0.01409084 13642308 -0.1281282 0.09418755 0.267414
-0.1093286 0.05494613 0.01379916 13752407 -0.1305887 0.09171476 0.2647032
-0.1115669 0.0515174 0.01292621 13872519 -0.1325691 0.08888518 0.2620506
-0.1147633 0.04852547 0.01263736 13992624 -0.1348296 0.08643246 0.25932
-0.1147633 0.04852547 0.01263736 14092714 -0.1348296 0.08643246 0.25932
-0.1176708 0.04535411 0.01229572 14212822 -0.1369821 0.08378344 0.2566821
-0.1204441 0.0421525 0.01186791 14312913 -0.138971 0.08115751 0.2540198
-0.1204441 0.0421525 0.01186791 14433021 -0.138971 0.08115751 0.2540198
-0.1229319 0.03885534 0.01126505 14653220 -0.1406549 0.07853413 0.2513711
-0.1252774 0.03568321 0.01049393 14763319 -0.1422185 0.07598147 0.24868
-0.1276809 0.03223179 0.01011913 14913467 -0.1436528 0.0733845 0.2462236
-0.1298521 0.0288964 0.009563029 15173787 -0.1450394 0.07076851 0.2437901
-0.1318387 0.02563099 0.009082511 15363877 -0.1463344 0.0681228 0.2415749
-0.1337828 0.02237416 0.008618534 15604086 -0.1475531 0.06538079 0.2394341
-0.1375854 0.01648907 0.007560611 15814268 -0.1498379 0.06023058 0.2352057
-0.1391086 0.01330858 0.00696291 16034466 -0.1509197 0.05768526 0.2332122
-0.1416635 0.006347598 0.006333113 16254665 -0.1528063 0.05226563 0.2299479
-0.1428387 0.003033026 0.00586468 16484877 -0.1534147 0.04954637 0.228387
-0.1439799 -0.0004345747 0.005549386 16705072 -0.1538376 0.04680118 0.2269532
-0.1459663 -0.007321343 0.004524946 16935283 -0.1547101 0.04128729 0.224023
-0.1467301 -0.01090915 0.003878221 17165491 -0.1552266 0.03851283 0.2225635
-0.1474465 -0.01479632 0.003390506 17375681 -0.155826 0.03560416 0.2211698
-0.148364 -0.02286818 0.001856938 17605888 -0.1566859 0.02960903 0.2183784
-0.1486709 -0.02706402 0.000952661 17846101 -0.1569492 0.02651947 0.2170088
-0.1488197 -0.0315222 4.005432E-05 18046294 -0.1570196 0.02327625 0.2157485
-0.1489124 -0.04086173 -0.00149408 18276490 -0.1564599 0.01641808 0.2137346
-0.1488048 -0.0454 -0.002326488 18496838 -0.1559857 0.0129407 0.2129335
-0.1484439 -0.05035916 -0.002868339 18716887 -0.1555067 0.009371857 0.2123495
-0.1472602 -0.06000502 -0.004165396 18947099 -0.1545212 0.00215529 0.2115348
-0.1464146 -0.0648254 -0.004816577 19167298 -0.1541215 -0.001533275 0.2113135
-0.1453183 -0.0697361 -0.005495861 19407510 -0.1535043 -0.005176408 0.2112285
-0.1428258 -0.07960659 -0.00652802 19607691 -0.1519094 -0.01269935 0.211619
-0.1413204 -0.08464386 -0.006975323 19837903 -0.1507919 -0.01638326 0.211999
-0.1394885 -0.08980504 -0.007625267 20058126 -0.1494478 -0.02007836 0.2124594
-0.1352191 -0.09974268 -0.008549273 20288305 -0.1462097 -0.02726007 0.2141115
-0.1329659 -0.1042799 -0.008842722 20528542 -0.1442834 -0.03073641 0.2153008
-0.1301506 -0.108944 -0.009153247 20738732 -0.1420019 -0.0343042 0.2168371
-0.1240508 -0.1175757 -0.009551227 20978928 -0.1376137 -0.04114839 0.2202769
-0.1207901 -0.1216068 -0.009652212 21179291 -0.1355595 -0.04427404 0.2220085
-0.1171 -0.1257023 -0.009568766 21389376 -0.1333725 -0.04740112 0.2239567
-0.1090029 -0.1336314 -0.009473041 21619515 -0.1287317 -0.05341671 0.2279376
-0.1052534 -0.1370127 -0.009221762 21859723 -0.1263166 -0.05621267 0.229979
-0.100717 -0.14066 -0.009202242 22099944 -0.1233553 -0.0590487 0.2321449
-0.09174173 -0.1473813 -0.008572116 22290112 -0.1165409 -0.06464501 0.236856
-0.08734544 -0.1503057 -0.008155212 22530328 -0.112763 -0.06717215 0.2392316
-0.08279002 -0.1532261 -0.00772424 22740526 -0.1088685 -0.06979944 0.2416246
-0.07361355 -0.1585316 -0.006441042 22960737 -0.1014864 -0.07466616 0.2461128
-0.06840628 -0.1612559 -0.005802855 23190929 -0.09781164 -0.07701582 0.2481238
-0.06343046 -0.1635608 -0.004932344 23411123 -0.09382266 -0.07912248 0.2501856
-0.05399303 -0.1668687 -0.002775729 23671362 -0.08490613 -0.08306281 0.2548265
-0.04915099 -0.1680347 -0.001683727 23871543 -0.0804396 -0.08498356 0.257219
-0.04480814 -0.1690512 -0.0007610321 24081915 -0.07591614 -0.08668493 0.2593616
-0.03429259 -0.1713686 0.001397759 24301931 -0.06607991 -0.08963972 0.2628863
-0.02997009 -0.1718526 0.002661243 24532139 -0.06093085 -0.0907248 0.2647331
-0.0253742 -0.1721876 0.003850609 24782365 -0.05580905 -0.09171966 0.2664229
-0.01477086 -0.1720213 0.006280988 24982541 -0.04607573 -0.09331163 0.2692949
-0.01026059 -0.1714484 0.007480338 25222758 -0.0413914 -0.09357372 0.2705228
-0.000769019 -0.169682 0.01034679 25422943 -0.0311195 -0.09332339 0.2725977
0.003645071 -0.1684707 0.01187415 25653151 -0.02598727 -0.09295475 0.2735794
0.007744478 -0.1670478 0.01310594 25873353 -0.02109379 -0.09234825 0.2744251
0.01674829 -0.1637763 0.0157696 26093544 -0.01102594 -0.09064025 0.2754833
0.02094509 -0.1623892 0.01699157 26353783 -0.006149977 -0.08969559 0.2755658
0.02533236 -0.1610184 0.01795916 26543950 -0.001002938 -0.08851686 0.2752658
0.03370366 -0.1586786 0.01945828 26794180 0.009032533 -0.08642209 0.274202
0.03767742 -0.1576582 0.01987997 26994357 0.01413791 -0.08545597 0.2735403
0.04147698 -0.1567305 0.02002063 27224569 0.01923528 -0.08450826 0.2727874
0.04905934 -0.1549436 0.02006491 27444767 0.02940412 -0.08256496 0.2708623
0.05287112 -0.1541039 0.02005954 27664966 0.03430492 -0.08160682 0.2696491
0.05695432 -0.1531614 0.0200333 27915192 0.03903757 -0.08058307 0.2681696
0.06454401 -0.1519834 0.01889473 28105364 0.04801041 -0.07824994 0.2642728
0.06832289 -0.1514663 0.01814741 28335587 0.05234888 -0.07703125 0.262075
0.07184355 -0.15102 0.01725511 28565791 0.05636844 -0.07578566 0.2598354
0.07913525 -0.1494184 0.01584913 28775965 0.0637666 -0.07285206 0.2551545
0.08246007 -0.1484794 0.01477593 29016344 0.06712876 -0.07111334 0.2528114
0.08599494 -0.1472572 0.01387431 29256398 0.07047786 -0.06935475 0.2504985
0.09244139 -0.1441672 0.01213585 29466588 0.07646458 -0.06543809 0.2462992
0.09568512 -0.1420275 0.0114987 29676786 0.07921249 -0.06316474 0.2443259
0.0987189 -0.1397304 0.0108715 29906989 0.08180346 -0.06072588 0.2424377
0.1043931 -0.1343204 0.01002868 30117175 0.08692628 -0.05541999 0.2391606
0.1072972 -0.1310916 0.009579226 30357392 0.08938515 -0.05244958 0.23757
0.1098334 -0.1278901 0.009396031 30607622 0.09165722 -0.04934902 0.2360826
0.1150702 -0.1202951 0.008698761 30787780 0.09577568 -0.04247724 0.2332362
0.1177992 -0.1160223 0.008699074 31028001 0.09785227 -0.03887168 0.2319271
0.1225534 -0.1074825 0.008230239 31258205 0.1012501 -0.03109893 0.2292253
0.1250217 -0.1028413 0.008253798 31468398 0.1029116 -0.02694823 0.2278606
0.1268157 -0.09843917 0.007479787 31698606 0.1039887 -0.02238919 0.2264003
0.1308403 -0.08869102 0.006962314 31928814 0.1056851 -0.01282216 0.2234884
0.1326898 -0.0835342 0.006710202 32159022 0.1062765 -0.007962059 0.2222538
0.134325 -0.07840724 0.006647632 32359202 0.1066673 -0.003131817 0.2211929
0.1362069 -0.07299556 0.006832629 32579547 0.1070659 0.001718214 0.2201273
0.139671 -0.0624058 0.006950617 32819618 0.1082498 0.01108773 0.2182691
0.1413452 -0.05720596 0.006974131 33049830 0.1092594 0.01538544 0.2176041
0.1448067 -0.04647259 0.006957069 33260202 0.1115301 0.0235971 0.2165566
0.1463833 -0.0411176 0.007219702 33480210 0.1124507 0.02774451 0.2161438
0.1472685 -0.0363747 0.006889135 33710422 0.1132867 0.03176977 0.2158673
0.1493204 -0.02532067 0.006824255 33920619 0.115191 0.04036489 0.2158124
0.1501562 -0.01979115 0.006846681 34150827 0.1160923 0.04461452 0.2159618
0.1507112 -0.01432389 0.006566897 34371022 0.1167915 0.04873121 0.2162351
0.1518002 -0.003641179 0.00636366 34621248 0.1177157 0.05650687 0.2168777
0.1521816 0.001465088 0.00621663 34821424 0.1180265 0.06015255 0.2172647
0.1523964 0.006234813 0.005935058 35061641 0.1184115 0.06345902 0.2177181
0.1521574 0.01529009 0.003948778 35261826 0.1187699 0.06884281 0.2186768
