0.1445049 0.0119215 0.007738724 0 0.1641452 0.01041632 0.2342536
0.1451957 0.01099806 0.007814407 110103 0.1644288 0.009618716 0.2337647
0.1451957 0.01099806 0.007814407 220203 0.1644288 0.009618716 0.2337647
0.1454209 0.01034696 0.007434145 340311 0.1643513 0.009078773 0.2333302
0.1452587 0.009472781 0.006490096 450406 0.1639853 0.008636872 0.2327971
0.1452587 0.009472781 0.006490096 560506 0.1639853 0.008636872 0.2327971
0.1457015 0.008859606 0.006215587 680618 0.1637377 0.008400194 0.2323383
0.1465721 0.008154594 0.006217271 780705 0.163604 0.008153314 0.2317655
0.1465721 0.008154594 0.006217271 890808 0.163604 0.008153314 0.2317655
0.1466243 0.008174301 0.005646169 1030930 0.1629581 0.008087461 0.2314402
0.1463069 0.008444377 0.004980385 1111003 0.1620637 0.008006358 0.2313571
0.1463069 0.008444377 0.004980385 1221106 0.1620637 0.008006358 0.2313571
0.1461624 0.009149879 0.004583538 1341222 0.1612699 0.008091318 0.2313324
0.1455675 0.01064144 0.004049093 1461323 0.1601036 0.008527108 0.2315887
0.1455675 0.01064144 0.004049093 1561413 0.1601036 0.008527108 0.2315887
0.1450968 0.01203202 0.003767818 1681517 0.1587756 0.008979762 0.2319798
0.1448003 0.01379331 0.003946304 1791621 0.1571268 0.00971134 0.2326517
0.1448003 0.01379331 0.003946304 1901716 0.1571268 0.00971134 0.2326517
0.144041 0.01614171 0.003859237 2011820 0.1553408 0.01069801 0.2334353
0.1428411 0.01800518 0.003225133 2151942 0.1533288 0.01168899 0.2341567
0.1414124 0.02134799 0.002855986 2232014 0.151176 0.01336605 0.2351929
0.1414124 0.02134799 0.002855986 2342122 0.151176 0.01336605 0.2351929
0.1399528 0.02395703 0.002768278 2462230 0.1491619 0.0146592 0.2364202
0.1399528 0.02395703 0.002768278 2572346 0.1491619 0.0146592 0.2364202
0.1381467 0.02712907 0.002655849 2682437 0.1466891 0.01597271 0.2378691
0.135926 0.03117097 0.002480075 2802553 0.1436668 0.01745621 0.2395177
0.135926 0.03117097 0.002480075 2912628 0.1436668 0.01745621 0.2395177
0.133598 0.03482275 0.002494037 3022878 0.1404079 0.01859104 0.2413296
0.1311714 0.03834502 0.003516719 3133005 0.1364553 0.02000998 0.2439927
0.1284236 0.04270341 0.003805265 3262965 0.1328007 0.02182424 0.2461243
0.1284236 0.04270341 0.003805265 3353034 0.1328007 0.02182424 0.2461243
0.1254083 0.04744537 0.004243016 3473333 0.1296987 0.02417599 0.2483955
0.1225017 0.05159579 0.004616842 3573229 0.127174 0.02694712 0.2505874
0.1225017 0.05159579 0.004616842 3693337 0.127174 0.02694712 0.2505874
0.1196513 0.05533472 0.004746243 3803432 0.1250316 0.03017088 0.2526431
0.1169077 0.05919687 0.004863158 3913532 0.1229274 0.03357342 0.2545842
0.1169077 0.05919687 0.004863158 4023639 0.1229274 0.03357342 0.2545842
0.1139843 0.06313903 0.004897922 4143739 0.1204757 0.03682852 0.2565232
0.1110542 0.06716478 0.005084649 4243830 0.1179575 0.03983957 0.2584614
0.1110542 0.06716478 0.005084649 4363942 0.1179575 0.03983957 0.2584614
0.1080233 0.07116227 0.005407363 4474037 0.1153239 0.04266813 0.2604767
0.1049697 0.07527956 0.005982265 4594361 0.112544 0.04542901 0.2625887
0.1049697 0.07527956 0.005982265 4694240 0.112544 0.04542901 0.2625887
0.1018023 0.07944662 0.006633162 4834529 0.1096833 0.04819924 0.2647412
0.09870794 0.0834891 0.007376879 4924448 0.1065918 0.0509213 0.2668751
0.09870794 0.0834891 0.007376879 5034560 0.1065918 0.0509213 0.2668751
0.09573776 0.08726132 0.008183405 5144651 0.1032472 0.05354492 0.2689682
0.09255724 0.09099919 0.008905232 5254742 0.09972821 0.0561264 0.2710445
0.09255724 0.09099919 0.008905232 5364845 0.09972821 0.0561264 0.2710445
0.08928544 0.09467965 0.009534776 5484950 0.09620045 0.05873394 0.2730457
0.08585852 0.09823429 0.01010227 5615067 0.09269828 0.06131858 0.2750327
0.08585852 0.09823429 0.01010227 5705148 0.09269828 0.06131858 0.2750327
0.08237754 0.1015651 0.01077496 5815268 0.08909703 0.06377624 0.2770679
0.07874366 0.1047628 0.01153527 5925355 0.08525842 0.06605015 0.2791369
0.07874366 0.1047628 0.01153527 6045460 0.08525842 0.06605015 0.2791369
0.07499962 0.107765 0.01240285 6155567 0.0814929 0.06829505 0.2812873
0.07099303 0.1105212 0.0130875 6265666 0.07773852 0.07060417 0.2834583
0.07099303 0.1105212 0.0130875 6375762 0.07773852 0.07060417 0.2834583
0.06705545 0.1129028 0.0138437 6485861 0.07398399 0.07283291 0.2856604
0.06294478 0.1151194 0.01469158 6595960 0.07004227 0.07496347 0.2879271
0.06294478 0.1151194 0.01469158 6726082 0.07004227 0.07496347 0.2879271
0.05881883 0.1171796 0.01547664 6826168 0.06592373 0.07710278 0.290123
0.05461159 0.118944 0.01629126 6936264 0.06163052 0.07916872 0.2923592
0.05461159 0.118944 0.01629126 7046367 0.06163052 0.07916872 0.2923592
0.05057421 0.1203443 0.0171552 7166475 0.05730996 0.08092067 0.2944907
0.04642628 0.1218999 0.01789324 7276579 0.05290205 0.08247057 0.2963188
0.04642628 0.1218999 0.01789324 7386666 0.05290205 0.08247057 0.2963188
0.04211201 0.1229705 0.01841415 7496777 0.04856241 0.08364929 0.2980064
0.03738775 0.1244942 0.01889193 7616878 0.04377367 0.08511093 0.2995556
0.03738775 0.1244942 0.01889193 7716964 0.04377367 0.08511093 0.2995556
0.0330059 0.1254849 0.01920009 7837072 0.03890555 0.08652126 0.3009922
0.02840885 0.1265151 0.01952705 7957181 0.03390545 0.08800117 0.3023585
0.02840885 0.1265151 0.01952705 8057279 0.03390545 0.08800117 0.3023585
0.02399138 0.127492 0.01981327 8167387 0.02908408 0.08924065 0.303442
0.0197506 0.128276 0.01991075 8307505 0.02456338 0.09018524 0.3042031
0.0197506 0.128276 0.01991075 8397590 0.02456338 0.09018524 0.3042031
0.01487191 0.1294002 0.01977649 8507686 0.01926766 0.09126276 0.3046504
0.01017256 0.1304807 0.01984918 8627790 0.01342125 0.09250902 0.3051485
0.01017256 0.1304807 0.01984918 8727880 0.01342125 0.09250902 0.3051485
0.005577956 0.1302451 0.01946904 8847997 0.008149226 0.09286988 0.3054253
0.001018371 0.1304776 0.01915997 8958092 0.002625104 0.0933215 0.3054143
0.001018371 0.1304776 0.01915997 9088400 0.002625104 0.0933215 0.3054143
-0.002927238 0.1306032 0.01892503 9178291 -0.002495141 0.09382712 0.3053841
-0.006486939 0.1305714 0.01858863 9288386 -0.007390315 0.09438939 0.3052771
-0.006486939 0.1305714 0.01858863 9398490 -0.007390315 0.09438939 0.3052771
-0.01026255 0.1305728 0.01822585 9508585 -0.01232773 0.094842 0.3049769
-0.01407086 0.1304583 0.01779374 9628709 -0.01749335 0.09501339 0.3044552
-0.01407086 0.1304583 0.01779374 9738805 -0.01749335 0.09501339 0.3044552
-0.01767599 0.1298154 0.01709208 9868918 -0.02277379 0.09487531 0.3037569
-0.02183071 0.1295157 0.01657525 9958995 -0.02837871 0.09478059 0.3028711
-0.02183071 0.1295157 0.01657525 10069095 -0.02837871 0.09478059 0.3028711
-0.02610834 0.1290696 0.01581058 10179194 -0.03376876 0.09448791 0.3016573
-0.03006373 0.1283571 0.01480728 10309303 -0.03902634 0.09372026 0.3001346
-0.03400836 0.1274449 0.01365161 10409398 -0.04437386 0.09269539 0.2983656
-0.03400836 0.1274449 0.01365161 10519497 -0.04437386 0.09269539 0.2983656
-0.03729797 0.1259625 0.01218869 10649627 -0.04986502 0.09158434 0.2965391
-0.04158724 0.1246467 0.01102537 10759718 -0.05498849 0.09019616 0.2944877
-0.04158724 0.1246467 0.01102537 10849791 -0.05498849 0.09019616 0.2944877
-0.04659493 0.1233466 0.01010342 10989918 -0.06005386 0.08844872 0.2922002
-0.05136742 0.1213148 0.009485811 11079999 -0.06530309 0.08645546 0.2901823
-0.05136742 0.1213148 0.009485811 11190098 -0.06530309 0.08645546 0.2901823
-0.05601691 0.1189767 0.008875653 11300360 -0.07067864 0.08450782 0.2881511
-0.06062408 0.1165737 0.008334354 11430319 -0.07622833 0.08270808 0.2860757
-0.06062408 0.1165737 0.008334354 11530409 -0.07622833 0.08270808 0.2860757
-0.06509387 0.1141457 0.007854849 11640513 -0.08190209 0.08079314 0.2838938
-0.06998286 0.1115699 0.007606968 11770626 -0.0874922 0.07858966 0.2815628
-0.06998286 0.1115699 0.007606968 11860716 -0.0874922 0.07858966 0.2815628
-0.07453717 0.1089106 0.007294342 11970811 -0.09295867 0.0762524 0.2791451
-0.07949124 0.1060812 0.0070142 12091061 -0.09838578 0.07391336 0.2765033
-0.07949124 0.1060812 0.0070142 12201015 -0.09838578 0.07391336 0.2765033
-0.08488439 0.1031672 0.006943479 12321119 -0.1039434 0.07147217 0.2736481
-0.0895544 0.1001065 0.006988242 12421213 -0.1093818 0.06890688 0.2710362
-0.0895544 0.1001065 0.006988242 12561336 -0.1093818 0.06890688 0.2710362
-0.09435501 0.09627701 0.007535145 12651417 -0.1146341 0.06606758 0.2687545
-0.09931526 0.09319676 0.00829272 12761516 -0.1197562 0.06345394 0.2662695
-0.09931526 0.09319676 0.00829272 12871766 -0.1197562 0.06345394 0.2662695
-0.1037002 0.0896849 0.008496463 12991785 -0.1246734 0.0605938 0.2635938
-0.1079112 0.08544127 0.008327439 13111845 -0.1296524 0.05735271 0.2606817
-0.1079112 0.08544127 0.008327439 13201922 -0.1296524 0.05735271 0.2606817
-0.1119548 0.08170412 0.008310094 13342044 -0.1344484 0.05430524 0.257794
-0.1155562 0.07905791 0.008246541 13432130 -0.138871 0.05173362 0.2549185
-0.1155562 0.07905791 0.008246541 13542229 -0.138871 0.05173362 0.2549185
-0.1193203 0.0758107 0.008040324 13672346 -0.1430084 0.04880347 0.2518695
-0.1230389 0.07239658 0.007554144 13762428 -0.1469217 0.04582755 0.2486166
-0.1230389 0.07239658 0.007554144 13872531 -0.1469217 0.04582755 0.2486166
-0.1265234 0.06897385 0.006771058 13982626 -0.1507185 0.04298737 0.2452397
-0.1292862 0.06509472 0.005614042 14102727 -0.1542437 0.040226 0.2420917
-0.1292862 0.06509472 0.005614042 14212834 -0.1542437 0.040226 0.2420917
-0.1326956 0.06110059 0.005080983 14322925 -0.1571263 0.0375174 0.2391575
-0.1358896 0.05697655 0.004569754 14463056 -0.1594746 0.03519064 0.236525
-0.1358896 0.05697655 0.004569754 14553141 -0.1594746 0.03519064 0.236525
-0.1400646 0.05357594 0.004743949 14663233 -0.1618733 0.03304261 0.2336109
-0.1428441 0.04999612 0.004292309 14773340 -0.1639109 0.03084118 0.2311427
-0.1428441 0.04999612 0.004292309 14893469 -0.1639109 0.03084118 0.2311427
-0.145215 0.04606144 0.003685892 14993547 -0.1657399 0.02873999 0.2288893
-0.1477557 0.04174076 0.003302529 15103630 -0.1671762 0.02676023 0.2268067
-0.1477557 0.04174076 0.003302529 15243756 -0.1671762 0.02676023 0.2268067
-0.1495568 0.03775143 0.002517611 15333838 -0.1681886 0.02497461 0.2249444
-0.1515251 0.03323299 0.001838848 15443945 -0.1690789 0.02293077 0.2230522
-0.1515251 0.03323299 0.001838848 15554053 -0.1690789 0.02293077 0.2230522
-0.1532631 0.02887455 0.001112118 15664156 -0.1700516 0.02075684 0.221174
-0.1539568 0.02447253 3.753603E-05 15814275 -0.1711073 0.01852461 0.2196586
-0.1547722 0.02005034 -0.0005338788 16024465 -0.171904 0.0163082 0.2184874
-0.1550718 0.01521895 -0.001001284 16154578 -0.1724611 0.01400375 0.2177814
-0.1555701 0.01073011 -0.001264647 16374789 -0.1729277 0.01197192 0.217085
-0.1564945 0.006559542 -0.00119178 16604989 -0.1733603 0.009822014 0.2163488
-0.157684 0.002179897 -0.0008759946 16835375 -0.1737467 0.007496975 0.2156035
-0.161139 -0.007082833 0.0006994903 17045552 -0.1741116 0.002711376 0.2140314
-0.1622643 -0.0120557 0.001234308 17275610 -0.1740604 0.0002422437 0.2134205
-0.1626793 -0.01678084 0.001232982 17485780 -0.1741073 -0.002402184 0.2128926
-0.1638225 -0.02598402 0.001580223 17736176 -0.1749382 -0.00815459 0.2116379
-0.164346 -0.03043852 0.001764879 17966213 -0.1752321 -0.01122245 0.2110966
-0.1646674 -0.03528923 0.001954228 18166398 -0.1755076 -0.01413482 0.2106073
-0.1646953 -0.0449806 0.00195846 18396602 -0.1756451 -0.01956221 0.2097767
-0.1644386 -0.04948454 0.00181134 18616804 -0.1756381 -0.02243354 0.2095341
-0.1642839 -0.0539065 0.001826376 18847012 -0.1754835 -0.02529384 0.2093618
-0.1635893 -0.06281664 0.002546459 19087399 -0.1751935 -0.03053687 0.2095419
-0.1612457 -0.06590208 0.000685662 19287406 -0.1743083 -0.03249679 0.2100203
-0.1606934 -0.0703622 0.0008664429 19527622 -0.174145 -0.03519113 0.2101142
-0.160891 -0.07961367 0.002660215 19737978 -0.1737981 -0.0409329 0.2101515
-0.1602526 -0.08362833 0.003203094 19958015 -0.1735442 -0.04371402 0.2106037
-0.1591623 -0.08778429 0.003710613 20178213 -0.1734613 -0.04651015 0.2112426
-0.1560762 -0.09499952 0.004282624 20408417 -0.1732617 -0.05176637 0.2131031
-0.1541085 -0.09809425 0.004386276 20648638 -0.1728674 -0.05411109 0.214361
-0.1501902 -0.1041097 0.004930511 20848823 -0.1713585 -0.05823402 0.2170381
-0.147964 -0.1071152 0.005211294 21089031 -0.1703245 -0.06031013 0.2186009
-0.1458129 -0.1101057 0.005512357 21299221 -0.1693406 -0.06243235 0.2200948
-0.1416937 -0.1159585 0.006178513 21519420 -0.1677787 -0.06744106 0.2231378
-0.1393281 -0.1189918 0.006228417 21739623 -0.1669728 -0.07001881 0.2246378
-0.1370454 -0.1220613 0.006439343 21969830 -0.1660044 -0.07257158 0.226161
-0.1314242 -0.1281607 0.006772131 22210043 -0.1634653 -0.07727609 0.2296684
-0.128612 -0.1309572 0.006989285 22420237 -0.161798 -0.07942033 0.2315221
-0.125717 -0.1338824 0.007032931 22650449 -0.159989 -0.08160928 0.2332745
-0.1197238 -0.1398095 0.006673619 22860634 -0.1564302 -0.08615193 0.236475
-0.1165335 -0.1428657 0.006377101 23090842 -0.1546305 -0.08837932 0.2379372
-0.113514 -0.1456967 0.00630109 23301032 -0.1527847 -0.09050635 0.2394484
-0.10771 -0.150912 0.006425977 23551257 -0.1487793 -0.09433608 0.2424521
-0.1047411 -0.1530899 0.006427288 23791474 -0.1466482 -0.09589127 0.2439433
-0.1018239 -0.1549904 0.006509349 23981646 -0.1444707 -0.09735296 0.2455131
-0.09589188 -0.1582145 0.006777883 24221863 -0.1403123 -0.09991516 0.2485925
-0.09289946 -0.1592969 0.006926402 24422039 -0.1381626 -0.1008758 0.2502033
-0.08976587 -0.1603964 0.007122919 24662438 -0.1358617 -0.1017256 0.2517903
-0.08281665 -0.1620387 0.006880492 24872604 -0.1308867 -0.1028614 0.2547204
-0.07922396 -0.1627191 0.006713316 25102657 -0.1282685 -0.1030852 0.2559813
-0.07553494 -0.1633586 0.00639306 25342886 -0.1254236 -0.1031428 0.2571036
-0.0680371 -0.1645765 0.005840465 25543229 -0.1195551 -0.1032227 0.2591693
-0.06471951 -0.1648924 0.005203798 25793285 -0.1167955 -0.1030887 0.2598715
-0.06052839 -0.165744 0.004951298 25993473 -0.1139651 -0.1032775 0.2605278
-0.05241131 -0.1667029 0.003912523 26223669 -0.1081943 -0.1028899 0.261244
-0.04903698 -0.1669366 0.003100216 26444062 -0.1051456 -0.1024037 0.2614456
-0.04486144 -0.1674601 0.002674028 26684101 -0.1019231 -0.1021593 0.2616362
-0.03741249 -0.1681832 0.001102358 26904279 -0.09615843 -0.1015366 0.2613252
-0.03279496 -0.1683335 0.000797689 27114473 -0.09325524 -0.1013339 0.2611477
-0.02849434 -0.1683715 8.453429E-05 27354686 -0.09022551 -0.1009132 0.2607496
-0.01911201 -0.1678846 -0.0004858673 27564883 -0.08323391 -0.09968772 0.2601858
-0.01429899 -0.1671021 -0.0008019358 27805096 -0.07947768 -0.09880216 0.259911
-0.004474036 -0.1648169 -0.00077115 28005277 -0.0718995 -0.09690275 0.2593983
0.0005850412 -0.1632232 -0.0006579459 28245494 -0.06801167 -0.09574983 0.2590364
0.005538928 -0.1616915 -0.0001527369 28455683 -0.06403833 -0.09477584 0.258816
0.01050124 -0.1597609 0.000225082 28675890 -0.05993585 -0.09348692 0.2585088
0.01999504 -0.1557025 0.001617894 28926104 -0.0516143 -0.09110344 0.2582256
0.02479995 -0.1533954 0.002426416 29126293 -0.04758854 -0.08985981 0.2578683
0.02959936 -0.150774 0.003439084 29366530 -0.04360338 -0.08850113 0.2574916
0.03864232 -0.1455974 0.005413651 29576699 -0.03527224 -0.08549706 0.2567926
0.043085 -0.1429183 0.006455153 29816908 -0.03102498 -0.08393528 0.2563939
0.05228389 -0.1360807 0.009480864 30017096 -0.02302217 -0.08079185 0.255556
0.05665619 -0.1326204 0.01077843 30257313 -0.01908931 -0.07918634 0.2550712
0.06044618 -0.1299986 0.0116408 30497522 -0.01529228 -0.07772498 0.2545132
0.06759061 -0.1246265 0.01377828 30687702 -0.00788887 -0.07483266 0.2536344
0.07059764 -0.1223695 0.0143635 30937919 -0.004686006 -0.0734206 0.2530802
0.07356644 -0.1200374 0.01520342 31138108 -0.001671622 -0.07208336 0.2524832
0.07863996 -0.1159042 0.01540478 31358299 0.003694334 -0.06940788 0.2512788
0.08087898 -0.1142703 0.01485464 31578505 0.00622088 -0.06807403 0.2505702
0.0829227 -0.112314 0.0151805 31828731 0.008426601 -0.06658619 0.250024
0.08672363 -0.1081973 0.01499145 32028912 0.0122904 -0.0633637 0.2487461
0.08861925 -0.1058867 0.01505217 32259140 0.01421259 -0.06170057 0.2482079
0.09027155 -0.1037859 0.0148152 32509341 0.01602137 -0.05994003 0.2476824
0.09440105 -0.09660606 0.01813513 32709522 0.02037105 -0.05544188 0.247542
0.0962459 -0.09382066 0.01813474 32929737 0.0224637 -0.05338705 0.2471635
0.09794425 -0.09080567 0.01876159 33149915 0.02451346 -0.05121378 0.2470467
0.1009472 -0.08571251 0.01905763 33380127 0.02832262 -0.04701077 0.2465461
0.1024945 -0.08297659 0.01927088 33630353 0.03030279 -0.04476324 0.2462999
0.1037748 -0.0804796 0.01933849 33840539 0.03205742 -0.04261962 0.2461395
0.1062555 -0.07553451 0.01877144 34060737 0.03499023 -0.03818792 0.2453077
0.1076064 -0.07276779 0.01875404 34270943 0.03628513 -0.03588094 0.244751
0.1084838 -0.07039986 0.01836365 34501135 0.03723472 -0.0336267 0.2443512
0.1109737 -0.06589373 0.01334162 34741352 0.03978863 -0.02928855 0.2422208
0.1121797 -0.06331198 0.01164065 34951553 0.04089303 -0.02703388 0.2412794
0.1134345 -0.06051097 0.01076333 35171744 0.04198687 -0.02467198 0.2404674
0.1158553 -0.05455245 0.009763166 35391951 0.04414047 -0.01955505 0.2390506
0.1169931 -0.05125175 0.009695962 35622146 0.04508688 -0.01694954 0.2385304
0.1180312 -0.0478946 0.01011993 35852354 0.04587474 -0.0142209 0.2381216
0.1196934 -0.04144461 0.009851083 36052535 0.04681974 -0.008684282 0.2370421
0.1204061 -0.03787928 0.009999081 36282747 0.04719462 -0.005780213 0.2367102
0.1210027 -0.03427992 0.01027685 36502945 0.04755779 -0.002775008 0.2365146
0.1224314 -0.0264803 0.01132652 36733153 0.04817686 0.003289803 0.2360403
0.1232091 -0.02286687 0.01200515 36953352 0.04836429 0.006271122 0.2356071
0.1240293 -0.019731 0.01185918 37173546 0.04855957 0.009072182 0.2348373
0.1259565 -0.01313191 0.01177275 37423772 0.04965002 0.0148124 0.2334493
0.1270933 -0.009842545 0.01188341 37633962 0.05038929 0.01765666 0.2326886
0.1294625 -0.003623936 0.01245487 37844152 0.05154392 0.02326924 0.2308369
0.1306792 -0.0009071396 0.01319008 38074359 0.05215564 0.02605527 0.2298772
0.1320001 0.001834866 0.01378939 38294562 0.05288753 0.02885786 0.2288201
0.1332726 0.00457791 0.01465578 38514765 0.05381814 0.03169376 0.2279752
0.1353132 0.009944987 0.01548375 38745119 0.05583921 0.0368718 0.226927
0.1360576 0.01268095 0.01566219 38985198 0.05679458 0.03917032 0.226751
0.1371966 0.01755712 0.01518086 39195371 0.05751719 0.04320425 0.2259293
0.137513 0.01980705 0.01503991 39405565 0.05749763 0.04510697 0.2255999
0.1377421 0.02192277 0.01441392 39635781 0.05739859 0.04676161 0.2252668
0.1378089 0.02559528 0.01311085 39875989 0.05679915 0.04961659 0.2247978
0.1375346 0.02708622 0.01219758 40106197 0.0562559 0.05069394 0.2247413
0.137016 0.02834738 0.01169793 40306382 0.05563747 0.05151582 0.2250142
