0.05135969 0.0005372276 -0.006840787 0 0.0359638 -0.03972191 0.1289841
0.05150136 -8.093805E-05 -0.006606936 80076 0.03607072 -0.03990546 0.1293421
0.05156412 -7.494874E-05 -0.006589909 190176 0.03592018 -0.03950802 0.1294488
0.05156412 -7.494874E-05 -0.006589909 300275 0.03592018 -0.03950802 0.1294488
0.05169277 0.0004038352 -0.006825775 420383 0.03565653 -0.03866449 0.1292725
0.0515208 0.0003626029 -0.006822417 530482 0.03553937 -0.03808426 0.1294591
0.0515208 0.0003626029 -0.006822417 640578 0.03553937 -0.03808426 0.1294591
0.05150535 0.0001956145 -0.006859802 750689 0.03555669 -0.03763073 0.1295991
0.05149287 0.0001001455 -0.006871456 870801 0.03571067 -0.03733727 0.129714
0.05149287 0.0001001455 -0.006871456 980884 0.03571067 -0.03733727 0.129714
0.05142202 4.431359E-05 -0.006879348 1090983 0.03591478 -0.03727992 0.1297686
0.05142545 0.0001143566 -0.00688957 1201087 0.03616237 -0.03739615 0.1297348
0.05142545 0.0001143566 -0.00688957 1311182 0.03616237 -0.03739615 0.1297348
0.05130172 0.0002023469 -0.006885555 1441299 0.03634219 -0.03757605 0.1296986
0.0512151 0.0002127979 -0.006906677 1541389 0.03642451 -0.03778068 0.1296362
0.0512151 0.0002127979 -0.006906677 1651489 0.03642451 -0.03778068 0.1296362
0.05109156 0.0001743168 -0.006918876 1781610 0.03642108 -0.03801043 0.1295836
0.05068656 2.58391E-05 -0.006939489 1871707 0.03636977 -0.03832203 0.1295548
0.05068656 2.58391E-05 -0.006939489 1981786 0.03636977 -0.03832203 0.1295548
0.04969829 -4.51601E-05 -0.00695676 2091890 0.03621784 -0.03851355 0.1295888
0.04845527 -7.926608E-05 -0.00697875 2201985 0.03583273 -0.03870345 0.1296048
0.04845527 -7.926608E-05 -0.00697875 2322097 0.03583273 -0.03870345 0.1296048
0.0474066 -0.001193873 -0.006573551 2432200 0.03551145 -0.03942595 0.1301855
0.04529085 -0.001184227 -0.006620107 2542295 0.03433149 -0.03927251 0.1302572
0.04529085 -0.001184227 -0.006620107 2652395 0.03433149 -0.03927251 0.1302572
0.04285931 -0.0009828786 -0.006634091 2762498 0.03264263 -0.03878524 0.1303799
0.03902772 0.0003780155 -0.007070372 2872589 0.02995126 -0.03759669 0.1299762
0.03902772 0.0003780155 -0.007070372 2982688 0.02995126 -0.03759669 0.1299762
0.0358928 0.0003397694 -0.007111262 3092788 0.02753513 -0.03722852 0.130093
0.03236816 0.0003767562 -0.007082318 3213098 0.02482223 -0.03698695 0.1302248
0.03236816 0.0003767562 -0.007082318 3322999 0.02482223 -0.03698695 0.1302248
0.02866272 0.0004454236 -0.007111938 3433098 0.02174064 -0.0368471 0.1302474
0.02475691 0.0003203975 -0.007155465 3543193 0.01841368 -0.03683763 0.1302683
0.02475691 0.0003203975 -0.007155465 3653297 0.01841368 -0.03683763 0.1302683
0.02065533 -8.738092E-05 -0.00717465 3773413 0.01478779 -0.0369373 0.1303531
0.01599896 -0.0003807736 -0.007250899 3883500 0.0107529 -0.03695783 0.1303748
0.01599896 -0.0003807736 -0.007250899 3993599 0.0107529 -0.03695783 0.1303748
0.01092358 -0.0008953933 -0.007306967 4103699 0.00654678 -0.03705743 0.1304587
0.005710912 -0.001639608 -0.007407199 4243825 0.002214481 -0.0373132 0.1305109
0.005710912 -0.001639608 -0.007407199 4333910 0.002214481 -0.0373132 0.1305109
0.0005522856 -0.0007431132 -0.007487262 4444005 -0.002208205 -0.0370916 0.1302712
-0.00484625 0.0001167259 -0.007646714 4554104 -0.006451312 -0.03687857 0.1299578
-0.00484625 0.0001167259 -0.007646714 4664208 -0.006451312 -0.03687857 0.1299578
-0.009677856 -0.001356956 -0.007411531 4774303 -0.01098497 -0.03710166 0.1305263
-0.01513128 -0.001223758 -0.007345427 4884410 -0.0155136 -0.03698359 0.1305941
-0.01513128 -0.001223758 -0.007345427 4994501 -0.0155136 -0.03698359 0.1305941
-0.02025058 -0.0004427746 -0.007477992 5104605 -0.02009718 -0.03674927 0.1303191
-0.02516284 -0.0003033968 -0.007407916 5214700 -0.02454902 -0.03664419 0.1303789
-0.03014806 0.0002754448 -0.007420585 5334812 -0.02880399 -0.03640943 0.1302698
-0.03014806 0.0002754448 -0.007420585 5444911 -0.02880399 -0.03640943 0.1302698
-0.03510138 0.001024333 -0.007337108 5555011 -0.03299982 -0.03608478 0.1302301
-0.03948003 0.001616066 -0.00732848 5685124 -0.03692301 -0.03571699 0.1301704
-0.03948003 0.001616066 -0.00732848 5775205 -0.03692301 -0.03571699 0.1301704
-0.04468035 0.001283436 -0.007374431 5885308 -0.0409134 -0.03568589 0.1301949
-0.04884404 0.001833575 -0.007345706 6025435 -0.0444519 -0.03528295 0.1301654
-0.04884404 0.001833575 -0.007345706 6115516 -0.0444519 -0.03528295 0.1301654
-0.05305026 0.002308038 -0.007315603 6235628 -0.04781118 -0.03494164 0.1301298
-0.05600304 0.002787605 -0.007347183 6335714 -0.05075085 -0.0346678 0.1300418
-0.05600304 0.002787605 -0.007347183 6445817 -0.05075085 -0.0346678 0.1300418
-0.05870483 0.003081639 -0.007335535 6565922 -0.05328855 -0.03448756 0.130016
-0.06088293 0.003344466 -0.007336806 6676021 -0.05539846 -0.03432374 0.1299849
-0.06088293 0.003344466 -0.007336806 6786116 -0.05539846 -0.03432374 0.1299849
-0.06259639 0.003504393 -0.007326762 6896215 -0.05715727 -0.03420315 0.129986
-0.06417483 0.003777139 -0.007372325 7006314 -0.05873203 -0.03398371 0.1299256
-0.06417483 0.003777139 -0.007372325 7116414 -0.05873203 -0.03398371 0.1299256
-0.06520888 0.003877708 -0.007354743 7226513 -0.05986032 -0.03383446 0.1299603
-0.06573755 0.003937873 -0.007371539 7336616 -0.06063148 -0.03367261 0.1299806
-0.06573755 0.003937873 -0.007371539 7456720 -0.06063148 -0.03367261 0.1299806
-0.06603725 0.003963141 -0.007344878 7566820 -0.0612945 -0.03356636 0.1300424
-0.06605607 0.00400676 -0.007333764 7676919 -0.06145806 -0.03357044 0.1300454
-0.06605607 0.00400676 -0.007333764 7787030 -0.06145806 -0.03357044 0.1300454
-0.06607144 0.004069795 -0.007334275 7907130 -0.06139652 -0.03365542 0.1300018
-0.06596249 0.004045902 -0.007351556 8017226 -0.06112608 -0.03377268 0.1299532
-0.06596249 0.004045902 -0.007351556 8127329 -0.06112608 -0.03377268 0.1299532
-0.06583258 0.00397948 -0.007352076 8237428 -0.06085319 -0.03392973 0.1299226
-0.06577469 0.004067013 -0.007308784 8347531 -0.06064799 -0.03415668 0.1298732
-0.06577469 0.004067013 -0.007308784 8467631 -0.06064799 -0.03415668 0.1298732
-0.06530517 0.003305708 -0.00697398 8567726 -0.06065762 -0.03450974 0.1303381
-0.06431041 0.003039445 -0.00534249 8687830 -0.06104128 -0.03560385 0.1317788
-0.06431041 0.003039445 -0.00534249 8797933 -0.06104128 -0.03560385 0.1317788
-0.06299182 0.003222723 -0.002464966 8908032 -0.06183679 -0.03746206 0.1340988
-0.06153611 0.002641202 0.001123993 9018136 -0.06281073 -0.03970174 0.1371816
-0.06153611 0.002641202 0.001123993 9138236 -0.06281073 -0.03970174 0.1371816
-0.0595588 0.001987716 0.004814779 9238330 -0.06444298 -0.04162647 0.1403883
-0.05931092 0.0004364313 0.009135739 9348425 -0.06688753 -0.04374935 0.1444001
