0.2985209 0.0008903585 -0.007998238 0 0.2762777 -0.01999237 0.1311973
0.2983918 0.0008934092 -0.007934569 110099 0.2763351 -0.02001993 0.131286
0.2983918 0.0008934092 -0.007934569 210189 0.2763351 -0.02001993 0.131286
0.2984808 0.0008507692 -0.008029388 320288 0.2763999 -0.02009346 0.1311827
0.2984511 0.0009463927 -0.008024801 440392 0.2763847 -0.02000142 0.1311891
0.2984511 0.0009463927 -0.008024801 550496 0.2763847 -0.02000142 0.1311891
0.2984405 0.0009050988 -0.008044328 670600 0.2763264 -0.01993081 0.1311788
0.2985045 0.0009534667 -0.008018258 770690 0.2762971 -0.01976992 0.1312068
0.2983377 0.001186455 -0.007949922 880789 0.276148 -0.01950565 0.1312826
0.2983377 0.001186455 -0.007949922 1020916 0.276148 -0.01950565 0.1312826
0.2984647 0.001010411 -0.008017308 1110997 0.2761354 -0.01944398 0.131228
0.2984073 0.001143138 -0.007968863 1221100 0.2760339 -0.01918545 0.1312878
0.2984073 0.001143138 -0.007968863 1351213 0.2760339 -0.01918545 0.1312878
0.2983997 0.001005882 -0.008093841 1441294 0.2759916 -0.01905131 0.1311966
0.2983606 0.001189078 -0.00800495 1551394 0.2760069 -0.01891494 0.1312875
0.2983606 0.001189078 -0.00800495 1671510 0.2760069 -0.01891494 0.1312875
0.2981524 0.001958068 -0.007939705 1781601 0.2762505 -0.01911027 0.1312819
0.2983111 0.001749094 -0.007971016 1891708 0.2763022 -0.01878551 0.1313135
0.2983111 0.001749094 -0.007971016 2001804 0.2763022 -0.01878551 0.1313135
0.2982902 0.002502516 -0.00792506 2111899 0.2764982 -0.0189037 0.1312623
0.2983933 0.00243023 -0.008038674 2222006 0.2765747 -0.01862853 0.1311975
0.2983933 0.00243023 -0.008038674 2342122 0.2765747 -0.01862853 0.1311975
0.2982536 0.003198538 -0.00802493 2452210 0.2765792 -0.01839098 0.1311525
0.2983105 0.003331454 -0.008041934 2562305 0.2765501 -0.01803931 0.1311558
0.2983105 0.003331454 -0.008041934 2672404 0.2765501 -0.01803931 0.1311558
0.2982086 0.003960104 -0.007980487 2782503 0.276552 -0.01771802 0.1311859
0.2981377 0.004337244 -0.007956169 2892602 0.2765778 -0.01736091 0.1312221
0.2981377 0.004337244 -0.007956169 3012715 0.2765778 -0.01736091 0.1312221
0.2979613 0.004826086 -0.00803706 3122810 0.2766479 -0.01701401 0.131157
0.2977774 0.005468471 -0.008046813 3232913 0.276665 -0.01654366 0.1311508
0.2977774 0.005468471 -0.008046813 3343012 0.276665 -0.01654366 0.1311508
0.2975593 0.006177078 -0.00807728 3463117 0.2767163 -0.01610436 0.1311181
0.2973429 0.006916678 -0.008019565 3563211 0.2767011 -0.01561928 0.1311648
0.2973429 0.006916678 -0.008019565 3683315 0.2767011 -0.01561928 0.1311648
0.2972047 0.007644069 -0.007969427 3793418 0.2767326 -0.0150489 0.1312145
0.2969025 0.008247706 -0.008058023 3903517 0.2766675 -0.01453558 0.1311458
0.2969025 0.008247706 -0.008058023 4013617 0.2766675 -0.01453558 0.1311458
0.2969166 0.009034747 -0.008057361 4143730 0.2767005 -0.01390146 0.1311241
0.2968435 0.009651979 -0.008078281 4233811 0.2766516 -0.01327584 0.1311081
0.2968435 0.009651979 -0.008078281 4343914 0.2766516 -0.01327584 0.1311081
0.2968237 0.0105675 -0.007990651 4474032 0.2766253 -0.01247967 0.131175
0.2967897 0.01136335 -0.008004135 4574118 0.2766101 -0.01173651 0.1311555
0.2967897 0.01136335 -0.008004135 4684221 0.2766101 -0.01173651 0.1311555
0.2967856 0.01227369 -0.0079561 4814342 0.2766703 -0.01091422 0.1311982
0.2968863 0.01318521 -0.007957741 4904420 0.2768355 -0.01008397 0.1311924
0.2968863 0.01318521 -0.007957741 5014519 0.2768355 -0.01008397 0.1311924
0.297075 0.01416794 -0.007937851 5134631 0.2770749 -0.009195142 0.1312038
0.2971337 0.01519715 -0.007934456 5244722 0.2772588 -0.008289853 0.1312043
0.2971337 0.01519715 -0.007934456 5354829 0.2772588 -0.008289853 0.1312043
0.2969842 0.01632411 -0.007983204 5464957 0.2773696 -0.007260591 0.1311759
0.2970886 0.0176075 -0.007868599 5575020 0.277489 -0.006161489 0.1312613
0.2970886 0.0176075 -0.007868599 5685123 0.277489 -0.006161489 0.1312613
0.2969941 0.01885665 -0.007913842 5795222 0.277498 -0.004933222 0.131227
0.2970092 0.02014047 -0.007879146 5915331 0.2775303 -0.00376129 0.131245
0.2970092 0.02014047 -0.007879146 6025434 0.2775303 -0.00376129 0.131245
0.2969069 0.02158075 -0.007876125 6135525 0.2775813 -0.002485744 0.131241
0.2965611 0.02299387 -0.007896318 6245624 0.2775204 -0.001186796 0.1312402
0.2965611 0.02299387 -0.007896318 6355727 0.2775204 -0.001186796 0.1312402
0.2964287 0.02466436 -0.007855386 6465831 0.277467 0.0002628288 0.1312534
0.2961535 0.02617857 -0.007899148 6585935 0.2773166 0.001724086 0.1312173
0.2961535 0.02617857 -0.007899148 6696030 0.2773166 0.001724086 0.1312173
0.2959335 0.02773021 -0.007869966 6806129 0.277224 0.003301565 0.1312682
0.2955724 0.02959578 -0.007872161 6916233 0.2770991 0.004930292 0.1312558
0.2955724 0.02959578 -0.007872161 7026332 0.2770991 0.004930292 0.1312558
0.2953517 0.03138265 -0.007928218 7136431 0.2769953 0.006594332 0.1311934
0.2952262 0.03352224 -0.007935802 7246526 0.2769149 0.008367404 0.1311259
0.2952262 0.03352224 -0.007935802 7366634 0.2769149 0.008367404 0.1311259
0.2949942 0.0355493 -0.007926957 7476734 0.2768199 0.01026151 0.1311286
0.2946818 0.0380813 -0.007902093 7586845 0.2767492 0.01220685 0.131077
0.2946818 0.0380813 -0.007902093 7696932 0.2767492 0.01220685 0.131077
0.294475 0.04033492 -0.007797037 7807031 0.2767708 0.01427589 0.1311768
0.2941433 0.04257416 -0.007869903 7937149 0.2767362 0.01634054 0.1311086
0.2941433 0.04257416 -0.007869903 8037243 0.2767362 0.01634054 0.1311086
0.2937959 0.0448757 -0.007908791 8147342 0.2766174 0.01849189 0.1310698
0.29365 0.04731495 -0.007962385 8257437 0.2765174 0.02055692 0.1309502
0.29365 0.04731495 -0.007962385 8377545 0.2765174 0.02055692 0.1309502
0.2931969 0.04973973 -0.007839678 8487649 0.2762247 0.02283223 0.1310638
0.2926958 0.05223598 -0.007815243 8587735 0.2759099 0.02507407 0.1310613
0.2919645 0.05453172 -0.007826722 8727865 0.2754914 0.0272572 0.1310652
0.2919645 0.05453172 -0.007826722 8807937 0.2754914 0.0272572 0.1310652
0.2909967 0.057241 -0.007784495 8928042 0.27504 0.02935893 0.1310471
0.2909967 0.057241 -0.007784495 9038149 0.27504 0.02935893 0.1310471
0.290174 0.05956443 -0.007872851 9148240 0.274601 0.03134317 0.1309338
0.2891974 0.06205658 -0.007899109 9258343 0.2739767 0.03340325 0.1308581
0.2891974 0.06205658 -0.007899109 9378452 0.2739767 0.03340325 0.1308581
0.2879187 0.06431234 -0.007830092 9488547 0.2731831 0.03533281 0.1309117
0.2867498 0.06679576 -0.007834453 9598650 0.2723559 0.03732413 0.1308395
0.2867498 0.06679576 -0.007834453 9708749 0.2723559 0.03732413 0.1308395
0.2856408 0.06943168 -0.007799182 9818844 0.2716083 0.03930777 0.1307717
0.2841745 0.07191634 -0.007775411 9928944 0.2707573 0.04123344 0.1307337
0.2841745 0.07191634 -0.007775411 10039047 0.2707573 0.04123344 0.1307337
0.2832007 0.07430537 -0.007815517 10159159 0.2699694 0.04317676 0.130612
0.2821204 0.07658803 -0.007803979 10269254 0.2692082 0.04512158 0.1305773
0.2821204 0.07658803 -0.007803979 10379350 0.2692082 0.04512158 0.1305773
0.2807644 0.0790043 -0.007770263 10489453 0.2682663 0.04707802 0.1305437
0.2797343 0.08126585 -0.007751049 10599548 0.2674978 0.04913379 0.1305386
0.2797343 0.08126585 -0.007751049 10709647 0.2674978 0.04913379 0.1305386
0.2787819 0.0838347 -0.007726878 10829764 0.2667023 0.05124145 0.1304687
0.2774704 0.08660437 -0.007791095 10939859 0.2658473 0.05334181 0.130284
0.2774704 0.08660437 -0.007791095 11049958 0.2658473 0.05334181 0.130284
0.2761355 0.08920649 -0.007730062 11160069 0.2649899 0.0555405 0.1302866
0.2749032 0.0918861 -0.007725617 11270177 0.2642046 0.05784282 0.1302339
0.273474 0.09466379 -0.007713683 11390265 0.2632014 0.0602244 0.1301799
0.273474 0.09466379 -0.007713683 11500360 0.2632014 0.0602244 0.1301799
0.2719734 0.09745859 -0.007737609 11610463 0.2620817 0.06275358 0.1301173
0.2719734 0.09745859 -0.007737609 11720583 0.2620817 0.06275358 0.1301173
0.2705784 0.1006357 -0.007786013 11840671 0.2609009 0.06539248 0.1299474
0.2686924 0.1036754 -0.007747657 11940761 0.2595836 0.06810001 0.1299392
0.2686924 0.1036754 -0.007747657 12050856 0.2595836 0.06810001 0.1299392
0.2666646 0.1071719 -0.007741951 12170972 0.2580954 0.07086975 0.1297897
0.2650821 0.1102892 -0.007780479 12281063 0.2566187 0.07348868 0.1296252
0.2630585 0.113395 -0.007706884 12391171 0.2549556 0.07623061 0.1296226
0.2630585 0.113395 -0.007706884 12501262 0.2549556 0.07623061 0.1296226
0.2616013 0.1166737 -0.007702414 12621370 0.253456 0.07898019 0.1294803
0.2596542 0.1196674 -0.007802021 12721460 0.2518933 0.08159018 0.129297
0.2596542 0.1196674 -0.007802021 12841573 0.2518933 0.08159018 0.129297
0.2581156 0.1230577 -0.007726173 12951672 0.2506159 0.0843148 0.1292007
0.256281 0.1260581 -0.007731673 13081785 0.2494261 0.08693665 0.1291214
0.256281 0.1260581 -0.007731673 13171870 0.2494261 0.08693665 0.1291214
0.2546093 0.1291994 -0.007680789 13281969 0.2483045 0.08957954 0.1290552
0.2525789 0.1323792 -0.007746053 13422104 0.2470087 0.09226409 0.1288775
0.2525789 0.1323792 -0.007746053 13502168 0.2470087 0.09226409 0.1288775
0.2511328 0.1353674 -0.007783521 13612267 0.2458796 0.09494036 0.1287606
0.2493379 0.1386169 -0.007737971 13732379 0.2446479 0.09780458 0.128712
0.2493379 0.1386169 -0.007737971 13842471 0.2446479 0.09780458 0.128712
0.2476083 0.1418754 -0.007691198 13952574 0.2434813 0.100605 0.1286391
0.245598 0.1451547 -0.007715602 14062677 0.2422322 0.1032851 0.1284529
0.245598 0.1451547 -0.007715602 14182781 0.2422322 0.1032851 0.1284529
0.2434635 0.1483938 -0.007710626 14282867 0.2408847 0.1060286 0.1283216
0.2411019 0.1517751 -0.007729151 14402976 0.2391336 0.1088294 0.1281312
0.2411019 0.1517751 -0.007729151 14523084 0.2391336 0.1088294 0.1281312
0.2384356 0.1551038 -0.007746521 14623174 0.237145 0.1116461 0.1279591
0.2360101 0.1582695 -0.007755529 14733277 0.2350927 0.114473 0.1278441
0.2360101 0.1582695 -0.007755529 14843377 0.2350927 0.114473 0.1278441
0.2332162 0.1618104 -0.007707446 14963481 0.2330375 0.1173577 0.1276815
0.2305242 0.1651843 -0.007647669 15073580 0.2310146 0.1201902 0.1275615
0.2305242 0.1651843 -0.007647669 15173670 0.2310146 0.1201902 0.1275615
0.227737 0.1685757 -0.007650317 15293779 0.2290408 0.1229402 0.1273384
0.2246813 0.1718191 -0.007681053 15403878 0.2271073 0.1254285 0.1270345
0.2246813 0.1718191 -0.007681053 15523998 0.2271073 0.1254285 0.1270345
0.2217494 0.1749997 -0.007691732 15634085 0.2250147 0.1280978 0.1268289
0.2191392 0.1782076 -0.007685511 15734179 0.2229788 0.130729 0.1266174
0.2191392 0.1782076 -0.007685511 15854288 0.2229788 0.130729 0.1266174
0.2161004 0.1814386 -0.007646537 15984405 0.2208809 0.1333242 0.1263997
0.2133126 0.1846227 -0.007571265 16074486 0.218665 0.1360473 0.126287
0.2133126 0.1846227 -0.007571265 16194594 0.218665 0.1360473 0.126287
0.2105257 0.1874744 -0.007599605 16304694 0.2164572 0.1386983 0.1261612
0.2075712 0.1905765 -0.00756305 16414793 0.2140856 0.1413301 0.1259982
0.2075712 0.1905765 -0.00756305 16524892 0.2140856 0.1413301 0.1259982
0.2046971 0.1933448 -0.007566767 16634995 0.2116799 0.1439115 0.1259017
0.2016919 0.1962515 -0.00758545 16745090 0.2094274 0.146474 0.1257135
0.2016919 0.1962515 -0.00758545 16855186 0.2094274 0.146474 0.1257135
0.1985557 0.1991111 -0.007596167 16975302 0.2072574 0.1489366 0.1254942
0.1952785 0.2020013 -0.007534728 17085401 0.2049569 0.1514962 0.125363
0.1952785 0.2020013 -0.007534728 17195496 0.2049569 0.1514962 0.125363
0.1918939 0.2047476 -0.00743004 17305596 0.2025244 0.1539513 0.1252838
0.188651 0.2074978 -0.007420666 17415695 0.1999893 0.1563735 0.1251085
0.188651 0.2074978 -0.007420666 17525790 0.1999893 0.1563735 0.1251085
0.185587 0.2099457 -0.007551941 17635889 0.1972342 0.1586947 0.1249015
0.1819582 0.2126639 -0.007487099 17755997 0.1944879 0.1611779 0.1247946
0.1819582 0.2126639 -0.007487099 17866105 0.1944879 0.1611779 0.1247946
0.1781364 0.2155001 -0.007464671 17976200 0.1914362 0.1635873 0.1245748
0.1746763 0.2185082 -0.007240763 18086295 0.1883503 0.1661589 0.124588
0.1746763 0.2185082 -0.007240763 18196398 0.1883503 0.1661589 0.124588
0.1706127 0.220987 -0.00718251 18306498 0.1850111 0.1685243 0.1245239
0.1669585 0.2239691 -0.007218043 18426606 0.1818324 0.1709869 0.1242274
0.1669585 0.2239691 -0.007218043 18536705 0.1818324 0.1709869 0.1242274
0.1624357 0.2270016 -0.007037741 18646812 0.1785624 0.1734467 0.1240273
0.1583526 0.2298742 -0.00692634 18756908 0.1754393 0.1759772 0.1238766
0.1583526 0.2298742 -0.00692634 18877020 0.1754393 0.1759772 0.1238766
0.1547976 0.2323761 -0.006993931 18977110 0.1723617 0.1786071 0.1237984
0.151068 0.2349565 -0.006965925 19097218 0.1691651 0.1812309 0.1237716
0.151068 0.2349565 -0.006965925 19207309 0.1691651 0.1812309 0.1237716
0.1474773 0.2378773 -0.006921761 19317409 0.1660129 0.1837767 0.1235995
0.1429562 0.240744 -0.006893837 19437513 0.1627995 0.1862572 0.123274
0.1389487 0.2434238 -0.006882917 19557621 0.1598697 0.1887077 0.1230198
0.1389487 0.2434238 -0.006882917 19647706 0.1598697 0.1887077 0.1230198
0.1348554 0.2459637 -0.007026147 19767815 0.1570036 0.1911074 0.1226136
0.1348554 0.2459637 -0.007026147 19887927 0.1570036 0.1911074 0.1226136
0.1303932 0.248453 -0.006928318 19978004 0.1539359 0.1933656 0.1223673
0.1264735 0.2512884 -0.006806314 20098124 0.1506751 0.195505 0.1220686
0.1264735 0.2512884 -0.006806314 20208207 0.1506751 0.195505 0.1220686
0.1225482 0.2538692 -0.006805979 20318311 0.1471112 0.1975023 0.1217463
0.1180465 0.2564814 -0.006709503 20428406 0.1435998 0.1992985 0.1212881
0.1180465 0.2564814 -0.006709503 20548514 0.1435998 0.1992985 0.1212881
0.1133067 0.2587498 -0.006754591 20658613 0.1403521 0.2008475 0.1206115
0.1086166 0.2607957 -0.006768141 20768713 0.1373988 0.2022548 0.1199236
0.1086166 0.2607957 -0.006768141 20878816 0.1373988 0.2022548 0.1199236
0.1040961 0.2629896 -0.006716778 20988911 0.1344935 0.2035723 0.1191872
0.09945875 0.2649085 -0.006668739 21099010 0.1315201 0.2047638 0.1184749
0.09945875 0.2649085 -0.006668739 21219127 0.1315201 0.2047638 0.1184749
0.09530439 0.2668688 -0.006732633 21319213 0.1285902 0.2060131 0.1177458
0.09111706 0.2686948 -0.006696389 21439325 0.1253669 0.2072698 0.1172397
0.09111706 0.2686948 -0.006696389 21549416 0.1253669 0.2072698 0.1172397
0.08688501 0.2706017 -0.006524696 21669528 0.1221661 0.2086889 0.1168783
0.08274288 0.271706 -0.006775987 21769615 0.1191914 0.2098544 0.116318
0.07809985 0.2732485 -0.006822543 21879718 0.1162294 0.2111715 0.1156471
0.07809985 0.2732485 -0.006822543 21989817 0.1162294 0.2111715 0.1156471
0.0739682 0.2749279 -0.006811573 22109921 0.1136049 0.2125285 0.1150141
0.0699973 0.2765569 -0.006853701 22220025 0.1110613 0.2138663 0.1143481
0.0699973 0.2765569 -0.006853701 22340145 0.1110613 0.2138663 0.1143481
0.06629391 0.2785271 -0.006712005 22440227 0.1086105 0.215216 0.1137341
0.06221959 0.2800222 -0.00683372 22550326 0.1061074 0.2165014 0.1129377
0.06221959 0.2800222 -0.00683372 22670439 0.1061074 0.2165014 0.1129377
0.05849859 0.2817118 -0.006814438 22780534 0.1036891 0.2178495 0.1122891
0.05403709 0.2832369 -0.00678695 22890625 0.1007833 0.2191371 0.1115865
0.05403709 0.2832369 -0.00678695 23030755 0.1007833 0.2191371 0.1115865
0.04986334 0.28465 -0.00686638 23110823 0.09778892 0.2204097 0.1109579
0.04631373 0.2863622 -0.006742475 23220939 0.09481662 0.221653 0.110588
0.04631373 0.2863622 -0.006742475 23331042 0.09481662 0.221653 0.110588
0.04249606 0.2876548 -0.006775741 23451150 0.09140398 0.2227445 0.1102752
0.03814257 0.2886801 -0.006877955 23561237 0.08778445 0.223917 0.1099453
0.03814257 0.2886801 -0.006877955 23671345 0.08778445 0.223917 0.1099453
0.03379693 0.2900226 -0.006806364 23781428 0.08400164 0.2250473 0.109658
0.02956607 0.2910443 -0.006865132 23891527 0.08008752 0.2261215 0.1094915
0.02956607 0.2910443 -0.006865132 24011639 0.08008752 0.2261215 0.1094915
0.02513136 0.2919848 -0.006819215 24121738 0.07603868 0.2272271 0.1094611
0.02065246 0.2928565 -0.006797109 24231838 0.07200716 0.2283058 0.1094017
0.02065246 0.2928565 -0.006797109 24341937 0.07200716 0.2283058 0.1094017
0.0162083 0.2937194 -0.006770025 24452036 0.06826918 0.2294253 0.1092566
0.01186981 0.2944483 -0.0067333 24562135 0.06464597 0.2304236 0.1091191
0.01186981 0.2944483 -0.0067333 24672230 0.06464597 0.2304236 0.1091191
0.007533093 0.2953141 -0.006657599 24792339 0.06107359 0.2313963 0.1089026
0.003240545 0.296038 -0.006620065 24902438 0.05763128 0.2323624 0.1086766
0.003240545 0.296038 -0.006620065 25012541 0.05763128 0.2323624 0.1086766
-0.001084102 0.2966722 -0.006556026 25122640 0.05423989 0.2332225 0.1084206
-0.005262652 0.2975524 -0.006462722 25232740 0.05087816 0.2340485 0.1080873
-0.005262652 0.2975524 -0.006462722 25342839 0.05087816 0.2340485 0.1080873
-0.009610729 0.2981927 -0.006373232 25472956 0.04752695 0.2347897 0.1077389
-0.01452832 0.2982448 -0.006564129 25573042 0.04407649 0.2354904 0.1071619
-0.01452832 0.2982448 -0.006564129 25683142 0.04407649 0.2354904 0.1071619
-0.01915141 0.2986146 -0.006637997 25803254 0.04061392 0.2362628 0.1067048
-0.02414178 0.2980349 -0.007093992 25903340 0.03700789 0.2366598 0.1060434
-0.02414178 0.2980349 -0.007093992 26023452 0.03700789 0.2366598 0.1060434
-0.02914893 0.2981189 -0.007077822 26143556 0.03315694 0.2371474 0.1056462
-0.03364963 0.2977861 -0.007281872 26233638 0.0291817 0.2372046 0.1053607
-0.03364963 0.2977861 -0.007281872 26353746 0.0291817 0.2372046 0.1053607
-0.03779611 0.2985558 -0.007164073 26473854 0.02541626 0.2377326 0.1051345
-0.04234158 0.2988289 -0.007089118 26573948 0.02180951 0.2382149 0.1047895
-0.04234158 0.2988289 -0.007089118 26684048 0.02180951 0.2382149 0.1047895
-0.04700414 0.2981778 -0.007206658 26824186 0.0184412 0.2383095 0.1043233
-0.04700414 0.2981778 -0.007206658 26904246 0.0184412 0.2383095 0.1043233
-0.05158583 0.2979846 -0.007223384 27024354 0.0150965 0.2386384 0.103852
-0.05559358 0.2979041 -0.007248171 27154472 0.01172213 0.2388586 0.1036052
-0.05952708 0.297755 -0.007329518 27244553 0.008367566 0.2390793 0.103367
-0.05952708 0.297755 -0.007329518 27354652 0.008367566 0.2390793 0.103367
-0.06347311 0.2974499 -0.007371738 27484765 0.005157793 0.2393455 0.103172
-0.06726441 0.2971637 -0.007321489 27574850 0.002235773 0.2397374 0.1030333
-0.06726441 0.2971637 -0.007321489 27684950 0.002235773 0.2397374 0.1030333
-0.07113862 0.2967003 -0.007260805 27815067 -0.0006487225 0.2400933 0.1028894
-0.07470208 0.2964904 -0.007191644 27915153 -0.003440054 0.2404276 0.1027398
-0.07470208 0.2964904 -0.007191644 28025256 -0.003440054 0.2404276 0.1027398
-0.07832707 0.2965535 -0.007032757 28155378 -0.006291219 0.2408388 0.1025708
-0.08194251 0.2965624 -0.006871202 28245451 -0.00913367 0.2412621 0.1024311
-0.08194251 0.2965624 -0.006871202 28365567 -0.00913367 0.2412621 0.1024311
-0.08555303 0.2963257 -0.006811542 28475662 -0.01202032 0.2414717 0.1022308
-0.08935409 0.2958126 -0.006738528 28585761 -0.01489793 0.2415331 0.1019641
-0.08935409 0.2958126 -0.006738528 28695857 -0.01489793 0.2415331 0.1019641
-0.09327352 0.2951702 -0.006652491 28815965 -0.01776091 0.2415325 0.1016391
-0.09719265 0.2944925 -0.006661308 28916055 -0.02077545 0.2414416 0.1012843
-0.09719265 0.2944925 -0.006661308 29026158 -0.02077545 0.2414416 0.1012843
-0.101082 0.2936502 -0.006692828 29156276 -0.02392365 0.241157 0.100998
-0.1049579 0.2926712 -0.006707149 29256370 -0.02712685 0.2407853 0.1007937
-0.1049579 0.2926712 -0.006707149 29366469 -0.02712685 0.2407853 0.1007937
-0.1088903 0.2916644 -0.006713322 29496582 -0.03038445 0.2403223 0.1005576
-0.1126561 0.2906166 -0.00677885 29586664 -0.03358228 0.2397016 0.1002783
-0.1126561 0.2906166 -0.00677885 29706772 -0.03358228 0.2397016 0.1002783
-0.1165786 0.289419 -0.006831454 29806870 -0.03671753 0.2389924 0.09987188
-0.1206012 0.2881065 -0.006849689 29926966 -0.03989109 0.2381897 0.09945378
-0.1206012 0.2881065 -0.006849689 30037069 -0.03989109 0.2381897 0.09945378
-0.1241106 0.2892059 -0.005926709 30147169 -0.04280325 0.2383122 0.09945446
-0.128093 0.2877292 -0.005924596 30257264 -0.04599334 0.2372868 0.09905849
-0.128093 0.2877292 -0.005924596 30377372 -0.04599334 0.2372868 0.09905849
-0.1320507 0.2863348 -0.005801409 30487475 -0.0492279 0.2362699 0.09879363
-0.1360495 0.2847028 -0.005730641 30597575 -0.05244707 0.2351759 0.09849969
-0.1360495 0.2847028 -0.005730641 30707674 -0.05244707 0.2351759 0.09849969
-0.1398486 0.2830037 -0.005676639 30817773 -0.0557156 0.2339918 0.09837002
-0.1437385 0.2811091 -0.005702787 30927868 -0.05901499 0.2327754 0.09818191
-0.1437385 0.2811091 -0.005702787 31047976 -0.05901499 0.2327754 0.09818191
-0.1475183 0.2789115 -0.005790569 31158076 -0.06230504 0.2313628 0.09805574
-0.151155 0.2770067 -0.005856675 31268175 -0.06570634 0.229918 0.09800574
-0.151155 0.2770067 -0.005856675 31378274 -0.06570634 0.229918 0.09800574
-0.1548094 0.274798 -0.005888286 31488373 -0.0690359 0.2283776 0.09800732
-0.1584341 0.2726266 -0.005883974 31598477 -0.07227387 0.2268635 0.09798312
-0.1584341 0.2726266 -0.005883974 31708584 -0.07227387 0.2268635 0.09798312
-0.1619128 0.2703187 -0.005925425 31828688 -0.07529096 0.2253158 0.09788999
-0.1653091 0.2681951 -0.005919288 31928770 -0.0782278 0.2238064 0.097776
-0.1653091 0.2681951 -0.005919288 32048878 -0.0782278 0.2238064 0.097776
-0.1687284 0.2661294 -0.005922157 32158982 -0.0810884 0.2222687 0.09752693
-0.1722905 0.2640779 -0.005824219 32269081 -0.08401239 0.220783 0.09732026
-0.1722905 0.2640779 -0.005824219 32379180 -0.08401239 0.220783 0.09732026
-0.1756999 0.2616305 -0.005838796 32489275 -0.08696149 0.2192056 0.09727208
-0.1790989 0.2593884 -0.005736214 32609388 -0.08999485 0.2177049 0.09736178
-0.1790989 0.2593884 -0.005736214 32719487 -0.08999485 0.2177049 0.09736178
-0.1824224 0.2568769 -0.005749184 32829582 -0.0930299 0.2161494 0.09748114
-0.1856253 0.2544494 -0.005813371 32959699 -0.09606561 0.214498 0.09757514
-0.1889838 0.2522275 -0.005763339 33049785 -0.09917323 0.2128556 0.09762987
-0.1889838 0.2522275 -0.005763339 33169897 -0.09917323 0.2128556 0.09762987
-0.1922384 0.2496081 -0.005795155 33279996 -0.1020815 0.2110583 0.09760636
-0.1954929 0.2470236 -0.005865134 33390091 -0.1048802 0.2092097 0.09740967
-0.1954929 0.2470236 -0.005865134 33510195 -0.1048802 0.2092097 0.09740967
-0.198672 0.244976 -0.00571966 33610286 -0.1075236 0.20743 0.09718076
-0.2020817 0.2418602 -0.005743626 33730394 -0.1103439 0.2051982 0.09695163
-0.2020817 0.2418602 -0.005743626 33830484 -0.1103439 0.2051982 0.09695163
-0.2049266 0.2395395 -0.005753725 33940587 -0.1130764 0.20301 0.09688824
-0.2075967 0.2371607 -0.005778853 34080722 -0.1156572 0.200731 0.0968186
-0.2075967 0.2371607 -0.005778853 34170795 -0.1156572 0.200731 0.0968186
-0.2101886 0.234802 -0.005744367 34280894 -0.117997 0.1985279 0.0966818
-0.2127129 0.2321008 -0.005683175 34390989 -0.1200044 0.196238 0.09642082
-0.2127129 0.2321008 -0.005683175 34531120 -0.1200044 0.196238 0.09642082
-0.2149738 0.2297678 -0.005599177 34611192 -0.1217612 0.1940079 0.09608109
-0.2169506 0.2274164 -0.005594721 34731296 -0.1232615 0.1916534 0.09564552
-0.2169506 0.2274164 -0.005594721 34841407 -0.1232615 0.1916534 0.09564552
-0.2189788 0.2249352 -0.005576803 34961503 -0.1246385 0.1892463 0.09508324
-0.2209533 0.2222064 -0.00565391 35061594 -0.1259355 0.186858 0.09448771
-0.2209533 0.2222064 -0.00565391 35171693 -0.1259355 0.186858 0.09448771
-0.2229767 0.2194449 -0.00569906 35291801 -0.1273234 0.1845981 0.09401242
-0.2250739 0.2161095 -0.005783059 35401904 -0.1289037 0.1821097 0.09372345
-0.2250739 0.2161095 -0.005783059 35511999 -0.1289037 0.1821097 0.09372345
-0.2274758 0.2125564 -0.005839259 35622099 -0.1308377 0.1796307 0.09357523
-0.2298804 0.2091117 -0.005893695 35742207 -0.1329693 0.1770756 0.09354565
-0.2298804 0.2091117 -0.005893695 35842301 -0.1329693 0.1770756 0.09354565
-0.2324346 0.205293 -0.005946876 35952400 -0.1352074 0.1744161 0.09355056
-0.2350108 0.2013097 -0.006050488 36062504 -0.137485 0.1716104 0.09351304
-0.2350108 0.2013097 -0.006050488 36182604 -0.137485 0.1716104 0.09351304
-0.2376416 0.1972994 -0.006033736 36292707 -0.1397935 0.1687497 0.09354994
-0.2402793 0.1929196 -0.006021939 36402806 -0.1420877 0.1656829 0.09359132
-0.2402793 0.1929196 -0.006021939 36513128 -0.1420877 0.1656829 0.09359132
-0.2428102 0.1889145 -0.005936623 36623009 -0.1443738 0.1625245 0.093663
-0.2452684 0.184952 -0.006011182 36733112 -0.1465941 0.1592903 0.09354336
-0.2452684 0.184952 -0.006011182 36853212 -0.1465941 0.1592903 0.09354336
-0.2477128 0.1810438 -0.006020922 36963311 -0.1486421 0.1560051 0.09329825
-0.2499262 0.1773062 -0.006110995 37073411 -0.1504533 0.1526629 0.09290458
-0.2499262 0.1773062 -0.006110995 37183506 -0.1504533 0.1526629 0.09290458
-0.252251 0.1731114 -0.006209865 37293609 -0.1522286 0.1490661 0.09239841
-0.2543524 0.168851 -0.006274906 37403704 -0.1538892 0.1453041 0.09200499
-0.2543524 0.168851 -0.006274906 37513804 -0.1538892 0.1453041 0.09200499
-0.2563883 0.1642113 -0.006388113 37633916 -0.1555755 0.1412766 0.09167828
-0.2584518 0.1592126 -0.006427156 37744015 -0.1572827 0.1370727 0.09145477
-0.2584518 0.1592126 -0.006427156 37854114 -0.1572827 0.1370727 0.09145477
-0.2604659 0.1541778 -0.006385129 37964209 -0.1590312 0.1327391 0.09137802
-0.2623957 0.1486192 -0.006464025 38084322 -0.1608456 0.1281665 0.09139046
-0.2623957 0.1486192 -0.006464025 38194417 -0.1608456 0.1281665 0.09139046
-0.2644306 0.1431074 -0.006452581 38304516 -0.1627087 0.123529 0.09140237
-0.2667024 0.137112 -0.006332743 38414619 -0.1646178 0.1187361 0.09137762
-0.2667024 0.137112 -0.006332743 38524719 -0.1646178 0.1187361 0.09137762
-0.2688689 0.1311932 -0.00631441 38634818 -0.16653 0.113891 0.09132589
-0.2710094 0.1250225 -0.006255967 38754926 -0.1684083 0.1088851 0.09130855
-0.2710094 0.1250225 -0.006255967 38865025 -0.1684083 0.1088851 0.09130855
-0.2730558 0.1187591 -0.006197086 38975125 -0.1702805 0.1037219 0.09135989
-0.2749272 0.1125286 -0.006250727 39085220 -0.1721464 0.09843946 0.09144188
-0.2749272 0.1125286 -0.006250727 39195331 -0.1721464 0.09843946 0.09144188
-0.2767642 0.1066101 -0.006154709 39305418 -0.1738718 0.09330238 0.09153
-0.2783536 0.1004324 -0.006176322 39425526 -0.1753847 0.08802874 0.09154671
-0.2783536 0.1004324 -0.006176322 39525617 -0.1753847 0.08802874 0.09154671
-0.2799389 0.09432992 -0.006193473 39645729 -0.1768023 0.08276894 0.09145608
-0.2815446 0.08775052 -0.006304064 39765833 -0.1781913 0.07743882 0.09125615
-0.2815446 0.08775052 -0.006304064 39865931 -0.1781913 0.07743882 0.09125615
-0.2831901 0.08137515 -0.006368956 39976031 -0.1796294 0.07222822 0.09108749
-0.2846881 0.07492267 -0.006444802 40086126 -0.1810647 0.06693213 0.09104659
-0.2846881 0.07492267 -0.006444802 40196225 -0.1810647 0.06693213 0.09104659
-0.2860138 0.06843579 -0.006383441 40316333 -0.1824491 0.0615556 0.09125499
-0.2874862 0.06186897 -0.006337205 40426428 -0.183934 0.05604739 0.09138325
-0.2874862 0.06186897 -0.006337205 40536556 -0.183934 0.05604739 0.09138325
-0.2889986 0.05530583 -0.006187232 40646631 -0.1853539 0.05060374 0.09149541
-0.2902834 0.04868403 -0.006241487 40766739 -0.1867303 0.04506885 0.09158449
-0.2902834 0.04868403 -0.006241487 40866833 -0.1867303 0.04506885 0.09158449
-0.2917496 0.04211933 -0.006169815 40986938 -0.188106 0.03945327 0.09159079
-0.2930102 0.03539288 -0.00624918 41107042 -0.1893802 0.03381582 0.09154949
-0.2930102 0.03539288 -0.00624918 41207136 -0.1893802 0.03381582 0.09154949
-0.2942447 0.02895638 -0.006285878 41317235 -0.1905755 0.02812169 0.0914804
-0.2953216 0.02248327 -0.006306193 41427330 -0.19156 0.02251022 0.09136553
-0.2953216 0.02248327 -0.006306193 41537450 -0.19156 0.02251022 0.09136553
-0.2963443 0.01626479 -0.006394943 41647529 -0.1924199 0.01686155 0.09110176
-0.2974285 0.009844174 -0.006394511 41787655 -0.193266 0.01124262 0.09083955
-0.2974285 0.009844174 -0.006394511 41867727 -0.193266 0.01124262 0.09083955
-0.2982266 0.003231854 -0.006438206 41987848 -0.1939795 0.005681496 0.09068431
-0.2990067 -0.003098469 -0.006518561 42097939 -0.1947164 2.811632E-05 0.09053811
-0.2990067 -0.003098469 -0.006518561 42208042 -0.1947164 2.811632E-05 0.09053811
-0.2996845 -0.009694406 -0.006443702 42328158 -0.1954008 -0.00569845 0.0905881
-0.3002434 -0.01593348 -0.006482339 42428237 -0.1960583 -0.01136238 0.09062995
-0.3002434 -0.01593348 -0.006482339 42548345 -0.1960583 -0.01136238 0.09062995
-0.3009051 -0.02298887 -0.006355452 42658444 -0.196771 -0.01717215 0.09074492
-0.3014149 -0.0298933 -0.006403638 42768543 -0.197504 -0.02302071 0.09086669
-0.3014149 -0.0298933 -0.006403638 42878638 -0.197504 -0.02302071 0.09086669
-0.3017447 -0.0367207 -0.00650926 42998751 -0.1981621 -0.02887009 0.09103689
-0.3021884 -0.04355411 -0.006428366 43098837 -0.1988158 -0.03481906 0.09126519
-0.3025329 -0.05019123 -0.006432892 43218949 -0.1993755 -0.04069885 0.09141734
-0.3025329 -0.05019123 -0.006432892 43329048 -0.1993755 -0.04069885 0.09141734
-0.302804 -0.05680646 -0.006562243 43439192 -0.199924 -0.04663744 0.09151185
-0.3030881 -0.06348357 -0.00653473 43549243 -0.2004747 -0.05243026 0.09172279
-0.3030881 -0.06348357 -0.00653473 43659342 -0.2004747 -0.05243026 0.09172279
-0.3032226 -0.06984917 -0.006581765 43769441 -0.2008925 -0.05804872 0.09188414
-0.3032969 -0.07613766 -0.006631835 43889549 -0.2011901 -0.06356255 0.09196991
-0.3032969 -0.07613766 -0.006631835 43999653 -0.2011901 -0.06356255 0.09196991
-0.3033808 -0.08233073 -0.006637607 44109748 -0.2014216 -0.06890337 0.09200456
-0.3034036 -0.08805126 -0.006723526 44219847 -0.2015543 -0.07402825 0.0919492
-0.3034036 -0.08805126 -0.006723526 44339959 -0.2015543 -0.07402825 0.0919492
-0.3034934 -0.09390446 -0.006550858 44440046 -0.201641 -0.07915503 0.09201274
-0.3034707 -0.09948625 -0.006537895 44550149 -0.201675 -0.08414156 0.09199335
-0.3034707 -0.09948625 -0.006537895 44690275 -0.201675 -0.08414156 0.09199335
-0.3030872 -0.1049923 -0.006489098 44780356 -0.2014335 -0.08886037 0.09206304
-0.3028655 -0.1104027 -0.006552276 44890456 -0.2013187 -0.0936307 0.0920032
-0.3028655 -0.1104027 -0.006552276 45000595 -0.2013187 -0.0936307 0.0920032
-0.3025262 -0.1156441 -0.006497798 45120663 -0.2010302 -0.09819607 0.09199262
-0.3022082 -0.1208141 -0.006559216 45230778 -0.2007477 -0.1026924 0.09184608
-0.3022082 -0.1208141 -0.006559216 45340890 -0.2007477 -0.1026924 0.09184608
-0.3016092 -0.1260659 -0.006551087 45450973 -0.2002379 -0.1070625 0.09177978
-0.300832 -0.1309602 -0.00663056 45561072 -0.1996962 -0.1112871 0.09181106
-0.300832 -0.1309602 -0.00663056 45691177 -0.1996962 -0.1112871 0.09181106
-0.3000194 -0.135836 -0.006626179 45791263 -0.1991192 -0.1155604 0.09193489
-0.2989632 -0.1405645 -0.006692261 45891358 -0.1984558 -0.1197336 0.09215398
-0.2989632 -0.1405645 -0.006692261 46011482 -0.1984558 -0.1197336 0.09215398
-0.2979108 -0.1454343 -0.006575255 46121743 -0.1976301 -0.1237231 0.09231179
-0.2965363 -0.1500324 -0.006763644 46231664 -0.1965435 -0.1273926 0.0922066
-0.2965363 -0.1500324 -0.006763644 46361781 -0.1965435 -0.1273926 0.0922066
-0.2954235 -0.154384 -0.006661312 46451867 -0.1954016 -0.1309992 0.0921061
-0.2937737 -0.1585287 -0.006766981 46571971 -0.1940908 -0.1345402 0.09219821
-0.2937737 -0.1585287 -0.006766981 46692083 -0.1940908 -0.1345402 0.09219821
-0.2922499 -0.162249 -0.006745353 46792173 -0.1928304 -0.1380994 0.09244535
-0.2905269 -0.1661423 -0.006683591 46912278 -0.1914827 -0.1415287 0.09276818
-0.2905269 -0.1661423 -0.006683591 47012368 -0.1914827 -0.1415287 0.09276818
-0.2885886 -0.1696161 -0.006745511 47132472 -0.1899901 -0.1446758 0.09306706
-0.2866593 -0.1732477 -0.006683805 47242571 -0.1884397 -0.1477852 0.09337017
-0.2866593 -0.1732477 -0.006683805 47342661 -0.1884397 -0.1477852 0.09337017
-0.2846197 -0.1764493 -0.006668315 47462770 -0.1867202 -0.1507039 0.0936268
-0.2825615 -0.1799068 -0.006668175 47572869 -0.1849743 -0.1536269 0.09379257
-0.2825615 -0.1799068 -0.006668175 47682968 -0.1849743 -0.1536269 0.09379257
-0.2802744 -0.1833833 -0.006843004 47803076 -0.1832155 -0.1566024 0.09399642
-0.2782479 -0.186824 -0.006834494 47903183 -0.181549 -0.1596354 0.09424138
-0.2782479 -0.186824 -0.006834494 48023283 -0.181549 -0.1596354 0.09424138
-0.276157 -0.1910989 -0.006462712 48153392 -0.1797857 -0.1629858 0.09467312
-0.2738233 -0.195812 -0.006113265 48243473 -0.1780762 -0.1665069 0.09527672
-0.2738233 -0.195812 -0.006113265 48353577 -0.1780762 -0.1665069 0.09527672
-0.2706912 -0.1999322 -0.006379448 48483690 -0.1762089 -0.1695578 0.0958788
-0.2683851 -0.2036725 -0.006519995 48573771 -0.1745381 -0.1729149 0.09620752
-0.2683851 -0.2036725 -0.006519995 48693883 -0.1745381 -0.1729149 0.09620752
-0.2658517 -0.207701 -0.00661315 48803982 -0.1727737 -0.176452 0.09666427
-0.2630416 -0.2121793 -0.006673121 48914082 -0.1710913 -0.180229 0.09739695
-0.2630416 -0.2121793 -0.006673121 49024181 -0.1710913 -0.180229 0.09739695
-0.2601055 -0.2163138 -0.006737771 49134280 -0.169258 -0.1840913 0.09821306
-0.2573557 -0.2204467 -0.006706601 49244379 -0.1674116 -0.1880031 0.09895191
-0.2573557 -0.2204467 -0.006706601 49364488 -0.1674116 -0.1880031 0.09895191
-0.2541943 -0.2248216 -0.00678202 49474599 -0.165294 -0.1916943 0.0995456
-0.2508976 -0.2287435 -0.007129046 49584690 -0.1628533 -0.1951388 0.09975952
-0.2508976 -0.2287435 -0.007129046 49694785 -0.1628533 -0.1951388 0.09975952
-0.2480684 -0.2323199 -0.006977412 49804884 -0.1601924 -0.1984518 0.09996649
-0.2451111 -0.236001 -0.006967309 49914980 -0.1574434 -0.2018692 0.1000636
-0.2451111 -0.236001 -0.006967309 50025083 -0.1574434 -0.2018692 0.1000636
-0.2416566 -0.2394688 -0.006944653 50145187 -0.1545021 -0.2052085 0.1004637
-0.237957 -0.2426078 -0.007292733 50255290 -0.1515567 -0.2084125 0.1007439
-0.237957 -0.2426078 -0.007292733 50365665 -0.1515567 -0.2084125 0.1007439
-0.2341933 -0.2462539 -0.007379116 50475493 -0.148415 -0.211328 0.1009191
-0.2307567 -0.2497247 -0.007415174 50605610 -0.1452456 -0.2141987 0.1008991
-0.2307567 -0.2497247 -0.007415174 50705696 -0.1452456 -0.2141987 0.1008991
-0.2276383 -0.2534545 -0.007236251 50815796 -0.1422064 -0.2172241 0.1009071
-0.2241104 -0.2568921 -0.007173982 50945909 -0.1391845 -0.2201802 0.1012054
-0.2241104 -0.2568921 -0.007173982 51035990 -0.1391845 -0.2201802 0.1012054
-0.2202951 -0.2607456 -0.007291905 51146093 -0.1364007 -0.2235109 0.1017106
-0.2168072 -0.2641921 -0.007353723 51276214 -0.1335892 -0.2267083 0.1020811
-0.2168072 -0.2641921 -0.007353723 51366288 -0.1335892 -0.2267083 0.1020811
-0.213516 -0.2679003 -0.007251104 51476423 -0.1307354 -0.2297274 0.1022771
-0.2095934 -0.2720159 -0.007560316 51606516 -0.1279245 -0.2326669 0.1023855
-0.2095934 -0.2720159 -0.007560316 51706606 -0.1279245 -0.2326669 0.1023855
-0.2061083 -0.2754763 -0.007706121 51816706 -0.1251386 -0.2355134 0.102535
-0.2024404 -0.2787226 -0.007820645 51926805 -0.1223131 -0.2385207 0.1029479
-0.2024404 -0.2787226 -0.007820645 52036892 -0.1223131 -0.2385207 0.1029479
-0.1986048 -0.2823024 -0.008082682 52146995 -0.119585 -0.2414782 0.1032524
-0.1944905 -0.285441 -0.008283286 52267099 -0.1166299 -0.2442279 0.1037232
-0.1944905 -0.285441 -0.008283286 52377199 -0.1166299 -0.2442279 0.1037232
-0.1922825 -0.2889259 -0.007359131 52487298 -0.1141828 -0.2467136 0.1041074
-0.1883399 -0.2919396 -0.007510808 52597401 -0.1112526 -0.2491266 0.1044304
-0.1883399 -0.2919396 -0.007510808 52707500 -0.1112526 -0.2491266 0.1044304
-0.1844927 -0.2951937 -0.007435738 52817596 -0.1082933 -0.2514785 0.1047644
-0.1811039 -0.2980466 -0.007247781 52937704 -0.1053966 -0.2539497 0.105136
-0.1811039 -0.2980466 -0.007247781 53047807 -0.1053966 -0.2539497 0.105136
-0.1770569 -0.3011871 -0.007300679 53157902 -0.1023925 -0.2565748 0.1055763
-0.173543 -0.3044581 -0.007038446 53268001 -0.09951829 -0.2593833 0.1060759
-0.173543 -0.3044581 -0.007038446 53388118 -0.09951829 -0.2593833 0.1060759
-0.1694653 -0.3078239 -0.007105762 53498213 -0.09660739 -0.2620781 0.1064957
-0.1655394 -0.3115989 -0.007163131 53608308 -0.09377749 -0.264912 0.1067526
-0.1655394 -0.3115989 -0.007163131 53718407 -0.09377749 -0.264912 0.1067526
-0.1618025 -0.3147992 -0.007305018 53838516 -0.09101214 -0.2675093 0.1069693
-0.158189 -0.3181593 -0.007491359 53938606 -0.0882436 -0.2703146 0.107072
-0.158189 -0.3181593 -0.007491359 54048709 -0.0882436 -0.2703146 0.107072
-0.1535723 -0.3210879 -0.008157349 54158804 -0.08521558 -0.273144 0.1073199
-0.1496176 -0.3240432 -0.008463117 54268903 -0.08241611 -0.2762282 0.1077433
-0.1449033 -0.3275609 -0.00856217 54389012 -0.07921542 -0.2792874 0.1083181
-0.1449033 -0.3275609 -0.00856217 54499111 -0.07921542 -0.2792874 0.1083181
-0.1409976 -0.330955 -0.0084977 54609210 -0.07581678 -0.2822225 0.108476
-0.1409976 -0.330955 -0.0084977 54719309 -0.07581678 -0.2822225 0.108476
-0.1366389 -0.3347023 -0.008436904 54839422 -0.0721852 -0.285131 0.1085872
-0.1319623 -0.3381743 -0.00833667 54939508 -0.06865118 -0.287872 0.1089988
-0.1271261 -0.3413044 -0.008117822 55059620 -0.06502108 -0.2906123 0.1096936
-0.1271261 -0.3413044 -0.008117822 55169719 -0.06502108 -0.2906123 0.1096936
-0.1227354 -0.3442933 -0.007970918 55279814 -0.06137645 -0.2934594 0.1101698
-0.1185029 -0.3475601 -0.007795196 55399923 -0.05768075 -0.2962664 0.1104244
-0.1185029 -0.3475601 -0.007795196 55500017 -0.05768075 -0.2962664 0.1104244
-0.11399 -0.3503023 -0.007773787 55610112 -0.05403943 -0.2985935 0.1107099
-0.1104649 -0.3540927 -0.006977791 55730224 -0.05068953 -0.3013645 0.1111445
-0.1104649 -0.3540927 -0.006977791 55840320 -0.05068953 -0.3013645 0.1111445
-0.1058333 -0.3561085 -0.007189671 55950419 -0.04710333 -0.303706 0.1116001
-0.1010713 -0.3572857 -0.007717466 56060526 -0.0433992 -0.3058748 0.1120201
-0.1010713 -0.3572857 -0.007717466 56170617 -0.0433992 -0.3058748 0.1120201
-0.09623782 -0.3587163 -0.008168978 56280717 -0.03956151 -0.3078994 0.1122955
-0.09170031 -0.360926 -0.008176444 56390820 -0.03577181 -0.3097772 0.1124969
-0.09170031 -0.360926 -0.008176444 56510928 -0.03577181 -0.3097772 0.1124969
-0.08716603 -0.3629588 -0.00823296 56621031 -0.03212898 -0.3115149 0.1127244
-0.08267717 -0.3645527 -0.008209739 56731122 -0.02882509 -0.3132765 0.1133507
-0.08267717 -0.3645527 -0.008209739 56861248 -0.02882509 -0.3132765 0.1133507
-0.07801612 -0.3656316 -0.008161452 56951325 -0.02575608 -0.3151866 0.1144372
-0.07381042 -0.3670442 -0.008064757 57071433 -0.02278969 -0.3169454 0.1151961
-0.07381042 -0.3670442 -0.008064757 57201546 -0.02278969 -0.3169454 0.1151961
-0.06995509 -0.3687606 -0.0077678 57291628 -0.01984416 -0.3184125 0.1157644
-0.06607852 -0.3699353 -0.007792245 57401731 -0.01680923 -0.3191971 0.1159188
-0.06607852 -0.3699353 -0.007792245 57511830 -0.01680923 -0.3191971 0.1159188
-0.06250574 -0.3710686 -0.007786831 57621929 -0.01375328 -0.3196402 0.115844
-0.05892713 -0.3716201 -0.007885121 57732029 -0.01085124 -0.3198913 0.1158852
-0.05892713 -0.3716201 -0.007885121 57842128 -0.01085124 -0.3198913 0.1158852
-0.05522641 -0.3718005 -0.008124638 57962240 -0.00812773 -0.3199797 0.1159824
-0.05164018 -0.3715201 -0.008261166 58072335 -0.005470454 -0.3197671 0.1162227
-0.05164018 -0.3715201 -0.008261166 58202558 -0.005470454 -0.3197671 0.1162227
-0.04784688 -0.3710331 -0.008457323 58292538 -0.002738059 -0.3192922 0.1164199
-0.04382291 -0.3700482 -0.008500392 58412638 0.0001993935 -0.3182673 0.1167474
-0.04382291 -0.3700482 -0.008500392 58542755 0.0001993935 -0.3182673 0.1167474
-0.03956707 -0.369039 -0.008490322 58632844 0.003204934 -0.317019 0.1170912
-0.03527743 -0.3677172 -0.008574506 58742936 0.006338326 -0.3157453 0.1174148
-0.03527743 -0.3677172 -0.008574506 58853035 0.006338326 -0.3157453 0.1174148
-0.03083288 -0.3661072 -0.008667773 58963134 0.009558546 -0.3143073 0.1177899
-0.02640401 -0.3645542 -0.008590057 59083242 0.01274464 -0.3129144 0.1183231
-0.02640401 -0.3645542 -0.008590057 59183336 0.01274464 -0.3129144 0.1183231
-0.02184364 -0.3625391 -0.008501141 59303441 0.01591813 -0.3112741 0.1189829
-0.0172072 -0.360331 -0.008447928 59413544 0.01913538 -0.3095412 0.1196374
-0.0172072 -0.360331 -0.008447928 59523647 0.01913538 -0.3095412 0.1196374
-0.01252676 -0.358026 -0.008355236 59653760 0.02252694 -0.3075858 0.1202265
-0.007932408 -0.3557116 -0.008331505 59743838 0.02612871 -0.3056441 0.120662
-0.007932408 -0.3557116 -0.008331505 59853937 0.02612871 -0.3056441 0.120662
-0.003254517 -0.3534969 -0.008344162 59974045 0.02987317 -0.3036908 0.1209932
0.001540706 -0.3512381 -0.008391283 60084152 0.03361728 -0.3017046 0.1213152
0.001540706 -0.3512381 -0.008391283 60194248 0.03361728 -0.3017046 0.1213152
0.006767276 -0.3490088 -0.00844917 60304343 0.03746753 -0.2996253 0.1216469
0.01242684 -0.3468112 -0.008614105 60424451 0.04135657 -0.2974268 0.1218868
0.01242684 -0.3468112 -0.008614105 60534554 0.04135657 -0.2974268 0.1218868
0.01735454 -0.3450613 -0.008518995 60644657 0.04520769 -0.295623 0.1221956
0.02203442 -0.3430278 -0.008559114 60754753 0.04913437 -0.2939138 0.1224357
0.02203442 -0.3430278 -0.008559114 60864852 0.04913437 -0.2939138 0.1224357
0.02746011 -0.3410992 -0.008720801 60974947 0.05297376 -0.29223 0.1226835
0.03344728 -0.3387569 -0.009174076 61085046 0.05691374 -0.2906658 0.1228972
0.03344728 -0.3387569 -0.009174076 61195150 0.05691374 -0.2906658 0.1228972
0.03863031 -0.336942 -0.0091434 61315254 0.06070172 -0.2892814 0.1233238
0.04372052 -0.335157 -0.009082495 61425353 0.06460883 -0.2878355 0.1236977
0.04372052 -0.335157 -0.009082495 61535456 0.06460883 -0.2878355 0.1236977
0.04860793 -0.3333025 -0.009021436 61645551 0.06864053 -0.2861527 0.1239516
0.05367433 -0.3315493 -0.008962696 61755651 0.07270382 -0.2843324 0.1241338
0.05367433 -0.3315493 -0.008962696 61875763 0.07270382 -0.2843324 0.1241338
0.05883202 -0.3293895 -0.009035979 61985870 0.07671659 -0.2824675 0.1243234
0.06402281 -0.3268099 -0.009193683 62095957 0.08051311 -0.2806583 0.1246134
0.06402281 -0.3268099 -0.009193683 62206065 0.08051311 -0.2806583 0.1246134
0.0691402 -0.324185 -0.009325434 62316160 0.08432072 -0.278794 0.1248962
0.0739297 -0.3216042 -0.00948362 62426259 0.08808544 -0.276744 0.1250282
0.0739297 -0.3216042 -0.00948362 62536358 0.08808544 -0.276744 0.1250282
0.07876448 -0.3186466 -0.009685433 62656462 0.09206738 -0.2742991 0.1250832
0.08372215 -0.3158945 -0.009634667 62766570 0.09608951 -0.2717482 0.1252889
0.08372215 -0.3158945 -0.009634667 62876665 0.09608951 -0.2717482 0.1252889
0.08877293 -0.3128277 -0.009539838 62986768 0.09989261 -0.2691463 0.1256435
0.0940701 -0.3095462 -0.009411227 63096863 0.1034992 -0.2665437 0.1261178
0.0940701 -0.3095462 -0.009411227 63206967 0.1034992 -0.2665437 0.1261178
0.09922308 -0.306346 -0.009266338 63317070 0.1070576 -0.2638244 0.1265157
0.1041888 -0.3034152 -0.009170437 63427161 0.1107329 -0.2609951 0.1267117
0.1041888 -0.3034152 -0.009170437 63537256 0.1107329 -0.2609951 0.1267117
0.1088251 -0.3003141 -0.009167697 63667373 0.1145379 -0.2579494 0.1267692
0.1137405 -0.2972358 -0.009082204 63777473 0.118408 -0.2548826 0.1268982
0.1137405 -0.2972358 -0.009082204 63877567 0.118408 -0.2548826 0.1268982
0.1186068 -0.2939008 -0.009157518 63987662 0.1221414 -0.2519203 0.1269725
0.1236027 -0.290602 -0.009260027 64097761 0.1256941 -0.2490708 0.1270375
0.1236027 -0.290602 -0.009260027 64217870 0.1256941 -0.2490708 0.1270375
0.1287199 -0.2870286 -0.009512679 64327973 0.1292883 -0.2462095 0.1270147
0.1334677 -0.2837414 -0.009683282 64438072 0.1329582 -0.2432698 0.1269477
0.1334677 -0.2837414 -0.009683282 64548175 0.1329582 -0.2432698 0.1269477
0.1385025 -0.2808538 -0.009665908 64658275 0.1366976 -0.2403963 0.1269583
0.1433636 -0.2778276 -0.009544964 64778375 0.1402807 -0.2375306 0.1271038
0.1433636 -0.2778276 -0.009544964 64888474 0.1402807 -0.2375306 0.1271038
0.1478944 -0.2749793 -0.009588709 64998593 0.1436656 -0.2349926 0.1271205
0.1525373 -0.2721381 -0.009540275 65108676 0.1469424 -0.2325269 0.1272292
0.1525373 -0.2721381 -0.009540275 65218776 0.1469424 -0.2325269 0.1272292
0.157392 -0.269322 -0.009389023 65328875 0.1500308 -0.2302033 0.1274385
0.1618433 -0.2667862 -0.009208488 65438970 0.153082 -0.2278459 0.1275875
0.1665781 -0.2641541 -0.00908157 65559090 0.1561188 -0.2254046 0.1276493
0.1665781 -0.2641541 -0.00908157 65669190 0.1561188 -0.2254046 0.1276493
0.1711868 -0.2614773 -0.009035935 65779277 0.1591216 -0.2230125 0.127643
0.1758492 -0.2587264 -0.009030197 65899389 0.1619625 -0.2207085 0.1276008
0.1758492 -0.2587264 -0.009030197 65999475 0.1619625 -0.2207085 0.1276008
0.1805446 -0.2560389 -0.008930538 66109578 0.1646857 -0.2184393 0.1276015
0.1843979 -0.2531703 -0.009250899 66219678 0.1675535 -0.2162055 0.1273365
0.1843979 -0.2531703 -0.009250899 66339782 0.1675535 -0.2162055 0.1273365
0.188291 -0.2502407 -0.009465481 66449885 0.170431 -0.2137358 0.1271166
0.1919407 -0.2475056 -0.009545096 66559980 0.1732819 -0.2111158 0.1269608
0.1919407 -0.2475056 -0.009545096 66670084 0.1732819 -0.2111158 0.1269608
0.1960173 -0.2448985 -0.009246292 66780179 0.1760046 -0.2086319 0.1271006
0.1995777 -0.2419963 -0.009239333 66900287 0.1784268 -0.2060934 0.1270319
0.1995777 -0.2419963 -0.009239333 67010402 0.1784268 -0.2060934 0.1270319
0.2031638 -0.2388987 -0.009158148 67120494 0.1809636 -0.2035215 0.1270837
0.2065057 -0.2354542 -0.009151886 67230585 0.1833903 -0.2009432 0.1271599
0.2065057 -0.2354542 -0.009151886 67340684 0.1833903 -0.2009432 0.1271599
0.2092775 -0.2322891 -0.009117707 67450787 0.1857896 -0.1983615 0.1272768
0.2125982 -0.2288577 -0.009056916 67560882 0.1883908 -0.1955805 0.127372
0.2125982 -0.2288577 -0.009056916 67680991 0.1883908 -0.1955805 0.127372
0.2156786 -0.2254156 -0.009138262 67791094 0.1911063 -0.1926516 0.1273497
0.2189089 -0.2218613 -0.00922896 67901193 0.1936089 -0.1897872 0.1272899
0.2189089 -0.2218613 -0.00922896 68011292 0.1936089 -0.1897872 0.1272899
0.2222084 -0.2184631 -0.009091077 68121388 0.1958442 -0.1870541 0.127381
0.2258648 -0.2144501 -0.009200645 68241512 0.1983083 -0.1840715 0.1272692
0.2258648 -0.2144501 -0.009200645 68341586 0.1983083 -0.1840715 0.1272692
0.2291546 -0.2110619 -0.009236654 68461694 0.2009063 -0.1811239 0.1271891
0.2318023 -0.2079843 -0.009260466 68571797 0.2036717 -0.1782176 0.1272271
0.2318023 -0.2079843 -0.009260466 68681897 0.2036717 -0.1782176 0.1272271
0.234045 -0.2049595 -0.0092568 68791996 0.2064373 -0.1754876 0.1274014
0.2370412 -0.2011837 -0.009337081 68902095 0.2091151 -0.1727081 0.1274676
0.2370412 -0.2011837 -0.009337081 69012190 0.2091151 -0.1727081 0.1274676
0.2401923 -0.197684 -0.009379792 69132299 0.2116334 -0.1699779 0.1274523
0.243264 -0.1944372 -0.009365198 69242398 0.2141101 -0.1671974 0.1274349
0.243264 -0.1944372 -0.009365198 69352501 0.2141101 -0.1671974 0.1274349
0.2460694 -0.1915255 -0.009282582 69462600 0.216601 -0.1644446 0.1274817
0.2490773 -0.1882837 -0.009230277 69572695 0.2192792 -0.1615903 0.1275388
0.2490773 -0.1882837 -0.009230277 69682799 0.2192792 -0.1615903 0.1275388
0.2526292 -0.184121 -0.009141467 69802903 0.2220532 -0.1585118 0.1276632
0.2551478 -0.1806401 -0.009121923 69933020 0.2241949 -0.1557886 0.1277377
0.2551478 -0.1806401 -0.009121923 70023105 0.2241949 -0.1557886 0.1277377
0.2579102 -0.1768525 -0.009234526 70133201 0.2262538 -0.1529865 0.1276396
0.2603301 -0.1731052 -0.009298688 70253313 0.2281765 -0.1501068 0.1276081
0.2603301 -0.1731052 -0.009298688 70353399 0.2281765 -0.1501068 0.1276081
0.2622285 -0.169472 -0.009414896 70473507 0.2300571 -0.1472524 0.1276162
0.2644047 -0.1657991 -0.009368141 70583606 0.2320648 -0.1443681 0.1277489
0.2644047 -0.1657991 -0.009368141 70713724 0.2320648 -0.1443681 0.1277489
0.2661678 -0.1622784 -0.009401683 70803809 0.2337423 -0.1416357 0.127816
0.2684192 -0.1582572 -0.009472533 70913908 0.2351956 -0.138856 0.1277354
0.2684192 -0.1582572 -0.009472533 71024007 0.2351956 -0.138856 0.1277354
0.2703704 -0.1545974 -0.009431026 71144116 0.2364639 -0.1360458 0.1277274
0.2721698 -0.1511986 -0.009491205 71254219 0.2377803 -0.1332757 0.1276305
0.2721698 -0.1511986 -0.009491205 71384332 0.2377803 -0.1332757 0.1276305
0.2737684 -0.1478201 -0.00946799 71474409 0.2390183 -0.1304103 0.127629
0.2752113 -0.1445007 -0.009462708 71584509 0.2401209 -0.1276028 0.1276116
0.2752113 -0.1445007 -0.009462708 71704621 0.2401209 -0.1276028 0.1276116
0.2763326 -0.1411816 -0.009547314 71814720 0.2409874 -0.1249444 0.1275414
0.2773215 -0.1378741 -0.009556471 71924819 0.2416504 -0.1223798 0.1275338
0.2783007 -0.1346144 -0.009557937 72064946 0.2421184 -0.1198384 0.1274776
0.2783007 -0.1346144 -0.009557937 72145018 0.2421184 -0.1198384 0.1274776
0.2791232 -0.1312634 -0.009497034 72255117 0.2425196 -0.1173109 0.127513
0.2796797 -0.1282437 -0.009532124 72395239 0.2429232 -0.1148781 0.1274955
0.2796797 -0.1282437 -0.009532124 72475315 0.2429232 -0.1148781 0.1274955
0.2802898 -0.1253698 -0.009466792 72595424 0.2434558 -0.1123466 0.127573
0.2802898 -0.1253698 -0.009466792 72715532 0.2434558 -0.1123466 0.127573
0.2807691 -0.12249 -0.009505737 72815626 0.2440335 -0.1099201 0.1276027
0.2811788 -0.1196068 -0.009478351 72925721 0.2446181 -0.1075174 0.12772
0.2814485 -0.1168952 -0.009525529 73065852 0.245082 -0.1052805 0.1277654
0.2814485 -0.1168952 -0.009525529 73145924 0.245082 -0.1052805 0.1277654
0.2819347 -0.114176 -0.009397197 73256019 0.2455733 -0.1031563 0.1279442
0.2819347 -0.114176 -0.009397197 73386144 0.2455733 -0.1031563 0.1279442
0.2823716 -0.1116094 -0.009368288 73486235 0.2460895 -0.1011594 0.1280386
0.2827397 -0.1091387 -0.009332498 73596334 0.2467396 -0.09917673 0.1281847
0.2827397 -0.1091387 -0.009332498 73706433 0.2467396 -0.09917673 0.1281847
0.283206 -0.1067211 -0.009409016 73816520 0.2473988 -0.09727629 0.128195
0.2835286 -0.104268 -0.009432736 73926631 0.2482395 -0.0954392 0.128346
0.283636 -0.1021725 -0.009435277 74066750 0.2489672 -0.09367681 0.1285217
0.283636 -0.1021725 -0.009435277 74156831 0.2489672 -0.09367681 0.1285217
0.2843434 -0.09968054 -0.009272243 74266926 0.249742 -0.091922 0.1287451
0.2850626 -0.09711691 -0.009231636 74397047 0.250366 -0.09024894 0.128809
0.2850626 -0.09711691 -0.009231636 74487128 0.250366 -0.09024894 0.128809
0.2857351 -0.09492189 -0.009167043 74597244 0.2510164 -0.08854368 0.1288915
0.2857351 -0.09492189 -0.009167043 74717340 0.2510164 -0.08854368 0.1288915
0.2863749 -0.09254885 -0.009184385 74827431 0.2518348 -0.08672073 0.1289433
0.2870048 -0.09029917 -0.009159116 74937530 0.2527114 -0.08491937 0.1290482
0.2876584 -0.08770079 -0.009078834 75067656 0.2535959 -0.08311873 0.1292143
0.2876584 -0.08770079 -0.009078834 75157729 0.2535959 -0.08311873 0.1292143
0.2884832 -0.08497434 -0.009005474 75267828 0.2543252 -0.08134951 0.1292925
0.2892993 -0.08235071 -0.008959668 75407962 0.2549708 -0.07961243 0.1293165
0.2892993 -0.08235071 -0.008959668 75498040 0.2549708 -0.07961243 0.1293165
0.2899678 -0.07984868 -0.008982946 75608139 0.2556792 -0.07778191 0.1293148
0.2906815 -0.07737216 -0.008992177 75728243 0.2564833 -0.07597227 0.1293363
0.2906815 -0.07737216 -0.008992177 75838342 0.2564833 -0.07597227 0.1293363
0.2912457 -0.07463158 -0.009010131 75938432 0.2574295 -0.07419317 0.1294186
0.2919471 -0.07205287 -0.008906947 76058545 0.2583117 -0.07223313 0.1295664
0.2919471 -0.07205287 -0.008906947 76168644 0.2583117 -0.07223313 0.1295664
0.2924086 -0.06939573 -0.008951196 76278743 0.2590523 -0.0705055 0.1295853
0.2930495 -0.06671848 -0.008836157 76389025 0.2597008 -0.06871115 0.1296923
0.2930495 -0.06671848 -0.008836157 76498937 0.2597008 -0.06871115 0.1296923
0.2935316 -0.06431067 -0.008865764 76609041 0.2602507 -0.06701021 0.129667
0.2939304 -0.06180154 -0.008905953 76719144 0.2608885 -0.06533866 0.1296652
0.2939304 -0.06180154 -0.008905953 76829239 0.2608885 -0.06533866 0.1296652
0.2943844 -0.05933528 -0.008857586 76949351 0.2615596 -0.06377263 0.1297392
0.2947213 -0.05694043 -0.008843335 77059447 0.2622398 -0.06233755 0.1298003
0.2947213 -0.05694043 -0.008843335 77169546 0.2622398 -0.06233755 0.1298003
0.295057 -0.0544055 -0.008801319 77279649 0.2628299 -0.06080517 0.1298591
0.2953642 -0.05220339 -0.00880934 77389740 0.2632414 -0.05946033 0.129833
0.2953642 -0.05220339 -0.00880934 77499840 0.2632414 -0.05946033 0.129833
0.2957483 -0.05005741 -0.008729641 77619952 0.263668 -0.05816195 0.1298756
0.2959777 -0.04774986 -0.00876745 77730047 0.2640926 -0.05690559 0.1298174
0.2959777 -0.04774986 -0.00876745 77840150 0.2640926 -0.05690559 0.1298174
0.2960417 -0.04548954 -0.008802803 77950249 0.2645386 -0.05573171 0.1297933
0.2964427 -0.04311429 -0.00870766 78070358 0.2651219 -0.0545719 0.1298346
0.2964427 -0.04311429 -0.00870766 78180457 0.2651219 -0.0545719 0.1298346
0.2964978 -0.04097204 -0.008705862 78290556 0.2656947 -0.05351261 0.1298587
0.2968211 -0.0387844 -0.008665442 78420673 0.2662406 -0.05240078 0.1298469
0.2968211 -0.0387844 -0.008665442 78510751 0.2662406 -0.05240078 0.1298469
0.2972467 -0.03670656 -0.008575753 78620854 0.2667867 -0.05134811 0.1298586
0.2975362 -0.03461357 -0.008563721 78750967 0.2672944 -0.05030428 0.1298034
0.2975362 -0.03461357 -0.008563721 78841048 0.2672944 -0.05030428 0.1298034
0.2977887 -0.03263017 -0.00851112 78961161 0.2677943 -0.04927506 0.1297984
0.2979209 -0.03048791 -0.00854119 79071264 0.2682261 -0.04830112 0.1296874
0.2979209 -0.03048791 -0.00854119 79181359 0.2682261 -0.04830112 0.1296874
0.2981895 -0.02856508 -0.008445061 79291454 0.2688159 -0.04737496 0.1297201
0.2992977 -0.0262802 -0.008242067 79401553 0.2697215 -0.04642785 0.1296911
0.2992977 -0.0262802 -0.008242067 79521662 0.2697215 -0.04642785 0.1296911
0.2994307 -0.02415322 -0.008241148 79631761 0.2704187 -0.04548036 0.1296345
0.2996547 -0.02227192 -0.008218933 79741864 0.2712775 -0.0446263 0.1296261
0.2996547 -0.02227192 -0.008218933 79851963 0.2712775 -0.0446263 0.1296261
0.2997043 -0.02035318 -0.008240718 79962058 0.272107 -0.04372096 0.1295946
0.2998157 -0.01869428 -0.008279409 80072158 0.2728922 -0.04291093 0.1295426
0.2998157 -0.01869428 -0.008279409 80192270 0.2728922 -0.04291093 0.1295426
0.300162 -0.01662545 -0.008139961 80292356 0.2737539 -0.04192888 0.1295865
0.3001682 -0.01471809 -0.008137317 80412464 0.2745252 -0.04104192 0.1295425
0.3001682 -0.01471809 -0.008137317 80522564 0.2745252 -0.04104192 0.1295425
0.3001288 -0.01299139 -0.008180953 80632667 0.2753175 -0.04038492 0.1294425
0.3002017 -0.01103065 -0.008126645 80742762 0.2761636 -0.03957365 0.1294004
0.3002017 -0.01103065 -0.008126645 80862870 0.2761636 -0.03957365 0.1294004
0.30012 -0.009532147 -0.00818958 80972978 0.2769622 -0.03892693 0.1293091
0.3000006 -0.007903641 -0.008226459 81083069 0.2777284 -0.03832096 0.1291962
0.3000006 -0.007903641 -0.008226459 81193168 0.2777284 -0.03832096 0.1291962
0.300231 -0.006281869 -0.008163788 81303271 0.2784506 -0.03757517 0.1291409
0.3003047 -0.004825654 -0.008125017 81413366 0.2789642 -0.0367585 0.1291015
0.3003047 -0.004825654 -0.008125017 81523470 0.2789642 -0.0367585 0.1291015
0.3001367 -0.003459324 -0.008140548 81633569 0.2793816 -0.03599641 0.1290338
0.3001054 -0.002178303 -0.00813852 81753677 0.2797167 -0.0353428 0.1289405
0.3001054 -0.002178303 -0.00813852 81863772 0.2797167 -0.0353428 0.1289405
0.2999206 -0.001081471 -0.008110279 81973876 0.2799552 -0.03469821 0.1289209
0.2995839 0.0001035499 -0.008058858 82083975 0.2801771 -0.03415271 0.1288941
0.2995839 0.0001035499 -0.008058858 82194074 0.2801771 -0.03415271 0.1288941
0.299336 0.001070553 -0.008077997 82314178 0.280329 -0.03368168 0.1288061
0.2993107 0.001901808 -0.008030709 82424277 0.2805262 -0.03323742 0.1287853
0.2993107 0.001901808 -0.008030709 82534381 0.2805262 -0.03323742 0.1287853
0.2991631 0.002596851 -0.007986601 82644476 0.2806699 -0.03288563 0.1287804
0.2991427 0.003202322 -0.008008195 82754575 0.2808852 -0.03254665 0.1287211
0.2991427 0.003202322 -0.008008195 82864678 0.2808852 -0.03254665 0.1287211
0.2991984 0.003538324 -0.007956486 82974786 0.2810921 -0.03216621 0.1288045
0.2986886 0.004404771 -0.00799506 83094882 0.2813996 -0.03201758 0.1286825
0.2986886 0.004404771 -0.00799506 83204981 0.2813996 -0.03201758 0.1286825
0.2989858 0.003911652 -0.008076465 83315084 0.281536 -0.03164757 0.1288077
0.298499 0.00485965 -0.008034335 83425184 0.2819506 -0.03181843 0.1286665
0.298499 0.00485965 -0.008034335 83535283 0.2819506 -0.03181843 0.1286665
0.2985148 0.005002287 -0.007974435 83655391 0.2819819 -0.03143825 0.1287917
0.2986285 0.004829496 -0.008040476 83765486 0.2821504 -0.03129429 0.1288163
0.2986285 0.004829496 -0.008040476 83875585 0.2821504 -0.03129429 0.1288163
0.2985715 0.005074845 -0.008016962 83985689 0.2823965 -0.0312755 0.128816
0.2985435 0.005162432 -0.007964837 84095788 0.2827979 -0.03133471 0.1288791
0.2985435 0.005162432 -0.007964837 84205883 0.2827979 -0.03133471 0.1288791
0.2987347 0.004824203 -0.007959877 84315982 0.2832162 -0.03154569 0.1289439
