0.0569226 -0.0004815595 -0.006524414 0 0.04508641 9.642362E-05 0.135482
0.0569226 -0.0004815595 -0.006524414 110095 0.04508641 9.642362E-05 0.135482
0.05677756 -0.0004089491 -0.006583835 220195 0.04547897 0.0003712348 0.1354655
0.0567839 -0.0004130579 -0.006561387 340311 0.0457935 0.0007150706 0.1355097
0.0567839 -0.0004130579 -0.006561387 440381 0.0457935 0.0007150706 0.1355097
0.05679407 -0.0003490312 -0.006597025 560497 0.04606125 0.001179556 0.13549
0.0566391 -0.0004501028 -0.006590725 660587 0.04627555 0.001716921 0.1355154
0.0566391 -0.0004501028 -0.006590725 780696 0.04627555 0.001716921 0.1355154
0.05663176 -0.0003827131 -0.006581157 890799 0.04645172 0.002350736 0.1355285
0.056575 -0.0003205434 -0.006544614 1000906 0.04665965 0.002921614 0.135573
0.056575 -0.0003205434 -0.006544614 1110989 0.04665965 0.002921614 0.135573
0.05685531 0.001987562 -0.006611424 1231098 0.04651258 0.003029278 0.1355089
0.05642958 0.003876983 -0.006575056 1331188 0.04662105 0.003401696 0.1355862
0.05642958 0.003876983 -0.006575056 1451296 0.04662105 0.003401696 0.1355862
0.056162 0.005139226 -0.006624597 1571412 0.04660428 0.004111714 0.1355508
0.05598364 0.00590373 -0.006680255 1671494 0.04641085 0.005224766 0.1354962
0.05598364 0.00590373 -0.006680255 1811621 0.04641085 0.005224766 0.1354962
0.05614473 0.005773857 -0.006678392 1891697 0.04629481 0.006445182 0.1354792
0.0563008 0.006966942 -0.006609246 2001796 0.04597541 0.007372071 0.1355156
0.0563008 0.006966942 -0.006609246 2121904 0.04597541 0.007372071 0.1355156
0.05595408 0.008704211 -0.006656371 2242009 0.04568736 0.008060188 0.1354719
0.05547388 0.01000273 -0.006671658 2342111 0.04537624 0.008834072 0.1354654
0.05547388 0.01000273 -0.006671658 2452194 0.04537624 0.008834072 0.1354654
0.05542227 0.01074956 -0.006717747 2562301 0.04522271 0.009735039 0.1354131
0.05524758 0.0105054 -0.006694046 2682418 0.04511906 0.01067039 0.1354454
0.05524758 0.0105054 -0.006694046 2782492 0.04511906 0.01067039 0.1354454
0.05522054 0.0106223 -0.006676903 2902604 0.04506591 0.01153203 0.1354579
0.0551853 0.01237508 -0.006700212 3012711 0.0449648 0.01193957 0.1354321
0.0551853 0.01237508 -0.006700212 3122798 0.0449648 0.01193957 0.1354321
0.05454847 0.01375001 -0.006788019 3232902 0.04495572 0.01224063 0.1353807
0.05408642 0.01527369 -0.006773116 3353010 0.04480805 0.01285394 0.1354039
0.05408642 0.01527369 -0.006773116 3453100 0.04480805 0.01285394 0.1354039
0.05367767 0.01643479 -0.006835806 3573208 0.04467832 0.01356537 0.1353508
0.05317765 0.01763 -0.00681186 3703342 0.0443952 0.01437119 0.1353799
0.05317765 0.01763 -0.00681186 3793403 0.0443952 0.01437119 0.1353799
0.05277415 0.01872789 -0.006621649 3903502 0.04394015 0.01521501 0.1355609
0.05237245 0.02014582 -0.00668354 4013601 0.04355972 0.01611662 0.1354866
0.05237245 0.02014582 -0.00668354 4123700 0.04355972 0.01611662 0.1354866
0.05179438 0.02169441 -0.00680462 4243809 0.04312035 0.01711154 0.1353573
0.05098753 0.0231625 -0.006888413 4353916 0.04259012 0.01812406 0.1352747
0.05098753 0.0231625 -0.006888413 4474024 0.04259012 0.01812406 0.1352747
0.0501457 0.02464052 -0.006881259 4574118 0.04199036 0.01923647 0.1352825
0.04950514 0.02604399 -0.006969652 4694239 0.04139929 0.02033651 0.1351851
0.04911326 0.02723627 -0.006715969 4814339 0.04075259 0.02134946 0.1354167
0.04911326 0.02723627 -0.006715969 4914413 0.04075259 0.02134946 0.1354167
0.04790878 0.02906705 -0.006799248 5024520 0.03997475 0.0224443 0.1353255
0.04790878 0.02906705 -0.006799248 5134620 0.03997475 0.0224443 0.1353255
0.04695703 0.03068326 -0.006840523 5254744 0.03925665 0.02358409 0.1352741
0.04560622 0.03233283 -0.006765651 5364835 0.03822864 0.0248513 0.1353465
0.04560622 0.03233283 -0.006765651 5464913 0.03822864 0.0248513 0.1353465
0.04455669 0.03384222 -0.006938874 5585029 0.03734766 0.02617354 0.1351719
0.04366155 0.03555972 -0.006908705 5695117 0.036454 0.02749868 0.1351804
0.04366155 0.03555972 -0.006908705 5805216 0.036454 0.02749868 0.1351804
0.04210136 0.03702929 -0.006771578 5915319 0.03528365 0.02864749 0.1353182
0.04063071 0.03882705 -0.006891554 6035443 0.03421171 0.02994704 0.1351866
0.03880521 0.04034253 -0.00687598 6145535 0.03281628 0.0311574 0.1352015
0.03880521 0.04034253 -0.00687598 6275648 0.03281628 0.0311574 0.1352015
0.03692466 0.0417728 -0.006892609 6365737 0.03134733 0.03240376 0.1351897
0.03692466 0.0417728 -0.006892609 6475824 0.03134733 0.03240376 0.1351897
0.03595497 0.04301391 -0.006892759 6585927 0.02999791 0.03362704 0.1351729
0.03411816 0.04428858 -0.006874295 6706028 0.02845029 0.03467754 0.1351882
0.03411816 0.04428858 -0.006874295 6806126 0.02845029 0.03467754 0.1351882
0.03277529 0.04527804 -0.006865612 6926238 0.02701984 0.03555915 0.135186
0.03093072 0.0463688 -0.006802646 7036341 0.02548795 0.03638702 0.1352431
0.03093072 0.0463688 -0.006802646 7146437 0.02548795 0.03638702 0.1352431
0.02912972 0.04765555 -0.006887063 7256524 0.02389707 0.0373032 0.1351401
0.02693345 0.04860541 -0.006846143 7376656 0.02214124 0.03807801 0.1351836
0.02693345 0.04860541 -0.006846143 7476726 0.02214124 0.03807801 0.1351836
0.02491199 0.04953161 -0.006816383 7596830 0.02025209 0.03887042 0.1352078
0.02264882 0.05062153 -0.006916882 7726948 0.01824457 0.03966967 0.1350933
0.02264882 0.05062153 -0.006916882 7817033 0.01824457 0.03966967 0.1350933
0.020198 0.05135554 -0.006890391 7927128 0.01613219 0.04021845 0.1351155
0.01855776 0.0520126 -0.006894278 8037243 0.01428463 0.04073879 0.1350948
0.01855776 0.0520126 -0.006894278 8147327 0.01428463 0.04073879 0.1350948
0.01609367 0.05271342 -0.006854917 8267443 0.01218969 0.04111578 0.1351187
0.01342902 0.05355881 -0.0068589 8367525 0.009838708 0.04151499 0.1350858
0.01098706 0.05411084 -0.006780888 8487645 0.007525431 0.04181073 0.1351451
0.01098706 0.05411084 -0.006780888 8597732 0.007525431 0.04181073 0.1351451
0.008922771 0.05477029 -0.006914059 8707832 0.005260758 0.04217613 0.1349811
0.006629926 0.05508 -0.006794854 8837953 0.002961414 0.04237766 0.1350904
0.006629926 0.05508 -0.006794854 8938039 0.002961414 0.04237766 0.1350904
0.004353025 0.05492798 -0.006706975 9048150 0.0006485345 0.04247342 0.1351994
0.001894464 0.05506304 -0.006789009 9158238 -0.001713175 0.04264349 0.1351229
0.001894464 0.05506304 -0.006789009 9268345 -0.001713175 0.04264349 0.1351229
-0.0009817994 0.05501393 -0.006809392 9378639 -0.004073169 0.0425786 0.1351134
-0.00306476 0.05474342 -0.006830712 9488543 -0.006276906 0.04245317 0.135102
-0.00306476 0.05474342 -0.006830712 9608652 -0.006276906 0.04245317 0.135102
-0.005527009 0.05429663 -0.006778109 9718755 -0.008606423 0.04213088 0.1351682
-0.008128149 0.05385992 -0.006723113 9828850 -0.01081946 0.04175732 0.1352365
-0.008128149 0.05385992 -0.006723113 9938953 -0.01081946 0.04175732 0.1352365
-0.01006033 0.05322068 -0.006749115 10059049 -0.01286549 0.0412736 0.1352215
-0.01255757 0.05252726 -0.006631069 10159148 -0.01510184 0.04061753 0.1353475
-0.01255757 0.05252726 -0.006631069 10299270 -0.01510184 0.04061753 0.1353475
-0.01458961 0.05187729 -0.006783046 10389363 -0.01714876 0.03998998 0.1351972
-0.01698413 0.05121591 -0.006723028 10499446 -0.01939857 0.0392416 0.1352525
-0.01698413 0.05121591 -0.006723028 10609541 -0.01939857 0.0392416 0.1352525
-0.01862909 0.05044913 -0.006757324 10719661 -0.02134264 0.03844437 0.1352102
-0.02075079 0.04941547 -0.006710939 10829764 -0.02359314 0.037573 0.1352677
-0.02075079 0.04941547 -0.006710939 10939859 -0.02359314 0.037573 0.1352677
-0.02228024 0.04828592 -0.006615352 11049942 -0.02557604 0.03667236 0.1353724
-0.02453228 0.04720345 -0.006631238 11170055 -0.02763383 0.03574341 0.1353734
-0.02453228 0.04720345 -0.006631238 11270145 -0.02763383 0.03574341 0.1353734
-0.02603471 0.0458662 -0.006556913 11400266 -0.02949428 0.03461573 0.1354561
-0.02823905 0.04480713 -0.006628256 11500365 -0.03148684 0.03351597 0.1353866
-0.02823905 0.04480713 -0.006628256 11610456 -0.03148684 0.03351597 0.1353866
-0.02960927 0.04344973 -0.006564032 11720551 -0.03321433 0.03233729 0.1354563
-0.03154359 0.04226154 -0.00656664 11840671 -0.03495654 0.03119397 0.135462
-0.03154359 0.04226154 -0.00656664 11950758 -0.03495654 0.03119397 0.135462
-0.03317508 0.04077297 -0.00659274 12060857 -0.03653239 0.02990227 0.1354524
-0.03455693 0.03931251 -0.006475131 12170965 -0.03804534 0.02855834 0.1355757
-0.03455693 0.03931251 -0.006475131 12281076 -0.03804534 0.02855834 0.1355757
-0.03637785 0.03810076 -0.006473965 12401176 -0.03962239 0.02719839 0.1355713
-0.03793631 0.03653846 -0.006463165 12511272 -0.04133318 0.02579174 0.1355904
-0.03793631 0.03653846 -0.006463165 12621367 -0.04133318 0.02579174 0.1355904
-0.03917231 0.03512079 -0.006530672 12731466 -0.04271019 0.02439396 0.135521
-0.04072225 0.03362138 -0.006587383 12841573 -0.04413397 0.02298026 0.1354738
-0.04134345 0.03149907 -0.006415732 12951664 -0.0453361 0.02140025 0.1356699
-0.04134345 0.03149907 -0.006415732 13061755 -0.0453361 0.02140025 0.1356699
-0.04229031 0.02969533 -0.006431349 13171859 -0.04641821 0.01987593 0.13567
-0.04229031 0.02969533 -0.006431349 13291967 -0.04641821 0.01987593 0.13567
-0.04310086 0.02761053 -0.006425779 13402066 -0.04731453 0.01822522 0.1357024
-0.0437026 0.02561733 -0.006476669 13532183 -0.04807476 0.01654465 0.135667
-0.0437026 0.02561733 -0.006476669 13622261 -0.04807476 0.01654465 0.135667
-0.04423738 0.02339275 -0.006503403 13732376 -0.04878788 0.01480071 0.1356645
-0.04526116 0.02113552 -0.006506048 13842463 -0.04957573 0.01302478 0.1356975
-0.04526116 0.02113552 -0.006506048 13962575 -0.04957573 0.01302478 0.1356975
-0.04579998 0.01885114 -0.00645986 14072687 -0.05018071 0.0112865 0.1357718
-0.04601237 0.01640324 -0.006206916 14182782 -0.05068422 0.009365342 0.1360425
-0.04601237 0.01640324 -0.006206916 14292865 -0.05068422 0.009365342 0.1360425
-0.04646913 0.01406453 -0.00621809 14402976 -0.05108389 0.007381562 0.1360503
-0.04700211 0.01208238 -0.006400029 14513080 -0.05128862 0.005499567 0.1358833
-0.04700211 0.01208238 -0.006400029 14643181 -0.05128862 0.005499567 0.1358833
-0.04738188 0.009729868 -0.006418518 14743542 -0.05150441 0.003459443 0.1358838
-0.04743769 0.007197349 -0.006394409 14853382 -0.05160524 0.001491942 0.1359304
-0.04743769 0.007197349 -0.006394409 14963477 -0.05160524 0.001491942 0.1359304
-0.0475231 0.005021838 -0.006396336 15073573 -0.0517166 -0.0004971763 0.135935
-0.04760016 0.002502237 -0.006325914 15183664 -0.05172988 -0.002492198 0.1360267
-0.04760016 0.002502237 -0.006325914 15293771 -0.05172988 -0.002492198 0.1360267
-0.04763524 0.0002883377 -0.006346202 15413883 -0.05172848 -0.004475044 0.1360153
-0.04743977 -0.002001525 -0.006332883 15523974 -0.05155835 -0.006460324 0.1360378
-0.04743977 -0.002001525 -0.006332883 15634086 -0.05155835 -0.006460324 0.1360378
-0.0474044 -0.004198555 -0.006469034 15744173 -0.05126166 -0.008418958 0.1359162
-0.04715348 -0.006402818 -0.00651601 15854272 -0.0510214 -0.01042949 0.1358746
-0.04715348 -0.006402818 -0.00651601 15964375 -0.0510214 -0.01042949 0.1358746
-0.04673758 -0.008633222 -0.006460276 16084496 -0.05053258 -0.01239062 0.1359396
-0.04679833 -0.01060682 -0.006599302 16194599 -0.05002672 -0.01432708 0.1358155
-0.04679833 -0.01060682 -0.006599302 16294819 -0.05002672 -0.01432708 0.1358155
-0.04591094 -0.01305085 -0.006509166 16424786 -0.04924018 -0.01623621 0.1359163
-0.04548663 -0.01554967 -0.006427476 16524885 -0.04849061 -0.01818896 0.1360164
-0.04548663 -0.01554967 -0.006427476 16634984 -0.04849061 -0.01818896 0.1360164
-0.04494049 -0.01837186 -0.006601236 16755092 -0.04762032 -0.0201342 0.1358627
-0.04418288 -0.02120822 -0.006575918 16865203 -0.04676759 -0.0220645 0.1358981
-0.04418288 -0.02120822 -0.006575918 16975295 -0.04676759 -0.0220645 0.1358981
-0.04358062 -0.02353681 -0.006623804 17095395 -0.04577007 -0.02404834 0.1358584
-0.04242258 -0.02620805 -0.006576851 17195489 -0.04457501 -0.02620641 0.1359069
-0.04242258 -0.02620805 -0.006576851 17305584 -0.04457501 -0.02620641 0.1359069
-0.04185789 -0.02822303 -0.00662632 17425688 -0.04336742 -0.02819387 0.1358657
-0.04048788 -0.03053483 -0.006532154 17535788 -0.04207108 -0.03017836 0.1359586
-0.03971353 -0.03264894 -0.006610957 17645903 -0.04079545 -0.03198128 0.1358834
-0.03971353 -0.03264894 -0.006610957 17756018 -0.04079545 -0.03198128 0.1358834
-0.03822155 -0.03525582 -0.006637906 17866085 -0.03952835 -0.03360604 0.1358466
-0.03628681 -0.03778982 -0.006731888 17996207 -0.03804945 -0.03516219 0.135733
-0.03628681 -0.03778982 -0.006731888 18096301 -0.03804945 -0.03516219 0.135733
-0.03511409 -0.0403582 -0.006570666 18206392 -0.03669644 -0.03682907 0.1358768
-0.03511409 -0.0403582 -0.006570666 18306486 -0.03669644 -0.03682907 0.1358768
-0.03337647 -0.04256551 -0.006716181 18426602 -0.03488255 -0.03866357 0.1357224
-0.03258095 -0.04421869 -0.006643902 18536698 -0.03323774 -0.04036366 0.1358024
-0.03258095 -0.04421869 -0.006643902 18646793 -0.03323774 -0.04036366 0.1358024
-0.03064398 -0.04617693 -0.006770591 18766905 -0.03131228 -0.04200779 0.1356669
-0.02832015 -0.04834426 -0.006673348 18877008 -0.029453 -0.04346981 0.1357388
-0.02832015 -0.04834426 -0.006673348 18987095 -0.029453 -0.04346981 0.1357388
-0.0267366 -0.05002022 -0.006715916 19107212 -0.02779482 -0.0446371 0.1356785
-0.02423837 -0.05203085 -0.006616884 19207298 -0.02587585 -0.04573791 0.1357347
-0.02423837 -0.05203085 -0.006616884 19317401 -0.02587585 -0.04573791 0.1357347
-0.02193709 -0.05373088 -0.006702323 19457528 -0.02370106 -0.04690912 0.1356234
-0.02034392 -0.05451217 -0.006706734 19547617 -0.02157202 -0.04790215 0.1356346
-0.01843211 -0.05566461 -0.006734128 19657712 -0.01948637 -0.04896151 0.1356042
-0.01843211 -0.05566461 -0.006734128 19767807 -0.01948637 -0.04896151 0.1356042
-0.01615761 -0.05661587 -0.006768413 19877919 -0.01722605 -0.04978411 0.1355638
-0.01615761 -0.05661587 -0.006768413 19988014 -0.01722605 -0.04978411 0.1355638
-0.01335668 -0.05792934 -0.006732425 20098113 -0.01508335 -0.05055837 0.1355663
-0.01055362 -0.05918681 -0.006776564 20218221 -0.01282565 -0.05121827 0.1354823
-0.008625071 -0.0597769 -0.006746174 20328316 -0.01053568 -0.05172116 0.1355131
-0.008625071 -0.0597769 -0.006746174 20438416 -0.01053568 -0.05172116 0.1355131
-0.005817595 -0.06064723 -0.006712081 20548511 -0.008103501 -0.05226256 0.1355226
-0.003579752 -0.06104876 -0.00676963 20658606 -0.005743876 -0.05264259 0.1354657
-0.003579752 -0.06104876 -0.00676963 20768713 -0.005743876 -0.05264259 0.1354657
-0.001986239 -0.06096793 -0.006767388 20888830 -0.003600695 -0.05275058 0.1354863
0.0008316383 -0.06106343 -0.006870937 20988908 -0.001234308 -0.05282961 0.135376
0.0008316383 -0.06106343 -0.006870937 21109020 -0.001234308 -0.05282961 0.135376
0.002920397 -0.06136621 -0.006639397 21239141 0.0009201792 -0.05292355 0.1355962
0.0053359 -0.06142474 -0.006766037 21329206 0.00316451 -0.05295125 0.1354652
0.0053359 -0.06142474 -0.006766037 21439314 0.00316451 -0.05295125 0.1354652
0.007858681 -0.06147675 -0.00686531 21549409 0.005416491 -0.05296079 0.135359
0.01001692 -0.06143222 -0.006635779 21669521 0.00756531 -0.05288268 0.1355864
0.01001692 -0.06143222 -0.006635779 21769611 0.00756531 -0.05288268 0.1355864
0.01238279 -0.06132415 -0.006760009 21889724 0.009796998 -0.05272668 0.1354569
0.01486613 -0.06130422 -0.006869077 21999827 0.01196844 -0.05255667 0.1353327
0.01486613 -0.06130422 -0.006869077 22109918 0.01196844 -0.05255667 0.1353327
0.01727168 -0.06124587 -0.006811997 22230200 0.01405472 -0.0522369 0.1353665
0.01862852 -0.06041364 -0.006821549 22340129 0.01590927 -0.05175469 0.1353891
0.01862852 -0.06041364 -0.006821549 22450225 0.01590927 -0.05175469 0.1353891
0.02101248 -0.06019806 -0.006754183 22560328 0.01792362 -0.05140889 0.135441
0.02323149 -0.05939327 -0.006903216 22680440 0.01998291 -0.05087546 0.1353049
0.02323149 -0.05939327 -0.006903216 22780522 0.01998291 -0.05087546 0.1353049
0.0250587 -0.05865112 -0.006992476 22890634 0.02191487 -0.05029672 0.1352277
0.0267518 -0.05784342 -0.006840663 23010730 0.02353789 -0.04961759 0.1353855
0.0267518 -0.05784342 -0.006840663 23120825 0.02353789 -0.04961759 0.1353855
0.02894443 -0.05713168 -0.006772482 23230932 0.02514826 -0.04882572 0.1354346
0.03075265 -0.05583607 -0.006887847 23341035 0.0266987 -0.04783789 0.1353297
0.03075265 -0.05583607 -0.006887847 23451119 0.0266987 -0.04783789 0.1353297
0.03279885 -0.05477555 -0.006865647 23571227 0.02820992 -0.04680633 0.1353374
0.03450372 -0.05345051 -0.006824246 23671333 0.02957786 -0.0457156 0.1353804
0.03450372 -0.05345051 -0.006824246 23791425 0.02957786 -0.0457156 0.1353804
0.03601751 -0.05172749 -0.006913806 23901528 0.03093076 -0.04447338 0.1353105
0.03805406 -0.05004579 -0.006886239 24011636 0.03218773 -0.04316479 0.1353266
0.03805406 -0.05004579 -0.006886239 24121727 0.03218773 -0.04316479 0.1353266
0.03927858 -0.04812143 -0.006765975 24232102 0.03319462 -0.04165604 0.1354572
0.04107794 -0.04612426 -0.006766578 24351934 0.03428104 -0.0400817 0.1354429
0.04107794 -0.04612426 -0.006766578 24452021 0.03428104 -0.0400817 0.1354429
0.04255311 -0.04433987 -0.006766806 24572141 0.03534641 -0.03843002 0.1354281
0.04413076 -0.04215203 -0.00673408 24682232 0.03634559 -0.03678234 0.1354518
0.04546483 -0.0400261 -0.006854696 24792335 0.03741004 -0.03518435 0.1353351
0.04546483 -0.0400261 -0.006854696 24932454 0.03741004 -0.03518435 0.1353351
0.04654918 -0.03788674 -0.006810507 25012534 0.03827822 -0.03350484 0.1353818
0.04786196 -0.03565741 -0.00681112 25122629 0.0391226 -0.03181632 0.1353688
0.04786196 -0.03565741 -0.00681112 25242745 0.0391226 -0.03181632 0.1353688
0.04901775 -0.03345934 -0.006775345 25352832 0.03994211 -0.02991256 0.1353911
0.04901775 -0.03345934 -0.006775345 25462944 0.03994211 -0.02991256 0.1353911
0.04991157 -0.03119637 -0.006765219 25573035 0.04050471 -0.02787404 0.1353851
0.05095353 -0.02898556 -0.006767821 25703152 0.04104032 -0.02582837 0.1353519
0.05095353 -0.02898556 -0.006767821 25803259 0.04104032 -0.02582837 0.1353519
0.05181088 -0.0263361 -0.006800276 25913337 0.04153155 -0.02376633 0.1353052
0.05212459 -0.02376955 -0.006783915 26023453 0.04190663 -0.02175032 0.135335
0.05212459 -0.02376955 -0.006783915 26133536 0.04190663 -0.02175032 0.135335
0.05264646 -0.02085271 -0.006846419 26253652 0.04229453 -0.01981556 0.1352733
0.05308439 -0.01836912 -0.006867722 26353738 0.04267882 -0.0177594 0.1352506
0.05372468 -0.0163052 -0.006815741 26473843 0.0429164 -0.01581878 0.1352729
0.05372468 -0.0163052 -0.006815741 26583954 0.0429164 -0.01581878 0.1352729
0.05437121 -0.01335602 -0.006736782 26694118 0.04321418 -0.01374415 0.1353253
0.05437121 -0.01335602 -0.006736782 26804144 0.04321418 -0.01374415 0.1353253
0.05493367 -0.0108354 -0.006694581 26914260 0.04346362 -0.01193481 0.1353388
0.05557111 -0.00891852 -0.006660187 27024351 0.04376965 -0.01019395 0.1353446
0.05557111 -0.00891852 -0.006660187 27134446 0.04376965 -0.01019395 0.1353446
0.05615908 -0.007205396 -0.006632836 27244537 0.04392405 -0.008446441 0.1353355
0.05658436 -0.005481333 -0.006623772 27364654 0.04399437 -0.006887035 0.135312
0.05658436 -0.005481333 -0.006623772 27464748 0.04399437 -0.006887035 0.135312
0.05663806 -0.003614707 -0.006555977 27584848 0.04391108 -0.005631193 0.1353602
0.0566987 -0.001629969 -0.006541457 27694959 0.04388877 -0.004733539 0.1353477
0.0565988 0.0009292827 -0.006328251 27805059 0.04367197 -0.004544354 0.1354786
0.0565988 0.0009292827 -0.006328251 27925151 0.04367197 -0.004544354 0.1354786
0.05781841 0.002204606 -0.004793694 28035270 0.04320423 -0.004444165 0.1367989
0.05936003 0.002771582 -0.001189812 28145361 0.04168703 -0.004576072 0.140019
0.05936003 0.002771582 -0.001189812 28265461 0.04168703 -0.004576072 0.140019
0.06128638 0.003142839 0.005269204 28375569 0.03889139 -0.00521747 0.1457499
0.06321226 0.002795757 0.01453717 28475663 0.03505241 -0.006528814 0.1539155
0.06321226 0.002795757 0.01453717 28615773 0.03505241 -0.006528814 0.1539155
