0.3107759 0.001813384 -0.005445769 0 0.22907 -0.004259683 0.1111454
0.3105389 0.001798554 -0.005552055 110018 0.2290569 -0.003980201 0.1112106
0.3106554 0.001814663 -0.005488352 220109 0.2291137 -0.003891458 0.1112362
0.3106554 0.001814663 -0.005488352 330212 0.2291137 -0.003891458 0.1112362
0.3102506 0.001643211 -0.005700178 440312 0.2289408 -0.003805225 0.1111984
0.3103354 0.001547849 -0.005629092 550407 0.2289176 -0.003710459 0.111203
0.3103354 0.001547849 -0.005629092 670701 0.2289176 -0.003710459 0.111203
0.3108527 0.001422398 -0.005259104 770613 0.2289868 -0.003649991 0.1112677
0.3109531 0.001479184 -0.005232037 890722 0.2288886 -0.003588918 0.1111552
0.3109531 0.001479184 -0.005232037 1000837 0.2288886 -0.003588918 0.1111552
0.3112319 0.001791028 -0.004990536 1120925 0.2288621 -0.003449833 0.1111731
0.3112203 0.001716456 -0.005096737 1231032 0.2287956 -0.003590311 0.1110249
0.3112203 0.001716456 -0.005096737 1361141 0.2287956 -0.003590311 0.1110249
0.3112897 0.001742217 -0.005017362 1451235 0.2287073 -0.003561478 0.1109924
0.311154 0.001532161 -0.005089916 1561322 0.2285601 -0.00353128 0.1109224
0.311154 0.001532161 -0.005089916 1671559 0.2285601 -0.00353128 0.1109224
0.3112344 0.001505499 -0.005102442 1791724 0.2286464 -0.00334253 0.1109232
0.3113385 0.001804885 -0.00496545 1891624 0.2289033 -0.00287486 0.1111759
0.3113385 0.001804885 -0.00496545 2001723 0.2289033 -0.00287486 0.1111759
0.3110153 0.001666191 -0.005160572 2121843 0.2291924 -0.002486338 0.1114328
0.3108613 0.001696481 -0.005242811 2231938 0.2296254 -0.001783625 0.1117823
0.3108613 0.001696481 -0.005242811 2342038 0.2296254 -0.001783625 0.1117823
0.3104717 0.001706719 -0.005420807 2452137 0.230001 -0.0009961053 0.1121522
0.3104861 0.002004452 -0.005478637 2562244 0.2304461 -0.0004241336 0.1123939
0.3104861 0.002004452 -0.005478637 2682332 0.2304461 -0.0004241336 0.1123939
0.3101873 0.003998358 -0.005798562 2802444 0.2303362 4.928755E-05 0.1121609
0.3105673 0.004939117 -0.005604925 2902547 0.2307718 0.001328714 0.112403
0.3105673 0.004939117 -0.005604925 3022655 0.2307718 0.001328714 0.112403
0.3108091 0.006309302 -0.005504923 3122984 0.2310081 0.00296096 0.1125071
0.3112453 0.007403575 -0.005355318 3232828 0.2313321 0.004335161 0.1125884
0.3112453 0.007403575 -0.005355318 3353155 0.2313321 0.004335161 0.1125884
0.3110101 0.009276428 -0.005690106 3463052 0.2315031 0.006019657 0.1125227
0.3110394 0.0108586 -0.005730053 3563130 0.2318485 0.007483113 0.1126915
0.3110394 0.0108586 -0.005730053 3683234 0.2318485 0.007483113 0.1126915
0.3110266 0.0131935 -0.005830822 3793528 0.2321161 0.009192689 0.1127582
0.3114443 0.01523306 -0.005586237 3913454 0.2324515 0.0110775 0.1129428
0.3114443 0.01523306 -0.005586237 4013528 0.2324515 0.0110775 0.1129428
0.3115699 0.01753558 -0.005727503 4133648 0.2326272 0.01290063 0.1128171
0.3119973 0.01986946 -0.005426025 4233734 0.2329469 0.01501987 0.1130382
0.3119973 0.01986946 -0.005426025 4353851 0.2329469 0.01501987 0.1130382
0.3122811 0.02198503 -0.005359709 4473963 0.2333063 0.01684966 0.1131428
0.3113129 0.02443524 -0.005999788 4574033 0.2332116 0.01882857 0.113059
0.3113129 0.02443524 -0.005999788 4694145 0.2332116 0.01882857 0.113059
0.3115563 0.02710533 -0.005851713 4804439 0.2335314 0.02106825 0.1132361
0.3118573 0.02967749 -0.005554161 4914810 0.2337691 0.02335979 0.1134776
0.3118573 0.02967749 -0.005554161 5034456 0.2337691 0.02335979 0.1134776
0.3111777 0.03220655 -0.005860451 5144567 0.2336595 0.0257715 0.1135371
0.3110403 0.03493941 -0.005835495 5244641 0.2336777 0.02802942 0.1136364
0.3110403 0.03493941 -0.005835495 5354741 0.2336777 0.02802942 0.1136364
0.310196 0.03777422 -0.006151765 5474849 0.233497 0.03047208 0.1137239
0.3100064 0.04085643 -0.006210389 5584944 0.2334791 0.03294023 0.1137361
0.3100064 0.04085643 -0.006210389 5685038 0.2334791 0.03294023 0.1137361
0.3100189 0.04403263 -0.005933854 5805163 0.2334474 0.03555397 0.113946
0.3100067 0.04702186 -0.005761099 5915363 0.2333967 0.03820541 0.1140697
0.3100067 0.04702186 -0.005761099 6025543 0.2333967 0.03820541 0.1140697
0.3095156 0.04990133 -0.005695024 6145453 0.2330954 0.04069911 0.114228
0.3082959 0.05340427 -0.006072351 6245539 0.2324919 0.04332406 0.1141707
0.3082959 0.05340427 -0.006072351 6365672 0.2324919 0.04332406 0.1141707
0.3073927 0.05604313 -0.00625828 6475747 0.2320452 0.04574547 0.114253
0.3072881 0.05919898 -0.006023708 6585878 0.2317139 0.04834633 0.1142967
0.3072881 0.05919898 -0.006023708 6695949 0.2317139 0.04834633 0.1142967
0.3067975 0.06251207 -0.005936793 6806053 0.2313256 0.05097795 0.1143845
0.3055526 0.06572901 -0.006261933 6916164 0.2306987 0.05368862 0.1143954
0.3055526 0.06572901 -0.006261933 7036260 0.2306987 0.05368862 0.1143954
0.3047048 0.06888847 -0.006228247 7146359 0.2301735 0.05635867 0.1145787
0.3037315 0.0718395 -0.006396218 7256458 0.229529 0.05885719 0.1145653
0.3037315 0.0718395 -0.006396218 7366554 0.229529 0.05885719 0.1145653
0.3031944 0.07567762 -0.00642732 7476811 0.2289159 0.06154666 0.1143587
0.3025536 0.07910839 -0.006331262 7606782 0.2282629 0.06429221 0.1143651
0.3025536 0.07910839 -0.006331262 7706877 0.2282629 0.06429221 0.1143651
0.3018419 0.08272424 -0.006262187 7817118 0.2276824 0.06732043 0.1144414
0.3002629 0.08635251 -0.006532412 7927071 0.2267059 0.07035554 0.1144623
0.3002629 0.08635251 -0.006532412 8037158 0.2267059 0.07035554 0.1144623
0.3002217 0.0909702 -0.006191982 8147273 0.2259455 0.07343062 0.1141477
0.2989137 0.09485019 -0.006264635 8257519 0.2249958 0.07653882 0.1141807
0.2989137 0.09485019 -0.006264635 8367464 0.2249958 0.07653882 0.1141807
0.2970442 0.0986685 -0.006528761 8487572 0.2238083 0.07974352 0.1142379
0.2958148 0.1023897 -0.006563439 8597667 0.2228578 0.08290479 0.114283
0.29524 0.1065124 -0.006311127 8727793 0.2220605 0.08621164 0.1142662
0.29524 0.1065124 -0.006311127 8817866 0.2220605 0.08621164 0.1142662
0.2932094 0.1101746 -0.006641316 8927961 0.2208845 0.08945182 0.1143791
0.2917056 0.1138754 -0.006767826 9048069 0.2198518 0.09257211 0.1144322
0.2917056 0.1138754 -0.006767826 9168335 0.2198518 0.09257211 0.1144322
0.2905533 0.1178332 -0.006609659 9268272 0.2189117 0.09570644 0.1145685
0.2891648 0.1219471 -0.006621273 9378379 0.2178416 0.09888162 0.1145696
0.2891648 0.1219471 -0.006621273 9508500 0.2178416 0.09888162 0.1145696
0.2875976 0.1255469 -0.006682629 9598569 0.2167812 0.1019709 0.1147071
0.2859041 0.1290242 -0.006753581 9708677 0.2156664 0.1051112 0.1149061
0.2859041 0.1290242 -0.006753581 9828777 0.2156664 0.1051112 0.1149061
0.2841059 0.1329107 -0.00684284 9938953 0.214467 0.1081743 0.1149964
0.2826113 0.1368326 -0.00665233 10048983 0.213336 0.1112707 0.1152237
0.2826113 0.1368326 -0.00665233 10159074 0.213336 0.1112707 0.1152237
0.2806848 0.1406302 -0.006679653 10269186 0.2119628 0.1142694 0.1153394
0.2786855 0.1444221 -0.006664074 10379285 0.2104283 0.1171494 0.1154154
0.2786855 0.1444221 -0.006664074 10499563 0.2104283 0.1171494 0.1154154
0.2767482 0.1484473 -0.006610701 10609480 0.2088147 0.1201566 0.1154177
0.2743767 0.1519874 -0.006806928 10719588 0.2070418 0.1229943 0.1153882
0.2743767 0.1519874 -0.006806928 10829675 0.2070418 0.1229943 0.1153882
0.2718936 0.1556556 -0.006914082 10939823 0.2052749 0.125975 0.1155084
0.2695059 0.159662 -0.006747151 11049877 0.2034599 0.1290482 0.1157558
0.2695059 0.159662 -0.006747151 11169981 0.2034599 0.1290482 0.1157558
0.2670983 0.1633584 -0.006721701 11280085 0.2015961 0.1320329 0.1158933
0.2646159 0.167247 -0.006642827 11390184 0.199603 0.134973 0.1159866
0.2646159 0.167247 -0.006642827 11500295 0.199603 0.134973 0.1159866
0.2615645 0.1708602 -0.006763552 11610378 0.1973693 0.1379439 0.1161256
0.2584857 0.1743939 -0.006888572 11720490 0.1950409 0.1408495 0.1162202
0.2584857 0.1743939 -0.006888572 11840590 0.1950409 0.1408495 0.1162202
0.2554536 0.1781283 -0.006905916 11950689 0.1927284 0.1437876 0.116352
0.2524851 0.1819963 -0.00684489 12070805 0.1903202 0.1468359 0.1164658
0.2524851 0.1819963 -0.00684489 12170912 0.1903202 0.1468359 0.1164658
0.2494263 0.1855067 -0.006730835 12280983 0.1879295 0.1496319 0.116709
0.246231 0.1887733 -0.006729019 12411112 0.1854475 0.1522929 0.1168865
0.246231 0.1887733 -0.006729019 12511356 0.1854475 0.1522929 0.1168865
0.2428053 0.1921371 -0.006681744 12631622 0.1828491 0.154984 0.1171373
0.2390377 0.1950768 -0.00692027 12731401 0.1801169 0.1574136 0.1172412
0.2390377 0.1950768 -0.00692027 12841500 0.1801169 0.1574136 0.1172412
0.2349821 0.198169 -0.00707672 12962285 0.1772182 0.159773 0.1174035
0.2315993 0.2015485 -0.006916177 13061702 0.1743797 0.1623687 0.1175712
0.2315993 0.2015485 -0.006916177 13172004 0.1743797 0.1623687 0.1175712
0.2279318 0.2045409 -0.006895137 13291906 0.1713581 0.1646693 0.1176677
0.2243431 0.2078176 -0.006758688 13401997 0.1683508 0.1670259 0.117769
0.2243431 0.2078176 -0.006758688 13512096 0.1683508 0.1670259 0.117769
0.2200639 0.2105218 -0.006953904 13632387 0.16513 0.1690641 0.117825
0.2159304 0.2134211 -0.007136996 13732311 0.1619803 0.1710697 0.1177709
0.2159304 0.2134211 -0.007136996 13852395 0.1619803 0.1710697 0.1177709
0.2117489 0.2164543 -0.007213627 13962502 0.1586622 0.1731484 0.1177369
0.2078054 0.2197343 -0.007021768 14072593 0.1552788 0.1752994 0.1177691
0.2078054 0.2197343 -0.007021768 14172696 0.1552788 0.1752994 0.1177691
0.2032658 0.222876 -0.0069415 14303145 0.1516573 0.1775193 0.1179007
0.1989563 0.2260739 -0.006913519 14403041 0.1480177 0.1798387 0.1178816
0.1989563 0.2260739 -0.006913519 14513006 0.1480177 0.1798387 0.1178816
0.1936017 0.2281115 -0.007455216 14633106 0.1440285 0.1815668 0.1177739
0.1884762 0.2306269 -0.007777892 14743218 0.1400332 0.1834986 0.1176751
0.1884762 0.2306269 -0.007777892 14863326 0.1400332 0.1834986 0.1176751
0.1838637 0.233951 -0.007605167 14983434 0.136222 0.1857818 0.1177593
0.179145 0.2370111 -0.007542734 15073515 0.132355 0.1880052 0.1178182
0.179145 0.2370111 -0.007542734 15183603 0.132355 0.1880052 0.1178182
0.1742266 0.2399293 -0.007415059 15303715 0.1284057 0.1903064 0.1180611
0.1691851 0.2425121 -0.007474786 15413818 0.1243474 0.1925779 0.1182328
0.1691851 0.2425121 -0.007474786 15523913 0.1243474 0.1925779 0.1182328
0.1638498 0.245418 -0.007453527 15634008 0.1201563 0.1948901 0.1184196
0.1576896 0.2484572 -0.007592116 15744104 0.1155119 0.1972501 0.1185234
0.1576896 0.2484572 -0.007592116 15864216 0.1155119 0.1972501 0.1185234
0.1525316 0.251333 -0.007538749 15964318 0.1114002 0.199421 0.1186341
0.1473647 0.2543174 -0.0074654 16074418 0.1071312 0.2015919 0.1186596
0.1473647 0.2543174 -0.0074654 16194505 0.1071312 0.2015919 0.1186596
0.1423437 0.256932 -0.007405588 16314622 0.1027606 0.2037867 0.1187491
0.1367051 0.2595115 -0.007384097 16414712 0.0981024 0.2059537 0.1188999
0.1367051 0.2595115 -0.007384097 16534820 0.0981024 0.2059537 0.1188999
0.1309993 0.2621156 -0.007281498 16644924 0.0934819 0.2079991 0.1190913
0.1256032 0.2647412 -0.007184964 16745018 0.08890513 0.210103 0.119204
0.1256032 0.2647412 -0.007184964 16865110 0.08890513 0.210103 0.119204
0.1197841 0.2672955 -0.007062295 16975229 0.08421614 0.2120271 0.1193758
0.1139414 0.2699363 -0.00680083 17085316 0.0794523 0.2139802 0.1196335
0.1080657 0.2719555 -0.006897444 17215446 0.07458364 0.2160263 0.1198193
0.1080657 0.2719555 -0.006897444 17305523 0.07458364 0.2160263 0.1198193
0.1022135 0.2739146 -0.006944426 17415622 0.06967902 0.2179895 0.1200206
0.09657471 0.2760139 -0.006872782 17555805 0.06483921 0.2200011 0.1202558
0.09657471 0.2760139 -0.006872782 17645830 0.06483921 0.2200011 0.1202558
0.09098065 0.2779405 -0.006820594 17755921 0.06003681 0.2219393 0.1205081
0.09098065 0.2779405 -0.006820594 17866198 0.06003681 0.2219393 0.1205081
0.08528175 0.2801256 -0.006702318 17986140 0.05533404 0.2237636 0.1207053
0.07955021 0.2817995 -0.006760135 18086222 0.05067605 0.2254321 0.1208927
0.07955021 0.2817995 -0.006760135 18196314 0.05067605 0.2254321 0.1208927
0.07399461 0.2833174 -0.006724047 18316718 0.04593166 0.2270046 0.1211337
0.06835651 0.284994 -0.006718388 18426529 0.04111675 0.2285539 0.1212611
0.06835651 0.284994 -0.006718388 18536616 0.04111675 0.2285539 0.1212611
0.06277847 0.2863828 -0.006792617 18646715 0.03627086 0.2300861 0.1214036
0.05708608 0.2879327 -0.00675382 18756823 0.03136833 0.231612 0.1215927
0.05708608 0.2879327 -0.00675382 18876931 0.03136833 0.231612 0.1215927
0.05117065 0.2896858 -0.006580179 18977017 0.02652187 0.2331001 0.1218595
0.04515856 0.2908928 -0.006557866 19097174 0.02165558 0.2343508 0.1221156
0.0391092 0.2917339 -0.006596971 19207229 0.01662424 0.2354334 0.122364
0.0391092 0.2917339 -0.006596971 19317328 0.01662424 0.2354334 0.122364
0.0327564 0.2924964 -0.006528794 19447461 0.01157342 0.2363761 0.1227308
0.02652675 0.2930363 -0.006475414 19547535 0.006507598 0.2370882 0.123044
0.02652675 0.2930363 -0.006475414 19657849 0.006507598 0.2370882 0.123044
0.02108948 0.2935462 -0.006564734 19767726 0.001435653 0.2378733 0.1231291
0.01563605 0.2939152 -0.006517841 19877837 -0.003508769 0.2382845 0.1232702
0.01563605 0.2939152 -0.006517841 19987932 -0.003508769 0.2382845 0.1232702
0.009504362 0.2944988 -0.006545828 20098031 -0.008682565 0.2386196 0.1232732
0.00333319 0.2950085 -0.006455227 20218140 -0.01397848 0.238884 0.1233777
0.00333319 0.2950085 -0.006455227 20328235 -0.01397848 0.238884 0.1233777
-0.002776213 0.2951458 -0.006423669 20438334 -0.01937917 0.239054 0.1235159
-0.008921992 0.295165 -0.006458366 20548446 -0.02487508 0.2393419 0.1236782
-0.008921992 0.295165 -0.006458366 20668546 -0.02487508 0.2393419 0.1236782
-0.01487225 0.2950146 -0.006332339 20768644 -0.03024708 0.2394827 0.1239983
-0.02078758 0.2945811 -0.006231919 20888744 -0.03559633 0.2394263 0.1243241
-0.02078758 0.2945811 -0.006231919 20998851 -0.03559633 0.2394263 0.1243241
-0.02696279 0.2942548 -0.006172121 21109101 -0.04094993 0.239282 0.1245512
-0.03310027 0.2932473 -0.006186767 21239672 -0.04628403 0.2387752 0.1248294
-0.03310027 0.2932473 -0.006186767 21329149 -0.04628403 0.2387752 0.1248294
-0.03929378 0.292271 -0.006140052 21439240 -0.05159666 0.2381176 0.1250937
-0.0451571 0.2913747 -0.005927925 21549339 -0.05686658 0.2375051 0.1254768
-0.0451571 0.2913747 -0.005927925 21659439 -0.05686658 0.2375051 0.1254768
-0.05113875 0.2901338 -0.005804145 21779547 -0.06215969 0.2366647 0.1258235
-0.05710188 0.2885746 -0.005865228 21879637 -0.06744713 0.2356214 0.1260256
-0.05710188 0.2885746 -0.005865228 22029772 -0.06744713 0.2356214 0.1260256
-0.06290886 0.2867236 -0.005885231 22109841 -0.07273487 0.234386 0.1262906
-0.06854548 0.284674 -0.005987593 22219952 -0.07798854 0.2330357 0.126491
-0.06854548 0.284674 -0.005987593 22330039 -0.07798854 0.2330357 0.126491
-0.07404378 0.2823794 -0.006075561 22450159 -0.08301032 0.2312991 0.1266522
-0.07922046 0.2799676 -0.006145821 22560250 -0.087817 0.2295288 0.1268514
-0.07922046 0.2799676 -0.006145821 22670346 -0.087817 0.2295288 0.1268514
-0.08463686 0.2778476 -0.006046713 22780461 -0.09256892 0.2275848 0.1270585
-0.08975755 0.2755058 -0.006005458 22890556 -0.09712082 0.2255068 0.1272317
-0.08975755 0.2755058 -0.006005458 23010875 -0.09712082 0.2255068 0.1272317
-0.09486343 0.2731637 -0.005962653 23120897 -0.1016834 0.2233798 0.1273839
-0.09966357 0.2706402 -0.005855214 23220838 -0.1060794 0.2211858 0.1276339
-0.09966357 0.2706402 -0.005855214 23341112 -0.1060794 0.2211858 0.1276339
-0.1044287 0.2682409 -0.005725965 23451049 -0.1102397 0.219045 0.1278863
-0.1091539 0.2645711 -0.006007654 23561148 -0.1143638 0.2161863 0.1279253
-0.1091539 0.2645711 -0.006007654 23691282 -0.1143638 0.2161863 0.1279253
-0.1137674 0.2621987 -0.005873625 23781351 -0.1183996 0.2138816 0.1281049
-0.118433 0.2598668 -0.005805788 23901459 -0.1224001 0.2115453 0.1281925
-0.118433 0.2598668 -0.005805788 24011895 -0.1224001 0.2115453 0.1281925
-0.123095 0.2573009 -0.00578381 24131667 -0.1264833 0.2090385 0.1282516
-0.1274356 0.2536414 -0.006146086 24231765 -0.1304154 0.2062576 0.1282122
-0.1274356 0.2536414 -0.006146086 24341880 -0.1304154 0.2062576 0.1282122
-0.1315298 0.2510558 -0.006093394 24461964 -0.1341824 0.2039321 0.1283632
-0.1356792 0.2486011 -0.00599768 24582073 -0.1377662 0.2015096 0.1284801
-0.1356792 0.2486011 -0.00599768 24682159 -0.1377662 0.2015096 0.1284801
-0.1398926 0.2464452 -0.005974406 24792258 -0.1413746 0.1991019 0.128423
-0.1439794 0.2424856 -0.006476967 24902491 -0.1449325 0.1962842 0.128322
-0.1439794 0.2424856 -0.006476967 25022461 -0.1449325 0.1962842 0.128322
-0.1485084 0.2402669 -0.006360391 25132909 -0.1487256 0.194199 0.1284875
-0.1526775 0.2374488 -0.006281575 25233271 -0.1526278 0.1918941 0.1287407
-0.1526775 0.2374488 -0.006281575 25362776 -0.1526278 0.1918941 0.1287407
-0.1568695 0.2349935 -0.006127974 25463191 -0.1565418 0.1897792 0.1290083
-0.1613084 0.2313522 -0.006416402 25572982 -0.1604056 0.1871671 0.1290573
-0.1613084 0.2313522 -0.006416402 25713092 -0.1604056 0.1871671 0.1290573
-0.1657514 0.2285142 -0.006251816 25793160 -0.164316 0.1846699 0.1293279
-0.1702374 0.2260481 -0.00612837 25903271 -0.1681903 0.1822314 0.1294524
-0.1702374 0.2260481 -0.00612837 26023367 -0.1681903 0.1822314 0.1294524
-0.1748857 0.2225461 -0.006352363 26133483 -0.1722184 0.1795608 0.1294836
-0.1791781 0.2188187 -0.006385552 26243570 -0.1760444 0.176623 0.1296878
-0.1791781 0.2188187 -0.006385552 26353852 -0.1760444 0.176623 0.1296878
-0.1835368 0.2152728 -0.006393684 26473777 -0.1798614 0.1737468 0.129872
-0.1875732 0.2117288 -0.006393909 26583877 -0.1835338 0.170736 0.1300228
-0.1875732 0.2117288 -0.006393909 26693984 -0.1835338 0.170736 0.1300228
-0.1916757 0.2082271 -0.006366559 26814100 -0.1871284 0.1675228 0.1301205
-0.1955441 0.2044679 -0.00626432 26914166 -0.1905748 0.1642594 0.130355
-0.1955441 0.2044679 -0.00626432 27024265 -0.1905748 0.1642594 0.130355
-0.1991605 0.2007038 -0.006199093 27144382 -0.193995 0.1607823 0.1304971
-0.2027498 0.1963791 -0.006201749 27244468 -0.1972793 0.157006 0.1306415
-0.2027498 0.1963791 -0.006201749 27364580 -0.1972793 0.157006 0.1306415
-0.2064573 0.1919823 -0.006028465 27494706 -0.2005535 0.1532134 0.1309692
-0.2097349 0.1878226 -0.005892824 27584779 -0.2038318 0.1493636 0.1311922
-0.2097349 0.1878226 -0.005892824 27694878 -0.2038318 0.1493636 0.1311922
-0.2129789 0.1831585 -0.005865843 27814982 -0.2070444 0.1452395 0.1313682
-0.2161749 0.178364 -0.005863368 27915084 -0.2100864 0.1408362 0.1314714
-0.2161749 0.178364 -0.005863368 28035181 -0.2100864 0.1408362 0.1314714
-0.2189206 0.1732328 -0.005860092 28135271 -0.2127622 0.1362053 0.1316073
-0.2216136 0.1682883 -0.005870729 28255391 -0.2152783 0.1315675 0.1316709
-0.2216136 0.1682883 -0.005870729 28365486 -0.2152783 0.1315675 0.1316709
-0.2238695 0.1627369 -0.005983748 28475577 -0.2175414 0.1265818 0.131708
-0.2261954 0.1577213 -0.005977422 28615716 -0.2198491 0.1218388 0.1317848
-0.2261954 0.1577213 -0.005977422 28705789 -0.2198491 0.1218388 0.1317848
-0.228331 0.151767 -0.006099804 28826225 -0.2220358 0.116839 0.1319098
-0.2304948 0.1462707 -0.006112778 28925995 -0.2241772 0.1119232 0.1320414
-0.2304948 0.1462707 -0.006112778 29036103 -0.2241772 0.1119232 0.1320414
-0.2325573 0.1405869 -0.006140525 29156211 -0.2261719 0.1067999 0.1321487
-0.2345681 0.1359358 -0.005869445 29256285 -0.2280755 0.1020744 0.1323966
-0.2345681 0.1359358 -0.005869445 29366384 -0.2280755 0.1020744 0.1323966
-0.235934 0.1302128 -0.005894769 29486488 -0.2297569 0.09698808 0.1325401
-0.2374955 0.1244638 -0.005855239 29596608 -0.2315231 0.09197927 0.1327641
-0.2374955 0.1244638 -0.005855239 29706691 -0.2315231 0.09197927 0.1327641
-0.2391487 0.1190846 -0.005650246 29816802 -0.2331839 0.08709712 0.133085
-0.2404413 0.1132221 -0.005747416 29926898 -0.2348434 0.08204727 0.133188
-0.2425782 0.1071855 -0.005832721 30047010 -0.2367614 0.07690646 0.1332917
-0.2425782 0.1071855 -0.005832721 30167114 -0.2367614 0.07690646 0.1332917
-0.2442197 0.100818 -0.006000405 30267212 -0.2383156 0.07158968 0.1333448
-0.2455927 0.09519788 -0.005965389 30397326 -0.2397729 0.06648575 0.1334907
-0.2455927 0.09519788 -0.005965389 30497412 -0.2397729 0.06648575 0.1334907
-0.2467566 0.08854914 -0.006041027 30597522 -0.241043 0.06099764 0.1336533
-0.247557 0.08219472 -0.006098466 30707597 -0.2421981 0.05563732 0.1338023
-0.247557 0.08219472 -0.006098466 30827705 -0.2421981 0.05563732 0.1338023
-0.2485238 0.07667819 -0.006045442 30937809 -0.2433082 0.05046863 0.1339263
-0.2495377 0.07019648 -0.006091044 31047900 -0.2443011 0.04505385 0.1340755
-0.2495377 0.07019648 -0.006091044 31157999 -0.2443011 0.04505385 0.1340755
-0.2504461 0.06514419 -0.006058625 31278123 -0.2453755 0.04012652 0.1341364
-0.2515667 0.05940472 -0.005980851 31388206 -0.246626 0.03508467 0.1343415
-0.2515667 0.05940472 -0.005980851 31498314 -0.246626 0.03508467 0.1343415
-0.2524585 0.0536653 -0.005881801 31598404 -0.2479057 0.03012193 0.1345861
-0.2533242 0.04793724 -0.005782478 31718504 -0.2488852 0.02516574 0.1348162
-0.2533242 0.04793724 -0.005782478 31828611 -0.2488852 0.02516574 0.1348162
-0.2540323 0.04278105 -0.005688054 31948720 -0.2497148 0.02034395 0.1349682
-0.2547774 0.03686365 -0.00565029 32048802 -0.2504317 0.01520851 0.1351276
-0.2547774 0.03686365 -0.00565029 32158897 -0.2504317 0.01520851 0.1351276
-0.2554065 0.03077446 -0.005685928 32279017 -0.2510878 0.01001875 0.1352282
-0.255811 0.02554129 -0.00571984 32389104 -0.2516818 0.005053821 0.1352392
-0.255811 0.02554129 -0.00571984 32509225 -0.2516818 0.005053821 0.1352392
-0.2563768 0.01941204 -0.005824395 32629341 -0.2522049 -0.0001898277 0.1352593
-0.2571705 0.01411567 -0.005725875 32719406 -0.2527156 -0.005196477 0.1353891
-0.2571705 0.01411567 -0.005725875 32839518 -0.2527156 -0.005196477 0.1353891
-0.2579518 0.009842014 -0.005510188 32969960 -0.2533155 -0.009710209 0.1355659
-0.2586962 0.004898618 -0.005474974 33059721 -0.253907 -0.01424549 0.135652
-0.2586962 0.004898618 -0.005474974 33179821 -0.253907 -0.01424549 0.135652
-0.2589586 -0.0009087329 -0.005512513 33279919 -0.254306 -0.0192553 0.1357249
-0.2592843 -0.005953642 -0.005426676 33390006 -0.2547073 -0.02371581 0.1358879
-0.2592843 -0.005953642 -0.005426676 33510131 -0.2547073 -0.02371581 0.1358879
-0.2596451 -0.01165731 -0.005463797 33620226 -0.2550765 -0.02854946 0.1359576
-0.2598996 -0.01657125 -0.005439013 33730325 -0.2554432 -0.03305494 0.1360342
-0.2598996 -0.01657125 -0.005439013 33840424 -0.2554432 -0.03305494 0.1360342
-0.2599177 -0.02149239 -0.005471389 33950516 -0.2557512 -0.0375707 0.1360573
-0.2600062 -0.02686226 -0.005459351 34080645 -0.2559802 -0.04211462 0.1361648
-0.2600062 -0.02686226 -0.005459351 34180719 -0.2559802 -0.04211462 0.1361648
-0.2599815 -0.03186865 -0.005442024 34280821 -0.2561325 -0.04645829 0.1362569
-0.2601177 -0.03675285 -0.005417408 34390904 -0.2562853 -0.05070073 0.1363465
-0.2601177 -0.03675285 -0.005417408 34511013 -0.2562853 -0.05070073 0.1363465
-0.2604359 -0.04260845 -0.005413236 34631129 -0.2563467 -0.05538034 0.1364543
-0.2607128 -0.04751436 -0.005346471 34731227 -0.2563259 -0.05984116 0.1365515
-0.2607128 -0.04751436 -0.005346471 34851319 -0.2563259 -0.05984116 0.1365515
-0.2607773 -0.05297067 -0.00535574 34951414 -0.2562218 -0.06442287 0.1366102
-0.2609243 -0.05815325 -0.005328278 35071538 -0.2561053 -0.06884202 0.1366885
-0.2609243 -0.05815325 -0.005328278 35181621 -0.2561053 -0.06884202 0.1366885
-0.2609958 -0.06355834 -0.005312514 35291724 -0.2560264 -0.07329165 0.1367678
-0.2610275 -0.06859312 -0.005328521 35401823 -0.2560387 -0.07769484 0.136793
-0.2610275 -0.06859312 -0.005328521 35511915 -0.2560387 -0.07769484 0.136793
-0.2603035 -0.07400116 -0.005387845 35632031 -0.2556128 -0.08216782 0.1368006
-0.2593819 -0.07925855 -0.005423049 35742138 -0.2550712 -0.08663416 0.1368206
-0.2593819 -0.07925855 -0.005423049 35852221 -0.2550712 -0.08663416 0.1368206
-0.2589995 -0.08419024 -0.005390629 35982347 -0.2547078 -0.09100519 0.1368816
-0.2604604 -0.09018383 -0.005176031 36072428 -0.2552761 -0.09591297 0.1371143
-0.2604604 -0.09018383 -0.005176031 36192536 -0.2552761 -0.09591297 0.1371143
-0.2600068 -0.09512368 -0.005123485 36292626 -0.2549638 -0.1003017 0.1371931
-0.2596969 -0.1008785 -0.005100542 36412747 -0.2546545 -0.1051748 0.1372454
-0.2596969 -0.1008785 -0.005100542 36532843 -0.2546545 -0.1051748 0.1372454
-0.2591059 -0.1058297 -0.00506587 36632941 -0.254236 -0.1095885 0.1373013
-0.2585774 -0.1109054 -0.005125705 36743057 -0.253854 -0.1140777 0.1372606
-0.2585774 -0.1109054 -0.005125705 36853127 -0.253854 -0.1140777 0.1372606
-0.2578633 -0.1167986 -0.005157081 36963235 -0.2532915 -0.1187439 0.1372563
-0.2571596 -0.1215261 -0.005192026 37073338 -0.2526937 -0.1231141 0.1372291
-0.2571596 -0.1215261 -0.005192026 37193430 -0.2526937 -0.1231141 0.1372291
-0.256402 -0.1273099 -0.005159747 37303529 -0.2518243 -0.127708 0.1372661
-0.2555176 -0.132056 -0.005169434 37443660 -0.2508929 -0.1319287 0.1372554
-0.2555176 -0.132056 -0.005169434 37523740 -0.2508929 -0.1319287 0.1372554
-0.2541947 -0.1371547 -0.00519057 37643844 -0.2498602 -0.1361533 0.13724
-0.2530373 -0.1425399 -0.005139382 37773953 -0.2489085 -0.1404308 0.1372852
-0.2530373 -0.1425399 -0.005139382 37854046 -0.2489085 -0.1404308 0.1372852
-0.2514766 -0.1477835 -0.005099066 37974142 -0.2477588 -0.1444886 0.1373143
-0.2498082 -0.1522396 -0.005088056 38084585 -0.2465364 -0.148185 0.1373167
-0.2498082 -0.1522396 -0.005088056 38204349 -0.2465364 -0.148185 0.1373167
-0.2479494 -0.1566588 -0.005080965 38314594 -0.2451842 -0.1518661 0.1373116
-0.2457517 -0.1604717 -0.005096758 38414701 -0.2435371 -0.1553566 0.1372942
-0.2457517 -0.1604717 -0.005096758 38534647 -0.2435371 -0.1553566 0.1372942
-0.2437237 -0.1647075 -0.005096796 38644750 -0.2419154 -0.1589261 0.1372744
-0.2418714 -0.1691865 -0.005020333 38754845 -0.2404635 -0.162401 0.1373111
-0.2395894 -0.1740965 -0.004917407 38884975 -0.2386353 -0.1659738 0.1373477
-0.2395894 -0.1740965 -0.004917407 38975036 -0.2386353 -0.1659738 0.1373477
-0.2371229 -0.1782338 -0.004909591 39085143 -0.2366593 -0.1692773 0.1373079
-0.2347587 -0.1826991 -0.004850022 39225281 -0.234702 -0.1726479 0.1372951
-0.2347587 -0.1826991 -0.004850022 39315354 -0.234702 -0.1726479 0.1372951
-0.2315484 -0.1855775 -0.004920693 39425462 -0.2322328 -0.1756246 0.1372297
-0.2315484 -0.1855775 -0.004920693 39535561 -0.2322328 -0.1756246 0.1372297
-0.229212 -0.1900018 -0.004945866 39645656 -0.2303506 -0.1787788 0.1371069
-0.2258022 -0.1930422 -0.005133654 39755739 -0.2277957 -0.1815794 0.1368906
-0.2231598 -0.1967615 -0.005049751 39875856 -0.2255554 -0.1843297 0.1368867
-0.2231598 -0.1967615 -0.005049751 39986097 -0.2255554 -0.1843297 0.1368867
-0.2201229 -0.200777 -0.004850565 40096099 -0.2232233 -0.1872314 0.1369703
-0.2201229 -0.200777 -0.004850565 40206153 -0.2232233 -0.1872314 0.1369703
-0.2170081 -0.2041813 -0.004684773 40326266 -0.2208184 -0.1898053 0.137037
-0.2134485 -0.2072228 -0.004744806 40436357 -0.2180921 -0.1922334 0.1368885
-0.2102477 -0.2107433 -0.004727784 40536451 -0.2154884 -0.1949164 0.1367936
-0.2102477 -0.2107433 -0.004727784 40656567 -0.2154884 -0.1949164 0.1367936
-0.2066394 -0.2144404 -0.004745662 40766666 -0.2126111 -0.1976678 0.1366377
-0.2032632 -0.2178276 -0.004672753 40876758 -0.2098244 -0.2002482 0.1365865
-0.2032632 -0.2178276 -0.004672753 40986849 -0.2098244 -0.2002482 0.1365865
-0.1998259 -0.2206221 -0.004790609 41116990 -0.207049 -0.2026889 0.1363918
-0.1967318 -0.2232888 -0.004834442 41207055 -0.2043732 -0.2049302 0.1362713
-0.1967318 -0.2232888 -0.004834442 41327163 -0.2043732 -0.2049302 0.1362713
-0.1935833 -0.2264135 -0.004721381 41437271 -0.2018802 -0.2072456 0.1362396
-0.1903748 -0.2289881 -0.004818094 41547362 -0.1990843 -0.2093929 0.1360592
-0.1903748 -0.2289881 -0.004818094 41657461 -0.1990843 -0.2093929 0.1360592
-0.186902 -0.2319259 -0.004698532 41767556 -0.1962556 -0.2116392 0.1360396
-0.1830918 -0.2343071 -0.004878502 41877668 -0.1932058 -0.2137859 0.135773
-0.1830918 -0.2343071 -0.004878502 41997768 -0.1932058 -0.2137859 0.135773
-0.1792064 -0.2370821 -0.0048457 42107883 -0.1901304 -0.2159418 0.1356534
-0.1753874 -0.2400467 -0.004804878 42207953 -0.1868986 -0.2181538 0.135532
-0.1753874 -0.2400467 -0.004804878 42328061 -0.1868986 -0.2181538 0.135532
-0.1713491 -0.2429878 -0.00478088 42438165 -0.1836348 -0.2204024 0.1353805
-0.1675408 -0.2460987 -0.004849911 42548276 -0.1803649 -0.2226497 0.1351213
-0.1675408 -0.2460987 -0.004849911 42668696 -0.1803649 -0.2226497 0.1351213
-0.1637449 -0.2489212 -0.00486194 42778520 -0.1770053 -0.2248 0.1349543
-0.1596187 -0.2517956 -0.004800403 42888571 -0.1736019 -0.2268439 0.1347995
-0.1596187 -0.2517956 -0.004800403 43018704 -0.1736019 -0.2268439 0.1347995
-0.1555494 -0.2550103 -0.004671007 43118778 -0.1700988 -0.228895 0.1346579
-0.151187 -0.2576627 -0.004773904 43218876 -0.1663933 -0.2309693 0.1343752
-0.151187 -0.2576627 -0.004773904 43348990 -0.1663933 -0.2309693 0.1343752
-0.1468904 -0.2607484 -0.004881777 43449068 -0.1626096 -0.2330479 0.1340133
-0.1414389 -0.2627403 -0.004917532 43559171 -0.1588991 -0.2350721 0.1337758
-0.1414389 -0.2627403 -0.004917532 43669278 -0.1588991 -0.2350721 0.1337758
-0.1364414 -0.2657377 -0.004832353 43789378 -0.1548893 -0.2372856 0.1335743
-0.1317748 -0.2685028 -0.004771771 43889477 -0.1506969 -0.2393293 0.1334205
-0.1317748 -0.2685028 -0.004771771 43999572 -0.1506969 -0.2393293 0.1334205
-0.1266799 -0.2707982 -0.004659876 44119676 -0.1464994 -0.2411988 0.1333159
-0.1212991 -0.2729726 -0.004692909 44219770 -0.1421761 -0.2429325 0.1330314
-0.1212991 -0.2729726 -0.004692909 44339935 -0.1421761 -0.2429325 0.1330314
-0.1161912 -0.2751529 -0.004633538 44449978 -0.1378275 -0.2444576 0.1328289
-0.1103763 -0.2771883 -0.00458642 44560085 -0.1331268 -0.2461205 0.1326122
-0.1103763 -0.2771883 -0.00458642 44670537 -0.1331268 -0.2461205 0.1326122
-0.1042621 -0.2788109 -0.004614498 44780267 -0.1282586 -0.2475956 0.1323381
-0.09826532 -0.2802722 -0.004565577 44890391 -0.1231901 -0.2488326 0.1321698
-0.09826532 -0.2802722 -0.004565577 45020678 -0.1231901 -0.2488326 0.1321698
-0.09209112 -0.281905 -0.004475474 45120947 -0.1179767 -0.2499989 0.131973
-0.08523089 -0.2828739 -0.004530833 45230685 -0.1125203 -0.250845 0.131615
-0.08523089 -0.2828739 -0.004530833 45340781 -0.1125203 -0.250845 0.131615
-0.07859249 -0.2841479 -0.004541052 45450880 -0.1069041 -0.2517103 0.131299
-0.07071359 -0.2853705 -0.004323114 45560971 -0.1006092 -0.252603 0.1310977
-0.07071359 -0.2853705 -0.004323114 45681087 -0.1006092 -0.252603 0.1310977
-0.06336266 -0.286034 -0.004168703 45791559 -0.09455215 -0.253205 0.130945
-0.05674196 -0.2864797 -0.004154013 45901286 -0.08874032 -0.2535984 0.1307577
-0.05674196 -0.2864797 -0.004154013 46021398 -0.08874032 -0.2535984 0.1307577
-0.04994987 -0.2867139 -0.004313625 46121504 -0.08273346 -0.2539541 0.130439
-0.04290625 -0.286922 -0.004404743 46231575 -0.076588 -0.2543527 0.1301725
-0.04290625 -0.286922 -0.004404743 46351704 -0.076588 -0.2543527 0.1301725
-0.03625523 -0.2871327 -0.004586213 46461807 -0.07036924 -0.2546686 0.1299075
-0.02965464 -0.2873355 -0.004751278 46571898 -0.06411286 -0.2550159 0.1296895
-0.02965464 -0.2873355 -0.004751278 46681981 -0.06411286 -0.2550159 0.1296895
-0.02279625 -0.2874255 -0.004876418 46792089 -0.05780263 -0.255121 0.1294263
-0.01568098 -0.2870926 -0.004982298 46912205 -0.05155414 -0.2552235 0.1291956
-0.01568098 -0.2870926 -0.004982298 47022523 -0.05155414 -0.2552235 0.1291956
-0.008481211 -0.2881759 -0.004968064 47132776 -0.04501164 -0.2554891 0.1288354
-0.001640165 -0.2874041 -0.005021926 47242503 -0.03872015 -0.2551736 0.128741
-0.001640165 -0.2874041 -0.005021926 47362643 -0.03872015 -0.2551736 0.128741
0.005691395 -0.2866561 -0.00502106 47462693 -0.03227965 -0.2548981 0.1286049
0.01259435 -0.2868395 -0.005021301 47572792 -0.02583554 -0.2548703 0.1284229
0.01259435 -0.2868395 -0.005021301 47692900 -0.02583554 -0.2548703 0.1284229
0.02001066 -0.2865599 -0.005044891 47813005 -0.01920289 -0.2546617 0.1281881
0.0271609 -0.2862488 -0.005032208 47913091 -0.01266431 -0.2543605 0.1280217
0.03409715 -0.2859322 -0.005141632 48033207 -0.006092416 -0.2540922 0.1278142
0.03409715 -0.2859322 -0.005141632 48133447 -0.006092416 -0.2540922 0.1278142
0.0410579 -0.2859428 -0.005135315 48243397 0.0005571928 -0.2537656 0.1276448
0.0410579 -0.2859428 -0.005135315 48363501 0.0005571928 -0.2537656 0.1276448
0.0479977 -0.2856128 -0.005152756 48473596 0.007199483 -0.2532389 0.1274884
0.05501005 -0.2852211 -0.00510685 48573686 0.01374407 -0.2528051 0.1273793
0.05501005 -0.2852211 -0.00510685 48693794 0.01374407 -0.2528051 0.1273793
0.06150736 -0.2848175 -0.005096701 48803910 0.02019086 -0.2523363 0.1273577
0.06824303 -0.2840974 -0.00514929 48914009 0.02655573 -0.2517839 0.1272299
0.06824303 -0.2840974 -0.00514929 49024108 0.02655573 -0.2517839 0.1272299
0.07513672 -0.2830547 -0.005191233 49144204 0.03288277 -0.2510416 0.1270812
0.08183836 -0.282059 -0.005240769 49254316 0.0391878 -0.2501621 0.1269325
0.08183836 -0.282059 -0.005240769 49364415 0.0391878 -0.2501621 0.1269325
0.08706877 -0.2814553 -0.005245592 49484523 0.04534889 -0.2490265 0.1270952
0.0936883 -0.2802081 -0.005315732 49584613 0.05161429 -0.2478962 0.1269415
0.0936883 -0.2802081 -0.005315732 49704713 0.05161429 -0.2478962 0.1269415
0.1001575 -0.2786372 -0.005386195 49814813 0.0578136 -0.2466266 0.1268581
0.107264 -0.2765463 -0.005486229 49924924 0.06400112 -0.2452134 0.1266229
0.107264 -0.2765463 -0.005486229 50035003 0.06400112 -0.2452134 0.1266229
0.1141259 -0.2738574 -0.005882053 50145110 0.07011891 -0.2436301 0.1262389
0.1206197 -0.271708 -0.00596229 50255218 0.0761191 -0.2419788 0.1261063
0.1206197 -0.271708 -0.00596229 50365305 0.0761191 -0.2419788 0.1261063
0.127501 -0.269072 -0.006032996 50485421 0.08226784 -0.2399903 0.1259309
0.1338436 -0.2666667 -0.005988124 50595524 0.0882583 -0.2376364 0.1258658
0.1338436 -0.2666667 -0.005988124 50705615 0.0882583 -0.2376364 0.1258658
0.140625 -0.2636766 -0.005986379 50816144 0.09414687 -0.2353188 0.1257021
0.1468212 -0.2607705 -0.006009081 50926017 0.09998851 -0.2327526 0.1256265
0.1468212 -0.2607705 -0.006009081 51035909 0.09998851 -0.2327526 0.1256265
0.1530125 -0.2576666 -0.006064814 51146008 0.1057498 -0.2301822 0.1255296
0.1590075 -0.2544209 -0.006178861 51266137 0.111527 -0.2273902 0.1254312
0.1590075 -0.2544209 -0.006178861 51376224 0.111527 -0.2273902 0.1254312
0.1651897 -0.2505828 -0.006243864 51486368 0.1171869 -0.2244389 0.1253558
0.1712061 -0.246491 -0.006278499 51596430 0.1227468 -0.2211992 0.1253203
0.1770567 -0.2425436 -0.006377169 51726536 0.1281228 -0.2179808 0.1251842
0.1770567 -0.2425436 -0.006377169 51826626 0.1281228 -0.2179808 0.1251842
0.1825162 -0.2386146 -0.006509115 51926712 0.1333205 -0.2146168 0.1250589
0.1878838 -0.2344916 -0.006675992 52046832 0.1383524 -0.2112931 0.1249094
0.1878838 -0.2344916 -0.006675992 52156948 0.1383524 -0.2112931 0.1249094
0.19292 -0.2300485 -0.006809842 52267027 0.1430918 -0.2078001 0.1248276
0.1978467 -0.2251202 -0.00690446 52377114 0.1476556 -0.2041182 0.1247998
0.1978467 -0.2251202 -0.00690446 52497238 0.1476556 -0.2041182 0.1247998
0.202812 -0.2200909 -0.006936904 52607325 0.1519578 -0.2003676 0.1247107
0.2073195 -0.2155039 -0.006992519 52717441 0.1560922 -0.1964208 0.1246048
0.2073195 -0.2155039 -0.006992519 52827540 0.1560922 -0.1964208 0.1246048
0.2117343 -0.2107762 -0.007072434 52937623 0.1599685 -0.1926297 0.1244466
0.2161211 -0.2060843 -0.00712404 53047726 0.1637099 -0.1888664 0.1242642
0.2161211 -0.2060843 -0.00712404 53157838 0.1637099 -0.1888664 0.1242642
0.2201856 -0.2017543 -0.007143623 53267921 0.1673751 -0.1850836 0.1241552
0.2244255 -0.1972396 -0.0071676 53388049 0.1708355 -0.1814331 0.1239221
0.2244255 -0.1972396 -0.0071676 53528159 0.1708355 -0.1814331 0.1239221
0.228343 -0.1931123 -0.007161946 53608231 0.1742563 -0.1776895 0.1237694
0.2320661 -0.1886304 -0.007221627 53718339 0.1774972 -0.1740444 0.1236055
0.2320661 -0.1886304 -0.007221627 53828430 0.1774972 -0.1740444 0.1236055
0.2354924 -0.1845007 -0.007325702 53958547 0.1806906 -0.1704062 0.1234579
0.2392079 -0.180157 -0.007395155 54048624 0.1838021 -0.1669981 0.1232314
0.2392079 -0.180157 -0.007395155 54168745 0.1838021 -0.1669981 0.1232314
0.2426533 -0.1757028 -0.007493065 54278836 0.1868048 -0.1634448 0.1230326
0.2457447 -0.1709434 -0.007681974 54388931 0.1895923 -0.1597863 0.122812
0.2457447 -0.1709434 -0.007681974 54499042 0.1895923 -0.1597863 0.122812
0.24884 -0.1661478 -0.007788269 54609129 0.1923438 -0.1560059 0.1226401
0.2518944 -0.1613689 -0.007858525 54729242 0.1950625 -0.1521305 0.1224911
0.2518944 -0.1613689 -0.007858525 54839361 0.1950625 -0.1521305 0.1224911
0.2550433 -0.1566485 -0.007871242 54949448 0.1977375 -0.1481717 0.1223226
0.2583208 -0.1515726 -0.00778027 55059539 0.2004683 -0.1440232 0.1222288
0.2583208 -0.1515726 -0.00778027 55180041 0.2004683 -0.1440232 0.1222288
0.2613168 -0.1475902 -0.007505752 55279742 0.2032104 -0.1400689 0.1223916
0.2639321 -0.1420622 -0.007915669 55399854 0.2054649 -0.1360353 0.1218977
0.2639321 -0.1420622 -0.007915669 55509978 0.2054649 -0.1360353 0.1218977
0.2669777 -0.1375319 -0.007558504 55620049 0.2081388 -0.1318333 0.1221017
0.2694895 -0.1325408 -0.007608601 55750162 0.2104789 -0.1276674 0.1220071
0.2694895 -0.1325408 -0.007608601 55840243 0.2104789 -0.1276674 0.1220071
0.2722923 -0.1276847 -0.007552617 55950334 0.2128689 -0.1234563 0.1218971
0.2748472 -0.122459 -0.007626081 56060441 0.2151239 -0.1193353 0.1217169
0.2748472 -0.122459 -0.007626081 56190745 0.2151239 -0.1193353 0.1217169
0.2768932 -0.1172432 -0.007780365 56300658 0.2171122 -0.1152524 0.1215584
0.2796302 -0.1123185 -0.007636172 56400744 0.2193258 -0.1110127 0.1214681
0.2796302 -0.1123185 -0.007636172 56540870 0.2193258 -0.1110127 0.1214681
0.2819691 -0.1068796 -0.007526803 56630955 0.2212485 -0.1066923 0.1213888
0.2831214 -0.1016211 -0.008021994 56741241 0.2226935 -0.1024724 0.1210284
0.2831214 -0.1016211 -0.008021994 56851146 0.2226935 -0.1024724 0.1210284
0.2846809 -0.09725165 -0.008006371 56961261 0.2241583 -0.09835546 0.1209977
0.287582 -0.09230051 -0.00769268 57071365 0.2260667 -0.09429566 0.1208302
0.287582 -0.09230051 -0.00769268 57181452 0.2260667 -0.09429566 0.1208302
0.2895663 -0.08770996 -0.007695509 57301572 0.2275809 -0.09021283 0.1205924
0.2912648 -0.08270977 -0.007693078 57401691 0.2288608 -0.08636536 0.120364
0.2912648 -0.08270977 -0.007693078 57521762 0.2288608 -0.08636536 0.120364
0.292947 -0.07780093 -0.007705319 57651888 0.2302231 -0.08231297 0.1201681
0.294522 -0.07322153 -0.007637125 57741965 0.2314739 -0.07843696 0.1200499
0.294522 -0.07322153 -0.007637125 57852056 0.2314739 -0.07843696 0.1200499
0.2957782 -0.06854093 -0.00769098 57992510 0.2326156 -0.07450694 0.1199066
0.2970152 -0.0645049 -0.007780917 58082267 0.2336364 -0.07082982 0.1196921
0.2970152 -0.0645049 -0.007780917 58192359 0.2336364 -0.07082982 0.1196921
0.2983246 -0.06037763 -0.007789808 58302462 0.2347396 -0.06725147 0.1195521
0.2994791 -0.05624102 -0.007808916 58413214 0.2357135 -0.06393404 0.1193957
0.2994791 -0.05624102 -0.007808916 58522652 0.2357135 -0.06393404 0.1193957
0.3007627 -0.05209443 -0.007666717 58642769 0.23679 -0.0604919 0.1193892
0.3016726 -0.04825783 -0.007730401 58742867 0.2376592 -0.05732862 0.1192588
0.3016726 -0.04825783 -0.007730401 58862979 0.2376592 -0.05732862 0.1192588
0.3023086 -0.04466065 -0.007846524 58973082 0.2384249 -0.05422663 0.1191716
0.3032399 -0.04095016 -0.007783122 59083165 0.2392489 -0.05102043 0.1191421
0.3032399 -0.04095016 -0.007783122 59193257 0.2392489 -0.05102043 0.1191421
0.303618 -0.03773734 -0.007948409 59303356 0.2398186 -0.04829519 0.1190336
0.3045738 -0.03427395 -0.007798747 59433518 0.2406002 -0.04560788 0.1190285
0.3045738 -0.03427395 -0.007798747 59523554 0.2406002 -0.04560788 0.1190285
0.3052202 -0.03111733 -0.007827614 59643849 0.2412181 -0.04312457 0.1189233
0.3058499 -0.0280142 -0.007808717 59743761 0.2417254 -0.04063627 0.1188205
0.3058499 -0.0280142 -0.007808717 59863869 0.2417254 -0.04063627 0.1188205
0.3063428 -0.02498331 -0.007843036 59984164 0.2421378 -0.03815699 0.1186893
0.3066992 -0.02219204 -0.007908855 60084076 0.2425041 -0.03585118 0.118577
0.3066992 -0.02219204 -0.007908855 60194163 0.2425041 -0.03585118 0.118577
0.3072809 -0.01922933 -0.007817708 60314275 0.243017 -0.03362542 0.1185514
0.307766 -0.0168285 -0.007745672 60424374 0.2434935 -0.03162799 0.1185725
0.3080946 -0.01463923 -0.007725772 60554491 0.2440263 -0.02967842 0.1186678
0.3080946 -0.01463923 -0.007725772 60644573 0.2440263 -0.02967842 0.1186678
0.3081193 -0.01240519 -0.007796488 60754672 0.244494 -0.0280927 0.1187419
0.3081193 -0.01240519 -0.007796488 60864771 0.244494 -0.0280927 0.1187419
0.3079978 -0.01066822 -0.007891424 60984887 0.2449742 -0.02643126 0.1189383
0.3080064 -0.009036591 -0.007855239 61094974 0.2454892 -0.02503437 0.1191956
0.3080064 -0.009036591 -0.007855239 61205078 0.2454892 -0.02503437 0.1191956
0.3078627 -0.00744813 -0.00786826 61315173 0.2459454 -0.02386913 0.1194221
0.3080418 -0.005980324 -0.007761212 61425276 0.2463974 -0.0227724 0.1196132
0.3080418 -0.005980324 -0.007761212 61535379 0.2463974 -0.0227724 0.1196132
0.3078346 -0.004895913 -0.007808696 61655484 0.2465885 -0.0219879 0.1197179
0.3075592 -0.003469255 -0.007908486 61765595 0.2468147 -0.02128892 0.1197583
0.3071867 -0.0021331 -0.007950892 61875682 0.2469925 -0.0207236 0.1198665
0.3071867 -0.0021331 -0.007950892 61995798 0.2469925 -0.0207236 0.1198665
0.307168 -0.001032406 -0.007850664 62095885 0.2473261 -0.0199622 0.1200824
0.3071896 -0.0001152949 -0.007749894 62205980 0.2476261 -0.0194941 0.1202458
0.3071896 -0.0001152949 -0.007749894 62336093 0.2476261 -0.0194941 0.1202458
0.3072131 0.0006256851 -0.007693497 62436195 0.2479068 -0.01909028 0.1203701
0.3072131 0.0006256851 -0.007693497 62546286 0.2479068 -0.01909028 0.1203701
0.3071919 0.0002755882 -0.007796342 62656382 0.248284 -0.01877505 0.1205515
0.3070954 0.000222093 -0.007838956 62766505 0.2486348 -0.01882919 0.1207132
0.3070551 0.0003715071 -0.007820627 62876600 0.2489609 -0.01902165 0.1208465
0.3070551 0.0003715071 -0.007820627 62986700 0.2489609 -0.01902165 0.1208465
0.3073838 0.0006991507 -0.007726095 63106808 0.2490549 -0.01925164 0.1207494
0.3078184 0.0008408955 -0.007603396 63216891 0.2488293 -0.01944513 0.1205177
0.3078184 0.0008408955 -0.007603396 63327330 0.2488293 -0.01944513 0.1205177
0.3079064 0.0007443838 -0.007479577 63437312 0.2483083 -0.01917805 0.1204165
0.3072412 0.001571705 -0.006925151 63547189 0.2470866 -0.01907971 0.1205942
0.3072412 0.001571705 -0.006925151 63657300 0.2470866 -0.01907971 0.1205942
0.3070547 0.00301011 -0.004730563 63777396 0.2451393 -0.01901129 0.1217123
0.3069082 0.004978092 -0.001086753 63887503 0.2428686 -0.01879429 0.1239735
0.3069082 0.004978092 -0.001086753 64007603 0.2428686 -0.01879429 0.1239735
0.3065496 0.006618112 0.00354237 64107694 0.240258 -0.01883081 0.12709
0.3057491 0.007926583 0.00873789 64217793 0.2374736 -0.01901266 0.1308812
0.3057491 0.007926583 0.00873789 64347922 0.2374736 -0.01901266 0.1308812
0.3048011 0.008688301 0.0149351 64448000 0.2343262 -0.01952792 0.135531
0.3036842 0.008384332 0.02228223 64578130 0.2307361 -0.02054157 0.141228
0.3036842 0.008384332 0.02228223 64668215 0.2307361 -0.02054157 0.141228
0.3023315 0.007240223 0.03082084 64778298 0.2268735 -0.02220086 0.1480623
0.3005597 0.005301962 0.04036619 64888503 0.2224127 -0.02428769 0.1557947
0.3005597 0.005301962 0.04036619 65008510 0.2224127 -0.02428769 0.1557947
0.2975885 0.00272106 0.05058731 65108604 0.2170208 -0.02704749 0.1642928
0.2932514 -0.001196627 0.06123783 65218703 0.2107309 -0.03045495 0.1736681
0.2932514 -0.001196627 0.06123783 65338803 0.2107309 -0.03045495 0.1736681
0.2876312 -0.006536382 0.07258389 65448902 0.2028339 -0.03544974 0.1833976
