0.1584495 -0.002079922 -0.006776474 0 0.1415748 -0.01047234 0.1344717
0.1585422 -0.002040467 -0.006762752 110108 0.1414212 -0.01039429 0.1344581
0.1584848 -0.002006717 -0.006735819 220199 0.1412112 -0.0103399 0.1344677
0.1584848 -0.002006717 -0.006735819 320281 0.1412112 -0.0103399 0.1344677
0.1585601 -0.00199447 -0.00671485 440389 0.1409561 -0.01029057 0.13445
0.1585109 -0.00195506 -0.006806311 550501 0.1407063 -0.01012993 0.1343405
0.1584286 -0.001913938 -0.006808844 660579 0.1404034 -0.009980635 0.1343162
0.1584286 -0.001913938 -0.006808844 780692 0.1404034 -0.009980635 0.1343162
0.1584042 -0.00184498 -0.006829544 890803 0.1400728 -0.009806651 0.134262
0.1584042 -0.00184498 -0.006829544 990885 0.1400728 -0.009806651 0.134262
0.1584363 -0.001892113 -0.006721971 1111058 0.1397192 -0.009796008 0.1343222
0.158433 -0.001889648 -0.006717546 1251691 0.1393156 -0.00982523 0.1342711
0.158433 -0.001889648 -0.006717546 1331192 0.1393156 -0.00982523 0.1342711
0.1583961 -0.001860928 -0.006571526 1441295 0.1389 -0.009931854 0.1343576
0.1569881 -0.00187626 -0.006771704 1551390 0.1387458 -0.009907369 0.1343274
0.1569881 -0.00187626 -0.006771704 1671491 0.1387458 -0.009907369 0.1343274
0.1558091 -0.001735631 -0.006806513 1781594 0.1383069 -0.009998067 0.134373
0.1550178 -0.001921121 -0.006682458 1891697 0.137653 -0.01016293 0.1345152
0.1537711 -0.00214096 -0.006715809 2011805 0.1369441 -0.01017609 0.1345589
0.1537711 -0.00214096 -0.006715809 2111896 0.1369441 -0.01017609 0.1345589
0.1524188 -0.002370603 -0.006725281 2232004 0.1360905 -0.01014445 0.1346225
0.1506808 -0.002452509 -0.006825805 2352124 0.134967 -0.009961462 0.1346059
0.1506808 -0.002452509 -0.006825805 2442189 0.134967 -0.009961462 0.1346059
0.1488526 -0.00268962 -0.006837738 2562314 0.1336773 -0.009903328 0.1346681
0.1465943 -0.002701815 -0.006939234 2672401 0.1321672 -0.009805651 0.1346505
0.1465943 -0.002701815 -0.006939234 2792509 0.1321672 -0.009805651 0.1346505
0.1442734 -0.002738511 -0.006896045 2892595 0.1303298 -0.009761463 0.1347461
0.1421272 -0.002895145 -0.006852299 3002710 0.1283905 -0.009657496 0.1348228
0.1421272 -0.002895145 -0.006852299 3112794 0.1283905 -0.009657496 0.1348228
0.1392499 -0.002947593 -0.006940301 3232918 0.1261421 -0.009412723 0.1348082
0.1364045 -0.002978317 -0.006906012 3343013 0.1238335 -0.009132956 0.1349049
0.1364045 -0.002978317 -0.006906012 3453100 0.1238335 -0.009132956 0.1349049
0.1332392 -0.003081477 -0.006948099 3573354 0.1213138 -0.00888691 0.1349333
0.1301553 -0.003070848 -0.006937194 3673647 0.1186455 -0.008645087 0.1349878
0.1301553 -0.003070848 -0.006937194 3783402 0.1186455 -0.008645087 0.1349878
0.1268086 -0.003237366 -0.006933522 3903522 0.115803 -0.00838806 0.1350474
0.1230506 -0.00337002 -0.006824865 4013622 0.1126793 -0.008137276 0.1352172
0.1230506 -0.00337002 -0.006824865 4123709 0.1126793 -0.008137276 0.1352172
0.1188533 -0.003500166 -0.006897577 4234156 0.1093561 -0.007816999 0.13522
0.1150182 -0.003296 -0.006875566 4343915 0.1061081 -0.007479136 0.1352841
0.1150182 -0.003296 -0.006875566 4454006 0.1061081 -0.007479136 0.1352841
0.110335 -0.003046663 -0.00697858 4594133 0.1024535 -0.007235694 0.1352416
0.1054957 -0.002823789 -0.007158586 4684214 0.09859238 -0.006948545 0.1351143
0.1054957 -0.002823789 -0.007158586 4794313 0.09859238 -0.006948545 0.1351143
0.1012501 -0.002455242 -0.007094701 4904412 0.09484491 -0.006612049 0.1352005
0.09679871 -0.002455408 -0.007063421 5024533 0.09045824 -0.006275684 0.1352442
0.09679871 -0.002455408 -0.007063421 5124611 0.09045824 -0.006275684 0.1352442
0.09194999 -0.002284109 -0.007039634 5244711 0.08605473 -0.005967482 0.1352907
0.08726463 -0.001760202 -0.006944109 5354826 0.08156392 -0.005615601 0.1353896
0.08726463 -0.001760202 -0.006944109 5464917 0.08156392 -0.005615601 0.1353896
0.08219759 -0.001439079 -0.006997535 5575021 0.07677612 -0.005277736 0.1353475
0.07677872 -0.001073885 -0.006965772 5695125 0.07183221 -0.004947553 0.1353956
0.07677872 -0.001073885 -0.006965772 5795215 0.07183221 -0.004947553 0.1353956
0.07217692 -0.000727511 -0.006972286 5905314 0.06701333 -0.004559088 0.1353825
0.06668344 -0.0005369014 -0.00701017 6015405 0.06188457 -0.004142346 0.1353634
0.06668344 -0.0005369014 -0.00701017 6135522 0.06188457 -0.004142346 0.1353634
0.06170906 -0.0001209969 -0.006871317 6245621 0.05690562 -0.003723673 0.1355021
0.05664039 -0.0001290381 -0.006815779 6355724 0.05187419 -0.003441494 0.135566
0.05664039 -0.0001290381 -0.006815779 6465819 0.05187419 -0.003441494 0.135566
0.05076125 -0.0001294034 -0.006782054 6575919 0.04658769 -0.003221502 0.1356232
0.04489494 0.0001569224 -0.006827921 6696023 0.04118551 -0.002861051 0.1355918
0.04489494 0.0001569224 -0.006827921 6826144 0.04118551 -0.002861051 0.1355918
0.03951858 -0.0001288849 -0.00684273 6916237 0.03579857 -0.002660434 0.1355862
0.034183 -0.0004040294 -0.006793168 7026324 0.03046892 -0.002522062 0.1356427
0.034183 -0.0004040294 -0.006793168 7136424 0.03046892 -0.002522062 0.1356427
0.02864907 -0.0003609032 -0.006923227 7256540 0.0251386 -0.002436333 0.1355184
0.02291553 -0.0004024345 -0.006860157 7366627 0.01962871 -0.002442938 0.1355873
0.02291553 -0.0004024345 -0.006860157 7466717 0.01962871 -0.002442938 0.1355873
0.01663747 -0.0002508415 -0.006693385 7586838 0.01393107 -0.002462613 0.1357637
0.01127177 -0.000134411 -0.006862552 7706950 0.008497128 -0.002409529 0.1355923
0.01127177 -0.000134411 -0.006862552 7807028 0.008497128 -0.002409529 0.1355923
0.005309145 -0.0002289634 -0.006775476 7937145 0.002750956 -0.002407782 0.1356849
-0.000630006 -0.0001429647 -0.006736264 8037248 -0.003107833 -0.002308721 0.1357257
-0.000630006 -0.0001429647 -0.006736264 8147331 -0.003107833 -0.002308721 0.1357257
-0.006598 -3.045458E-05 -0.006674396 8257438 -0.008956951 -0.002145691 0.1357904
-0.01257587 -2.842638E-05 -0.006598792 8367545 -0.01492571 -0.002029333 0.1358677
-0.01257587 -2.842638E-05 -0.006598792 8477628 -0.01492571 -0.002029333 0.1358677
-0.01923272 0.0003162395 -0.006648767 8587740 -0.02097575 -0.001876093 0.1358237
-0.02557918 0.0005843961 -0.006588503 8707840 -0.02706328 -0.001769842 0.1358843
-0.03192996 0.0004936905 -0.006511816 8817931 -0.03334124 -0.001621504 0.1359655
-0.03192996 0.0004936905 -0.006511816 8928079 -0.03334124 -0.001621504 0.1359655
-0.03816833 0.0004310451 -0.006456051 9068181 -0.03946626 -0.001563236 0.1360241
-0.03816833 0.0004310451 -0.006456051 9148237 -0.03946626 -0.001563236 0.1360241
-0.04461416 0.0005197835 -0.006424239 9268349 -0.04564931 -0.001469387 0.1360581
-0.05106344 0.0007147401 -0.006366105 9368443 -0.05181076 -0.001323109 0.1361173
-0.05785506 0.001267283 -0.006460412 9488548 -0.05797773 -0.001124835 0.1360195
-0.05785506 0.001267283 -0.006460412 9598639 -0.05797773 -0.001124835 0.1360195
-0.06374837 0.001391408 -0.006450717 9708742 -0.06390868 -0.000989113 0.1360293
-0.06374837 0.001391408 -0.006450717 9818841 -0.06390868 -0.000989113 0.1360293
-0.07035358 0.001372452 -0.006448154 9928944 -0.07009698 -0.0008417148 0.1360344
-0.07658062 0.001710257 -0.006413328 10039040 -0.07619219 -0.0005499879 0.1360682
-0.07658062 0.001710257 -0.006413328 10159148 -0.07619219 -0.0005499879 0.1360682
-0.08297814 0.001790501 -0.00640439 10269251 -0.08232754 -0.0003260953 0.1360784
-0.089085 0.002014951 -0.006375017 10379346 -0.08823522 -0.0001346887 0.1361062
-0.09472752 0.002270451 -0.00634728 10509459 -0.09381519 -0.0001508911 0.1361292
-0.09472752 0.002270451 -0.00634728 10609554 -0.09381519 -0.0001508911 0.1361292
-0.1003291 0.002269977 -0.006270657 10709656 -0.09944065 -9.177543E-05 0.136207
-0.1003291 0.002269977 -0.006270657 10829748 -0.09944065 -9.177543E-05 0.136207
-0.1050026 0.002311616 -0.006317036 10939847 -0.1045359 -8.850761E-05 0.136162
-0.1101246 0.002261463 -0.006306373 11049955 -0.1094465 -0.0001627702 0.1361714
-0.1101246 0.002261463 -0.006306373 11160050 -0.1094465 -0.0001627702 0.1361714
-0.114355 0.002045177 -0.00630139 11270157 -0.1138777 -0.0003572398 0.1361775
-0.1182631 0.002008884 -0.00624429 11390269 -0.1177216 -0.0005745821 0.1362312
-0.122222 0.001740486 -0.006231139 11500365 -0.1213131 -0.0008660851 0.1362421
-0.122222 0.001740486 -0.006231139 11600451 -0.1213131 -0.0008660851 0.1362421
-0.1257303 0.00170196 -0.006190503 11720579 -0.1245846 -0.001204562 0.1362752
-0.1257303 0.00170196 -0.006190503 11830650 -0.1245846 -0.001204562 0.1362752
-0.128499 0.001518584 -0.006201366 11940778 -0.1275245 -0.001460678 0.1362641
-0.130704 0.001325119 -0.006206942 12050861 -0.1300471 -0.001735882 0.1362587
-0.130704 0.001325119 -0.006206942 12160952 -0.1300471 -0.001735882 0.1362587
-0.1329099 0.001284961 -0.006220967 12291073 -0.1323414 -0.001978404 0.1362405
-0.1344331 0.001124848 -0.00622651 12391167 -0.1342908 -0.002322551 0.1362317
-0.1354425 0.001073427 -0.006123509 12501271 -0.1359743 -0.002710599 0.1363252
-0.1354425 0.001073427 -0.006123509 12631376 -0.1359743 -0.002710599 0.1363252
-0.1350727 0.0007450677 -0.005986289 12721465 -0.1373031 -0.003216023 0.1364412
-0.1350727 0.0007450677 -0.005986289 12831560 -0.1373031 -0.003216023 0.1364412
-0.1350521 0.0007837288 -0.00597515 12951786 -0.1381034 -0.003755619 0.1364198
-0.1354355 0.0006045501 -0.005964589 13061772 -0.1384009 -0.004350706 0.1364183
-0.1354355 0.0006045501 -0.005964589 13161854 -0.1384009 -0.004350706 0.1364183
-0.136054 -3.082206E-05 -0.005813654 13281966 -0.1382908 -0.005106706 0.1365784
-0.1354041 0.0001010373 -0.004354752 13412254 -0.1381971 -0.006400507 0.1379694
-0.1332311 0.0006564287 -0.0005197431 13502161 -0.1387693 -0.008351364 0.1415874
-0.1332311 0.0006564287 -0.0005197431 13612256 -0.1387693 -0.008351364 0.1415874
-0.1299681 0.001212796 0.005834298 13732376 -0.139726 -0.01062522 0.1475061
-0.1266992 0.002190953 0.01424456 13842471 -0.1410526 -0.0137709 0.1551184
