0.1568353 0.0002630343 -0.006564221 0 0.1361246 -0.01325523 0.1337731
0.1568353 0.0002630343 -0.006564221 110095 0.1361246 -0.01325523 0.1337731
0.156819 0.0002055565 -0.006495447 260234 0.1360484 -0.0134567 0.1338191
0.1568716 0.0002912177 -0.006472077 330302 0.1359412 -0.01360041 0.1337962
0.1568716 0.0002912177 -0.006472077 440389 0.1359412 -0.01360041 0.1337962
0.1568568 0.000303903 -0.006479452 550492 0.1358033 -0.0137019 0.1337591
0.1567314 0.0003214347 -0.006530849 670608 0.1354982 -0.01369433 0.1336796
0.1567314 0.0003214347 -0.006530849 780687 0.1354982 -0.01369433 0.1336796
0.156742 0.0002692131 -0.006501921 890795 0.1352233 -0.01366055 0.1336735
0.1557951 0.0001750688 -0.006545155 1010915 0.1350523 -0.01354311 0.1337681
0.1557951 0.0001750688 -0.006545155 1120998 0.1350523 -0.01354311 0.1337681
0.1549405 0.0002561536 -0.006551535 1221096 0.1347412 -0.0134572 0.1338414
0.1539556 0.0002496167 -0.006575052 1341213 0.134292 -0.01329779 0.13391
0.1530199 0.0001155808 -0.006525021 1451300 0.1337204 -0.01316978 0.1340355
0.1530199 0.0001155808 -0.006525021 1561391 0.1337204 -0.01316978 0.1340355
0.1519247 5.076831E-05 -0.006562428 1691516 0.1330086 -0.01299441 0.1340727
0.1506662 -0.0001058561 -0.006621957 1791610 0.1321536 -0.01277672 0.1341011
0.1506662 -0.0001058561 -0.006621957 1901698 0.1321536 -0.01277672 0.1341011
0.1491658 -0.0002759923 -0.006614455 2001792 0.131073 -0.0125477 0.1341985
0.1474212 -0.0003699086 -0.006640741 2121904 0.1299008 -0.01228555 0.1342752
0.1474212 -0.0003699086 -0.006640741 2232113 0.1299008 -0.01228555 0.1342752
0.145331 -0.0005027065 -0.006668316 2342107 0.1285314 -0.01198934 0.134371
0.145331 -0.0005027065 -0.006668316 2452202 0.1285314 -0.01198934 0.134371
0.143039 -0.0006982879 -0.006702048 2572306 0.1269235 -0.01173 0.1344533
0.1404813 -0.0007955784 -0.00678347 2682579 0.1251537 -0.01149302 0.1344853
0.1379039 -0.00100703 -0.006845127 2812527 0.1230977 -0.01126583 0.1345118
0.1379039 -0.00100703 -0.006845127 2912613 0.1230977 -0.01126583 0.1345118
0.1355078 -0.001139933 -0.00679934 3012707 0.121001 -0.01105857 0.1346129
0.1355078 -0.001139933 -0.00679934 3122806 0.121001 -0.01105857 0.1346129
0.1326759 -0.001360229 -0.006746089 3242910 0.1186288 -0.01090216 0.1347385
0.1295064 -0.001452289 -0.006863339 3353030 0.1160169 -0.01057736 0.134703
0.1266357 -0.001752463 -0.006764434 3463105 0.1133034 -0.01037484 0.1348482
0.1266357 -0.001752463 -0.006764434 3573208 0.1133034 -0.01037484 0.1348482
0.1236375 -0.001936427 -0.006696222 3683311 0.1103192 -0.01000813 0.1349503
0.1236375 -0.001936427 -0.006696222 3793410 0.1103192 -0.01000813 0.1349503
0.1203274 -0.001929942 -0.006741292 3903510 0.1070731 -0.009411613 0.1349435
0.1168278 -0.001967793 -0.00677286 4023630 0.1036952 -0.008862754 0.1349531
0.1168278 -0.001967793 -0.00677286 4123708 0.1036952 -0.008862754 0.1349531
0.1131459 -0.002103636 -0.006735434 4244011 0.1002277 -0.008398379 0.1350381
0.1095153 -0.001830799 -0.006691461 4353916 0.09661297 -0.007880351 0.1350942
0.1061221 -0.001759385 -0.006610854 4464019 0.09290105 -0.007398589 0.1351624
0.1061221 -0.001759385 -0.006610854 4574106 0.09290105 -0.007398589 0.1351624
0.101781 -0.001627492 -0.00664874 4694234 0.08870429 -0.006790025 0.1351561
0.09773771 -0.001517056 -0.006622904 4804322 0.08445425 -0.006165907 0.1351805
0.09773771 -0.001517056 -0.006622904 4914421 0.08445425 -0.006165907 0.1351805
0.09309903 -0.001323195 -0.0067679 5024520 0.08020952 -0.00555781 0.1350848
0.08847895 -0.00132057 -0.006634085 5134611 0.07591219 -0.005184107 0.1352581
0.08847895 -0.00132057 -0.006634085 5244714 0.07591219 -0.005184107 0.1352581
0.08400887 -0.0009009715 -0.006651586 5354830 0.07155034 -0.004807787 0.135249
0.07924993 -0.000418968 -0.006501371 5475282 0.06709331 -0.004530973 0.1354196
0.07924993 -0.000418968 -0.006501371 5585021 0.06709331 -0.004530973 0.1354196
0.07444211 -0.0001825506 -0.006498651 5705133 0.0626277 -0.004390024 0.1354484
0.06961248 0.0001579604 -0.006437892 5845268 0.05794606 -0.004186454 0.1355173
0.06961248 0.0001579604 -0.006437892 5915319 0.05794606 -0.004186454 0.1355173
0.06465831 0.0003844514 -0.006585269 6035439 0.05326011 -0.003990532 0.1353908
0.05953085 0.0005997314 -0.006447515 6135521 0.04856648 -0.003820568 0.1355613
0.05953085 0.0005997314 -0.006447515 6255629 0.04856648 -0.003820568 0.1355613
0.05420799 0.001021395 -0.006535291 6365741 0.04382368 -0.003599838 0.1355107
0.04905727 0.001212927 -0.006463131 6475840 0.03891616 -0.003374619 0.1356015
0.04905727 0.001212927 -0.006463131 6585927 0.03891616 -0.003374619 0.1356015
0.04348877 0.001466531 -0.006510393 6706048 0.03399669 -0.003185855 0.1355969
0.03859406 0.001480789 -0.006487955 6816147 0.02900597 -0.002984875 0.135619
0.03859406 0.001480789 -0.006487955 6926234 0.02900597 -0.002984875 0.135619
0.03271181 0.002053815 -0.00664744 7036333 0.02388929 -0.002624776 0.1355022
0.02718803 0.002305451 -0.006606739 7146440 0.0186558 -0.00239772 0.1355598
0.02718803 0.002305451 -0.006606739 7266541 0.0186558 -0.00239772 0.1355598
0.02168395 0.002651531 -0.006588418 7366631 0.01335743 -0.002051068 0.1355903
0.01587048 0.003111641 -0.006617358 7476730 0.008056877 -0.001712937 0.1355865
0.01587048 0.003111641 -0.006617358 7586825 0.008056877 -0.001712937 0.1355865
0.01038248 0.003406795 -0.006522885 7716955 0.002731131 -0.001387882 0.1356907
0.004895691 0.003556818 -0.006438024 7817037 -0.002593268 -0.00119553 0.1357856
0.004895691 0.003556818 -0.006438024 7927132 -0.002593268 -0.00119553 0.1357856
-0.0007749022 0.003982874 -0.006559041 8047252 -0.007889108 -0.0009114877 0.135679
-0.006500636 0.004113129 -0.006547792 8147342 -0.01331789 -0.0006684986 0.1357087
-0.006500636 0.004113129 -0.006547792 8257442 -0.01331789 -0.0006684986 0.1357087
-0.0124239 0.004535658 -0.006627753 8387567 -0.01862169 -0.0004491261 0.1356501
-0.01772002 0.004560799 -0.006507604 8487645 -0.02380517 -0.0004298383 0.1357749
-0.01772002 0.004560799 -0.006507604 8597740 -0.02380517 -0.0004298383 0.1357749
-0.02314684 0.004502831 -0.006340589 8707839 -0.02902565 -0.0004708659 0.1359512
-0.0286373 0.004652485 -0.006389354 8817935 -0.03425394 -0.0004078438 0.1359099
-0.0286373 0.004652485 -0.006389354 8928038 -0.03425394 -0.0004078438 0.1359099
-0.03394788 0.004531246 -0.006333241 9048138 -0.03953955 -0.0003104367 0.1359747
-0.03944792 0.004659418 -0.006422373 9158245 -0.04476056 -0.0002126251 0.1358952
-0.03944792 0.004659418 -0.006422373 9268345 -0.04476056 -0.0002126251 0.1358952
-0.04455032 0.004532354 -0.006323642 9378436 -0.04990475 -0.0001610824 0.1359984
-0.05019725 0.004501843 -0.006362018 9498552 -0.05506713 -0.0001947983 0.1359773
-0.05532376 0.004353251 -0.006215076 9608655 -0.06009835 -0.0002587714 0.1361302
-0.05532376 0.004353251 -0.006215076 9718763 -0.06009835 -0.0002587714 0.1361302
-0.06093717 0.00450053 -0.006258478 9848884 -0.06532349 -0.0002759546 0.1360939
-0.06093717 0.00450053 -0.006258478 9938949 -0.06532349 -0.0002759546 0.1360939
-0.0661753 0.004363067 -0.00614777 10059430 -0.07046594 -0.0002837123 0.1362118
-0.0719717 0.004533719 -0.006233307 10169156 -0.07566898 -0.0002494032 0.1361384
-0.0719717 0.004533719 -0.006233307 10289273 -0.07566898 -0.0002494032 0.1361384
-0.07705317 0.004554141 -0.006141925 10399380 -0.08070442 -0.000267051 0.1362297
-0.08266048 0.00463546 -0.006174707 10509475 -0.08579884 -0.0003559885 0.1362033
-0.08266048 0.00463546 -0.006174707 10609549 -0.08579884 -0.0003559885 0.1362033
-0.08798101 0.004702326 -0.006197763 10719653 -0.0907329 -0.000432962 0.136183
-0.09269141 0.004361826 -0.00608603 10829748 -0.0955239 -0.0006017275 0.1362993
-0.09269141 0.004361826 -0.00608603 10939855 -0.0955239 -0.0006017275 0.1362993
-0.0976729 0.004297413 -0.006133577 11069968 -0.1001942 -0.0007545549 0.1362545
-0.1024799 0.004388898 -0.006140271 11170054 -0.1046941 -0.0008501332 0.1362462
-0.1024799 0.004388898 -0.006140271 11280150 -0.1046941 -0.0008501332 0.1362462
-0.1070012 0.004116265 -0.006096386 11390249 -0.1089923 -0.001033814 0.1362966
-0.1114896 0.0041977 -0.006123404 11510373 -0.113081 -0.001156864 0.136267
-0.1114896 0.0041977 -0.006123404 11610455 -0.113081 -0.001156864 0.136267
-0.1158861 0.00429733 -0.006102857 11730564 -0.1170157 -0.001258773 0.1362843
-0.1206131 0.004531005 -0.006097934 11860693 -0.1209875 -0.001232746 0.1362849
-0.1206131 0.004531005 -0.006097934 11950758 -0.1209875 -0.001232746 0.1362849
-0.1247906 0.004993539 -0.006101357 12070870 -0.1245675 -0.00123562 0.1362622
-0.1290946 0.005254005 -0.006196615 12190978 -0.127942 -0.00128626 0.1361486
-0.1328526 0.005547378 -0.006210048 12281072 -0.131032 -0.001339977 0.1361117
-0.1328526 0.005547378 -0.006210048 12401160 -0.131032 -0.001339977 0.1361117
-0.1363021 0.005353414 -0.006235739 12511275 -0.1339692 -0.001523846 0.136079
-0.1363021 0.005353414 -0.006235739 12621366 -0.1339692 -0.001523846 0.136079
-0.1391296 0.005254033 -0.00613548 12741471 -0.13682 -0.001501093 0.1361856
-0.1415463 0.005327303 -0.006224349 12841565 -0.1395582 -0.00146552 0.1360998
-0.1415463 0.005327303 -0.006224349 12961673 -0.1395582 -0.00146552 0.1360998
-0.1435694 0.005338682 -0.006155582 13061779 -0.1419388 -0.001484451 0.1361716
-0.1453198 0.005034717 -0.006111422 13171854 -0.1440564 -0.001616849 0.1362277
-0.1466136 0.005188842 -0.006179065 13311997 -0.145776 -0.001610162 0.1361561
-0.1466136 0.005188842 -0.006179065 13402070 -0.145776 -0.001610162 0.1361561
-0.1478225 0.005011061 -0.006123073 13512169 -0.1472367 -0.001828251 0.1362115
-0.1478225 0.005011061 -0.006123073 13622264 -0.1472367 -0.001828251 0.1362115
-0.1482725 0.005070499 -0.00612731 13742377 -0.1483296 -0.001964109 0.1361989
-0.1478255 0.004855547 -0.00595547 13852488 -0.1490873 -0.0022838 0.13636
-0.1478255 0.004855547 -0.00595547 13952566 -0.1490873 -0.0022838 0.13636
-0.147671 0.004714135 -0.00587906 14072674 -0.1493578 -0.002591611 0.1364235
-0.1485499 0.004723716 -0.006011807 14182786 -0.1492287 -0.002928521 0.136281
-0.1485499 0.004723716 -0.006011807 14292865 -0.1492287 -0.002928521 0.136281
-0.1491133 0.004738161 -0.005930995 14413046 -0.1487451 -0.003564476 0.1363264
-0.1475794 0.004632392 -0.004551266 14533101 -0.1483326 -0.004654528 0.1376438
-0.1475794 0.004632392 -0.004551266 14623162 -0.1483326 -0.004654528 0.1376438
-0.143836 0.00473227 -0.0009525783 14743279 -0.1485451 -0.006195505 0.1410497
-0.1391495 0.004882441 0.004691286 14863403 -0.1488859 -0.00803395 0.1462703
-0.1391495 0.004882441 0.004691286 14963477 -0.1488859 -0.00803395 0.1462703
