0.04780714 -0.0006157904 -0.004628301 0 0.01961773 -0.0086112 0.1348266
0.04777889 -0.0005565396 -0.00438577 110120 0.01956176 -0.008725641 0.1350535
0.04785488 -0.0004786512 -0.004046262 220195 0.01942371 -0.00883281 0.1353385
0.04785488 -0.0004786512 -0.004046262 340299 0.01942371 -0.00883281 0.1353385
0.0477647 -0.0002413539 -0.003737629 440389 0.01919048 -0.008839933 0.1356031
0.04783038 -0.0002783646 -0.003444553 570511 0.01903402 -0.008876083 0.1358504
0.04783038 -0.0002783646 -0.003444553 680626 0.01903402 -0.008876083 0.1358504
0.04785899 -0.0002142859 -0.003205002 780712 0.01889335 -0.008832214 0.1360537
0.04799638 -0.0001169254 -0.002879263 890799 0.0186982 -0.008885024 0.1363004
0.04799638 -0.0001169254 -0.002879263 1010911 0.0186982 -0.008885024 0.1363004
0.04815714 0.0002373907 -0.002530397 1121015 0.01847624 -0.008924661 0.1365428
0.04818545 0.0008402916 -0.002142609 1231126 0.01818441 -0.008994041 0.1368159
0.04818545 0.0008402916 -0.002142609 1341205 0.01818441 -0.008994041 0.1368159
0.04817145 0.001486801 -0.001855791 1451321 0.01796179 -0.008993117 0.1370103
0.04790835 0.00223922 -0.001717389 1561408 0.01766126 -0.0088253 0.1370952
0.04790835 0.00223922 -0.001717389 1681516 0.01766126 -0.0088253 0.1370952
0.04780374 0.002943179 -0.001611174 1791623 0.01743852 -0.008622555 0.1371348
0.04754172 0.003935447 -0.001638532 1901706 0.01718651 -0.008273898 0.1370544
0.04754172 0.003935447 -0.001638532 2021985 0.01718651 -0.008273898 0.1370544
0.04717414 0.005000416 -0.001693487 2121917 0.01691364 -0.007882176 0.1369593
0.04668097 0.00647966 -0.001722336 2232012 0.01652001 -0.007454006 0.1368505
0.04628055 0.008062487 -0.001604259 2372146 0.01605057 -0.007016419 0.1368335
0.04628055 0.008062487 -0.001604259 2462232 0.01605057 -0.007016419 0.1368335
0.04570912 0.009656868 -0.00159055 2572331 0.0155127 -0.006449578 0.1367388
0.04570912 0.009656868 -0.00159055 2682410 0.0155127 -0.006449578 0.1367388
0.0451455 0.01111879 -0.001590609 2792517 0.01499175 -0.005773066 0.1366544
0.04463969 0.01273971 -0.001626968 2902624 0.01448213 -0.005043833 0.1365052
0.04463969 0.01273971 -0.001626968 3012720 0.01448213 -0.005043833 0.1365052
0.04375188 0.01446095 -0.001750647 3132832 0.01382088 -0.004219679 0.1363125
0.0432968 0.01615929 -0.00157678 3242931 0.01325332 -0.003498106 0.1363262
0.0432968 0.01615929 -0.00157678 3353034 0.01325332 -0.003498106 0.1363262
0.04246686 0.01793576 -0.001385449 3483326 0.01267689 -0.002844153 0.1364078
0.04115067 0.01973398 -0.00125718 3573237 0.01187765 -0.002100168 0.1364839
0.04115067 0.01973398 -0.00125718 3683425 0.01187765 -0.002100168 0.1364839
0.0403658 0.02147179 -0.0009403211 3803420 0.01111983 -0.001307933 0.1366533
0.03986316 0.02335118 -0.0005719046 3913539 0.01037388 -0.0003838225 0.1368081
0.03986316 0.02335118 -0.0005719046 4023627 0.01037388 -0.0003838225 0.1368081
0.03851353 0.02502401 -0.0005328038 4133726 0.009554736 0.0005195008 0.136825
0.03734409 0.02680632 -0.0004912592 4243837 0.008856885 0.001392441 0.1367999
0.03734409 0.02680632 -0.0004912592 4353936 0.008856885 0.001392441 0.1367999
0.03609936 0.02859166 -0.000375626 4464036 0.008158915 0.002254875 0.1368539
0.03493218 0.03020168 -0.0001853082 4604162 0.007263534 0.003105567 0.1369514
0.03493218 0.03020168 -0.0001853082 4694227 0.007263534 0.003105567 0.1369514
0.03369002 0.03180161 -3.033592E-05 4814351 0.006362491 0.00410998 0.1370559
0.03210889 0.03329029 2.301041E-05 4914450 0.005349511 0.005143435 0.1371286
0.03210889 0.03329029 2.301041E-05 5024529 0.005349511 0.005143435 0.1371286
0.03057002 0.03476203 0.0001137884 5144653 0.004281276 0.006116466 0.1372071
0.02918844 0.0362361 0.0003283057 5254748 0.003193075 0.007066788 0.1373671
0.02918844 0.0362361 0.0003283057 5364827 0.003193075 0.007066788 0.1373671
0.02738254 0.03760602 0.0005765592 5484956 0.001954431 0.00777206 0.1375787
0.02570235 0.03919658 0.0009892619 5585042 0.0007080984 0.008404421 0.1378592
0.02402341 0.04033757 0.001288179 5715159 -0.0005114123 0.00901285 0.1381204
0.02402341 0.04033757 0.001288179 5815257 -0.0005114123 0.00901285 0.1381204
0.02232748 0.04151909 0.001549188 5925340 -0.001734022 0.009710046 0.1383537
0.02232748 0.04151909 0.001549188 6025435 -0.001734022 0.009710046 0.1383537
0.02051728 0.04236157 0.001732055 6145547 -0.003162149 0.0103112 0.1385469
0.01866465 0.0432207 0.001879458 6255666 -0.004570011 0.0108257 0.1386894
0.01866465 0.0432207 0.001879458 6365729 -0.004570011 0.0108257 0.1386894
0.01668548 0.04427197 0.002021794 6485870 -0.006058278 0.01127537 0.1387704
0.01471877 0.0451818 0.002109115 6595953 -0.007476809 0.01167286 0.1388233
0.01471877 0.0451818 0.002109115 6696043 -0.007476809 0.01167286 0.1388233
0.01253324 0.04596293 0.002185051 6816155 -0.009115459 0.01199246 0.138873
0.01064771 0.04682057 0.002275352 6926255 -0.01074228 0.01239835 0.138891
0.01064771 0.04682057 0.002275352 7036342 -0.01074228 0.01239835 0.138891
0.008445856 0.04740263 0.002169912 7156458 -0.01239711 0.0128234 0.1388304
0.006349024 0.04817396 0.0020451 7266557 -0.01411539 0.01321243 0.1386655
0.004153071 0.04860155 0.001975005 7366643 -0.0158703 0.01351249 0.1386281
0.004153071 0.04860155 0.001975005 7486748 -0.0158703 0.01351249 0.1386281
0.001827894 0.04904199 0.00187618 7616865 -0.01771244 0.01383372 0.1385685
-0.0001746426 0.04922619 0.001933639 7706954 -0.019445 0.01398668 0.1386562
-0.0001746426 0.04922619 0.001933639 7827070 -0.019445 0.01398668 0.1386562
-0.002495587 0.04946041 0.001992051 7927157 -0.02132466 0.01407609 0.1387387
-0.004808187 0.04950071 0.002063637 8037244 -0.02302974 0.01398588 0.1388588
-0.004808187 0.04950071 0.002063637 8157352 -0.02302974 0.01398588 0.1388588
-0.007009625 0.04952117 0.002231603 8267451 -0.02476916 0.01378706 0.1390304
-0.009026109 0.04951317 0.002353792 8397564 -0.02645781 0.01363294 0.1391566
-0.009026109 0.04951317 0.002353792 8487654 -0.02645781 0.01363294 0.1391566
-0.01112595 0.04914479 0.002480571 8597765 -0.02814805 0.01331415 0.1393479
-0.01324123 0.04889501 0.002602999 8707864 -0.02968615 0.01289367 0.1394961
-0.01324123 0.04889501 0.002602999 8827960 -0.02968615 0.01289367 0.1394961
-0.01535341 0.04852319 0.002729063 8938051 -0.03122788 0.01233176 0.1396394
-0.01743546 0.04808071 0.00281692 9048171 -0.0327838 0.01171616 0.1397413
-0.01743546 0.04808071 0.00281692 9158262 -0.0327838 0.01171616 0.1397413
-0.01961594 0.04749998 0.002824788 9278370 -0.03441661 0.01111468 0.139804
-0.02172166 0.0466422 0.00281084 9378473 -0.03603884 0.01049455 0.1399042
-0.02172166 0.0466422 0.00281084 9498561 -0.03603884 0.01049455 0.1399042
-0.02393821 0.04596687 0.002739314 9608660 -0.03770485 0.00985979 0.1398998
-0.02618995 0.04485309 0.002720181 9718759 -0.03943747 0.009000054 0.1399984
-0.02618995 0.04485309 0.002720181 9838871 -0.03943747 0.009000054 0.1399984
-0.02837058 0.04368867 0.002626781 9948979 -0.04119166 0.008160954 0.14003
-0.03069308 0.04260925 0.002480987 10049065 -0.04299488 0.007362952 0.1400041
-0.03069308 0.04260925 0.002480987 10169165 -0.04299488 0.007362952 0.1400041
-0.03277143 0.04127866 0.002380911 10299286 -0.04482108 0.006459138 0.140035
-0.03489783 0.04010097 0.002346281 10389372 -0.04655354 0.005450255 0.1400769
-0.03489783 0.04010097 0.002346281 10509476 -0.04655354 0.005450255 0.1400769
-0.03672417 0.03888765 0.002496306 10609566 -0.04827189 0.004297084 0.1402511
-0.03892934 0.03767109 0.002620164 10719669 -0.04999601 0.003051571 0.1404072
-0.03892934 0.03767109 0.002620164 10840089 -0.04999601 0.003051571 0.1404072
-0.04066395 0.03621679 0.002741519 10949860 -0.05163037 0.001694582 0.140561
-0.04222631 0.03514382 0.002750698 11059972 -0.05311327 0.000528656 0.1405531
-0.04222631 0.03514382 0.002750698 11170079 -0.05311327 0.000528656 0.1405531
-0.04436665 0.03373321 0.002708855 11280166 -0.05467194 -0.0008850318 0.1405552
-0.04654732 0.03232868 0.002601865 11390274 -0.05613344 -0.002370409 0.1404798
-0.04654732 0.03232868 0.002601865 11510382 -0.05613344 -0.002370409 0.1404798
-0.0482375 0.03089862 0.002625885 11620485 -0.05764132 -0.003806165 0.140515
-0.05032843 0.02928699 0.00250155 11740593 -0.05940478 -0.00519537 0.1404683
-0.05032843 0.02928699 0.00250155 11840671 -0.05940478 -0.00519537 0.1404683
-0.0520324 0.02755516 0.002329113 11950783 -0.06114142 -0.006497792 0.1404004
-0.05374255 0.02544317 0.002108755 12060923 -0.06304991 -0.007845929 0.1403529
-0.05374255 0.02544317 0.002108755 12180982 -0.06304991 -0.007845929 0.1403529
-0.05588316 0.02323046 0.001637937 12291089 -0.0648685 -0.009218594 0.140103
-0.0570768 0.02104194 0.001386286 12391168 -0.06652372 -0.01070939 0.1399823
-0.0570768 0.02104194 0.001386286 12531286 -0.06652372 -0.01070939 0.1399823
-0.05863463 0.01867317 0.0009874117 12631384 -0.06821435 -0.01236363 0.139736
-0.05999749 0.01632484 0.0005970607 12731470 -0.06979906 -0.01410898 0.1394638
-0.05999749 0.01632484 0.0005970607 12841573 -0.06979906 -0.01410898 0.1394638
-0.06087177 0.01351598 0.0002014643 12961694 -0.07128065 -0.01608666 0.1392035
-0.06195705 0.01054608 -0.0004295703 13071793 -0.07257938 -0.01813497 0.1387495
-0.06195705 0.01054608 -0.0004295703 13181896 -0.07257938 -0.01813497 0.1387495
-0.06282248 0.00745222 -0.001111746 13291979 -0.07371216 -0.02031444 0.138232
-0.06346818 0.0041427 -0.001744926 13412096 -0.07484245 -0.02270164 0.1377407
-0.06346818 0.0041427 -0.001744926 13522195 -0.07484245 -0.02270164 0.1377407
-0.06391322 0.0006645645 -0.002345265 13632286 -0.07589459 -0.02526017 0.1372635
-0.06429311 -0.002757215 -0.003032566 13742393 -0.07663213 -0.02790861 0.1366864
-0.06429311 -0.002757215 -0.003032566 13852484 -0.07663213 -0.02790861 0.1366864
-0.06466784 -0.006357067 -0.003737868 13972593 -0.0771709 -0.03071864 0.1361065
-0.06489795 -0.01003227 -0.004348518 14082684 -0.07758921 -0.03360768 0.1356135
-0.06489795 -0.01003227 -0.004348518 14182786 -0.07758921 -0.03360768 0.1356135
-0.06504329 -0.01380653 -0.004884483 14302903 -0.07795577 -0.03655197 0.1351946
-0.06523531 -0.01750788 -0.005401316 14423023 -0.07833236 -0.03949733 0.1347813
-0.06523531 -0.01750788 -0.005401316 14523085 -0.07833236 -0.03949733 0.1347813
-0.06495874 -0.0213293 -0.005731943 14643205 -0.07850908 -0.04250579 0.1345328
-0.06470226 -0.02507248 -0.006034199 14743299 -0.07861721 -0.04553981 0.1343001
-0.06470226 -0.02507248 -0.006034199 14853378 -0.07861721 -0.04553981 0.1343001
-0.06448462 -0.02894682 -0.006229643 14963490 -0.07842075 -0.04864673 0.1342123
-0.06416851 -0.03258793 -0.006356303 15073585 -0.07805353 -0.05183236 0.1341538
-0.06416851 -0.03258793 -0.006356303 15193693 -0.07805353 -0.05183236 0.1341538
-0.06348293 -0.03632476 -0.006215637 15303792 -0.07774996 -0.05500291 0.1343326
-0.06265562 -0.04011596 -0.006002491 15413892 -0.07730889 -0.05819206 0.1345848
-0.06265562 -0.04011596 -0.006002491 15523991 -0.07730889 -0.05819206 0.1345848
-0.0614908 -0.04385913 -0.005679553 15644099 -0.07675003 -0.06135614 0.1349165
-0.06023326 -0.04723246 -0.00537855 15744193 -0.07596164 -0.06446715 0.1351982
-0.06023326 -0.04723246 -0.00537855 15854289 -0.07596164 -0.06446715 0.1351982
-0.05876028 -0.05070436 -0.004973716 15974405 -0.07497471 -0.06761883 0.1355867
-0.05721649 -0.05371085 -0.00454659 16084492 -0.07378333 -0.07059591 0.1359763
-0.05721649 -0.05371085 -0.00454659 16194591 -0.07378333 -0.07059591 0.1359763
-0.0551655 -0.05626682 -0.003785617 16314740 -0.07231622 -0.07342221 0.1366344
-0.05338481 -0.05922816 -0.003129013 16424803 -0.07088631 -0.0762756 0.1372609
-0.05338481 -0.05922816 -0.003129013 16524901 -0.07088631 -0.0762756 0.1372609
-0.05157921 -0.062019 -0.002357253 16644997 -0.06940603 -0.07907908 0.1379902
-0.04953551 -0.06479573 -0.001452395 16755100 -0.06778973 -0.08177628 0.1388497
-0.04953551 -0.06479573 -0.001452395 16865200 -0.06778973 -0.08177628 0.1388497
-0.04716298 -0.06736524 -0.0004871577 16975307 -0.0659216 -0.08431334 0.1397524
-0.04482177 -0.0696686 0.0004877951 17095419 -0.06385905 -0.08670945 0.1406785
-0.04482177 -0.0696686 0.0004877951 17195497 -0.06385905 -0.08670945 0.1406785
-0.0423556 -0.07177707 0.001450648 17315614 -0.06161535 -0.08892677 0.1415977
-0.03968549 -0.07397483 0.002411355 17425709 -0.05924261 -0.09102149 0.1425298
-0.03705556 -0.07596681 0.003467013 17535800 -0.05692035 -0.09299392 0.1435445
-0.03705556 -0.07596681 0.003467013 17645903 -0.05692035 -0.09299392 0.1435445
-0.03404263 -0.07752191 0.00464939 17756002 -0.05443466 -0.09479693 0.1446207
-0.0310261 -0.07899711 0.005872894 17866098 -0.0518474 -0.0964872 0.1457543
-0.0310261 -0.07899711 0.005872894 17996235 -0.0518474 -0.0964872 0.1457543
-0.02804679 -0.08036027 0.00708269 18096309 -0.04919166 -0.09804428 0.1468912
-0.02502537 -0.08152825 0.008274245 18206416 -0.04646713 -0.09936298 0.1480183
-0.02502537 -0.08152825 0.008274245 18316508 -0.04646713 -0.09936298 0.1480183
-0.02181182 -0.08245869 0.00945847 18426603 -0.04362202 -0.1004779 0.1491219
-0.01862694 -0.0833106 0.01066487 18546723 -0.04083971 -0.1013951 0.1502564
-0.01862694 -0.0833106 0.01066487 18656818 -0.04083971 -0.1013951 0.1502564
-0.01531784 -0.08374788 0.01183932 18766913 -0.03801871 -0.1020808 0.1513198
-0.01213888 -0.08399828 0.01297359 18897043 -0.03517336 -0.1026298 0.1523598
-0.01213888 -0.08399828 0.01297359 18997129 -0.03517336 -0.1026298 0.1523598
-0.008836637 -0.08397896 0.01403378 19097211 -0.0323009 -0.1030057 0.1532949
-0.005404245 -0.08391605 0.01500534 19207318 -0.02930186 -0.1031604 0.1541629
-0.005404245 -0.08391605 0.01500534 19327427 -0.02930186 -0.1031604 0.1541629
-0.001964641 -0.08355778 0.01581268 19437518 -0.02625007 -0.1030395 0.15487
0.001498269 -0.08320302 0.01648431 19547617 -0.02327756 -0.1027467 0.1554464
0.001498269 -0.08320302 0.01648431 19667737 -0.02327756 -0.1027467 0.1554464
0.004781649 -0.08283449 0.0169677 19767815 -0.02037326 -0.1023302 0.1558684
0.008167073 -0.08239033 0.01732408 19877915 -0.0174335 -0.1018836 0.1561436
0.008167073 -0.08239033 0.01732408 20008024 -0.0174335 -0.1018836 0.1561436
0.01127307 -0.08188742 0.01752316 20108126 -0.01449237 -0.1013909 0.1563108
0.01440434 -0.08144785 0.01755111 20218221 -0.01154472 -0.1008266 0.156322
0.01440434 -0.08144785 0.01755111 20328329 -0.01154472 -0.1008266 0.156322
0.01736103 -0.08087997 0.01747291 20448437 -0.008711469 -0.1001464 0.1562363
0.02027021 -0.08037296 0.01727878 20548519 -0.006034923 -0.09942736 0.1560275
0.02027021 -0.08037296 0.01727878 20658711 -0.006034923 -0.09942736 0.1560275
0.02311276 -0.07988833 0.01702403 20778722 -0.003390325 -0.09871329 0.1557665
0.02603398 -0.07924725 0.01676648 20888846 -0.0007955569 -0.09801398 0.155454
0.02603398 -0.07924725 0.01676648 21008930 -0.0007955569 -0.09801398 0.155454
0.02848462 -0.07860998 0.01638435 21109032 0.001650438 -0.09737323 0.1550715
0.03102301 -0.07781654 0.01599543 21229145 0.004117116 -0.09665252 0.1546588
0.03102301 -0.07781654 0.01599543 21339240 0.004117116 -0.09665252 0.1546588
0.03359632 -0.07697599 0.01557987 21449339 0.006492957 -0.09587367 0.1541964
0.03567485 -0.07616267 0.01507019 21559446 0.008665784 -0.09500585 0.1537125
0.03567485 -0.07616267 0.01507019 21669541 0.008665784 -0.09500585 0.1537125
0.0377088 -0.07527988 0.01453023 21779633 0.01064943 -0.09408112 0.1531684
0.03953461 -0.07416213 0.01400142 21889744 0.01250653 -0.09309576 0.1526277
0.03953461 -0.07416213 0.01400142 22009844 0.01250653 -0.09309576 0.1526277
0.041347 -0.07282323 0.01351361 22129952 0.01429294 -0.09202351 0.1520981
0.04334525 -0.07132764 0.0130577 22230034 0.01601754 -0.09085263 0.1515431
0.04334525 -0.07132764 0.0130577 22350135 0.01601754 -0.09085263 0.1515431
0.04495225 -0.0696011 0.0125895 22450225 0.01753579 -0.08961226 0.150988
0.04648683 -0.06785306 0.01208775 22560344 0.01887862 -0.08823676 0.1503937
0.04764608 -0.06573442 0.01152014 22700458 0.020191 -0.08673255 0.1497646
0.04764608 -0.06573442 0.01152014 22790544 0.020191 -0.08673255 0.1497646
0.04867408 -0.06336479 0.01100593 22890642 0.02150337 -0.0852728 0.1491654
0.04867408 -0.06336479 0.01100593 23010730 0.02150337 -0.0852728 0.1491654
0.04961029 -0.06098253 0.01057457 23120837 0.02258102 -0.08373155 0.1486258
0.05080656 -0.05862943 0.01025658 23230945 0.02362661 -0.08208354 0.1481602
0.05080656 -0.05862943 0.01025658 23351045 0.02362661 -0.08208354 0.1481602
0.0518258 -0.05613033 0.009841672 23461160 0.0246074 -0.08032133 0.1476103
0.05265895 -0.0537168 0.009297661 23561238 0.02558408 -0.07845806 0.1469968
0.05265895 -0.0537168 0.009297661 23681334 0.02558408 -0.07845806 0.1469968
0.05312858 -0.05111136 0.008588723 23791454 0.02651129 -0.07661145 0.1462387
0.05382887 -0.04836428 0.008000545 23901541 0.02743779 -0.07477739 0.1455218
0.05382887 -0.04836428 0.008000545 24021641 0.02743779 -0.07477739 0.1455218
0.0543134 -0.04562793 0.007399015 24141769 0.02811263 -0.07288071 0.1447928
0.05457029 -0.04299557 0.006775909 24231834 0.02865617 -0.07084688 0.144104
0.05457029 -0.04299557 0.006775909 24351947 0.02865617 -0.07084688 0.144104
0.05491576 -0.04025631 0.006325834 24482072 0.02911053 -0.06890627 0.1435101
0.05518422 -0.03736202 0.005919629 24572157 0.02961133 -0.06696629 0.1429447
0.05518422 -0.03736202 0.005919629 24682240 0.02961133 -0.06696629 0.1429447
0.05529372 -0.03458702 0.005493397 24792352 0.03002266 -0.06505518 0.142385
0.05553321 -0.03174175 0.005299861 24902435 0.03036688 -0.06322824 0.1419801
0.05553321 -0.03174175 0.005299861 25022547 0.03036688 -0.06322824 0.1419801
0.0554416 -0.02883175 0.00518852 25132654 0.03051166 -0.0613644 0.141667
0.05530623 -0.02631879 0.005016322 25242758 0.03057502 -0.05950569 0.1413734
0.05530623 -0.02631879 0.005016322 25352841 0.03057502 -0.05950569 0.1413734
0.05506835 -0.02381998 0.00480711 25462944 0.03062843 -0.05759593 0.141072
0.05452476 -0.02139576 0.004472788 25593073 0.03075574 -0.05568423 0.1407283
0.05452476 -0.02139576 0.004472788 25693155 0.03075574 -0.05568423 0.1407283
0.05395518 -0.019079 0.004093882 25803251 0.03075813 -0.05379229 0.1403404
0.05354766 -0.01677825 0.003905948 25933384 0.03066324 -0.05195167 0.1400873
0.05354766 -0.01677825 0.003905948 26023449 0.03066324 -0.05195167 0.1400873
0.05286465 -0.0145393 0.003677723 26133556 0.03038154 -0.05024271 0.139788
0.05252127 -0.01239046 0.003540632 26263982 0.03018187 -0.04852419 0.139561
0.05252127 -0.01239046 0.003540632 26353763 0.03018187 -0.04852419 0.139561
0.05153356 -0.01053161 0.00310385 26473859 0.02987777 -0.04679345 0.1392007
0.05080001 -0.008747572 0.002742765 26583970 0.02968512 -0.04521474 0.1388697
0.05080001 -0.008747572 0.002742765 26694057 0.02968512 -0.04521474 0.1388697
0.05019472 -0.007236155 0.002285776 26804165 0.02933632 -0.04368421 0.1384574
0.04981248 -0.005890025 0.0019294 26914264 0.02898095 -0.04235559 0.1381005
0.04981248 -0.005890025 0.0019294 27034360 0.02898095 -0.04235559 0.1381005
0.04953615 -0.004574737 0.00170636 27144476 0.02887593 -0.04130363 0.1378327
0.04919986 -0.003482385 0.001486479 27254571 0.02861808 -0.04043805 0.1375633
0.04919986 -0.003482385 0.001486479 27364662 0.02861808 -0.04043805 0.1375633
0.04884068 -0.002653419 0.001225291 27484778 0.02836566 -0.03964778 0.1373077
0.04873637 -0.001787408 0.001040279 27584872 0.02831756 -0.03904163 0.1370603
0.04873637 -0.001787408 0.001040279 27694960 0.02831756 -0.03904163 0.1370603
0.04847036 -0.0009809203 0.0007079828 27815080 0.0282868 -0.03856274 0.136673
0.04828433 -0.0004595884 0.0002714981 27925175 0.028221 -0.03808653 0.1362418
0.04830806 0.00010486 -9.465311E-05 28055284 0.02817701 -0.03765174 0.1358297
0.04830806 0.00010486 -9.465311E-05 28155383 0.02817701 -0.03765174 0.1358297
0.04799555 0.0003462215 -0.0005592117 28255461 0.0279557 -0.03742125 0.1353756
0.04799555 0.0003462215 -0.0005592117 28365576 0.0279557 -0.03742125 0.1353756
0.04818384 0.0006643873 -0.0006916531 28485684 0.02777855 -0.03737372 0.1351132
0.04866151 0.001064502 -0.0006243594 28595783 0.02764688 -0.03736305 0.1349778
0.04871951 0.00120087 -0.0005863316 28705871 0.0273007 -0.03745484 0.1348877
0.04871951 0.00120087 -0.0005863316 28815962 0.0273007 -0.03745484 0.1348877
0.04906498 0.001446333 -0.0003624566 28926069 0.02695189 -0.03754922 0.1349025
0.04904864 0.001801361 6.35378E-05 29036180 0.02639459 -0.03773447 0.1350819
0.04904864 0.001801361 6.35378E-05 29156285 0.02639459 -0.03773447 0.1350819
0.04884879 0.002061595 0.0006747834 29266380 0.02570371 -0.03812551 0.1354173
0.0493289 0.002241206 0.00185424 29376475 0.02508079 -0.03860348 0.1362045
0.0493289 0.002241206 0.00185424 29506584 0.02508079 -0.03860348 0.1362045
0.04905139 0.002037932 0.003336011 29596677 0.02404521 -0.03937238 0.1373738
0.04913686 0.001743321 0.005408643 29706769 0.02297376 -0.04036298 0.139008
