0.1524529 -0.005634683 -0.007573033 0 0.1363577 0.01756925 0.1321008
0.1524529 -0.005634683 -0.007573033 120117 0.1363577 0.01756925 0.1321008
0.1523635 -0.005563448 -0.007632056 230212 0.1334958 0.01611142 0.1319403
0.1500716 -0.004863105 -0.007590538 340328 0.1308122 0.0148588 0.1322178
0.1500716 -0.004863105 -0.007590538 450407 0.1308122 0.0148588 0.1322178
0.1446881 -0.004998018 -0.007498969 560510 0.1284126 0.01446164 0.1327247
0.1387579 -0.003906113 -0.007431424 670609 0.1237407 0.01422068 0.1331109
0.1387579 -0.003906113 -0.007431424 780729 0.1237407 0.01422068 0.1331109
0.1304194 -0.003851721 -0.007280216 900817 0.1174477 0.01471334 0.1334085
0.1206887 -0.003548806 -0.007215397 1000908 0.1089261 0.01565776 0.1334935
0.1206887 -0.003548806 -0.007215397 1121020 0.1089261 0.01565776 0.1334935
0.1096904 -0.003134915 -0.007166323 1231132 0.09787589 0.01691751 0.1334202
0.09685599 -0.002752199 -0.007148265 1341227 0.08466297 0.01839842 0.1332449
0.09685599 -0.002752199 -0.007148265 1461343 0.08466297 0.01839842 0.1332449
0.08199415 -0.003013815 -0.007181488 1571443 0.06959722 0.01961853 0.1329625
0.06610572 -0.002878759 -0.007089639 1671525 0.05322713 0.02048768 0.1328904
0.06610572 -0.002878759 -0.007089639 1791641 0.05322713 0.02048768 0.1328904
0.0484543 -0.002471001 -0.006966027 1901720 0.03535761 0.02076424 0.1330156
0.02974966 -0.002700907 -0.006846709 2011820 0.01627985 0.02041926 0.1331185
0.02974966 -0.002700907 -0.006846709 2121927 0.01627985 0.02041926 0.1331185
0.01043248 -0.002335446 -0.006757225 2232019 -0.003503354 0.02005587 0.1332808
-0.01098128 -0.001725682 -0.006476423 2342134 -0.02374894 0.01923719 0.1338938
-0.01098128 -0.001725682 -0.006476423 2482257 -0.02374894 0.01923719 0.1338938
-0.03122664 -0.001076364 -0.006150382 2572326 -0.04391868 0.01828757 0.1344562
-0.0516612 -0.001582483 -0.005923942 2682425 -0.06388584 0.01706233 0.1348211
-0.0516612 -0.001582483 -0.005923942 2812555 -0.06388584 0.01706233 0.1348211
-0.07042949 -0.002646928 -0.005756408 2902636 -0.08318835 0.01574279 0.1349748
-0.08785077 -0.004224957 -0.005634041 3012739 -0.1013037 0.01426021 0.13502
-0.08785077 -0.004224957 -0.005634041 3132831 -0.1013037 0.01426021 0.13502
-0.103655 -0.006006842 -0.005620601 3242931 -0.1174748 0.0124567 0.1350007
-0.1176069 -0.007803718 -0.005675274 3353042 -0.1311449 0.01049403 0.1349952
-0.1176069 -0.007803718 -0.005675274 3463146 -0.1311449 0.01049403 0.1349952
-0.1290443 -0.009368971 -0.005597899 3583254 -0.1422791 0.008392566 0.1351701
-0.138293 -0.01090075 -0.005536265 3683344 -0.1510819 0.006451776 0.1353239
-0.138293 -0.01090075 -0.005536265 3793428 -0.1510819 0.006451776 0.1353239
-0.1454963 -0.01225181 -0.005519149 3913536 -0.1579744 0.004818724 0.1354033
-0.1506429 -0.01346834 -0.005543473 4023635 -0.1632443 0.003417915 0.1353902
-0.1506429 -0.01346834 -0.005543473 4133731 -0.1632443 0.003417915 0.1353902
-0.1540592 -0.01457736 -0.005582327 4253843 -0.1669756 0.002146483 0.1353423
-0.1563178 -0.01543819 -0.005561538 4363938 -0.1690585 0.0009348707 0.1354202
-0.1563178 -0.01543819 -0.005561538 4474058 -0.1690585 0.0009348707 0.1354202
-0.1579317 -0.01610281 -0.005494575 4584255 -0.1698356 -0.0002577143 0.1356206
-0.1590625 -0.01657234 -0.005397321 4694257 -0.1700922 -0.001333132 0.1358555
-0.1590625 -0.01657234 -0.005397321 4804340 -0.1700922 -0.001333132 0.1358555
-0.1585998 -0.0164545 -0.005391564 4934478 -0.170125 -0.002343366 0.1359389
-0.1584498 -0.01654885 -0.005386638 5024555 -0.1695098 -0.002866065 0.136023
-0.1584498 -0.01654885 -0.005386638 5144651 -0.1695098 -0.002866065 0.136023
-0.1586883 -0.01638464 -0.005340463 5254767 -0.1684854 -0.003585605 0.136245
-0.1585761 -0.0165593 -0.00523824 5364862 -0.1675952 -0.004604218 0.1364727
-0.1585761 -0.0165593 -0.00523824 5474945 -0.1675952 -0.004604218 0.1364727
-0.1564282 -0.01679116 -0.005196332 5585061 -0.1681145 -0.005911364 0.1364063
-0.1533183 -0.01608494 -0.004276663 5695160 -0.1693622 -0.008048704 0.1370891
-0.1533183 -0.01608494 -0.004276663 5815252 -0.1693622 -0.008048704 0.1370891
