0.2993743 0.002344899 -0.00857205 0 0.2603924 0.032656 0.1250988
0.2992977 0.001902067 -0.008500787 110100 0.2615074 0.03293053 0.1253476
0.2990423 0.00206135 -0.008569613 220223 0.2639997 0.03189848 0.1262933
0.2990423 0.00206135 -0.008569613 340315 0.2639997 0.03189848 0.1262933
0.2990937 0.002621793 -0.008518714 450419 0.2668739 0.03047448 0.1274679
0.2988871 0.002411779 -0.008506042 560518 0.2701838 0.0295314 0.1284133
0.2988871 0.002411779 -0.008506042 670617 0.2701838 0.0295314 0.1284133
0.2992542 0.002426526 -0.008382333 790718 0.2737045 0.02937232 0.1291945
0.2990816 0.00287334 -0.008489394 890808 0.2771181 0.03098106 0.1294737
0.2990816 0.00287334 -0.008489394 1000924 0.2771181 0.03098106 0.1294737
0.2985424 0.002833389 -0.008599231 1131179 0.2804483 0.03441674 0.1291736
0.3005471 0.007459195 -0.008585058 1221110 0.281042 0.03652667 0.1295485
0.3005471 0.007459195 -0.008585058 1341223 0.281042 0.03652667 0.1295485
0.3016707 0.01365205 -0.008485291 1451310 0.2817086 0.0396487 0.1301939
0.3022009 0.02168945 -0.008353885 1561417 0.2818 0.04488396 0.1307578
0.3022009 0.02168945 -0.008353885 1681518 0.2818 0.04488396 0.1307578
0.3020365 0.03294506 -0.008364077 1791625 0.2806138 0.05176835 0.1312533
0.3016937 0.04572415 -0.00834424 1901716 0.2786287 0.0608679 0.1314589
0.3016937 0.04572415 -0.00834424 2011816 0.2786287 0.0608679 0.1314589
0.3004628 0.05937801 -0.008489889 2121939 0.2754648 0.07123311 0.1312985
0.2975965 0.07513919 -0.008767945 2232051 0.2709628 0.08195265 0.1310551
0.2975965 0.07513919 -0.008767945 2342142 0.2709628 0.08195265 0.1310551
0.2947815 0.09282809 -0.008539425 2462417 0.2659977 0.09248503 0.1310228
0.2903052 0.1115194 -0.008396721 2562333 0.2601696 0.1035215 0.1306505
0.2903052 0.1115194 -0.008396721 2682441 0.2601696 0.1035215 0.1306505
0.2840227 0.1296412 -0.008433895 2792524 0.2534094 0.1154618 0.1300147
0.27658 0.1469794 -0.008345889 2902668 0.2459474 0.1277793 0.1294919
0.27658 0.1469794 -0.008345889 3012735 0.2459474 0.1277793 0.1294919
0.2677484 0.1640027 -0.008144431 3122839 0.2375082 0.1396528 0.1289645
0.2572952 0.1804543 -0.007993821 3232918 0.2283173 0.1507205 0.1283236
0.2572952 0.1804543 -0.007993821 3343021 0.2283173 0.1507205 0.1283236
0.2452858 0.1968701 -0.007475485 3463154 0.2179905 0.1606818 0.1276231
0.2329859 0.2113148 -0.007498976 3573229 0.2068634 0.169895 0.1263228
0.2329859 0.2113148 -0.007498976 3683324 0.2068634 0.169895 0.1263228
0.2192537 0.2247566 -0.00731406 3793423 0.1949765 0.1781774 0.1251519
0.2058739 0.2367791 -0.007262993 3903531 0.182725 0.1855524 0.1236805
0.2058739 0.2367791 -0.007262993 4033644 0.182725 0.1855524 0.1236805
0.1901754 0.2480383 -0.006538172 4133751 0.170274 0.1919655 0.1229455
0.1727639 0.2570904 -0.006392684 4243850 0.1574231 0.1984612 0.1225784
0.1727639 0.2570904 -0.006392684 4353954 0.1574231 0.1984612 0.1225784
0.1550631 0.265028 -0.006231786 4474042 0.1434415 0.2049039 0.1224394
0.1379322 0.2718265 -0.006272693 4574144 0.1280178 0.2114635 0.1224295
0.1379322 0.2718265 -0.006272693 4694257 0.1280178 0.2114635 0.1224295
0.1205662 0.2777683 -0.006266092 4804340 0.1121923 0.2176612 0.1226652
0.1018809 0.2827569 -0.006101203 4914439 0.09614618 0.2227849 0.1230372
0.1018809 0.2827569 -0.006101203 5024539 0.09614618 0.2227849 0.1230372
0.08237524 0.2875865 -0.005670155 5134650 0.07971009 0.2270933 0.1233249
0.06280931 0.2912741 -0.005635461 5244757 0.06186711 0.2304946 0.123249
0.06280931 0.2912741 -0.005635461 5354849 0.06186711 0.2304946 0.123249
0.04178767 0.2943273 -0.005690835 5474941 0.04300043 0.2333249 0.1230861
0.02312492 0.2969176 -0.005099991 5585069 0.02452893 0.2350862 0.123279
0.02312492 0.2969176 -0.005099991 5695164 0.02452893 0.2350862 0.123279
0.002028764 0.2980953 -0.004964005 5805247 0.006256368 0.2357114 0.1230853
-0.01912261 0.2980642 -0.004804469 5915359 -0.0114884 0.2354511 0.1229749
-0.01912261 0.2980642 -0.004804469 6025450 -0.0114884 0.2354511 0.1229749
-0.03818214 0.2972772 -0.004932129 6145562 -0.02929016 0.2346642 0.122766
-0.05812407 0.296095 -0.004182076 6245657 -0.04774635 0.2329009 0.1231171
-0.05812407 0.296095 -0.004182076 6365769 -0.04774635 0.2329009 0.1231171
-0.07750034 0.2939189 -0.003944275 6495899 -0.06566579 0.2298396 0.1227839
-0.09716713 0.290266 -0.003889576 6585956 -0.08321245 0.2258263 0.1224395
-0.09716713 0.290266 -0.003889576 6696059 -0.08321245 0.2258263 0.1224395
-0.1168725 0.285712 -0.003851449 6806154 -0.1007192 0.2211677 0.1221619
-0.1368171 0.2800366 -0.003726273 6926271 -0.1183623 0.215457 0.1219524
-0.1368171 0.2800366 -0.003726273 7036370 -0.1183623 0.215457 0.1219524
-0.1562305 0.2734097 -0.003717793 7146449 -0.1361369 0.2088332 0.121711
-0.1753296 0.2658871 -0.003740095 7266586 -0.1537503 0.2015659 0.121573
-0.1753296 0.2658871 -0.003740095 7366652 -0.1537503 0.2015659 0.121573
-0.1946259 0.2569157 -0.003918875 7476751 -0.1712349 0.1934583 0.1215095
-0.2132062 0.2471724 -0.003909295 7596860 -0.1881681 0.1847924 0.1217413
-0.2132062 0.2471724 -0.003909295 7696958 -0.1881681 0.1847924 0.1217413
-0.2318893 0.2365489 -0.003749234 7817055 -0.2047509 0.1754421 0.1220908
-0.2495571 0.2249078 -0.003781132 7927174 -0.2213337 0.165326 0.1225506
-0.2495571 0.2249078 -0.003781132 8047266 -0.2213337 0.165326 0.1225506
-0.2664866 0.212083 -0.003925839 8147365 -0.2381355 0.1545932 0.1233431
-0.2819698 0.1980053 -0.004220071 8267469 -0.2549082 0.143302 0.124549
-0.296047 0.1831787 -0.004361445 8377581 -0.2707692 0.1314671 0.1259965
-0.296047 0.1831787 -0.004361445 8487680 -0.2707692 0.1314671 0.1259965
-0.3084914 0.168045 -0.004266479 8617939 -0.2851387 0.1189022 0.1274373
-0.3084914 0.168045 -0.004266479 8707871 -0.2851387 0.1189022 0.1274373
-0.3192019 0.1521441 -0.00430154 8827967 -0.2979272 0.1059839 0.1288257
-0.3279904 0.1353594 -0.004407224 8928077 -0.3095221 0.09301682 0.1303973
-0.3349015 0.1183472 -0.004450085 9048190 -0.3200847 0.07972115 0.1319124
-0.3349015 0.1183472 -0.004450085 9158269 -0.3200847 0.07972115 0.1319124
-0.3399814 0.1013259 -0.004689961 9268376 -0.3290537 0.06596828 0.1329206
-0.3432403 0.08335222 -0.004941746 9378464 -0.336422 0.05104188 0.1336793
-0.3432403 0.08335222 -0.004941746 9488583 -0.336422 0.05104188 0.1336793
-0.3452205 0.06435131 -0.00500467 9598670 -0.3423066 0.03575169 0.1345655
-0.345829 0.04514817 -0.005060126 9718771 -0.3468106 0.02000013 0.1351999
-0.345829 0.04514817 -0.005060126 9828874 -0.3468106 0.02000013 0.1351999
-0.3447273 0.02628597 -0.005141032 9938990 -0.3498602 0.003691154 0.1354626
-0.3418346 0.006751015 -0.005261668 10049093 -0.3515267 -0.01238491 0.1356146
-0.3418346 0.006751015 -0.005261668 10169177 -0.3515267 -0.01238491 0.1356146
-0.3367704 -0.01321035 -0.005471262 10299315 -0.3514381 -0.02879633 0.1354124
-0.3309762 -0.03283422 -0.005467977 10379383 -0.3500985 -0.04534775 0.1351876
-0.3309762 -0.03283422 -0.005467977 10499479 -0.3500985 -0.04534775 0.1351876
-0.3238333 -0.05237279 -0.005417545 10629597 -0.3473723 -0.06131154 0.1348403
-0.3158365 -0.07177897 -0.005336616 10719686 -0.3431636 -0.07670214 0.1344319
-0.3158365 -0.07177897 -0.005336616 10839790 -0.3431636 -0.07670214 0.1344319
-0.3071924 -0.09131798 -0.005435023 10969908 -0.3373358 -0.09113971 0.1338402
-0.2973556 -0.1102644 -0.005485625 11049976 -0.3302528 -0.1052851 0.1330757
-0.2973556 -0.1102644 -0.005485625 11170093 -0.3302528 -0.1052851 0.1330757
-0.2862808 -0.1288585 -0.005536237 11280196 -0.3222497 -0.1190593 0.1320009
-0.2735293 -0.1465842 -0.005552989 11390287 -0.3130586 -0.1318347 0.1305578
-0.2735293 -0.1465842 -0.005552989 11500395 -0.3130586 -0.1318347 0.1305578
-0.2608443 -0.1633566 -0.005619496 11620495 -0.3025308 -0.1442177 0.129296
-0.2484579 -0.1793228 -0.005685286 11720577 -0.2906859 -0.1554574 0.1283054
-0.2484579 -0.1793228 -0.005685286 11841395 -0.2906859 -0.1554574 0.1283054
-0.2365588 -0.1926328 -0.005434032 11950809 -0.2784638 -0.1659853 0.128133
-0.2227396 -0.2060716 -0.005514164 12060888 -0.2655582 -0.1751586 0.1268384
-0.2227396 -0.2060716 -0.005514164 12171004 -0.2655582 -0.1751586 0.1268384
-0.2071711 -0.2187319 -0.005583405 12291282 -0.2525916 -0.1834884 0.124805
-0.1907618 -0.2307314 -0.005577604 12391190 -0.2393626 -0.1907787 0.1222817
-0.1907618 -0.2307314 -0.005577604 12511291 -0.2393626 -0.1907787 0.1222817
-0.1740788 -0.2413812 -0.005812872 12621394 -0.225423 -0.1969196 0.1194596
-0.1591139 -0.2507092 -0.006267492 12731489 -0.2118123 -0.2023934 0.1169993
-0.1591139 -0.2507092 -0.006267492 12841605 -0.2118123 -0.2023934 0.1169993
-0.1427362 -0.2572569 -0.006570242 12961705 -0.1975417 -0.2064231 0.1147497
-0.1246599 -0.2616446 -0.007371794 13061788 -0.1823786 -0.2090855 0.1118438
-0.1246599 -0.2616446 -0.007371794 13181896 -0.1823786 -0.2090855 0.1118438
-0.1079571 -0.2663196 -0.00748771 13292003 -0.1678307 -0.2113175 0.1095429
-0.09175485 -0.2688839 -0.007586891 13402095 -0.1530249 -0.2123144 0.1079645
-0.09175485 -0.2688839 -0.007586891 13512198 -0.1530249 -0.2123144 0.1079645
-0.07636135 -0.268467 -0.00785369 13632310 -0.1383911 -0.2122051 0.1074423
-0.06114727 -0.2661027 -0.008155677 13732397 -0.1238658 -0.2109523 0.1073046
-0.06114727 -0.2661027 -0.008155677 13852513 -0.1238658 -0.2109523 0.1073046
-0.04497082 -0.263118 -0.008503723 13962625 -0.1089761 -0.208561 0.1065316
-0.02797594 -0.260307 -0.008847139 14082713 -0.09368975 -0.2051656 0.1049393
-0.02797594 -0.260307 -0.008847139 14182815 -0.09368975 -0.2051656 0.1049393
-0.01151373 -0.2571719 -0.008935847 14292915 -0.07875202 -0.2017569 0.1038225
0.006323777 -0.2529105 -0.008535674 14413015 -0.06374787 -0.1974089 0.1024409
0.006323777 -0.2529105 -0.008535674 14523106 -0.06374787 -0.1974089 0.1024409
0.02002957 -0.2498081 -0.007597139 14633214 -0.04992434 -0.1923644 0.1024616
0.03679055 -0.2448592 -0.00807827 14763339 -0.03338417 -0.1867618 0.1014958
0.03679055 -0.2448592 -0.00807827 14853408 -0.03338417 -0.1867618 0.1014958
0.05368001 -0.2401247 -0.008253423 14963508 -0.01659515 -0.1812142 0.1008209
0.07070649 -0.2387108 -0.008346553 15073611 0.001323452 -0.1763699 0.09938393
0.07070649 -0.2387108 -0.008346553 15193715 0.001323452 -0.1763699 0.09938393
0.08886682 -0.2335794 -0.008671901 15303831 0.0196676 -0.1701713 0.09855283
0.1053395 -0.230783 -0.007756073 15413922 0.03696912 -0.1647926 0.09843718
0.1053395 -0.230783 -0.007756073 15524014 0.03696912 -0.1647926 0.09843718
0.120988 -0.2244281 -0.008032909 15634117 0.05318942 -0.1586299 0.09864507
0.136331 -0.2174219 -0.008082572 15754217 0.06889948 -0.152001 0.09905916
0.136331 -0.2174219 -0.008082572 15854324 0.06889948 -0.152001 0.09905916
0.1487291 -0.2114317 -0.008431372 15974416 0.08286964 -0.1455414 0.09939833
0.1591092 -0.2055997 -0.008702395 16084536 0.09549507 -0.1389167 0.09998464
0.1591092 -0.2055997 -0.008702395 16194635 0.09549507 -0.1389167 0.09998464
0.1722651 -0.196459 -0.008662219 16304734 0.108866 -0.1308341 0.1007918
0.1843871 -0.1862316 -0.008859203 16414826 0.1213636 -0.122299 0.1018065
0.1843871 -0.1862316 -0.008859203 16524933 0.1213636 -0.122299 0.1018065
0.1958393 -0.1749894 -0.009100743 16645045 0.1331235 -0.1133743 0.1030445
0.2065155 -0.163057 -0.00927395 16755120 0.1440904 -0.1043243 0.1045673
0.2065155 -0.163057 -0.00927395 16885238 0.1440904 -0.1043243 0.1045673
0.2162615 -0.1503955 -0.00945929 16975323 0.1543816 -0.09506668 0.1063675
0.225412 -0.1369714 -0.009581561 17085435 0.1638473 -0.08567154 0.1082504
0.2342377 -0.1239552 -0.009426112 17215548 0.1725648 -0.07587311 0.1096991
0.2342377 -0.1239552 -0.009426112 17305629 0.1725648 -0.07587311 0.1096991
0.2423964 -0.1111451 -0.00962636 17425726 0.1804419 -0.06508374 0.1101495
0.2505511 -0.09882964 -0.00971197 17555859 0.1876725 -0.05387108 0.1100013
0.2505511 -0.09882964 -0.00971197 17645937 0.1876725 -0.05387108 0.1100013
0.2579445 -0.08743494 -0.009623816 17756044 0.1946116 -0.04277994 0.1099635
0.2579445 -0.08743494 -0.009623816 17866123 0.1946116 -0.04277994 0.1099635
0.2646849 -0.07545656 -0.009696037 17976243 0.2010904 -0.03247172 0.1103635
0.2707572 -0.06331106 -0.009767284 18096351 0.2072612 -0.02259292 0.1111317
0.2707572 -0.06331106 -0.009767284 18206446 0.2072612 -0.02259292 0.1111317
0.2766187 -0.05119448 -0.009742845 18316538 0.2129372 -0.01304431 0.1118938
0.2818727 -0.03987511 -0.009978831 18426633 0.2182897 -0.003481932 0.1122463
0.2872097 -0.02950041 -0.01004099 18536749 0.2232524 0.005839434 0.1122979
0.2872097 -0.02950041 -0.01004099 18666870 0.2232524 0.005839434 0.1122979
0.292126 -0.01950525 -0.01014923 18756927 0.2276734 0.01480544 0.1122227
0.292126 -0.01950525 -0.01014923 18877039 0.2276734 0.01480544 0.1122227
0.2962093 -0.009979678 -0.01017536 19007173 0.231435 0.02308217 0.1123703
0.2999244 4.364116E-05 -0.01010587 19097258 0.2344433 0.03079653 0.1126651
0.302702 0.01050185 -0.01021823 19207337 0.23657 0.03766108 0.1130506
0.302702 0.01050185 -0.01021823 19317453 0.23657 0.03766108 0.1130506
0.3047633 0.01916186 -0.01027388 19427532 0.2386503 0.04462143 0.1133673
0.3066564 0.02632344 -0.01021456 19547649 0.2404458 0.05086371 0.1135601
0.3066564 0.02632344 -0.01021456 19657744 0.2404458 0.05086371 0.1135601
0.3079047 0.03193345 -0.0102109 19767839 0.2419332 0.05608665 0.1137674
0.3091105 0.03610718 -0.01003918 19877947 0.2432528 0.06049652 0.1139534
0.3091105 0.03610718 -0.01003918 20008060 0.2432528 0.06049652 0.1139534
0.3095246 0.03833495 -0.01007624 20098154 0.2442508 0.06479027 0.1138015
0.3095775 0.03772558 -0.01003152 20208237 0.2452885 0.06878626 0.1132909
0.3095775 0.03772558 -0.01003152 20328369 0.2452885 0.06878626 0.1132909
0.3097034 0.03843911 -0.01005934 20438469 0.2450094 0.07032384 0.1128403
0.3095782 0.03795097 -0.01001765 20548548 0.2441347 0.06964286 0.1125345
0.3095782 0.03795097 -0.01001765 20658659 0.2441347 0.06964286 0.1125345
0.3088221 0.03797897 -0.009697081 20778760 0.2422363 0.0672686 0.1128374
0.3085341 0.03470322 -0.006820186 20878862 0.238582 0.065943 0.113334
0.3085341 0.03470322 -0.006820186 21018968 0.238582 0.065943 0.113334
0.3092741 0.03173581 -0.001200559 21109054 0.232568 0.06387857 0.1145115
0.3088124 0.02751628 0.006217765 21219153 0.2267562 0.06047831 0.1179609
0.3088124 0.02751628 0.006217765 21329248 0.2267562 0.06047831 0.1179609
0.3068223 0.02349369 0.01448045 21439352 0.2212546 0.05493816 0.1240052
