0.06305872 0.007706063 -0.006717446 0 0.01102489 0.02054474 0.12532
0.0626914 0.007670133 -0.007054599 110083 0.01118919 0.02143314 0.1250982
0.06272355 0.007822501 -0.00711649 220183 0.01081707 0.02237498 0.1247933
0.06272355 0.007822501 -0.00711649 330286 0.01081707 0.02237498 0.1247933
0.06263255 0.007819709 -0.007104079 450411 0.009787872 0.02276704 0.1243883
0.06249353 0.00794046 -0.007091888 550493 0.008303796 0.02248138 0.1238977
0.06249353 0.00794046 -0.007091888 670597 0.008303796 0.02248138 0.1238977
0.06259205 0.007990892 -0.006999549 780693 0.00667311 0.02173779 0.1233474
0.06250398 0.008268613 -0.007000715 890792 0.004894038 0.02109092 0.1227025
0.06250398 0.008268613 -0.007000715 1010900 0.004894038 0.02109092 0.1227025
0.06239805 0.009066994 -0.006571949 1110995 0.003246202 0.02104489 0.1225165
0.05981193 0.009051356 -0.006945595 1221098 0.002617875 0.02176582 0.1229521
0.05981193 0.009051356 -0.006945595 1341198 0.002617875 0.02176582 0.1229521
0.05716339 0.00901858 -0.006842081 1451314 0.001475571 0.02281899 0.1235982
0.05277185 0.008851164 -0.006928102 1561397 0.000594958 0.02435467 0.1247665
0.05277185 0.008851164 -0.006928102 1671496 0.000594958 0.02435467 0.1247665
0.04743715 0.008859765 -0.007147299 1791617 -0.0004753185 0.02591578 0.1259682
0.04190739 0.008666464 -0.007283327 1891707 -0.002851643 0.02693573 0.1267656
0.04190739 0.008666464 -0.007283327 2011812 -0.002851643 0.02693573 0.1267656
0.03539864 0.00818109 -0.007331648 2121903 -0.006628229 0.02734396 0.1274748
0.02840041 0.00779887 -0.007180737 2232002 -0.01128246 0.02737453 0.1282752
0.02840041 0.00779887 -0.007180737 2342102 -0.01128246 0.02737453 0.1282752
0.02031152 0.007739081 -0.007144147 2452201 -0.01667161 0.02727149 0.1290799
0.01269625 0.008415971 -0.006952416 2562402 -0.02279971 0.02735872 0.1297496
0.01269625 0.008415971 -0.006952416 2672416 -0.02279971 0.02735872 0.1297496
0.00448904 0.008876576 -0.007060632 2792528 -0.02892946 0.02756442 0.130199
-0.00436119 0.009401975 -0.007265382 2912612 -0.03481753 0.02815025 0.1306736
-0.00436119 0.009401975 -0.007265382 3012711 -0.03481753 0.02815025 0.1306736
-0.0132092 0.009188063 -0.007177252 3122802 -0.04115888 0.02888866 0.1311591
-0.02199256 0.0085139 -0.00722134 3232901 -0.04730803 0.02950097 0.1314326
-0.02199256 0.0085139 -0.00722134 3353014 -0.04730803 0.02950097 0.1314326
-0.02912497 0.008277363 -0.007047038 3453104 -0.05349629 0.02962865 0.1317204
-0.03554622 0.008609696 -0.007104337 3573221 -0.05912047 0.02910308 0.1319299
-0.03554622 0.008609696 -0.007104337 3683324 -0.05912047 0.02910308 0.1319299
-0.04105634 0.009274045 -0.007139897 3793423 -0.06392106 0.02853752 0.1321884
-0.0451828 0.009339023 -0.00709658 3903507 -0.06804606 0.02799136 0.1323151
-0.0451828 0.009339023 -0.00709658 4013610 -0.06804606 0.02799136 0.1323151
-0.04878506 0.009311816 -0.007083138 4123726 -0.07144075 0.02759079 0.1324119
-0.05053732 0.009451872 -0.007058121 4243838 -0.07460398 0.02736706 0.1322476
-0.05053732 0.009451872 -0.007058121 4353913 -0.07460398 0.02736706 0.1322476
-0.04941857 0.009426899 -0.006750343 4464029 -0.07783445 0.02704205 0.1317722
-0.0501074 0.009728772 -0.007041777 4574136 -0.07927717 0.02652361 0.1314259
-0.0501074 0.009728772 -0.007041777 4684235 -0.07927717 0.02652361 0.1314259
-0.05011759 0.009428015 -0.007017648 4804364 -0.07961781 0.02585823 0.1314238
-0.04967466 0.008627823 -0.006790849 4904410 -0.0794385 0.02513929 0.1315845
-0.05197942 0.008518917 -0.007008941 5034527 -0.07800981 0.02463547 0.1321633
-0.05197942 0.008518917 -0.007008941 5144647 -0.07800981 0.02463547 0.1321633
-0.05010922 0.008702371 -0.006507542 5244737 -0.07727716 0.0245261 0.1324808
-0.05102004 0.008689393 -0.006928198 5384847 -0.0760534 0.02452112 0.1324595
-0.05102004 0.008689393 -0.006928198 5474945 -0.0760534 0.02452112 0.1324595
-0.05075739 0.008745998 -0.006867 5585028 -0.07491828 0.02530499 0.1325901
