0.1558613 -0.001063197 0.005032384 0 0.1117656 -0.03138005 0.1371032
0.1548588 -0.0007612357 0.004915201 140139 0.1112042 -0.03072741 0.1372124
0.1536659 -0.0003192709 0.004961633 230224 0.110404 -0.03005849 0.1374389
0.1536659 -0.0003192709 0.004961633 340327 0.110404 -0.03005849 0.1374389
0.1518649 0.0001526079 0.004918659 450403 0.1092584 -0.02934741 0.1376616
0.1491562 0.0007267796 0.004819178 580532 0.1075111 -0.02862381 0.1378999
0.1491562 0.0007267796 0.004819178 670893 0.1075111 -0.02862381 0.1378999
0.145812 0.00125969 0.004695439 790710 0.10514 -0.02788838 0.1381211
0.1413652 0.001833884 0.004641735 910850 0.1017971 -0.02698948 0.1384693
0.1413652 0.001833884 0.004641735 1010921 0.1017971 -0.02698948 0.1384693
0.1356212 0.002970048 0.00481441 1121008 0.09712961 -0.02573155 0.1389817
0.1284785 0.004365184 0.005300725 1261130 0.09102251 -0.02424334 0.1397806
0.1284785 0.004365184 0.005300725 1341206 0.09102251 -0.02424334 0.1397806
0.1195443 0.006003191 0.005729401 1461319 0.08343192 -0.02253272 0.1405917
0.1088152 0.007752575 0.006069982 1571418 0.07443544 -0.02069505 0.141403
0.1088152 0.007752575 0.006069982 1681534 0.07443544 -0.02069505 0.141403
0.09608206 0.00960788 0.006000067 1791625 0.06399617 -0.01863717 0.1419374
0.08156851 0.01153447 0.005588139 1901720 0.05209801 -0.01637484 0.1421853
0.08156851 0.01153447 0.005588139 2021841 0.05209801 -0.01637484 0.1421853
0.06535581 0.0134733 0.005016173 2131924 0.03873608 -0.01407762 0.1422698
0.04719565 0.01512187 0.004316594 2242027 0.02380345 -0.01193045 0.1422558
0.04719565 0.01512187 0.004316594 2362128 0.02380345 -0.01193045 0.1422558
0.02758739 0.01673096 0.003624048 2462222 0.007513146 -0.009890211 0.1421685
0.006726069 0.01749665 0.00259098 2572330 -0.009860889 -0.008109849 0.1417866
0.006726069 0.01749665 0.00259098 2692426 -0.009860889 -0.008109849 0.1417866
-0.01573019 0.01723977 0.001046147 2802529 -0.02754695 -0.006768266 0.1410112
-0.03888337 0.01637961 -0.0004267432 2912625 -0.04524795 -0.006247321 0.1401214
-0.03888337 0.01637961 -0.0004267432 3032729 -0.04524795 -0.006247321 0.1401214
-0.0564445 0.0156718 -0.001030657 3132843 -0.06167177 -0.006471463 0.1396413
-0.07693607 0.01367713 -0.002430353 3242931 -0.0791247 -0.006796127 0.1385743
-0.07693607 0.01367713 -0.002430353 3353030 -0.0791247 -0.006796127 0.1385743
-0.09609163 0.01139738 -0.003721926 3473130 -0.09613573 -0.007330989 0.137542
-0.1139195 0.008771966 -0.004885051 3583250 -0.1116276 -0.008344027 0.1365647
-0.1139195 0.008771966 -0.004885051 3693341 -0.1116276 -0.008344027 0.1365647
-0.1297076 0.006066616 -0.005756233 3803445 -0.1252469 -0.009715112 0.1357969
-0.1431136 0.003423234 -0.006258582 3913540 -0.1367337 -0.01146424 0.1353179
-0.1431136 0.003423234 -0.006258582 4023643 -0.1367337 -0.01146424 0.1353179
-0.1545939 0.0002832457 -0.006679749 4143744 -0.1460198 -0.01340616 0.1349018
-0.1628193 -0.002163699 -0.006546234 4253843 -0.1532189 -0.01548481 0.1350045
-0.1628193 -0.002163699 -0.006546234 4373959 -0.1532189 -0.01548481 0.1350045
-0.1686359 -0.004135896 -0.006199813 4494072 -0.1588797 -0.01735872 0.1353495
-0.1718562 -0.005677183 -0.005347108 4584141 -0.1633329 -0.01893276 0.1362787
-0.1718562 -0.005677183 -0.005347108 4694244 -0.1633329 -0.01893276 0.1362787
-0.1740801 -0.007095527 -0.00454489 4814345 -0.1663958 -0.02018463 0.1371445
-0.1750149 -0.007877535 -0.003348684 4914435 -0.1681171 -0.02122104 0.1383574
-0.1750149 -0.007877535 -0.003348684 5024534 -0.1681171 -0.02122104 0.1383574
-0.1752513 -0.008703074 -0.001856304 5144797 -0.168537 -0.02244553 0.1398205
-0.1745842 -0.009026303 -8.023574E-06 5254750 -0.167852 -0.02363762 0.1415809
-0.1745842 -0.009026303 -8.023574E-06 5364991 -0.167852 -0.02363762 0.1415809
