0.2840174 -0.08537095 0.03254329 0 0.2856449 -0.2022533 0.1140424
0.283337 -0.08478723 0.03212878 100074 0.2852321 -0.2016633 0.1136312
0.283337 -0.08478723 0.03212878 230187 0.2852321 -0.2016633 0.1136312
0.2826621 -0.08427618 0.03184922 330282 0.2846355 -0.2011183 0.1133984
0.2818561 -0.08366273 0.03176373 440381 0.283877 -0.2004921 0.1133301
0.2818561 -0.08366273 0.03176373 550472 0.283877 -0.2004921 0.1133301
0.2808748 -0.08312856 0.03193736 670589 0.2829384 -0.1999626 0.1134958
0.2797213 -0.08238243 0.0321549 770679 0.2817289 -0.1992637 0.1136471
0.2797213 -0.08238243 0.0321549 890779 0.2817289 -0.1992637 0.1136471
0.2777347 -0.08170758 0.0322206 1001247 0.2801548 -0.1985267 0.1137908
0.2753384 -0.08099847 0.03203628 1110986 0.2781487 -0.1976486 0.1138354
0.2753384 -0.08099847 0.03203628 1221077 0.2781487 -0.1976486 0.1138354
0.2717955 -0.080088 0.03192791 1331177 0.2754644 -0.1965577 0.1139499
0.2667657 -0.07896529 0.03173845 1451305 0.2717144 -0.1950563 0.1142287
0.2667657 -0.07896529 0.03173845 1561405 0.2717144 -0.1950563 0.1142287
0.2594848 -0.07764946 0.03156645 1671504 0.2662936 -0.1932033 0.1146759
0.2496624 -0.07624118 0.03088566 1781599 0.2588076 -0.1908976 0.1150077
0.2496624 -0.07624118 0.03088566 1891691 0.2588076 -0.1908976 0.1150077
0.2365717 -0.07440583 0.02986007 2001932 0.2489871 -0.1880613 0.1149161
0.2197116 -0.07186113 0.02849096 2111889 0.2365035 -0.1847371 0.1138331
0.2197116 -0.07186113 0.02849096 2232010 0.2365035 -0.1847371 0.1138331
0.1989884 -0.06840353 0.02701619 2342105 0.2213174 -0.180965 0.1115004
0.1763162 -0.06360368 0.02655082 2452504 0.2038865 -0.1767432 0.1086823
0.1763162 -0.06360368 0.02655082 2562292 0.2038865 -0.1767432 0.1086823
0.1483282 -0.05902198 0.02423455 2692823 0.1817043 -0.1713978 0.1052528
0.116258 -0.05481789 0.02320481 2782503 0.1577198 -0.1655319 0.1027634
0.116258 -0.05481789 0.02320481 2902595 0.1577198 -0.1655319 0.1027634
0.08309204 -0.05208709 0.02183935 3032733 0.1314438 -0.1603553 0.1008731
0.04854902 -0.05010083 0.0206727 3122794 0.1034391 -0.1557964 0.09891443
0.04854902 -0.05010083 0.0206727 3232901 0.1034391 -0.1557964 0.09891443
0.01174911 -0.04873874 0.02013938 3343008 0.07398218 -0.1518386 0.09632145
-0.02684584 -0.04944642 0.01952489 3463117 0.04317493 -0.1491745 0.09340081
-0.02684584 -0.04944642 0.01952489 3563191 0.04317493 -0.1491745 0.09340081
-0.06618037 -0.05194421 0.01945751 3673542 0.01140971 -0.1473557 0.09144814
-0.1044499 -0.05581606 0.02001753 3793411 -0.02028017 -0.146605 0.09058002
-0.1044499 -0.05581606 0.02001753 3903506 -0.02028017 -0.146605 0.09058002
-0.1411199 -0.06012338 0.02165696 4013601 -0.05106011 -0.1469215 0.0899327
-0.1756469 -0.06479477 0.02437808 4123701 -0.08030155 -0.1481207 0.08974088
-0.1756469 -0.06479477 0.02437808 4233808 -0.08030155 -0.1481207 0.08974088
-0.2062262 -0.06888699 0.02834144 4353921 -0.1070663 -0.1499481 0.09081264
-0.2346231 -0.07500409 0.0327419 4464024 -0.1315508 -0.1525624 0.09329824
-0.2346231 -0.07500409 0.0327419 4574132 -0.1315508 -0.1525624 0.09329824
-0.2597977 -0.07881515 0.03449929 4684223 -0.155211 -0.1544103 0.09494121
-0.2810775 -0.08636067 0.0406916 4794310 -0.1730489 -0.1594774 0.09805007
-0.2810775 -0.08636067 0.0406916 4904405 -0.1730489 -0.1594774 0.09805007
-0.3030759 -0.09589384 0.04007649 5014525 -0.1915262 -0.1633181 0.09766896
-0.3178092 -0.0953469 0.04280993 5134633 -0.2066212 -0.1649766 0.0984443
-0.3178092 -0.0953469 0.04280993 5244717 -0.2066212 -0.1649766 0.0984443
-0.3305243 -0.1073337 0.04351309 5354812 -0.2165442 -0.1708795 0.1007556
-0.3394122 -0.1118387 0.04495091 5464976 -0.2251589 -0.1742174 0.1029279
-0.3466919 -0.1166552 0.0454403 5575031 -0.2319843 -0.1773997 0.1042493
-0.3466919 -0.1166552 0.0454403 5695354 -0.2319843 -0.1773997 0.1042493
-0.3526869 -0.1204003 0.04599156 5805226 -0.2373023 -0.1798505 0.104799
-0.3560015 -0.1224492 0.04676838 5905309 -0.2405238 -0.1816415 0.1056532
-0.3560015 -0.1224492 0.04676838 6025421 -0.2405238 -0.1816415 0.1056532
-0.3572272 -0.1242461 0.04696956 6135520 -0.2421348 -0.1831415 0.1068972
-0.3567164 -0.1248385 0.04741315 6245774 -0.2423655 -0.184112 0.1083786
-0.3567164 -0.1248385 0.04741315 6355719 -0.2423655 -0.184112 0.1083786
-0.3557901 -0.125534 0.0472501 6475836 -0.2419583 -0.1851006 0.1088972
-0.3557901 -0.125534 0.0472501 6585927 -0.2419583 -0.1851006 0.1088972
-0.3543851 -0.1259387 0.04704747 6696038 -0.2408917 -0.1858487 0.1089853
-0.3525831 -0.1258066 0.04688845 6806122 -0.2394872 -0.1862193 0.1090644
-0.3498453 -0.1258037 0.04658196 6916221 -0.2373908 -0.1865881 0.109554
-0.3498453 -0.1258037 0.04658196 7036345 -0.2373908 -0.1865881 0.109554
-0.3464231 -0.1261518 0.04582448 7146429 -0.2348475 -0.1871266 0.1101612
-0.3427163 -0.1261349 0.04550013 7256544 -0.2320851 -0.187578 0.1110112
-0.3427163 -0.1261349 0.04550013 7366623 -0.2320851 -0.187578 0.1110112
