0.1572327 -0.00737834 -0.001567268 0 0.097606 0.001294374 0.1275671
0.157965 -0.006129622 -0.001971581 100094 0.09858584 0.002379775 0.1272877
0.157965 -0.006129622 -0.001971581 210185 0.09858584 0.002379775 0.1272877
0.1585153 -0.004158139 -0.002388275 320285 0.09933495 0.003955245 0.1269875
0.1588662 -0.001838684 -0.002904683 430400 0.09998762 0.0057832 0.1266387
0.1588662 -0.001838684 -0.002904683 540479 0.09998762 0.0057832 0.1266387
0.1591917 0.001945734 -0.003459559 660977 0.1004758 0.008325338 0.1262246
0.15907 0.00739193 -0.003865776 790709 0.1004227 0.01190233 0.1259279
0.15907 0.00739193 -0.003865776 880794 0.1004227 0.01190233 0.1259279
0.1575764 0.01505089 -0.004263952 991100 0.09930389 0.01682818 0.1257645
0.1545348 0.02521682 -0.004602903 1100993 0.09681737 0.02347493 0.1256734
0.1545348 0.02521682 -0.004602903 1231123 0.09681737 0.02347493 0.1256734
0.1495796 0.03751421 -0.004865449 1331205 0.09275942 0.03153098 0.1256793
0.1430017 0.05181563 -0.004564163 1441308 0.08726906 0.04077148 0.1261192
0.1430017 0.05181563 -0.004564163 1551412 0.08726906 0.04077148 0.1261192
0.1345271 0.0670532 -0.003915257 1671508 0.08036732 0.05087662 0.1268948
0.1235983 0.08317435 -0.002936803 1771602 0.07177084 0.06156671 0.1280337
0.1235983 0.08317435 -0.002936803 1881706 0.07177084 0.06156671 0.1280337
0.1109778 0.09852731 -0.001651169 2001810 0.06172513 0.07225978 0.1294612
0.09626335 0.1119344 -0.0007791827 2111918 0.05059098 0.08219206 0.1308858
0.09626335 0.1119344 -0.0007791827 2222005 0.05059098 0.08219206 0.1308858
0.08088726 0.124053 0.0003082244 2332108 0.038832 0.09134233 0.1324733
0.06515217 0.1337242 0.001135977 2452217 0.02669786 0.09906828 0.1339008
0.06515217 0.1337242 0.001135977 2562312 0.02669786 0.09906828 0.1339008
0.04719085 0.1408327 0.001070176 2662402 0.01355409 0.1053554 0.1349215
0.02895034 0.1455021 0.0007378148 2782515 -7.767443E-05 0.1099633 0.1356475
0.02895034 0.1455021 0.0007378148 2892622 -7.767443E-05 0.1099633 0.1356475
0.00998825 0.1477745 0.0002369385 3002721 -0.01421262 0.1127763 0.1362358
-0.009143589 0.1477839 -0.000102683 3123417 -0.02871225 0.1138529 0.1369083
-0.009143589 0.1477839 -0.000102683 3232921 -0.02871225 0.1138529 0.1369083
-0.02863446 0.1455384 -0.0001618665 3333011 -0.04377953 0.1132764 0.1378093
-0.04800844 0.1413115 0.0002280263 3443127 -0.05911056 0.1112322 0.1390741
-0.04800844 0.1413115 0.0002280263 3563219 -0.05911056 0.1112322 0.1390741
-0.06736612 0.1352314 0.00121627 3673310 -0.07457829 0.1078385 0.1408725
-0.0857552 0.126856 0.002579784 3783418 -0.08933539 0.1028343 0.1429949
-0.0857552 0.126856 0.002579784 3903522 -0.08933539 0.1028343 0.1429949
-0.1032537 0.1173724 0.004748952 4013626 -0.1035468 0.09655011 0.1457192
-0.1191239 0.106205 0.007219784 4133754 -0.1167845 0.08900821 0.148659
-0.1332352 0.09189415 0.009527764 4233824 -0.1289779 0.07999647 0.1514664
-0.1332352 0.09189415 0.009527764 4343916 -0.1289779 0.07999647 0.1514664
-0.1447133 0.07661951 0.01210594 4454023 -0.1390232 0.06985462 0.1543315
-0.1545631 0.0603956 0.01511657 4564114 -0.1473689 0.05828238 0.1574192
-0.1545631 0.0603956 0.01511657 4674323 -0.1473689 0.05828238 0.1574192
-0.1627773 0.04321218 0.01821266 4794346 -0.1546022 0.04591358 0.1604523
-0.1687948 0.02413833 0.02113022 4904421 -0.1604977 0.03280699 0.1631241
-0.1687948 0.02413833 0.02113022 5014667 -0.1604977 0.03280699 0.1631241
-0.1730932 0.005223632 0.02394247 5124620 -0.1645361 0.01966417 0.1654504
-0.1730351 -0.01352239 0.0274276 5255086 -0.1663457 0.005935073 0.1684344
-0.1730351 -0.01352239 0.0274276 5354848 -0.1663457 0.005935073 0.1684344
-0.172084 -0.03181493 0.03081 5464935 -0.1664214 -0.007921576 0.1711784
-0.168897 -0.05091751 0.03404458 5575035 -0.165191 -0.02191567 0.1735129
-0.168897 -0.05091751 0.03404458 5685158 -0.165191 -0.02191567 0.1735129
-0.162901 -0.06842959 0.03679454 5795250 -0.1620422 -0.03542185 0.1754163
-0.1551595 -0.08584476 0.03942841 5915346 -0.1570667 -0.04852843 0.1769425
-0.1551595 -0.08584476 0.03942841 6025453 -0.1570667 -0.04852843 0.1769425
-0.1454935 -0.1025807 0.04212109 6135540 -0.1504887 -0.06120455 0.1783903
-0.1337098 -0.1178516 0.04475477 6245640 -0.1423791 -0.07321489 0.1798053
-0.1337098 -0.1178516 0.04475477 6355768 -0.1423791 -0.07321489 0.1798053
-0.121004 -0.132377 0.04718353 6465839 -0.1331938 -0.0846101 0.1808846
-0.1067834 -0.1454897 0.04922649 6575938 -0.1230377 -0.09493208 0.181461
-0.1067834 -0.1454897 0.04922649 6716064 -0.1230377 -0.09493208 0.181461
-0.09155923 -0.1563957 0.05074884 6796129 -0.1117879 -0.1038452 0.1816515
-0.07659817 -0.1665478 0.0518155 6906418 -0.09938611 -0.1119851 0.1814684
-0.07659817 -0.1665478 0.0518155 7026340 -0.09938611 -0.1119851 0.1814684
-0.05956522 -0.1723778 0.05304685 7136444 -0.08730717 -0.1179903 0.1818049
-0.04287005 -0.1772727 0.05380021 7246555 -0.07489653 -0.1226321 0.1814519
-0.04287005 -0.1772727 0.05380021 7356655 -0.07489653 -0.1226321 0.1814519
-0.02563393 -0.1806335 0.05437312 7466750 -0.06209199 -0.1259359 0.1808058
-0.008028391 -0.1819811 0.05478071 7586858 -0.04879226 -0.1279165 0.1801664
-0.008028391 -0.1819811 0.05478071 7696954 -0.04879226 -0.1279165 0.1801664
0.00864577 -0.1814885 0.05486264 7807045 -0.03546183 -0.1285292 0.1795867
0.02468926 -0.1785533 0.05473799 7917156 -0.02288784 -0.1276149 0.1790277
0.02468926 -0.1785533 0.05473799 8027248 -0.02288784 -0.1276149 0.1790277
0.04055571 -0.1748365 0.05438787 8147356 -0.009977473 -0.1252273 0.178047
0.05598157 -0.1699997 0.05369887 8257468 0.002969252 -0.1218711 0.1769043
0.05598157 -0.1699997 0.05369887 8367551 0.002969252 -0.1218711 0.1769043
0.0712353 -0.1643405 0.05300093 8487655 0.01591884 -0.1176387 0.1757417
0.08514488 -0.1576176 0.05191456 8587762 0.02843403 -0.1125928 0.1746456
0.08514488 -0.1576176 0.05191456 8698270 0.02843403 -0.1125928 0.1746456
0.09816784 -0.1485245 0.05068583 8838583 0.03926604 -0.1067061 0.1735193
0.1091038 -0.1397638 0.04863775 8918396 0.0490409 -0.1001428 0.1716373
0.1091038 -0.1397638 0.04863775 9038156 0.0490409 -0.1001428 0.1716373
0.1194954 -0.1299974 0.0465343 9148251 0.05789344 -0.09302127 0.1695961
0.1281952 -0.119656 0.04391517 9258355 0.06601886 -0.08556163 0.1675191
0.1281952 -0.119656 0.04391517 9368466 0.06601886 -0.08556163 0.1675191
0.1356413 -0.1084406 0.04142224 9488566 0.07284741 -0.07806861 0.1656829
0.1418654 -0.09633684 0.03894918 9588657 0.07874261 -0.07037866 0.1640409
0.1418654 -0.09633684 0.03894918 9698995 0.07874261 -0.07037866 0.1640409
0.1470556 -0.08349276 0.03643826 9819112 0.08352701 -0.06231308 0.162223
0.1508577 -0.0712626 0.03358145 9928960 0.08762811 -0.05386567 0.1600948
0.1508577 -0.0712626 0.03358145 10039063 0.08762811 -0.05386567 0.1600948
0.1537754 -0.05890882 0.03052348 10149163 0.09089111 -0.04547727 0.1576903
0.1561863 -0.04761171 0.02814648 10259266 0.09331356 -0.03739178 0.1556174
0.1561863 -0.04761171 0.02814648 10379366 0.09331356 -0.03739178 0.1556174
0.1576057 -0.03634834 0.02617517 10489462 0.09483431 -0.02970695 0.1539323
0.1584718 -0.02544093 0.02454406 10599569 0.09599232 -0.02236557 0.1525796
0.1584718 -0.02544093 0.02454406 10709664 0.09599232 -0.02236557 0.1525796
0.1590924 -0.01567554 0.02331028 10819776 0.09683441 -0.01522791 0.1514898
0.1595756 -0.008206487 0.02161476 10929871 0.097723 -0.0084939 0.1499909
0.1595756 -0.008206487 0.02161476 11069985 0.097723 -0.0084939 0.1499909
0.1595876 -0.0008704662 0.0205303 11150078 0.09815561 -0.002057076 0.149103
0.1590995 0.005078554 0.01939481 11270182 0.09816831 0.004038453 0.1482069
0.1590995 0.005078554 0.01939481 11380273 0.09816831 0.004038453 0.1482069
0.158525 0.009518147 0.01822748 11490373 0.09792387 0.009500027 0.1471994
0.1578283 0.01251304 0.01701175 11610473 0.09750067 0.01400006 0.1461033
0.1578283 0.01251304 0.01701175 11720577 0.09750067 0.01400006 0.1461033
0.1570485 0.01463497 0.01572918 11830688 0.09700518 0.01723754 0.1449355
0.1565653 0.0156523 0.01494096 11940787 0.09651303 0.01928556 0.1441182
0.1565653 0.0156523 0.01494096 12050871 0.09651303 0.01928556 0.1441182
0.1564636 0.01623356 0.01489414 12160970 0.09608375 0.020383 0.143903
0.1563812 0.01639056 0.01554692 12281099 0.09557783 0.02043474 0.1443601
0.1563812 0.01639056 0.01554692 12391530 0.09557783 0.02043474 0.1443601
