0.04810637 0.008147425 0.08032804 0 0.03032313 -0.003209047 0.2212572
0.04859846 0.008765883 0.08079419 110087 0.03044174 -0.003122501 0.2216319
0.04913258 0.008925385 0.08124021 220187 0.03055923 -0.003115468 0.2220106
0.04913258 0.008925385 0.08124021 340299 0.03055923 -0.003115468 0.2220106
0.04959547 0.008656687 0.08166638 440385 0.03071444 -0.003142886 0.2224163
0.05033666 0.008164234 0.08216157 550481 0.03094159 -0.003354959 0.2228647
0.05033666 0.008164234 0.08216157 670609 0.03094159 -0.003354959 0.2228647
0.05068117 0.007389135 0.08254366 780692 0.0310906 -0.003861837 0.2232415
0.0506438 0.007033534 0.08305462 890796 0.0310208 -0.004357032 0.2237367
0.0506438 0.007033534 0.08305462 1000895 0.0310208 -0.004357032 0.2237367
0.05018103 0.006870932 0.08353291 1110986 0.03058873 -0.004761271 0.2241995
0.04856073 0.006781525 0.08387403 1221098 0.02944921 -0.004949026 0.2245986
0.04856073 0.006781525 0.08387403 1341198 0.02944921 -0.004949026 0.2245986
0.0456686 0.006685324 0.08405929 1441305 0.02743338 -0.005037002 0.2249008
0.04154753 0.006623692 0.0841371 1561413 0.02434443 -0.004865699 0.2251275
0.04154753 0.006623692 0.0841371 1691518 0.02434443 -0.004865699 0.2251275
0.03551691 0.006322093 0.08425958 1781596 0.02002118 -0.004808001 0.2254766
0.02796161 0.006156392 0.084433 1891699 0.01442031 -0.004921608 0.2258549
0.02796161 0.006156392 0.084433 2001794 0.01442031 -0.004921608 0.2258549
0.01758456 0.005790896 0.08452648 2121911 0.007112009 -0.005194001 0.226216
0.006186301 0.005414433 0.08443468 2232018 -0.001479286 -0.005588226 0.2263023
0.006186301 0.005414433 0.08443468 2342105 -0.001479286 -0.005588226 0.2263023
-0.007337695 0.005152888 0.08427941 2472235 -0.01173224 -0.005714707 0.2262964
-0.02171738 0.004235811 0.08390318 2562316 -0.02287813 -0.005900793 0.2260374
-0.02171738 0.004235811 0.08390318 2682413 -0.02287813 -0.005900793 0.2260374
-0.03636182 0.003191061 0.08350902 2782503 -0.03423269 -0.00641983 0.2256686
-0.0496854 0.001682944 0.08339162 2902619 -0.04472767 -0.007367544 0.2255175
-0.0496854 0.001682944 0.08339162 3013063 -0.04472767 -0.007367544 0.2255175
-0.06066204 0.0004072857 0.08371207 3122806 -0.05348234 -0.008345895 0.2257617
-0.06915481 -0.0004236031 0.08459143 3232922 -0.06019228 -0.009232812 0.2265362
-0.06915481 -0.0004236031 0.08459143 3353018 -0.06019228 -0.009232812 0.2265362
-0.07559139 -0.001003795 0.08583121 3463125 -0.06533306 -0.009842448 0.2276864
-0.07976446 -0.001049571 0.08721595 3573225 -0.06891456 -0.01005416 0.2290167
-0.07976446 -0.001049571 0.08721595 3683328 -0.06891456 -0.01005416 0.2290167
-0.08227263 -0.0008122253 0.08890971 3793415 -0.07111349 -0.01001506 0.2306737
-0.08293522 -0.0003135729 0.09067692 3903527 -0.07196691 -0.009791784 0.2324377
-0.08293522 -0.0003135729 0.09067692 4013614 -0.07196691 -0.009791784 0.2324377
-0.08207307 0.0005351973 0.09260522 4133730 -0.07168 -0.009541683 0.234368
-0.08069853 0.001467295 0.09473809 4243822 -0.07090869 -0.00937026 0.2364877
-0.08069853 0.001467295 0.09473809 4353921 -0.07090869 -0.00937026 0.2364877
-0.07861949 0.002544589 0.09699696 4464020 -0.06970637 -0.009242944 0.2387286
-0.07668791 0.003372617 0.0994143 4594146 -0.06859051 -0.009254627 0.2411226
-0.07668791 0.003372617 0.0994143 4684211 -0.06859051 -0.009254627 0.2411226
-0.0746128 0.004280157 0.1021099 4804327 -0.06759711 -0.009314828 0.2437863
-0.07262135 0.005210943 0.105108 4904418 -0.06671851 -0.00928729 0.2467456
-0.07262135 0.005210943 0.105108 5024522 -0.06671851 -0.00928729 0.2467456
