0.1520548 0.0005483462 -0.005083849 0 0.1438717 0.01976465 0.1358772
0.1519369 0.0005057649 -0.005112335 110095 0.1437019 0.01974463 0.1358426
0.1520087 0.0004448642 -0.005029706 230208 0.1434925 0.01975691 0.1358985
0.1520087 0.0004448642 -0.005029706 330298 0.1434925 0.01975691 0.1358985
0.1519239 0.0004803183 -0.004959886 450415 0.1429123 0.01981483 0.1359345
0.1517603 0.0004988309 -0.004925423 560506 0.1419029 0.01977202 0.1359207
0.1517603 0.0004988309 -0.004925423 670605 0.1419029 0.01977202 0.1359207
0.151868 0.0003231927 -0.004778374 780705 0.1405552 0.01953604 0.1359666
0.1518986 0.000219991 -0.004664939 910822 0.1386012 0.01910627 0.1359506
0.1518986 0.000219991 -0.004664939 1000903 0.1386012 0.01910627 0.1359506
0.1493777 0.001489765 -0.004793049 1111003 0.1363486 0.01847199 0.1360902
0.1467956 0.002324263 -0.004796785 1231107 0.1339221 0.01810561 0.1362403
0.1467956 0.002324263 -0.004796785 1341210 0.1339221 0.01810561 0.1362403
0.1430782 0.00271198 -0.004740881 1451314 0.1311505 0.01790504 0.1364439
0.137513 0.003079393 -0.004810566 1561409 0.1276101 0.01777573 0.1365832
0.137513 0.003079393 -0.004810566 1671521 0.1276101 0.01777573 0.1365832
0.1321332 0.003343072 -0.004804881 1781616 0.1234785 0.01784986 0.1366903
0.1263951 0.003497741 -0.004854182 1891715 0.118164 0.01789643 0.1366774
0.1263951 0.003497741 -0.004854182 2011812 0.118164 0.01789643 0.1366774
0.1195973 0.003031791 -0.00478421 2141933 0.112005 0.01779964 0.136745
0.1125066 0.002870853 -0.004833499 2232010 0.1054085 0.01770705 0.1367142
0.1035207 0.002274834 -0.004710184 2342114 0.09821422 0.01748861 0.1368759
0.1035207 0.002274834 -0.004710184 2452209 0.09821422 0.01748861 0.1368759
0.09347978 0.00177755 -0.004784892 2572326 0.09051962 0.01732714 0.1368333
0.08365178 0.001352357 -0.004939684 2682421 0.08241452 0.01743918 0.136644
0.08365178 0.001352357 -0.004939684 2782511 0.08241452 0.01743918 0.136644
0.07419594 0.0005145934 -0.004993975 2902620 0.07402124 0.01740335 0.1365016
0.07419594 0.0005145934 -0.004993975 3012719 0.07402124 0.01740335 0.1365016
0.06332351 0.0003227601 -0.005327303 3122830 0.06524771 0.01768919 0.1360974
0.05172618 -0.0005319906 -0.005482806 3262945 0.05624495 0.01790971 0.1357465
0.03960319 -0.001385228 -0.005595549 3343017 0.04693554 0.01811084 0.1353739
0.03960319 -0.001385228 -0.005595549 3463125 0.04693554 0.01811084 0.1353739
0.02785188 -0.002287223 -0.005681093 3573225 0.03756423 0.01831457 0.1349869
0.01508852 -0.002676833 -0.005890079 3683324 0.02806266 0.01850524 0.1344283
0.01508852 -0.002676833 -0.005890079 3793440 0.02806266 0.01850524 0.1344283
0.00303933 -0.00307877 -0.006079589 3913532 0.01826193 0.01863846 0.1339307
-0.008962408 -0.003446159 -0.006119919 4013630 0.008426545 0.0186187 0.1335834
-0.008962408 -0.003446159 -0.006119919 4153749 0.008426545 0.0186187 0.1335834
-0.02102486 -0.00323937 -0.006375321 4243826 -0.001302709 0.018624 0.1330495
-0.03331519 -0.003078304 -0.006552281 4353933 -0.0111735 0.01860979 0.1325363
-0.03331519 -0.003078304 -0.006552281 4464033 -0.0111735 0.01860979 0.1325363
-0.0454217 -0.003048263 -0.006674431 4574124 -0.02100009 0.01858321 0.1320408
-0.05751251 -0.002888344 -0.006869399 4694244 -0.03081253 0.0187313 0.1314272
-0.05751251 -0.002888344 -0.006869399 4804344 -0.03081253 0.0187313 0.1314272
-0.06926487 -0.002568406 -0.007043137 4914435 -0.04057647 0.01899136 0.1308641
-0.08134912 -0.00183267 -0.006847681 5024538 -0.05006324 0.01902555 0.1306019
-0.08134912 -0.00183267 -0.006847681 5134642 -0.05006324 0.01902555 0.1306019
-0.09220342 -0.001376199 -0.006980037 5254746 -0.05959253 0.01927358 0.1301927
-0.1030453 -0.0006180095 -0.007530678 5364850 -0.06915335 0.01976446 0.1293713
-0.1030453 -0.0006180095 -0.007530678 5474949 -0.06915335 0.01976446 0.1293713
-0.112803 -0.0007236968 -0.007475903 5585040 -0.07777737 0.02020805 0.1290573
-0.1230299 -0.0001268685 -0.007572888 5695140 -0.08606149 0.02077241 0.1284521
-0.1230299 -0.0001268685 -0.007572888 5805239 -0.08606149 0.02077241 0.1284521
-0.1327027 0.0005553765 -0.007572956 5915334 -0.09363148 0.02147652 0.1278597
-0.1421451 0.001792849 -0.007460563 6035459 -0.1007044 0.02236489 0.1273197
-0.1421451 0.001792849 -0.007460563 6145542 -0.1007044 0.02236489 0.1273197
-0.1488217 0.004008953 -0.008352172 6255645 -0.1072298 0.02335156 0.1265635
-0.1555542 0.004825018 -0.008677959 6365765 -0.1134392 0.02399429 0.1261001
-0.1555542 0.004825018 -0.008677959 6475844 -0.1134392 0.02399429 0.1261001
-0.1615903 0.005193728 -0.008603102 6585952 -0.1192736 0.02431829 0.1261181
-0.1669158 0.005790906 -0.008308261 6706060 -0.124544 0.02457943 0.1264429
-0.1669158 0.005790906 -0.008308261 6816151 -0.124544 0.02457943 0.1264429
-0.1698577 0.005557284 -0.008011308 6926255 -0.1289473 0.02480558 0.127126
-0.1714678 0.005616447 -0.007945444 7036350 -0.1324645 0.02509126 0.1277223
-0.1714678 0.005616447 -0.007945444 7156458 -0.1324645 0.02509126 0.1277223
-0.1712116 0.005057377 -0.007816487 7256553 -0.1349186 0.02530274 0.128489
-0.1719515 0.005293834 -0.007691529 7366668 -0.1362581 0.02560687 0.1287622
-0.1719515 0.005293834 -0.007691529 7486756 -0.1362581 0.02560687 0.1287622
-0.1717763 0.004947504 -0.007612745 7596852 -0.1366298 0.02585561 0.1288931
-0.1715093 0.00482901 -0.007582505 7706951 -0.1363444 0.02617273 0.1288511
-0.1715093 0.00482901 -0.007582505 7817054 -0.1363444 0.02617273 0.1288511
-0.1713849 0.00480587 -0.007551722 7927158 -0.1357673 0.02639715 0.1287254
-0.1713171 0.004923525 -0.007638209 8037261 -0.1351615 0.0265358 0.1284939
-0.1713171 0.004923525 -0.007638209 8147348 -0.1351615 0.0265358 0.1284939
-0.1712829 0.005116025 -0.007745859 8267461 -0.1348292 0.02644769 0.1283509
-0.1712804 0.005343123 -0.007897474 8377560 -0.1347661 0.02611261 0.12827
-0.1712804 0.005343123 -0.007897474 8487656 -0.1347661 0.02611261 0.12827
-0.1712061 0.005161294 -0.007806196 8617777 -0.1350179 0.02561029 0.1284968
-0.1709198 0.005146257 -0.007837014 8707854 -0.1354441 0.02518154 0.1287145
-0.1709198 0.005146257 -0.007837014 8817954 -0.1354441 0.02518154 0.1287145
-0.1703967 0.004923845 -0.007506509 8928053 -0.1362619 0.02480917 0.1294082
-0.1702816 0.003335683 -0.006074211 9048165 -0.1374916 0.02488516 0.1309174
-0.1702816 0.003335683 -0.006074211 9158265 -0.1374916 0.02488516 0.1309174
-0.1699957 0.001965137 -0.003587522 9268368 -0.1386392 0.02508434 0.1334837
-0.1707471 0.0009015159 -6.572633E-05 9388473 -0.1404512 0.02506004 0.1370648
