0.3057256 -0.001063606 -0.008034455 0 0.242812 0.0003022993 0.119818
0.3057256 -0.001063606 -0.008034455 130105 0.242812 0.0003022993 0.119818
0.3060059 0.0006759252 -0.007968142 220187 0.2430442 0.001222973 0.1198668
0.3061276 0.002987686 -0.008011054 330286 0.2432304 0.002679453 0.1198564
0.3061276 0.002987686 -0.008011054 440385 0.2432304 0.002679453 0.1198564
0.3061868 0.005642991 -0.008084184 560502 0.2433769 0.004440921 0.1198209
0.3061776 0.009284618 -0.008200284 670593 0.2435868 0.006959957 0.1197967
0.3061776 0.009284618 -0.008200284 780689 0.2435868 0.006959957 0.1197967
0.3060853 0.01414524 -0.008004893 890800 0.2436418 0.01028346 0.1200269
0.3057529 0.01952145 -0.007932362 1000895 0.2434749 0.01408807 0.120123
0.3057529 0.01952145 -0.007932362 1111003 0.2434749 0.01408807 0.120123
0.3054855 0.02551357 -0.007917523 1231111 0.2432909 0.01851207 0.1201022
0.3049923 0.03256532 -0.007686651 1331189 0.2427181 0.02382219 0.1201872
0.3049923 0.03256532 -0.007686651 1451298 0.2427181 0.02382219 0.1201872
0.3042062 0.04026285 -0.007446762 1571414 0.241919 0.02957946 0.1202733
0.3036593 0.04835517 -0.006905771 1671492 0.2409684 0.03588983 0.1204547
0.3036593 0.04835517 -0.006905771 1781596 0.2409684 0.03588983 0.1204547
0.3023351 0.05691427 -0.006689904 1921730 0.2399658 0.04251223 0.1206242
0.3003211 0.06624824 -0.006497821 2011816 0.2388563 0.04934449 0.1209486
0.3003211 0.06624824 -0.006497821 2121903 0.2388563 0.04934449 0.1209486
0.2976169 0.07462924 -0.007486096 2231998 0.2375487 0.05637621 0.1204392
0.2954509 0.08442246 -0.007198616 2342102 0.2357787 0.06395323 0.1205765
0.2954509 0.08442246 -0.007198616 2462214 0.2357787 0.06395323 0.1205765
0.2925972 0.09423308 -0.007201371 2562304 0.2338379 0.07173869 0.1206563
0.2893638 0.1040044 -0.007073789 2672396 0.2315533 0.07945301 0.1208379
0.2893638 0.1040044 -0.007073789 2792508 0.2315533 0.07945301 0.1208379
0.2860627 0.114219 -0.00672155 2902944 0.2289549 0.08759182 0.1210905
0.2824016 0.123703 -0.006696072 3012703 0.2260682 0.09537254 0.1210935
0.2824016 0.123703 -0.006696072 3132823 0.2260682 0.09537254 0.1210935
0.2785671 0.1331104 -0.006644932 3232914 0.2230376 0.1030773 0.1211077
0.2740615 0.1424167 -0.006734268 3343001 0.2197695 0.1105734 0.1211119
0.2692778 0.1518549 -0.006665007 3483127 0.2161069 0.1180467 0.1211478
0.2692778 0.1518549 -0.006665007 3573209 0.2161069 0.1180467 0.1211478
0.2647021 0.1608316 -0.006545254 3683312 0.2125673 0.1253245 0.1212337
0.2647021 0.1608316 -0.006545254 3793411 0.2125673 0.1253245 0.1212337
0.2594038 0.1695611 -0.006580719 3903519 0.2087472 0.1323461 0.1213067
0.2540246 0.1779913 -0.00657778 4023627 0.204631 0.139074 0.121297
0.2540246 0.1779913 -0.00657778 4133722 0.204631 0.139074 0.121297
0.2488366 0.1860324 -0.006373276 4243818 0.2004603 0.1454959 0.1213873
0.2432783 0.1939205 -0.006356836 4363934 0.19616 0.151914 0.121399
0.2432783 0.1939205 -0.006356836 4464025 0.19616 0.151914 0.121399
0.2376095 0.2014488 -0.006204918 4574116 0.1916352 0.1581549 0.121538
0.2315797 0.2085545 -0.006223583 4694236 0.1870277 0.164047 0.1216062
0.2315797 0.2085545 -0.006223583 4804320 0.1870277 0.164047 0.1216062
0.2255102 0.2156098 -0.006098278 4914423 0.1823293 0.1697068 0.1217085
0.2189975 0.2227162 -0.005979873 5044540 0.1775087 0.17522 0.1218053
0.2189975 0.2227162 -0.005979873 5134630 0.1775087 0.17522 0.1218053
0.2120458 0.229406 -0.005924544 5244729 0.1723388 0.1804292 0.1218678
0.2057933 0.2355527 -0.005659462 5354820 0.1672487 0.1854669 0.1220589
0.1988491 0.2417725 -0.005497258 5474941 0.1618323 0.1904432 0.1221793
0.1988491 0.2417725 -0.005497258 5585028 0.1618323 0.1904432 0.1221793
0.1916296 0.2475211 -0.005523986 5695123 0.1562683 0.1952474 0.1222386
0.1840718 0.25329 -0.005456566 5805227 0.1504928 0.1999368 0.1223407
0.1840718 0.25329 -0.005456566 5915322 0.1504928 0.1999368 0.1223407
0.1765228 0.2585473 -0.005257548 6025426 0.1445349 0.2043605 0.1225971
0.1765228 0.2585473 -0.005257548 6135525 0.1445349 0.2043605 0.1225971
0.1683632 0.2637551 -0.005156456 6255645 0.1382034 0.2086965 0.12277
0.1602316 0.2687843 -0.005044423 6365729 0.1318219 0.2128391 0.122898
0.1602316 0.2687843 -0.005044423 6475832 0.1318219 0.2128391 0.122898
0.1519833 0.2730983 -0.004934929 6585931 0.1252668 0.2166679 0.1231591
0.1434567 0.2776166 -0.004786272 6706048 0.1184491 0.2203332 0.1232742
0.1344399 0.2817551 -0.004740842 6806126 0.1115697 0.223754 0.1233961
0.1344399 0.2817551 -0.004740842 6926243 0.1115697 0.223754 0.1233961
0.1259759 0.2850036 -0.004669881 7036346 0.1046954 0.2267039 0.1236053
0.1259759 0.2850036 -0.004669881 7146441 0.1046954 0.2267039 0.1236053
0.1165934 0.2889168 -0.004310281 7256545 0.09750478 0.229733 0.1239049
0.1076443 0.2919485 -0.003962093 7366636 0.09037402 0.2323463 0.1243171
0.09823029 0.2948725 -0.003963336 7476735 0.08304803 0.234725 0.1243255
0.09823029 0.2948725 -0.003963336 7596844 0.08304803 0.234725 0.1243255
0.08851656 0.2971684 -0.004115418 7726957 0.07549387 0.2368578 0.1243341
0.07867308 0.2998227 -0.003726324 7817042 0.06781625 0.2389363 0.1246528
0.07867308 0.2998227 -0.003726324 7927158 0.06781625 0.2389363 0.1246528
0.06937917 0.3018164 -0.003604178 8047258 0.06033325 0.2406983 0.1248053
0.05917941 0.3036016 -0.003255385 8157358 0.05238035 0.2423338 0.1252213
0.05917941 0.3036016 -0.003255385 8267445 0.05238035 0.2423338 0.1252213
0.04920639 0.3047816 -0.003060035 8377548 0.044408 0.2436428 0.1255683
0.03900155 0.3059006 -0.003060298 8487652 0.03633672 0.2447963 0.1256463
0.03900155 0.3059006 -0.003060298 8597755 0.03633672 0.2447963 0.1256463
0.02881505 0.3067289 -0.002814503 8707854 0.02823713 0.2457656 0.1259853
0.01804726 0.3070002 -0.00290969 8837964 0.02001272 0.246355 0.1260265
0.01804726 0.3070002 -0.00290969 8938058 0.02001272 0.246355 0.1260265
0.007772204 0.3074036 -0.002601394 9038148 0.01164347 0.2469278 0.1263712
-0.002249366 0.3072067 -0.002536763 9158249 0.003300267 0.2471777 0.1265832
-0.002249366 0.3072067 -0.002536763 9268348 0.003300267 0.2471777 0.1265832
-0.01276064 0.3065958 -0.002672335 9378460 -0.005283129 0.2471324 0.1266119
-0.02376495 0.3066352 -0.002122123 9488559 -0.01403242 0.2471442 0.1269993
-0.02376495 0.3066352 -0.002122123 9609385 -0.01403242 0.2471442 0.1269993
-0.034528 0.3059066 -0.001859687 9718754 -0.02276589 0.2468352 0.1272854
-0.04461257 0.3041073 -0.001990715 9828870 -0.03138409 0.2462175 0.127547
-0.04461257 0.3041073 -0.001990715 9938957 -0.03138409 0.2462175 0.127547
-0.05578889 0.3026344 -0.001849643 10049057 -0.04024713 0.2453977 0.1277214
-0.06699241 0.3007775 -0.001681673 10159156 -0.04904104 0.2442476 0.1278882
-0.06699241 0.3007775 -0.001681673 10269251 -0.04904104 0.2442476 0.1278882
-0.07779077 0.2985326 -0.001455216 10389364 -0.05789192 0.2427918 0.1281721
-0.08866754 0.2957522 -0.001331683 10499459 -0.06657728 0.2410028 0.1283632
-0.08866754 0.2957522 -0.001331683 10609562 -0.06657728 0.2410028 0.1283632
-0.09959154 0.2927262 -0.001204208 10739684 -0.07537705 0.2388929 0.128495
-0.1102388 0.2893816 -0.00107409 10829761 -0.083956 0.2364355 0.1285877
-0.1102388 0.2893816 -0.00107409 10949870 -0.083956 0.2364355 0.1285877
-0.1207616 0.2854989 -0.001041788 11059977 -0.09237803 0.2337127 0.1286456
-0.1308408 0.2814066 -0.0009607837 11190082 -0.1005056 0.230694 0.128709
-0.1308408 0.2814066 -0.0009607837 11280168 -0.1005056 0.230694 0.128709
-0.1410927 0.2772249 -0.0007039226 11390263 -0.1086437 0.2275878 0.1288703
-0.1509539 0.2723786 -0.000617373 11500362 -0.1166792 0.2241295 0.129011
-0.1509539 0.2723786 -0.000617373 11610466 -0.1166792 0.2241295 0.129011
-0.1605521 0.2671187 -0.0005753661 11720561 -0.1245374 0.2203912 0.1291386
-0.1700367 0.2615724 -0.0005576141 11840669 -0.1322138 0.2163835 0.1291869
-0.1791859 0.2559285 -0.0003921736 11970791 -0.1397354 0.2121948 0.1293663
-0.1791859 0.2559285 -0.0003921736 12060876 -0.1397354 0.2121948 0.1293663
-0.1881828 0.2500752 -0.0001701416 12170976 -0.1471738 0.207894 0.1296191
-0.1881828 0.2500752 -0.0001701416 12291080 -0.1471738 0.207894 0.1296191
-0.1967001 0.2432515 -0.0004324842 12391174 -0.1543699 0.2031 0.1295762
-0.2050598 0.2368052 -0.00036796 12511283 -0.1613811 0.1982854 0.1296883
-0.2050598 0.2368052 -0.00036796 12621378 -0.1613811 0.1982854 0.1296883
-0.2132146 0.2300269 -0.0004146996 12731477 -0.1681334 0.1934211 0.1297158
-0.2207582 0.2233478 -8.344903E-05 12841589 -0.1748902 0.1884025 0.1302285
-0.2207582 0.2233478 -8.344903E-05 12961689 -0.1748902 0.1884025 0.1302285
-0.2286473 0.2159827 3.318043E-05 13081793 -0.18141 0.1830469 0.1303793
-0.2365144 0.2084605 0.0001360464 13171875 -0.1878632 0.1774387 0.1304317
-0.2365144 0.2084605 0.0001360464 13291983 -0.1878632 0.1774387 0.1304317
-0.2437887 0.2006813 0.0001431243 13402078 -0.1940967 0.1715382 0.1304797
-0.2511033 0.1925462 0.0001842972 13512182 -0.2001415 0.165383 0.1304582
-0.2511033 0.1925462 0.0001842972 13632290 -0.2001415 0.165383 0.1304582
-0.2578623 0.1838506 2.210332E-05 13732376 -0.2060089 0.1589314 0.1303927
-0.26468 0.1753839 0.0001143689 13852505 -0.2117492 0.1524002 0.1304076
-0.26468 0.1753839 0.0001143689 13962596 -0.2117492 0.1524002 0.1304076
-0.2713971 0.1662636 0.0002105978 14072692 -0.2173524 0.1454627 0.1304133
-0.2778766 0.1570427 0.0002799449 14182783 -0.2227355 0.138414 0.1303517
-0.2778766 0.1570427 0.0002799449 14322913 -0.2227355 0.138414 0.1303517
-0.2838732 0.1472375 0.0001756125 14402982 -0.2279361 0.130974 0.1302248
-0.289296 0.1367895 -0.0001619878 14513081 -0.2329115 0.1232888 0.13001
-0.289296 0.1367895 -0.0001619878 14633193 -0.2329115 0.1232888 0.13001
-0.2944148 0.1265577 -0.0001759241 14743293 -0.2376059 0.1153739 0.1300313
-0.2985962 0.1147552 -0.0006133699 14853392 -0.2419262 0.1068765 0.1298959
-0.2985962 0.1147552 -0.0006133699 14963492 -0.2419262 0.1068765 0.1298959
-0.3046407 0.1051249 0.0002224595 15083604 -0.2457283 0.09814341 0.1297864
-0.3094731 0.09378345 0.0003373607 15183690 -0.2497628 0.08912393 0.1296402
-0.3094731 0.09378345 0.0003373607 15303803 -0.2497628 0.08912393 0.1296402
-0.3137803 0.08168577 0.0002530912 15444079 -0.253541 0.07975917 0.12938
-0.3174776 0.06939167 0.000153174 15523997 -0.2568119 0.07011544 0.1290926
-0.3174776 0.06939167 0.000153174 15634105 -0.2568119 0.07011544 0.1290926
-0.3198017 0.05780668 -0.0002725982 15744196 -0.259938 0.06077944 0.1290091
-0.323044 0.04596075 -0.0002012925 15854291 -0.2625003 0.05124369 0.1286893
-0.323044 0.04596075 -0.0002012925 15964395 -0.2625003 0.05124369 0.1286893
-0.3255938 0.0334148 -0.0001638272 16084507 -0.2649775 0.04156366 0.1285432
-0.3273075 0.02058435 -0.0003113658 16194603 -0.2671155 0.03181917 0.1283624
-0.3273075 0.02058435 -0.0003113658 16304702 -0.2671155 0.03181917 0.1283624
-0.3294306 0.007129768 -0.0002903363 16414801 -0.2688806 0.02172001 0.1278778
-0.3304625 -0.006086007 -0.0004974675 16534906 -0.2705856 0.0116659 0.1275879
-0.3304625 -0.006086007 -0.0004974675 16635004 -0.2705856 0.0116659 0.1275879
-0.3327627 -0.01896514 -8.647559E-05 16755108 -0.2716787 0.001403702 0.1270359
-0.3331054 -0.03293469 -0.0003679269 16865208 -0.273157 -0.00869111 0.1266151
-0.331825 -0.04645889 -0.0004609151 16975307 -0.2743309 -0.01862431 0.12692
-0.331825 -0.04645889 -0.0004609151 17085402 -0.2743309 -0.01862431 0.12692
-0.3315009 -0.06081765 -0.0003530264 17195506 -0.2747367 -0.02915363 0.1264596
-0.3315009 -0.06081765 -0.0003530264 17315614 -0.2747367 -0.02915363 0.1264596
-0.3309671 -0.07408138 -0.0003306328 17425714 -0.2751365 -0.03928317 0.1260746
-0.3302926 -0.08759769 -0.000167444 17535809 -0.275329 -0.0494777 0.1256582
-0.3302926 -0.08759769 -0.000167444 17645912 -0.275329 -0.0494777 0.1256582
-0.3306216 -0.09989978 0.0003370065 17756008 -0.2746891 -0.05979252 0.1251137
-0.3269529 -0.1131913 -0.0001518212 17866111 -0.2737969 -0.06933717 0.1245779
-0.3235876 -0.1263105 -0.0006043869 17976214 -0.2710627 -0.07965526 0.1233741
-0.3235876 -0.1263105 -0.0006043869 18096319 -0.2710627 -0.07965526 0.1233741
-0.3201985 -0.1388382 -0.0007159521 18206418 -0.2684229 -0.08940396 0.1224985
-0.3201985 -0.1388382 -0.0007159521 18316517 -0.2684229 -0.08940396 0.1224985
-0.3158761 -0.1507472 -0.0009186215 18446639 -0.2651264 -0.09881975 0.1216956
-0.3110931 -0.1625627 -0.001197687 18536716 -0.261942 -0.10794 0.1208956
-0.3068371 -0.1735791 -0.001319554 18656820 -0.2586752 -0.1166385 0.1201071
-0.3068371 -0.1735791 -0.001319554 18756911 -0.2586752 -0.1166385 0.1201071
-0.3017902 -0.1844735 -0.001654304 18877027 -0.2548011 -0.1250274 0.1190289
-0.2958538 -0.1945264 -0.002054382 18987123 -0.2504832 -0.1327816 0.1180927
-0.2958538 -0.1945264 -0.002054382 19097226 -0.2504832 -0.1327816 0.1180927
-0.2894793 -0.2045034 -0.002478786 19237352 -0.2456841 -0.1404909 0.1170646
-0.2833543 -0.2140294 -0.002468389 19317421 -0.2410974 -0.1476126 0.1163146
-0.2833543 -0.2140294 -0.002468389 19427536 -0.2410974 -0.1476126 0.1163146
-0.276495 -0.2230024 -0.002774 19567642 -0.2358961 -0.154469 0.1153833
-0.2689993 -0.2317519 -0.003100559 19647719 -0.2305479 -0.1610678 0.1145068
-0.2689993 -0.2317519 -0.003100559 19767827 -0.2305479 -0.1610678 0.1145068
-0.2615127 -0.2398072 -0.003271874 19877926 -0.2249888 -0.1672371 0.1138
-0.2532558 -0.2479625 -0.003516396 19998047 -0.2188183 -0.1734499 0.1129661
-0.2532558 -0.2479625 -0.003516396 20108134 -0.2188183 -0.1734499 0.1129661
-0.2444368 -0.2561485 -0.003886119 20208233 -0.212164 -0.1797687 0.1120054
-0.2357765 -0.2636086 -0.004140951 20338338 -0.2053487 -0.1856199 0.1111767
-0.2357765 -0.2636086 -0.004140951 20438440 -0.2053487 -0.1856199 0.1111767
-0.2268828 -0.2704309 -0.004462255 20548532 -0.1985092 -0.1911348 0.1104869
-0.2175045 -0.277449 -0.004695884 20658631 -0.1912845 -0.1967497 0.1097873
-0.2175045 -0.277449 -0.004695884 20778752 -0.1912845 -0.1967497 0.1097873
-0.2055612 -0.2845092 -0.005390402 20888851 -0.1828224 -0.2023148 0.108773
-0.1972687 -0.2919104 -0.005371639 20998938 -0.1745954 -0.2081868 0.1076882
-0.1972687 -0.2919104 -0.005371639 21109037 -0.1745954 -0.2081868 0.1076882
-0.1867659 -0.2985446 -0.005437882 21219145 -0.1661512 -0.2134847 0.1070169
-0.1763301 -0.305036 -0.006007334 21329232 -0.1575716 -0.2188456 0.1059104
-0.1763301 -0.305036 -0.006007334 21439344 -0.1575716 -0.2188456 0.1059104
-0.1660928 -0.3109252 -0.00595031 21559444 -0.1492727 -0.2234776 0.1052983
-0.1547639 -0.3168139 -0.006520712 21669543 -0.1397755 -0.2285363 0.1043334
-0.1547639 -0.3168139 -0.006520712 21779655 -0.1397755 -0.2285363 0.1043334
-0.1431043 -0.3224469 -0.006446104 21889738 -0.1307811 -0.2327316 0.1035791
-0.1313426 -0.3278214 -0.006720549 21999837 -0.1212658 -0.2370467 0.1026625
-0.1313426 -0.3278214 -0.006720549 22109953 -0.1212658 -0.2370467 0.1026625
-0.1199904 -0.3324371 -0.006993128 22240054 -0.112003 -0.240811 0.1018512
-0.1079549 -0.3361205 -0.007407195 22340144 -0.1031324 -0.24389 0.1011125
-0.1079549 -0.3361205 -0.007407195 22450248 -0.1031324 -0.24389 0.1011125
-0.09766466 -0.341594 -0.00754659 22570356 -0.0934105 -0.24775 0.09960489
-0.08474787 -0.3454019 -0.008207423 22670451 -0.08368023 -0.2508518 0.0984012
-0.08474787 -0.3454019 -0.008207423 22790559 -0.08368023 -0.2508518 0.0984012
-0.07476292 -0.3490348 -0.008122888 22890653 -0.07476966 -0.2534135 0.09753131
-0.06425486 -0.3520291 -0.008228563 23010754 -0.06588569 -0.2555658 0.0966448
-0.06425486 -0.3520291 -0.008228563 23120853 -0.06588569 -0.2555658 0.0966448
-0.05305878 -0.3541712 -0.008145222 23230948 -0.05766079 -0.2570857 0.09606358
-0.03894242 -0.3564159 -0.008586723 23361066 -0.04744062 -0.2589056 0.09497867
-0.03894242 -0.3564159 -0.008586723 23451151 -0.04744062 -0.2589056 0.09497867
-0.03070808 -0.3585052 -0.008528649 23561250 -0.03926163 -0.2602538 0.09432914
-0.0175992 -0.3601875 -0.008904791 23671354 -0.02958796 -0.2616605 0.09334458
-0.0175992 -0.3601875 -0.008904791 23791458 -0.02958796 -0.2616605 0.09334458
-0.005866794 -0.3617205 -0.009104616 23901557 -0.0203769 -0.2629285 0.09256087
0.005787183 -0.3629341 -0.00924096 24011665 -0.01097603 -0.2640064 0.09194474
0.005787183 -0.3629341 -0.00924096 24121760 -0.01097603 -0.2640064 0.09194474
0.01567405 -0.3645855 -0.009483639 24231860 -0.001466066 -0.2652925 0.09128027
0.02699171 -0.3651499 -0.009597193 24351964 0.007995435 -0.2659597 0.09093492
0.03774739 -0.3653751 -0.009844186 24472076 0.01700356 -0.2663365 0.09049165
0.03774739 -0.3653751 -0.009844186 24572159 0.01700356 -0.2663365 0.09049165
0.04815452 -0.3655199 -0.0101107 24682274 0.02580982 -0.2665621 0.08996084
0.04815452 -0.3655199 -0.0101107 24792369 0.02580982 -0.2665621 0.08996084
0.05890715 -0.3652822 -0.01027744 24912478 0.03455583 -0.2664531 0.08945254
0.06925807 -0.3646953 -0.01040509 25022581 0.0430012 -0.2660236 0.08899675
0.06925807 -0.3646953 -0.01040509 25132681 0.0430012 -0.2660236 0.08899675
0.07930105 -0.3639223 -0.01052776 25242776 0.051344 -0.2653889 0.08854698
0.08904991 -0.3627297 -0.01069101 25352875 0.05940133 -0.2644453 0.08813909
0.08904991 -0.3627297 -0.01069101 25462975 0.05940133 -0.2644453 0.08813909
0.09844242 -0.3615951 -0.01081848 25573066 0.06720755 -0.2635043 0.08771481
0.1079985 -0.3597357 -0.01101552 25693174 0.07497434 -0.2620544 0.08734108
0.1079985 -0.3597357 -0.01101552 25793273 0.07497434 -0.2620544 0.08734108
0.1167775 -0.3577847 -0.011336 25933391 0.08236021 -0.2604956 0.08693172
0.1260596 -0.355591 -0.01128293 26023480 0.08983305 -0.2587368 0.08676362
0.1260596 -0.355591 -0.01128293 26133572 0.08983305 -0.2587368 0.08676362
0.1346965 -0.3530326 -0.01142958 26243679 0.09699938 -0.2567296 0.08660558
0.1431355 -0.3502347 -0.01153435 26353779 0.1038738 -0.2545211 0.08646397
0.1431355 -0.3502347 -0.01153435 26473887 0.1038738 -0.2545211 0.08646397
0.1513664 -0.3469584 -0.01167296 26583986 0.1105866 -0.2518785 0.08632223
0.159511 -0.343704 -0.01158374 26694078 0.1170658 -0.2491439 0.08620702
0.159511 -0.343704 -0.01158374 26804185 0.1170658 -0.2491439 0.08620702
0.1670801 -0.3399397 -0.01180943 26914276 0.1232149 -0.2461 0.08604861
0.1748133 -0.3357662 -0.01182727 27024384 0.1293201 -0.2427125 0.08603797
0.1748133 -0.3357662 -0.01182727 27134475 0.1293201 -0.2427125 0.08603797
0.1821076 -0.3312934 -0.01195043 27254583 0.1350463 -0.2391284 0.08601424
0.1892905 -0.3264227 -0.01201866 27364683 0.1406905 -0.2352853 0.08615597
0.1892905 -0.3264227 -0.01201866 27474790 0.1406905 -0.2352853 0.08615597
0.1963487 -0.3210616 -0.01196715 27594890 0.1460638 -0.2311272 0.08646805
0.2032274 -0.3152601 -0.01212737 27694981 0.1512977 -0.2267436 0.08673813
0.2097997 -0.3092268 -0.01214669 27815089 0.1562853 -0.2220844 0.08709368
0.2097997 -0.3092268 -0.01214669 27925201 0.1562853 -0.2220844 0.08709368
0.2162169 -0.3027708 -0.01216404 28035288 0.1611034 -0.2171296 0.08750715
0.2224364 -0.2956792 -0.01229262 28165409 0.1657226 -0.2117341 0.08792225
0.2224364 -0.2956792 -0.01229262 28255487 0.1657226 -0.2117341 0.08792225
0.2284184 -0.2883493 -0.01225023 28365586 0.1701239 -0.2060546 0.08842531
0.2284184 -0.2883493 -0.01225023 28475697 0.1701239 -0.2060546 0.08842531
0.234074 -0.2807612 -0.01220843 28595810 0.1742366 -0.2001556 0.08892737
0.2399033 -0.2725641 -0.0122725 28705901 0.1782753 -0.193971 0.08937085
0.2451773 -0.2644887 -0.01237606 28815988 0.1819905 -0.1878029 0.08976576
0.2451773 -0.2644887 -0.01237606 28926100 0.1819905 -0.1878029 0.08976576
0.2505102 -0.2560807 -0.01238094 29036199 0.1856318 -0.1813882 0.09017663
0.2505102 -0.2560807 -0.01238094 29146299 0.1856318 -0.1813882 0.09017663
0.2555755 -0.247098 -0.01243403 29266399 0.1889982 -0.1746254 0.09062631
0.2606054 -0.2384203 -0.01211899 29376498 0.192392 -0.1678507 0.09119178
0.2650737 -0.2291935 -0.01225304 29486606 0.1954735 -0.1608748 0.091644
0.2650737 -0.2291935 -0.01225304 29616723 0.1954735 -0.1608748 0.091644
0.2691683 -0.2197385 -0.01249325 29706792 0.1982672 -0.1537535 0.09203076
0.2734486 -0.2102081 -0.01229831 29816896 0.2009955 -0.1467152 0.0927038
0.2734486 -0.2102081 -0.01229831 29926999 0.2009955 -0.1467152 0.0927038
0.277536 -0.1997765 -0.01240799 30047116 0.2034563 -0.1395005 0.09335229
0.2811573 -0.1908317 -0.01220353 30157211 0.2060353 -0.1324921 0.09390687
0.2811573 -0.1908317 -0.01220353 30267298 0.2060353 -0.1324921 0.09390687
0.2844095 -0.1813741 -0.01210588 30377401 0.2082383 -0.1254986 0.09458108
0.2880321 -0.1714433 -0.01191608 30487509 0.2103871 -0.118363 0.0951352
0.2880321 -0.1714433 -0.01191608 30607617 0.2103871 -0.118363 0.0951352
0.2909045 -0.1631101 -0.01184708 30707708 0.2124819 -0.111481 0.09534693
0.2931106 -0.1573593 -0.01170565 30827808 0.2147596 -0.1051649 0.09526678
0.2931106 -0.1573593 -0.01170565 30937919 0.2147596 -0.1051649 0.09526678
0.2956697 -0.1497008 -0.01171945 31048007 0.2167829 -0.09871246 0.09544071
0.2975383 -0.1405406 -0.01272954 31178132 0.2183716 -0.0917761 0.09525611
0.2975383 -0.1405406 -0.01272954 31278214 0.2183716 -0.0917761 0.09525611
0.2998922 -0.1332987 -0.01252365 31388318 0.2199145 -0.08566778 0.09537029
0.3020234 -0.1266601 -0.0124245 31498413 0.2214954 -0.07981446 0.09540401
0.3020234 -0.1266601 -0.0124245 31608521 0.2214954 -0.07981446 0.09540401
0.3037937 -0.1196513 -0.01246492 31718612 0.2228249 -0.07406345 0.09557234
0.3055967 -0.112702 -0.01237527 31828711 0.2242817 -0.06843159 0.09594944
0.3055967 -0.112702 -0.01237527 31958829 0.2242817 -0.06843159 0.09594944
0.3071231 -0.1058574 -0.01236232 32048918 0.2255063 -0.0630364 0.09631748
0.3071231 -0.1058574 -0.01236232 32169022 0.2255063 -0.0630364 0.09631748
0.3085761 -0.09929243 -0.01223384 32299144 0.2266097 -0.05779273 0.09669516
0.3100828 -0.0926539 -0.01198773 32389217 0.227544 -0.05274448 0.09710313
0.3111736 -0.08577617 -0.01196663 32499312 0.22821 -0.04774878 0.09747376
0.3111736 -0.08577617 -0.01196663 32619425 0.22821 -0.04774878 0.09747376
0.3119636 -0.07894453 -0.01188001 32729524 0.2287385 -0.04282768 0.09800807
0.310846 -0.07257619 -0.01253232 32839636 0.2282779 -0.03814455 0.09838761
0.310846 -0.07257619 -0.01253232 32949723 0.2282779 -0.03814455 0.09838761
0.3130574 -0.06502389 -0.01147021 33059826 0.2292314 -0.0330981 0.09925552
0.3132641 -0.05858469 -0.01132314 33169922 0.2293765 -0.02840096 0.09984364
0.3132641 -0.05858469 -0.01132314 33290026 0.2293765 -0.02840096 0.09984364
0.3133353 -0.05198793 -0.01122221 33390120 0.2293445 -0.02373414 0.1003731
0.3131079 -0.04567529 -0.01126322 33510229 0.2291571 -0.01917975 0.1007925
0.3131079 -0.04567529 -0.01126322 33620328 0.2291571 -0.01917975 0.1007925
0.3129484 -0.03997781 -0.01118285 33730431 0.2290279 -0.01478831 0.1011963
0.3131949 -0.03464668 -0.01062205 33840523 0.2286773 -0.01034459 0.1015048
0.3131949 -0.03464668 -0.01062205 33960639 0.2286773 -0.01034459 0.1015048
0.312918 -0.02927333 -0.01069527 34060729 0.2284209 -0.006234345 0.1017133
0.3121604 -0.02404234 -0.01093139 34180834 0.2280323 -0.002307156 0.1020124
0.3121604 -0.02404234 -0.01093139 34290937 0.2280323 -0.002307156 0.1020124
0.3114448 -0.01920079 -0.01107034 34401028 0.2276922 0.001443197 0.1023561
0.3104657 -0.01440496 -0.01133969 34511132 0.2272436 0.005075768 0.1026815
0.3104657 -0.01440496 -0.01133969 34621227 0.2272436 0.005075768 0.1026815
0.310067 -0.009857918 -0.01126404 34731331 0.2270658 0.008472831 0.1031083
0.3094606 -0.005585992 -0.01138275 34841438 0.2268322 0.01167304 0.1034255
0.3094606 -0.005585992 -0.01138275 34971543 0.2268322 0.01167304 0.1034255
0.3090694 -0.001434562 -0.01134179 35061633 0.2265003 0.01458247 0.1036888
0.3079862 0.0020298 -0.01166533 35181741 0.2261745 0.01733695 0.1040013
0.3079862 0.0020298 -0.01166533 35291845 0.2261745 0.01733695 0.1040013
0.30749 0.005567251 -0.01157595 35401936 0.2260306 0.02002726 0.1044478
0.3067714 0.009333751 -0.0116076 35512031 0.2256732 0.02249792 0.1048227
0.3067714 0.009333751 -0.0116076 35632512 0.2256732 0.02249792 0.1048227
0.3063598 0.01251332 -0.0113428 35742259 0.2255195 0.02485773 0.1053564
0.3052419 0.01534452 -0.01163065 35852358 0.2251025 0.02694352 0.1056271
0.3052419 0.01534452 -0.01163065 35962450 0.2251025 0.02694352 0.1056271
0.3044571 0.01779901 -0.01165778 36092563 0.2247345 0.02879721 0.1059415
0.3038751 0.01959309 -0.01174496 36183426 0.224353 0.03035456 0.1060118
0.3038751 0.01959309 -0.01174496 36302757 0.224353 0.03035456 0.1060118
0.3030846 0.0208667 -0.01193189 36412860 0.2239435 0.03185577 0.1060604
0.3032745 0.02133456 -0.01191358 36522947 0.2238194 0.03277059 0.1058249
0.3032745 0.02133456 -0.01191358 36633043 0.2238194 0.03277059 0.1058249
0.3033005 0.02146671 -0.01196835 36743158 0.223844 0.0332111 0.1057388
0.3033237 0.02147746 -0.01195292 36863255 0.2239723 0.03321688 0.1058256
0.3033559 0.02146094 -0.01190959 36973350 0.2241832 0.03295074 0.1060137
0.3033559 0.02146094 -0.01190959 37073452 0.2241832 0.03295074 0.1060137
0.3031689 0.02137248 -0.01179757 37193553 0.2242176 0.03263037 0.1062964
0.3031689 0.02137248 -0.01179757 37303664 0.2242176 0.03263037 0.1062964
0.3032069 0.02130382 -0.01174389 37413759 0.224332 0.03224765 0.1064306
0.3032133 0.0211122 -0.01166859 37523851 0.224357 0.03180279 0.1065416
0.3032133 0.0211122 -0.01166859 37643959 0.224357 0.03180279 0.1065416
