0.3097414 0.0006425004 -0.003619025 0 0.2601625 0.006674262 0.1298418
0.3097414 0.0006425004 -0.003619025 100090 0.2601625 0.006674262 0.1298418
0.3093764 0.0008076474 -0.003812036 220199 0.2599329 0.006949174 0.129694
0.3090289 0.0008445351 -0.00382929 330302 0.2594798 0.00710547 0.1296321
0.3090289 0.0008445351 -0.00382929 440397 0.2594798 0.00710547 0.1296321
0.3080196 0.001289661 -0.003877699 550497 0.2588318 0.00728983 0.1297292
0.3064638 0.001368895 -0.003857204 660592 0.2577261 0.00712729 0.1299252
0.3064638 0.001368895 -0.003857204 780712 0.2577261 0.00712729 0.1299252
0.3043288 0.001065024 -0.003851744 890812 0.2561534 0.006895705 0.130131
0.3014724 0.0006372714 -0.003852488 1000899 0.2540202 0.006747033 0.1303757
0.3014724 0.0006372714 -0.003852488 1101001 0.2540202 0.006747033 0.1303757
0.2978616 -0.0001887645 -0.00394161 1231119 0.2512277 0.006487278 0.1305462
0.2936435 -0.001032833 -0.003819881 1331201 0.2475442 0.006201464 0.1308233
0.2936435 -0.001032833 -0.003819881 1451310 0.2475442 0.006201464 0.1308233
0.2884239 -0.001948873 -0.00364952 1561409 0.2426523 0.0056252 0.1310867
0.2831541 -0.002518086 -0.003189969 1671508 0.2370712 0.005023518 0.1314419
0.2831541 -0.002518086 -0.003189969 1781608 0.2370712 0.005023518 0.1314419
0.2770032 -0.003634482 -0.002606579 1891711 0.2305911 0.00456373 0.1318737
0.2691306 -0.004516428 -0.00270977 2001806 0.2237769 0.004438122 0.1320831
0.2691306 -0.004516428 -0.00270977 2111914 0.2237769 0.004438122 0.1320831
0.2601864 -0.005537027 -0.00281633 2222005 0.2165895 0.00466151 0.1324669
0.251593 -0.006063975 -0.002777612 2342113 0.2091225 0.005094958 0.1327878
0.251593 -0.006063975 -0.002777612 2452209 0.2091225 0.005094958 0.1327878
0.2413666 -0.007215605 -0.002798954 2562320 0.2009752 0.005370404 0.133276
0.2304108 -0.008247468 -0.003000967 2672416 0.192289 0.005648606 0.1336002
0.2304108 -0.008247468 -0.003000967 2792528 0.192289 0.005648606 0.1336002
0.2198795 -0.008906207 -0.003141704 2902619 0.1833549 0.005905858 0.1337992
0.2091779 -0.009773114 -0.003217902 3012727 0.1740994 0.006097075 0.1339823
0.2091779 -0.009773114 -0.003217902 3122818 0.1740994 0.006097075 0.1339823
0.1977727 -0.01020758 -0.003297066 3232917 0.164854 0.006518421 0.134336
0.1865452 -0.01040281 -0.003162957 3343013 0.1558494 0.006983389 0.1349013
0.1865452 -0.01040281 -0.003162957 3453112 0.1558494 0.006983389 0.1349013
0.1745145 -0.0101254 -0.003265 3573237 0.1466682 0.007587502 0.1353607
0.1625098 -0.008939672 -0.003541272 3673311 0.1371331 0.00832144 0.1356145
0.1625098 -0.008939672 -0.003541272 3783414 0.1371331 0.00832144 0.1356145
0.1509206 -0.00751866 -0.003911964 3913540 0.1273073 0.009124177 0.135629
0.1399843 -0.006537804 -0.004060979 4013618 0.1175686 0.009977379 0.1356925
0.1399843 -0.006537804 -0.004060979 4123729 0.1175686 0.009977379 0.1356925
0.1281478 -0.004445206 -0.004786446 4253851 0.1075849 0.01120292 0.1353512
0.1171047 -0.003460161 -0.004779148 4353937 0.09803414 0.0120658 0.1355829
0.1171047 -0.003460161 -0.004779148 4464028 0.09803414 0.0120658 0.1355829
0.1068948 -0.002746833 -0.004477962 4584149 0.08904051 0.01282814 0.1360386
0.09648669 -0.002404239 -0.004517669 4684251 0.07969818 0.0134877 0.1360947
0.09648669 -0.002404239 -0.004517669 4794326 0.07969818 0.0134877 0.1360947
0.08616799 -0.002164649 -0.004589429 4914435 0.06983913 0.01387811 0.13606
0.07613687 -0.002285032 -0.004821291 5024534 0.05990013 0.01421315 0.1357861
0.07613687 -0.002285032 -0.004821291 5134633 0.05990013 0.01421315 0.1357861
0.06573859 -0.001883062 -0.004693491 5244733 0.05013585 0.01501657 0.135938
0.0559749 -0.002285488 -0.004407956 5364837 0.04010626 0.01592064 0.1360306
0.0559749 -0.002285488 -0.004407956 5464932 0.04010626 0.01592064 0.1360306
0.04486953 -0.002263052 -0.004518059 5585036 0.0299435 0.0169443 0.1358905
0.03421518 -0.002028312 -0.004593246 5685126 0.01940085 0.01764358 0.1357627
0.03421518 -0.002028312 -0.004593246 5805247 0.01940085 0.01764358 0.1357627
0.02333397 -0.002250786 -0.004578805 5915342 0.009148318 0.01813419 0.1357404
0.01256396 -0.00144028 -0.004620065 6025441 -0.0007171283 0.0189835 0.135782
0.01256396 -0.00144028 -0.004620065 6135533 -0.0007171283 0.0189835 0.135782
0.0007066359 -0.0007678264 -0.004804846 6245636 -0.01051925 0.01994301 0.1357344
-0.01108893 -0.0007296195 -0.004845901 6355739 -0.0201364 0.02091082 0.1357104
-0.02284829 -0.0005402032 -0.005004608 6495866 -0.02997814 0.02187399 0.1355408
-0.02284829 -0.0005402032 -0.005004608 6585947 -0.02997814 0.02187399 0.1355408
-0.0334237 -0.0006204197 -0.004937533 6696047 -0.03977108 0.02230368 0.1355632
-0.0334237 -0.0006204197 -0.004937533 6806142 -0.03977108 0.02230368 0.1355632
-0.0454792 0.0005400535 -0.005378122 6916245 -0.04987404 0.02315051 0.135248
-0.05646325 0.001643271 -0.005524356 7026758 -0.05940838 0.02377956 0.135215
-0.05646325 0.001643271 -0.005524356 7146449 -0.05940838 0.02377956 0.135215
-0.06767692 0.002317584 -0.005607713 7256556 -0.0688023 0.02444692 0.135159
-0.07931416 0.002761212 -0.005740263 7366656 -0.07802363 0.02524454 0.134969
-0.07931416 0.002761212 -0.005740263 7476755 -0.07802363 0.02524454 0.134969
-0.09034612 0.003329841 -0.005959991 7606864 -0.08722261 0.02602173 0.134687
-0.1005661 0.003688457 -0.006150589 7706967 -0.09631538 0.0264615 0.1344537
-0.1005661 0.003688457 -0.006150589 7807045 -0.09631538 0.0264615 0.1344537
-0.1098434 0.004561509 -0.006193852 7917140 -0.1050737 0.0268352 0.1344738
-0.1198764 0.00487059 -0.006167161 8037249 -0.1136462 0.02704731 0.1344587
-0.1198764 0.00487059 -0.006167161 8147352 -0.1136462 0.02704731 0.1344587
-0.1298619 0.005540223 -0.006538289 8257456 -0.1215462 0.02763695 0.1339923
-0.1396099 0.00548868 -0.006752156 8367547 -0.1289307 0.02811171 0.1335347
-0.1396099 0.00548868 -0.006752156 8487659 -0.1289307 0.02811171 0.1335347
-0.1483066 0.005225116 -0.006696418 8597763 -0.136145 0.02848334 0.1333657
-0.1559646 0.004323082 -0.006714691 8707858 -0.1438942 0.02840615 0.1332159
-0.1559646 0.004323082 -0.006714691 8817957 -0.1438942 0.02840615 0.1332159
-0.1631707 0.003299474 -0.006396543 8928057 -0.1510766 0.02787431 0.1334465
-0.1709524 0.002698005 -0.006172699 9038160 -0.1577943 0.02740967 0.13355
-0.1709524 0.002698005 -0.006172699 9158269 -0.1577943 0.02740967 0.13355
-0.1783325 0.001759757 -0.006098696 9268372 -0.1636843 0.02699632 0.1333818
-0.1856639 0.0009906209 -0.0064325 9378471 -0.169101 0.02665945 0.1327545
-0.1922055 -0.0003886155 -0.006738174 9508581 -0.1742695 0.02599648 0.1321444
-0.1922055 -0.0003886155 -0.006738174 9598658 -0.1742695 0.02599648 0.1321444
-0.199472 -0.00116207 -0.006750213 9708761 -0.1797175 0.02521732 0.1318865
-0.206716 -0.001579486 -0.006678359 9828866 -0.1852266 0.02438989 0.1317776
-0.206716 -0.001579486 -0.006678359 9928960 -0.1852266 0.02438989 0.1317776
-0.2135544 -0.00182681 -0.006685724 10049068 -0.1905146 0.02364572 0.1316131
-0.220036 -0.001869922 -0.006820971 10159172 -0.1956954 0.02327247 0.1313154
-0.220036 -0.001869922 -0.006820971 10269275 -0.1956954 0.02327247 0.1313154
-0.2270037 -0.001731448 -0.006963611 10379375 -0.2008567 0.02307522 0.1309031
-0.2334909 -0.001330965 -0.007117181 10489466 -0.2058419 0.02304869 0.1305324
-0.2334909 -0.001330965 -0.007117181 10609574 -0.2058419 0.02304869 0.1305324
-0.2399807 -0.001011282 -0.006975275 10719669 -0.2108175 0.02298571 0.1304289
-0.2399807 -0.001011282 -0.006975275 10829773 -0.2108175 0.02298571 0.1304289
-0.2459531 -0.0007765553 -0.006871214 10939872 -0.2155736 0.02281477 0.1303395
-0.2516672 -0.0003825284 -0.006955889 11049980 -0.220183 0.02271877 0.1300891
-0.2566381 -0.0003022526 -0.007002158 11160067 -0.2246737 0.02263904 0.1299585
-0.2566381 -0.0003022526 -0.007002158 11280175 -0.2246737 0.02263904 0.1299585
-0.2613553 -9.883702E-05 -0.007109281 11390287 -0.2290241 0.02259115 0.1298071
-0.2659009 0.0002660869 -0.006957556 11500386 -0.2330401 0.02251088 0.1299058
-0.2659009 0.0002660869 -0.006957556 11610473 -0.2330401 0.02251088 0.1299058
-0.2697555 0.0006976658 -0.006817599 11740603 -0.2363192 0.02238035 0.1299966
-0.2724168 0.0009795313 -0.007025727 11830688 -0.2389885 0.02225273 0.1298547
-0.2724168 0.0009795313 -0.007025727 11950797 -0.2389885 0.02225273 0.1298547
-0.2746659 0.001061758 -0.007018057 12060884 -0.2413212 0.02214371 0.1299124
-0.2763977 0.001610351 -0.007159181 12170991 -0.2431378 0.02204958 0.1298892
-0.2763977 0.001610351 -0.007159181 12281079 -0.2431378 0.02204958 0.1298892
-0.2780796 0.001778807 -0.006989201 12391178 -0.2447608 0.02188969 0.1300935
-0.280595 0.002555071 -0.006836966 12501289 -0.2465062 0.02193326 0.1301619
-0.280595 0.002555071 -0.006836966 12611389 -0.2465062 0.02193326 0.1301619
-0.2829871 0.003299298 -0.006927891 12731493 -0.2482948 0.02202632 0.13001
-0.2853736 0.003668708 -0.007093299 12841597 -0.2503844 0.02206176 0.1298143
-0.2853736 0.003668708 -0.007093299 12951688 -0.2503844 0.02206176 0.1298143
-0.2878104 0.004605767 -0.007303823 13061795 -0.2527627 0.02219914 0.1296939
-0.2887899 0.004455361 -0.007144744 13171886 -0.2553046 0.02209462 0.1302374
-0.2887899 0.004455361 -0.007144744 13281986 -0.2553046 0.02209462 0.1302374
-0.2879956 0.004228048 -0.007185502 13392081 -0.2576653 0.02189194 0.1309243
-0.2878087 0.00406541 -0.00704769 13502189 -0.2595235 0.02173427 0.1314948
-0.2878087 0.00406541 -0.00704769 13622289 -0.2595235 0.02173427 0.1314948
-0.2876798 0.004157093 -0.007162951 13732388 -0.2604071 0.02163848 0.1316061
-0.2876086 0.004173561 -0.007290275 13842492 -0.2605194 0.02154021 0.1315291
-0.2876086 0.004173561 -0.007290275 13962608 -0.2605194 0.02154021 0.1315291
-0.287543 0.004193378 -0.007415274 14072699 -0.2602547 0.02139597 0.1313855
-0.2876276 0.004144819 -0.007365414 14172798 -0.2601028 0.02111767 0.131417
-0.2876276 0.004144819 -0.007365414 14292898 -0.2601028 0.02111767 0.131417
-0.2875778 0.003877321 -0.007115615 14403002 -0.2602203 0.02062816 0.1317268
