0.1625587 0.01221321 -0.004825026 0 0.1342759 0.003072111 0.1345406
0.1625587 0.01221321 -0.004825026 130101 0.1342759 0.003072111 0.1345406
0.162268 0.01758207 -0.004998035 220182 0.1343865 0.006814623 0.1343322
0.1618343 0.02360877 -0.005261357 330310 0.1341831 0.01147095 0.1340022
0.1618343 0.02360877 -0.005261357 460395 0.1341831 0.01147095 0.1340022
0.1606139 0.03126369 -0.005444026 550484 0.133394 0.01732057 0.1337354
0.1606139 0.03126369 -0.005444026 670584 0.133394 0.01732057 0.1337354
0.1586419 0.03998472 -0.005588108 780692 0.1319645 0.02416587 0.1334958
0.1557146 0.04980168 -0.005615538 890783 0.1297583 0.03178782 0.1333378
0.1557146 0.04980168 -0.005615538 1000883 0.1297583 0.03178782 0.1333378
0.1523963 0.06045195 -0.005696642 1110990 0.1268909 0.04012065 0.1330202
0.1467593 0.07147411 -0.005795838 1221089 0.1226155 0.04890639 0.1328188
0.1467593 0.07147411 -0.005795838 1341198 0.1226155 0.04890639 0.1328188
0.1397681 0.08261973 -0.005845059 1451289 0.1172571 0.0579758 0.1326908
0.1322878 0.09331042 -0.005928939 1581414 0.1109734 0.06697962 0.1324858
0.1322878 0.09331042 -0.005928939 1671674 0.1109734 0.06697962 0.1324858
0.1225159 0.1040475 -0.005724272 1781595 0.1034236 0.07606868 0.1326915
0.1119227 0.1140568 -0.005647778 1891690 0.09501806 0.08461365 0.1327486
0.1002462 0.1227154 -0.005647338 2011803 0.08577209 0.09234896 0.1328251
0.1002462 0.1227154 -0.005647338 2121898 0.08577209 0.09234896 0.1328251
0.08729818 0.1305202 -0.005523901 2232006 0.07563448 0.09910129 0.132979
0.08729818 0.1305202 -0.005523901 2342101 0.07563448 0.09910129 0.132979
0.07354531 0.1369004 -0.005393334 2452196 0.06483423 0.1046146 0.1331274
0.06095902 0.1407208 -0.005602578 2572321 0.0536622 0.1084305 0.1329988
0.06095902 0.1407208 -0.005602578 2682400 0.0536622 0.1084305 0.1329988
0.0457508 0.1439323 -0.005556284 2792552 0.04140393 0.1112144 0.1330687
0.02976956 0.1452588 -0.005478325 2902607 0.02875905 0.1126056 0.1332264
0.01277671 0.1444246 -0.00562679 3012706 0.01572991 0.1123168 0.1331774
0.01277671 0.1444246 -0.00562679 3122818 0.01572991 0.1123168 0.1331774
-0.003244376 0.1419859 -0.005550637 3232909 0.002913216 0.1106715 0.1333296
-0.003244376 0.1419859 -0.005550637 3343012 0.002913216 0.1106715 0.1333296
-0.01866539 0.1379721 -0.005404499 3463104 -0.009608091 0.1077054 0.1335492
-0.03319755 0.1313697 -0.005470214 3573228 -0.02153458 0.1030725 0.1337041
-0.03319755 0.1313697 -0.005470214 3693320 -0.02153458 0.1030725 0.1337041
-0.04690459 0.1233971 -0.005625538 3803420 -0.03264182 0.09706985 0.1336931
-0.0598194 0.1141241 -0.005723732 3903502 -0.04308511 0.08991985 0.133705
-0.07125258 0.103013 -0.00576491 4013609 -0.0526782 0.08157945 0.1338841
-0.07125258 0.103013 -0.00576491 4123709 -0.0526782 0.08157945 0.1338841
-0.081194 0.0906105 -0.005793739 4243825 -0.06100474 0.0721143 0.1340509
-0.08944184 0.07785732 -0.005738974 4353916 -0.06774725 0.06168661 0.1341685
-0.08944184 0.07785732 -0.005738974 4464020 -0.06774725 0.06168661 0.1341685
-0.09748534 0.06342418 -0.006014983 4584136 -0.07377746 0.05010779 0.1338666
-0.09748534 0.06342418 -0.006014983 4684215 -0.07377746 0.05010779 0.1338666
-0.1051726 0.05004385 -0.005635848 4824341 -0.07917571 0.03858743 0.1340035
-0.1120464 0.03390943 -0.005581885 4914430 -0.0839243 0.02585667 0.1338833
-0.1160369 0.01834011 -0.005903474 5024526 -0.08747178 0.01334434 0.1336147
-0.1160369 0.01834011 -0.005903474 5134613 -0.08747178 0.01334434 0.1336147
-0.1198479 0.002961645 -0.005660526 5254729 -0.09035055 0.001223834 0.1337422
-0.1227218 -0.01213821 -0.005377907 5354832 -0.09236903 -0.01073385 0.1338449
-0.1227218 -0.01213821 -0.005377907 5474928 -0.09236903 -0.01073385 0.1338449
-0.1235984 -0.02681083 -0.005291746 5585040 -0.09324595 -0.02237212 0.1338674
-0.1233848 -0.04094079 -0.005193825 5695135 -0.09296195 -0.03367418 0.133831
-0.1233848 -0.04094079 -0.005193825 5805218 -0.09296195 -0.03367418 0.133831
-0.1212974 -0.05457824 -0.005014279 5915326 -0.09132312 -0.0443084 0.1339185
-0.1173669 -0.06745419 -0.004773396 6025441 -0.08848061 -0.05422939 0.13414
-0.1173669 -0.06745419 -0.004773396 6145529 -0.08848061 -0.05422939 0.13414
-0.1120943 -0.07916114 -0.004505031 6255641 -0.08440211 -0.06341541 0.1343887
-0.1049415 -0.09033678 -0.004304121 6365744 -0.07926957 -0.0719219 0.1346494
-0.1049415 -0.09033678 -0.004304121 6475835 -0.07926957 -0.0719219 0.1346494
-0.09647369 -0.1004843 -0.004218206 6585935 -0.07309768 -0.07978573 0.1348191
-0.08697803 -0.1098223 -0.004030342 6696042 -0.06614982 -0.08687369 0.1350588
-0.08697803 -0.1098223 -0.004030342 6806129 -0.06614982 -0.08687369 0.1350588
-0.0765138 -0.1181122 -0.003835637 6936259 -0.05825637 -0.09329134 0.1352932
-0.06505042 -0.1248141 -0.00366263 7036337 -0.04956698 -0.09871949 0.1355695
-0.06505042 -0.1248141 -0.00366263 7146428 -0.04956698 -0.09871949 0.1355695
-0.05241054 -0.1305467 -0.003560718 7286583 -0.04032508 -0.1033083 0.1357887
-0.03984652 -0.1354867 -0.003342381 7366647 -0.03058596 -0.1071804 0.1360106
-0.03984652 -0.1354867 -0.003342381 7476735 -0.03058596 -0.1071804 0.1360106
-0.02630205 -0.1391909 -0.003229969 7596851 -0.0203106 -0.1103536 0.136193
-0.01264 -0.1418665 -0.003199507 7706946 -0.009814407 -0.1127646 0.1362685
-0.01264 -0.1418665 -0.003199507 7817038 -0.009814407 -0.1127646 0.1362685
0.001254997 -0.143603 -0.003197491 7927145 0.0009364915 -0.1145292 0.1363047
0.01517924 -0.144134 -0.003177797 8047258 0.01173663 -0.1153589 0.1363442
0.01517924 -0.144134 -0.003177797 8147340 0.01173663 -0.1153589 0.1363442
0.02892143 -0.1437723 -0.002994635 8257431 0.02214558 -0.1151161 0.1364297
0.04242827 -0.142149 -0.002906227 8397566 0.03227184 -0.1138736 0.1363906
0.04242827 -0.142149 -0.002906227 8487643 0.03227184 -0.1138736 0.1363906
0.05474234 -0.1384804 -0.003247663 8597738 0.04196114 -0.1117199 0.1361323
0.06676602 -0.1342212 -0.003531181 8707850 0.05117197 -0.1087139 0.1357974
0.06676602 -0.1342212 -0.003531181 8817949 0.05117197 -0.1087139 0.1357974
0.07857651 -0.1295048 -0.003490318 8928040 0.05981746 -0.1051355 0.1356516
0.08879752 -0.1229 -0.003652759 9038144 0.06767801 -0.1004158 0.1354683
0.09885451 -0.1167608 -0.003448521 9178262 0.07538287 -0.09543612 0.135478
0.09885451 -0.1167608 -0.003448521 9268351 0.07538287 -0.09543612 0.135478
0.1075144 -0.1093226 -0.003421349 9378451 0.08222637 -0.08985659 0.1354593
0.1075144 -0.1093226 -0.003421349 9488542 0.08222637 -0.08985659 0.1354593
0.1158496 -0.1015384 -0.003335982 9598662 0.08853843 -0.08384182 0.1353982
0.1234617 -0.09368626 -0.003237483 9708741 0.09435515 -0.07763103 0.1353312
0.1234617 -0.09368626 -0.003237483 9828853 0.09435515 -0.07763103 0.1353312
0.1298535 -0.08573568 -0.003346174 9938957 0.09947733 -0.0714071 0.1351393
0.1359128 -0.07747873 -0.003354583 10049048 0.1041093 -0.065185 0.135006
0.1359128 -0.07747873 -0.003354583 10159354 0.1041093 -0.065185 0.135006
0.1409368 -0.06904722 -0.003442112 10289281 0.1082218 -0.05890261 0.1348802
0.1450854 -0.06082156 -0.003457143 10379350 0.1118048 -0.05263141 0.1348598
0.1450854 -0.06082156 -0.003457143 10499462 0.1118048 -0.05263141 0.1348598
0.1489054 -0.05254477 -0.00341488 10609566 0.1148794 -0.04643654 0.1348283
0.1520167 -0.04534889 -0.003487606 10719653 0.117438 -0.04069383 0.134675
0.1520167 -0.04534889 -0.003487606 10829752 0.117438 -0.04069383 0.134675
0.1550752 -0.03812914 -0.00345985 10939860 0.1196665 -0.03502456 0.1345359
0.1574418 -0.03177175 -0.003519354 11059964 0.1215677 -0.02981356 0.1343772
0.1574418 -0.03177175 -0.003519354 11170068 0.1215677 -0.02981356 0.1343772
0.1596082 -0.02574786 -0.003472222 11280163 0.1233104 -0.02485171 0.1343244
0.1609626 -0.0198685 -0.00355091 11390274 0.1248368 -0.02023615 0.1342933
0.1627583 -0.01421626 -0.003412009 11500366 0.1261654 -0.01589516 0.1342992
0.1627583 -0.01421626 -0.003412009 11620474 0.1261654 -0.01589516 0.1342992
0.1632949 -0.009541864 -0.003494798 11730565 0.1269067 -0.01209289 0.1342573
0.1632949 -0.009541864 -0.003494798 11840673 0.1269067 -0.01209289 0.1342573
0.1632739 -0.005179033 -0.003827153 11950772 0.1272946 -0.008704864 0.1340108
0.1636007 -0.001133395 -0.003936452 12060867 0.1275796 -0.005507184 0.1338663
0.1636007 -0.001133395 -0.003936452 12170971 0.1275796 -0.005507184 0.1338663
0.1635486 0.002242206 -0.00410827 12291087 0.1276592 -0.002625729 0.1337122
0.1633952 0.005041519 -0.004142127 12421213 0.1277862 -0.0001708447 0.1337385
0.1630223 0.007028107 -0.004066359 12511282 0.1278323 0.001922432 0.1339258
0.1630223 0.007028107 -0.004066359 12621381 0.1278323 0.001922432 0.1339258
0.1622234 0.00830857 -0.004095929 12731481 0.1275417 0.003012364 0.1340177
0.160825 0.009319766 -0.00410745 12841681 0.1267424 0.003817417 0.1341472
0.160825 0.009319766 -0.00410745 12961684 0.1267424 0.003817417 0.1341472
0.1600319 0.009915978 -0.003171377 13061771 0.125401 0.004092636 0.1349338
0.1597734 0.01081649 0.0001547421 13181891 0.1233436 0.003867447 0.1377441
0.1597734 0.01081649 0.0001547421 13291987 0.1233436 0.003867447 0.1377441
0.1603051 0.01349045 0.007815614 13402078 0.1214818 0.003441777 0.1445563
0.1616561 0.0173615 0.01993497 13512181 0.1198462 0.002791123 0.1553819
