0.04818536 -3.680341E-05 -0.007135683 0 0.03999745 0.01445147 0.1343892
0.04818536 -3.680341E-05 -0.007135683 110100 0.03999745 0.01445147 0.1343892
0.04812732 -0.000113895 -0.007053758 220191 0.03786086 0.01436386 0.1343366
0.04532018 0.0003133001 -0.006968874 340316 0.03671322 0.01372706 0.1346371
0.04532018 0.0003133001 -0.006968874 450407 0.03671322 0.01372706 0.1346371
0.04135409 0.000149597 -0.006960006 560506 0.03576394 0.01356367 0.1347971
0.03684149 0.0003061429 -0.007030257 670597 0.03361669 0.01368044 0.1348041
0.03684149 0.0003061429 -0.007030257 800723 0.03361669 0.01368044 0.1348041
0.03202078 0.0002876025 -0.007124391 900813 0.03023507 0.01372678 0.1347293
0.02669661 0.0001377635 -0.007151299 1010909 0.02553478 0.01399302 0.1346688
0.02669661 0.0001377635 -0.007151299 1121012 0.02553478 0.01399302 0.1346688
0.02094912 8.460195E-05 -0.007101123 1231119 0.01972786 0.01446306 0.1346663
0.01478361 0.000218333 -0.007013389 1341211 0.01349434 0.01503193 0.1347086
0.01478361 0.000218333 -0.007013389 1461319 0.01349434 0.01503193 0.1347086
0.008041146 0.0003429747 -0.006932479 1571427 0.007113524 0.01583911 0.1347194
0.0008100161 0.0006889625 -0.006974245 1671517 0.000790493 0.01697472 0.134592
0.0008100161 0.0006889625 -0.006974245 1791609 0.000790493 0.01697472 0.134592
-0.006435737 0.001342674 -0.0070966 1901729 -0.005671297 0.01844896 0.1343708
-0.01336973 0.001979778 -0.007159267 2011824 -0.01223104 0.02018546 0.1341684
-0.01336973 0.001979778 -0.007159267 2121907 -0.01223104 0.02018546 0.1341684
-0.0201323 0.002371814 -0.007202528 2242032 -0.01876857 0.02199946 0.1339326
-0.026673 0.002751621 -0.007176843 2352135 -0.02521771 0.02383444 0.1337474
-0.026673 0.002751621 -0.007176843 2462214 -0.02521771 0.02383444 0.1337474
-0.03261289 0.002807368 -0.00713973 2572322 -0.03148566 0.02538743 0.1335554
-0.03772835 0.002986914 -0.007182631 2682433 -0.03736005 0.02659518 0.1333477
-0.03772835 0.002986914 -0.007182631 2802521 -0.03736005 0.02659518 0.1333477
-0.04213846 0.003152284 -0.007238559 2912625 -0.04281893 0.02734117 0.1331918
-0.04574886 0.003233606 -0.007275893 3012715 -0.04753181 0.02786923 0.1330671
-0.04574886 0.003233606 -0.007275893 3132823 -0.04753181 0.02786923 0.1330671
-0.0483939 0.003127139 -0.0072622 3243109 -0.05139151 0.02824332 0.1329749
-0.05032001 0.003055852 -0.007233331 3353034 -0.05462552 0.02849595 0.1329113
-0.05032001 0.003055852 -0.007233331 3463117 -0.05462552 0.02849595 0.1329113
-0.05105231 0.003137814 -0.007132289 3573237 -0.05766747 0.02854554 0.1329282
-0.05073366 0.003202817 -0.006984028 3683336 -0.05986241 0.02851562 0.1329523
-0.05073366 0.003202817 -0.006984028 3803449 -0.05986241 0.02851562 0.1329523
-0.0505805 0.003152546 -0.006890831 3913540 -0.06105668 0.02841842 0.1329595
-0.05071046 0.00334269 -0.006912559 4023644 -0.06140624 0.02824544 0.1329864
-0.05071046 0.00334269 -0.006912559 4133731 -0.06140624 0.02824544 0.1329864
-0.05048397 0.003276261 -0.006933153 4253835 -0.06152783 0.02796139 0.1329773
-0.05049724 0.00331006 -0.006896965 4353938 -0.06148037 0.02756228 0.1330939
-0.05049724 0.00331006 -0.006896965 4474038 -0.06148037 0.02756228 0.1330939
-0.05057321 0.003336866 -0.006870986 4584129 -0.06132298 0.02688576 0.133258
-0.05051723 0.003312096 -0.006866533 4694232 -0.06107849 0.02612576 0.1333984
-0.05051723 0.003312096 -0.006866533 4804336 -0.06107849 0.02612576 0.1333984
-0.05053809 0.003309757 -0.006849239 4914435 -0.06064531 0.02539622 0.1335654
-0.05068453 0.003221291 -0.006933737 5024543 -0.06008655 0.02476123 0.1336147
-0.05068453 0.003221291 -0.006933737 5134646 -0.06008655 0.02476123 0.1336147
-0.05081845 0.003221905 -0.007024805 5254750 -0.05943628 0.02431829 0.1336412
-0.05075133 0.003331583 -0.007010141 5364842 -0.05872503 0.02404366 0.1337509
-0.05075133 0.003331583 -0.007010141 5474933 -0.05872503 0.02404366 0.1337509
-0.05085051 0.003189152 -0.007021741 5585049 -0.05814867 0.0236529 0.1338123
-0.05089202 0.003022565 -0.006987797 5695140 -0.05767192 0.0233174 0.1338966
-0.05089202 0.003022565 -0.006987797 5805235 -0.05767192 0.0233174 0.1338966
