0.05033676 -0.004508038 -0.006016583 0 0.04679176 -0.02094701 0.1354876
0.05025804 -0.004469145 -0.005944135 110257 0.04680723 -0.02072469 0.1355836
0.0502711 -0.004438489 -0.005903841 230204 0.04681986 -0.02050234 0.1356458
0.0502711 -0.004438489 -0.005903841 330306 0.04681986 -0.02050234 0.1356458
0.0503211 -0.004537667 -0.005945181 440398 0.0468525 -0.02038064 0.1356289
0.05017957 -0.004602169 -0.005888197 570515 0.04687401 -0.02030494 0.1357054
0.05017957 -0.004602169 -0.005888197 670597 0.04687401 -0.02030494 0.1357054
0.05002805 -0.004582124 -0.005769767 780709 0.04683601 -0.02023925 0.1358315
0.04976726 -0.004660689 -0.005621273 890796 0.04664215 -0.02024136 0.1359899
0.04976726 -0.004660689 -0.005621273 1000899 0.04664215 -0.02024136 0.1359899
0.04943639 -0.004727619 -0.005522095 1110991 0.04605868 -0.02023461 0.1360914
0.04906043 -0.005092611 -0.005538841 1221961 0.04476865 -0.02020908 0.1360921
0.04906043 -0.005092611 -0.005538841 1341202 0.04476865 -0.02020908 0.1360921
0.04583517 -0.004902015 -0.005500792 1451294 0.04284827 -0.01987597 0.1361788
0.04205151 -0.004820354 -0.00531158 1561401 0.03991884 -0.01948582 0.1364157
0.04205151 -0.004820354 -0.00531158 1671509 0.03991884 -0.01948582 0.1364157
0.03625882 -0.004480814 -0.005055362 1781604 0.035518 -0.01880796 0.1367206
0.02844012 -0.003768262 -0.004868204 1891711 0.02978476 -0.01813703 0.1368991
0.02844012 -0.003768262 -0.004868204 2011799 0.02978476 -0.01813703 0.1368991
0.01918097 -0.004287219 -0.004630477 2121907 0.02259568 -0.01797542 0.1371695
0.009400862 -0.004493587 -0.004686295 2232006 0.01469578 -0.01796178 0.137077
0.009400862 -0.004493587 -0.004686295 2342102 0.01469578 -0.01796178 0.137077
-0.00111328 -0.004810025 -0.004613179 2452213 0.006171136 -0.01829802 0.1370599
-0.01239423 -0.005188116 -0.004490252 2562312 -0.002957147 -0.01892952 0.1370314
-0.01239423 -0.005188116 -0.004490252 2682405 -0.002957147 -0.01892952 0.1370314
-0.0238816 -0.005378545 -0.004338516 2782503 -0.01230649 -0.01959288 0.1369775
-0.03460766 -0.005696917 -0.004333181 2892602 -0.02165237 -0.02034068 0.1368191
-0.03460766 -0.005696917 -0.004333181 3012711 -0.02165237 -0.02034068 0.1368191
-0.04443259 -0.005801931 -0.004380717 3132827 -0.03043879 -0.02077331 0.136638
-0.05285202 -0.006188384 -0.004365931 3232909 -0.03835757 -0.02106374 0.1366124
-0.05285202 -0.006188384 -0.004365931 3343005 -0.03835757 -0.02106374 0.1366124
-0.0592682 -0.006607644 -0.004340316 3453116 -0.04483807 -0.0211852 0.1366757
-0.0634517 -0.006812939 -0.004399541 3573217 -0.04989059 -0.02124312 0.1367178
-0.0634517 -0.006812939 -0.004399541 3683332 -0.04989059 -0.02124312 0.1367178
-0.06554987 -0.007018191 -0.004480366 3793411 -0.05336289 -0.021423 0.1367649
-0.06591582 -0.007065816 -0.004652305 3913524 -0.05519077 -0.02172723 0.1366851
-0.06591582 -0.007065816 -0.004652305 4013610 -0.05519077 -0.02172723 0.1366851
-0.06617724 -0.007183799 -0.004717964 4123726 -0.05563858 -0.02215238 0.1366013
-0.06580435 -0.006975304 -0.004722209 4253823 -0.05528003 -0.02241982 0.1365469
-0.06580435 -0.006975304 -0.004722209 4353921 -0.05528003 -0.02241982 0.1365469
-0.06540748 -0.006662034 -0.004632107 4464020 -0.05488145 -0.02255219 0.1365874
-0.06506426 -0.006523615 -0.004562703 4594134 -0.05478233 -0.02258028 0.136656
-0.06506426 -0.006523615 -0.004562703 4684227 -0.05478233 -0.02258028 0.136656
-0.06470309 -0.006498636 -0.004541046 4794314 -0.0550465 -0.02250431 0.1367276
-0.06458705 -0.006561855 -0.00451839 4904410 -0.05569106 -0.02252253 0.1368052
-0.06458705 -0.006561855 -0.00451839 5024522 -0.05569106 -0.02252253 0.1368052
-0.06333335 -0.006373474 -0.004475011 5134634 -0.05685303 -0.02270606 0.1369375
-0.06147904 -0.007927716 -0.003555578 5244774 -0.05788004 -0.02267819 0.1381332
-0.06147904 -0.007927716 -0.003555578 5354990 -0.05788004 -0.02267819 0.1381332
-0.06008707 -0.006313609 -3.733388E-05 5464936 -0.05839455 -0.0233041 0.141436
-0.05869757 -0.00403216 0.006354358 5575027 -0.05789479 -0.02419905 0.1474178
-0.05869757 -0.00403216 0.006354358 5685122 -0.05789479 -0.02419905 0.1474178
-0.05528287 -0.00155072 0.01506407 5805227 -0.05665443 -0.02491039 0.1556297
-0.05086918 0.000123105 0.02576322 5915338 -0.0548513 -0.02607162 0.1657783
-0.04594063 0.0006722607 0.03793287 6045456 -0.05242543 -0.02823843 0.1773186
-0.04594063 0.0006722607 0.03793287 6145534 -0.05242543 -0.02823843 0.1773186
-0.04022134 -0.001404555 0.05128251 6245628 -0.04913273 -0.03215774 0.1901388
-0.03352077 -0.005677524 0.06560044 6375746 -0.04518112 -0.03813844 0.2038631
