0.2979655 0.004380914 -0.007832538 0 0.2818772 -0.008953664 0.133127
0.2959064 0.003506192 -0.007654728 100091 0.2797481 -0.008792237 0.133391
0.2959064 0.003506192 -0.007654728 220199 0.2797481 -0.008792237 0.133391
0.2929961 0.002437331 -0.007528259 330298 0.2769873 -0.008585542 0.1336399
0.2929961 0.002437331 -0.007528259 440398 0.2769873 -0.008585542 0.1336399
0.2887031 0.001638287 -0.007468205 550505 0.2731394 -0.008542832 0.1338129
0.2839106 0.001067294 -0.007373868 660609 0.2682197 -0.008517586 0.1339349
0.2839106 0.001067294 -0.007373868 770692 0.2682197 -0.008517586 0.1339349
0.2778332 0.0006278301 -0.007256201 890800 0.262113 -0.008547225 0.1340766
0.2703797 0.0006415509 -0.007137409 1000912 0.254948 -0.008656898 0.134219
0.2703797 0.0006415509 -0.007137409 1111003 0.254948 -0.008656898 0.134219
0.2616046 0.0009514763 -0.007024913 1221110 0.2468293 -0.008883306 0.1343654
0.2513849 0.001429839 -0.006925862 1351224 0.2375887 -0.009174021 0.1345077
0.2513849 0.001429839 -0.006925862 1441305 0.2375887 -0.009174021 0.1345077
0.2402194 0.002186119 -0.006833402 1561405 0.227458 -0.009302463 0.1346283
0.2275032 0.002871723 -0.006755015 1691539 0.2161184 -0.009407992 0.1347577
0.2275032 0.002871723 -0.006755015 1781612 0.2161184 -0.009407992 0.1347577
0.2140617 0.003343946 -0.006695996 1891699 0.2040635 -0.009480326 0.1348731
0.1995381 0.003753862 -0.006618006 2001807 0.1911352 -0.009577513 0.1350079
0.1995381 0.003753862 -0.006618006 2111898 0.1911352 -0.009577513 0.1350079
0.1839841 0.004347571 -0.006538894 2232015 0.1775198 -0.009658804 0.1351237
0.1677144 0.004824197 -0.006563036 2332101 0.1631537 -0.009723604 0.135119
0.1677144 0.004824197 -0.006563036 2452209 0.1631537 -0.009723604 0.135119
0.1501259 0.005666304 -0.006312789 2562309 0.1481346 -0.009630422 0.1353498
0.1317592 0.006584777 -0.006026534 2672424 0.1325178 -0.0094521 0.1355662
0.1133892 0.007596684 -0.00593888 2812551 0.1164608 -0.009068989 0.1355499
0.1133892 0.007596684 -0.00593888 2902612 0.1164608 -0.009068989 0.1355499
0.0936434 0.008493904 -0.005833289 3012731 0.09989009 -0.008679658 0.1354901
0.0936434 0.008493904 -0.005833289 3122814 0.09989009 -0.008679658 0.1354901
0.07324627 0.009306673 -0.005739393 3242919 0.08281725 -0.008297182 0.1353448
0.05251116 0.009663604 -0.005481101 3343021 0.06528012 -0.007813632 0.1353654
0.05251116 0.009663604 -0.005481101 3453112 0.06528012 -0.007813632 0.1353654
0.03168365 0.01059283 -0.005253247 3583238 0.04771555 -0.00713877 0.1352274
0.01043246 0.0120989 -0.004843041 3683320 0.02991311 -0.006123708 0.135138
-0.01130755 0.01248714 -0.0043872 3793432 0.01181731 -0.005334271 0.13509
-0.01130755 0.01248714 -0.0043872 3923533 0.01181731 -0.005334271 0.13509
-0.03297311 0.01225418 -0.004153262 4013622 -0.006452465 -0.004620272 0.1348365
-0.05472729 0.01202845 -0.003876183 4123718 -0.02477718 -0.003941804 0.1345225
-0.05472729 0.01202845 -0.003876183 4253835 -0.02477718 -0.003941804 0.1345225
-0.07605486 0.01135089 -0.003416059 4353921 -0.04304107 -0.003385631 0.1344214
-0.07605486 0.01135089 -0.003416059 4464029 -0.04304107 -0.003385631 0.1344214
-0.09660703 0.01079951 -0.002975058 4584133 -0.06104563 -0.002755301 0.134349
-0.1165885 0.01019876 -0.002519854 4684223 -0.07862359 -0.002217132 0.1342674
-0.1165885 0.01019876 -0.002519854 4794331 -0.07862359 -0.002217132 0.1342674
-0.1364788 0.009352806 -0.002027749 4904422 -0.09562089 -0.001802869 0.1340327
-0.1556597 0.008483543 -0.001586904 5024531 -0.1122287 -0.001461216 0.1337685
-0.1741443 0.007834916 -0.001266138 5134634 -0.1283542 -0.001134083 0.1333781
-0.1741443 0.007834916 -0.001266138 5244725 -0.1283542 -0.001134083 0.1333781
-0.1915997 0.007261688 -0.001053791 5354841 -0.1439299 -0.0009034798 0.1329879
-0.1915997 0.007261688 -0.001053791 5464932 -0.1439299 -0.0009034798 0.1329879
-0.2077349 0.006599579 -0.0009420057 5585040 -0.1588335 -0.0005820674 0.1327118
-0.2234996 0.005482987 -0.0007127986 5695148 -0.1731159 -0.0002896209 0.1324578
-0.2379002 0.003956906 -0.0006398453 5805239 -0.1870459 -9.677251E-05 0.1324152
-0.2379002 0.003956906 -0.0006398453 5925343 -0.1870459 -9.677251E-05 0.1324152
-0.2513294 0.001928909 -0.0005924195 6035455 -0.2001319 -6.551581E-05 0.1323778
-0.263886 -0.0003317005 -0.0006666791 6135541 -0.2124841 -0.0003896494 0.1322396
-0.263886 -0.0003317005 -0.0006666791 6245637 -0.2124841 -0.0003896494 0.1322396
-0.2755629 -0.002387247 -0.0006075202 6385763 -0.2239771 -0.0009708953 0.13222
-0.2857197 -0.004223649 -0.0005282998 6475877 -0.2344251 -0.001674104 0.132395
-0.2857197 -0.004223649 -0.0005282998 6585936 -0.2344251 -0.001674104 0.132395
-0.2933758 -0.005367197 -0.0006676069 6696043 -0.243392 -0.002308864 0.1327434
-0.2990734 -0.006419838 -0.0007840165 6806150 -0.2506183 -0.002735301 0.1331741
-0.2990734 -0.006419838 -0.0007840165 6916234 -0.2506183 -0.002735301 0.1331741
-0.3032726 -0.007406438 -0.0006798423 7036342 -0.256144 -0.003009125 0.1337292
-0.3056153 -0.007979584 -0.0008771117 7146445 -0.2604128 -0.003289982 0.1341821
-0.3056153 -0.007979584 -0.0008771117 7256557 -0.2604128 -0.003289982 0.1341821
-0.3070817 -0.00817085 -0.0009595241 7366652 -0.263421 -0.00353612 0.1346078
-0.3069804 -0.008394044 -0.001191044 7476756 -0.2654848 -0.003680625 0.1350519
-0.3069804 -0.008394044 -0.001191044 7586847 -0.2654848 -0.003680625 0.1350519
-0.3068742 -0.008548035 -0.001307094 7696946 -0.2663053 -0.003747697 0.1352116
-0.3069464 -0.008414577 -0.001238386 7827064 -0.2664014 -0.003690995 0.1352901
-0.3069464 -0.008414577 -0.001238386 7927150 -0.2664014 -0.003690995 0.1352901
-0.3069423 -0.008256944 -0.001121884 8037265 -0.2662213 -0.003650857 0.1353582
-0.3069854 -0.008037033 -0.0009836609 8147361 -0.266084 -0.003656852 0.13545
-0.3069854 -0.008037033 -0.0009836609 8257452 -0.266084 -0.003656852 0.13545
-0.3068397 -0.007989701 -0.0009647795 8367551 -0.2660689 -0.003801227 0.1355139
-0.3066731 -0.007990349 -0.001026998 8477651 -0.2662467 -0.003929822 0.135558
-0.3066731 -0.007990349 -0.001026998 8597755 -0.2662467 -0.003929822 0.135558
-0.3066084 -0.00811848 -0.0009928142 8717876 -0.2665512 -0.004089177 0.1357019
-0.3066099 -0.008027707 -0.0009136085 8817958 -0.266918 -0.004216736 0.1358938
-0.3066099 -0.008027707 -0.0009136085 8928057 -0.266918 -0.004216736 0.1358938
-0.3066624 -0.007948312 -0.0008235799 9048174 -0.2673865 -0.004499242 0.1361135
-0.3067048 -0.00788573 -0.0007284784 9148268 -0.2682019 -0.005079661 0.1364426
-0.3067048 -0.00788573 -0.0007284784 9258351 -0.2682019 -0.005079661 0.1364426
-0.3046627 -0.0074453 -0.000706849 9378464 -0.2695177 -0.0059375 0.137383
-0.3044759 -0.00762991 0.002231065 9488567 -0.2694836 -0.00685992 0.1403657
-0.3044759 -0.00762991 0.002231065 9598658 -0.2694836 -0.00685992 0.1403657
-0.3041331 -0.003775145 0.008720677 9718779 -0.2672532 -0.007669334 0.1463105
