0.05021382 0.007224984 -0.01560717 0 0.03516627 -0.004072982 0.125645
0.04878635 0.007510958 -0.01583147 110095 0.03397275 -0.003931749 0.1254338
0.04655005 0.007583932 -0.01613497 250221 0.03229881 -0.003859211 0.1251881
0.04655005 0.007583932 -0.01613497 340303 0.03229881 -0.003859211 0.1251881
0.04443086 0.007818332 -0.01627916 460411 0.03053714 -0.003814566 0.125064
0.04084046 0.007961867 -0.01658636 560514 0.02795066 -0.003808666 0.1248405
0.04084046 0.007961867 -0.01658636 670601 0.02795066 -0.003808666 0.1248405
0.0376044 0.008025069 -0.01672554 790709 0.02523281 -0.003847587 0.124739
0.03381778 0.008210986 -0.01685464 900817 0.0220858 -0.003824341 0.1246507
0.03381778 0.008210986 -0.01685464 1010981 0.0220858 -0.003824341 0.1246507
0.02920593 0.00813063 -0.01701223 1131016 0.01826634 -0.003948318 0.1245528
0.02400304 0.007245749 -0.01744508 1231252 0.01405437 -0.004253821 0.1242413
0.02400304 0.007245749 -0.01744508 1351215 0.01405437 -0.004253821 0.1242413
0.01772089 0.007254373 -0.01783383 1451496 0.009201306 -0.004237489 0.1239463
0.01244237 0.006898033 -0.01811963 1571414 0.004362482 -0.004264788 0.1237125
0.01244237 0.006898033 -0.01811963 1681517 0.004362482 -0.004264788 0.1237125
0.005939681 0.007026195 -0.01840752 1791714 -0.001101654 -0.004100011 0.1234828
0.0003338651 0.006950102 -0.01860207 1901720 -0.006511549 -0.004085734 0.1233049
0.0003338651 0.006950102 -0.01860207 2011811 -0.006511549 -0.004085734 0.1233049
-0.006533781 0.006974387 -0.0188229 2131919 -0.0125779 -0.003950312 0.1231291
-0.01290966 0.006788296 -0.01898801 2242027 -0.01876125 -0.003907039 0.1229895
-0.01290966 0.006788296 -0.01898801 2352122 -0.01876125 -0.003907039 0.1229895
-0.01902003 0.006819384 -0.01918047 2462213 -0.02494982 -0.003740652 0.1228039
-0.02251715 0.006694275 -0.01896947 2572325 -0.03041593 -0.00378154 0.1229253
-0.02251715 0.006694275 -0.01896947 2682416 -0.03041593 -0.00378154 0.1229253
-0.02884561 0.006766741 -0.019176 2792520 -0.03672505 -0.003625436 0.1227259
-0.03469947 0.006909678 -0.01930659 2912624 -0.04272247 -0.003468198 0.1225884
-0.03469947 0.006909678 -0.01930659 3022723 -0.04272247 -0.003468198 0.1225884
-0.04069773 0.007375018 -0.01933968 3132835 -0.048605 -0.003260117 0.1225427
-0.04541302 0.007135856 -0.0193395 3272965 -0.05370978 -0.003301721 0.1225353
-0.04541302 0.007135856 -0.0193395 3353021 -0.05370978 -0.003301721 0.1225353
-0.0498293 0.006838627 -0.0194596 3463153 -0.05841047 -0.00331236 0.1224191
-0.05405092 0.006978753 -0.01945865 3573232 -0.06259733 -0.003238182 0.1224174
-0.05743027 0.006742842 -0.01949769 3693503 -0.06597817 -0.00337709 0.1223852
-0.05743027 0.006742842 -0.01949769 3803432 -0.06597817 -0.00337709 0.1223852
-0.06046513 0.00658035 -0.019661 3913527 -0.06878373 -0.003589819 0.1222319
-0.06046513 0.00658035 -0.019661 4023635 -0.06878373 -0.003589819 0.1222319
-0.06259543 0.006609743 -0.01965635 4133726 -0.07085687 -0.003706078 0.1222294
-0.06376916 0.006001124 -0.0196883 4243825 -0.07228303 -0.00404183 0.1222021
-0.06443542 0.005707014 -0.01975703 4373955 -0.07322955 -0.004238376 0.1221232
-0.06443542 0.005707014 -0.01975703 4474033 -0.07322955 -0.004238376 0.1221232
-0.06475374 0.005337738 -0.01985788 4584132 -0.07376501 -0.004535297 0.1220138
-0.06472698 0.005112968 -0.01979964 4694236 -0.07399738 -0.004794488 0.1220529
-0.06472698 0.005112968 -0.01979964 4804331 -0.07399738 -0.004794488 0.1220529
-0.06446764 0.004898647 -0.0196864 4924440 -0.074 -0.005053559 0.1221456
-0.06409431 0.004862526 -0.0194962 5024530 -0.07384935 -0.005310813 0.122305
-0.06409431 0.004862526 -0.0194962 5134633 -0.07384935 -0.005310813 0.122305
-0.06354916 0.00443293 -0.01922077 5254738 -0.07357368 -0.005713234 0.1225636
-0.06276521 0.004283851 -0.01879483 5364841 -0.07330498 -0.00603033 0.12294
-0.06276521 0.004283851 -0.01879483 5494954 -0.07330498 -0.00603033 0.12294
-0.06499875 0.004229373 -0.018507 5585036 -0.07395145 -0.006250003 0.1233248
-0.06363717 0.003980257 -0.01758313 5695139 -0.07363117 -0.006739059 0.1241612
