0.04690332 0.004531039 -0.003017478 0 0.03285299 0.04377657 0.1332493
0.0442524 0.003852918 -0.003023022 100087 0.03194423 0.04342056 0.133319
0.0442524 0.003852918 -0.003023022 210194 0.03194423 0.04342056 0.133319
0.03986568 0.003427044 -0.002936596 320314 0.03070401 0.04308042 0.1336281
0.03412081 0.003346042 -0.00279277 430385 0.02931844 0.04276497 0.1340624
0.02691403 0.003541606 -0.002583439 540488 0.02770342 0.04223461 0.1345606
0.02691403 0.003541606 -0.002583439 670606 0.02770342 0.04223461 0.1345606
0.01822087 0.003626366 -0.002269801 770692 0.02581583 0.04150457 0.1348936
0.009219076 0.003982982 -0.001705823 880791 0.02367728 0.04054562 0.1352627
0.009219076 0.003982982 -0.001705823 990899 0.02367728 0.04054562 0.1352627
-0.0009676286 0.004526042 -0.001181542 1100994 0.02072399 0.03942136 0.1352664
-0.01014518 0.005492473 -0.0005878808 1211089 0.01772242 0.03856385 0.1351911
-0.01014518 0.005492473 -0.0005878808 1321189 0.01772242 0.03856385 0.1351911
-0.0180238 0.00654998 -8.213643E-05 1441297 0.01463153 0.03791315 0.1350335
-0.02483707 0.0074397 0.000355182 1551413 0.01150092 0.03737886 0.1348522
-0.02483707 0.0074397 0.000355182 1661496 0.01150092 0.03737886 0.1348522
-0.03088243 0.007451265 0.0009630889 1771595 0.008387468 0.03665031 0.1347971
-0.03597322 0.00717333 0.001387652 1881703 0.005385272 0.03588481 0.1346969
-0.03597322 0.00717333 0.001387652 1991794 0.005385272 0.03588481 0.1346969
-0.04054579 0.006660492 0.001917656 2131920 0.002512507 0.03529004 0.1347054
-0.04411879 0.005985053 0.002304132 2211997 -5.853869E-05 0.03488163 0.1347048
-0.04411879 0.005985053 0.002304132 2322092 -5.853869E-05 0.03488163 0.1347048
-0.04680736 0.005511256 0.00245815 2442200 -0.002297139 0.03463839 0.1346576
-0.0490347 0.00510678 0.002593989 2552300 -0.004353201 0.03438418 0.1347024
-0.0490347 0.00510678 0.002593989 2662403 -0.004353201 0.03438418 0.1347024
-0.05123261 0.00443754 0.002912933 2772511 -0.006237035 0.03416403 0.1348144
-0.05315606 0.003630255 0.003292674 2892607 -0.007757281 0.03400768 0.1349073
-0.05315606 0.003630255 0.003292674 2992709 -0.007757281 0.03400768 0.1349073
-0.05481432 0.003193175 0.003529125 3112806 -0.009114121 0.03398655 0.1349426
-0.05638918 0.002719974 0.003874772 3222917 -0.0103789 0.03390302 0.1350881
-0.05638918 0.002719974 0.003874772 3333004 -0.0103789 0.03390302 0.1350881
-0.05746871 0.002410745 0.004124933 3443108 -0.01144186 0.03385825 0.1352693
-0.05850198 0.00226233 0.00433182 3583226 -0.01239711 0.0338821 0.1354073
-0.05850198 0.00226233 0.00433182 3663302 -0.01239711 0.0338821 0.1354073
-0.05961725 0.002247131 0.004527204 3783431 -0.01318568 0.03394674 0.135468
-0.0602639 0.002272284 0.004518681 3893510 -0.01368204 0.03403311 0.1353912
-0.0602639 0.002272284 0.004518681 4003759 -0.01368204 0.03403311 0.1353912
-0.06058508 0.002507961 0.004341297 4123718 -0.01398278 0.03423996 0.1352136
-0.06060842 0.002573169 0.004173272 4223804 -0.01412016 0.03450789 0.1350368
-0.06060842 0.002573169 0.004173272 4363935 -0.01412016 0.03450789 0.1350368
-0.06035282 0.002602494 0.00400626 4454016 -0.01415447 0.03487499 0.1348896
-0.05992106 0.002485192 0.003893964 4564115 -0.01417786 0.03528665 0.1348057
-0.05992106 0.002485192 0.003893964 4674215 -0.01417786 0.03528665 0.1348057
-0.05927216 0.002500212 0.003799789 4794327 -0.01415777 0.03575574 0.1348151
-0.05879227 0.00293318 0.003738814 4894413 -0.01415932 0.03627981 0.1348958
-0.05879227 0.00293318 0.003738814 5014542 -0.01415932 0.03627981 0.1348958
-0.05841877 0.003467297 0.003824644 5124621 -0.0142231 0.03687938 0.135113
-0.05791546 0.003632938 0.004200869 5234716 -0.01434902 0.03752263 0.1355771
-0.05791546 0.003632938 0.004200869 5344816 -0.01434902 0.03752263 0.1355771
-0.057661 0.003667926 0.004891567 5464944 -0.0146986 0.03820957 0.1362969
-0.05726898 0.003397738 0.005887144 5565018 -0.01514915 0.03884982 0.1373228
-0.05726898 0.003397738 0.005887144 5685135 -0.01514915 0.03884982 0.1373228
-0.05710832 0.003551816 0.006975584 5805239 -0.01579833 0.03967614 0.1384852
-0.05695098 0.003660297 0.008124821 5895317 -0.01655006 0.04050027 0.1397183
-0.05695098 0.003660297 0.008124821 6015429 -0.01655006 0.04050027 0.1397183
