0.05562687 0.003800869 0.00204731 0 0.06245529 -0.01459467 0.1431899
0.05562687 0.003800869 0.00204731 130126 0.06245529 -0.01459467 0.1431899
0.05575639 0.004700899 0.001967857 220195 0.06249927 -0.0139991 0.1430745
0.0558042 0.005904913 0.001866326 330294 0.06246083 -0.01317716 0.1429259
0.0558042 0.005904913 0.001866326 440393 0.06246083 -0.01317716 0.1429259
0.05559075 0.007555962 0.001680349 560502 0.06221711 -0.01199043 0.1426778
0.05531919 0.00965035 0.001513502 660592 0.06188093 -0.01041257 0.1424414
0.05531919 0.00965035 0.001513502 780700 0.06188093 -0.01041257 0.1424414
0.05459786 0.01210308 0.001268087 890800 0.06129919 -0.00842464 0.1421225
0.05324734 0.01503277 0.001148615 1000899 0.06049715 -0.005894303 0.141917
0.05324734 0.01503277 0.001148615 1111003 0.06049715 -0.005894303 0.141917
0.05119068 0.0186491 0.001262043 1231111 0.05929207 -0.003079295 0.1418625
0.04903263 0.02235985 0.001519723 1331197 0.05802744 -6.949902E-05 0.1419557
0.04903263 0.02235985 0.001519723 1451306 0.05802744 -6.949902E-05 0.1419557
0.0464536 0.02638447 0.001924578 1561405 0.05643015 0.003149033 0.1421631
0.04302687 0.0306921 0.00257045 1671504 0.05447816 0.006526709 0.1425389
0.04302687 0.0306921 0.00257045 1781604 0.05447816 0.006526709 0.1425389
0.03926516 0.03470051 0.003313155 1891918 0.05234491 0.009834409 0.1430159
0.03484506 0.03892684 0.00425846 2001948 0.04989551 0.01315606 0.1435983
0.03484506 0.03892684 0.00425846 2121935 0.04989551 0.01315606 0.1435983
0.02997703 0.0424546 0.005195854 2232010 0.04728304 0.01626909 0.1441961
0.02457291 0.04562962 0.006136536 2362128 0.04430472 0.01905763 0.1447397
0.02457291 0.04562962 0.006136536 2452213 0.04430472 0.01905763 0.1447397
0.01896781 0.04859805 0.007134455 2562316 0.04071366 0.02136397 0.1453071
0.01293701 0.0506562 0.007870967 2672424 0.0367 0.02318823 0.1456646
0.01293701 0.0506562 0.007870967 2792516 0.0367 0.02318823 0.1456646
0.006819786 0.05190861 0.008535353 2902615 0.03255032 0.0244329 0.1459736
0.0002495065 0.05257678 0.00922203 3012715 0.02816998 0.02524936 0.1462618
0.0002495065 0.05257678 0.00922203 3122814 0.02816998 0.02524936 0.1462618
-0.006330429 0.05220544 0.009752841 3242939 0.02374863 0.02551174 0.1464604
-0.01292723 0.05116701 0.01017797 3343013 0.01907657 0.02512801 0.1465743
-0.01292723 0.05116701 0.01017797 3493152 0.01907657 0.02512801 0.1465743
-0.01928782 0.04889178 0.01037332 3573221 0.01436984 0.02401555 0.1465885
-0.02560258 0.04625475 0.01063244 3683324 0.009545197 0.02234054 0.1466434
-0.02560258 0.04625475 0.01063244 3793419 0.009545197 0.02234054 0.1466434
-0.03172815 0.04234028 0.01083433 3913528 0.005104889 0.0199858 0.1466646
-0.03787559 0.03697968 0.01103124 4013618 0.0009362592 0.01694334 0.1466721
-0.04323977 0.03134251 0.01126422 4133726 -0.002833317 0.01327062 0.1467152
-0.04323977 0.03134251 0.01126422 4243842 -0.002833317 0.01327062 0.1467152
-0.04795456 0.02474928 0.01157643 4353925 -0.006373655 0.00883472 0.1469426
-0.04795456 0.02474928 0.01157643 4464033 -0.006373655 0.00883472 0.1469426
-0.05166733 0.01785517 0.01154461 4594146 -0.009403835 0.004019499 0.1469278
-0.05406862 0.01075232 0.01109043 4684223 -0.01182355 -0.001131296 0.1466647
-0.05580562 0.003329396 0.01040864 4794335 -0.01367355 -0.00651896 0.146181
-0.05580562 0.003329396 0.01040864 4914431 -0.01367355 -0.00651896 0.146181
-0.05697095 -0.004267573 0.009684317 5024550 -0.01498825 -0.01197624 0.1456412
-0.05723786 -0.01126373 0.009239856 5134630 -0.01596994 -0.01748288 0.1454916
-0.05723786 -0.01126373 0.009239856 5244729 -0.01596994 -0.01748288 0.1454916
-0.05690736 -0.01868689 0.008439533 5354832 -0.01638604 -0.02297342 0.1449895
-0.05690736 -0.01868689 0.008439533 5474933 -0.01638604 -0.02297342 0.1449895
-0.05627376 -0.02632129 0.007554375 5575031 -0.01630498 -0.02830756 0.1443199
-0.05388039 -0.03257883 0.006552234 5715162 -0.01538105 -0.03320801 0.1437516
-0.05131209 -0.03891087 0.005687319 5805235 -0.01405651 -0.03786826 0.1432271
-0.05131209 -0.03891087 0.005687319 5915334 -0.01405651 -0.03786826 0.1432271
-0.04816002 -0.04392982 0.004997105 6025433 -0.0122701 -0.04212892 0.1428917
-0.04464781 -0.04884875 0.004078734 6135533 -0.0100478 -0.04605556 0.1422861
-0.04464781 -0.04884875 0.004078734 6255649 -0.0100478 -0.04605556 0.1422861
-0.04128831 -0.0533607 0.003204474 6365757 -0.007635604 -0.04950416 0.14162
-0.03694027 -0.05688965 0.00211342 6475840 -0.004754196 -0.05241239 0.1408587
-0.03694027 -0.05688965 0.00211342 6585935 -0.004754196 -0.05241239 0.1408587
-0.03205728 -0.0594939 0.001038324 6696035 -0.001484464 -0.05481124 0.1401412
-0.02684533 -0.06113017 -7.045759E-05 6836165 0.001922836 -0.05680358 0.1394283
-0.02684533 -0.06113017 -7.045759E-05 6926254 0.001922836 -0.05680358 0.1394283
-0.02139711 -0.06203842 -0.001076764 7036350 0.005625417 -0.05819225 0.1387847
-0.01637405 -0.06239855 -0.002054693 7146445 0.009408583 -0.05888927 0.1380495
-0.01637405 -0.06239855 -0.002054693 7256544 0.009408583 -0.05888927 0.1380495
-0.01022064 -0.06190372 -0.003289902 7366648 0.01370894 -0.05892682 0.137155
-0.004522857 -0.06067395 -0.004269199 7476739 0.01801067 -0.05834901 0.1364187
-0.004522857 -0.06067395 -0.004269199 7596852 0.01801067 -0.05834901 0.1364187
0.001431527 -0.05872822 -0.005203244 7706951 0.02238535 -0.05722558 0.1357397
0.006953183 -0.0563885 -0.005904369 7817054 0.02670239 -0.05553675 0.1352179
0.006953183 -0.0563885 -0.005904369 7927150 0.02670239 -0.05553675 0.1352179
0.01241702 -0.05300868 -0.0064461 8037253 0.03097712 -0.0534898 0.1348392
0.0180471 -0.04912376 -0.006938609 8157556 0.03502165 -0.05116773 0.134532
0.0180471 -0.04912376 -0.006938609 8257448 0.03502165 -0.05116773 0.134532
0.02342451 -0.04502344 -0.007347702 8377617 0.03901779 -0.04826748 0.1342594
0.02833158 -0.04096258 -0.007473825 8487655 0.0430194 -0.04500008 0.1342097
0.02833158 -0.04096258 -0.007473825 8597755 0.0430194 -0.04500008 0.1342097
0.032821 -0.0365212 -0.007463028 8707854 0.04675399 -0.041713 0.1342591
0.03665507 -0.03192341 -0.007146323 8817954 0.0502327 -0.03821027 0.1345659
0.03665507 -0.03192341 -0.007146323 8938062 0.0502327 -0.03821027 0.1345659
0.04000658 -0.02722824 -0.006622401 9048169 0.05333577 -0.03474522 0.1350536
0.04320676 -0.02229047 -0.005853281 9158265 0.0561574 -0.03129911 0.1357708
0.04320676 -0.02229047 -0.005853281 9268372 0.0561574 -0.03129911 0.1357708
0.04605687 -0.01728702 -0.004942095 9378463 0.05866896 -0.02777421 0.1366107
0.04813415 -0.01241994 -0.003963999 9488559 0.06076633 -0.02430058 0.1374769
0.04813415 -0.01241994 -0.003963999 9608663 0.06076633 -0.02430058 0.1374769
0.0500573 -0.00769937 -0.002883425 9708757 0.06279778 -0.0210067 0.1384207
0.05117655 -0.003303885 -0.001771785 9828866 0.06435954 -0.01795077 0.1393591
0.05117655 -0.003303885 -0.001771785 9938969 0.06435954 -0.01795077 0.1393591
0.05187726 0.0006912947 -0.000742385 10049089 0.06552362 -0.01512969 0.1402176
0.05219639 0.004127145 0.0001603944 10159164 0.06633162 -0.01264739 0.1409619
0.05219639 0.004127145 0.0001603944 10289281 0.06633162 -0.01264739 0.1409619
0.0525024 0.00688231 0.0008442571 10389376 0.06683087 -0.01048148 0.1415548
0.05220795 0.009459972 0.001385562 10499475 0.06691229 -0.008616567 0.1419675
0.05220795 0.009459972 0.001385562 10609570 0.06691229 -0.008616567 0.1419675
0.0522756 0.0111717 0.001838671 10719682 0.06707548 -0.007147193 0.1423792
0.05176825 0.01284969 0.002323972 10829769 0.06685799 -0.006040454 0.142758
0.05176825 0.01284969 0.002323972 10939868 0.06685799 -0.006040454 0.142758
0.05168599 0.01361239 0.002612464 11049968 0.06682234 -0.005348921 0.1430319
0.05159909 0.01428533 0.002945097 11160156 0.06680136 -0.00481236 0.1433389
0.05159909 0.01428533 0.002945097 11280176 0.06680136 -0.00481236 0.1433389
0.0518089 0.01449823 0.003251139 11400280 0.06693118 -0.004519343 0.1436645
0.0520351 0.01458502 0.003596533 11500374 0.06712484 -0.004487395 0.1440059
0.0520351 0.01458502 0.003596533 11610490 0.06712484 -0.004487395 0.1440059
0.05262757 0.01443481 0.003956411 11760609 0.06751012 -0.00472033 0.1443767
0.05300808 0.0143075 0.004426334 11830672 0.06783509 -0.005126119 0.1448142
0.05300808 0.0143075 0.004426334 11940772 0.06783509 -0.005126119 0.1448142
0.05373871 0.01378667 0.004938029 12060884 0.06829392 -0.005807757 0.145332
0.05431956 0.01340961 0.005709254 12170983 0.06870704 -0.006633282 0.1460571
0.05431956 0.01340961 0.005709254 12281087 0.06870704 -0.006633282 0.1460571
0.05498475 0.01309764 0.006861704 12391178 0.06910288 -0.007650375 0.1471345
0.05621922 0.01278996 0.008144905 12511303 0.06973242 -0.0088557 0.1483416
0.05621922 0.01278996 0.008144905 12621390 0.06973242 -0.0088557 0.1483416
0.05715436 0.01301444 0.009827883 12731493 0.07043963 -0.009902 0.1498443
0.05837518 0.01272452 0.01152354 12851598 0.07140826 -0.0111599 0.1514018
