0.1416358 0.005565763 0.03342029 0 0.08637367 -0.0203141 0.1621937
0.1419351 0.005987644 0.03342487 110116 0.08665942 -0.01999819 0.1621711
0.1421867 0.006542802 0.03336471 220199 0.08695196 -0.01952767 0.1621114
0.142454 0.007286906 0.03316506 350317 0.08729099 -0.0188688 0.1619252
0.142454 0.007286906 0.03316506 450411 0.08729099 -0.0188688 0.1619252
0.1428661 0.008586287 0.03314453 560510 0.08763169 -0.01789701 0.161807
0.1431408 0.01057398 0.0333128 670606 0.08791797 -0.01660883 0.1618343
0.1431408 0.01057398 0.0333128 790791 0.08791797 -0.01660883 0.1618343
0.1427648 0.01247191 0.03330176 900813 0.08793114 -0.01510763 0.1619054
0.1427648 0.01247191 0.03330176 1000900 0.08793114 -0.01510763 0.1619054
0.1423407 0.01575446 0.03370374 1121008 0.08783798 -0.01299202 0.1621924
0.1417601 0.01988196 0.03430649 1231111 0.08762835 -0.01033616 0.1626142
0.1410177 0.02455509 0.03507747 1341215 0.08733748 -0.007275581 0.1631848
0.1410177 0.02455509 0.03507747 1471332 0.08733748 -0.007275581 0.1631848
0.1398426 0.03005409 0.03595706 1561409 0.08667015 -0.003550887 0.1638228
0.1386571 0.03631198 0.03713896 1681518 0.08590649 0.0005918741 0.1646054
0.1386571 0.03631198 0.03713896 1791617 0.08590649 0.0005918741 0.1646054
0.1367447 0.04399741 0.03860027 1901717 0.08477722 0.005358577 0.1655359
0.1341252 0.05138826 0.03996161 2011824 0.0832182 0.01025641 0.1665432
0.1341252 0.05138826 0.03996161 2121915 0.0832182 0.01025641 0.1665432
0.1312203 0.05948901 0.04162367 2242024 0.08137845 0.0155865 0.1676975
0.1278824 0.06781936 0.04344786 2352135 0.07905315 0.02118528 0.1689358
0.1278824 0.06781936 0.04344786 2462222 0.07905315 0.02118528 0.1689358
0.1239284 0.07600248 0.04514639 2572322 0.07634877 0.02686846 0.1701595
0.1194313 0.0845294 0.04694472 2682425 0.07322709 0.03273189 0.1713973
0.1194313 0.0845294 0.04694472 2792516 0.07322709 0.03273189 0.1713973
0.1140831 0.09278738 0.04859371 2912629 0.06962715 0.03844869 0.1725987
0.1082528 0.1008899 0.05025515 3042750 0.06554936 0.04411399 0.1737831
0.1082528 0.1008899 0.05025515 3132836 0.06554936 0.04411399 0.1737831
0.1017233 0.1086792 0.05192059 3242927 0.06105309 0.04951191 0.1750117
0.0944531 0.1163311 0.05367667 3353030 0.05600004 0.05468142 0.1762611
0.0944531 0.1163311 0.05367667 3473135 0.05600004 0.05468142 0.1762611
0.08647275 0.1233293 0.05523456 3573225 0.0504757 0.05943501 0.1774147
0.07791758 0.129485 0.05647554 3693333 0.0445386 0.06364167 0.1783638
0.07791758 0.129485 0.05647554 3803433 0.0445386 0.06364167 0.1783638
0.06887716 0.1348938 0.05745871 3913540 0.0382515 0.06738389 0.1791581
0.05957716 0.139557 0.05827696 4023631 0.03169118 0.07053924 0.1797889
0.04963165 0.1433415 0.0588988 4163956 0.02478604 0.07306957 0.1803516
0.04963165 0.1433415 0.0588988 4243838 0.02478604 0.07306957 0.1803516
0.03967118 0.1466593 0.05975398 4363939 0.01776897 0.07502842 0.1809793
0.03967118 0.1466593 0.05975398 4474054 0.01776897 0.07502842 0.1809793
0.0291484 0.1490684 0.06037527 4584145 0.01049708 0.07634008 0.1814908
0.01842069 0.150452 0.06078061 4694249 0.003028737 0.07698882 0.1819107
0.01842069 0.150452 0.06078061 4804356 0.003028737 0.07698882 0.1819107
0.007542309 0.1507607 0.06083652 4934664 -0.004696979 0.07700813 0.1821502
-0.003614131 0.1502265 0.06079339 5034544 -0.01257546 0.07640648 0.1823522
-0.003614131 0.1502265 0.06079339 5144643 -0.01257546 0.07640648 0.1823522
-0.01494676 0.1487651 0.06058386 5254751 -0.02059252 0.07517219 0.1824792
-0.02645272 0.146239 0.06010062 5364862 -0.02863757 0.07323241 0.1824587
-0.02645272 0.146239 0.06010062 5475164 -0.02863757 0.07323241 0.1824587
-0.03814537 0.1428251 0.05960083 5585041 -0.03664093 0.07061934 0.1824435
-0.04940182 0.1382288 0.05873923 5715158 -0.0443304 0.06727612 0.1822149
-0.04940182 0.1382288 0.05873923 5815248 -0.0443304 0.06727612 0.1822149
-0.06014899 0.13248 0.05756009 5915339 -0.05170159 0.06323147 0.181816
-0.07048377 0.1256181 0.05612186 6035569 -0.05868535 0.05850875 0.1812753
-0.07048377 0.1256181 0.05612186 6145550 -0.05868535 0.05850875 0.1812753
-0.08018801 0.1178848 0.05461212 6255646 -0.06529792 0.05310738 0.1806614
-0.08892569 0.1095419 0.05292396 6365745 -0.07120104 0.04713094 0.1797978
-0.08892569 0.1095419 0.05292396 6485853 -0.07120104 0.04713094 0.1797978
-0.09698153 0.1007211 0.05107892 6595965 -0.07655938 0.04063058 0.1786654
-0.1041289 0.09071481 0.04890454 6706064 -0.08143415 0.03347266 0.1774134
-0.1041289 0.09071481 0.04890454 6816151 -0.08143415 0.03347266 0.1774134
-0.1098399 0.07913852 0.04603515 6936264 -0.08553626 0.02562952 0.1758518
-0.1150233 0.06796706 0.04346079 7036350 -0.08918227 0.01769066 0.1742689
-0.1150233 0.06796706 0.04346079 7146450 -0.08918227 0.01769066 0.1742689
-0.1194926 0.05670881 0.04084674 7266562 -0.09220918 0.00950563 0.1725044
-0.1235429 0.04513097 0.03828729 7376657 -0.09486546 0.001068234 0.1707347
-0.1235429 0.04513097 0.03828729 7486757 -0.09486546 0.001068234 0.1707347
-0.1270585 0.03275692 0.03570031 7617056 -0.0972326 -0.007697105 0.1690425
-0.1291362 0.02009344 0.03276792 7706955 -0.09885658 -0.01663029 0.1670838
-0.1291362 0.02009344 0.03276792 7817059 -0.09885658 -0.01663029 0.1670838
-0.1301582 0.006935716 0.02982576 7937163 -0.09985466 -0.025684 0.1651915
-0.1308633 -0.006092668 0.02696321 8047262 -0.1004628 -0.0347774 0.1631955
-0.1308633 -0.006092668 0.02696321 8157362 -0.1004628 -0.0347774 0.1631955
-0.1308374 -0.0189271 0.02426913 8267465 -0.1004993 -0.04377592 0.1612669
-0.1298616 -0.03133178 0.0217128 8377561 -0.0998698 -0.05265749 0.1593789
-0.1298616 -0.03133178 0.0217128 8487660 -0.0998698 -0.05265749 0.1593789
-0.1282121 -0.04385567 0.0192553 8607780 -0.09866871 -0.0615375 0.1575332
-0.1257593 -0.05594802 0.01695561 8707952 -0.09691866 -0.07025385 0.1557714
-0.1257593 -0.05594802 0.01695561 8827967 -0.09691866 -0.07025385 0.1557714
-0.1224124 -0.06791377 0.01475897 8938066 -0.09465869 -0.0787667 0.1541082
-0.1181643 -0.07939649 0.01271567 9048166 -0.09174479 -0.08698356 0.1525395
-0.1181643 -0.07939649 0.01271567 9158265 -0.09174479 -0.08698356 0.1525395
-0.1129192 -0.09014153 0.01077261 9278386 -0.08812732 -0.09480262 0.151022
-0.10697 -0.1005181 0.008980209 9378464 -0.08388997 -0.1023351 0.149587
-0.10697 -0.1005181 0.008980209 9498592 -0.08388997 -0.1023351 0.149587
-0.1003102 -0.1101589 0.007273576 9608672 -0.07912792 -0.1094539 0.1481887
-0.09294754 -0.1190728 0.005698436 9718771 -0.07384933 -0.1160573 0.1468806
-0.09294754 -0.1190728 0.005698436 9828886 -0.07384933 -0.1160573 0.1468806
-0.08509463 -0.1271533 0.004459506 9948979 -0.06818689 -0.1220716 0.1458616
-0.07662046 -0.1345519 0.003417444 10059167 -0.06214068 -0.1275195 0.1450053
-0.07662046 -0.1345519 0.003417444 10169185 -0.06214068 -0.1275195 0.1450053
-0.06788421 -0.1407564 0.002608528 10299307 -0.05578018 -0.1322309 0.1443373
-0.05837676 -0.1461883 0.001967999 10389376 -0.04904647 -0.1363579 0.143822
-0.04827079 -0.1506933 0.001611804 10499475 -0.04189725 -0.139816 0.143553
-0.04827079 -0.1506933 0.001611804 10609583 -0.04189725 -0.139816 0.143553
-0.03764319 -0.154321 0.001459651 10729683 -0.03439049 -0.1425983 0.1434394
-0.03764319 -0.154321 0.001459651 10839799 -0.03439049 -0.1425983 0.1434394
-0.02670035 -0.1567215 0.001624898 10949882 -0.0265593 -0.1447493 0.143621
-0.01557988 -0.1580784 0.002048214 11069994 -0.01856236 -0.1461416 0.1440161
-0.01557988 -0.1580784 0.002048214 11170081 -0.01856236 -0.1461416 0.1440161
-0.004176853 -0.1587132 0.002811074 11280184 -0.01046337 -0.1469092 0.1446821
0.007412435 -0.1582842 0.003807094 11390279 -0.002270709 -0.1469535 0.1455255
0.01933623 -0.1571504 0.005114842 11510384 0.006082286 -0.146437 0.1465921
0.01933623 -0.1571504 0.005114842 11620487 0.006082286 -0.146437 0.1465921
0.03097737 -0.1553813 0.006768468 11730595 0.01418721 -0.1452762 0.1479146
0.03097737 -0.1553813 0.006768468 11840702 0.01418721 -0.1452762 0.1479146
0.04296011 -0.1533179 0.008701595 11960960 0.02246164 -0.1438822 0.1494035
0.05417496 -0.1498673 0.01052362 12060884 0.03032594 -0.1417 0.1507761
0.06545901 -0.146521 0.01271836 12191269 0.03812091 -0.139311 0.1523854
0.06545901 -0.146521 0.01271836 12281095 0.03812091 -0.139311 0.1523854
0.0764516 -0.1421851 0.01492347 12401192 0.0456851 -0.1363882 0.1539417
0.08676529 -0.1369944 0.01725659 12511291 0.05286335 -0.1329439 0.1556058
0.08676529 -0.1369944 0.01725659 12631399 0.05286335 -0.1329439 0.1556058
0.09587574 -0.1314965 0.0194992 12741519 0.0592935 -0.1291585 0.1572037
0.1041401 -0.1257985 0.02168496 12851598 0.06523995 -0.1251103 0.1587709
0.1041401 -0.1257985 0.02168496 12961697 0.06523995 -0.1251103 0.1587709
0.1119747 -0.1195353 0.02378891 13071797 0.07056944 -0.1207737 0.1601352
0.1187078 -0.113312 0.02576897 13181896 0.07529341 -0.1162444 0.1614629
0.1187078 -0.113312 0.02576897 13302005 0.07529341 -0.1162444 0.1614629
0.1245192 -0.1062809 0.02758283 13412104 0.07962058 -0.1114045 0.1627276
0.1294614 -0.0988878 0.02939268 13522203 0.08323734 -0.1064285 0.1639762
0.1294614 -0.0988878 0.02939268 13662330 0.08323734 -0.1064285 0.1639762
0.1333379 -0.09128046 0.03098584 13732393 0.0863304 -0.1012645 0.1651382
0.1368759 -0.0836947 0.03248867 13852501 0.0889437 -0.09601295 0.1661188
0.1368759 -0.0836947 0.03248867 13962601 0.0889437 -0.09601295 0.1661188
0.1395864 -0.07585108 0.03386709 14072696 0.09106193 -0.09062064 0.1670342
0.1414662 -0.06864214 0.03501681 14192808 0.09263586 -0.0853976 0.1678366
0.1414662 -0.06864214 0.03501681 14302908 0.09263586 -0.0853976 0.1678366
0.1425487 -0.0611577 0.03606587 14433029 0.09373759 -0.08010221 0.1685982
0.1432784 -0.05332291 0.03715273 14523106 0.09455995 -0.07484758 0.1693248
0.1432784 -0.05332291 0.03715273 14633206 0.09455995 -0.07484758 0.1693248
0.1444665 -0.04626286 0.03834442 14743305 0.09539942 -0.06974888 0.1700527
0.145142 -0.03951287 0.0394098 14863414 0.09593444 -0.06485188 0.1707217
0.145142 -0.03951287 0.0394098 14963504 0.09593444 -0.06485188 0.1707217
0.1454504 -0.03248346 0.04049754 15083616 0.09626947 -0.0599947 0.1713815
0.1453292 -0.02618384 0.04158148 15193716 0.09623878 -0.05552852 0.1721007
0.1453292 -0.02618384 0.04158148 15303823 0.09623878 -0.05552852 0.1721007
0.1452399 -0.01989448 0.04284741 15423919 0.09610115 -0.05122936 0.1728849
0.1449074 -0.01414633 0.04408699 15534027 0.09577309 -0.04722917 0.1736925
0.1449074 -0.01414633 0.04408699 15634109 0.09577309 -0.04722917 0.1736925
0.1445401 -0.009009004 0.04533629 15744212 0.09527056 -0.04353583 0.1745131
0.1439225 -0.004324913 0.04647218 15864317 0.0947486 -0.04019201 0.1753199
0.1439225 -0.004324913 0.04647218 15984433 0.0947486 -0.04019201 0.1753199
0.143199 -0.0001695156 0.04760516 16084516 0.09410827 -0.0371474 0.1761703
0.1424105 0.003503203 0.04862519 16194712 0.09334944 -0.03451514 0.1768978
0.1424105 0.003503203 0.04862519 16324736 0.09334944 -0.03451514 0.1768978
0.1410946 0.006346345 0.04936653 16424823 0.09238188 -0.03242981 0.177545
0.1399662 0.009095669 0.05019869 16534918 0.09135066 -0.03064311 0.178119
0.1399662 0.009095669 0.05019869 16645029 0.09135066 -0.03064311 0.178119
0.1388897 0.0114466 0.05106907 16755121 0.09028517 -0.02921343 0.1787038
0.1380896 0.01294136 0.05189284 16865220 0.08932041 -0.02824891 0.1792945
0.1380896 0.01294136 0.05189284 16975319 0.08932041 -0.02824891 0.1792945
0.137673 0.01421487 0.05292389 17085419 0.08853243 -0.02754295 0.1799977
0.1374708 0.01512194 0.05420006 17205531 0.08786605 -0.02722394 0.1808983
0.1374708 0.01512194 0.05420006 17315627 0.08786605 -0.02722394 0.1808983
0.1377927 0.01553619 0.05581476 17425726 0.08731578 -0.0272578 0.182017
0.1381747 0.01566672 0.0578869 17535821 0.08670186 -0.02752018 0.1835518
0.1381747 0.01566672 0.0578869 17655934 0.08670186 -0.02752018 0.1835518
0.1386175 0.01548588 0.06050506 17786051 0.08604823 -0.0281508 0.1855593
0.1392336 0.01522458 0.06390326 17876149 0.08527832 -0.02907526 0.1881312
0.1392336 0.01522458 0.06390326 17986232 0.08527832 -0.02907526 0.1881312
0.1398936 0.01451087 0.06791257 18096331 0.08442174 -0.03042471 0.1912411
0.1403598 0.01327956 0.07239103 18206430 0.08338116 -0.03223622 0.1948165
0.1403598 0.01327956 0.07239103 18316530 0.08338116 -0.03223622 0.1948165
0.1409574 0.01119387 0.07742305 18426629 0.08231936 -0.03474605 0.1989029
0.1416003 0.008029103 0.08299279 18566760 0.0812342 -0.03806174 0.2035657
0.1416003 0.008029103 0.08299279 18656841 0.0812342 -0.03806174 0.2035657
0.1421944 0.004032493 0.08908824 18766936 0.08013164 -0.04222608 0.2087319
0.1430599 -0.001058817 0.09564933 18877165 0.07913409 -0.0473839 0.2142821
